generation s h r distopt trait[0] trait[1] trait[2] trait[3] trait[4] trait[5] trait[6] trait[7] trait[8] trait[9] 
2 -0.000136042 0.472216 0.00388963 0.05 0.00120922  0.000590964  -0.00136705  -0.00120328  0.00168229  -3.20832e-05  -0.00064216  0.00194598  -0.00142947  0.000962994 
4 0.00598645 1.23041 0.131977 0.151254 -0.0779499  0.0377351  -0.0430741  -0.0115006  0.0239854  0.00760876  -0.0188782  0.0241396  0.0787836  0.0122914 
7 0.00285362 0.517548 0.0142854 0.247764 -0.00340756  -0.00826298  0.00588028  -0.00582021  0.00218676  0.000314058  0.00245631  -0.00325446  -0.00325828  0.00485914 
8 0.0321119 0.553521 0.0852044 0.288137 -0.0639534  -0.0151714  -0.00126392  0.0140617  -0.0165937  -0.0272315  -0.0318919  -0.0243041  -0.0104785  -0.00240072 
9 0.00237239 1.60921 0.102481 0.272957 -0.0365648  -0.0577416  -0.0553059  -0.0182473  -0.0043129  -0.000325672  0.0035568  0.0298475  0.0328074  -0.021003 
10 0.00676328 0.524824 0.026305 0.310756 -0.010502  0.00730984  0.0122751  9.74311e-05  0.0132961  -0.004739  -0.00658328  -0.0055348  0.00331031  0.00966266 
11 -2.06732e-06 -4619.66 0.194998 0.34382 -0.064544  -0.00319626  -0.0161206  -0.0338185  0.046646  -0.102607  -0.00792837  -0.0980979  -0.0249384  -0.0971212 
13 0.0041648 0.518872 0.0179543 0.420799 -0.00518286  -0.00488331  0.00761445  -0.00561492  0.00605256  0.00876683  -0.0081761  0.000567344  -0.000591601  -0.00106228 
17 0.0469517 0.522551 0.0720313 0.590387 -0.0322881  0.00880654  -0.015525  0.0177796  0.00513908  0.0522337  -0.0029316  0.00388704  0.00452665  0.0266893 
19 0.0995031 0.550159 0.153199 0.643458 -0.0613138  -0.0246751  0.0792091  -0.00237407  -0.0746101  -0.00338163  0.0306431  0.0738669  -0.0272213  -0.0103727 
22 0.0420243 0.526448 0.0721053 0.710866 -0.0313442  -0.00443142  0.0323667  -0.0348621  -0.0290916  0.00412774  0.0154506  0.0203345  0.00278742  0.0202673 
23 0.214931 0.524486 0.19464 0.730124 -0.171798  -0.0201877  -0.0303101  0.00800832  -0.00772361  -0.0795547  0.00912785  -0.0107336  0.0197774  0.00132822 
25 0.0328183 0.78406 0.192462 0.675918 -0.0204248  0.0680512  -0.0439066  -0.0302885  -0.025546  0.0520908  -0.0676106  -0.00743572  -0.122661  0.0781666 
27 0.0061554 0.501287 0.00710035 0.747637 -0.00533497  0.000108039  -0.00245927  -0.00183033  -0.00138004  -0.000811725  -0.00279115  0.0014719  -9.18533e-05  -0.0001203 
34 0.0559097 0.499116 0.0358787 1.08487 -0.0264971  -0.0109271  0.00919148  -0.00156682  0.00134073  -0.00391053  -0.00322029  -0.0158264  -0.00126402  0.00996547 
35 0.0807646 0.526712 0.106309 1.10863 -0.040591  -0.0118164  -0.0132456  0.0249346  -0.0697216  0.0322139  -0.0266443  -0.0220509  0.0251697  -0.0314414 
36 0.132383 0.574746 0.211365 1.12198 -0.0888561  -0.00836958  0.0727314  -0.0527051  0.00114988  0.062987  -0.145986  -0.0355757  -0.00988792  0.0447011 
39 0.0393655 0.503508 0.0358751 1.20839 -0.0154307  -0.0127313  0.00226908  -0.00825522  -0.00805928  0.0175012  0.0137449  0.0134131  -0.00346437  -0.00783912 
41 0.0343345 0.839785 0.21491 1.28866 -0.0257919  0.0587516  -0.0583543  -0.0545327  0.0289416  -0.0793196  0.0437534  0.0683843  -0.135263  0.0606176 
42 0.0718026 0.525947 0.0979349 1.27549 -0.0236747  -0.0447956  -0.0121375  0.00209538  -0.0276348  0.0589479  0.00867151  0.000784501  0.022585  -0.0452545 
43 0.0526131 0.5231 0.0777718 1.24802 -0.020911  0.0251496  0.00556155  -0.0090203  -0.0139451  -0.0473076  0.0448255  -0.0091463  -0.0178983  0.00453601 
44 0.0472701 0.538572 0.0904705 1.2273 -0.0273274  0.0376526  -0.0174202  0.0268186  -0.0531275  -0.0398063  0.00896243  0.0040262  -0.000763107  0.0222155 
47 0.445779 0.856623 0.745947 1.20834 -0.297014  0.34359  0.0536757  0.206941  0.517975  0.0646894  -0.148584  -0.0769948  0.00758475  0.0625678 
50 0.0936904 0.678545 0.259656 1.04472 -0.0404318  -0.190268  -0.0161381  0.131325  -0.00984154  -0.0748382  -0.0304176  0.0133492  -0.0210737  0.0695174 
51 0.149951 0.563529 0.212235 1.00094 -0.131124  -0.0170698  -0.0223489  0.0112346  0.0689638  -0.00963536  -0.0750639  0.0648746  0.0374522  -0.104108 
52 0.102646 0.51383 0.100844 0.928523 -0.0293219  0.0264602  0.000389964  0.00535329  -0.054761  0.0678031  0.0172108  0.0111798  0.0143342  -0.0189221 
53 0.0836687 0.518692 0.0960587 0.874324 -0.0360932  -0.0128335  -0.0566774  -0.0162423  -0.0351497  0.0175843  0.0305294  0.00682233  -0.0381879  -0.0173812 
54 0.0591684 1.18499 0.395084 0.827098 -0.0632165  -0.275348  0.0603107  -0.123168  0.021709  -0.00818018  0.0264672  0.222072  0.0251387  0.0792734 
56 0.0403905 0.720095 0.188383 0.791585 -0.09206  0.0504726  -0.0856995  0.00331525  0.061782  0.0139335  0.0683544  0.0370275  -0.0790627  -0.0283673 
58 0.00806341 1.4854 0.177659 0.766166 0.0613303  0.0128555  0.016327  -0.0603904  -0.118799  -0.0365879  -0.00514716  -0.0231259  0.0189203  0.0857409 
59 0.0231086 0.559453 0.0754323 0.760907 -0.00636009  -0.0100752  -0.0310941  -0.0328248  -0.00120202  -0.0122937  0.0531079  0.0100766  0.0075401  -0.019296 
60 0.102369 0.806609 0.349907 0.745744 -0.102419  -0.0410996  0.196022  -0.0124065  -0.134876  -0.123293  -0.135283  -0.00378495  0.0167659  -0.140313 
61 0.0667347 0.525854 0.0935913 0.677253 -0.0274612  0.044516  -0.0453425  -0.00669767  -0.0193043  0.0459874  0.0197402  0.00949826  0.0210818  -0.0226036 
62 0.0246311 0.545114 0.0684425 0.62775 -0.00225815  0.0352374  -0.0134059  0.0136328  -0.0174038  0.012796  -0.0216574  -0.0446343  0.0119595  0.00105045 
63 0.105514 0.636054 0.24332 0.60806 -0.047118  0.0455209  -0.0471008  0.102094  0.0521193  -0.0950458  0.157499  -0.0546288  0.0359762  -0.037897 
64 0.045677 0.958014 0.286332 0.519064 -0.0696012  -0.00705597  0.117379  0.139075  -0.0285597  0.194168  -0.0462478  0.0102617  0.00121952  -0.0566569 
65 0.0166303 1.01839 0.184905 0.474091 -0.0560785  0.0903677  -0.0561416  0.081445  -0.0252451  -0.0232667  0.0527378  -0.0466936  0.0566108  -0.061225 
69 0.0155651 0.539171 0.0503837 0.456365 -0.00762305  0.00862444  -0.0137069  -0.00705182  -0.0373924  0.0021796  -0.00742956  -0.0122378  0.00519992  0.0230971 
70 0.0313763 0.672892 0.147594 0.439117 -0.0558926  0.0479196  -0.00793486  -0.0855803  -0.00911875  -0.023047  -0.0336785  -0.0563365  0.0527055  -0.0357293 
73 0.0131121 0.931868 0.150084 0.402405 0.0252098  -0.0290181  -0.0319177  -0.0440859  -0.107492  0.0224399  -0.00660107  0.0381572  0.00354806  0.0671939 
76 0.0571388 0.532987 0.0941643 0.385879 -0.0462703  -0.0317238  0.0196344  -0.01969  0.0089552  -0.00965256  0.0688658  -0.00139831  -0.00505538  0.00173015 
79 0.0227729 0.673404 0.125861 0.305511 -0.034891  -0.0243588  -0.0589103  0.0018694  -0.0270866  0.0266133  0.0551988  -0.0106434  0.0182602  0.0749717 
80 0.0130061 0.65296 0.0893416 0.266119 -0.026115  -0.0382188  0.0379384  -0.0102775  0.036225  0.00412107  0.0078218  0.0443727  0.00664801  -0.0298456 
82 0.031987 0.664248 0.145351 0.240618 -0.0597283  -0.00175791  0.00293076  -0.0183794  0.0666991  0.0292435  0.0329259  -0.0852243  -0.0356288  -0.0478457 
85 0.0141665 0.840146 0.138537 0.162514 -0.00891555  -0.0450209  0.0996012  -0.0368337  -0.0369535  -0.0395646  0.0425229  -0.0120288  -0.017261  0.0250446 
87 0.00600981 0.977543 0.106991 0.111103 -0.0271861  0.0205866  -0.0243468  -0.0227947  0.0178688  0.0804186  0.00660932  0.00112971  0.0142686  0.0462247 
93 0.00141933 0.799771 0.0412472 0.0796993 0.0211257  -0.0122658  -0.00450557  0.0106923  0.0100766  -0.0150159  0.00418498  0.0029683  0.0243433  0.00490131 
95 0.0011889 0.631303 0.0249942 0.07024 0.0169099  -0.00725558  -0.000700566  -0.000195328  -5.57369e-05  -0.00572286  0.0132786  -0.00608681  -0.00628192  -6.56407e-05 
97 0.00273691 0.671426 0.0433294 0.0612002 0.00665269  0.00160101  -0.00167734  -0.0301338  0.00461646  -0.00086776  0.0102017  -0.0273851  -0.00551147  -0.0036456 
98 2.61447e-05 9.51526 0.0307031 0.0318167 -0.0175505  -0.00464079  -0.00589122  0.000977184  0.00229705  -0.000556776  0.00178435  -0.0103207  -0.000541013  0.0214915 
99 -3.22352e-05 -3.15915 0.0217208 0.0314031 0.00736657  0.00391824  0.00220444  0.00335677  0.0108786  -0.0100563  0.0041225  -0.0119494  0.00162891  -0.00203409 
100 -7.47913e-05 -1.55929 0.0248203 0.0319122 0.00239741  -0.00359707  0.00679943  -0.0177058  0.000212669  0.00244526  -0.00428037  -0.00850675  -0.0116202  -0.00242717 
102 -0.00089557 0.278072 0.0282079 0.0330634 0.00285711  -0.00358285  -0.00167829  0.0111656  0.00448174  0.00597614  -0.00175647  -0.00276169  -0.0224383  -0.00878714 
103 5.2931e-08 0.50006 3.55593e-06 0.0446 7.14173e-08  -2.39562e-06  3.60881e-08  -6.69445e-07  1.1898e-06  -1.66902e-06  -1.02716e-06  -2.89662e-08  1.08282e-06  -1.46412e-07 
104 0.000270724 1.14119 0.0263481 0.0445994 0.005394  0.00367327  0.00214043  -1.86808e-05  -0.00923972  -0.0012986  -0.0172585  0.0155166  -0.0046019  0.000440159 
105 -0.000169302 0.392215 0.00854476 0.0414538 -0.000245508  0.00226654  0.000685805  4.02511e-05  0.00513898  -0.00133334  -0.000232155  0.00176291  -0.00101733  -0.00591269 
106 -1.02577e-05 0.49727 0.000334744 0.0434481 0.000127811  7.0078e-05  -7.51412e-05  9.46862e-05  -0.000113836  0.000144211  -7.6687e-05  0.000137043  -0.000108111  -7.80398e-05 
108 0.000884906 0.808255 0.0330283 0.0435659 -0.0130546  -0.0108355  -0.000911019  -0.0175119  -0.00303757  -0.00472202  0.00128093  0.00530016  0.020827  -0.000721254 
109 -6.48763e-05 0.295482 0.00728539 0.0318351 -0.00405554  -0.00178434  0.00187493  0.00176296  -0.0021205  -0.00109103  -0.00255167  -0.00155175  -0.00285851  0.00201134 
111 4.01152e-05 1.34231 0.0116256 0.0328383 0.00864687  -0.00161176  -0.000614849  0.00123884  0.00151985  -0.000553783  -0.00405332  0.000367529  0.00370111  -0.00479543 
115 -6.17766e-05 0.284585 0.00729614 0.0322217 0.00356647  0.00142314  -0.00246538  -0.00023355  0.00332518  -5.82072e-05  0.00416224  0.00148746  -0.000117786  -0.00132101 
117 -0.000812454 0.284813 0.0264551 0.0331665 -0.00400134  0.00754847  -0.0153406  -0.0152971  0.00595948  0.00257677  -0.00742974  -0.00248839  0.00533411  -0.00505419 
118 -0.000446677 -1.16897 0.0546041 0.0437356 -0.0073529  -0.00909934  0.0121152  0.0213679  -0.0308015  -0.0238411  0.00833715  0.00027583  -0.0242019  -0.00830289 
119 -0.0001812 0.286791 0.0124323 0.0485755 -0.000374216  -0.00392653  -0.00189911  -7.44707e-05  -0.00701364  -0.00584647  0.00232514  -0.00217478  0.00637965  -0.0010877 
122 -0.000258155 0.488614 0.00343395 0.0504063 -0.00133524  -0.000792715  -0.00125088  -0.000147299  -0.00117208  -0.000836114  -0.00160021  -3.48436e-05  -0.00149949  -0.000954538 
123 -0.000146024 0.492153 0.00214351 0.0529054 -5.86853e-05  -0.00149915  0.000513062  0.000101709  -0.00101812  -0.000132085  -0.000481085  0.000350195  -0.000781268  0.000227307 
126 0.000220958 1.17111 0.024353 0.054268 -0.00171307  0.00745445  -0.00447415  0.0145829  0.00311531  -0.00602926  0.000982594  -0.00425146  0.0128111  -0.00852437 
127 0.000843175 0.68053 0.0246764 0.0521928 0.00479115  0.00873329  -0.00448002  -0.0131447  -0.000437506  0.00704334  -0.00966644  -0.00662478  -0.00194434  0.0112221 
129 0.000353396 1.10258 0.0291824 0.0433736 0.011311  -0.00680719  0.00772725  -0.00843951  0.0134853  0.0105508  -5.92177e-05  0.0155051  -0.000858279  0.00347607 
130 -8.73886e-05 0.408306 0.00566191 0.0390888 -7.76856e-05  0.000404239  -0.00338684  0.000168998  -0.000336804  0.00313411  -0.0021344  -0.000292259  -0.00234791  -0.000546554 
132 0.000221766 1.24611 0.0257244 0.0401911 0.00700909  0.0111471  0.00295826  0.0042881  -0.0181107  0.00137093  0.00452519  -0.00627006  0.00845849  0.000102723 
133 1.54621e-05 0.589051 0.00234685 0.0373307 -0.000494051  -0.00108839  0.00077766  -0.00112646  0.000705586  -0.000368023  0.000463464  0.00105633  0.000463789  -0.000162308 
134 6.39626e-05 1.56402 0.0164989 0.0371231 0.00323543  -0.0077074  0.00674955  0.0028332  -0.00128936  -0.000595364  0.000291496  -0.000984297  0.0115585  0.00347689 
137 0.000257548 1.59801 0.0336286 0.0362514 0.000488447  0.0157288  -0.0114208  0.00853703  0.00853966  -0.000380905  0.0232998  -0.0041787  -0.00563856  0.00383803 
138 -5.28434e-05 0.158402 0.0084975 0.0325061 0.00122396  -0.00451379  0.000623773  0.000763842  0.00144663  -0.00306433  -0.000153096  0.00436002  -0.00181265  0.00394473 
142 -0.000140908 0.475912 0.00368616 0.033309 -0.000459059  0.00128791  0.00020725  -0.000393039  -0.00201698  -0.000269116  0.00190092  0.00129965  -0.00128787  0.000647342 
144 -0.000160492 0.458025 0.00519244 0.0353611 0.00112233  -0.000916717  -0.0025051  -0.00163573  0.00234445  -0.000505189  0.00288279  0.00109364  -0.000403184  0.000699683 
145 0.000318168 1.31574 0.0322167 0.0375621 -0.0116652  -0.00224007  -0.000317335  -0.00540565  0.00338488  0.00838475  -0.0123537  -0.0181613  -0.0113703  0.0131912 
147 9.56263e-05 4.87151 0.0408864 0.0330575 -0.0110274  -0.0161649  0.0205412  0.0115253  0.0117806  0.0165757  -0.00151867  0.01482  0.0019336  -0.00973677 
148 0.00011236 1.00445 0.0150568 0.0315781 -0.0015414  0.000180656  -0.00398104  -0.00939307  0.00389331  -0.00699005  0.00454362  0.00452606  0.00387968  -0.000141361 
151 -1.8343e-05 -0.110336 0.00669193 0.0297459 0.00161466  0.00221697  -0.000866502  -0.00154489  -0.000706848  0.000624185  -0.00394872  0.000959091  -0.00375057  0.00162914 
154 -8.72666e-06 0.493896 0.000461638 0.0300527 -5.26678e-05  -0.000146276  7.31027e-05  -0.000124578  0.000176953  -4.20225e-05  -2.01494e-05  -0.000304076  -0.000103594  0.000177194 
157 -5.80478e-06 -0.374123 0.00450515 0.0301975 -0.000249222  -0.00108875  0.000823781  0.0023243  -0.00184647  0.00230113  -0.00130436  -0.00131961  -0.00081475  -0.00039585 
159 0.000546224 0.604775 0.0151328 0.0302935 0.00674077  0.00549564  -0.00576578  -0.000130826  -0.00207738  -0.00344518  -0.00263805  -0.000661697  0.00850969  -0.00490951 
162 -0.000270569 0.000443962 0.0232536 0.0192775 -0.00500009  0.00435712  -0.00104489  0.00160083  -0.00698544  -0.0136714  -0.00562633  0.00608034  0.000950762  0.0137061 
163 -9.12852e-05 -0.94376 0.0229602 0.0253422 0.00195045  0.00341084  0.00078309  -0.00334794  0.00453118  -0.00447061  -0.0143316  -0.0112609  0.00151335  -0.0111759 
164 1.216e-05 1.4922 0.00694693 0.0270835 -0.000958297  0.00276125  0.00309107  -0.00137707  0.00126819  -0.00105438  0.00272508  0.00121714  0.00162583  0.00374101 
166 -2.7223e-05 -0.0495287 0.00773564 0.0268581 0.000886287  -0.00538427  -0.000512957  0.00147646  0.00235685  -0.000933969  -0.000517304  0.00281171  0.00341339  -0.00117027 
171 0.000308562 1.18924 0.0291637 0.0273602 -7.64708e-05  -0.00327773  0.00348233  -0.00376393  0.000904685  0.0238704  0.0116503  -0.00541307  0.00281692  0.00836062 
173 -0.000134079 0.188354 0.0129289 0.0209777 -0.000849002  0.00688659  0.00382713  -0.00529769  -0.00499253  -0.00150689  0.00254221  -0.00633998  0.00154329  0.000250223 
179 -0.000678401 0.280896 0.0243916 0.0239615 0.00136592  0.00643185  -0.00247299  -0.00815643  0.00884649  -0.00934429  0.00569668  0.0083767  -0.0144008  0.00186848 
183 -0.000151005 0.120396 0.015143 0.0353947 0.00426777  0.00406067  -0.00254424  -8.0227e-05  0.00645351  0.00507797  -0.00498883  0.00300616  0.00827183  0.00428325 
184 -0.000130319 0.097462 0.0144862 0.0374673 -0.0114609  0.00325013  -0.00609387  -0.00367599  0.000759439  0.00159147  -0.000201991  -0.00205083  -0.000626455  -0.00308858 
186 -0.000359302 0.298855 0.0170057 0.039168 -0.00272203  0.00793027  -0.0033274  -0.00329205  -0.00402055  0.00304651  -0.00861361  0.0016888  0.00900744  -0.003655 
187 9.70043e-07 0.607799 0.000646744 0.0435143 0.000182384  -0.000125133  -5.84904e-05  3.85141e-05  0.000240758  -3.63645e-05  -0.000246639  -0.000449771  0.000147221  0.000142705 
189 -0.000146682 0.402321 0.00757138 0.0435032 0.00100695  0.00201231  0.000361857  -0.000406389  0.00348991  0.00199144  0.00245519  -0.00152548  -0.00501581  -0.00151908 
191 0.000398643 1.66626 0.0431156 0.0451577 0.0149659  -0.0229722  -0.0199793  0.0154423  -0.00290585  0.00257822  0.00346068  -0.0131276  -0.016438  0.000111978 
193 6.24216e-05 1.09885 0.0122278 0.040505 -0.000514832  0.00271223  -0.00657403  0.000153247  -0.00222579  -0.00669105  0.00165736  0.0034304  0.00344937  -0.00474552 
196 -4.21358e-06 0.499396 0.000100959 0.039727 -2.21024e-05  7.78367e-06  -2.15372e-05  -3.92156e-05  2.17392e-05  2.40092e-05  -3.06331e-05  -6.22458e-05  -3.72219e-06  4.20259e-05 
197 0.00020439 0.959931 0.0193904 0.03978 9.33606e-05  0.00383279  0.00969883  0.000476725  0.0030475  -0.00932887  0.00579836  0.0063936  -0.00387698  -0.0090082 
198 0.000236471 0.75572 0.0155523 0.0371225 0.000286692  0.00258669  0.00415725  0.00183226  -0.0082891  0.0029647  0.0102862  0.00309291  0.00323472  -0.00333547 
201 0.000110873 1.40794 0.0200656 0.0337881 -0.000552015  -0.00162886  0.00600849  0.00955755  -0.00165953  0.00694986  0.000334652  0.00863566  -0.00402416  0.0114143 
202 0.000468279 0.549848 0.00966731 0.0321056 -0.00162316  -7.12487e-05  0.00161638  0.00109237  -0.00221345  0.000793949  -0.00396956  -0.00462507  0.00554577  -0.00368474 
207 -0.000137167 -0.192179 0.0194883 0.0237192 -0.0130888  0.00410761  -0.00267197  -0.00358875  0.00341732  -0.00464622  -0.00908675  0.00244033  0.00135937  -0.00692458 
209 -0.000418123 0.368934 0.0148099 0.0264533 -0.00410637  0.00969093  -0.0062072  0.000753902  -0.00728273  3.11886e-05  0.000786723  -0.000881387  0.00210052  0.00325767 
210 -3.44741e-05 0.387424 0.00394013 0.0334363 -0.000945873  0.000451437  0.00155163  0.000164026  0.0022984  -7.58602e-05  -0.00021923  0.00231274  0.00048405  -0.00103549 
211 1.45034e-05 0.522668 0.00114679 0.033948 0.00037327  0.000117213  0.00039443  0.000167078  0.000467336  0.000180583  -0.000804006  9.08277e-05  -0.000180621  0.000200633 
215 -0.000223242 0.437175 0.00749212 0.0337337 -1.32745e-06  0.00379282  0.000282642  -0.00476755  -0.00150542  -0.00257713  0.00160287  -0.00188391  -0.000568339  0.00189414 
218 -0.000158017 0.465791 0.00465148 0.0368948 -0.00113144  0.000951139  -0.000178575  0.000538888  0.000289412  -0.00141436  -0.00333317  0.00104219  -0.0021701  -0.000373485 
219 -0.000793299 0.251891 0.0280686 0.0389776 -0.00197639  0.00708534  -0.00835668  0.0106679  -0.00244982  0.00215081  -0.00735105  0.000981998  0.0183684  -0.0121275 
220 8.2488e-06 0.611935 0.0019218 0.0480923 -0.000240484  -0.000726524  0.000228057  0.000225113  0.00111004  -0.000346487  0.000124484  0.00031742  0.000107443  -0.00123488 
221 4.6668e-05 0.513584 0.00159271 0.0480065 -0.000269628  -0.000357902  0.000246009  -0.000906228  -0.000225523  0.000159593  0.00056856  -0.000228837  -0.000998734  -6.8916e-05 
223 4.63828e-05 3.58591 0.0239265 0.0475179 0.0037754  0.000486121  0.00806757  0.00742146  0.00554148  -0.0119271  -0.00810689  0.00199061  -0.00879488  0.0108549 
225 0.000368398 1.14925 0.0309274 0.0470274 0.00674075  -0.00780653  0.00808829  -0.00351566  0.015911  0.00791697  -0.00653101  -0.014588  -0.00576036  0.0129562 
230 4.53777e-05 0.516623 0.00173732 0.042933 -0.000745077  -0.000218889  0.000971891  8.53377e-05  -0.000391919  -0.000684953  0.000552268  -0.00033658  0.000520293  0.0003894 
231 0.000226199 0.559625 0.00734623 0.0424013 0.000788826  -0.00214174  -0.0033326  -0.0010307  -0.00462872  0.0018519  -0.000434898  0.00314398  -0.00118275  -0.000511886 
232 -0.000101811 0.402732 0.00629434 0.0396446 -0.00165242  0.000335878  1.50569e-06  -0.00115028  -0.00203281  -0.000719983  -0.00363352  -0.00185579  0.00346607  0.00146343 
233 -0.000148208 -3.66575 0.0496893 0.0409085 0.0209811  -0.0258222  0.0125379  -0.00109304  -0.00365121  0.0122299  0.00892677  -0.0261381  0.00968542  0.0135663 
234 -0.000279283 0.436059 0.00845453 0.0426817 0.00308475  -0.000856323  0.00205402  -0.000196588  0.00604924  0.00316411  0.00240759  0.000310545  -0.00181059  0.00109378 
235 -0.000184887 -0.546593 0.0278212 0.0458372 0.00337625  0.00745666  -0.00570861  0.0144839  0.00953499  0.0102189  0.00719031  0.00412275  0.000574621  -0.0141519 
236 0.000522157 2.431 0.0634838 0.0478117 -0.0375788  -0.0131732  -0.0270055  -0.00252094  -0.0166763  -0.0114848  0.0241613  0.0192683  -0.00598235  -0.0175505 
237 0.000290247 0.832273 0.0196401 0.0419992 -0.00067388  0.00740861  0.00185776  -0.00267726  -0.00800211  -0.0134048  -0.00360377  -0.00764107  0.000810986  -0.00200459 
241 0.000111642 3.62516 0.0373535 0.0383892 0.00801372  0.00962053  0.026762  0.00990167  -0.0110686  0.00466814  -0.000956132  0.0127206  -0.00704948  -0.008218 
243 7.73778e-05 0.572647 0.00474205 0.0369065 0.00065474  0.000401508  0.00138585  -0.00154586  0.00154772  -0.0019134  0.000331775  -0.00214041  0.00223521  -0.00135747 
247 -0.000956103 0.251272 0.0308551 0.035843 0.00868777  -0.00287836  -0.00492682  -0.0120713  0.00789205  -0.000732181  0.000960434  -0.016605  -0.00683935  -0.0176645 
249 0.000160042 0.635027 0.00929757 0.0473421 -0.00526846  0.000226593  -0.00396153  0.00171326  -0.000335425  0.00444851  -0.00398242  -0.000215174  -0.000118044  0.00204602 
250 0.000479654 0.559327 0.0106729 0.0456207 -0.000563446  -0.00813376  -0.000171806  0.000391726  -0.000957989  0.00173735  0.00118918  0.00224676  0.00175118  0.00581276 
251 0.000151581 0.530682 0.00431429 0.0400214 -0.00170875  0.00159965  -0.000137898  -0.00214248  0.00172842  -0.000221268  -0.000267178  0.00110738  -0.000541158  0.00197439 
