generation s h r distopt trait[0] trait[1] trait[2] trait[3] trait[4] trait[5] trait[6] trait[7] trait[8] trait[9] 
1 0.0046884 0.654495 0.053856 2 0.0210901  0.00668523  0.0159872  0.00546208  -0.00284716  0.0438935  -0.00714201  -0.0014956  -0.0095292  -0.00683811 
2 0.401684 0.583626 0.408778 1.99883 -0.133388  -0.188399  -0.128732  0.0223464  -0.0414971  -0.0382063  -0.127595  0.271236  -0.0414974  -0.0445889 
3 0.157133 0.759494 0.398838 1.9125 0.081412  -0.0528831  0.134799  -0.127185  0.0648037  -0.0428002  -0.0720763  0.129772  0.29498  0.014833 
4 0.0738862 0.508581 0.0706053 1.87395 0.0282374  -0.00658923  0.0311931  0.0436615  0.00668228  0.0269754  -0.00963441  -0.0142853  0.0136292  0.00316553 
6 0.00675274 0.500034 0.00485317 1.85484 -0.00032475  -0.00164839  0.0013513  0.00227311  -0.00077456  -0.00198515  0.00289705  -0.000880163  0.000170693  6.1472e-06 
7 0.0591339 0.508385 0.0598004 1.85302 0.000703242  -0.0192963  0.0224707  0.0331723  -0.000764641  0.01965  -0.00229648  0.0217263  -0.0268427  0.00365607 
10 0.0340627 0.517296 0.0536418 1.83745 0.0170909  0.00112359  0.000899578  -0.00679856  -0.00177144  0.0400297  0.00944765  -0.00940163  -0.00961427  -0.0257187 
11 0.203186 0.505442 0.145244 1.82832 0.0491665  -0.013237  0.0353606  0.0746493  -0.00962971  0.0156784  -0.00769786  -0.0943083  -0.0410863  0.0264662 
12 0.023522 0.568048 0.0811991 1.77701 0.0399993  0.0129435  -0.0124968  0.0283429  -0.0202521  -0.00925789  0.0533956  0.00345771  0.0218054  -0.00565175 
13 0.0531898 0.500318 0.0375303 1.77046 0.0168889  -0.0141847  0.000858538  0.0220668  0.0068217  0.00948374  -0.0157836  0.00653394  0.00105251  -0.00223682 
14 0.0324926 0.543572 0.0779737 1.75576 0.00434515  -0.0116866  0.0183843  0.0270312  -0.0202973  0.0512157  0.0281325  0.015421  -0.0277345  -0.00472176 
15 0.0556154 0.559365 0.119553 1.74663 -0.012251  -0.0179358  -0.00500621  0.00186054  -0.0124047  -0.0407365  -0.00309249  0.0271925  -0.0952523  0.0464471 
16 0.138833 0.546772 0.180719 1.73107 0.0820955  -0.0179956  -0.0300556  0.0354803  -0.0178005  -0.0548978  0.0765394  0.0429616  -0.0218425  0.109188 
17 0.0997666 0.540656 0.141223 1.6931 0.0409696  -0.0130765  0.0108178  0.013531  -0.000850621  0.0207697  0.00749925  -0.0605133  -0.0679918  0.0949803 
19 0.0349618 0.502041 0.0295129 1.66478 0.000551906  -0.00763064  -0.00633866  -0.00683591  -0.0183117  -0.0065397  0.0055093  -0.00212088  -0.00400035  -0.0172231 
20 0.0426034 0.503984 0.0391777 1.65443 0.0187128  -0.000342679  -0.00887259  -0.00701875  0.0229003  -0.00483096  -0.00814499  -0.0194195  -0.00172584  -0.00790089 
21 0.0590399 0.56448 0.128096 1.64177 -0.0303049  -0.0308663  -0.0195856  -0.0347804  -0.0828739  0.00341953  0.047687  -0.0277784  -0.0236016  0.0496168 
22 0.138927 0.52628 0.148619 1.62421 -0.0545467  -0.0516119  -0.0594083  0.00428567  0.0541356  0.00985784  0.00033906  0.0039591  0.059056  -0.0798094 
25 0.131761 0.495381 0.0732846 1.58365 0.0401677  -0.0314749  0.0170688  0.012805  -0.00909185  0.0157325  0.0392391  -0.00295565  0.0132073  0.0160672 
29 0.0857587 0.522716 0.104158 1.54408 -0.0222769  -0.0367697  -0.0101644  -0.0676458  -0.0129456  -0.00719133  -0.0391737  0.0134431  0.044957  -0.0191227 
33 0.162347 0.50317 0.114931 1.5172 -0.0138273  -0.0538603  -0.0400053  0.0218411  -0.0492068  -0.0225617  -0.023558  -0.0652563  -0.00112913  -0.0171637 
35 0.0721103 0.500273 0.0499966 1.46679 -0.00805768  -0.0285975  -0.00846288  0.0119481  0.0222655  -0.0176795  -0.0159585  -0.0146719  0.0102482  0.00438838 
37 0.356307 0.569004 0.358997 1.44286 -0.0183623  -0.142577  0.100402  0.0569687  0.135102  -0.0264211  -0.0659311  -0.217806  -0.0736154  0.136862 
40 0.109946 0.59802 0.21469 1.33307 0.00633495  -0.0511053  -0.0274044  0.103789  0.0030074  0.0583179  0.106786  0.10137  0.0581374  -0.0587184 
41 0.141229 0.518088 0.135103 1.29335 -0.029415  -0.0962051  0.0491363  0.0293129  -0.0313954  0.015262  -0.043318  -0.016238  -0.034122  0.0183136 
42 0.0174344 0.516731 0.0361374 1.24123 0.00870231  -0.00755445  0.00377688  0.0180718  0.0174528  0.0134844  0.0170085  0.00160064  -0.00405432  -0.00612695 
44 0.0939146 0.518376 0.103031 1.23425 0.0460942  0.00587709  -0.0296894  -0.0671189  0.00592379  0.0377189  -0.00916381  0.0173652  -0.0171813  -0.0305173 
45 0.00769893 0.617165 0.0601841 1.19733 -0.00728801  -0.0185881  -0.0174797  0.00722081  0.00395575  0.0028884  -0.0096055  -0.0212102  0.020794  0.0432121 
46 0.369287 0.638024 0.466575 1.19413 0.177295  -0.141973  0.0188197  -0.157964  0.115703  0.0834372  0.0940283  0.0408559  -0.321357  0.081644 
47 0.0453734 0.603042 0.13867 1.05435 -0.0026088  -0.0412015  -0.0578268  0.0034982  0.0376667  -0.0240006  -0.0394024  0.0937415  -0.0185007  -0.0386238 
48 0.0559274 0.537359 0.0979922 1.03309 0.0606041  0.00815227  -0.000300909  -0.0187062  0.0310228  0.0399021  -0.0167487  -0.031133  0.0377448  -0.0168551 
49 0.0164649 0.699953 0.114775 1.00641 0.06244  0.00536034  -0.0717843  0.0182789  0.0140161  -0.0522879  0.00878614  0.00536731  -0.00972283  0.0250542 
50 0.0490029 0.525532 0.0776281 0.998259 0.0333844  -0.023651  -0.0203722  0.0180259  0.00120415  0.0378784  -0.0205179  -0.0418866  0.000728643  0.000228601 
51 0.0853074 0.53527 0.121968 0.974003 -0.0179351  -0.0927921  -0.00559841  -0.0334285  0.00282658  0.0614657  0.0130179  -0.00904717  -0.0214469  0.0172622 
52 0.00839577 0.513639 0.0221596 0.931031 0.0118307  -0.0021192  -0.00631666  0.00708497  -0.00375161  -0.0015723  0.0145004  -0.00414546  -0.000599918  0.00348427 
53 0.058646 0.51545 0.0717165 0.92653 0.040693  -0.0209239  0.0320577  -0.00719931  -0.00233076  0.00763413  0.0320011  -0.02721  0.00745712  0.00928556 
54 0.0193337 0.675049 0.116485 0.895247 0.0385409  -0.0423554  0.020031  -0.0386452  -0.00446092  0.0793833  0.00638343  0.00267849  0.0258957  0.0368038 
55 0.0577479 0.503422 0.0484149 0.884487 -0.0111094  -0.0202184  -0.021567  0.000939514  -0.00229929  -0.0264308  -0.00828843  -0.00859734  0.0181309  -0.0130598 
59 0.126216 0.522997 0.134038 0.852159 0.0227819  -0.0633359  -0.0158834  -0.0531657  -0.038094  0.0426371  -0.0311573  0.0174009  0.0413958  -0.0640354 
60 0.0332254 0.660984 0.146712 0.779303 0.0227085  -0.0436113  0.0996587  0.0238767  0.0104051  0.0604081  0.015389  0.0388891  0.0275421  -0.0483697 
64 0.0814285 0.605512 0.189605 0.758042 0.00052564  0.00479522  0.00337646  -0.00806259  -0.0120458  -0.0686353  -0.121929  -0.069831  -0.0377169  -0.0991399 
65 0.0530992 0.665954 0.188489 0.704517 -0.0103369  -0.033023  -0.0437991  -0.15601  -0.016084  -0.0604126  0.0494793  -0.0147486  0.00284392  0.0386128 
67 0.0133024 0.614765 0.0784153 0.666789 -0.0282795  -0.0404408  -0.0412197  0.0084421  0.0331829  0.00330747  0.000330902  0.0160829  0.0220889  0.00920343 
70 0.0184643 0.507878 0.0272736 0.656805 0.0138948  -0.0123465  -0.00774592  -0.00172261  -0.00466642  -0.00564827  0.00794414  0.00689046  -0.00865861  -0.00980518 
71 0.117387 0.561471 0.182559 0.642726 0.0113631  -0.0932636  0.0426768  0.0283969  0.041606  -0.0422555  -0.0358229  -0.125015  0.0318753  -0.0206899 
72 0.0276879 0.539227 0.0682336 0.549639 0.0400423  -0.0281921  -0.0156288  -0.00254275  -0.00632623  -0.00566412  -0.0265008  -0.0338521  0.00764979  -0.00529548 
74 0.0224807 0.51634 0.0412292 0.524206 0.00898855  -0.0263976  0.000576712  -0.000150361  0.0015735  0.0110102  0.0192963  0.0135814  0.0134107  -0.00784279 
75 0.022699 0.73769 0.146746 0.502554 -0.0239458  -0.0266328  0.0619693  0.0133311  0.0659686  -0.0183919  0.072271  0.0283848  0.0687155  -0.0281591 
88 0.0148053 0.534485 0.0462031 0.479703 0.00822889  -0.0381342  0.0127217  -0.0026413  -0.00256372  0.000892422  0.00162967  -0.0182852  -0.00756412  0.00651079 
89 0.0378423 0.547913 0.088325 0.464132 -0.000175938  0.0230128  0.0185246  0.0404381  -0.0602805  -0.0200729  0.0170978  -0.0227802  0.0205378  -0.00485355 
90 0.0139103 0.511855 0.0273938 0.422225 -0.0023256  -0.0137468  -0.00594167  0.0106384  -0.00956957  -0.00823619  -0.00266523  0.0137599  -0.00676257  0.0024444 
100 0.0264103 0.637791 0.121164 0.405537 0.0544904  -0.0209603  -0.0554759  0.00083648  -0.0428445  -0.0236528  0.0514687  -0.0186858  -0.0141335  0.0509982 
102 0.0147395 0.5753 0.0671689 0.372011 -0.0228259  -0.0558186  0.0040073  0.00751254  -0.00617627  -0.00161643  0.00709981  0.0136074  -0.0218975  -0.00682585 
103 0.0323987 0.644894 0.137637 0.351796 0.0201294  -0.0222508  -0.0109344  -0.0553122  -0.0383635  0.00926702  -0.0102743  -0.0349423  0.0839857  -0.0701918 
106 0.00287417 0.967887 0.0732935 0.30311 0.0169966  -0.0561455  -0.0355103  0.010778  -0.00726999  0.0149783  -0.009063  0.00084138  -0.00548984  0.0127826 
108 0.0316464 0.561429 0.0901828 0.298338 -0.0159664  -0.0237418  0.0261723  -0.000450197  -0.0422607  -0.0317992  0.0226112  0.0376836  0.00445883  -0.0433681 
109 0.00630919 0.538445 0.0314141 0.240519 0.0104799  -0.0100339  0.00822451  -0.00607834  -0.0226759  -0.00133688  -0.00703532  0.00711264  0.00451677  -0.00593961 
111 0.00978538 0.62978 0.0714092 0.227068 -0.00604309  -0.000802389  0.00286967  0.049749  -0.0289806  -0.00931266  0.0209325  0.0284898  0.0197399  0.00357888 
113 0.0219451 0.625479 0.105432 0.204505 0.0100246  -0.00964467  0.059899  -0.00504598  -0.0366153  -0.0636992  -0.022288  0.00228569  -0.00954066  -0.0363004 
116 0.00522254 0.56769 0.0377319 0.141826 -0.00149425  0.00349512  -0.00569107  0.0239388  0.0152513  -0.010487  -0.010956  -0.00591924  0.00965364  -0.0145929 
128 0.00113177 0.667085 0.0275054 0.122088 0.00121533  0.00233098  0.00968822  5.91226e-05  0.00422125  -0.0102773  -0.0145389  -0.0169715  0.00400133  -0.00411179 
134 0.00405807 1.00064 0.0900556 0.117364 0.0233769  0.0321221  0.00815158  0.0274861  -0.0416259  -0.0479312  -0.00607518  0.0207127  0.00107372  -0.0348219 
137 0.00642455 0.67552 0.0671869 0.0986131 0.00317471  -0.0192453  -0.0336214  -0.0104745  0.0366251  -0.0239041  0.0134115  -0.0128649  0.00294888  0.0250327 
140 6.64321e-05 0.613698 0.00549671 0.0576241 -0.000589547  -0.00393758  -0.00139917  0.000613461  -0.00109447  0.00202079  0.00180843  0.00173344  -0.000683485  -6.25535e-05 
143 0.000324629 0.705432 0.0163327 0.0570448 0.00650152  -0.0067362  0.00905115  -0.00538963  0.00326355  -0.00599234  -0.00051019  0.00173377  0.00325064  -0.00278351 
145 0.000653002 0.824956 0.0291313 0.0541251 0.0108979  0.0128606  -0.00494583  0.00955256  -0.00491174  -0.00498679  0.00238046  0.0195961  -0.000491612  -0.00313863 
148 4.40171e-05 2.35709 0.0180819 0.0477152 0.00611784  0.00310828  -0.0128681  0.000528291  -0.00330576  0.00204136  0.00775873  -0.00514317  -0.00220125  0.00272162 
155 -0.00044192 0.450015 0.00940609 0.0472517 -0.00125263  0.00264916  -0.000653512  0.00284335  -0.00301934  0.00330254  0.000482239  0.00183242  0.0067189  0.00161818 
156 0.00023951 2.60758 0.0449268 0.0517179 -0.0089188  0.00243114  0.00434509  -0.0129656  0.0308315  -0.0140626  -0.0205829  0.0097178  -0.00847086  0.0027918 
158 -1.8078e-05 0.439565 0.00209054 0.0493483 0.000857479  0.000719007  -0.000386709  0.000283628  0.00114837  -6.80234e-05  -0.000779191  -3.36634e-05  0.000286208  -0.000935176 
159 0.000316977 1.17195 0.0291855 0.0495312 0.00807706  -0.0174546  0.0178493  0.00483985  -0.000267632  -0.00465379  -0.0037289  0.00599034  0.00579208  0.0058996 
162 -0.000106476 0.450448 0.00459466 0.0462213 -0.000601598  -0.00109647  0.00134481  0.00239388  -0.000332765  0.00127964  -0.00156561  0.00224852  0.00125435  -0.00108581 
164 0.000150054 3.73512 0.0440587 0.0473592 0.0277368  -0.00756206  -0.0019452  0.00269889  -0.00150009  0.0169329  -0.0259708  -0.00396702  0.00612318  -0.00932213 
165 9.17594e-05 0.658872 0.00763631 0.0457477 0.0023676  0.00517874  -0.00154758  -0.00131305  -0.000113359  -0.00306382  -0.000617266  -0.000697918  -0.00326287  -0.00092461 
169 -0.000733683 -0.533937 0.0550869 0.0447336 -0.0414473  0.00529345  -0.0152598  0.0174238  0.000808933  -0.00600348  0.00917096  -0.0136391  0.00900597  0.0190861 
170 0.000531726 0.680506 0.0195944 0.0522977 0.00815337  -0.0080734  0.00241259  -0.00313146  0.00157687  0.000941032  0.00146317  -0.00305543  -0.00445939  0.0142099 
171 -0.000162847 0.305534 0.0112559 0.046941 -8.01586e-06  -0.00425893  -0.00550025  0.00286416  0.000164731  -0.00141403  0.00118928  -0.00280218  -0.00376155  0.00668265 
173 0.000593041 1.02104 0.0351513 0.0486449 0.0217997  -0.0081083  0.00257923  -0.0106349  -0.0043508  -0.0125064  -0.0146753  -0.00261872  -0.00658113  -0.0115764 
174 -0.000231295 -0.150615 0.0245354 0.0421124 -0.00779053  0.0209637  -0.00180859  -0.00172987  0.00539258  -0.00447405  0.00178111  0.00231559  -0.00596841  -0.00151767 
175 -0.000139273 0.268731 0.0113514 0.0447748 0.00217435  0.000369696  -0.000231193  -0.00391653  -0.0012696  -0.00162439  0.00290319  -0.0022845  0.00950256  0.000633033 
186 8.86849e-05 3.25434 0.0312556 0.046304 -0.00350742  0.0161559  -0.00790142  0.000851001  -0.0166479  -0.00290734  0.0100575  0.00261569  -0.0130299  -0.00877853 
188 0.000983128 0.777838 0.0330514 0.0453363 0.00401274  -0.0235151  -0.00860775  -0.0114339  0.00187444  0.0112623  0.00485953  6.9033e-05  -0.00195801  0.0126768 
189 -0.000156358 0.342244 0.00993402 0.0327526 0.00242825  0.00346268  0.00302787  -0.00124735  -0.000682548  -0.0028841  -0.00686442  0.00270598  0.00217819  -0.00145025 
190 3.7726e-05 0.649272 0.00474615 0.0350586 -0.000576905  -0.00119018  -0.000744704  0.00158693  -0.00211955  0.00121555  -0.00302034  -0.000193851  0.000272766  -0.00158087 
194 -0.000206496 0.373334 0.0102301 0.0345164 0.004047  0.00485273  0.00428569  -0.00121307  0.00258739  -0.000618683  0.000556268  0.00257524  0.0017484  0.00527382 
196 -3.65499e-05 0.249656 0.00604991 0.0373885 -0.00278012  -0.00201348  -0.000163995  0.00265415  0.00117364  -0.00124992  0.0014385  0.00258211  0.000947453  0.0022744 
200 0.000732541 0.692562 0.0237542 0.0378741 0.00877166  -0.00526285  0.00589995  0.00445669  0.00496652  0.0163744  0.00496829  0.00847775  0.00161225  -0.00360656 
204 -0.000195928 0.214794 0.0149517 0.0264986 -0.00594456  -0.00635981  0.00453818  -0.00556064  0.00167347  -0.00155367  -0.00697327  -0.00464742  -0.00445461  0.000984969 
205 0.000207492 1.24512 0.0248663 0.0299687 -0.00726879  -0.00671067  0.00144111  -0.00547649  -0.00689806  0.00401535  0.0156336  0.00148922  -0.0112472  -0.00718054 
207 0.000125132 0.618445 0.00769993 0.0262803 0.00126662  0.00121094  -0.00261699  0.00126952  0.00315299  0.00182995  0.0015315  -0.00535715  0.00146802  0.00112617 
209 -0.000366525 0.430921 0.0100679 0.0237809 -0.0063657  -0.000315477  0.00291512  -0.00359384  -0.0012926  0.000600703  0.00531207  0.00260188  0.000811656  0.00128374 
210 9.99561e-05 1.14412 0.0160474 0.0305307 0.00112621  -0.0109621  0.000997363  0.00585059  -0.00587161  -0.00271921  -0.000181646  -0.00294243  0.00113488  -0.00700074 
211 0.00026837 0.556536 0.00779215 0.0288474 0.0030846  0.00402284  -0.00208805  0.00253657  -0.00327165  -0.00163668  -0.00138862  -0.00212701  -0.0011215  -0.00176998 
216 7.4682e-05 0.98656 0.0120559 0.0237452 0.00103428  -0.000586854  -0.00816767  0.0020009  -0.000668676  0.00308749  0.00304827  -5.47995e-05  0.00680096  -0.00277263 
219 -0.000388472 0.200018 0.0215935 0.0221169 0.00448633  0.00328613  -0.0043375  -0.0111366  0.0042106  0.00684562  0.00274362  0.0124139  -0.00714385  -0.003906 
220 3.00034e-05 0.848888 0.00647077 0.0296261 0.00121332  -0.00170117  0.000728869  0.0011942  0.00190827  0.000184858  -0.00280397  -0.000419836  -0.00232198  -0.00429437 
223 0.00024582 0.570004 0.0082979 0.0291153 0.00271248  0.0050368  -0.00360281  0.00363999  0.000552989  -0.0024587  -0.000762604  -0.000881221  0.000842092  0.0012166 
224 -0.000361553 0.075436 0.0247818 0.0245339 0.00205678  -0.0178042  0.00859633  0.00667168  0.00897825  -0.00634951  0.00060295  -0.00528425  0.00362813  -0.00348348 
225 -0.000149322 0.390796 0.00807722 0.0310408 -0.0026355  -0.00325702  -4.37816e-05  0.00042799  0.00071274  0.00630935  -0.00179699  -8.18697e-05  -0.00151185  0.00129027 
228 9.41124e-06 0.72075 0.00288273 0.0333596 -0.000451911  1.16611e-05  -8.30565e-06  -0.0012902  -0.00202508  2.51129e-05  0.000619204  -0.000852791  0.000770476  -0.000797011 
229 1.52248e-05 5.49102 0.0174337 0.0332182 -0.0061968  0.00454448  2.78893e-05  0.0102664  0.00255588  0.00364677  0.00497518  -0.00752073  -0.00583351  0.00207549 
236 -1.48074e-05 -2.66753 0.013697 0.0329883 0.00219226  0.00343034  -0.0036106  0.00878971  -0.00293819  -0.000238981  -0.000774358  0.00195916  -0.00650366  0.00503128 
238 9.51661e-05 0.533036 0.00354675 0.033212 0.00114616  -0.00023259  -0.000247168  -0.000738243  -0.000727691  0.00114439  -0.00223494  -0.000470627  0.00142897  -0.001228 
241 -0.000379177 0.102863 0.0245455 0.031747 0.00846961  0.00526029  -0.00226383  0.00911977  -0.00156124  -0.014949  -0.00489003  0.000622224  -0.00764957  0.0102983 
245 -1.88302e-06 -33.4425 0.0159891 0.0372441 -0.00683103  0.00700498  -0.00649845  -0.00658279  0.00588979  -0.00133375  0.00209297  0.0053354  -0.00118687  0.00190534 
248 -0.000818154 -0.265453 0.0500561 0.0372694 0.0178232  0.0325867  0.00150341  6.04829e-05  -0.0268455  -0.00250568  0.0133989  -0.00875185  0.00630443  -0.0100477 
254 0.000305156 0.513535 0.00407003 0.046984 -0.000352968  -0.000877509  0.000634297  -0.000677866  0.00132619  0.000542178  -0.00298491  0.000814137  0.00165043  0.000677882 
256 -0.000387749 -0.614915 0.0415844 0.0436163 0.0244265  -0.0249879  0.00689305  0.00286053  -0.000294794  0.0176488  -0.00940821  0.00695491  0.00154093  -0.00130147 
258 1.87399e-05 0.513432 0.00100352 0.0478561 -3.03341e-05  0.000282787  0.000146025  -0.000194769  7.0826e-05  -0.000204027  0.000141287  -0.000187593  0.000179309  0.000856134 
260 -1.625e-05 -0.311555 0.00726301 0.0476599 -0.000186837  -0.00604986  0.00222653  -0.000540018  0.000128762  0.00246613  -0.000883007  0.000277346  0.000883799  0.00176933 
261 -0.000437491 -0.116222 0.0328413 0.0478301 -0.0123591  0.00963882  -0.00475285  -0.00119763  -0.0135282  0.00105737  0.0161599  0.0161702  0.00962849  0.00306913 
262 0.000236839 0.730775 0.0147859 0.0522045 -0.00592003  0.00320322  0.00452807  0.00442978  0.00476918  -0.00515002  0.00171438  0.00060148  0.00305368  0.00844362 
263 -0.00048394 0.421895 0.0123022 0.0498848 -0.00434576  0.00629428  0.000211505  0.00137797  -0.00736421  -0.00121365  0.00365506  -0.00046506  0.00350948  -0.00304961 
269 0.000578989 0.699991 0.0215215 0.0545211 -0.00711392  -0.00197121  0.009564  -0.0139617  0.00701641  -0.0012803  0.00538  -0.00364418  -0.002788  0.00462798 
270 0.000564624 0.620162 0.016476 0.0489258 -0.00226378  -0.00492183  -0.0097381  -0.0057452  -0.00161268  -0.00720896  -0.00516929  -0.0054432  0.000777409  -0.00165734 
273 -3.90432e-06 0.497013 0.000216014 0.0427699 -9.2324e-05  4.52514e-05  -0.000161162  2.08498e-05  -3.63499e-05  -5.87479e-05  -1.51646e-05  1.52476e-05  -1.40553e-05  6.51917e-05 
274 8.63825e-06 0.730521 0.00282227 0.0428155 6.77537e-06  -6.89475e-05  0.00077724  0.00249717  -0.000100139  0.000790172  -4.03495e-05  -0.000551816  -0.000197828  0.000375188 
275 -3.07367e-05 0.386134 0.00374168 0.0427146 -0.000219613  0.00248607  -0.000513878  0.00151664  0.0012402  0.00154334  0.00102619  -0.000193712  -5.65843e-05  0.000439725 
276 0.000307316 1.1941 0.0292071 0.0430728 0.00110484  -0.00397879  0.0107216  -0.00986135  0.00205993  0.00788515  -0.0154939  0.00396042  0.0172927  -0.00161432 
277 0.000673628 0.594634 0.0159727 0.0393446 -0.00255643  0.00281436  -0.000738041  -0.00228875  0.0059207  -0.000211902  0.00077429  -0.00244469  -0.0114383  -0.00789787 
280 -1.1672e-06 0.0785066 0.00140281 0.0295736 0.000777914  0.000695105  -0.000713551  3.57181e-05  0.000234641  5.67425e-05  0.000384121  -0.000396007  -8.03846e-05  -2.65454e-06 
282 -0.000251702 0.215228 0.0169342 0.0295934 0.000894078  -0.0064443  -0.00535642  0.00326683  -0.00588749  0.00487487  0.00147581  -0.0091918  0.00748652  -0.00198332 
286 -4.97984e-05 -0.342474 0.0129544 0.0335783 -0.00793316  0.00397472  0.00217983  0.000603869  0.00231172  0.000448048  -0.00198017  0.00318931  0.00307375  0.00740824 
288 5.52216e-05 0.596349 0.00461336 0.0343118 -0.00177288  0.00199428  -0.00218387  -0.000314593  0.00119736  -0.00117358  0.00140362  0.0008262  -0.000655531  -0.00184422 
294 0.00055159 0.690425 0.0204978 0.0334975 0.00121724  0.00200573  0.00214779  -0.00684954  0.00485977  -0.00794861  -0.0137167  0.00195686  -0.00873765  -0.00282903 
295 -5.38232e-05 0.353172 0.00562257 0.0238881 0.000700559  -0.00142597  -0.000518253  -0.00291325  0.00156321  0.00292678  0.00285937  0.000749259  -0.000751864  0.00014518 
296 2.76426e-05 0.687579 0.0045542 0.0249893 0.00139038  -0.000547105  -0.00200378  -0.00200977  0.00145454  -0.000237836  0.000498696  -0.000877879  -0.000732258  -0.00259347 
299 -1.24647e-05 0.389579 0.00234639 0.02443 -0.000331851  0.00122539  0.000699654  -0.000492478  0.00107557  0.000527956  0.000556085  -0.000545961  -0.0008471  0.000633505 
300 0.000169609 0.608638 0.00858553 0.0246838 -0.00342642  -0.000388479  -0.00212554  0.00274578  0.00375267  0.00219995  0.0012781  -0.00395315  -0.00209113  -0.00303425 
304 6.84298e-05 0.724009 0.00783041 0.0209689 -0.00204247  0.00145271  0.00387144  0.00491817  0.00160369  -0.00191613  0.00223099  0.00151675  0.000445267  -0.00146193 
305 -2.01177e-05 0.478428 0.00131762 0.0192683 0.000666841  0.000835293  -3.13553e-05  -0.000691284  0.000122812  0.000200317  -3.98543e-05  -0.000120384  -0.000161853  -0.000131843 
306 -7.77547e-05 0.399207 0.00559935 0.0197835 -0.00286684  -0.00105674  -0.00159422  -0.00209886  0.00202618  -0.000577794  0.000341914  -0.000276563  0.00276571  -0.00166994 
311 -3.16806e-05 -2.37379 0.019083 0.0216597 0.00147112  -0.000771423  -0.00390526  0.00129303  -0.00715937  -0.000566701  -0.00771342  -0.00326148  -0.00455984  0.0142118 
317 -0.000265932 -0.60435 0.0342746 0.0223791 0.00981606  0.012221  -4.29455e-05  0.00933952  0.0270059  -0.0014331  0.00313047  -0.00225021  0.000421613  -0.00976696 
321 -0.000445018 0.335945 0.0170934 0.027691 0.00810255  0.000719922  -0.00642943  -0.00737727  0.00244522  -0.00309762  -0.00950946  0.000779265  0.000277957  0.00485425 
322 -0.00046837 0.405119 0.0133381 0.0348125 -0.00641353  0.00110453  -0.00539755  -0.00756562  0.00346237  0.00398796  -0.00253465  0.00280442  -0.00263157  0.000269325 
324 -0.000368656 0.325513 0.016044 0.0409925 -0.000691727  0.00407556  0.000480509  0.00224064  -0.00163871  0.0104911  0.00148079  0.00555489  0.00887838  0.00323208 
325 4.87643e-05 0.974119 0.00961656 0.0452671 -0.00088989  0.00122013  -0.00555209  0.00397596  -0.00284803  -0.00357639  0.000608896  0.00416669  -0.00177776  -0.00133014 
327 0.00158049 0.71925 0.037229 0.0447253 0.00260585  -0.0193093  0.0226204  0.00452973  -0.0173322  0.000976382  0.0107519  -0.00598085  -0.00453452  -0.00093016 
328 -0.000228497 0.378517 0.010539 0.0205209 -0.00219189  0.00349298  0.000321363  -0.00392434  0.00266238  0.00185619  -2.45577e-05  0.00668639  -0.00134483  -0.004638 
331 3.26271e-05 0.761528 0.00584221 0.0254878 -0.000736467  -0.00126941  0.00144156  -0.000194001  0.0021059  -0.00245622  0.00147163  0.000455749  0.00150833  -0.00384 
333 -9.88665e-05 0.435551 0.0050491 0.0248395 -0.000472815  -0.000120859  0.00124688  2.74973e-05  -0.00228422  0.00173467  0.00122996  0.00124505  0.00213741  0.00280028 
336 9.41631e-07 0.510509 0.000198958 0.0267558 4.21381e-05  -0.000150844  -4.06755e-05  -3.75031e-05  -5.11072e-06  1.36492e-05  -2.37431e-05  7.8301e-05  -4.84033e-05  -5.2378e-05 
337 6.635e-07 2.19882 0.00212336 0.0267382 -0.000463421  -8.00303e-05  0.00125284  -0.000161354  0.000455994  0.000547969  -0.00120825  -0.00075841  0.000271008  0.000274132 
338 0.000241437 1.23046 0.026558 0.0267258 0.00772785  -0.0113145  -0.0021635  0.00615155  -0.0060585  -0.00382337  -0.0156613  -0.00291967  -0.0104249  -0.00782701 
345 1.20091e-05 0.696359 0.00307121 0.0217454 -0.000881617  0.000836053  -0.00219357  0.000245926  0.000887762  -0.000260235  -0.00139707  0.000461956  0.000227103  -0.000106084 
347 -0.000799841 0.231557 0.0293158 0.0214675 0.00230794  -0.0116543  0.00324107  0.0141527  0.0106397  0.00666387  -0.00383224  -0.0156426  -0.003983  -0.00863796 
349 -3.28878e-05 0.495167 0.000797736 0.0355107 0.000149835  -0.000428484  0.000177715  0.000177077  -4.54767e-05  0.000375009  0.000173163  5.05723e-05  0.000199668  -0.000390237 
