generation s h r distopt trait[0] trait[1] trait[2] trait[3] trait[4] trait[5] trait[6] trait[7] trait[8] trait[9] 
2 -6.59041e-05 0.471826 0.00272574 0.02 -0.00146192  -0.000754621  -7.95782e-05  -6.09335e-05  0.000969471  0.000574525  -0.000351963  -0.000339624  0.00135408  -0.00117057 
3 0.000989034 0.789194 0.0338209 0.0415257 0.0258868  7.5258e-05  0.00694721  -0.00999489  0.0162709  -0.00569315  -0.0020011  0.0030722  -0.00386416  -0.000160772 
4 0.000232674 0.572017 0.00818811 0.0419385 0.00397223  -0.0016373  0.000188808  0.00422015  0.000141461  -0.00240399  -0.000775671  0.00325281  -0.000452116  -0.00368165 
7 0.0010372 0.721842 0.0303369 0.094438 0.0109949  0.00406242  0.00667446  0.00284106  0.0106914  0.0195756  0.000891037  0.00501072  0.0139894  0.00334716 
8 0.00119649 0.751644 0.0347012 0.107267 0.0125237  -0.000552813  0.00575805  0.00318647  0.00094424  -0.0203152  -0.0193715  0.00425998  0.0119549  0.00733467 
10 0.00336915 1.8744 0.135846 0.137685 0.0625743  -0.0310812  0.0340997  -0.0168397  -0.0403312  0.0648705  0.0110226  0.0146694  -0.0704515  -0.0314846 
12 0.000306237 0.523238 0.00533922 0.149781 0.00200039  -0.00178977  0.000633504  -0.00294126  0.000744287  -0.00210479  -0.00152306  0.000869045  0.00109393  -0.00173041 
14 0.000508376 2.32156 0.0608409 0.178911 0.00885293  0.000930771  -0.0155265  -0.0110299  -0.0445847  0.00226708  -0.0296607  -0.00859274  0.0175916  0.00191331 
15 0.00917169 0.613483 0.0646827 0.193099 0.0135645  0.00320709  0.0099817  0.0255571  0.0243803  -0.0221621  0.0111261  -0.0431756  0.00920903  -0.00885897 
16 -9.27514e-05 -0.520301 0.0194561 0.184935 -0.00298188  0.0159133  0.000245697  -0.00409133  -0.00604281  -0.00393761  0.0049564  -2.77113e-05  0.00475241  0.000667389 
18 0.00488545 0.940532 0.0926849 0.221404 0.0322558  -0.00280934  0.0296862  0.0130284  -0.0259951  0.0101756  0.014074  0.0684091  0.000644242  0.0288714 
22 0.0024198 0.593958 0.0301854 0.279351 0.00872961  -0.0046501  -0.00459767  0.0198904  -0.00194396  -0.000470719  -0.0129012  0.00716599  -0.012607  0.00397873 
23 0.0272812 0.561249 0.0833705 0.29282 0.0583823  0.0281277  0.0283115  -0.0286706  0.0162704  0.00264194  0.011729  -0.0137102  0.0169002  0.0156392 
27 0.0150836 0.687458 0.106404 0.313019 0.0538516  -0.0112042  0.027631  0.0237906  0.0124797  -0.00974313  -0.0416735  0.00717236  -0.0501153  -0.0491577 
28 0.0200415 0.553757 0.0667934 0.304375 0.0371653  0.0204661  -0.0272492  0.0292604  -0.0067442  0.0139187  0.0144044  0.0133222  -0.00562883  0.0201664 
30 0.00401064 0.523277 0.0195106 0.302483 0.00431111  0.00718684  0.00289029  -0.00744649  0.00787436  -0.00108831  0.0109776  -0.00288907  0.000880423  0.00733523 
32 0.00663101 0.529466 0.0282974 0.330218 0.00928665  -0.000970056  -0.00741098  0.0119663  -0.00480744  0.00231541  -0.00506426  0.00138464  0.0194942  -0.00890972 
33 0.00521641 0.543388 0.030272 0.337695 0.0058724  0.00319725  -0.00553861  0.00497576  0.00467155  -0.0186941  0.0169554  0.00483948  -0.00232975  -0.0113414 
34 0.00387452 0.511114 0.0133935 0.347857 0.00300845  -0.00523408  -0.00542837  -0.00049001  0.0073728  -0.00299048  -0.000737971  -0.00457739  -0.00197201  -0.00495442 
35 0.00812799 0.591461 0.0547104 0.360535 0.00902343  -0.0127508  -0.00847324  -0.000834102  -0.0126104  -0.0350047  0.0183856  -0.00284759  0.0219521  -0.0215485 
36 0.00682148 0.560226 0.0407495 0.367666 0.0121208  -0.016417  -0.0210898  0.00216049  -0.0140338  -0.0134668  0.00522824  -0.00216315  -0.0157477  -0.0116761 
37 0.0204119 0.521278 0.0438582 0.376805 0.0248105  -0.00666772  -0.0194399  -0.00147441  0.0158684  -0.017844  -0.00885154  -0.0152058  -0.00144416  -0.00125361 
38 0.00530599 0.541231 0.0297773 0.367677 0.0138666  0.00824003  0.0153766  0.00548894  -0.0134876  -0.00663254  0.0111808  -0.00130344  -0.00111904  -0.00246455 
41 0.0114437 0.572465 0.0579793 0.416246 0.0151409  0.0318602  -0.0267768  -0.0272944  -0.0138426  0.00587043  -0.00103544  0.00499127  0.00312648  -0.0198358 
45 0.0392672 0.611911 0.133955 0.477998 0.0690236  -0.0213273  0.0150655  0.00260485  -0.0443073  0.0213836  0.0933338  0.0354733  0.000414479  0.0100441 
48 0.00899053 0.528149 0.0323682 0.489932 0.00905475  0.0247047  -0.00395746  -0.0164737  0.000162588  -0.00036108  -0.0017233  0.00399037  -0.00229477  0.00663533 
50 0.00673799 0.520338 0.0238501 0.517432 0.00531607  -9.36406e-05  0.00222706  0.014418  -0.00215608  -0.010307  -0.00939675  -0.00113147  0.00242796  0.0110165 
51 0.0247264 0.504946 0.0279553 0.529467 0.0243708  -0.000948606  0.00415859  0.00717112  0.00314047  0.00225634  -0.00827801  0.00494042  0.00205483  0.00241473 
52 0.0203444 0.734602 0.138049 0.524451 0.0503779  0.0155421  0.020122  -0.0516001  -0.0360011  0.0116875  0.0204552  -0.0225583  -0.101093  0.0251122 
53 0.0124559 0.533364 0.0415728 0.522334 0.000471819  -0.00441666  -0.0255548  0.0112745  0.0113253  0.00273994  0.00220848  0.00735731  0.0268885  0.0032618 
54 0.00442059 0.51628 0.0172322 0.528355 0.00313807  -0.00514929  -0.00302691  0.00804917  -0.00164611  0.000461744  -0.0109947  -0.00366107  -0.00635953  0.00299706 
55 0.0214783 0.651029 0.114205 0.542336 0.0466356  0.00389462  -0.0250307  0.0382286  0.0203469  0.0165556  0.0194657  0.0330753  -0.0562173  0.0586808 
56 0.0146581 0.513422 0.0297829 0.539622 0.011939  -0.00466617  0.00370694  0.00293774  -0.00232467  0.0112833  0.0087488  0.002801  0.0216484  0.00381821 
57 0.103838 0.56022 0.169073 0.543394 0.0849802  -0.0882859  -0.068844  -0.0359875  0.0302291  0.00434298  -0.0048194  -0.0418202  0.045864  -0.0522176 
59 0.0147609 0.523893 0.0388266 0.478914 0.0159017  0.00473421  0.023691  -0.00911742  0.00572372  0.0150445  -0.00448777  0.0153285  -0.00075645  -0.00854752 
60 0.0113324 0.513067 0.0255427 0.48136 0.0112527  0.00357269  0.00588775  0.0112303  0.00909352  0.00124832  -0.000756621  -0.0120062  -0.00966731  0.00546146 
61 0.0064904 0.509119 0.0160284 0.487638 0.00942282  -0.00715297  0.000656264  -0.00598271  -0.00787456  -0.00118222  0.000589904  0.0035349  0.00188755  -0.000958007 
64 0.00147102 0.502342 0.00385331 0.535765 0.000590907  0.000214915  9.95914e-05  -0.00132076  -0.000703157  -0.00267202  -0.00149469  -0.000312422  0.00156662  0.000527417 
65 0.00971582 0.505453 0.0160504 0.552925 0.00835102  0.000303336  0.00323733  0.00406518  -0.00328285  0.000665882  -8.54662e-05  -0.0122175  0.000488741  0.000212466 
66 0.027412 0.643007 0.125715 0.562737 0.0471191  -0.0154991  0.0199996  0.0167891  0.0293553  -0.0655741  0.0187265  0.0640956  -0.0230113  0.0501176 
68 0.00301645 0.550304 0.0247091 0.574016 0.00301184  -0.00385358  -0.0169371  0.00407747  0.00664192  0.000163966  -0.00694588  -0.00350021  -0.00475208  0.0124863 
70 0.00930459 0.508183 0.0186019 0.607706 0.00526257  -0.00596419  0.00654286  0.00918618  0.00126442  -0.00132609  -0.00364675  -0.00891916  0.0054859  -0.00540998 
71 0.0172045 0.538147 0.0524163 0.618422 0.0242876  -0.02615  -0.00838768  0.00308304  -0.0325265  0.00836895  -0.0102481  -0.00134208  -0.0118509  0.00431445 
72 0.0134234 0.51534 0.0301162 0.622589 0.0143338  -0.0155003  -0.00799734  -0.000173339  0.00639871  -0.00795648  -0.00589916  -0.012697  -0.00970066  0.0017086 
75 0.013315 0.504744 0.0183968 0.666372 0.0105516  -0.00332327  0.000261009  -0.000322464  -0.00011525  -0.00189808  -0.0032117  -0.00148584  -0.00180036  -0.0140183 
78 0.00178292 0.609951 0.0280169 0.711707 0.00711082  -0.000991583  0.000783386  -0.00267061  -0.00817527  0.00398838  -0.00457089  0.0198454  -0.0116209  -0.00965065 
79 0.0189792 0.549801 0.0626114 0.7289 0.0191456  -0.00231305  0.0303869  0.0199605  -0.00235924  -0.0416786  -0.018069  0.00931904  -0.00269144  -0.0079528 
83 0.0118438 0.528895 0.0378143 0.789703 0.00709365  0.0143924  -0.0139418  0.00227501  -0.0207106  0.00466554  -0.0179258  -0.00290685  -0.0028616  0.0135736 
90 0.0319373 0.502834 0.0291627 0.91387 0.0164402  -0.00660927  -0.00305317  -0.0024164  0.00436394  0.018597  0.00362312  0.00638763  0.00994089  0.00192278 
91 0.0483302 0.545667 0.0986127 0.915512 0.0266213  -0.00620146  0.0485866  0.0213618  0.0538893  0.0291479  -0.0311378  0.0204084  -0.00177266  -0.0318975 
93 0.0234619 0.604491 0.0997483 0.927426 0.00735877  0.0450883  -0.00842051  -0.0600248  -0.0139985  0.0401288  0.00905037  -0.0312865  -0.031454  -0.0182306 
98 0.0577354 0.531202 0.0925882 1.01111 0.022558  0.0113939  0.0609312  0.0217339  -0.000403031  -0.0243063  0.00361766  -0.039403  0.035767  -0.0176916 
99 0.0241594 0.512256 0.0381449 1.0024 0.0112229  -0.00443746  -0.0202203  0.00427955  0.00142807  -0.00283905  0.0261101  -0.0134615  0.00260425  0.00154539 
100 0.0114282 0.502348 0.0130882 1.00988 0.00591774  -0.00353598  -0.00602852  -0.00210826  0.00669706  -0.00184048  0.00216666  0.00361299  -0.00272269  0.003097 
103 0.0199246 0.554866 0.0672446 1.02371 0.0122968  -0.0172902  -0.0068827  -0.0106993  -0.0402663  0.0270699  -0.0387724  0.00600676  -0.00258453  0.00310273 
105 0.022034 0.521542 0.0459893 1.01403 0.00997622  0.0227243  -0.00799972  0.00291881  -0.0160712  0.00828544  0.0124934  0.0210606  0.0159686  0.0156531 
106 0.0227966 0.502562 0.022024 1.00323 0.0118856  -0.00068195  -9.3755e-05  0.00375758  0.00555303  0.00311162  -0.0129213  0.00513621  -0.00221321  -0.00950986 
107 0.108894 0.548821 0.15955 0.991929 0.0753179  -0.0341669  0.0581588  -0.0479532  -0.00292167  -0.0860638  -0.0203865  -0.000506578  -0.0590937  0.0401318 
108 0.0163742 0.51993 0.037768 0.938382 0.0139827  -0.00676826  0.000711248  -0.00735267  0.0151767  -0.0102976  0.018108  -0.00164943  -0.0181587  -0.0115671 
109 0.108071 0.546502 0.15585 0.929688 0.0661478  -0.00242946  0.0421182  -0.0363914  0.0461786  -0.0111099  -0.0139349  0.0840985  0.0636071  -0.0569298 
111 0.0288986 0.507566 0.0356061 0.872754 0.0129307  -0.0118869  -0.00920911  8.74841e-05  -0.000699378  0.0189204  -0.00310973  -0.0134705  -0.00285232  0.0177974 
112 0.0632443 0.502751 0.0505442 0.856277 0.0333428  0.000952095  -0.0016965  -0.00758052  -0.00122474  0.00567253  0.00938399  -0.0302535  -0.00258055  0.0183861 
116 0.00524107 0.620915 0.0504096 0.819686 0.00764079  0.0067608  0.0284782  0.00364099  -0.0296157  -0.00167391  -0.0196143  -0.0151962  0.000607814  -0.0108104 
119 0.0110029 0.507424 0.0196166 0.816491 0.0102206  0.00110656  0.00629342  0.00545672  0.0071084  -0.00220607  0.00721446  0.00814063  -0.00395806  -0.0045124 
122 0.118033 0.546863 0.164496 0.809762 0.0938548  -0.0381391  -0.0256779  0.0739942  -0.0376259  -0.0359773  -0.00918172  0.0512141  0.0290674  0.0663235 
127 0.0785127 0.50764 0.071859 0.737662 0.048149  0.0204984  -0.0266254  0.00068786  0.00994148  0.00703858  0.00591199  -0.0118026  -0.0189692  -0.032146 
128 0.00557422 0.515549 0.0190042 0.684516 0.00398939  -0.00684007  -0.000502789  0.00703084  0.000842897  0.00678691  0.00894086  -0.00174787  0.00432932  0.0100131 
129 0.0352736 0.526307 0.0651664 0.680443 0.0157805  0.0389348  -0.00274228  -0.027492  0.00411556  -0.00536861  -0.0221565  0.00814567  0.0268021  0.0199251 
131 0.0223766 0.690924 0.130802 0.654475 0.0411777  0.0400933  0.0388727  -0.0543145  0.0650912  0.0128203  -0.0407843  0.0379654  -0.0383867  -0.0191142 
132 0.0126535 0.512837 0.0269194 0.637344 0.0095187  0.00256283  0.00536936  -0.000232892  -0.0116907  -0.00897015  0.0148329  -0.00847436  0.00317192  -0.00892029 
133 0.0608726 0.517871 0.0772422 0.627402 0.0427017  0.051572  -0.0160832  0.00525255  -0.0196513  0.00604296  0.0190805  -0.00324467  0.0169579  0.0105894 
134 0.0277926 0.583026 0.0973083 0.578395 0.0321343  0.0398668  -0.021675  0.0550152  0.00595173  -0.0353181  0.0416862  0.011866  0.00705587  -0.0118039 
135 0.0103469 0.504846 0.0158903 0.554191 0.00699094  0.0074557  -0.0084008  -0.00414342  0.00543294  -0.00104379  -0.00181764  -0.00207358  0.00380299  -0.0027614 
136 0.00183572 0.605684 0.0278733 0.544825 -0.00522781  -0.0033708  0.00920199  -0.0121061  -0.00732197  -0.00321372  0.00122889  -0.0168197  0.0112549  0.00565396 
137 0.00840847 0.516756 0.0244177 0.543139 -4.19109e-05  -0.00449352  -0.0159651  -0.00668454  -0.00965012  0.0103943  0.00324171  -0.0064339  0.00420751  0.00238483 
138 0.00764618 0.532211 0.0317854 0.535375 0.00536308  -0.00161469  0.00264221  -0.00896443  -0.00542397  0.000779812  0.0205957  -0.00722444  0.0139953  0.0137596 
139 0.045707 0.547173 0.0970653 0.528214 0.0210884  -0.0266049  -0.000570443  0.00209468  0.0058951  0.0485619  -0.00227889  -0.0742109  -0.0187415  0.00278067 
140 0.00659542 0.517026 0.0216628 0.484062 0.00734012  0.00582381  -0.00503058  0.00204808  -0.00747033  -0.00370666  -0.015563  0.00208384  0.000562226  0.00596396 
141 0.00193949 0.503563 0.00543055 0.477224 0.00220119  -0.000920151  0.000359316  0.00266346  0.00219211  -0.00266907  0.000170733  0.00141805  0.00150703  -0.000579102 
142 0.0039132 0.56228 0.0313123 0.475189 -0.00506863  0.000916598  -0.0119028  0.00219196  0.0092117  0.0145019  -0.0126873  -0.00193686  0.0117053  0.0145107 
143 0.00212954 0.505738 0.00714772 0.471062 0.0037491  0.0017263  -0.000573123  0.000844976  0.00287727  -0.00131154  0.00209758  0.00239286  -0.00337845  -0.00121376 
144 0.00276831 0.517309 0.0139722 0.468799 0.00278821  0.00680762  0.00422284  -0.00633413  0.00303519  -0.000547075  -0.0016438  -0.002618  0.000116833  -0.0080044 
149 0.026812 0.742304 0.160969 0.465841 0.0585049  0.088762  0.00865931  0.0947799  -0.0253247  -0.0285377  -0.0369334  -0.00808852  0.0197955  -0.0476881 
150 0.020619 0.563555 0.0734381 0.436519 0.0224279  -0.0280987  0.0199534  -0.0468611  -0.00588582  0.0212057  -0.0112898  0.0166886  0.0109998  -0.0222534 
151 0.00364452 0.907645 0.0770331 0.41248 0.01563  -0.0138051  0.0406439  -0.0070458  0.0423316  -0.0100034  -0.0119667  -0.00592867  0.0149793  -0.0387671 
152 0.0105865 0.529311 0.0359156 0.408046 0.0165075  -0.00593401  0.00783575  -0.00929203  -0.0198879  0.0101505  0.0165666  -0.00322854  -0.0011385  0.00705279 
153 0.00713914 0.550274 0.0381523 0.394931 0.0109412  -0.00423579  0.0157943  -0.00447441  0.00683176  -0.00294614  0.0136288  -0.00998777  0.0262544  -0.00427989 
154 0.00805067 0.562563 0.0451471 0.38582 0.00695388  -0.00435731  -0.0168249  0.0161252  -0.0248937  0.0136989  0.0127568  0.0130747  0.010814  0.0130324 
155 0.0204685 0.524768 0.0470329 0.375285 0.025709  -0.0189638  -0.0100243  -0.0102261  0.0115301  -0.022043  0.0167035  -0.00788859  0.0051294  -0.000261237 
158 0.01085 0.562028 0.0522955 0.347242 0.000765917  0.00817933  -0.00869931  -0.00140955  0.00918131  0.0143127  -0.0316941  -0.00840394  0.0284828  0.0203497 
159 0.00652258 1.2066 0.135479 0.331339 -0.0148411  -0.0185531  -0.0561443  -0.0111834  0.0423744  0.044332  0.0728052  -0.00815544  0.0731689  -0.00557753 
161 0.00647642 0.52212 0.0243305 0.321378 0.00456168  -0.00439824  -0.000748625  0.00211918  -0.00358667  -0.0015103  -0.0184653  -0.0136937  0.00176305  0.00016207 
162 0.00345016 0.515802 0.014954 0.311172 0.00518922  -0.00181376  0.00166753  -0.00293394  0.00563275  0.00776439  0.000447406  0.00379829  -0.00861631  0.00106551 
164 0.00953375 0.773462 0.102032 0.305588 0.030164  -0.0187178  0.0242064  -0.0196216  0.0490701  0.00815488  0.0181978  -0.0526825  -0.0313125  -0.0402236 
165 0.0145604 0.623484 0.0850766 0.289647 0.0501588  0.00433431  -0.0280868  -0.0150561  0.0154587  0.0118983  0.0275306  0.0346863  0.0366711  -0.00118103 
167 0.0298121 0.855704 0.20496 0.263515 0.0723913  -0.0531064  -0.0304797  0.0138732  -0.109909  0.00554831  0.0306226  -0.0439092  -0.101904  0.0864037 
168 0.00484352 0.876654 0.0853508 0.200159 -0.000768308  -0.0162833  -0.0286371  0.00517123  0.0693801  0.0176943  -0.00212229  -0.0152556  0.0230479  -0.0166448 
169 0.0017649 0.539318 0.0166995 0.187702 -0.000897858  0.00242817  -0.000233626  0.00194572  0.0102643  0.00251252  -0.0103273  -0.000357211  -0.0070617  0.000111807 
170 0.0013554 0.606177 0.0240028 0.182944 0.0134334  -0.0014062  -0.00134548  -0.00308898  0.0106255  -0.000817447  0.00645044  -0.00486104  0.011574  0.00834155 
172 0.00428069 0.842888 0.0765734 0.179204 -0.0099758  0.0314658  -0.00800698  0.0400812  0.0237606  -0.0162998  -0.0305227  -0.00724721  -0.032547  0.0151506 
173 -0.00112783 0.430095 0.017781 0.166861 0.00426473  -0.00319863  -0.00171863  0.00990966  0.006363  -0.0043173  0.0018445  -0.0105316  0.000175995  -0.00362171 
176 0.00243152 1.49841 0.0984379 0.170209 0.0494249  0.00386946  -0.0375744  0.0180941  0.0121494  -0.0253494  -0.019962  0.0329715  -0.0413715  0.0388019 
178 -0.000297049 0.4596 0.0069321 0.162918 0.00100015  0.00142405  -0.000730891  -0.00428901  0.0018664  0.00124525  0.000874552  -0.00304203  -0.0027653  0.00184285 
179 0.00131455 1.95657 0.0874498 0.163828 0.0256259  0.0134831  -0.021935  0.0350121  -0.0408799  0.0516185  -0.0172974  0.01205  -0.00303662  -0.0176846 
180 0.00211268 0.795596 0.0499681 0.159768 -0.00338271  -0.00526185  0.0291534  -0.0276651  -0.00792298  0.0175469  0.016131  -0.0141251  0.00265782  0.00222437 
181 0.00135513 0.514053 0.00877705 0.153021 0.00138792  -0.00115709  -0.00287059  -0.00466432  0.00236  -0.00487422  -0.00157585  0.00287289  0.000215071  -0.00191434 
182 0.00104184 0.52731 0.0106908 0.14853 -0.00182881  0.00139979  -0.00184447  -0.0060199  0.00207834  -0.00310585  0.00100223  0.00175816  0.00425305  0.00576173 
183 0.00528491 0.732459 0.070086 0.144982 -0.0189065  -0.002842  -0.0114886  0.004464  -0.0247541  -0.0468999  -0.000946742  -0.0291601  0.0255853  -0.00874102 
184 0.00292254 0.546607 0.0234152 0.125494 0.00269864  0.00271193  -0.00937155  -0.00304964  0.00386182  0.000765457  -0.0110399  0.000148129  0.0169258  0.00355296 
187 0.00262478 0.877723 0.0629448 0.113272 0.0153778  0.0155569  -0.0196751  -0.0162245  0.00684678  0.00891905  -0.000921231  -0.0120234  0.0280231  -0.0421436 
188 0.00365421 0.692214 0.0530105 0.101041 -0.00159967  0.00022529  0.0168514  -0.0169218  -0.0224578  -0.0122753  -0.0304129  0.000444527  -0.00326829  -0.025423 
190 0.00184712 0.617183 0.0294383 0.0810041 0.0191882  0.00564055  -0.00716764  -0.00556851  0.00516471  -0.00746  0.00444436  0.0110499  0.0117169  0.00477121 
194 0.000249373 0.884956 0.0195948 0.068675 0.0079763  0.00345861  6.844e-05  0.00611315  0.00255068  -0.00833687  -0.00920245  0.00746523  -0.0056461  -0.00476386 
195 0.000881413 0.561779 0.0147681 0.0668349 0.00525737  -0.000434094  0.00314441  0.000321415  0.000129062  0.0010301  -0.00631408  0.00303882  -0.0086657  0.00741652 
196 -0.000425032 0.445664 0.009617 0.0598822 0.00367284  -0.00205465  -0.00174254  0.00102425  7.05878e-05  0.00152189  -0.00290392  -0.000516841  0.00464953  -0.00616852 
199 0.000453991 0.581881 0.0121967 0.0633325 0.00128573  0.00106888  0.0059807  0.00170562  0.00688372  -0.00160411  0.00438504  0.00377871  0.00483704  0.000650813 
200 3.11527e-06 0.615848 0.0012015 0.0596416 -2.41186e-05  -0.000106918  0.000323276  0.000346065  0.000488291  -0.000253231  1.26539e-05  0.00093126  -0.000188198  -4.39636e-05 
201 4.45951e-05 21.3332 0.0609461 0.0596154 -0.00858325  0.0253644  0.000427298  -0.0185801  0.0118841  0.0310384  -0.00980504  0.0299027  0.00222564  0.0234972 
203 0.000187556 0.7918 0.0147955 0.0592402 -0.00576951  -0.00276944  0.00144085  -0.00245012  -0.00732769  -0.0022429  -0.00218504  0.00611665  0.0083  0.000259535 
208 0.00143261 0.84364 0.044366 0.0576356 -0.0129736  -0.0232267  0.00992034  -0.00904561  -0.00262785  -0.00691984  0.00924517  -0.029993  -0.00583578  0.00253193 
210 -0.00010769 0.319903 0.00880839 0.0434774 -0.000926991  0.00320574  -0.00127332  0.000315778  0.0012641  0.00224781  0.000628248  0.00126742  -0.00252919  0.00704855 
211 0.000686194 0.723714 0.0247795 0.0446987 -0.0022317  0.00358445  0.0214843  0.00551443  -0.0010998  -0.00419955  -0.00546131  0.00601808  0.00326351  -0.0029443 
212 -1.49785e-05 -5.07908 0.0182826 0.0362218 0.00789066  0.00121005  0.0070135  -0.0056727  0.00315957  -0.000589487  0.0116566  0.00453443  0.00445572  0.00159277 
214 7.32127e-05 0.571836 0.00458682 0.036428 0.00147846  -0.00148739  0.00125416  -0.000934571  -0.00241199  0.000753151  -0.000788284  0.00195565  0.00107558  0.00148548 
215 -0.000198291 -0.885258 0.0331469 0.0354089 0.000805349  0.00606864  -0.0190208  -0.00848331  -0.00728111  -0.0187385  -0.00392599  -0.00161316  0.0141208  0.00243419 
216 0.00010559 0.594596 0.00632114 0.0381064 0.000399048  -0.00179336  -0.00120385  0.00228378  -0.00187959  0.00104227  -0.000787767  0.00221736  -0.00239304  -0.00374613 
218 0.00036559 2.49322 0.0539749 0.0366949 0.0169587  -0.00624814  0.0185634  0.00185572  0.00691582  0.0219812  -0.0160332  -0.0237682  -0.0238587  0.0177869 
220 5.52425e-05 0.715271 0.00689697 0.0313208 -0.00158369  0.00347365  9.8167e-05  0.000422968  -0.00140015  -0.00332916  0.00114592  0.00201478  -0.00331521  0.0018435 
222 -0.000134134 0.442605 0.00555028 0.0304262 -0.00285209  0.00167837  0.00352503  -0.00017983  2.36606e-05  0.00212977  -0.00126182  4.54729e-05  0.0010689  -0.000350543 
223 -2.54896e-05 0.051728 0.00676061 0.032556 0.00248847  0.000487344  -0.0024499  0.00366367  0.00213711  0.00292111  0.000844193  -0.000208087  0.00172921  0.00173352 
224 -0.000308256 -0.122041 0.0276963 0.0329452 0.00385358  0.00943577  0.00209875  0.00793925  0.00028849  0.00728873  -0.00337721  0.00419207  0.0209821  -0.00856304 
225 -0.000371596 0.123802 0.0236497 0.0373321 -0.0108127  -0.00151156  0.00147588  -0.00343347  0.00584093  -0.0051514  -0.00611583  0.0168522  0.00519387  -0.0041367 
226 0.00053576 0.550403 0.0103984 0.0420161 0.00447911  -0.000771728  -0.0035245  0.00075571  -0.00373735  -0.00307799  0.00195063  0.00255369  -0.00624187  -0.00132198 
227 -0.000133282 0.350032 0.00894232 0.0350676 0.000458403  0.00116061  0.00354509  0.00354739  -0.00499593  0.00418403  -0.00217213  -0.00243673  -0.000299313  -0.00021336 
228 0.000383498 1.24142 0.0337198 0.0369192 0.00213593  -0.00687432  -0.0120774  -0.0132664  0.00544097  -0.0173887  0.0178663  0.000262734  0.00902324  -0.00553926 
229 -0.000486874 0.406379 0.0135087 0.0312986 -0.000546295  0.00172717  0.0048824  -0.00317311  -0.00136856  0.00240376  -0.00440987  -0.00459943  0.00978379  -0.0011496 
230 0.000659471 0.777673 0.0270625 0.0382961 0.005643  -0.0121188  -0.00211701  -0.000177117  -0.0137853  -0.012173  -0.0030269  -0.00421037  -0.0112669  -0.0075569 
232 -7.32395e-05 0.214715 0.00914228 0.0284137 0.00180108  0.00229998  0.000517138  0.00494424  0.00279656  -0.000401087  -0.00233157  -0.00237264  0.00555776  0.000631268 
233 0.000371618 0.881222 0.0238033 0.0296746 -0.0124541  -0.00178006  0.00201321  0.0117804  0.00367522  0.00894521  0.00982025  0.00161722  -0.00489366  0.00699801 
234 5.20348e-05 0.790689 0.00777838 0.0225618 0.00401164  0.0038781  0.00128698  0.00361666  -0.00084722  -0.00195243  0.00204897  -0.00037802  -0.000999155  -0.00218278 
241 1.89204e-05 0.549424 0.00193406 0.0213776 0.000811405  0.000115356  0.000524152  -0.000506458  0.000807511  0.000155914  0.000832791  -0.000749734  -0.00045464  0.000631624 
243 -8.4477e-05 -1.00774 0.0225715 0.0209304 0.006285  0.00364908  -0.00748344  -0.00299923  -0.01028  -0.00291168  0.0124598  -0.00143983  -0.0070334  0.00840903 
244 6.46535e-06 7.3277 0.0132879 0.0228596 -0.000448225  0.000562393  -0.00346644  -0.000324782  0.0054766  -0.00486059  -0.0013848  -0.00704475  -0.00503245  0.00578276 
245 -0.000520326 -0.0126832 0.0326699 0.0227177 0.007553  0.0104395  0.00976406  0.0012446  -0.005004  0.00385911  -0.00564207  0.0077395  -0.0259347  0.000359342 
251 -7.13889e-06 0.444594 0.00125785 0.0321956 0.000638413  0.000151619  0.000375539  -0.000596407  0.00045139  -0.000125036  -0.000118081  -6.60467e-05  0.000265778  0.0005887 
252 3.45877e-05 2.44005 0.0163827 0.0323063 0.0014636  -0.00134842  -7.89166e-05  0.00273586  -0.00502466  0.0010986  0.00691061  -0.00430531  0.00800357  -0.0100069 
253 7.68352e-05 0.592809 0.00534096 0.0317665 -0.00313637  -0.00210603  -0.000462122  0.00159546  0.000365208  0.000882794  -3.8727e-06  0.00272332  -0.00169303  0.000546864 
255 -5.88018e-06 -5.74615 0.0121207 0.0305332 0.00114961  0.00492809  0.00462689  -0.00346692  0.00797717  0.000333518  0.000277322  0.0029995  0.00387836  0.000118344 
259 0.000178371 0.588923 0.00796584 0.0306293 0.000410935  -0.00533595  -0.00334152  5.748e-05  -0.00245504  0.00364208  -0.000531838  -0.00191475  0.000391712  -0.000499824 
261 -7.8616e-05 -0.20345 0.0148733 0.0275645 -0.00372465  0.000631507  0.000287977  -0.00644683  0.0052353  0.00269508  0.00113144  -0.0103547  0.00409565  -0.0023137 
264 0.000300529 1.03088 0.0252603 0.0289555 -0.000465299  -0.010621  0.00674417  -0.0041215  -0.00527639  0.00750547  -0.0140796  0.0068796  0.00846983  0.00781757 
267 -8.44646e-05 -1.21882 0.0240978 0.0231935 -0.00998256  0.00544575  -0.00941623  -0.00177143  0.0115552  -0.00797832  0.00948344  -0.00517974  0.00401355  -0.00543532 
269 -0.000223622 0.367018 0.0109081 0.024948 -0.00246761  -0.00222153  0.00094842  -0.00600462  0.00679309  0.000502359  -0.00224598  0.00324633  -0.000849119  -0.00288194 
274 0.000130537 0.597031 0.00711824 0.029087 0.00136993  -0.00180488  -0.00035426  0.00349504  -0.00200714  0.00136892  0.000506  0.000758672  0.00387101  0.00338753 
277 -3.99902e-05 -1.95831 0.0198298 0.0267493 -0.00160739  0.00394158  0.00606177  0.00521252  -0.00923292  -0.00145202  0.0044459  -0.00715806  -0.0119909  0.00300786 
279 -3.33713e-05 0.484118 0.00145624 0.0274866 -0.000804002  3.92155e-05  -0.000108697  -0.000414953  0.00012289  -0.000148336  0.000202372  -0.000592002  0.000372488  -0.000849351 
281 -0.000112517 0.482825 0.00278153 0.0280871 -0.000636952  0.00119963  0.00112522  -0.00188801  6.19386e-05  2.97068e-05  0.000877052  0.000103027  0.000452011  -0.000269289 
282 2.53846e-06 2.08615 0.00401316 0.0300235 -0.000875037  -0.000578304  -0.00268054  0.000783187  0.00210293  5.40759e-05  0.000693949  0.000142832  -0.00118878  0.000930699 
284 -3.21262e-05 -1.38757 0.0155743 0.0299812 0.00216764  0.00591839  -0.00826569  0.000152278  -0.00946196  0.00188774  -0.000671881  0.00203638  0.00432824  0.00425015 
285 0.00034747 1.00558 0.026506 0.0305123 0.0126707  0.00270552  -0.00693953  0.00632381  -0.00274821  -0.0142501  -0.0128176  0.00784989  0.00116175  0.00294611 
286 3.78779e-05 0.6309 0.00445344 0.0241576 -0.00162142  -0.00154457  -0.000738457  0.00249719  -0.00084826  -0.000902048  -0.00164876  0.0014215  -0.000707549  0.00112438 
288 6.86436e-05 1.4682 0.0163042 0.0233605 -0.00255306  -0.000856149  0.00139258  -0.00894743  0.00869151  0.00142421  -0.00127926  -0.00578191  0.00503724  -0.00621038 
291 -0.000117995 0.424449 0.00597224 0.0218419 0.000720874  0.00138365  0.000678527  -0.00305298  0.00408845  -0.000854778  0.000718454  0.00214653  0.0007617  -0.000549854 
299 -3.7794e-05 0.367256 0.00447982 0.0243941 0.00107993  0.00053966  0.00133342  0.000699862  0.00107441  0.0023879  -0.00016123  -0.00145932  0.00270613  9.10048e-05 
306 5.58598e-05 0.565127 0.00381486 0.0251568 -0.000484682  -0.0012049  -8.88915e-05  -0.000553098  -3.08532e-05  -0.00209453  -1.78127e-05  0.00152392  -0.00219652  0.00100859 
312 -0.00119936 0.265807 0.0335375 0.024021 -0.0118449  0.000253654  0.0063389  -0.0165466  -0.0134188  -0.000324509  0.0163519  0.00143317  -0.00353155  -0.0144341 
313 -9.08016e-05 0.0192983 0.0132137 0.0421555 -0.000504988  0.00402549  -0.00272552  0.00469963  0.00205329  -0.00654032  -0.00300723  0.00368614  0.00521106  -0.00564354 
314 0.000376865 0.542449 0.008003 0.0432191 0.00175776  -0.00260058  0.000503824  0.00219951  0.00143249  0.000484363  -0.000538597  0.00197894  -0.00643018  0.00112407 
315 0.00046634 2.74002 0.0646173 0.0386147 0.00656379  -0.0155894  0.00585083  0.0374486  0.019185  0.0107777  -0.0344573  -0.00620276  0.00604659  0.0265726 
318 -0.000419321 0.144057 0.0244374 0.0320136 0.000283583  -0.00791729  -0.00616009  -0.0172159  0.00689089  0.00542942  -0.00376935  0.00153099  0.00971493  -0.00349176 
320 -1.09836e-05 -1.80106 0.0100546 0.0380036 0.000721097  -0.000917456  -0.00696769  0.00106044  -0.00222838  -0.000136624  0.00364114  -0.00293082  0.00118412  0.00467179 
321 -0.000128628 -0.594764 0.0237334 0.0381479 0.00535067  0.0101624  -0.00552458  -0.00618452  -0.00463572  0.0109486  -0.00254494  0.0100533  -0.0101416  0.00329247 
322 0.000319165 0.584645 0.0103969 0.0397982 -0.0044748  -0.00290015  -0.0016321  0.000440101  -0.00216564  0.00298583  0.00462186  -0.00169682  -0.00310541  -0.00541421 
323 -3.01778e-06 0.498611 0.000129512 0.0355638 2.71878e-05  2.57509e-05  -7.1679e-05  -4.17164e-05  6.96139e-05  -2.7953e-05  -2.05265e-05  -1.67504e-05  -3.08445e-05  -3.48167e-05 
326 -1.90963e-06 0.482187 0.000368869 0.0356062 -8.66391e-05  -0.000174801  -0.000190639  1.58804e-05  -0.000103006  -0.00017047  -3.87184e-05  2.19236e-05  0.000115465  8.01562e-05 
327 -3.92538e-05 0.488404 0.00134964 0.035633 -0.000541829  -0.000317409  -0.000454438  -0.000374721  -0.000360809  0.000708672  0.000231051  -0.000374015  -4.46441e-05  0.000502599 
328 0.000217537 0.597822 0.00922676 0.0361796 -0.00122337  0.000800198  0.00393959  0.00228003  -0.00304476  0.00378168  0.00295695  -0.00165935  -0.00495987  -0.001615 
329 0.000261064 0.613946 0.010909 0.0330371 0.000857234  0.00437743  -0.00483125  3.05635e-05  -0.00277755  -0.00586791  0.00498874  -0.00145219  -0.00143149  -0.00213872 
330 -0.000186961 0.442396 0.00656505 0.028817 0.00153291  -0.00117497  0.00162948  -0.00283196  0.000120626  0.00415416  0.000139008  0.00117253  0.000855855  0.00304896 
338 0.000277473 0.770688 0.0173326 0.0318967 0.00460277  0.00225688  -0.00423597  0.00294131  -0.00129779  -0.00882306  0.00787551  -0.00524971  0.00409507  -0.00785256 
341 -0.000250736 0.208828 0.0170905 0.0272023 0.00407985  0.000659618  0.00465299  0.0115737  0.00958749  0.00410893  0.00286493  -0.000523948  0.000373282  -0.00140695 
343 4.84601e-05 0.618892 0.00480069 0.0314759 -0.00308635  -0.000958971  -0.00231959  -0.00249091  -0.000452306  -0.000675113  -0.000506141  0.000224918  -8.07985e-05  0.000206535 
345 8.33011e-05 0.63367 0.00667388 0.0306965 -0.00226347  -0.000207858  0.00256608  0.0020128  0.00168753  -0.00153791  0.00113838  0.00138298  -0.0023865  0.00382377 
346 -0.000143731 0.209775 0.012918 0.0293083 0.00555667  0.000535919  0.00102577  0.00510509  -0.00682422  0.00281276  -0.0050708  -0.00171179  0.000480641  0.00502415 
347 0.000308366 0.812144 0.0196211 0.0316657 0.00311238  -0.00952232  0.00272067  0.00388491  -0.00379527  -0.0145272  0.00371475  0.00400331  0.00117945  -0.00233897 
350 1.19666e-07 0.539554 0.000137597 0.0263514 3.78819e-05  6.93418e-05  4.7848e-07  -2.41328e-06  1.68285e-05  -0.000102374  3.49474e-05  -1.83706e-05  -1.89103e-05  -1.84432e-06 
351 5.84285e-05 0.627785 0.00546498 0.0263492 -0.00157634  -0.00122245  0.00231096  0.000994718  0.000373216  -0.00179074  -0.00397798  0.000178037  -0.000214407  -0.000555594 
352 -0.000289144 0.14188 0.0203537 0.0252161 -0.0102269  0.00251262  -0.00153119  -0.000795996  0.00211467  0.00552957  -0.00297265  -0.0151916  0.00035928  0.0050589 
353 5.68193e-05 2.32195 0.0203484 0.0304144 -0.00842103  -0.00114463  0.00690829  0.00466104  0.00203902  -0.00473035  -0.00228285  0.0134278  0.00667372  -0.0039739 
354 3.27085e-05 0.945706 0.00763627 0.0294656 0.00162425  0.00184724  0.00320218  -0.000852696  -0.00119514  -0.00179042  0.00356491  -0.002059  0.00041625  0.0044188 
356 0.000153572 1.10399 0.0192612 0.0289052 0.00446076  0.00238375  0.0105555  -0.00141603  -8.65457e-05  -0.00171378  0.00777902  0.00520707  0.00087459  -0.0118597 
360 -3.12163e-05 0.124887 0.00684394 0.0261142 0.000833626  0.00229431  0.000970807  0.000123394  0.00163516  -0.00391653  0.00247776  -0.000918388  -0.0038587  -0.000194433 
362 3.52897e-06 9.67115 0.0113779 0.0267052 -0.0013514  0.00307588  -0.00466447  0.000834791  -0.00816708  -0.00200625  0.00418445  0.00242136  0.000342561  -0.00122426 
363 -0.000140755 -0.551657 0.0243333 0.0266391 -0.00747878  -0.00215302  -0.00772212  0.00135913  0.00448611  0.00817781  -0.00850845  -0.0107817  -0.00309737  0.0135952 
365 0.000353661 0.569314 0.0099045 0.0291617 -0.00130565  0.000296464  0.00292181  -0.00583141  -0.00396627  0.00155132  0.000820115  0.00297957  0.000217512  -0.00510182 
367 -0.000256817 0.315617 0.0137646 0.0222891 0.00372502  0.00554285  0.000655563  0.000641298  0.000905656  -0.00546066  0.0104922  -0.000995672  3.80975e-05  0.00151844 
368 2.53875e-05 0.509194 0.000966439 0.0274528 -0.000388078  -0.0002476  5.94441e-05  -0.000298018  0.000278439  0.000382981  -0.000464258  0.000435013  2.76819e-05  2.36009e-06 
374 -0.000110563 0.451343 0.00463959 0.0269864 -0.000318757  0.00107003  -0.00103634  0.00332099  0.000755794  0.000533867  -0.00213298  -0.000513844  0.00157101  -0.000195649 
375 1.12078e-05 1.53047 0.0067968 0.0289627 -0.00111592  0.00196829  0.00108194  0.00038482  0.00111903  0.0019044  -0.00283989  0.00391946  -0.00303899  0.0014889 
377 1.72856e-05 0.504312 0.000546143 0.0287685 -5.78281e-05  -6.3846e-05  0.000112762  -0.000245964  0.000153479  2.60996e-05  -0.000185491  -2.02516e-05  0.000126757  -0.000377514 
378 0.000191901 0.965961 0.0189114 0.0284665 0.00830436  0.00149127  0.00270065  -0.00634912  -0.00296636  0.00960547  0.0045684  0.00130992  -0.00104358  -0.0106823 
379 -0.000406814 0.388677 0.0134635 0.0248689 0.00552329  0.00469468  0.0010229  -0.00600138  0.00426112  0.00775509  0.00228996  0.00120496  0.00238478  -0.000987615 
380 -3.63225e-05 0.436738 0.00303186 0.0320212 -0.00024581  -0.000226397  0.0010354  -0.000334284  0.000552938  0.00197364  -0.00116401  -0.00118573  -0.000482218  0.00083801 
381 -0.000818687 0.177351 0.032515 0.0325834 -0.00425119  -0.00743773  -0.00299063  0.0159905  -0.0198815  -0.00205141  0.00539607  -0.00908604  0.0120497  -0.00792712 
382 0.000470668 0.674134 0.0181068 0.0433671 -0.0106616  0.00523753  -0.000598872  -0.000758888  0.00235765  -0.00596809  -0.00970877  -0.00165462  -0.0055504  0.00410359 
385 -1.46246e-05 0.31435 0.00329551 0.0375519 0.00122992  0.000455554  -0.000558053  -0.000551341  -0.000425743  0.002204  0.00024131  0.00168341  0.000658071  -0.000400904 
387 0.000777523 1.2088 0.0469392 0.0377461 0.0109824  -0.0187561  -0.00373374  -0.0352787  -0.00271818  -0.0177239  -0.00277307  0.00590007  -0.00160075  0.0102844 
388 -7.11774e-05 0.265245 0.00817566 0.025447 9.7276e-05  0.000839566  0.00133302  0.0044282  -0.00313471  0.00382465  -0.00121303  -0.000745374  0.00388454  0.00178047 
389 0.000199949 0.591118 0.00853745 0.0268091 -0.000164601  0.00462162  -0.0018994  -0.00242946  0.00354163  -0.00109287  -0.00184308  0.000810583  -0.00436196  -0.00227453 
390 -0.000224787 0.35454 0.011438 0.0227772 -0.00470327  0.00184115  -0.0038171  -0.00291499  -0.00244501  -0.00406365  -0.00213557  0.0059823  -0.0019795  0.00393596 
392 -0.000279203 0.334853 0.0135831 0.0272693 0.00420244  0.000354222  -0.00191812  0.00339197  -0.00774898  0.00422838  -0.00191594  -0.00663291  -0.00189143  0.00472855 
394 -0.000577923 0.218536 0.0255139 0.0319821 0.0063938  0.00241033  0.000491212  0.00347671  -0.0103959  -0.0116712  -0.00773183  0.00172347  -0.00694867  -0.0153823 
396 -1.82952e-05 0.464847 0.00160396 0.0400118 -0.000104811  -0.000291003  7.82163e-05  0.00139339  -0.00064225  -0.000175023  -3.12797e-05  -0.000101726  0.000112629  0.000249486 
399 -5.93358e-05 -0.476124 0.015221 0.0402398 -0.00897581  0.000368848  0.00444002  -0.00541841  0.000316319  0.00492383  -0.00373498  -0.00509657  0.00520517  -0.0032467 
400 -0.000381456 0.0329265 0.0266986 0.0409705 -0.000210779  -0.0103726  -0.00824177  -0.00238535  0.00354545  -0.00744482  0.00978928  -0.0119823  -0.000173083  0.0149711 
401 -0.000384497 -0.18694 0.0325061 0.0453884 -0.0156202  -0.0035558  0.0199244  0.00760505  0.00122428  -0.012845  0.00545647  0.00754252  -0.00957687  0.000562766 
403 -0.000395763 0.321167 0.0168293 0.0494437 0.0060338  -0.00913858  0.00781987  0.000265881  -0.00263565  0.00068207  -0.00635581  -0.00510225  0.0017796  -0.00500766 
404 -0.000153493 0.222415 0.0130557 0.0532965 -0.00143483  -0.00166082  -0.00344775  -0.000430711  -0.00097963  -0.00207029  0.00699573  0.00168655  0.00966199  -0.00178244 
405 0.000489002 0.714385 0.0204777 0.0547177 -0.00803817  0.000477006  -0.00458541  0.00366999  0.0101015  0.00320594  0.00759984  -0.00179158  -0.0120051  -0.00160987 
406 0.000141228 2.33272 0.0321734 0.0500514 -0.00634426  -0.00596916  -0.00256508  0.00289977  -0.00230046  0.0278837  -0.00719318  0.00220874  -0.00611614  0.00821233 
409 0.00111702 0.619587 0.0231218 0.0486202 0.00588576  0.0121383  -0.00695093  0.00663591  0.00462893  0.00053935  -0.00062726  0.0106444  0.0101977  0.00456921 
411 0.000151287 0.618766 0.00847799 0.0353203 0.00188307  0.00354822  -0.0021734  -0.00405121  -0.000345063  0.00170316  -0.00410492  -0.00187636  0.00321823  -0.000925521 
412 0.000417539 0.606438 0.0133347 0.0331096 0.0117067  0.00128606  0.000553798  -0.0026912  0.00155851  -0.000313179  0.00220932  -0.00322205  0.000963513  -0.003584 
414 -1.34369e-05 -0.593534 0.00766648 0.0260537 0.00446599  -0.00192151  0.00367174  0.00324303  0.000461604  -0.000419465  -0.000232205  -0.00315129  -0.000632067  -0.000604669 
416 -0.00024442 0.305664 0.0137857 0.0263103 -0.00161506  -0.000322454  0.00168823  -0.00656213  -0.000371599  0.00401569  0.0094894  0.00382463  0.00050123  0.00449787 
419 3.76836e-05 0.649565 0.00474813 0.0306053 -0.000187213  0.00210559  -0.000940308  0.0020715  -0.00224474  0.000858663  -0.000590255  0.00211132  -0.000648813  -0.00137757 
421 4.50985e-06 0.502467 0.000210981 0.0299833 0.000121473  4.58792e-05  -2.94788e-05  3.39315e-05  8.97176e-06  -6.01884e-05  5.14424e-05  0.000107227  -8.63145e-05  -1.82864e-05 
422 0.000292445 1.14934 0.0275581 0.029908 0.00254558  0.00587849  0.0153786  0.00157864  0.00564886  -0.00516914  -0.0117066  0.000202932  -0.00534451  -0.0159732 
423 5.76807e-05 1.55185 0.015578 0.0245375 -0.00134824  0.00586806  -0.00132124  0.000459929  0.0091624  0.00236844  0.000162752  -0.0050741  0.00914559  0.00234326 
426 2.35188e-05 0.741541 0.00476686 0.0233326 -0.00184547  -0.00139961  -0.000128242  0.000695245  -0.00234287  -7.76797e-05  0.000939185  0.00120709  -0.00259183  0.00151879 
427 -1.04494e-05 0.494067 0.000498041 0.022823 -0.000295374  0.000212697  0.000211738  0.000107041  -0.000132651  -1.05748e-05  9.3725e-05  0.000171863  1.00324e-06  -5.69021e-05 
430 -5.71955e-05 0.477623 0.00226301 0.0230508 -0.00106042  0.000915261  0.000988492  0.000867996  0.000295854  -0.000355723  0.000822052  -0.000186319  0.000484389  -0.000518947 
431 7.81016e-06 30.0372 0.0303752 0.0242598 0.00421612  -0.00523873  -0.0211399  0.00952859  -0.000218201  -0.00155238  0.0142444  0.00221658  -0.00866264  -0.00737759 
434 0.000186474 1.55124 0.0279997 0.0240983 0.00688204  0.00195585  0.0100139  -0.00101674  0.0082147  -0.0129818  -0.0127745  0.00455189  0.013945  0.00413543 
435 -0.00050744 0.353214 0.0172666 0.0198562 0.00151924  -0.0097526  0.00253203  0.000341715  -0.00422213  -0.00464128  0.00631601  0.00553399  0.0075753  0.00518801 
437 6.64049e-07 0.536257 0.000310331 0.0300306 -7.88329e-05  0.000102449  3.36478e-05  -0.000155853  5.35371e-05  4.07915e-05  2.53107e-05  0.000130768  0.000160635  -7.8088e-05 
438 0.000180016 0.600163 0.0084931 0.0300196 -0.00251828  0.00215902  -0.0011105  -0.00556142  -0.00452094  0.000774903  0.000445549  0.000976387  -0.00243397  -0.000922885 
442 -0.000257028 -1.07544 0.0402448 0.0268547 -0.00416987  -0.00483373  0.00269353  -0.0226002  0.0076942  0.0197825  -0.0126081  0.00523561  -0.012155  0.0166192 
446 0.000219909 0.743127 0.0146239 0.0312768 -0.000342075  -0.00197454  0.00124035  -0.00162919  0.0019206  0.000827677  0.000975509  -0.00435489  0.0009438  -0.0134338 
447 -8.33691e-06 0.455872 0.0012131 0.0275382 0.000124543  0.00015751  0.0001647  0.000179939  0.000217541  0.000721952  -0.000879318  -7.44492e-05  0.000123945  9.56558e-05 
450 6.93825e-05 1.12865 0.0132083 0.0276892 0.00118119  0.00484668  -0.00934153  -0.00314983  0.00356249  -0.00313659  -0.002807  0.000224858  -0.00452733  0.00119716 
451 5.82139e-05 0.545014 0.00323778 0.0264066 0.000123954  0.00255423  8.24681e-05  0.000328016  -0.000973557  -0.000422064  -0.000370592  0.000355159  -0.000847608  -0.00131206 
452 -0.000472283 0.314081 0.0187458 0.0252804 0.00497191  -0.0117955  -0.0010835  0.00206942  0.00901013  -0.00548158  0.00152484  0.00397837  -0.00345601  0.00638507 
455 -5.92899e-05 -0.233247 0.0131871 0.033339 0.00760483  0.0072567  0.00148755  -0.00300714  -0.00437356  0.00434701  -0.00179705  -0.00220676  -0.000333206  0.00243228 
457 -0.00018441 0.0915482 0.0173587 0.0342167 0.00864848  0.00181336  0.00418547  0.00280144  0.00554423  0.00510642  0.00470095  -0.00269517  -0.00425379  -0.00967476 
459 -4.75038e-06 0.48278 0.000572035 0.0368132 -0.000244903  -5.84494e-05  -0.000178196  -0.000131056  0.000253577  0.000294898  0.000158824  -0.000115862  -7.03977e-06  0.000157909 
460 1.85247e-06 9.04185 0.00795573 0.0368776 0.00429882  -0.000147469  -0.00328849  0.00371639  0.000209443  -0.00396096  -0.000607612  -0.00141877  0.000214898  0.00141599 
464 0.000544919 0.917877 0.0301767 0.0368525 -0.0143423  -0.00681836  0.00265244  0.0135131  -0.00685427  0.00528263  0.010061  -0.000126819  0.0142451  0.00947376 
466 4.85478e-07 8.62157 0.00397132 0.0285191 0.00145801  -0.000314816  -0.000516212  0.000771527  0.00186042  0.000927187  -0.000154924  -0.000731951  -0.000128844  -0.00279061 
468 -0.000640294 0.355053 0.0192754 0.0285106 -0.00154789  0.00109508  0.0113605  -0.00847176  0.0041501  -0.00015966  -0.00455781  -0.0091308  0.00386766  0.00554651 
469 0.000387694 0.639486 0.0147085 0.0381228 -0.000118838  0.00841751  0.00492342  0.000560522  -0.00441721  -0.00249092  0.00205094  0.0025902  -0.00670388  -0.00627236 
470 0.000137922 2.14344 0.0301083 0.0326456 -0.0156672  -0.0104184  -0.00406957  0.00785977  -0.0161058  -0.00779821  0.0033149  0.0116688  -0.000908055  0.00244598 
471 0.000106171 0.65375 0.00808063 0.0304601 -0.00367861  -0.000186799  -0.00443684  0.00121761  -0.000512367  0.00119267  0.00235165  -0.00465548  -0.000340416  -0.0012477 
474 -0.000109589 0.109132 0.0130901 0.0286645 0.00615482  -0.00198478  -0.00286971  -0.0042344  0.0070692  0.000556255  0.00619586  0.00381679  -0.000215657  0.000278958 
477 -0.000202318 -0.43572 0.0275186 0.0305164 0.00362549  0.0162649  0.0125681  0.00997225  -0.000129395  0.00520483  -0.00361618  -0.00394243  -0.0128162  0.00148312 
479 -0.0002357 0.323576 0.0128987 0.0336688 0.00629901  0.00360883  0.00117766  -0.00218026  0.00534734  0.00612754  -0.00541008  -0.00187082  -0.000748877  0.0028397 
480 1.43135e-05 0.501114 0.000252755 0.0370043 -7.84406e-05  -2.09848e-06  -3.78488e-05  -0.000101678  -1.21079e-05  -0.000112334  -0.000109718  4.16915e-06  8.09508e-05  -0.000120759 
481 0.000250408 0.660486 0.012679 0.0368103 -0.0025872  -4.83066e-05  -0.00492714  -0.00160408  -0.00828971  0.002424  0.000100128  -0.00446092  0.00564405  0.00092183 
483 0.000642938 0.784714 0.0270577 0.0332359 -0.0105141  -0.000554617  -0.00142006  0.00343728  0.00115535  -0.00822053  -0.00980747  0.00210386  0.00203845  -0.0208268 
485 1.93257e-06 0.503719 0.000169551 0.0214917 7.38455e-05  -3.03433e-05  2.12107e-05  -3.24642e-05  6.32344e-05  -2.25132e-05  9.20331e-05  7.47083e-05  3.1798e-05  -3.60834e-05 
489 -0.00025426 -0.741247 0.0355301 0.0214467 0.0183494  -0.00533694  -0.0158279  -0.00925467  -0.00803381  -0.0113484  -0.00233666  -0.00913949  0.00294575  0.0164328 
490 2.46568e-06 95.5201 0.0306112 0.0267255 -0.0183526  -0.00718605  0.00527818  0.00839566  -2.16853e-05  0.00809735  0.00252469  0.0142595  0.0129061  0.00289839 
492 -0.000202141 0.217804 0.0151066 0.0266793 0.00863184  0.00657213  0.00441464  -0.00327395  -0.00159852  0.00594099  0.00251791  0.00552826  -0.000225434  0.00234477 
494 -9.02331e-06 0.442922 0.00143533 0.0302316 0.000824517  -0.000160138  0.000416985  0.000480203  0.000559716  0.000348824  -4.83423e-05  0.000657834  -0.000193877  -0.000206402 
496 0.000454725 0.90937 0.0272849 0.0303805 -0.000953577  0.0113137  -0.00780847  0.00385236  0.012263  0.00589559  0.00184116  0.0029819  -0.00936519  -0.0159568 
497 -3.78969e-06 0.467373 0.000703273 0.0216414 0.000477197  4.59022e-05  2.97754e-05  1.72379e-05  -0.000154281  -7.99647e-06  -0.000285219  7.68945e-06  -0.000309497  0.000250044 
500 -0.000530734 0.250607 0.0230151 0.0217288 -0.00607013  -0.0142476  0.00687655  0.00178942  -0.00192326  0.0092115  -0.000409135  -0.00194065  0.00673533  -0.0100755 
