generation s h r distopt trait[0] trait[1] trait[2] trait[3] trait[4] trait[5] trait[6] trait[7] trait[8] trait[9] 
3 0.000234962 0.616743 0.0104754 0.04 -0.00109255  -0.00500037  -0.00169594  -0.00608797  -0.00387399  -0.00151109  0.00303317  -0.00385973  0.00108328  -0.00101706 
5 -3.84041e-05 0.496876 0.000693276 0.0762915 7.85046e-05  0.0003575  0.000344315  0.000160348  0.000346232  0.000144461  -0.000205344  6.52806e-05  0.000117337  -3.81704e-05 
6 0.00293751 0.750585 0.054252 0.0964303 -0.0297667  -0.0134808  0.0230361  -0.0141686  0.00531593  0.00421947  0.0233499  0.0152452  -0.0156005  -0.00877566 
7 0.00163736 0.741943 0.0398035 0.0968627 -0.0176014  -0.000135248  0.00253511  -0.0130681  0.00789734  0.00646379  -0.0275751  -0.00767227  0.0131867  -4.09509e-06 
8 0.000535646 11.4307 0.152792 0.105173 -0.0901881  -0.0619177  -0.0339409  0.0205124  -0.0814637  0.0252326  0.000129446  -0.0249397  -0.0341948  0.027218 
15 0.00134069 0.517999 0.00986683 0.161296 -6.29324e-05  -0.00460287  -0.00245182  0.000831863  0.00311005  -9.31783e-05  0.00186858  -0.00535638  0.00377928  0.00364883 
17 0.00783935 0.614074 0.0599333 0.189838 -0.0208821  -0.0271045  0.0154108  0.0132914  0.00797617  0.0161421  -0.000658637  0.0139777  -0.0337078  -0.0187328 
18 0.000623275 1.51579 0.0503097 0.183721 0.00303629  -0.00650472  0.00173842  0.00498062  0.0224778  0.000620203  -0.0260969  -0.031328  0.00152563  0.0167706 
20 0.0111125 0.634468 0.0774642 0.215363 -0.0666821  0.00664226  -0.0235106  0.00654062  0.0175778  -0.00500886  0.005039  -0.00360377  0.0104654  -0.0207988 
21 0.0129874 1.4043 0.21561 0.203611 -0.0295536  -0.117419  0.101893  0.0695883  -0.00171018  -0.0546936  -0.0111944  -0.0220484  0.104402  0.045791 
22 0.00793294 0.802502 0.0978816 0.176986 -0.0119674  -0.0309488  0.0404274  -0.0417716  0.0147734  0.0272387  -0.0046017  0.0355526  -0.0523241  -0.0108319 
26 0.0168212 0.724498 0.122843 0.194032 -0.0349233  -0.0454934  -0.0754686  0.0360261  0.0463532  0.0401884  -0.00983494  0.026021  -0.0016539  -0.0163561 
28 0.00608628 0.615446 0.0530986 0.168319 -0.0136701  -0.0105152  -0.00440214  -0.0035076  -0.0150382  -0.00170012  0.0277379  0.000435916  0.0384579  0.00356364 
30 0.00126244 2.40217 0.0979219 0.177368 0.0195405  -0.00782722  -0.0353193  -0.0292933  -0.0487954  -0.0254563  -0.0289853  -0.0190701  -0.0440142  0.0294953 
32 0.00728921 0.521824 0.0256972 0.207981 -0.0120068  -0.00585383  -0.000650152  -0.00937844  0.00904252  -0.00600965  0.00927982  0.00412183  -0.0120135  -0.00531268 
37 0.00798634 0.593167 0.0547261 0.283043 -0.0114622  -0.0317976  0.00155035  0.00839332  -0.00947863  -0.0130197  -0.0247762  -0.0221292  -0.01202  0.0164994 
39 0.00504523 0.574893 0.038987 0.304893 -0.022305  0.015132  0.0083592  -0.0173588  0.000348249  -0.00548837  -0.00778202  -0.00331553  0.0168306  -0.00610139 
40 0.00353117 0.51014 0.012214 0.315158 -0.00803547  -0.00320865  -0.00169156  0.00506884  -0.000675693  0.00367352  -0.00343139  -0.00314269  -0.00298882  -0.0011077 
42 0.00341169 0.64826 0.0450012 0.346928 -0.0109294  0.00692016  0.00330703  0.0246863  -0.0129948  -0.000613039  0.0311498  0.0076514  -0.00387566  -0.00492999 
43 0.00996966 1.06356 0.149498 0.360998 -0.0113713  -0.044799  -0.108729  0.0315552  0.0365445  -0.0251022  -0.032348  -0.0246566  0.0542441  -0.0288654 
44 0.0246193 0.844949 0.183609 0.364659 -0.0370539  -0.0487424  -0.0639572  -0.0795821  0.0183636  0.0596521  0.0266048  0.037414  -0.012883  -0.115631 
45 0.00727735 0.79743 0.0929711 0.345841 0.0309657  -0.01538  0.0283201  0.0177917  -0.00730723  0.0115771  0.0452248  0.0164814  0.0199497  0.0585431 
46 0.0317856 0.854735 0.211285 0.352912 -0.11747  -0.00427609  0.081246  -0.0321988  -0.0496922  0.0826532  0.0307939  0.0309826  0.0846123  0.0694105 
48 0.0185586 0.658595 0.108706 0.336381 0.0143145  -0.0851871  -0.00342602  0.00351413  0.0183972  0.0255029  -0.0121975  -0.0395589  -0.00322216  -0.0402284 
53 0.0106408 0.687311 0.0893227 0.385332 0.00840352  -0.0511713  0.000717388  -0.0687913  0.0141993  -0.00101495  0.0135388  -0.000275062  -0.0113764  0.00641949 
56 0.0381109 0.576288 0.109979 0.41964 -0.045732  0.00737921  0.0115895  0.06525  -0.0362738  -0.0209251  -0.0191139  0.0208279  -0.0252682  -0.0486456 
57 0.00297293 1.29488 0.0971173 0.3898 -0.0504093  0.0113503  -0.00486214  0.00869578  0.0143218  0.00808867  0.0479582  0.0243042  0.0582394  0.0104659 
58 0.0231363 0.832344 0.17479 0.402393 -0.113755  0.0286818  0.0317166  -0.0422598  0.100111  0.0150333  0.0289302  -0.0400845  -0.0275677  0.0233467 
59 0.00814331 1.15373 0.145549 0.387795 0.0599437  -0.0832289  -0.00287903  0.0244918  0.0507195  0.00123009  -0.0735911  0.00112797  0.0344881  0.0295926 
60 0.0278279 0.77304 0.173897 0.392115 -0.0382566  0.0463409  0.0155367  -0.0291259  -0.0456009  -0.0746686  -0.0150072  -0.0603143  -0.0962582  0.0689642 
61 0.0187375 0.596235 0.0855092 0.372579 -0.0105265  -0.0195442  -0.042637  -0.0172764  -0.0115625  -0.0321457  0.00363319  0.0542334  0.0233324  0.00606169 
62 0.0283239 0.712696 0.15518 0.364291 -0.0353761  -0.0324237  0.000393128  -0.0137866  -0.0343893  -0.00297611  0.0229143  -0.0973672  -0.0431434  -0.0923556 
64 0.00925069 1.32167 0.17376 0.358131 -0.0254642  -0.0199528  -0.0870678  0.0635805  0.019769  -0.0388217  -0.00516987  0.0732756  0.0621696  -0.079773 
65 0.0357225 0.897566 0.236731 0.361531 0.00492616  -0.132701  0.0293024  0.0991902  -0.00638466  -0.0255863  0.133867  -0.0198732  -0.0887853  0.0285801 
66 0.0110889 0.738355 0.102767 0.323183 -0.0154927  -0.037471  -0.00735264  0.0260706  -0.0241065  0.044096  -0.0290541  -0.00640308  -0.0690832  0.00026386 
69 0.0225641 0.536603 0.0592827 0.346769 -0.0299763  -0.000711765  0.0156235  -0.00919277  -0.0132562  -0.00539244  0.00199188  0.0451147  -0.00375678  0.0053421 
70 0.0184345 0.608714 0.0900117 0.328041 -0.0529979  -0.0265991  0.01167  0.01175  -0.0087984  0.0225727  0.00797585  0.0086196  0.0348915  -0.0486754 
71 0.00889244 4.17355 0.357851 0.312359 -0.185977  -0.0316331  0.0805798  -0.0789284  0.037465  -0.105412  -0.0848512  -0.036128  0.234649  -0.0605482 
72 0.0252544 0.646883 0.122217 0.302629 0.0021247  -0.103197  0.0126004  -0.0294235  -0.0283766  0.0116822  0.0305189  -0.00745618  -0.0362683  -0.00375714 
73 0.0040825 1.31404 0.11512 0.259718 0.0377624  -0.0376167  0.0313991  0.0622238  -0.00694672  -0.0274194  -0.00082041  0.0137669  0.0112703  0.0666078 
76 0.0270824 0.663242 0.133292 0.265749 0.0183578  -0.0361819  -0.00396362  -0.00188272  -0.0362085  0.00478971  -0.00904312  0.0807816  -0.089022  0.01533 
80 0.00883156 0.815318 0.10542 0.250482 -0.0546849  -0.00670154  -0.0511448  0.0197698  -0.0207693  0.00570323  0.0520223  0.00608986  -0.043161  -0.00108352 
82 0.0118441 0.611167 0.0728119 0.254355 0.00296709  -0.047489  -0.002713  -0.0299468  0.00675338  -0.00404862  0.00277097  -0.0302445  -0.0338712  0.00132033 
86 0.00193905 6.44524 0.214024 0.281034 -0.110571  0.0126326  0.0722076  0.0785105  -0.0157596  -0.0481172  -0.00712563  -0.0827853  -0.0129772  0.111385 
89 0.0258887 1.07248 0.241718 0.310929 0.0220198  -0.035487  -0.0224732  -0.134809  0.0482361  0.110671  0.0498493  0.12695  -0.0592474  -0.0363154 
93 0.0316593 0.534312 0.0689992 0.327066 -0.0467083  -0.0246985  -0.00224649  -0.0112802  -0.00513035  0.00747502  -0.0234606  0.0141843  0.0134634  0.0286683 
95 0.00712851 0.870291 0.102627 0.307395 -0.0113504  -0.0522946  -0.0199911  0.0225063  0.0595465  -0.00543476  0.00139101  0.0325842  -0.0455199  0.00718459 
97 0.0194431 0.677609 0.117653 0.325078 -0.0312052  0.00288164  0.0630035  -0.0168104  0.0297866  0.0192867  -0.0300762  -0.0784444  0.000205906  -0.0170499 
99 0.0153442 1.92593 0.293324 0.326044 -0.0292334  -0.146063  0.123053  0.0415688  0.0206968  -0.0463055  -0.134644  0.0267591  0.145279  -0.0667563 
101 0.0381885 0.607756 0.129698 0.322872 -0.0550305  -0.0254966  -0.0231784  -0.0802025  -0.0118466  0.0509866  0.00498559  -0.0509448  -0.0222297  0.0178599 
102 0.00334261 0.512244 0.0129999 0.258396 -0.00626658  -0.00185071  -0.00486887  -0.00493898  -0.00150059  -0.00156549  -0.00518308  0.00507788  -0.00334963  -0.00310328 
103 0.03181 0.864078 0.214085 0.251856 -0.0738872  -0.0648081  -0.128215  -0.0132261  -0.0295806  -0.104576  0.0429258  -0.0191303  0.0740196  0.00776131 
104 0.00167974 3.4465 0.140476 0.179213 -0.0465793  -0.002008  0.0284475  0.0946569  0.0469918  0.0322634  -0.0485413  -0.0404933  -0.0231341  -0.00320481 
105 0.00874952 0.832435 0.107727 0.174467 0.00177927  -0.0589777  -0.0332572  0.00151248  -0.0553602  0.0275384  0.0125269  -0.0159124  -0.0390122  0.0354973 
106 0.00151023 1.47168 0.0765653 0.147402 0.0266773  0.0412663  -0.0256177  -0.00952671  -0.0158252  -0.0117718  -0.0372385  -0.0202666  -0.0160001  0.0160677 
110 0.00582697 0.668959 0.0627821 0.142191 -0.0404878  0.00657676  0.00219374  0.0203722  0.00353967  -0.00342129  0.0398652  0.0116845  -0.00709335  0.00623894 
116 0.00208969 0.633695 0.0334422 0.120034 0.0126237  0.00538112  0.00709888  -0.0100377  0.00977317  0.01949  -0.00635969  0.0100696  -0.00950727  0.00844475 
120 0.00103625 3.21896 0.106061 0.110999 0.0328459  0.0559462  0.0195981  0.00701384  -0.0196753  -0.0217442  -0.0165636  0.0682529  -0.0284827  -0.00169065 
122 0.00228455 0.637628 0.0354773 0.106231 -0.0171764  -0.0025834  -0.0156142  -0.0111667  0.00566995  0.00411517  -0.00568748  -0.0190674  0.00519941  0.0107894 
123 0.00131047 0.890119 0.04521 0.0948843 -0.0192419  -0.0101932  0.00258731  0.00373318  -0.00762455  0.00604411  -0.00141679  0.0226212  0.0298527  0.00704184 
124 0.00108005 0.583139 0.0189618 0.0877121 -0.00423544  0.00484108  -0.0110237  -0.0056423  -6.36314e-05  0.00564764  0.00273282  0.00257276  0.0108488  0.00106414 
125 0.00153888 0.528538 0.0132932 0.0813262 -0.00180594  7.99267e-05  -0.00639912  0.000125217  -0.0014393  0.00809918  0.00646956  -0.000162911  -0.00215133  -0.00427767 
126 0.0027452 0.917124 0.0676404 0.0712478 -0.0229368  -0.0057195  -0.0282667  -0.0479725  -0.00192729  0.0116448  0.0259145  -0.0035954  -0.00229224  -0.00932659 
128 0.000229523 2.20668 0.0395781 0.0483199 -0.00167772  -0.0252286  0.00975435  0.0229831  -9.92199e-05  0.0125719  0.0084211  -0.00246274  -0.00319696  -0.00764846 
129 0.000121723 0.547582 0.00481385 0.0458837 -0.000670594  0.00248024  -0.00230365  0.00104692  -0.000952129  0.000327942  0.00211688  -0.00162944  0.000154346  -0.0014124 
132 0.000150989 0.516341 0.00314321 0.0445376 0.000316386  0.00159408  0.000329615  -0.000151165  0.00146204  -0.00166763  0.000408012  0.00129972  -0.00039645  -0.00041907 
133 -0.000372361 -0.249862 0.0334215 0.0428091 0.00396961  -0.00352602  -0.00714563  -0.016087  0.014918  -0.0132732  0.0109379  -0.00303168  -0.0149592  -0.00525573 
135 9.55469e-05 0.527579 0.00324723 0.046958 -0.00132237  0.00158999  -1.2035e-05  -0.000451806  0.000225821  0.000960921  -0.00183285  -0.000801563  0.000939903  -0.00045149 
138 0.0011448 0.630786 0.0244778 0.0459294 -0.00812753  0.00915266  0.010813  0.00777286  -0.0136048  0.00188297  -0.00509289  0.000897632  0.00283823  -0.00696871 
139 -0.00025925 0.454268 0.00688941 0.0310703 -0.0011711  -0.00164737  0.00214492  -0.00333404  0.00197823  -0.000231313  0.00228249  0.003016  -0.000685084  0.00298662 
142 0.000656144 0.743151 0.0252611 0.034995 0.00957119  0.0158565  0.00194154  -0.0102557  -0.00570681  -0.00129208  -0.00571918  -0.00169441  -0.00623056  -0.00880336 
149 0.000174666 0.810054 0.0147178 0.0238478 0.000824157  -0.0044405  -0.00402166  0.00427615  -0.00850822  0.00212354  0.000286663  -0.0010025  0.00651072  -0.00643288 
150 -0.00063236 0.389829 0.0167018 0.0198512 -0.00175361  0.00220002  -0.00594222  -0.00547762  -0.0104346  -0.00603516  0.00656174  -0.00314574  0.000102358  0.00273012 
157 7.74357e-06 7.70826 0.014942 0.0320411 0.00119686  -0.0090941  0.00350987  0.00371049  0.00206176  -0.00273938  -0.00066965  0.00415806  -0.000793197  0.00910601 
158 -8.56412e-05 0.40762 0.00562591 0.03192 -0.00258543  -0.000948694  -0.00199841  -6.6922e-05  0.000277713  -0.00163089  -0.00320749  0.000354572  -0.00172925  0.00198177 
162 -0.000337703 -0.175509 0.0302091 0.0332345 0.00531599  0.00561115  -0.0178221  0.00114918  0.00328577  -0.00288722  0.00193974  0.0180037  -0.0127142  -0.00502156 
164 -0.000314303 -0.219086 0.0300688 0.0379775 0.00219862  0.00342941  0.00613492  0.0201489  0.00449629  0.00475673  -0.00120314  0.00148722  -0.019661  0.00329641 
165 7.11775e-05 2.09962 0.0213398 0.0419123 -0.00104682  -0.00628797  0.0024808  -0.00822545  0.000334619  0.0109729  -0.00970274  0.00607147  -0.00108236  -0.00939403 
166 -0.000202205 0.33486 0.0115586 0.0410544 -0.000247955  0.00291267  -0.00358718  0.0042821  0.00177212  -0.000985647  0.00373153  0.00421876  0.000552224  -0.00759682 
168 -0.000189746 0.469225 0.00483505 0.0434476 -0.000365338  0.00079469  -0.00166619  -0.00195435  0.0024633  0.000225401  0.000411407  0.00290398  -8.73143e-05  0.0011351 
169 0.000624561 0.63741 0.0185299 0.0455791 -0.000246782  0.00304632  0.0116014  0.00431804  0.00410995  0.00485391  0.00174642  0.00277721  0.010953  0.00309733 
171 -7.03604e-05 -3.09455 0.0318051 0.0381194 -0.000361035  -0.018135  0.0068761  -0.0102668  -0.0153561  0.00488413  -0.00717472  -0.0136024  -0.00192759  0.005476 
173 0.000835524 0.872729 0.0352892 0.0390315 0.000634077  0.0101429  0.00562193  0.00156262  -0.00137793  -0.012821  0.00657452  -0.026975  0.0125486  0.00365834 
176 3.24558e-05 8.42897 0.0320814 0.0262351 0.0199479  0.0104445  -0.00334931  0.0171671  0.00615402  -0.00615502  -0.00318779  0.00396746  0.0106871  0.000639277 
177 0.000206289 0.633269 0.010487 0.0256091 -0.0048227  0.00534124  -0.00235015  -0.00168477  0.00201481  0.00195538  0.00418073  0.00378363  -0.003092  -0.000768056 
182 -2.56867e-05 0.470319 0.00174641 0.0212027 -0.000127038  0.000765294  0.000326411  9.82427e-06  0.000788843  0.000122826  0.000685403  -0.00102693  0.000101886  0.000411592 
187 -0.000341103 0.308734 0.0161574 0.0218001 -0.000443067  -0.00871882  -0.00584072  0.00457043  -0.00203801  -0.0024539  0.00146248  0.00514148  0.00808649  0.00506982 
190 5.40424e-05 0.700985 0.00659142 0.0285728 0.00277672  0.00294586  0.00235734  -0.000730049  0.0015752  0.000147175  0.000183568  -0.00305663  -0.00288625  -0.000870955 
191 -3.63735e-05 -0.140031 0.00964998 0.0276109 0.000617698  -0.000647989  0.00340809  -0.00274344  0.00636335  0.00344838  0.00217349  0.000530525  -0.00150287  0.00367849 
194 -0.000154596 0.31901 0.0105802 0.0282619 0.000357654  -0.00304412  -0.00160669  0.00249494  -0.0043896  -0.00261466  0.00370462  -0.000477785  0.00631609  -0.00371343 
195 -0.000356185 0.305299 0.0166584 0.0308763 -0.000367519  -0.00868452  -0.000324495  0.00167476  0.00293294  0.0118025  0.00199795  0.00601142  -2.00058e-06  0.00331744 
198 0.000443775 0.598738 0.013241 0.0361883 -0.00228921  0.000291384  0.00182979  -0.00909609  0.00106097  0.00207508  0.000792371  0.00359288  -0.00195833  -0.00781727 
200 4.09775e-05 0.834456 0.00740406 0.0294265 -0.00138878  -0.000768077  0.00439618  -0.000177425  0.00178998  0.00388313  -0.00340926  -0.00143799  0.00027142  -0.000946707 
201 -0.000130282 0.466598 0.00417327 0.0287218 -0.000388082  0.00047582  0.00173016  0.00024668  -0.000493522  0.00112689  0.00199115  -0.0010315  -0.000129927  0.00272504 
206 6.86303e-06 0.508582 0.000485415 0.0309068 0.000291172  0.000142648  7.76051e-05  8.11525e-05  -9.44617e-05  -1.7052e-05  -0.000170199  2.34551e-05  0.000121469  -0.000253779 
207 3.93229e-05 0.522411 0.00187771 0.0307956 0.00064255  -2.38827e-05  0.000286799  -0.000195861  0.000359968  -0.000916861  -0.00107901  0.000880517  -0.000213065  -0.000191162 
209 -0.000210802 0.125912 0.0177617 0.0301504 0.00578382  0.00843949  -0.00427179  0.00834647  -0.00556038  -0.00308265  -0.00387412  0.00329904  0.00748132  0.00077731 
214 -0.000808449 -0.063615 0.0426997 0.0334645 -0.0109821  -0.0061113  0.00132557  -0.00275769  0.0109065  -0.0312462  0.0129246  0.00738627  -0.0182117  0.00272136 
216 -0.000248765 0.301873 0.0140428 0.0439164 0.00405883  -0.00421214  0.00145138  -0.00312755  0.00869756  0.00514562  -0.00384742  0.0044849  -0.000484229  0.00371734 
217 0.00129641 0.721477 0.0338885 0.0466631 0.00927372  0.00115838  -0.00474724  -0.0101993  -0.0121109  0.0154672  -0.00600027  -0.0071188  0.00450181  -0.021016 
222 -0.000140607 0.323864 0.00995387 0.0296963 0.00360951  0.00162568  5.15447e-05  -0.000929347  -0.00636203  8.10619e-05  0.00353691  -0.0017749  -0.00349245  0.00376862 
223 7.62699e-05 0.536006 0.00331471 0.0319764 -0.000623704  0.00130948  0.000273191  -0.00118733  0.000856492  0.00195073  -0.000301981  -0.000387704  0.00125452  0.00102218 
224 -4.15233e-05 -1.53566 0.0183876 0.0307607 -0.00632953  0.00220758  0.00273344  0.00772367  -0.00215629  0.00533971  -0.000445798  -0.00191991  -0.00823215  0.0110102 
226 0.000351753 0.79177 0.0202606 0.0314284 -0.00763432  -0.00546508  -0.00700466  -0.00660326  0.00017018  0.00885947  -0.00845307  -0.0024322  0.00528527  -0.00677127 
229 0.000237147 0.765328 0.0158644 0.0252201 0.00164482  -0.0031779  0.00139491  -0.000800022  -0.00163002  -0.0100278  -0.00611821  -0.00734241  0.00558256  -0.00325049 
231 -0.000703455 0.337915 0.021365 0.0199734 0.00971665  -0.00062293  -0.00562415  0.00671562  -0.0128851  0.00306057  0.00186729  -0.00268498  -0.00270271  -0.00956749 
235 -3.66624e-05 0.236388 0.0062177 0.033206 -0.00191009  0.000712067  0.00123023  -0.000125812  -0.00459827  -0.000294576  -0.00311803  5.61218e-05  -0.00107759  0.000926128 
236 4.93573e-05 0.51135 0.00149731 0.0337535 -2.90125e-05  0.00102663  0.000354055  0.000368136  0.000347036  -0.000389012  0.000550508  0.000228882  5.48707e-05  -0.000544094 
238 -0.000151524 0.350883 0.0095077 0.0330143 -0.000529209  -0.00204029  -0.00284056  0.00543852  -0.00069443  -0.000930436  -0.00107749  0.00225139  0.000539842  0.0063591 
242 0.000107809 0.820805 0.0117618 0.0352347 -0.00539655  0.00051873  -0.00801634  0.000344315  0.00473207  -0.00114164  -0.000435015  0.00362964  -0.000142533  -0.00273631 
243 -2.77936e-05 0.362028 0.00391657 0.0336701 0.000848096  -0.00182524  -0.000712035  -0.000758274  0.0020409  -0.000621539  -0.000908452  -0.00167654  -0.00131336  0.000542444 
248 -0.000186497 0.471611 0.00460405 0.0340804 0.00201025  -0.000562287  -0.00147765  0.000666558  -0.00165043  0.000543422  0.00134518  0.0022264  0.00189467  0.000914848 
