generation s h r distopt trait[0] trait[1] trait[2] trait[3] trait[4] trait[5] trait[6] trait[7] trait[8] trait[9] 
2 -1.53439e-05 0.460679 0.00155354 0.01 0.000109275  0.000640051  -3.09059e-05  0.000114746  0.000265254  -0.000309617  0.000942769  0.000386517  -0.000879343  -9.75564e-06 
5 0.000104877 0.538146 0.0040009 0.0406711 -0.00183331  -0.00109906  0.000483835  -0.0014804  0.00146665  -0.00226916  0.000777829  -0.000658134  -0.000601164  0.000559323 
9 0.00133397 0.561193 0.0180881 0.0792344 0.00403146  -0.0113576  -0.00212948  -0.00195911  -0.00257757  0.00880672  0.00114795  0.00434505  0.00368551  -0.007455 
10 0.00207814 0.671059 0.0377142 0.080179 -0.0110399  -0.0211281  -0.014814  -0.0124304  -0.0140738  0.00639237  -0.0120999  -0.00110989  -0.00563103  -0.00786353 
13 0.00201832 0.657557 0.0356728 0.092778 -0.018184  -0.00694063  0.00720835  0.00192083  0.0104905  -0.0060179  0.00367611  0.00629006  0.0216982  0.0129579 
16 0.00552636 0.81372 0.0832167 0.109371 -0.0145087  -0.0617915  0.00883541  -0.0265345  -0.0120681  -0.00601068  0.00564257  0.0257997  -0.00687619  -0.0344624 
17 0.00325099 0.731189 0.0548237 0.0858609 0.0011496  -0.0494489  -0.0110437  -0.00204957  -0.00858906  0.00771905  -0.00400314  -0.0157124  -0.00464326  0.00389085 
21 0.00373654 0.633198 0.0446492 0.0775522 0.00300849  -0.0158876  0.00581496  0.0174563  0.00532752  -0.00956359  -0.00571158  -0.00743458  0.00346425  0.0342608 
22 -7.71057e-05 0.341222 0.00699823 0.0544556 -0.00475193  -0.000217749  -0.000578619  -0.00319173  -0.000730186  0.000771669  0.00257778  0.00224121  0.000148254  0.00173389 
24 -0.000444582 0.458171 0.00863141 0.0703292 0.00409212  -8.37813e-05  0.0023919  0.000731259  -0.00583663  -0.000440269  0.00218597  0.00341451  0.000369189  -0.000811778 
25 0.001548 0.614484 0.0266359 0.0816228 -0.00478283  -0.0163496  0.00441488  0.00627073  -0.000231249  0.00387917  -0.0169156  0.00466541  0.00514556  0.00331493 
26 0.00254249 1.20092 0.0843575 0.0790333 -0.0139286  -0.0701104  0.00536773  0.0100032  0.0212536  0.00995667  0.00436077  0.00564349  0.0017082  0.035682 
32 -3.29035e-05 -4.99077 0.0268814 0.0783108 0.0092253  -0.015239  0.0133116  0.000220265  -0.00504004  -0.00385803  -0.0100199  0.000304659  0.00747075  -0.0056071 
33 -0.000189809 0.457107 0.00570847 0.083804 0.000577601  -0.000981362  -0.00163003  8.73911e-05  -0.000365072  0.00387408  -0.00346559  0.000949058  -0.000632317  -0.000415566 
37 0.00576018 0.895969 0.0954116 0.112159 -0.0361328  -0.0374117  0.0216929  -0.00858899  -0.029633  0.0207243  0.015889  -0.0383591  -0.0336081  -0.0411438 
41 0.000521715 0.558412 0.0110454 0.108459 -0.00486502  0.000833343  -0.00498539  0.00495435  0.000537488  0.00350827  0.00103092  0.00378027  0.00221705  0.00392084 
42 0.0051259 0.940387 0.0949178 0.113862 -0.0107196  -0.0540925  -0.0150004  -0.0325822  0.0449392  0.0151511  0.0338346  0.00624737  0.0351203  0.00393964 
46 0.000585405 0.538183 0.0094633 0.111091 0.00387485  0.000906881  -0.00266777  0.00277704  0.00253655  -0.004198  -0.000558007  -0.00290558  -0.00291941  0.00418977 
47 0.00205127 0.76498 0.0466205 0.115826 -0.0207652  -0.0167482  -0.0185073  0.00665433  0.0252872  0.0107237  -0.015963  0.00183278  -0.00143221  0.00776572 
48 0.00168244 0.520133 0.0116955 0.113117 -0.00483608  -0.00627352  0.00323527  0.00126868  0.00121538  -0.00549974  -0.000406149  0.0045789  -0.0028408  0.00101906 
49 0.0032352 0.9635 0.0773894 0.112237 0.00401382  -0.0371063  -0.0211492  -0.0103294  0.000851736  -0.0200111  0.0160135  -0.0236232  -0.00273285  -0.0530945 
51 0.00052414 1.21102 0.0386026 0.107425 -8.00591e-05  0.014381  0.010032  0.0122459  0.000304647  -3.87697e-05  -0.014377  -0.00637633  0.00256408  0.0279054 
53 0.000365159 4.2121 0.0736031 0.120599 -0.010121  -0.0235357  -0.0317655  -0.00617321  -0.0137884  0.0169807  0.0104647  0.0539031  0.0148454  4.83767e-05 
54 0.00299532 0.574022 0.0298317 0.125443 0.00192462  -0.00806381  0.00483631  -0.00923605  -0.00685202  -0.0129809  -0.0173149  0.00247953  -0.0137517  -0.00141032 
55 0.00121545 4.22925 0.13446 0.119817 -0.00312206  -0.0343622  0.0661665  -0.00220138  -0.0391275  -0.0765623  0.0181982  -0.0497303  0.00398916  -0.0478886 
56 0.00440127 0.561303 0.0329601 0.119468 0.00562975  -0.0136533  -0.0137522  -0.00139771  0.0174287  0.0054687  -0.00550961  0.0112337  -0.0115541  0.00731251 
61 0.00379306 1.19579 0.102616 0.13177 0.0239904  -0.0327577  0.000262103  0.076033  0.0336267  0.022492  -0.0314181  -0.00698749  -0.015767  -0.013383 
64 0.00287873 2.7785 0.16161 0.137626 -0.0107174  -0.0420623  0.00250519  -0.0976624  0.00464015  0.013986  0.0504767  -0.0182134  -0.00345265  0.107614 
67 0.00310834 1.19859 0.0931011 0.143617 -0.000587976  -0.0396983  0.00283099  0.0295554  -0.0415177  0.0122845  -0.0379166  0.00157416  -0.0373788  0.0387043 
70 0.00499743 0.792986 0.076487 0.146873 -0.0292394  0.0201279  0.0230205  0.0161129  -0.0144095  0.0174618  0.0113192  -0.00875645  0.0242539  -0.0499502 
71 0.00360515 0.628953 0.0431541 0.136287 -0.0322071  -0.0038641  -0.012045  0.0152806  -0.00599393  0.0141711  0.00633041  0.00992132  -0.000341919  -0.00748959 
74 0.00559494 0.941156 0.0992415 0.146332 0.0296626  -0.0475349  -0.00471765  0.000434936  0.0251503  -0.048252  -0.0205754  -0.0488783  -0.00677441  -0.02946 
75 0.00685851 0.682227 0.0707277 0.132722 -0.0328709  -0.0201552  -0.00969586  -0.0212291  -0.000748267  0.0272626  -0.00566315  0.0396849  -0.0229607  0.00964531 
79 0.0070448 0.644981 0.0639819 0.132916 -0.00145678  -0.0370412  0.000587476  0.0050594  0.0443407  -0.0111456  -0.00505576  -0.0009755  0.023646  0.00419596 
81 0.00197967 2.18406 0.115335 0.117659 -0.0442731  -0.0302744  -0.0262644  0.000642084  -0.0559191  -0.00607848  -0.0509473  0.0549671  -0.0148309  -0.0271006 
82 0.00644127 0.918677 0.103725 0.1138 0.00028906  -0.0112014  0.0174288  0.00489164  0.0527632  0.00103416  0.0448857  -0.0324715  0.0601209  0.028929 
86 0.00282356 1.41862 0.10174 0.109582 -0.0214463  -0.0555155  0.034552  0.0191868  -0.049363  -0.0234336  -0.0114065  0.0127529  0.0021166  0.0443186 
87 0.0040698 1.04347 0.0939564 0.0993716 -0.00108989  -0.0557615  0.00505442  0.00798123  0.0298178  0.0383868  0.0207485  0.0346229  -0.0307443  -0.0262852 
89 0.00244443 0.637339 0.0366603 0.0749644 0.00471132  0.00299706  -0.0158276  -0.0150029  -0.013896  -0.0181859  -0.00576327  -0.00989104  0.0131221  -0.00318336 
94 -6.43721e-05 0.0957845 0.0102022 0.0812766 -0.00682729  -0.00053903  0.00187236  -0.00145918  0.00201942  -0.00291292  -0.00260236  0.00145881  0.00163134  -0.00523666 
95 0.00197324 0.731345 0.0427285 0.0889384 0.0109449  -0.00430695  -0.0199713  0.0232868  -0.0223121  0.00552027  0.00823228  -0.00787026  -0.00894653  -0.00286342 
96 0.00259517 0.674858 0.0426115 0.0857437 -0.0122596  -0.0209382  -0.00727901  0.0064881  0.0227162  -0.0111339  0.0122512  0.00389445  0.00578607  0.017124 
97 0.00159884 0.579051 0.0225033 0.0768469 -0.00372992  -0.0111806  0.00714583  -0.00410904  -0.00841325  -0.00975943  -0.00163557  -0.00817321  -0.00652056  -0.00463794 
99 0.00172467 1.54627 0.0848922 0.0820234 -0.00471874  -0.0299042  -0.0225169  -0.00503909  0.0368558  0.0465417  0.0303628  -0.0173985  0.0208704  -0.0239392 
101 0.0038052 0.694355 0.0543944 0.0837875 -0.00781657  -0.0261205  0.0109809  0.0109731  -0.0395705  -0.00396198  -0.00176569  0.0170003  -0.00890128  0.00463675 
103 -5.61693e-05 0.462268 0.00291195 0.0703414 0.00125667  0.000914336  -0.00156264  -0.00122784  0.000436244  0.000212722  0.000153543  -0.000719877  0.000776147  -0.000857326 
104 0.00125488 2.07602 0.0888757 0.0786831 0.0157339  -0.0498786  0.0121308  0.0110272  -0.0307646  -0.0396048  -0.0349936  0.0040414  0.0251181  -0.0225366 
106 0.000732996 0.656057 0.0213923 0.0783999 -0.00210734  0.00174612  -0.00729263  -0.01012  -0.00443487  -0.00952754  0.00391151  0.00318868  -0.00952558  0.00824006 
107 0.000359177 0.742358 0.0186597 0.0796333 -0.00311479  -0.00673505  -0.00346927  -0.00136344  0.000610955  -0.000518663  0.0102448  -0.000556014  0.0103357  0.00815432 
108 0.00100663 0.671124 0.0262514 0.083449 -0.0130155  -0.00218456  0.00905354  0.00262074  0.0144848  -0.0092113  -0.000620773  -0.00370531  0.00128649  -0.0107564 
111 0.00114593 0.767969 0.0350437 0.0988589 -0.0177278  -0.010054  0.00463121  0.0162683  -0.00685049  0.0114836  0.00283266  -0.0182991  -0.00150877  0.00162498 
112 0.00396495 0.581563 0.0360366 0.100068 -0.00463203  -0.0115763  0.000869765  -0.00502704  0.0155703  0.018473  -0.0106766  -0.0010048  -0.0187496  0.00817989 
113 0.00270513 1.21868 0.0881029 0.0859927 0.0230779  -0.0561608  0.0269285  -0.037188  -0.000567226  0.00253376  0.0386056  0.00758266  -0.00939561  -0.0180134 
114 0.000694339 0.660497 0.0211144 0.0725671 -0.00856728  -0.0105125  0.00632425  0.00588642  0.0113154  -0.00288459  0.00106694  -0.00398207  -0.00507945  0.00284693 
118 0.00015571 3.15669 0.0406723 0.0887303 -0.00795778  0.00527075  -0.0140676  0.00690935  0.00706876  -0.0153123  0.00759222  0.0248417  0.00135278  0.0188806 
119 0.00168148 0.670362 0.0338545 0.0954112 -0.00177613  -0.0111628  -0.00360139  -0.000750077  0.00508381  4.07646e-05  0.00175474  -0.0285695  -0.00404541  0.0119717 
120 0.00104277 0.617021 0.0220989 0.0937247 -0.00172371  -0.00857676  -0.0094007  -0.00977621  -0.0050608  -0.00710067  0.00765461  -0.000127543  0.00471373  -0.00842753 
121 0.00297815 0.757124 0.0553327 0.0955435 -0.000811788  -0.0148141  -0.0107925  -0.0175141  0.00392496  -0.00843715  -0.0323977  0.0211271  0.0068435  -0.0280888 
122 0.000465385 0.543868 0.00904164 0.0863187 -0.000587053  -0.00249795  0.000418316  0.00509016  0.0032148  0.000985573  0.00173984  0.00433413  -0.00398718  0.000257891 
124 7.88985e-05 2.24306 0.023453 0.100375 -0.000299165  0.000886146  -0.00892189  0.00749783  0.00530115  0.00715591  0.0107042  -0.011943  -0.00659291  -0.00577594 
125 9.51607e-05 0.766402 0.0100699 0.108888 -0.0029468  -0.0025019  0.00571253  0.000858147  -4.51699e-05  -0.00204164  0.00170695  0.00357972  0.00355182  -0.00453608 
126 0.00739965 0.682632 0.0735477 0.117296 -0.0424711  -0.0255007  -0.0172181  -0.0102903  -0.0247454  0.0095308  -0.0317032  0.000946093  0.00759745  0.0280348 
127 0.000877914 1.24017 0.0509668 0.0887139 -0.00360675  -0.0199293  -0.00594449  0.0128062  0.0224446  -0.0139033  0.0293457  0.0144799  0.0117003  0.00912666 
130 0.00287773 0.959122 0.0726497 0.106932 -0.0129517  -0.0442095  0.0132522  0.0119496  -0.017155  0.0269184  0.0267249  0.0160965  0.011364  -0.026758 
133 0.0013808 0.95854 0.0503092 0.109724 0.0152611  -0.0128332  0.00100606  -0.00996407  0.0230681  -0.0186507  -0.00712849  -0.0254965  0.0102996  -0.0186057 
135 0.00105492 0.723435 0.0307045 0.116793 -0.00903982  -0.00231039  -0.015219  -0.0091592  -0.00149415  -0.0101899  -0.0138751  -0.00259752  -0.011684  -0.00991735 
137 0.000773951 0.640173 0.020834 0.127219 0.00749503  -0.00427664  -0.0116165  -0.00503355  -0.00762564  -0.00539417  -0.00646193  -0.00497577  0.00116381  0.0066478 
138 0.00152947 1.76835 0.088019 0.13216 0.0453627  -0.0334389  0.0197563  0.0248263  -0.0170659  -0.0213741  -0.0414357  -0.0149728  0.0132277  0.0264685 
140 0.00103223 0.591462 0.0194411 0.140806 -0.010342  -0.000773241  0.00358827  -0.00204451  -0.0145413  0.00187967  -0.00274168  0.00387364  0.00088706  -0.00388017 
142 0.000879702 0.516157 0.00756393 0.152794 -0.00394623  0.000186474  0.000253828  0.00196157  0.00342752  0.00194647  -0.0017398  -7.8223e-05  0.000182392  0.00436926 
143 0.0051376 0.967712 0.0979219 0.158195 -0.0153155  -0.0503036  0.00922317  0.0128697  -0.00581721  -0.00136569  0.0653928  0.0197457  0.00432631  -0.0430402 
144 0.0121441 0.868665 0.133543 0.147 -0.0395043  -0.0227756  -0.0563593  -0.0227728  -0.0271863  0.051454  -0.045984  0.0126174  -0.0556689  0.0574465 
145 0.00167196 0.673245 0.0340426 0.103929 -0.017017  -0.00792097  -0.00314657  -0.0143706  0.00914258  0.0106811  0.0033283  -0.0116009  -0.011337  0.0108767 
146 3.76533e-05 17.3783 0.0504106 0.101749 0.0149777  -0.00516954  0.0145366  -0.0081419  -0.00347145  0.0084589  -0.00930944  0.00429183  0.0424262  -0.00488869 
147 0.000286089 21.1099 0.153338 0.108237 -0.0217491  -0.0916169  -0.0171705  0.0441299  0.0342131  -0.0800787  -0.0502078  -0.0336672  -0.0269518  -0.0209709 
151 0.0010673 0.520031 0.00927568 0.107232 -0.00312836  -0.00331277  0.00302974  -0.00175617  0.0035899  0.0027323  -0.000344877  0.00485211  0.00247017  0.00170212 
154 0.00338138 0.718302 0.0543348 0.111101 0.000543056  -0.0286671  0.0121304  -0.00304127  0.0368141  0.0169224  -0.00176635  -0.0156974  0.00852538  0.00314952 
155 0.0030354 0.719928 0.0516714 0.0972318 -0.00988086  -0.0160106  0.0149445  -0.0312559  -0.0119633  0.0272274  -0.000108435  -0.00620733  -0.00420782  -0.0132288 
158 0.00217022 0.544627 0.0197309 0.0894454 0.00244561  -0.00781977  0.0118095  -0.00177215  0.00137964  0.00878857  0.00782385  0.00619581  0.000790289  -0.000453959 
159 0.001354 1.18852 0.0610382 0.0813631 -0.0230953  -0.0321796  0.00624281  0.000869523  -0.0059563  0.0252363  0.0140381  -0.025639  0.0144909  0.0195002 
160 0.000705952 1.76836 0.0598246 0.0742497 0.0289543  0.00782351  0.0317714  0.0176444  -0.0152222  0.0115925  0.0168303  0.0206572  -0.00770586  -0.0149404 
170 -0.00103549 0.434344 0.0165109 0.145873 0.00253812  -0.00168895  -0.000287198  -0.00779509  -0.00758504  -0.000115282  -0.00462255  -0.0082846  -0.0029685  -0.00679045 
171 0.000128779 3.95049 0.0421533 0.158248 -0.0222621  0.0102756  0.0141573  0.00357661  -0.00266123  -0.0051948  0.0243454  0.0181352  0.00191596  -0.00177891 
172 0.00443655 1.9571 0.160399 0.167107 -0.0166831  -0.0557443  -0.0759357  0.0619669  0.00395792  -0.049961  -0.0262552  -0.0540013  -0.0507198  0.0636091 
173 0.0109464 0.766333 0.107891 0.15983 0.0194018  -0.0757072  0.0149514  -0.0266684  0.0242723  -0.0352731  0.0133608  -0.00682239  0.0397493  -0.0309744 
174 0.00280685 0.556212 0.0251815 0.124677 -0.00792078  -0.013876  0.00205791  0.00487547  0.00614115  0.0113825  0.00720538  0.00141243  -0.0075446  -0.00852712 
175 0.00282527 0.598078 0.0333264 0.116266 -0.0107392  -0.0113987  0.00523419  -0.0221  0.00161636  0.00576718  0.0140479  -0.00155859  0.00914571  0.00550389 
177 0.00465488 1.21667 0.115334 0.110896 0.0190306  0.01055  -0.000753371  -0.0139792  -0.0282853  0.0265843  0.017389  0.103869  -0.00586281  -0.000236505 
179 0.00347646 0.569224 0.0310943 0.103247 -0.0136368  -0.013348  -0.00963969  -0.0034643  -0.00294747  -0.00189676  -0.0179345  -0.00840279  0.00777119  0.00573345 
180 0.00305263 0.567425 0.0287506 0.0930807 -0.00910697  -0.0208193  -0.00825283  0.00191667  -0.00637201  0.00915159  -0.00129577  -0.00274845  -0.00286243  -0.00983111 
182 0.00103783 0.541342 0.0131174 0.0909203 0.00134314  -0.0083547  0.00249147  -0.00459453  -0.00431448  0.00532435  -0.00269614  -0.00404811  0.00158773  -6.46512e-05 
184 0.00432758 0.742531 0.0647792 0.101837 -0.0116339  -0.0269407  0.0137388  0.0136425  0.0361789  -0.0231959  -0.00163981  -0.0315522  -0.0101135  0.00358428 
187 6.91933e-05 1.90426 0.0197137 0.102581 -0.00355239  0.000941992  -0.00382409  -0.00804308  -0.00245562  0.0058355  0.00745162  -0.00184271  -0.00483505  -0.0131692 
188 0.00118165 0.591218 0.0207743 0.111102 -0.00227353  -0.00457799  0.00256925  -0.000298411  0.0113561  0.00592505  0.000628956  0.0134702  -0.00589798  -0.00424967 
190 0.00691711 0.610112 0.0553058 0.123863 -0.00263877  -0.0328076  0.0154276  0.0104708  0.000335013  0.0347107  -0.00609424  0.0111551  0.0126889  0.0100124 
193 0.000631391 15.1471 0.191862 0.11948 0.0113443  -0.184806  -0.00144053  -0.0266254  -2.36626e-06  -0.0204997  0.0190544  0.0140653  0.0268486  0.0107731 
195 0.00520705 0.821676 0.0817952 0.107265 -0.0231079  0.0544053  -0.00615633  0.0262411  0.0303008  0.00238363  -0.0320629  -0.0185321  -0.00414266  0.0125536 
197 -0.000252666 0.420627 0.00895885 0.0826847 0.00319683  -0.00409439  -0.00297083  0.00266374  -0.00303481  0.00196319  0.00228492  0.00176141  0.00394627  0.000628816 
199 0.00128891 0.854606 0.0427487 0.0910428 -0.00946409  -0.0188959  0.00240236  0.00282644  -0.0218683  0.00939273  -0.0234411  -0.000781093  0.0157331  0.00173119 
200 0.000524802 0.597845 0.0143345 0.0865237 -0.00406121  0.0074798  0.001375  -0.00549915  -0.00143892  -0.00277391  0.0013458  -0.00323785  0.00253957  -0.00850854 
201 0.000328943 0.767438 0.0187582 0.0881522 -0.0106795  0.00543528  0.000910819  0.0076532  -5.41398e-05  0.000715935  0.00395613  0.0105935  0.00446813  -0.000721791 
202 0.000179235 0.635982 0.00987407 0.0862665 0.00217811  -0.000798577  0.00121082  0.00205541  -0.0020553  -0.00512251  -0.00117257  0.00134967  -0.00452793  0.00567991 
203 -0.000169768 -0.1952 0.0217283 0.0852214 -0.00316789  -0.00519311  -0.00144248  0.00694544  -0.00607295  0.00329425  -0.00266344  0.0171329  -0.00144094  0.00586132 
209 0.00235371 0.960496 0.065809 0.0862118 -0.0349251  -0.00282846  0.0106366  -4.81656e-05  -0.0454499  0.00592588  0.0179427  0.014074  -0.018686  0.00446429 
211 0.001081 0.790682 0.0354488 0.0712848 0.00140374  -0.0143278  -0.0050364  -0.0118119  -0.0131213  -0.0172916  0.0177622  -0.00729168  -0.0065926  0.00108411 
213 0.00155908 0.619754 0.0273384 0.0632544 -0.0103659  0.00438178  0.00181874  -0.00862511  0.00311077  -0.00579932  -0.00504448  -0.0194566  -0.00568909  -0.00795954 
214 0.000768279 0.832376 0.0319562 0.0494292 -0.00342353  -0.0180022  -0.00162693  -0.007711  0.007581  0.0118968  -0.016989  -0.000473909  -0.0115374  0.00152531 
215 -0.000670977 0.20428 0.0281798 0.04093 -0.00531346  -0.00453322  0.00325331  -0.0166862  0.00506085  0.0069446  0.0120883  0.0127566  0.00805723  0.00294724 
219 -0.00039326 -1.70055 0.0588288 0.0484403 0.0335726  0.019326  -0.0050875  0.0094291  0.00562541  0.0196509  -0.00278592  -0.00336431  0.00335484  -0.0373802 
220 0.00147125 1.1968 0.0640051 0.0523431 -0.0419289  -0.00766794  0.0106569  0.0339343  0.0206539  -0.0145167  0.00289059  -0.0111322  -0.0094857  0.0124556 
221 -5.60387e-05 -0.665969 0.0161666 0.035632 0.00167802  0.00844473  -0.00639731  -0.00898275  3.9822e-05  0.00359654  -0.001916  0.00642097  -0.00207717  0.0018606 
223 -0.000307501 -0.567569 0.0362374 0.0364099 -0.00687752  -0.00739411  -0.00461581  -0.011516  0.0148767  -0.0205538  0.0182037  0.00598182  0.00669964  0.00119683 
228 0.000376502 1.38759 0.0365556 0.0404132 0.00192968  0.00545341  0.00460021  0.00654239  -0.0131124  0.0168442  -0.0248821  -0.01222  -0.00231914  0.00306415 
230 4.52501e-05 7.48718 0.0355592 0.0354513 0.0148341  0.00597008  0.00101587  0.0130735  -0.00803156  -0.0182265  0.0167647  0.00101391  0.00451359  -0.0117325 
231 3.36904e-05 0.59048 0.00349192 0.0348072 0.00179147  0.000562523  -0.00164795  -0.000295519  -0.000356561  -0.000889096  0.00046409  -0.00134023  -0.00163083  -0.000525168 
232 -0.00110994 0.348415 0.0259603 0.0343199 0.0115938  0.00792974  -0.00823408  0.00151347  -0.00371346  0.0113852  -0.0061454  0.00406369  0.0133947  -0.00542552 
233 0.000462667 0.84121 0.0251273 0.0478373 -0.0025808  -0.0145365  0.00307594  -0.00202284  0.00620585  0.0111661  -0.00511817  -0.0047925  0.00709356  0.0117124 
235 -0.000422423 0.216159 0.0219036 0.04273 0.00143943  -0.00345361  -0.00124494  0.000493549  0.00361275  0.00798493  -0.0104181  -0.0048958  -0.00599937  -0.0147873 
236 0.000157127 0.539399 0.00497722 0.0474169 -0.000913145  -0.00158688  -0.00113077  0.00146725  -0.00308972  -0.00250426  7.03394e-05  -0.000235833  -0.00116295  0.000870925 
237 0.000324663 0.711782 0.016584 0.0457301 -0.000860208  0.00180818  0.00785874  -0.000904212  -0.0029196  -0.00136609  0.00497989  0.00762559  0.00105256  0.0106769 
238 -0.000478487 0.0195302 0.0303286 0.0420314 0.00978428  0.00788405  -0.0114679  -0.00108519  0.00305838  -0.00501208  -0.0156375  -0.000170136  -0.0184335  -0.00322698 
239 0.000634074 0.642659 0.0190236 0.0473839 0.000399791  -0.00856595  -0.00157628  -0.00619308  0.00430903  -0.00642045  0.00569422  2.41671e-05  -0.00873474  -0.00888887 
244 0.000152621 1.0591 0.0184741 0.0401418 -0.00619676  0.00577591  0.00246421  -0.00979032  0.0106729  -0.00425383  0.00201553  0.0045268  -0.00139206  0.00301797 
245 -0.00100273 0.0420621 0.042869 0.0381936 -0.000467659  -0.0127329  -0.00379127  -0.00837153  0.00846462  0.00415741  0.0212835  -0.0216368  -0.0178553  -0.0161882 
246 -0.000252802 -3.15143 0.0607549 0.0496184 -0.0142502  0.00307201  0.0314046  0.000646011  -0.0145419  -0.0116635  -0.0119554  -0.0231988  0.0380916  -0.00352057 
247 8.8504e-05 4.29882 0.0366682 0.0521039 -0.0071616  -0.0143662  0.00660643  0.0130075  -0.00132205  0.0193368  -0.012167  0.0130894  -0.0101079  0.00876645 
248 -0.000865171 0.361034 0.0219424 0.0512476 -0.0049194  0.00436041  0.00234856  0.00703408  0.00793571  -0.0155185  -0.00834426  -0.000548853  0.0020024  -0.00235068 
249 0.000593949 0.756188 0.0246698 0.059092 -0.00109532  0.000375064  -0.0222021  -0.00491471  -0.00366356  -0.00077725  -0.0031277  0.00285783  0.00762436  -0.000258249 
251 -0.000307877 0.250894 0.0175174 0.0538339 0.0010068  0.00761698  0.00316358  -0.00855735  -0.00712779  0.00734946  -0.00748679  0.00167803  -0.000930935  0.000189257 
