generation s h r distopt trait[0] trait[1] trait[2] trait[3] trait[4] trait[5] trait[6] trait[7] trait[8] trait[9] 
5 0.0147451 0.593454 0.0746659 0.2 0.033969  -0.0374926  0.0015157  -0.0275785  -0.00977713  -0.014707  0.0235754  -0.0255009  0.0175961  0.0206137 
6 0.0150374 0.663529 0.0993092 0.206905 0.0418233  -0.0398486  -0.0598236  0.0320375  -0.000784827  -0.0332418  -0.0125307  -0.0166626  -0.010428  -0.0164594 
7 0.00140135 0.644371 0.0284533 0.211082 0.0128698  0.00545999  -0.009093  -0.00255637  0.00487352  0.010892  -0.00891187  0.00153805  0.0172214  0.00204491 
8 0.0250923 0.762684 0.162054 0.253581 0.0316523  -0.112303  0.0313601  -0.00213553  -0.0199626  -0.0610969  0.0260951  -0.00280895  -0.0629653  0.0536161 
9 0.000388485 2.22193 0.0517149 0.235562 0.0256555  -0.00313159  -0.0227121  0.0120599  -0.0220523  -0.0145328  0.00413653  0.0147777  -0.0202099  -0.00192447 
12 0.0462782 0.706526 0.195488 0.356231 0.136735  -0.0254949  0.0333176  0.0703101  0.0197033  0.04115  0.0117132  -0.0548556  0.0480428  0.0726613 
13 0.0161828 1.40114 0.239954 0.32268 0.0837936  -0.0661917  0.00542755  -0.0995552  -0.0233662  0.0890575  -0.0692817  -0.0901448  -0.120029  -0.0206013 
15 0.0166903 0.566233 0.0672294 0.356064 0.0253389  -0.00896939  -0.0202831  -0.0136047  0.0290307  -0.0116542  -0.0389139  0.0262569  0.00386636  -0.00187795 
16 0.0203192 0.533296 0.0536696 0.36696 0.00277632  -0.0158489  -0.0219315  -0.00382592  0.0113222  -0.0134755  0.0323293  0.0235516  0.0129251  -0.00701475 
18 0.0281969 0.641768 0.126976 0.41925 0.0601185  -0.00937046  -0.0585087  0.0378873  0.00868013  -0.0450847  0.0374572  0.0315664  -0.010872  -0.0541904 
20 0.0093594 1.14609 0.155069 0.468362 0.0890574  -0.0253209  -0.00190992  0.0215177  0.0106567  -0.108002  0.036005  0.00226622  -0.0378351  0.022279 
21 0.00948063 0.661705 0.0783784 0.495135 0.00688682  -0.0260083  -0.015161  -0.0018402  -0.0069568  0.0515408  0.0128999  -0.0309619  -0.0367696  0.00204168 
22 0.0172744 0.534554 0.0501309 0.52298 0.0121613  -0.0117463  0.000265134  0.00491295  0.0133962  0.0248079  0.0292292  0.0147015  -0.00505088  -0.0176674 
25 0.0462835 0.785129 0.228663 0.628226 -0.00346864  -0.0455958  -0.0874684  -0.030726  0.0610787  0.10765  0.00396454  -0.00864128  0.161508  0.0103272 
26 0.0275636 0.513641 0.0430458 0.63446 -0.00531015  -0.020096  0.012289  -0.00106117  -0.0244678  -0.0106135  0.00123496  0.0203223  0.00885863  0.00802692 
27 0.0855907 0.773901 0.30381 0.657586 0.209257  -0.00903118  -0.0308606  0.0185575  -0.0900723  0.00301701  0.10317  0.162636  0.0425957  -0.0101186 
28 0.0335755 0.765503 0.188312 0.630025 -0.0735419  -0.0338441  0.0283071  0.0754528  0.00346027  -0.0587268  -0.100616  -0.0027266  0.0407932  -0.0846007 
32 0.034717 0.636559 0.138489 0.782098 0.00582229  -0.0581282  -0.0240586  -0.00707278  -0.0122058  0.000117699  -0.0391045  0.0893586  0.0682484  -0.0285762 
35 0.0289652 0.893784 0.212437 0.895718 0.0415324  0.000180336  0.034921  -0.13457  -0.0429603  -0.0134586  0.0671617  -0.0488076  0.0824299  0.0914413 
36 0.0191368 0.581159 0.0795521 0.92507 0.0101764  -0.014045  -0.0297308  0.0282045  0.0338957  -0.0364827  -0.00393262  0.0352017  -0.0242849  0.00490044 
37 0.00856279 0.53274 0.0339529 0.960251 -0.0103256  -0.0070724  0.00969799  -0.00650829  -0.00591625  0.00180998  0.0137877  -0.0118121  -0.0136291  -0.0174957 
40 0.0821672 0.51089 0.0809527 1.09549 0.0160268  -0.0103069  0.0190403  0.00242537  0.0288754  0.0345237  -0.0317677  -0.0381373  -0.0326598  -0.0163048 
42 0.285643 0.505811 0.193102 1.1067 0.085485  -0.0788849  0.0780594  -0.0272243  0.00297972  0.0987276  -0.0213961  0.0661714  -0.0313738  -0.036698 
47 0.0937883 0.497654 0.0563585 0.986674 0.0399155  -0.0217828  0.0120647  0.00589814  0.00532455  0.00423747  0.00273939  -0.0281292  -0.00875536  -0.00254398 
48 0.137433 0.505772 0.106083 0.940148 0.0265388  -0.0664719  0.0496942  0.00250089  -0.0316216  -0.036263  -0.00822136  0.0204013  -0.0129911  0.0262196 
50 0.0865704 0.58511 0.177752 0.868967 -0.0239096  -0.11214  -0.0464583  -0.0120158  0.0367179  -0.0678992  0.0548171  0.0445614  -0.0705222  0.0149478 
51 0.0510505 1.26864 0.389147 0.819804 0.0919875  -0.114573  -0.0260718  -0.0943742  -0.125965  0.274786  0.00612753  0.0931683  0.0628551  -0.127346 
53 0.103552 0.545878 0.15126 0.788852 0.000868542  -0.111072  0.00997996  0.0748801  -0.020815  0.046582  0.0146527  -0.0449047  -0.000725765  0.000663549 
56 0.0441835 0.537339 0.0859406 0.723708 0.0204132  -0.0108902  -0.0387971  -0.0253768  0.0159219  -0.0100546  -0.0522717  -0.0172831  -0.036272  9.9918e-05 
61 0.00978332 0.516218 0.0260559 0.693194 0.00413061  -0.0188667  -0.00944927  0.00430469  -0.0113545  -0.00223696  0.00287152  0.0020337  -0.007088  0.00123709 
62 0.0317972 0.538301 0.0726791 0.686136 0.00704997  -0.0225868  0.023605  -0.0298611  0.00269461  -0.0340859  -0.0222299  0.00247913  0.0331211  -0.0225185 
65 0.0354584 0.531109 0.070286 0.662933 0.011608  -0.00936741  0.00142011  0.00234165  -0.0310817  -0.0359051  -0.0338254  -0.00904492  -0.0273231  0.0219624 
66 0.043227 0.543499 0.090834 0.63611 0.0233984  -0.0101845  0.00397879  0.00078917  0.0173376  -0.0679788  -0.0186263  -0.000285069  0.0417814  -0.0238483 
68 0.0890614 0.916124 0.378287 0.601928 0.0906716  -0.0167917  -0.0591952  0.115173  0.28728  0.0542542  -0.00075181  -0.0218228  -0.163247  0.0723118 
69 0.0537862 0.558864 0.116986 0.526309 0.0672707  -0.00727404  0.0196436  -0.0521568  0.020051  0.000135398  -0.0010522  -0.0149379  0.0671199  0.0294947 
70 0.0209708 0.627547 0.103872 0.473932 -0.0148867  -0.0491852  0.0475399  -0.0136183  0.0538883  0.00293763  -0.00286505  -0.0436415  -0.00662903  -0.0288751 
71 0.0726996 0.575056 0.15319 0.451506 0.038722  -0.0658892  0.0387014  -0.00922912  -0.0819855  0.0221566  -0.0739719  -0.0306793  0.0185427  0.0455424 
73 0.0724649 0.597299 0.171963 0.365622 0.0642501  -0.0345605  0.101633  0.0598807  -0.0324788  -0.0523559  0.0189055  -0.0164961  -0.00143114  0.0768527 
74 0.0124867 1.14266 0.178466 0.252428 0.00551376  -0.112947  0.0143332  0.109082  0.00345043  -0.0499395  -0.0483867  -0.033117  0.03183  -0.00109507 
87 0.0133791 0.607096 0.0760104 0.226518 0.0409014  -0.0324983  0.00170677  0.0211962  -0.0288873  -0.0363699  0.0137501  0.00619444  -0.0105705  -0.00999552 
88 0.0062641 0.611537 0.0529576 0.194987 -0.00768641  0.0348811  0.00992248  -0.0355094  0.000402421  0.000833837  -0.00562681  0.0052334  0.00223967  -0.0102196 
90 0.0127186 0.571896 0.0609326 0.178257 0.00894136  0.0233194  -0.00523647  -0.0125874  -0.0253843  -0.028665  0.0344389  -0.00334986  0.0133279  -0.00788882 
94 0.00780828 0.796193 0.0960974 0.138337 -0.00557494  0.0242797  -0.0212502  -0.0337294  0.00262531  -0.0489949  0.0153619  -0.0563783  -0.0343916  -0.00449578 
95 0.00148167 0.974593 0.0530169 0.106579 0.00509132  -0.0233173  0.00571217  -0.00650649  -0.0174006  0.0136121  0.027129  0.0135227  -0.0272278  0.00423569 
99 0.000607149 0.782665 0.0261991 0.0993906 -0.00479438  0.00288336  -0.00213368  -0.0164456  -0.00403666  0.00499234  0.00858658  0.00351964  0.012995  -0.00915851 
101 0.000608437 3.29945 0.0824953 0.0962888 0.0264721  0.0129667  0.0312779  0.0329544  0.0180372  -0.0154035  -0.0366525  -0.0379778  -0.00159633  -0.022834 
103 0.00316301 0.727016 0.0535876 0.0930768 0.0094759  -0.0377383  -0.00384464  -0.0121933  -0.0128517  0.012335  0.0212413  -0.016978  0.00934024  -0.00708508 
106 0.0019035 0.956153 0.058908 0.0741975 -0.0039867  0.006511  -0.041776  -0.0210646  -0.0108301  -0.0060732  0.0103446  0.0288481  -5.00901e-05  0.0113805 
110 0.000193692 6.1707 0.066262 0.0600298 0.028461  -0.00232594  0.000595775  0.009707  -0.0274055  0.00090364  -0.0275971  0.00996066  0.0432047  -0.00113579 
111 0.00125032 0.748341 0.0352396 0.0583944 0.00896781  0.0162  -0.0143665  -0.00039557  -0.00129388  0.0167789  0.0141875  -0.00690464  -0.0125189  -0.00187922 
113 -0.000231816 -3.91248 0.0639526 0.0464797 -0.00457242  -0.0215881  0.0222257  0.00366395  0.0295433  0.000394409  -0.00501263  -0.0129436  -0.0439007  -0.0101328 
119 0.000108798 2.33983 0.0282943 0.0489102 0.00951617  -0.00924314  0.00380026  -0.00748296  -0.00697815  0.00632058  -0.00880497  0.00138618  0.0186848  -0.00607633 
120 0.000510841 0.640163 0.0169249 0.0477851 0.00799567  0.00770342  -0.00679993  -0.00411957  -0.00309684  -0.00220454  0.00372493  0.0074692  -0.00221492  -0.00330866 
121 7.89457e-05 0.575751 0.00489113 0.0421035 -0.00113824  -0.000277457  0.000292473  0.000574326  0.0024533  -0.00294861  -0.00165753  -0.00075084  0.00194484  0.000573273 
122 0.000586567 0.898182 0.0305619 0.0411553 0.0044671  -0.0031333  0.00195094  -0.0149638  0.010939  0.0017913  0.0127891  -0.00826029  0.0135295  0.0117823 
123 -0.000431378 0.299489 0.0186048 0.0332771 -0.0134928  -0.00018025  0.00422794  0.00390073  -0.00616641  0.00236112  -0.00376895  0.000425285  0.00334531  -0.00786011 
125 -7.82789e-05 0.400336 0.00558663 0.039228 0.00122851  0.00107555  0.00101269  -0.00376675  -0.00197101  -0.00102587  0.000699496  -0.000106411  0.00206465  -0.00190518 
126 0.00107635 1.01514 0.0470814 0.0402134 0.0137347  0.0284456  -0.0130171  0.0144881  0.00741277  0.00461308  0.0219989  0.0133527  -0.00388355  0.00927158 
128 -0.000204358 -0.0631752 0.0214569 0.0232669 -0.00308359  0.00353379  0.000437917  -0.0121079  0.00356037  -0.00740078  -0.00121628  -0.0128255  -0.00230946  -0.00727018 
129 -1.9796e-05 -1.4754 0.0125067 0.027308 -0.00347731  -0.00335191  -0.00433449  -0.00305876  -0.00918078  0.000425571  -0.00263362  0.00273998  -0.00128034  0.00209697 
131 -0.000358618 -0.0195976 0.0273034 0.0276681 0.00641226  0.00546812  0.020791  -0.0059037  0.00544627  -0.00696956  0.00104997  -0.0108409  -0.00161507  -0.00280478 
134 -0.00013633 -0.227728 0.0199214 0.0335292 0.00192268  0.00168884  -0.000921748  0.00932836  0.00693751  0.00479986  0.00457472  -0.00857452  0.0100807  0.00593349 
138 -4.18414e-05 -0.075076 0.0098107 0.0355041 -0.00174549  0.00457914  -0.00447453  -0.00196673  -0.000651815  -0.00606005  0.00104548  0.00164887  -0.0025865  -0.000833208 
139 0.000523997 0.921707 0.0297271 0.0360886 -0.00505596  -0.0113611  -0.010922  0.00682459  -0.0143773  -0.00648112  0.00145613  0.0170111  -0.000788768  -0.00472965 
140 0.000130642 1.49894 0.0228463 0.0279021 -0.0018771  -0.00307387  -0.0018391  0.00319408  -0.00959729  0.00311443  -0.0031903  -0.00240585  0.00117385  0.0193971 
142 -2.42692e-07 0.498789 3.42871e-05 0.0254538 2.65406e-07  2.65786e-07  -1.84013e-05  -9.5557e-06  -1.29493e-06  8.39742e-06  -5.37462e-06  -1.06101e-05  -2.30587e-05  -4.293e-07 
143 -0.000314092 0.346941 0.0138699 0.0254585 -0.00640006  0.000344358  0.00169125  0.000623116  -0.00809497  0.0056615  -0.00163943  0.00572415  0.00260684  -0.00286618 
148 -0.000176117 0.47144 0.00448744 0.0310206 -0.00116921  0.000259041  -0.000558292  0.00183122  -0.00218717  0.00205437  0.00137914  0.0020274  -0.000145764  1.00305e-05 
151 0.000237004 1.33842 0.0281902 0.0337403 0.00100445  0.00393144  -0.000876449  0.00260487  0.0145506  0.00184742  0.000469507  0.010855  -0.0198676  0.00653921 
154 2.02132e-05 0.511892 0.00098066 0.0300239 -0.000269775  -0.000263326  0.000468504  -8.37232e-05  0.000366121  0.00046605  0.000240784  -0.000232649  0.00020805  -0.000293997 
155 5.31331e-05 1.24238 0.0125608 0.0296854 0.00418167  0.0059312  0.00238731  -0.0023891  0.00663262  0.00208822  0.00113826  0.00469283  0.00354492  -0.00307649 
157 -0.000109433 0.336917 0.00844962 0.0287765 0.00171768  -0.00189193  -0.000350172  0.00189284  -0.00292177  -0.00379339  -0.00262972  0.00444027  -0.00340593  4.93517e-05 
158 3.63338e-06 65.2924 0.0306846 0.0306191 0.0136462  0.00108332  0.00117853  -0.00746298  0.012541  0.0119859  0.00152526  -0.00794955  0.011716  -0.0139048 
159 -0.000162501 0.347301 0.00996368 0.0305597 -0.000632697  0.00335636  -0.00227642  -0.00573678  -0.0014176  -0.00469762  -0.00277234  0.00401874  0.000880968  -0.000909528 
161 -0.000338353 0.0689335 0.0241562 0.0331121 -0.00841174  -0.0042074  0.00146091  0.00363533  -0.00595886  0.0121736  0.0101208  -0.00177167  0.00955057  0.00996135 
163 -0.000272219 0.440344 0.00806245 0.037879 -0.00487529  0.000796045  0.00331556  -0.000888513  -0.000872731  0.00202434  -0.000761483  0.00249368  0.00399579  0.00109286 
164 0.000829916 0.876682 0.0353566 0.0413168 -0.00343587  0.00444032  0.0143389  0.008873  0.00566719  -0.00915455  -0.0170462  -0.0115592  -0.0158986  -0.0118893 
172 0.000122491 0.569144 0.00582096 0.0296227 0.00266166  -0.0020799  -0.00265756  0.00263562  0.0026611  0.000362095  0.000631661  0.000393813  -8.23342e-05  0.000830996 
178 -0.000483205 0.36282 0.0162886 0.0274776 8.12321e-05  0.00152009  -0.00997028  0.00486961  0.00152406  0.00792225  -0.00762957  -0.000716473  0.00361612  -0.00173066 
179 3.21592e-05 0.519655 0.00159022 0.0351901 0.000573387  -3.73602e-05  0.000744957  0.000726096  -0.000517174  -0.00027443  -0.000248551  -0.000434268  -0.000664166  0.000286693 
180 -0.000132132 0.0754306 0.0149805 0.0347301 0.000338835  -0.00170866  0.00237268  0.0114491  0.000426434  -0.00199778  -0.00155605  -0.00586434  0.00524455  0.0040221 
181 -0.000127715 0.479681 0.00322316 0.0365831 -0.000105705  0.00224719  0.00024199  -2.54342e-05  0.000463047  0.000130299  -0.000854695  -0.00165378  0.00030404  -0.00121621 
183 0.000401018 1.17045 0.0327899 0.038289 -0.00649257  0.00434544  -0.012485  -0.0165676  0.00582335  -0.0129669  0.00988937  -0.00545064  -0.0103544  0.0121246 
184 -9.0774e-05 0.423438 0.005273 0.032636 -0.00224308  0.00111291  0.000861767  0.000392078  0.00218877  -0.00169239  -0.00273661  0.00183776  0.00144097  0.000201206 
185 -0.000229153 0.440245 0.00740297 0.0339983 -0.000426255  0.0029084  -0.00369332  0.00178622  -0.00173608  0.00162441  -0.00107383  0.00148695  0.00450628  -9.43222e-05 
186 0.000247927 0.553834 0.00730832 0.0372165 0.00468086  -0.0012226  0.00311758  0.00275629  -0.00125405  -0.000571586  0.000111149  -0.00226209  -0.000758344  -0.00225526 
188 -0.00103456 0.255548 0.0318204 0.033722 -0.00374956  -0.00318032  0.000625247  -0.00538359  0.0216817  -0.00866731  0.000888943  0.0135422  0.0111662  0.0102425 
189 0.000564921 0.661161 0.0190843 0.0466076 -0.00173691  -0.0162641  -0.000180894  0.00656559  -0.00574069  -0.000740904  0.00309081  7.96283e-05  0.00233733  -0.00223785 
190 0.000311667 0.563937 0.00892992 0.0400938 -0.00158936  0.001143  0.00217976  -0.000114104  -0.00565024  0.00164218  0.00121536  0.00430096  -0.0039341  -0.00103543 
193 0.000118973 0.940101 0.0144717 0.0359985 -0.00108611  -0.000132588  0.00844328  -0.00258952  -0.00193281  0.0078421  -0.00279855  0.00210479  -0.00661711  0.00299261 
194 -0.00024087 -0.366847 0.0289004 0.0343063 0.0119173  -0.0116277  0.005804  0.00320332  -0.000607107  -0.00794357  0.0142434  -0.00333456  0.0151307  0.00276733 
196 0.000303756 1.14344 0.0279579 0.037654 -0.00213498  -0.00280575  -0.00220111  -0.0208023  -0.0149588  0.00810774  -0.000346861  -0.00056334  0.000846745  -0.00640124 
201 -0.000174446 0.463963 0.00501634 0.0333783 -0.000378885  0.0024065  -0.00183099  -0.00200713  0.00181117  0.00166481  0.000934177  0.000273443  0.00211215  -0.00062224 
202 3.07541e-05 0.507019 0.000929438 0.0358967 -0.000199001  -3.42923e-05  -0.000177992  0.000543925  -0.000166386  -0.00046238  0.000207788  0.000184996  -0.000385571  -0.000167327 
205 -0.000109342 0.147559 0.012416 0.0354658 0.00267167  -0.00164203  0.0073545  0.00176128  0.00111479  0.00586873  0.00239195  -0.00636808  -0.00170077  0.00151057 
206 -0.000587766 0.216769 0.025811 0.0369753 -0.0074892  -0.00645703  -0.0154692  0.00839989  0.00726449  -0.0109158  0.00382109  0.00154836  0.00257728  0.00793743 
208 -0.000394172 0.251488 0.019798 0.0442166 -0.0048394  -0.00916917  -0.00252694  0.00358956  -0.00423158  0.00260206  -0.000989546  -0.0110858  -0.00861764  0.00651025 
209 0.00117035 0.686509 0.02955 0.0484702 0.00383344  0.0101567  0.0134609  -0.00467348  -0.00487888  -0.00859951  -0.0209182  -0.00240995  0.00161216  -0.00292856 
210 -0.000675969 0.175667 0.0296207 0.0343466 0.00618915  -0.00520682  0.00624469  -0.00249952  -0.0228406  -0.00740882  -0.00350674  0.00490222  0.0104989  -0.00660212 
211 -0.000293526 -0.737401 0.038116 0.04308 0.00945929  -0.00958234  0.0129004  0.015136  0.0219925  0.00482753  0.000532638  -0.00515077  -0.0159012  0.00945407 
212 0.000139556 0.811727 0.0131912 0.0463622 0.00421962  -0.00397009  -0.00620972  0.00365189  -0.0050896  -0.00281547  0.00411982  0.00372617  -0.000309015  -0.00487447 
214 0.000450316 1.95452 0.0511725 0.044832 -0.0135601  0.0283256  -0.017466  0.00843467  -0.000806104  0.0174215  -0.00393926  0.0246117  0.011519  -0.0140751 
215 -0.00092246 0.0874734 0.0390256 0.039493 0.00479191  -0.0292213  -0.00464507  -0.00430527  -0.00822574  -0.00733554  -0.00459019  0.00847998  -0.0197414  0.00136415 
217 -2.20711e-05 0.357846 0.00354265 0.0498255 2.35381e-05  -0.00040854  -0.0017042  -0.00178646  0.000758606  -0.000236334  0.00138036  0.0011611  -0.00139947  0.000666216 
219 -0.000136111 0.371321 0.0083709 0.0500465 0.000253742  -0.000347823  0.00150657  0.00559067  -5.51056e-05  0.00159698  0.00529919  -0.000581879  -0.00231063  -0.000221156 
220 0.00054155 0.831943 0.0268131 0.0513885 -0.00547521  0.017589  0.0116583  0.00380518  0.0119361  0.00317801  -0.00367979  0.00191247  0.0076722  -0.000751861 
222 0.000696981 1.16342 0.042997 0.0458189 0.0104101  0.0300378  0.00438492  -0.0163746  -0.00815617  -0.0132806  0.00100769  -0.00771692  0.0142664  0.0066148 
224 3.90297e-05 0.513155 0.00143336 0.0374517 2.61461e-05  -0.000572522  -0.000714234  0.00063724  0.000515324  -0.000146499  -0.000574181  -0.000370648  -0.000124882  -0.000200431 
226 4.10154e-06 0.510317 0.000411433 0.036927 -0.000257435  4.839e-05  8.85813e-05  -0.000132066  -5.39993e-05  0.000169655  0.000171618  3.86205e-05  -9.5102e-05  6.07254e-05 
227 -0.000445569 0.134804 0.0255161 0.0368714 -0.00204124  0.0108878  -0.00461278  -0.0144878  -0.00652599  0.000199417  -0.00773078  -0.0117049  0.00734631  -0.00195483 
228 0.000134582 0.604232 0.00749105 0.0424873 -0.00427516  0.00135195  -0.00341753  0.00226135  0.0007325  -0.00183796  0.00172978  -0.000370929  -0.00211878  -0.00277205 
230 0.000304661 0.59283 0.0106374 0.0408729 0.000770326  -0.00466619  -0.00493461  0.000382897  0.00022442  0.000256497  -0.000479289  0.00304818  -0.00330753  -0.00676121 
231 0.000278575 0.85409 0.0198627 0.0369592 0.00238111  -0.00844801  0.012012  0.00166885  0.00784791  0.00995371  -0.00101363  0.00280218  -0.000552101  0.000752152 
232 1.3315e-06 2.92096 0.00359081 0.0329764 0.00126419  0.000867338  -0.000486097  -0.000160749  0.00144268  0.00165362  -0.00188672  -0.000743334  -0.00110225  0.000371958 
233 -2.64784e-05 -0.74663 0.0114906 0.0329563 0.000329294  0.00254096  0.000717145  0.00147365  -0.00768793  -0.00475111  -0.00349244  -0.00234067  -0.00389768  0.00287036 
234 0.00010248 0.530767 0.00355196 0.0333556 0.00239954  -0.00172937  0.000412204  -0.000609949  0.000557464  0.00040408  0.00145652  -0.000280663  -6.81996e-05  0.00080441 
236 -6.96898e-05 0.0272727 0.0114796 0.0317824 0.000294113  -0.00266832  -0.00157036  0.00468499  -0.00237963  -0.00896815  0.000601508  0.00308495  -0.00152378  0.00136721 
238 0.000219803 0.88737 0.0184541 0.0328605 0.00237033  -0.0026671  -0.0124122  -0.00412333  -0.00284253  -0.00578206  0.00809622  -0.00615294  -0.00113022  0.00324971 
241 0.000115914 0.555212 0.00506007 0.0293263 -0.00189442  0.000125817  -0.000877026  -0.00182498  0.00202278  -0.0010275  -0.000217524  -0.000281345  -0.00332348  -0.00125718 
242 0.000358642 1.04019 0.0278351 0.0272786 0.00443194  -0.0129336  0.00598423  4.86416e-05  0.00748327  0.00765717  -0.00494614  -0.0156616  -0.0128954  -0.00117857 
246 8.15781e-05 0.892618 0.0113187 0.0196353 -0.0017168  -0.00566887  0.00480804  0.00341415  0.00127547  0.000298187  0.0062391  0.00306073  0.00277982  -0.00071923 
247 -0.000420296 -0.280136 0.0362174 0.0174348 0.00165494  0.0122084  -0.0183672  0.0111657  0.00364599  0.0205146  0.000992309  0.00823565  -0.000639604  -0.0139473 
248 -6.51679e-05 0.290159 0.00739616 0.0269139 0.00584405  0.00156735  0.000864479  -0.00100105  0.00332444  -0.000843939  -0.000774912  -0.000534899  -0.00181188  0.000640771 
250 -2.62807e-05 -4.11715 0.0220305 0.0280985 0.000188644  -0.00425116  0.00685523  -0.00421814  -0.0073966  -0.00936971  0.00763828  0.0115394  0.00131796  -0.00816771 
251 0.000192879 0.896817 0.0174965 0.0285623 -0.00220653  0.00903224  -0.000229583  0.00594264  -0.00196851  0.00227675  0.000266802  -0.00606299  -0.00584818  0.0102088 
