generation s h r distopt trait[0] trait[1] trait[2] trait[3] trait[4] trait[5] trait[6] trait[7] trait[8] trait[9] 
3 4.4494e-05 6.25531 0.0320024 0.04 0.0117329  -0.0169731  0.00381472  -0.00367518  0.012295  -0.0012475  -0.00734936  -0.00866712  0.00527705  -0.0161445 
5 -0.000579816 -1.72785 0.07187 0.0727108 0.00368109  -0.0311829  0.0119515  -0.00145418  -0.0169707  -0.0348662  -0.0196659  -0.0153514  -0.0272452  0.0341476 
6 0.000738484 4.57959 0.109675 0.0881239 -0.0139275  -0.0271142  -0.0519674  0.0460302  -0.0100135  0.0140454  0.0335058  0.051767  -0.0004547  -0.0466885 
7 0.000742081 1.23613 0.0467328 0.0923838 -0.0268321  -0.0149132  0.00193439  -0.0143783  -0.0238121  -0.00158317  0.0162062  -0.00826225  -0.00605729  -0.00969491 
9 0.00040598 5.02204 0.0856463 0.107235 -0.00292556  0.0137379  0.0573025  0.00500324  0.012271  0.0223092  0.0137313  -0.00859237  0.0522001  0.0139243 
11 0.00746147 1.03972 0.126665 0.137843 0.00268156  -0.0713953  -0.0360542  -0.0359249  0.0218809  0.0295626  -0.0348504  0.0699974  0.0118916  0.0272141 
14 0.00518918 0.807639 0.0798585 0.145725 -0.0504775  -0.023133  0.00207391  -0.0364154  0.0303319  0.00454153  0.00887166  -0.0131585  -0.00807572  -0.0265738 
18 0.000342226 0.500822 0.00108792 0.185705 -0.000146641  -0.00101229  -6.44433e-05  -0.000197328  -0.000120661  -0.000116952  -0.000210642  -0.000143019  -3.02913e-05  -1.59596e-05 
19 0.00302383 0.566206 0.0283558 0.201768 -0.00160659  -0.0122349  -0.0142893  0.00136153  0.000671474  -0.000116199  -0.008602  0.0068186  -0.0157148  -0.0088222 
20 0.00387209 0.667672 0.0509762 0.21111 -0.0102178  0.00323498  -0.00902567  0.036795  -0.00653028  -0.00649319  -0.0022017  -0.0233333  -0.020346  0.000566269 
21 0.0144599 0.916276 0.154714 0.219997 0.0637199  -0.0803011  0.063857  0.0507201  0.00977892  -0.0277817  0.0723015  -0.00637364  0.0245605  0.00623009 
22 0.00616535 0.758175 0.0797574 0.200238 0.0049642  -0.0591681  -0.00914358  0.0326865  -0.0135515  -0.00361153  0.0208543  -0.0239579  -0.000991363  -0.0218441 
23 0.00590883 0.780538 0.0813817 0.196385 -0.00303337  0.0156927  -0.00505521  -0.0380042  0.0061094  -0.0439292  -0.0285075  0.00651435  -0.0121979  0.0438936 
25 0.00204688 3.35716 0.152654 0.213218 0.052714  -0.0824697  0.00702377  -0.0110908  -0.0410003  0.0374508  -0.0254664  0.00676442  -0.0954958  0.0255657 
27 0.0183015 0.559157 0.0667348 0.232641 -0.0359079  -0.0237368  0.00259823  0.00646932  0.00213839  -0.00800807  0.020787  -0.029488  0.023977  -0.0246348 
29 0.00626177 1.60469 0.165854 0.217516 8.1947e-05  -0.0448557  -0.0936172  -0.0177603  -0.042791  0.0386155  -0.103101  0.0362739  0.0301658  -0.0154325 
33 0.00930107 0.686238 0.0832689 0.257675 0.0223603  -0.0488365  0.0395607  -0.0159767  -0.00724986  0.0189336  0.0108451  -0.000103691  0.00706952  0.0406173 
34 0.00471182 0.706394 0.0623698 0.252614 -0.0227142  0.00874657  -0.00119812  -0.0203639  -0.00173186  -0.0264908  0.00987631  -0.0146455  -0.0368917  -0.0224419 
37 0.00764073 0.765746 0.0900659 0.290258 -0.000588067  -0.0414387  -0.0282143  -0.00628172  -0.0034432  0.022423  0.0689453  0.00648139  -0.00713222  0.0140667 
38 0.0215328 0.906733 0.186379 0.291564 -0.077608  -0.0441804  -0.0314601  -0.00799791  0.124592  0.0227967  -0.0829877  0.0274561  -0.0444278  -0.007125 
40 0.00741753 1.77596 0.193826 0.278975 -0.00231149  -0.0132601  -0.00553369  0.0605727  0.0128733  0.0155379  0.0725851  -0.0633266  0.119443  0.0986673 
42 0.021143 1.70114 0.315431 0.294426 -0.192083  -0.0910484  0.117377  0.130461  0.00329054  -0.0803296  0.0756001  0.0630115  -0.044714  -0.0732446 
43 0.00596399 0.536495 0.0297592 0.263785 0.000486657  -0.0182602  -0.00437505  0.000717142  -0.00387432  0.00982084  -0.00951547  0.00949257  -0.00453542  -0.0148188 
46 0.0362312 0.620357 0.133151 0.278909 -0.0291504  -0.0438253  -0.0226468  -0.0733042  -0.0306628  -0.0711248  -0.0304143  -0.0273696  0.0340599  0.0154658 
47 0.00194975 2.26538 0.117188 0.215692 0.0712967  0.0159967  -0.00677032  -0.0311189  -0.0293529  -0.00610115  0.0231477  -0.0485044  -0.0214713  -0.0559586 
48 0.00826353 0.639464 0.0679861 0.225951 0.0363289  -0.016508  0.0327825  -0.00981732  0.0125296  0.0218359  -0.00179787  0.00565194  0.0334247  -0.00851807 
50 0.0090564 0.635272 0.0701134 0.240123 -0.00733094  -0.0311372  0.0181655  0.000495357  -2.52298e-05  -0.00414191  -0.00673421  0.0366177  0.0460724  0.00603077 
54 0.0246134 0.658103 0.125071 0.287745 0.0138671  -0.0598698  -0.0429126  -0.0104575  0.00240088  -0.00182625  -0.014302  0.00989318  -0.0948618  -0.0245944 
55 0.0192025 0.599576 0.0880309 0.258555 -0.0486278  -0.0412445  0.0145977  -0.00819619  -0.0143401  -0.047181  -0.0265967  -0.0155416  0.00271135  0.00392706 
56 0.00707717 0.60383 0.0543389 0.234312 -0.0127656  -0.0301893  0.0317386  -0.000703061  -0.0162469  -0.0138537  -0.0127557  0.0130612  0.00896851  0.000952979 
59 0.0180222 0.623136 0.0945901 0.264517 0.0541968  -0.0287061  -0.0229873  -0.0166369  -0.0233889  0.0559192  -0.00210761  -0.0199088  0.0156809  0.00775064 
60 0.0136101 0.794202 0.126365 0.246034 -0.00410782  -0.0653931  -0.0542715  -0.00280351  0.0471301  0.0146292  0.0280255  0.0429151  -0.0563188  0.0220797 
62 0.0133044 0.525807 0.0380972 0.247238 -0.00232123  -0.0243238  0.00861881  -0.00657486  -0.00557797  -0.00547978  -0.0217091  -0.00564942  0.0121473  0.00499509 
64 0.00911314 0.991281 0.133524 0.251584 -0.0640922  0.0120625  0.0532115  0.047034  0.011934  0.0258276  -0.0826976  -0.0148427  0.0190938  0.0172785 
65 0.0102731 0.709567 0.0927934 0.250833 -0.0208215  -0.0207807  0.0371126  -0.0126574  -0.0255282  0.0714915  0.0130022  -0.00809146  0.00540364  -0.0134624 
68 0.0151036 0.535206 0.0471468 0.28377 -0.0150853  -0.0202212  -0.00546103  -0.00253258  -0.0111899  -0.00522639  0.0176599  -0.0227974  0.00914801  0.0219616 
70 0.0178316 0.779333 0.140909 0.293619 0.0121152  -0.0596026  0.0120705  0.00893943  0.000727683  -0.01579  0.113695  0.0131433  0.0507545  -0.00232431 
73 0.0217188 0.64458 0.112415 0.314678 0.0181945  -0.0564653  -0.0620106  -0.0181493  0.0455365  0.0102325  0.0352053  -0.00132622  -0.0273727  -0.0278257 
74 0.0310576 0.565543 0.092074 0.295472 0.0143024  -0.0570364  -0.00997344  -0.0195043  -0.00496253  -0.0360657  -0.0448371  0.0215024  0.0271364  -0.00235723 
75 0.00346155 0.850622 0.0696378 0.255404 -0.00506735  -0.0136721  0.0254256  0.0367461  0.00832527  -0.0295429  0.00874821  -0.0371643  -0.00756657  0.0135287 
78 0.00262254 0.706884 0.0465859 0.300617 -0.0326845  0.0115458  0.00204366  -0.0110886  0.0020058  0.021261  0.00338497  -0.0168802  0.00266065  -0.00905524 
82 0.0341432 0.535612 0.0730938 0.370823 -0.00134658  -0.0446829  0.000671441  -0.0131725  -0.0297027  -0.0106244  -0.0281163  -0.0190549  -0.0223701  0.0228295 
83 0.0173949 0.567277 0.0691863 0.341519 -0.00507106  -0.0260626  0.0328093  -0.010185  -0.0185666  -0.00536446  -0.045455  -0.0128943  0.00139856  -0.0171379 
84 0.0248619 0.557448 0.0770744 0.334409 -0.0121351  -0.0447837  -0.0138403  -0.0366754  -0.00651666  0.0286598  0.00636011  -0.0362481  0.00502527  -0.00273848 
85 0.01371 1.29191 0.207351 0.314095 -0.0873037  -0.080852  0.11742  0.0231818  -0.0154058  0.0722516  -0.0464015  -0.018172  -0.00614069  0.0808196 
86 0.0216468 0.623743 0.103996 0.305278 0.0476692  -0.0281221  -0.0584  -0.0217922  0.0109689  0.0164632  -0.00131058  -0.00436778  -0.0225548  -0.0542732 
87 0.0143717 0.60169 0.0768228 0.283093 -0.0142597  -0.0520923  0.001943  -0.00978112  -0.0241784  0.00438958  -0.0187567  0.00682082  0.00114713  0.0433802 
88 0.00438967 0.542898 0.0275882 0.269953 -0.00286251  -0.00883238  -0.0124708  0.00950504  -0.0030383  -0.0100752  -0.00270129  -0.00709844  0.00193359  0.0160273 
89 0.00593223 0.810858 0.0858211 0.275547 -0.00800139  -0.0186944  -0.0217896  -0.0346906  0.0381116  -0.0163993  0.0217329  -0.020802  0.0444993  0.0258238 
90 0.0119979 0.551046 0.0500554 0.278277 -0.0158087  -0.0134859  -0.00878096  0.00272482  -0.0116333  0.00556887  -0.0128448  -0.00291757  0.0125051  -0.0386394 
93 0.0330128 0.611911 0.122634 0.300894 -0.00885507  -0.0693534  -0.0437594  0.0231301  0.0457001  -0.062426  -0.0289849  -0.00802641  0.0284534  -0.00110693 
98 0.0138096 0.614382 0.0797753 0.319234 -0.0226687  0.00209258  0.00580836  -0.0346949  -0.0202339  0.0219334  0.0283753  0.0385602  -0.02975  -0.0232548 
100 0.0184976 0.719112 0.127277 0.33321 0.0242504  -0.0495289  0.0154079  -0.051748  -0.0423458  -0.0377772  0.027753  0.059275  0.017431  -0.0493466 
101 0.0035904 0.623376 0.0421275 0.321954 -0.000734567  -0.0128406  0.00823817  -0.00278992  -0.0303961  0.0032294  0.00745027  0.00729556  -0.0201629  0.00916672 
104 0.0296827 0.6896 0.150162 0.316339 -0.0198867  -0.0606378  0.0518323  0.0358919  0.0862986  -0.0454916  0.017133  -0.0193007  -0.0438385  0.0489553 
105 0.0122394 0.540231 0.0450684 0.26612 0.00591083  -0.0300934  -0.00596597  -0.00519341  0.016566  0.0193445  -0.00477367  0.00306752  0.0164894  -0.00867789 
107 0.0138147 1.40448 0.22232 0.242187 -0.0526057  -0.0877706  -0.119506  0.0257224  0.0517327  -0.106065  0.0295981  0.00465126  -0.00696406  -0.0956019 
108 0.00847861 0.585487 0.0540518 0.211977 -0.0312875  -0.014964  -0.00318144  0.0191341  0.0148269  0.0174724  0.0012135  -0.0153491  0.00623217  0.0232703 
109 0.00626695 1.36586 0.146965 0.191028 -0.0663319  -0.0361474  -0.033733  -0.0193406  -0.0692371  -0.00244478  -0.0140103  0.0878726  -0.00491261  0.0404761 
112 0.0058728 2.29217 0.20439 0.173909 0.0900328  0.0206924  0.0519497  0.0330314  -0.0112992  0.137075  -0.0030259  0.0954723  0.0315107  -0.0204227 
113 0.00504633 0.607541 0.0466622 0.156168 -0.0141869  -0.0070208  -0.0220609  0.00176186  -0.0158125  0.00765093  -0.0142893  -0.0212964  0.0167725  -0.0137622 
115 0.00498922 0.63588 0.0521197 0.139122 -0.00931332  0.0127235  0.00366688  0.0129881  0.0233685  -0.0211397  -0.0165102  -0.0221981  0.00923026  0.0210283 
119 0.00347401 1.11807 0.0925781 0.119909 0.0441463  -0.0547406  -0.0169259  0.0173676  -0.0275601  -0.015439  -0.00409698  -0.0202698  -0.0360093  -0.017746 
120 0.00287338 0.981619 0.0743496 0.104452 -0.0354222  -0.00994575  -0.00828699  0.0169244  0.0131243  0.0489968  -0.00868121  -0.0161409  -0.0189705  0.0234605 
123 0.00477684 0.925192 0.090045 0.0896708 0.0118769  0.0112286  0.0701071  -0.0217459  -0.00211106  -0.00401083  0.00437092  -0.0397623  0.0266  -0.011172 
125 0.00119843 0.613142 0.0232965 0.057231 -0.0126192  0.00420814  -0.000576051  0.00573339  0.00822377  -0.00481881  -0.00872001  -0.00457079  -0.0109316  0.00502859 
127 -0.000770611 0.149072 0.0328981 0.0455816 -0.0077534  0.0113816  -0.0137017  0.0128731  0.000599463  0.00375606  0.00179824  0.0172172  0.0144772  0.00393115 
129 0.000434899 0.787539 0.0223642 0.0533722 -0.00376487  -0.000875257  0.000994074  0.00638933  -0.0166336  -0.00672066  0.00330426  -0.00194919  0.00549774  0.00875322 
130 0.00112036 0.759947 0.0341283 0.0491303 -0.00813991  0.00395366  0.000840667  0.0062676  0.00311576  -0.00129337  0.00659093  -0.0251851  -0.0186126  -0.00270636 
131 -0.000384952 0.386296 0.0132358 0.035973 -0.00163241  0.00740491  -0.00174705  -0.0016932  -0.00540128  0.0041509  -0.000520926  0.00380381  0.000427393  -0.00710229 
134 0.000205007 2.17287 0.0370331 0.0409766 0.0100709  -0.0239059  -0.005569  -0.0167192  0.00264592  0.00271713  -0.00791578  -0.011876  -0.0053443  -0.0118888 
138 5.46215e-05 8.65232 0.0421986 0.0383939 0.0117836  0.0142732  0.0126362  -0.00312027  0.00126831  -0.0193464  0.0162641  0.0177517  -0.0175695  -0.0021245 
139 -2.76729e-05 -3.58807 0.021272 0.0376759 -0.00852581  0.00510718  -0.00749949  0.00751748  -0.0130734  0.0031372  0.00224718  -0.00222611  -0.00474058  0.00526643 
140 1.94998e-05 1.99079 0.0107832 0.0380414 -0.00438997  0.00186348  0.00601037  0.00292602  -0.00105964  0.00283948  -0.00333105  0.00168545  0.00442576  0.00247756 
142 -1.59715e-06 -36.5183 0.0153782 0.0377842 -0.00844287  -0.00252777  -0.00167224  0.00153623  0.00186244  0.00938868  -0.000660448  -0.000791021  0.007785  0.000613459 
146 7.86487e-05 2.1613 0.0228601 0.0378054 0.00110542  -0.00647493  -0.00743655  0.00637962  0.0102146  -0.00458602  0.00358426  -0.00484812  0.010109  -0.0109326 
147 -0.00033495 -2.09435 0.0589494 0.0367505 0.0121217  0.010665  0.00265333  -0.0022155  -0.00719587  -0.0391493  -0.0188711  -0.0142612  0.00129343  0.0325083 
148 -0.00016173 0.00221977 0.0179457 0.0410561 -0.00280996  0.00120307  0.00774125  -0.0028952  0.0106178  -0.00346871  0.00534431  -0.00670805  -0.00678729  -2.12461e-05 
150 -0.000882432 0.156769 0.0348174 0.0429808 -0.0192345  -0.00552176  -0.0062486  0.00564731  0.0144481  -0.0036494  0.0132842  -0.000218197  0.0142654  0.0117802 
153 0.000931093 0.911307 0.0391317 0.052251 -0.0124662  -0.0145893  -0.0110609  0.00844384  -0.00623706  0.00570387  -0.00819416  0.0156738  -0.0158306  -0.0182903 
155 2.40558e-06 0.681181 0.00132037 0.0424206 -0.000182821  -0.000552696  0.000157823  -5.58548e-05  -0.00082791  -0.000183329  -0.000202768  -0.000588279  -0.00043001  -0.000292089 
158 -0.000235094 -0.298397 0.0274015 0.0423923 0.016026  0.000722581  0.00700915  0.00429665  0.00258014  -0.00615851  0.00738678  0.0152162  0.00107826  -0.00969809 
159 0.000234482 0.618574 0.0105464 0.0450802 -0.000254628  -0.00212478  -0.000919767  -0.00264455  0.00368549  0.00712156  0.00196065  0.00109257  -0.00511424  -0.0018208 
161 -0.000313387 0.136139 0.0213591 0.0424001 -0.00351784  0.00590501  0.00492795  0.00158009  -0.0062628  -0.00497902  -0.00722975  -0.00881051  -0.0112484  0.00785824 
162 0.000389686 1.25643 0.034333 0.0459479 -0.0128817  -0.00183878  -0.00318415  -0.0184206  -0.0182679  -0.00433467  0.00137303  -0.00315289  0.0126121  0.0116867 
163 0.000559364 0.624999 0.0167257 0.0414921 0.00708122  -0.00219676  0.00127441  0.00162491  0.00265065  0.0104861  0.0075401  0.00429178  -0.00511675  -0.00144119 
164 0.000318207 0.674093 0.0148862 0.0340938 0.00189344  -0.00112545  -0.00876108  -0.00656782  -0.00202114  0.00173725  0.00136317  -0.00542891  0.0076059  -0.000756239 
166 4.37131e-05 0.596074 0.0040987 0.0290557 0.000771868  0.00198031  0.000233339  -0.00205459  -0.0019234  0.000920904  0.000354674  0.001565  -0.000569724  -0.000747697 
169 -0.000246579 0.384369 0.0106814 0.0282935 0.000144386  6.20683e-05  -0.000798315  0.00547854  0.00394822  -0.00240444  0.00148053  0.00399625  0.00515651  0.00415854 
170 0.00028842 1.03701 0.0248887 0.0323594 0.0104737  0.00635491  0.000805803  -0.00606864  0.00692024  0.0050727  0.00613797  -0.00230758  0.0110391  -0.0139069 
171 -0.000353369 0.377804 0.0131457 0.0275454 -0.00400268  0.00793763  0.00201636  0.00682003  0.00287698  -0.00387072  -4.36155e-05  0.000862654  -0.00416799  -0.00135166 
174 4.59241e-07 0.769669 0.000703826 0.0333494 0.000278693  0.000158242  5.84318e-05  5.17506e-05  0.000152158  0.000387916  4.00021e-05  0.000370396  0.000266893  5.39704e-05 
176 -1.08598e-05 -2.55275 0.0115155 0.0333425 0.00656457  -0.00299006  -0.00487549  0.00331854  0.00237162  0.00216845  0.00148694  -0.0022772  -0.00498612  0.00179033 
178 -4.35748e-05 0.030817 0.00904324 0.033505 0.00357801  0.00472352  -0.000924004  -0.00200569  -0.00499096  0.00256483  7.70785e-06  -0.00187627  0.00253426  -0.000599013 
180 -4.8095e-05 -5.73842 0.034641 0.0341491 -0.0187446  -0.00562068  0.00945056  -0.00341347  0.00130104  0.0145425  -0.00142962  -0.0135774  -0.0158665  0.00804783 
181 -0.000174171 -0.277269 0.0232709 0.0348462 0.00165789  -0.0116763  0.00244319  -0.00863429  0.0139985  -0.00184043  0.00213088  0.00403295  -0.0085874  -0.00529509 
182 -0.000630016 -0.0160666 0.0360682 0.0372618 -0.00675686  0.021395  -0.0134376  -0.00725786  -0.0121921  -0.0153192  -0.00416717  -0.00339793  0.00724371  0.00997817 
184 3.18619e-05 3.43616 0.0193438 0.0449295 -0.00673813  -0.000803581  0.0045822  0.00261011  -0.000346192  0.0146801  -0.00600334  0.00367023  -0.00495169  0.00326648 
186 -6.88328e-05 0.408731 0.00501322 0.0445735 0.000516447  0.000526212  -0.00194003  0.000405869  0.00201706  -0.0026336  -0.00185931  0.00128965  -0.000237751  0.00211642 
187 -0.000683 0.384118 0.0178022 0.0453391 0.00130935  0.00808142  -0.00628406  -0.00142367  0.0072172  0.00978988  -0.00114599  -0.00450557  0.00605663  0.00146754 
189 -6.61304e-05 0.227659 0.00848788 0.0523342 0.000766363  -9.51079e-05  0.00298651  -0.00242144  0.00386777  0.00254174  0.00411156  -0.00202066  0.00311898  -0.00212814 
190 -0.000101532 -0.9367 0.0241553 0.0529622 0.00573346  0.00607696  0.0079525  0.00375684  -0.00374008  -0.0088031  0.0161742  0.00589748  0.00633985  -0.00287363 
191 0.00102741 0.562711 0.0160657 0.0539123 0.00845063  -0.0086698  -4.42478e-05  0.00523155  0.00511983  -0.00109287  -0.00552644  0.00437605  0.000258585  -0.00264394 
192 -0.000670581 0.438589 0.0128453 0.043355 0.00120743  0.00242763  0.00415839  -0.000535739  -0.00407956  -0.000546814  0.00952925  -0.00212057  -0.000238642  0.00526965 
193 -0.000362966 0.108133 0.0238551 0.0505021 0.0102277  -0.00053268  0.00151417  0.00685134  0.0150581  -0.0050469  -0.00372857  -0.00194025  0.0105958  -0.00572622 
194 0.000166609 8.28972 0.0720247 0.0539768 -0.00417772  -0.0299098  -0.024491  -0.0234399  -0.00540158  0.0390586  -0.03862  0.00463944  -0.00277882  -0.00712464 
196 0.00010402 4.65066 0.0415518 0.0524109 -0.0068538  0.0134612  0.022549  0.0161613  -0.0116802  0.00989059  0.0136021  -0.0109322  -0.00890586  -0.0105181 
197 -0.000170638 -2.51899 0.0453903 0.051409 -0.00529031  -0.00344367  0.00191642  0.0075038  0.02002  -0.0341392  0.00429246  -0.0148776  -0.00480409  -0.0114595 
201 0.00110404 0.60414 0.021453 0.0530428 0.0119708  0.000249147  0.00267092  0.00229121  -0.00936659  0.00380051  -0.00247969  0.00405146  0.00155966  0.0133158 
204 -0.000857195 -0.360793 0.0543325 0.0413534 0.034051  -0.00630393  0.0100965  0.0177629  -0.0200573  -0.0101278  0.0115287  0.0255007  -0.00587833  -0.00356787 
205 0.000163286 1.12997 0.0202836 0.0506722 0.00243112  0.00791396  0.00340497  -0.0117329  0.00273501  -0.000847427  -0.0072321  0.00221044  -0.0064709  0.00929338 
207 3.70214e-06 0.674642 0.00160816 0.0490346 -0.000473579  -0.000743272  8.27938e-05  -0.000346436  9.76203e-06  -2.39487e-05  0.000437413  0.000507286  -0.00103839  0.000393689 
208 -1.85465e-05 -18.5107 0.0375512 0.0489969 0.00353504  0.00588592  -0.00856654  -0.0211646  0.00212258  -0.0195453  0.001541  -0.00585785  0.0180433  0.009636 
210 0.000218106 0.577969 0.00824852 0.0491858 -0.00336548  -0.00385865  -0.00207903  0.00261382  -0.00151544  -0.00262561  0.00174652  -0.0018446  -0.00376221  0.000932961 
214 0.000477356 0.877483 0.026845 0.0469165 -0.0113528  -0.00676679  -0.0124428  -0.0101277  0.00862495  -0.00311145  -0.00226406  0.00738713  -0.00555287  -0.0106763 
216 0.000736921 0.853139 0.0322598 0.0415201 -0.0171525  -0.00298567  -0.00193771  0.0156874  -0.0152627  -0.00180975  0.000156065  -0.0135809  0.00764661  0.0029268 
221 7.21434e-05 0.547873 0.00371713 0.0314208 0.00113369  -0.00200059  -0.000264068  -0.00131573  0.000831061  2.87818e-05  -0.0018741  0.0013141  0.000288719  -0.000845322 
222 2.14813e-05 4.66111 0.0189083 0.030251 -0.00231106  0.0114569  0.0109079  -0.00172847  4.79561e-06  0.00371842  0.00208196  0.00476422  -0.0074386  0.00166221 
225 -6.39273e-05 -5.99634 0.040754 0.0298939 0.00336139  -0.00352919  -0.00510332  -0.00208164  0.0130687  0.0289821  0.00840224  0.0171983  0.0106558  -0.010774 
226 -6.0251e-05 -4.97856 0.0363343 0.0309447 -0.0119941  -0.00241609  0.000624653  -0.00652771  -0.00797146  -0.0256029  -0.0020717  -0.0158143  -0.00926855  -0.00825476 
227 -0.000173674 -0.625645 0.0279641 0.0319034 0.00335612  -0.0105167  0.0165164  -0.00474852  -0.00586273  0.011275  0.00224085  0.0102041  -0.00701289  0.00670534 
228 -6.03817e-05 -0.113783 0.0121757 0.0345183 0.00335052  0.00742021  -0.00278295  0.000476959  0.00307912  0.00170923  0.00414291  -0.00581383  0.000972661  -0.00311092 
230 -6.74972e-05 -0.0293091 0.0119546 0.0353822 -0.00445671  0.00468788  -0.00388321  0.00315716  -0.00104475  0.00562558  0.000266962  -0.000748492  -0.000572879  -0.00650602 
232 0.000381114 0.734852 0.0189212 0.0363235 0.0112444  0.000638763  -0.00707167  -0.00349232  -0.0028559  -8.51983e-05  -0.00534284  0.00405563  0.0106758  0.00135286 
233 -0.000725761 0.173064 0.0308157 0.0306326 0.0165938  -0.00650419  0.00647587  -0.00207054  0.00276086  -0.00762519  -0.00455547  -0.0198023  0.0101458  0.00203296 
234 -6.59407e-05 0.48483 0.00200091 0.0407968 0.00095828  0.000650084  9.35424e-05  -0.000447046  0.000906375  -0.000574471  0.000634872  0.0003952  -0.000606233  0.000613051 
236 0.000186358 1.57971 0.0283675 0.0415972 -0.0171329  -0.0068819  -0.0138937  0.00398192  -0.00303135  0.0087396  0.0122676  -0.0035162  0.00118648  0.00225653 
237 -0.000163906 -0.370752 0.0238937 0.0392936 0.000628134  -0.00763774  0.0119347  0.00627505  0.00177251  -0.0106925  -0.00449548  -0.00435235  -0.0127579  -0.00331322 
239 0.000672683 0.907491 0.0331082 0.0413268 -0.00533096  0.00731071  -0.020362  0.00519224  -0.0036795  0.0187919  -0.00200266  0.00953235  0.00624627  0.00849445 
240 -0.000139166 -0.951571 0.0284257 0.0321784 -0.0182922  0.01242  0.00888591  0.00167198  0.00721134  0.00206854  0.00498452  0.0118112  -0.00346754  -0.00217896 
241 -0.000756114 -0.0274243 0.0399468 0.0342728 -0.00367932  -0.0122016  -0.0156555  -0.0250091  0.00832055  0.0018475  -0.0209747  -0.0038323  -0.00324061  -0.00500046 
242 -5.83377e-05 -10.5098 0.0506793 0.0439434 -0.0118328  -0.000193128  0.00977277  0.0304157  -0.0191094  0.000122561  -0.0208586  0.0104815  -0.0125062  0.0184712 
243 4.9686e-05 0.513663 0.00164819 0.0446023 0.000709174  0.000269776  -0.000514047  0.000690526  -0.000528577  -0.000309498  -0.000109514  -0.000781996  0.000461534  -0.000433625 
244 -6.81243e-06 0.488093 0.000569626 0.0440418 -0.000234882  0.000302045  -5.80714e-05  -5.12041e-05  0.00020593  -0.000214018  -0.000174317  0.000195005  9.25327e-05  8.30234e-05 
245 -0.000559941 0.129897 0.0287966 0.0441191 0.000250745  0.0122704  -0.00960081  0.00320154  -0.0036825  -0.00908421  -0.0103084  -0.0153548  0.0116548  0.00149793 
248 7.44536e-05 0.552982 0.00397251 0.0500658 0.0012182  0.000876529  -0.00189596  0.000483327  -0.000574092  0.000529264  0.00258744  -0.000851299  0.0011676  -0.000554724 
250 0.000186127 0.653949 0.0107061 0.0493167 0.00348789  0.00095113  -0.00269815  0.00327213  0.00237874  0.00447618  0.00610893  -0.0015296  0.00397522  -0.00155196 
