generation s h r distopt trait[0] trait[1] trait[2] trait[3] trait[4] trait[5] trait[6] trait[7] trait[8] trait[9] 
1 0.149749 0.511051 0.126024 2 0.0388565  0.00673595  -0.000596746  0.0345488  -0.01099  0.0294196  0.0806535  -0.00208459  0.0706308  -0.0254685 
3 0.082509 0.509427 0.0782873 1.9648 0.0233089  -0.0174873  0.024788  0.036973  0.0227405  0.0191215  0.0210464  -0.0309191  -0.0134349  -0.028916 
5 0.172137 0.503513 0.121765 1.94452 0.0379982  -0.0370752  -0.00955513  -0.0768709  0.0229454  -0.044728  -0.0216203  -0.00179898  -0.017331  0.0520544 
6 0.0465802 0.510067 0.0535622 1.90325 0.0116748  -0.0138077  -0.0163458  -0.0159003  -0.016882  -0.0112593  -0.0212463  0.0267715  0.0190199  0.00896117 
7 0.0199149 0.534956 0.0543192 1.89125 0.00582338  -0.0102377  -0.0281615  0.00101288  0.0171364  0.00163576  0.0102063  0.00912608  -0.0332012  0.0207764 
9 0.192752 0.485092 0.0708295 1.88603 0.0484022  0.0156493  0.00834393  -0.00497357  0.00276947  -0.0285304  0.0270072  0.0123357  -0.0238749  0.00784588 
10 0.0497659 0.509482 0.0549593 1.8387 0.0158818  -0.00858272  -0.033126  0.023496  -0.000946606  -0.00533971  0.0305009  -0.00381585  -0.000897824  -0.00837602 
11 0.249623 0.490217 0.126822 1.82545 0.0669063  0.0222252  0.00179568  -0.0310771  0.00772122  -0.00790247  0.0355202  -0.0654  -0.0609237  -0.0277818 
12 0.0451568 0.49947 0.0296923 1.76336 0.0145306  0.00138918  2.59425e-05  -0.00144475  0.00284075  -0.0113986  0.0170459  -0.00150386  0.00950257  0.0120563 
13 0.0822544 0.578893 0.167266 1.75079 0.0283268  -0.0305367  -0.0396281  0.0336716  0.0860369  0.088986  0.0010144  0.0840447  0.0200804  0.0273903 
17 0.824906 0.469434 0.32589 1.72807 0.222487  0.0644883  -0.109129  0.0851025  0.129761  0.0781312  -0.0229043  0.0281459  -0.0362433  0.0884357 
18 0.0655056 0.501554 0.0490594 1.54424 0.022401  0.00543079  -0.0145542  0.0209865  0.00776679  -0.0211406  -0.0222265  -0.0141792  -0.00451089  -0.000778302 
19 0.0609248 0.553949 0.120362 1.52356 0.0218075  0.0412673  -0.0429009  -0.0336016  -0.0312596  -0.0130182  0.0420455  -0.0401835  -0.0354968  -0.0595796 
20 0.13568 0.49899 0.0870339 1.50403 0.0368989  -4.4302e-05  0.014777  -0.002002  -0.0562243  0.0253032  0.00240807  0.0461612  -0.00631345  0.00361296 
21 0.0146371 0.505319 0.0203652 1.46112 0.00365508  -0.00175495  0.00832059  -0.00730988  0.0086069  0.00525895  -0.0112816  -0.00483604  -0.00461531  -0.00139226 
22 0.045669 0.501914 0.0365896 1.45614 0.0166525  -0.00470309  0.00172841  0.0255747  0.0079931  -0.00696663  -0.00928714  -0.00701741  0.00338177  0.0110892 
24 0.0500284 0.509854 0.0558109 1.44072 0.0168136  0.0160352  0.00258944  0.0013561  -0.00141069  0.00358787  0.00974527  0.02656  0.0412564  -0.00700942 
25 0.073171 0.557086 0.136304 1.42368 0.0285954  -0.0756029  0.0103204  0.0118529  0.0415669  0.0247845  -0.0168837  0.00919183  0.0332072  -0.0893534 
26 0.159849 0.537263 0.181622 1.39866 0.0651419  -0.11201  0.00771848  0.0449484  -0.0790964  0.0236729  0.00357773  0.0850645  -0.00668195  0.00263447 
28 0.136147 0.524586 0.143726 1.3446 0.0778868  -0.0557775  -0.0393154  -0.0127915  -0.0428128  0.0633973  0.0391038  0.0255167  0.0310873  0.0277766 
30 0.0133465 0.503251 0.016133 1.29627 0.000881718  0.00409681  0.00380508  0.00018683  -0.0036751  -0.00956012  0.00113848  -0.00877505  0.00317712  -0.00590796 
32 0.0419312 0.513722 0.0556528 1.29114 0.0194667  -0.018659  0.0025372  0.0059633  -0.00654523  0.0132834  -0.0342485  0.0107539  -0.0286364  0.000430952 
35 0.155311 0.5248 0.15711 1.27514 0.0814583  -0.0778616  0.0333893  0.0143183  0.0166391  -0.0626861  0.0111461  0.0519557  -0.0484546  -0.0358862 
36 0.0346581 0.507125 0.0393852 1.21721 0.00829313  -0.00574677  0.0225892  0.000408176  0.00473241  -0.0178522  -0.0219585  0.00184699  -0.00185419  0.0104323 
38 0.0272256 0.769344 0.170865 1.20313 -0.00958069  0.00258905  -0.0444929  -0.0644635  -0.0843002  0.0281101  -0.088275  -0.0767477  -0.0200078  -0.0313293 
39 0.0799442 0.536572 0.119107 1.19192 0.0289336  -0.026211  0.0674549  -0.00351328  0.0185881  0.0475405  -0.0167675  -0.0607229  0.0354999  -0.0162942 
40 0.348338 0.487157 0.170962 1.15921 0.125338  0.0567745  0.0739177  -0.00747157  -0.0149589  -0.000294372  0.0368918  0.0391094  0.0362834  0.0185598 
41 0.251158 0.728035 0.472836 1.0222 0.224022  0.188272  -0.00519697  0.191802  -0.240017  0.084706  0.14698  0.0242933  -0.0727551  0.0941103 
42 0.0403863 0.817915 0.225412 0.90599 0.0425512  -0.011089  0.103437  -0.0295991  0.00366342  0.00843547  -0.0167312  0.123505  0.145705  0.021305 
43 0.0712967 0.64649 0.206175 0.88387 0.0255174  -0.0477803  0.118159  -0.0766913  0.0238083  -0.00524682  -0.0628183  -0.000935458  0.0691679  -0.102006 
44 0.0463316 0.543031 0.0938727 0.844012 0.0119139  0.0582318  0.0287092  -0.0325664  -0.0252389  -0.0380756  -0.0228703  -0.00736271  0.0242781  -0.0118733 
48 0.0366134 0.627451 0.137603 0.816741 0.0229027  0.0520622  -0.0336056  0.0177617  -0.0756058  0.0267368  -0.0376842  -0.0769148  -0.0167103  -0.0144423 
50 0.0196865 0.514198 0.0360144 0.794423 -0.00614016  -0.00651926  -0.00778743  -0.00553516  0.000990286  -0.0277063  0.000959965  -0.0166775  -0.00587493  0.00658485 
51 0.0179682 0.51882 0.0387159 0.782056 0.00883126  0.0265246  0.00107801  -0.00738704  0.00608914  -0.00291841  0.00592802  0.00926691  -0.0221746  0.00182298 
53 0.00596596 1.66821 0.166483 0.770586 0.0553063  0.0337254  0.0879336  0.0375567  0.0222024  0.0672007  0.047234  -0.0750535  0.0244861  0.0300844 
54 0.0353752 0.518093 0.0558486 0.766717 0.00793753  -0.0220959  -0.0168489  -0.0126468  0.0103732  -0.00714923  0.00835034  -0.0214596  -0.0251247  -0.0283514 
55 0.0984972 0.604111 0.208121 0.743701 0.0616903  -0.0715925  0.0488334  -0.0372243  0.0275511  -0.0713686  -0.0795982  0.0781345  -0.0852363  -0.0710929 
58 0.0257799 0.554842 0.0768333 0.677605 0.0498733  -0.028559  -0.00867447  0.0190371  -0.00781092  -0.0171867  0.00761603  0.0355049  0.00809935  -0.0205462 
59 0.0106199 1.01639 0.147705 0.658555 -0.0237879  -0.0300066  0.00988812  -0.0290182  0.0213905  -0.0120971  -0.0783897  0.00847268  -0.0176429  0.110809 
61 0.0127981 1.95073 0.27056 0.650485 0.0312608  0.114852  -0.00311188  -0.0272392  -0.174814  -0.130801  -0.0157708  -0.0555115  0.0193455  0.0831218 
63 0.03652 1.16003 0.306966 0.640636 -0.0140558  0.138571  -0.0136229  0.0599234  0.148874  -0.182549  -0.096254  -0.00517604  -0.0272755  -0.07436 
65 0.0108188 1.02852 0.150805 0.612001 0.0609267  0.00694068  -0.0132265  0.0689007  0.0106531  0.0467792  0.0132715  0.0781022  0.0403861  0.0620549 
70 0.020405 0.621873 0.100194 0.603146 -0.0277757  0.00880536  -0.0343521  -0.00220606  0.0219675  -0.00968342  0.0667811  -0.0299727  -0.0197385  -0.0409972 
71 0.00207862 0.649985 0.035323 0.586161 -0.00469819  -0.00243217  -0.00466791  -0.0106062  -0.0157248  0.013155  0.0236329  -0.00700797  0.00644065  0.00400171 
73 0.0203718 0.931794 0.186771 0.584387 -0.006502  -0.131927  -0.0828993  0.0080347  -0.00454445  -0.0741325  -0.0130936  -0.0139856  -0.00813549  -0.0674545 
75 0.034769 0.663024 0.151022 0.56687 0.0146728  0.0380916  -0.0202965  -0.0149743  0.0102994  -0.0182032  0.106243  -0.0909364  0.0190347  -0.0121805 
77 0.0263559 0.526934 0.0560352 0.535876 0.0305038  0.00750337  -0.0135025  -0.0164606  -0.00596968  -0.0265841  -0.0130541  -0.0206012  0.0175536  0.00738884 
80 0.0202177 2.21189 0.367371 0.511027 0.190671  -0.000655109  0.0447885  -0.199502  -0.110596  -0.0682093  -0.11659  0.0725651  0.120003  0.081576 
82 0.00906385 0.924958 0.123891 0.491053 -0.0409853  0.0303918  0.045147  -0.0460856  0.0334006  0.031156  0.0337174  0.0200637  -0.0701474  0.00607676 
84 0.0532954 0.605777 0.152487 0.481778 0.0351629  -0.106326  -0.010216  0.0337196  0.0674449  -0.0413842  0.0360035  -0.0152747  -0.037215  -0.0171208 
86 0.030974 0.647356 0.135659 0.424483 0.0234223  -0.0165761  -0.0100315  0.000106588  -0.0531051  0.0551644  -0.0104302  -0.0879291  -0.057792  0.0208757 
88 0.0601759 0.693996 0.216296 0.386887 0.0554298  0.0731122  0.0309032  -0.0117169  0.124985  0.0974303  0.0209698  0.08778  -0.0446703  -0.0449355 
94 0.0144556 1.46719 0.235042 0.302071 0.029515  0.0129789  -0.134651  -0.101412  0.065587  0.0360764  -0.13337  0.0183852  0.0384082  0.0242043 
97 0.00337982 0.539981 0.0233507 0.277299 -0.00372436  -0.00974072  0.00744007  0.000531691  0.000591274  0.00931079  0.0050338  -0.0043517  -0.00400324  -0.0152815 
102 0.024985 1.25685 0.272621 0.271147 0.0325273  -0.0254397  -0.101506  0.204007  -0.0545992  0.106642  0.0634465  -0.0389852  0.00389352  0.0279411 
106 0.00136001 0.515794 0.00931594 0.221004 -0.00103734  -0.000902773  0.00691874  -0.00438048  0.00188284  0.00207587  0.00141508  0.00118867  -0.000840361  0.00242121 
108 0.00521132 3.00022 0.227291 0.217907 0.0998816  -0.0322153  0.139788  0.0515542  0.00152882  -0.060066  0.0586168  -0.0737131  0.0469213  0.0613751 
109 0.0131435 1.2194 0.19361 0.205635 -0.059907  0.0596435  0.00900388  -0.0595317  0.0561529  0.0671479  0.0648363  -0.0453825  -0.058476  -0.0967921 
112 0.0135974 0.818578 0.131395 0.170962 0.017665  -0.0629777  0.00805388  -0.0284072  0.0147323  0.00514918  -0.104882  0.0128638  0.0249829  0.00900107 
115 0.00256382 0.752381 0.0508662 0.125388 0.00394476  -0.026436  -0.00585486  0.00252568  0.0037822  -0.0253462  0.0102965  -0.00885471  -0.00755651  0.030562 
117 0.00341004 2.32696 0.1575 0.114724 0.0544523  0.0183236  -0.0793144  -0.0488106  0.0855573  -0.0354312  -0.000160801  -0.0410344  0.0503134  -0.00644457 
118 0.000596904 0.551857 0.0111335 0.0987797 -0.0055971  0.00423225  0.00125905  0.000612087  -0.00220896  0.00268666  -0.00387498  0.000252599  0.00207016  0.00642593 
119 -0.000477836 -1.18168 0.0566908 0.0957116 -0.00808002  -0.00756  -0.0184878  0.0156886  -0.00784856  0.0189783  -0.0122702  -0.0232493  -0.0153081  -0.0340041 
120 0.00300287 0.676775 0.0460877 0.0981767 -0.00833473  0.0153748  0.0251067  -0.00360495  0.0130492  -0.00477077  0.0208362  0.0184125  -0.0139327  -0.00381459 
122 0.00134443 0.554419 0.0171274 0.081488 -0.0107794  0.00420658  -0.00877439  -0.00393012  -0.00162085  -0.0019107  -0.00581621  0.00491373  -0.00159922  0.000460232 
123 -0.000108309 -0.134481 0.0165798 0.0727789 -0.000976158  0.00638686  0.00688261  -0.00219957  -0.00756356  0.000908088  -0.000947269  -0.00411203  0.00516364  -0.00885641 
126 0.00224605 0.876195 0.0581129 0.0735193 -0.0203094  0.00386803  -0.0153391  0.0444951  -0.0141657  0.00520743  0.00518383  0.0164432  -0.000776573  0.0144547 
132 0.000921735 1.41937 0.0581988 0.0562277 -0.00141268  -0.00126529  -0.0128695  -0.00524078  -0.00334153  -0.0507847  0.00700791  0.00576217  -0.0216377  -0.00704699 
133 8.5972e-05 0.520628 0.00266405 0.0473312 -0.000497413  0.000368947  1.94709e-05  -0.00197722  0.000277911  0.000584176  0.000507794  -0.000881435  -4.72254e-05  0.00116118 
134 -2.86712e-05 -5.59676 0.0264415 0.0464141 -0.0105943  -0.00450053  -0.00317109  0.00121648  -0.00515127  0.0142448  -0.00903784  0.0119169  -0.00427156  -0.00915057 
135 0.00065737 0.884119 0.0317772 0.046722 -0.00600627  -0.00977597  0.0251424  -0.0096736  -0.000830959  -0.0115309  -0.00056209  -0.00335713  0.00248738  -0.00100051 
136 -0.000535267 0.377785 0.0161826 0.0390614 3.72709e-05  -1.38871e-05  0.0121466  0.00277362  -0.00349756  -0.00772339  -0.00295166  -0.00259729  -0.00244833  -0.00364777 
137 0.00022933 2.36854 0.0413945 0.0454004 0.00892633  -0.00023017  -0.00721071  -0.0182861  -0.00113925  0.00416016  -0.0221426  -0.0170623  -0.0019866  0.0210578 
140 -2.42941e-06 -0.00112301 0.00220675 0.0428007 -0.000572206  -0.00115319  -0.000214132  -0.00105999  0.000184724  0.000955867  3.82127e-05  0.00085151  -0.000567309  0.000216468 
142 -7.74079e-06 0.402971 0.00173331 0.042829 0.000752582  -0.00019618  -0.000323539  0.000176536  2.28202e-05  -0.000543614  0.000221581  -0.000456109  0.00104834  -0.000781972 
144 -0.000450552 0.0446023 0.0286518 0.0429193 -0.00627916  -0.00229128  -0.00710656  -0.00617625  -0.00155979  0.00136191  0.00893719  0.0155076  -0.0103538  -0.0159922 
145 5.07909e-06 2.1165 0.00573073 0.0478824 0.000581192  0.000167935  -0.00128007  -0.000870577  0.00243165  0.00237389  -0.00016396  0.00359032  -0.00169875  0.0016515 
150 0.000946672 0.938626 0.0407463 0.0478293 0.0115486  0.0119708  0.00170204  0.0261986  0.00164791  0.0112992  -0.000277088  0.0133691  0.0194889  -0.00230424 
154 -7.42659e-05 -3.83357 0.0358774 0.0366254 0.00992798  0.00669686  -0.000815268  -0.00378923  -0.00632632  -0.00899737  0.00406266  -0.000505968  -0.0226088  0.0219057 
157 0.00013144 0.927609 0.0149936 0.0376256 0.00715049  -0.00656085  0.001223  -0.00607245  -0.000321645  0.00686422  0.000187235  -0.00103643  0.00406058  0.00523874 
159 -2.37501e-05 0.46637 0.00178751 0.0358365 0.0005923  0.000185908  0.000224173  -0.000247832  0.000318216  -0.000777904  -0.000467463  -0.000836584  -7.88777e-05  -0.00103302 
160 7.2107e-05 0.651332 0.00660674 0.0361664 -0.000900033  -0.00386912  0.00431821  0.000811128  -0.00105391  0.000336739  -0.00114858  -0.00225034  0.000843215  0.00049566 
161 -0.00012989 0.334886 0.00926279 0.0351554 0.00268123  0.00106778  -0.000827765  -0.00338314  0.00169465  -0.00242746  -0.00628014  -0.00130189  0.00386655  -0.000699642 
162 0.000135155 1.03203 0.016959 0.0369567 -0.00356233  0.00398587  0.00104279  -0.00343275  -0.0121447  0.00682456  -0.00326751  -0.00638053  0.00042962  -0.000720291 
163 -8.89001e-05 0.469963 0.0032689 0.0350807 -0.000750972  -0.00121134  0.00103143  -0.000388116  -0.000790716  -0.0012573  -0.00115644  0.000922848  -0.00117654  -0.00128865 
164 -0.000748642 -0.515742 0.0551541 0.0363257 -0.0307885  0.00491218  0.0223055  -0.000389404  0.0306011  -0.00246839  0.0129126  0.020056  0.00591933  -0.00506841 
166 0.000928849 1.10958 0.0475768 0.0454805 0.0162101  0.0114112  -0.0266756  0.00193372  -0.00509981  0.00831629  0.0052929  -0.0123865  0.0278067  -0.0102677 
167 -0.000230821 -0.814643 0.0348392 0.0337648 -0.0207246  0.00352293  0.0100376  -0.00415954  -0.0111416  0.00725884  0.010966  0.0108255  -0.00351598  0.0150719 
170 -0.000210259 0.304941 0.0128097 0.0370258 0.00504148  0.00584507  -0.00297175  0.000647141  0.00087003  0.00372467  0.00278196  -0.0027666  -0.000290322  -0.00807146 
172 -0.000140999 -1.11317 0.0301627 0.0397642 0.010082  -0.0056547  -0.00398017  0.0106335  0.00624074  0.0144595  -0.0045498  -0.0184735  -0.00572528  -0.00211651 
174 0.000354168 1.57361 0.038993 0.0414994 -0.0137542  -0.00416983  0.00279861  0.0235555  -0.0137639  -0.0179668  0.00394044  0.00149574  -0.00457842  0.0141499 
176 -0.000232768 -0.546694 0.0312181 0.0369878 0.0035644  0.00957213  -0.0157107  -0.0109048  -0.0114239  -0.00206248  -0.00726752  -0.0169223  0.00551589  0.000367414 
177 0.000329989 0.925214 0.0236894 0.0400111 -0.00434512  -0.00323329  0.00587438  -0.0154953  0.00528719  0.00706953  -0.0116249  0.00631415  0.00120894  -0.00168422 
182 -0.000460198 0.254995 0.0212412 0.0356505 0.00894944  -0.00210197  -0.00626917  -0.00121276  -0.0129224  0.00887855  -0.00185925  0.00850349  0.00121068  -0.00168934 
183 0.000622341 0.940593 0.0331134 0.0416084 0.0102358  -0.00918317  0.00704808  0.0166093  -0.00103493  -0.0192905  -0.00456142  0.0067478  -0.00568864  -0.0104862 
187 8.90119e-05 1.60842 0.019865 0.0333033 0.00912444  -0.00118531  0.0117422  0.000572731  0.00532199  0.00291074  0.00594111  0.00886029  -0.00168842  0.00427807 
188 -5.97503e-06 -1.1672 0.00631239 0.0319391 2.53527e-05  0.00303363  -0.000363507  -0.00308802  0.000460427  0.00254937  -0.00122546  0.000459099  0.00217302  0.00279801 
189 1.77574e-05 0.637979 0.0031306 0.0320325 0.000150454  0.000557051  -0.00288114  -0.00047949  -0.000224028  -0.000538591  -0.000433409  9.07914e-05  -0.000606612  0.000180219 
190 -8.15994e-05 -1.39418 0.0248644 0.0317541 -0.000894412  -0.0157968  -0.00383772  0.00432836  -0.00220445  -0.00433249  -0.00211609  -0.0127641  -0.0118604  -0.00165429 
191 0.000676759 0.837983 0.0302448 0.033014 -0.00528378  0.00297453  -0.00648388  -0.0184055  0.018376  0.00170167  0.0113151  -7.69591e-05  -0.00122106  0.00520333 
192 9.98723e-07 0.508417 0.000183375 0.0203321 7.63103e-05  -4.14504e-06  -5.50216e-06  9.55259e-05  -4.02794e-05  1.89115e-05  -2.46472e-05  -4.29317e-05  8.78641e-05  -8.04967e-05 
195 -0.000318769 0.395087 0.011569 0.0203075 0.000384172  -0.00248877  -0.00653975  -0.0058029  -0.00199181  0.00227429  0.00139252  -0.000221598  -0.000313224  0.00631127 
199 -6.0703e-05 0.413688 0.0045782 0.027041 -0.000559903  -0.000566307  -0.00248883  -0.000157026  -0.00151049  -0.00113575  -0.000277625  0.00105529  -0.00113027  -0.00284026 
200 -0.000575999 0.31363 0.0207283 0.0281411 0.00961769  0.00788214  0.00134502  -0.0120978  8.62315e-05  0.00684422  -0.00230976  0.0017134  0.0044664  -0.00719715 
201 0.000582282 0.983945 0.0335686 0.0369876 0.00392098  -0.00111567  0.0129729  0.0182403  0.00204544  -0.0103218  -0.0126615  -0.000825466  0.0161469  0.00876274 
202 -0.000525207 0.418065 0.0131267 0.0280352 -0.0001283  -0.00431089  0.00580117  0.000839224  0.00289466  0.00342002  -0.00873853  -0.00333988  0.00268277  0.00213615 
205 -0.00011916 0.430954 0.00573751 0.0362121 2.85895e-05  0.00222378  -0.00119313  0.00129669  0.00220196  0.000539886  -0.00270785  -0.00196217  -0.00289206  -0.0004259 
206 0.000673587 0.959331 0.0351741 0.0378218 -0.0097992  0.0047421  -0.00530373  -0.0166208  -0.016522  -0.0120312  0.0115554  0.00109192  -0.0115722  -0.011312 
207 3.15527e-06 0.637113 0.00131549 0.0275159 0.000384253  -0.000767317  0.000191648  0.000729508  -0.000494178  0.000229079  -0.000193964  0.000103159  -0.000260169  0.000112002 
208 -0.000261734 -0.523563 0.0327358 0.0274585 -0.00740412  0.00185224  0.0220077  0.00513137  0.00163056  -0.00586902  0.00803091  0.0175815  -0.00913525  0.00292396 
209 -1.56304e-05 -0.723248 0.00874526 0.0318706 -0.00326899  0.00157338  -0.00162646  0.000271415  0.00462274  -0.0055123  -0.00132641  0.00153182  0.00162334  -0.00144995 
210 -0.000463006 0.437172 0.0107931 0.0321149 -0.00264296  -0.00224814  0.000429851  -0.00572212  -0.00169004  -0.00594788  -0.000877014  0.00364801  7.217e-05  0.00438279 
212 -2.31674e-09 0.45775 1.97872e-05 0.0386585 6.4719e-07  2.28182e-07  -1.11955e-06  -6.91025e-06  -6.62593e-07  1.3934e-05  3.39953e-06  5.78756e-06  -5.3557e-06  -8.58626e-06 
214 -0.000709881 0.00122719 0.0376402 0.0386586 0.00508617  0.00349548  -0.000459612  0.000500003  0.00624606  0.0115876  0.0108501  -0.0164815  -0.027239  -0.00858021 
215 0.000989733 0.826237 0.0359332 0.0469534 -0.00354888  -0.00966892  -0.0180772  -0.00646286  0.00056591  -0.0066244  -0.00652923  0.00838886  0.0248888  -0.00631651 
216 -3.58606e-05 0.479987 0.00169454 0.0348622 0.000428925  -0.00117037  -0.000863228  -0.000575748  9.89245e-05  0.000205381  0.000358308  0.000243913  -3.39126e-05  -8.52766e-06 
219 0.000125776 3.34784 0.0378473 0.0353728 0.012084  0.00118341  0.00851296  0.0100056  0.00874192  0.000808556  -0.00599473  -0.015527  -0.002104  0.027457 
220 -2.86779e-06 -88.8645 0.0320154 0.033548 -0.00667913  0.0201575  0.0116621  0.0148699  0.0059422  0.00937275  0.0065403  -0.00121202  0.00545446  -0.00444709 
221 3.52313e-05 1.70592 0.013036 0.0335907 0.00090308  -0.00671118  -0.0065903  0.00580208  0.00670365  -0.00026649  0.000875845  0.00106672  -0.000209369  0.00016563 
222 -6.72304e-05 -0.172321 0.0134464 0.0330621 -8.36199e-06  0.00297924  -0.0018068  -0.000736848  0.0022675  -0.00272816  0.000713542  0.00926065  0.00814735  0.00170002 
226 6.46657e-05 0.552366 0.00368061 0.0340637 0.000581411  -0.000728008  0.001774  -0.000299572  -0.000757058  3.90924e-05  0.000558819  -0.00270895  -0.000231587  -0.00107844 
233 0.000505587 0.709133 0.0205655 0.033101 -0.00167196  -0.00742009  -0.00762299  -0.00252441  -0.0110487  -0.000897762  -0.00171502  -0.0126093  -0.00257167  0.00302929 
235 9.79057e-05 0.907507 0.0126326 0.0242943 0.00597323  -0.00636059  -0.00638059  -0.00356617  -0.000191066  0.000151526  0.00271788  0.0008198  0.000104521  -0.00467838 
238 1.31674e-05 1.45124 0.00707821 0.0221881 0.000888382  0.00403197  0.00275221  -0.00181918  0.000697809  0.000456412  -0.000282599  0.00252609  -0.00250535  -0.002956 
239 -1.55978e-07 -72.076 0.0067291 0.0218894 0.00089567  -0.00409828  0.000465787  -0.00139803  -0.000109809  0.00194163  -0.00330018  -0.000566968  0.000926712  -0.0031077 
240 -0.000639327 0.172289 0.0289559 0.021893 0.0108097  -0.00586501  -0.00284924  -0.00500519  -0.0135908  0.0111186  0.0134849  0.00148008  -0.00497484  0.0117008 
245 -0.000475631 0.247367 0.021928 0.033449 0.00512031  -0.0029671  0.00628417  -0.0082013  -0.00526281  -0.00223134  -0.0129435  0.0112182  -0.0029898  -0.00201697 
246 0.000203388 0.528879 0.00484898 0.0399321 -0.00142273  -0.00126917  0.000504502  0.000662945  0.00141897  -0.00269241  -0.000491661  -0.000162393  0.00187096  -0.00248042 
247 -0.000236802 0.43734 0.00770628 0.0372989 0.000707221  -0.00405638  0.00291152  -0.00139802  -0.00480765  0.000714413  0.000668943  -0.00272495  0.000700481  -0.000116855 
248 0.00029726 2.66656 0.050744 0.040349 -0.0266901  0.0103149  0.00741448  0.00317274  0.0046084  -0.0236336  0.00801105  0.0138184  0.01616  -0.0243948 
249 6.00944e-06 0.577719 0.00136682 0.0364805 -0.000292515  -0.000298152  0.000439038  9.8308e-05  -0.000111365  0.00104176  0.000456733  8.59528e-05  0.000270001  -0.000323668 
250 -4.81181e-05 -0.349297 0.0127855 0.036398 -0.00752951  0.00281611  -0.00521811  0.000746832  -0.000356807  -0.00545321  -0.00296237  0.00235212  -0.000466608  0.005164 
