generation s h r distopt trait[0] trait[1] trait[2] trait[3] trait[4] trait[5] trait[6] trait[7] trait[8] trait[9] 
3 0.00080507 0.512401 0.00634363 0.1 0.00205931  -0.00372005  0.00241829  0.00178167  -0.000652916  0.00203883  -0.00145051  0.000734788  -0.000909494  -0.00225509 
5 0.00165966 0.53503 0.015288 0.195832 0.00297968  -0.0040852  -0.00497075  0.00034621  -0.00194683  0.00665013  -0.0111882  -0.00139712  -0.00191161  0.00212918 
6 0.0263271 0.790163 0.17431 0.241408 0.00659519  -0.122273  -0.0891766  -0.0558431  -0.0106983  -0.0249445  0.0283537  -0.0252615  -0.0436703  0.0152668 
7 0.00039373 3.81481 0.0722233 0.217551 0.0155384  0.0284328  0.0362121  -0.0137269  -0.0106745  0.00968801  -0.0166317  0.0273349  0.0376465  -0.00421032 
10 0.0300542 0.543517 0.07476 0.35797 -0.0184765  -0.0576641  0.0298033  0.00163253  0.00998524  0.0195364  -0.0183987  -0.00237747  -0.00864524  -0.0114606 
11 0.00413053 1.1277 0.101708 0.361912 0.0371767  -0.00739668  -0.0140346  -0.0104413  -0.0348248  -0.0255418  0.0322442  -0.0198699  -0.0690287  0.023177 
16 0.0293472 0.513324 0.0442665 0.59462 0.0305756  -0.02014  -0.00568087  -0.0193487  -0.00873306  0.00682339  -0.00657028  0.0012746  -0.00647241  0.00169583 
19 0.0850304 0.736056 0.282154 0.715251 0.151955  -0.0560049  -0.0163877  0.0661668  0.0907556  -0.110514  0.054858  -0.155284  -0.0266065  0.0213763 
20 0.00846526 0.58292 0.0532022 0.700927 -5.66459e-05  -0.00852513  -0.00646685  0.0454341  0.00285372  0.00538226  -0.00706882  -0.0172373  0.00527137  -0.015483 
21 0.0418244 0.516538 0.0595695 0.740545 -0.0227702  -0.0350092  -0.00826032  0.0063543  -0.0269844  -0.0145225  -0.0153351  0.0163221  -0.00750194  -0.0141022 
25 0.11737 0.510869 0.104747 0.900072 0.0310059  -0.0613853  -0.0345294  -0.0232294  0.017384  0.0338802  0.0362978  0.00620963  0.0132648  0.0390952 
26 0.0316411 0.522407 0.0572365 0.883442 0.00342228  -0.0109818  0.0135129  -0.0226574  -0.0198266  0.011046  0.0181178  0.0206779  0.0301096  0.0164383 
28 0.0756126 0.516578 0.0865122 0.961593 0.0431816  -0.0237208  0.0186695  -0.0372283  -0.00131612  -0.0188698  -0.0405252  0.00228068  0.0336566  -0.0135823 
29 0.0104953 0.937297 0.135186 0.971132 0.0203812  -0.0281911  -0.0515734  -0.071494  -0.0253992  -0.067394  -0.00527967  -0.0353059  0.0075825  -0.0526788 
30 0.0108169 0.814811 0.116545 1.01272 0.0341858  -0.023869  -0.0379992  -0.00155216  0.0268046  -0.0663788  0.0267042  0.00462143  -0.0630903  0.0236349 
31 0.0431173 0.536236 0.0836893 1.05322 -0.00192946  -0.0166655  0.0357554  -0.0236511  0.00110452  -0.00243499  -0.00342321  0.00870066  0.0607531  0.0331527 
32 0.030743 0.539667 0.0725228 1.07936 -0.00165917  -0.019716  0.0246015  -0.0330845  -0.0118557  0.00211814  -0.00779332  0.0106281  0.0223512  0.0484764 
33 0.423206 0.53663 0.335866 1.11173 0.0748424  -0.212964  0.0640853  -0.0885592  -0.00304561  0.103006  -0.0623811  -0.0393947  0.111615  0.146222 
37 0.0290539 0.688094 0.147982 1.117 -0.0392047  -0.0287921  0.067926  0.0664697  -0.0303681  0.0366756  -0.0506665  -0.0411345  0.0608573  0.0164468 
38 0.0535374 0.710718 0.212294 1.14959 -0.0129412  -0.0265511  0.03682  -0.0733296  0.117433  0.0265312  0.0763946  0.0730714  -0.10836  0.00718447 
41 0.12969 0.54094 0.165305 1.26533 -0.0296684  -0.0800067  -0.0559223  -0.0821654  0.00705473  0.0513103  -0.0714944  0.0388922  0.0118345  -0.0268213 
43 0.0335758 0.509499 0.0424229 1.21619 0.017908  -0.0131282  -0.000801084  0.00305697  -0.0159646  -0.000780768  -0.0062106  -0.0165789  0.0249553  0.0102467 
44 0.0167177 0.748395 0.128749 1.20253 -0.0243673  -0.0180976  -0.0123262  0.0391175  -0.0278088  0.0152217  -0.0665908  -0.0128954  0.0897491  -0.0176733 
45 0.0166363 0.517982 0.0363688 1.19562 -0.00940506  -0.0120242  0.0219161  -0.00705049  0.0163417  0.0111478  0.00979785  0.00538734  -0.00222385  -0.00619189 
48 0.0373973 0.567414 0.102767 1.1887 -0.0177088  -0.017157  0.0451873  0.0517748  -0.0555887  0.00443026  -0.0153086  -0.0415902  0.00114686  -0.0124655 
49 0.0295617 0.506721 0.0347476 1.17315 -0.00327391  -0.017434  0.00690497  -0.00351951  0.0187481  -0.0172866  0.000677781  0.00731143  0.00985512  -0.00559566 
50 0.0484639 0.549174 0.102059 1.16067 0.0645816  0.0165074  -0.0237759  0.0464952  -0.000741829  0.0241894  -0.0293339  0.0221265  0.0309864  -0.0187011 
51 0.143063 0.506702 0.11185 1.1401 0.0425151  -0.0460307  -0.00283989  -0.00814844  -0.00298595  0.0279697  0.0383231  0.037378  -0.0517861  0.0465932 
52 0.0539381 0.666527 0.190296 1.07987 0.0134681  -0.0228325  -0.0241872  -0.0290689  0.0178919  -0.0203577  -0.121837  0.107825  -0.0323777  -0.0763325 
53 0.0156943 0.905155 0.158992 1.05527 0.00919863  -0.00827435  -0.00998697  0.00598976  0.106377  0.0909432  0.0362724  0.0520092  0.00956201  -0.0359301 
55 0.00743835 0.503307 0.0112027 1.04786 0.00288612  -0.0025887  0.00691956  -0.000266668  0.000342532  0.0022737  0.00297064  0.0051957  -0.00450746  0.00104583 
57 0.0533762 0.957588 0.308861 1.04432 0.0623689  -0.0343528  0.0155884  0.0913621  -0.122273  -0.0988073  -0.212635  -0.0781388  -0.0719535  0.02291 
58 0.188093 0.525113 0.179072 1.01912 -0.0206057  -0.113784  -0.120607  0.0267811  -0.0184388  0.0171266  -0.00906012  -0.0125877  0.0137158  -0.0486841 
59 0.0224999 0.504482 0.0254247 0.930728 0.00116922  -0.00721081  0.00446234  -0.00391424  0.00302485  -0.00570299  0.0156905  -0.00931826  -0.0095282  0.00960923 
60 0.0860243 0.917754 0.372697 0.918697 0.14384  -0.0401815  -0.0548104  -0.112624  0.157002  -0.182695  0.0775912  0.0341825  0.0166747  -0.188191 
61 0.0430102 0.524259 0.0704997 0.872628 0.00826337  -0.0100629  -0.0233301  0.0461059  -0.0427155  -0.00264101  -0.000789704  -0.0164535  -0.00522921  -0.00058343 
65 0.232562 0.593416 0.314517 0.848156 -0.0709584  -0.24433  -0.0238965  0.0483985  -0.145807  -0.0674144  -0.0432321  -0.040438  0.0320101  0.0306898 
68 0.149588 0.605234 0.260517 0.714335 0.204735  -0.0674683  0.0334547  -0.100089  -0.0326034  0.0436464  0.073377  0.00976104  -0.0398761  -0.0150289 
71 0.0114683 1.19112 0.177383 0.608991 -0.0702078  0.0162236  0.0390833  0.0421503  -0.0590247  0.0790256  -0.0273337  0.111031  -0.00981813  -0.00824993 
73 0.0871272 0.629958 0.215999 0.599556 0.0596886  -0.112514  0.0579585  0.0735274  0.0905436  -0.0144659  -0.0547969  -0.0960766  0.0102718  -0.0303552 
75 0.0773398 0.841319 0.32119 0.525289 0.104402  -0.130087  0.110555  0.121037  0.0827848  0.0559474  -0.00920537  0.115621  0.0114658  0.157798 
78 0.0264815 0.509762 0.0369052 0.448814 -0.00925069  -0.0147237  -0.00458287  0.0099745  -0.00521462  0.00333527  0.0235052  0.00617644  -0.0170065  0.00457773 
82 0.0351397 0.553355 0.0892163 0.418685 -0.0301483  0.000539148  -0.000471124  -0.00584946  0.0296014  -0.0345359  0.0673148  -0.00156748  0.0141968  0.0145481 
83 0.00220249 0.552749 0.021601 0.375181 -0.00779409  -0.0054422  -0.00264705  0.00146942  -0.00977537  0.00305689  -0.00705771  -0.0138368  -0.00455598  0.000377046 
85 0.00661622 1.12085 0.127925 0.372237 0.0164266  -0.00672738  0.000684591  -0.0219748  -0.00934037  -0.0296021  0.0508289  0.0915356  0.0276069  -0.0536509 
88 0.00374088 3.03237 0.194041 0.363271 0.0154227  0.0863016  -0.0154176  -0.0805706  -0.0286904  0.00205335  0.0764018  -0.121885  0.0172133  0.0376786 
89 0.00807183 0.513703 0.0217472 0.358095 -0.00631856  -0.00289826  -0.0105753  0.00578841  0.00601883  0.00542755  0.00721707  -0.00653177  -0.00790663  0.00750497 
90 0.0124909 0.508558 0.0224045 0.346688 -0.00203547  -0.0132267  -0.00401413  0.0107054  -0.0100066  0.00653063  0.00172707  -0.000310051  -0.00654443  -0.00186152 
92 0.0053289 0.516627 0.0191725 0.328297 -0.00325208  -0.00190791  -0.00946992  0.0068469  0.00868275  0.000246528  0.00134085  0.00313959  -0.0108621  -0.00342308 
93 0.0259149 0.570508 0.0868106 0.320101 -0.041884  -0.05714  -0.0167725  -0.0309416  -0.000327887  0.0249478  0.0235502  -0.00796414  -0.00200587  -0.00579424 
94 0.0258958 0.557165 0.0785377 0.277272 -0.0292001  -0.00290968  -0.0282518  0.0369414  0.00132488  0.00613891  0.0500492  -0.00107833  -0.0175302  -0.01707 
95 0.0201278 0.720297 0.133116 0.226525 -0.0303392  -0.0812402  -0.00672202  -0.0194253  -0.00323703  -0.00496282  0.0750584  -0.0389142  -0.038273  -0.0335979 
96 0.00910767 0.652659 0.0746562 0.17716 0.00295967  0.00901716  0.0554478  0.00726637  -0.0266262  0.032271  0.00526124  -0.00148549  -0.023238  0.00599656 
98 0.00399928 1.92027 0.150396 0.149396 0.0175305  -0.0303445  -0.0769412  0.0950036  -0.00489959  0.000644459  -0.0557776  0.0273206  -0.00363408  0.0504965 
99 0.00122293 1.50937 0.07023 0.13538 0.0301753  0.00654437  0.0251506  -0.0416508  -0.0110487  0.0245366  0.00890458  0.021906  -0.0174111  0.00500911 
102 0.00604819 1.27591 0.136709 0.130788 0.0058258  -0.0611253  0.0809817  0.0766002  0.00177631  0.00793169  0.000482327  -0.0230656  -0.0359948  -0.0244857 
103 0.000880391 0.668415 0.024355 0.105241 0.00877115  0.0080768  -0.00700777  0.00118415  -0.00789299  -0.00908393  -0.00428716  0.0058758  -0.00342115  -0.0138225 
105 0.00273187 0.966975 0.0713889 0.100973 0.00288865  0.0247119  0.00810444  0.0370541  -0.00212958  -0.0013095  0.0256574  0.0199721  0.0427259  -0.0122362 
110 0.00234995 1.02342 0.0701001 0.0864146 -0.00667068  -0.0221378  0.000342367  -0.0465232  0.0386993  0.0219239  0.00438672  0.00158577  -0.0145158  -0.00203895 
112 0.001904 0.599266 0.0275141 0.0715562 0.00650089  0.00826111  -0.00820575  0.00404551  -0.00402931  -0.0117221  0.0161406  0.00448963  0.00329797  -0.0108455 
113 0.000178446 1.82382 0.0307366 0.0567283 -0.00653572  0.00871546  0.0116075  -0.012327  -0.006843  0.0113735  0.012254  0.00256677  0.0143412  0.000880159 
114 0.000212533 0.689872 0.0127051 0.0551332 0.00165177  -0.000935127  0.000492609  0.00663418  -0.00692622  -0.00576294  -0.00127824  -0.00198791  -0.0038389  -0.00347195 
115 0.000142649 1.84193 0.0276691 0.053171 0.00222229  0.0144881  -0.00555499  -0.0013597  -0.00311608  -0.00847687  -0.00156682  -0.0127811  0.0100051  0.0130595 
118 0.000252164 0.836751 0.0184293 0.0518124 -0.00784163  0.00204023  0.00269282  0.00493197  -0.00148783  -0.00338473  0.00663788  -0.00373309  -0.0111116  -0.00687577 
119 -0.00017084 0.474084 0.0042102 0.0493193 0.000240491  0.000964601  0.00257463  0.000156228  0.000589757  0.000397871  -0.000134266  0.00132215  -0.00110006  -0.00256944 
120 -0.0013999 0.259807 0.0366972 0.051022 0.0132682  0.0179697  -0.00868908  0.000232677  -0.000577278  -0.0166167  0.0132637  0.0103362  0.0110419  -0.00954165 
122 0.0020834 0.790986 0.0492328 0.0632782 -0.0315199  -0.0162033  -0.0104272  0.00141977  -0.0197068  0.016399  -0.00721127  -0.000330294  0.00547216  -0.0178249 
123 0.000285412 0.562847 0.00847227 0.0438508 0.000992533  -0.000760086  -0.00571253  0.000551192  0.00303202  -0.00309412  -0.00240062  0.000610621  0.00199714  0.00289631 
125 -1.65535e-05 -7.19218 0.0225677 0.0404663 -0.00352928  -0.00603842  -0.000136548  0.0123162  0.00445324  0.0116644  -0.0010661  0.000805158  0.00264155  0.012001 
126 1.16511e-05 0.514232 0.00081446 0.0406703 -0.000194082  -8.54482e-05  -0.000121369  0.000186998  6.06271e-05  -0.000255995  7.57973e-05  -0.000245136  -0.000530128  0.000390635 
127 6.10731e-07 0.50031 2.7527e-05 0.0405269 6.6301e-06  4.06871e-06  7.09124e-06  -4.36629e-06  8.27674e-06  -2.35131e-08  1.88338e-05  -1.19526e-05  2.40215e-06  -7.48452e-06 
128 0.000571289 0.609411 0.0158147 0.0405193 0.00233277  0.000651296  -0.0130735  -0.00134425  0.00226133  -0.00154766  -0.0044774  -0.00521614  -0.00224046  0.00342531 
129 8.92693e-05 0.96819 0.0129295 0.0327214 0.00749311  0.00241307  -0.00074896  -0.00409415  7.22464e-05  -0.00292593  -0.00833702  0.000635437  -0.00302469  -0.000505587 
132 8.06055e-07 0.500663 4.62361e-05 0.0313277 -1.29303e-06  -8.63033e-06  1.41796e-05  -1.9295e-05  1.83696e-05  9.76395e-06  1.97002e-05  2.55152e-05  1.94489e-06  3.54677e-06 
133 -4.30727e-05 -4.87152 0.03042 0.0313148 0.000738329  -0.00567407  -0.0144167  -0.0204847  -0.012429  0.00502452  0.00625652  0.00188789  -0.0064422  0.00111121 
140 0.000199944 1.4561 0.0276502 0.0319952 0.000179134  -0.00627806  0.0180425  0.00618952  -0.000774923  -0.0119987  0.00241208  -0.0111121  -0.0034896  -0.00867201 
144 -0.00129198 0.00657159 0.050514 0.0287013 0.00200151  -0.00901369  0.00491928  -0.00146071  0.0317665  0.00391781  0.0112417  0.0197126  -0.00222844  0.0299281 
149 0.00113339 1.57582 0.0698012 0.0460063 0.000919173  0.00967217  -0.0247891  -0.00481817  -0.00675706  0.00529333  0.00164461  -0.0401285  0.0128594  -0.0478336 
151 -6.01024e-05 0.470058 0.00268335 0.0313661 -0.000775265  0.00188626  0.000235848  -0.000206546  0.000415722  -0.000678841  -0.00059231  -0.000894815  0.000100048  -0.00107139 
152 0.000290174 0.641471 0.0128148 0.03231 0.00562761  0.000863869  0.00431535  0.0024759  0.000831998  0.000585729  0.00544189  0.00553926  -0.0037858  0.00560232 
157 0.000279348 0.763916 0.0171722 0.0274555 -0.00481395  -0.0031945  -0.00290009  0.00973393  -0.00107913  -0.00248224  -0.00786731  0.00603609  0.00286605  0.00666908 
158 -2.45712e-05 -6.3589 0.025963 0.0217829 0.0102987  -0.00856203  0.00525529  0.00245155  0.00123587  0.0147443  -0.0106821  -0.000869402  -0.0104712  0.00420089 
160 -0.000372337 -0.0900611 0.029647 0.0223398 -0.0113724  0.00154008  -0.00105619  -0.00543597  0.0049301  -0.0123316  0.0130154  0.00280297  -0.0190186  0.00111108 
163 -0.000343695 0.444117 0.00876916 0.0295207 -0.000239712  -0.00075802  -0.00158989  0.00510611  -0.00348284  -0.00145743  0.0024762  -0.00224187  -0.00358666  -0.00306432 
165 -6.15808e-05 0.437328 0.00392937 0.0348601 -0.00102766  0.000926376  0.0012595  -0.001826  -0.000188719  -0.000541453  0.00173504  0.000609912  -0.00122167  -0.0018443 
166 -0.000523942 -0.0710161 0.0345975 0.0357325 0.00258496  -0.00180322  -0.00739703  0.0109835  0.00896744  0.0265115  -0.0139854  0.00390886  0.00303358  0.00289051 
167 8.98065e-05 3.24949 0.0314249 0.0424369 -0.00344386  0.0229423  0.00245754  -0.00872936  4.60826e-05  -0.00932547  -0.0143129  -0.00806931  -0.00310945  -0.000684197 
168 -0.00010146 -4.54548 0.0452465 0.0413653 -0.0221755  0.0168073  0.0063407  -0.0065335  -0.0146863  0.00732827  0.0143741  0.00965549  0.0245128  -0.00447257 
169 6.26223e-05 0.532647 0.00285995 0.0425741 0.000970283  -7.33164e-05  -1.35011e-05  -0.000283557  7.85674e-05  -0.000798893  -0.0005449  -0.00219945  0.000661373  -0.000967268 
170 8.43726e-05 5.52977 0.0411955 0.0418322 0.0198139  -0.0108119  0.0168737  -0.00461166  0.00971544  -0.000160236  0.0267297  -0.00389677  -0.00715014  0.00252843 
171 0.000170428 0.960364 0.0177147 0.0408113 -0.00417772  -0.00395467  -0.0017093  -0.00916103  -0.00236916  -0.00243557  -0.000483411  0.0124589  0.00511172  -0.000859204 
177 1.45192e-05 1.36421 0.00708448 0.0386672 0.00179295  -0.00107567  0.00502622  0.00293294  -0.00182051  -0.00167516  0.000555625  -0.000810996  -0.00220576  2.84646e-05 
179 -0.000850774 0.375348 0.0206088 0.038479 -0.00364919  -0.0047227  0.00511463  0.00182019  -0.0035315  -0.00169138  0.00134563  0.00587179  -0.00818746  -0.0155233 
180 0.000418443 0.99611 0.0288132 0.0482884 0.0110795  0.00566375  -0.0127938  -0.015774  -0.00873298  0.00657449  -0.00937115  -0.00335701  0.00509969  0.00427605 
181 0.000410505 2.01112 0.0498006 0.0437426 -0.0257579  -0.0185315  0.00348744  0.000377583  0.00742297  -0.00303712  -0.0127504  -0.0142322  0.0228648  0.0225535 
182 -0.000910248 0.420573 0.0170214 0.0387684 -0.00445466  -0.00465048  -0.00732444  -0.00974045  -0.00266718  0.000592246  0.00569196  -0.00697986  -0.00207519  0.00261656 
184 0.000247369 0.549692 0.0070138 0.0491289 0.00180917  -0.00238045  0.00241336  0.00201045  0.00173947  -0.000648575  -0.00190284  0.00317734  0.00239555  -0.00273608 
185 -0.000158085 0.442774 0.00601678 0.0465437 -0.00267263  0.000895058  -0.000154423  -0.000484879  -0.000414238  0.00129224  -0.00298638  -0.00362894  -0.00178776  -0.000934528 
188 0.000137243 0.516102 0.00297458 0.0482122 0.000715497  -0.000786165  0.000484152  0.00136796  0.000774225  -0.000684968  -0.000990907  0.000314522  -0.000506153  0.00179075 
189 -0.000837686 0.31661 0.0248003 0.0467673 -0.000452695  0.000953028  0.000491689  -0.0013406  0.00847631  0.0145393  -0.0116964  0.000424508  0.00116247  -0.0137959 
190 0.000322101 0.676647 0.0150865 0.055002 0.00654638  0.00138238  0.00138305  0.00888202  -0.00345033  0.00709131  -0.00298096  0.00355607  0.00370323  0.00214364 
191 -0.000239186 0.462928 0.00595828 0.051992 -0.00108222  -0.000343956  0.00398064  -0.00186927  0.00202884  -0.000285118  -0.00259939  0.000393187  0.000319595  0.00191335 
193 -0.000219152 -0.732517 0.0328699 0.0542437 0.00347821  -0.0110692  0.0145815  -0.00810694  0.00833487  -0.0161069  -0.00269471  0.00564279  -0.0169362  -0.00355291 
194 2.8065e-05 0.778451 0.00559095 0.0562277 -0.00283927  0.00243835  2.40528e-05  0.0010116  0.0021933  -0.00230255  0.000439961  0.00181817  -0.000630766  -0.00148943 
195 0.000616485 0.545508 0.0106006 0.0559776 0.00571547  0.00418997  0.000608281  0.00388006  -0.00027551  -0.000592317  0.00220734  -0.00124063  0.00594318  0.00213686 
197 0.000279428 0.584176 0.009701 0.0501717 -0.00191563  0.00392974  -0.00704197  -0.00273931  -0.000957805  -0.00270355  0.00121528  -0.00223613  0.00039978  -0.00174357 
198 0.000814211 0.62072 0.0198323 0.0473055 0.0100145  0.000222901  -0.00243195  0.00854003  -0.000789359  -0.0058283  -0.00565555  0.00569391  0.0032671  0.0102207 
202 0.000725097 0.731132 0.0258909 0.037735 -0.00293791  0.005795  -0.00353793  0.0127701  -0.00757631  -0.0085518  0.00732783  -0.010048  -0.00459261  -0.0120932 
204 -3.21209e-07 0.49693 6.28001e-05 0.0264404 -5.58463e-06  -1.32691e-05  -6.98548e-06  1.47629e-05  9.09652e-07  -4.32194e-06  -2.09929e-05  2.10747e-05  -3.78424e-05  -3.36669e-05 
205 1.79876e-07 0.50061 2.09457e-05 0.0264465 -5.58102e-07  -4.26096e-07  -3.10062e-06  -3.72062e-06  -6.56272e-07  -5.34354e-06  1.30515e-05  9.077e-06  -5.4867e-06  -1.01464e-05 
206 1.5335e-05 0.544897 0.00165955 0.0264431 -6.98513e-05  0.00034562  -0.000340892  -0.000507789  -0.00063983  0.000565365  -0.000955338  0.000345232  -0.00057884  0.000399721 
207 0.000143365 1.04641 0.0177009 0.0261515 -0.00241513  0.00076625  -0.00444283  -0.000637549  -0.00109206  0.00289566  0.00373705  0.0147201  0.00407681  0.00546926 
209 0.000139005 0.582489 0.00677287 0.0232496 0.00337884  0.000266054  -0.000116459  0.00426926  0.000604606  0.00134353  0.00137032  -0.000723056  0.0016189  0.00299203 
212 6.76214e-05 1.25786 0.0143171 0.0200387 0.00584623  0.00514696  -0.00279444  0.000621447  0.0039591  -0.00600795  -0.00529414  -0.00466845  -0.00273996  0.00519759 
215 -0.000129474 0.173643 0.0130013 0.0182738 0.00628713  0.00405301  0.00149441  -0.00338673  -0.00487767  0.000891284  -0.0053279  -0.0057432  -0.00249546  0.00268192 
216 -6.0152e-05 0.305081 0.00684851 0.0215271 0.00313338  -0.00335985  0.00277094  0.00259183  -0.000682353  -0.00274461  -0.00111064  0.000576246  0.000722926  0.00114587 
219 -0.000697269 0.114564 0.0327946 0.0228816 0.0123401  -0.0201165  0.000412559  -0.0007497  0.00988419  0.00447457  0.00775959  0.018004  -0.00392843  -0.000537605 
222 8.32799e-06 0.696819 0.00256055 0.034944 -0.00105494  -0.00103571  -0.00105546  -0.000438349  0.000168825  0.00154304  -9.64603e-05  0.00016386  0.000490847  -0.000614894 
224 -0.000296521 -0.180204 0.0284053 0.0348246 -0.00337471  -0.0142912  -0.00533767  0.000547159  -0.00666019  -0.00626897  -0.00578174  -0.0206969  -0.00118439  -0.00394903 
225 4.95034e-05 0.624484 0.00496487 0.0388499 0.000510717  0.00106251  0.000164627  0.00221963  0.001048  0.000652606  0.000476082  0.000443557  0.00400178  0.000586969 
226 0.000879909 0.641493 0.022319 0.0382075 -0.0112093  0.013773  0.00583901  -0.00488964  0.00103157  0.00210054  0.00979272  0.000226052  -0.00346459  -0.00337104 
229 -0.000922272 -0.049518 0.0450341 0.0240893 -0.00236835  0.0163181  -0.00507479  -0.00278647  -0.000441914  0.00455848  0.0147986  0.0352279  0.0139235  0.00691495 
231 -0.000639819 -0.266796 0.0443034 0.0387684 0.0162738  0.00717149  -0.0139452  0.0226122  -0.0012246  -0.00815524  -0.0222924  -0.0112902  0.0154352  0.00317371 
232 8.85335e-05 1.0228 0.0136064 0.0462927 -0.00501209  0.00574179  -0.00455801  0.00437041  -0.00313504  0.00651653  -0.00121218  0.00105362  -0.00561905  0.000849065 
234 -0.000753334 -0.246513 0.0474341 0.0453264 -0.0110015  -0.0088089  0.0286621  0.0206119  -0.0110399  -0.0175283  -0.011151  -0.0110735  -0.0109704  -0.00292517 
235 -5.51711e-06 0.341109 0.00187256 0.0529915 -0.000468856  0.000552011  -0.000991742  0.00032861  0.000433037  0.000562016  -7.7638e-05  -0.000273861  0.000497631  0.00102877 
236 -5.42544e-05 -11.3848 0.0507784 0.0530436 -0.00694886  0.00270262  -0.0106235  -0.0373132  0.0047853  -0.00419975  -0.00973817  0.0170142  0.00278175  -0.0241895 
238 1.48323e-06 127.08 0.0274029 0.0535525 -0.0148773  -0.00779142  0.00809643  -0.00532704  -0.00246215  -0.00030074  0.0091991  0.00661656  -0.0151484  0.00330411 
239 0.00053725 0.572614 0.0124958 0.0535387 0.00450001  0.00233102  -0.00456548  -0.0025064  0.00344318  -0.00279669  -0.00205176  -0.00760906  -0.0019006  0.00423554 
241 0.000186009 4.89076 0.0571424 0.0482627 0.0315491  0.0203683  -0.00763368  0.0260917  -0.0175289  0.00544803  0.00425663  -0.0239942  -0.00160531  0.0135141 
242 0.000415055 0.752042 0.0204554 0.0462957 0.00489086  -0.0158299  0.00585893  -0.00911509  -0.000551205  0.00199563  -0.00357782  0.00171149  0.00201126  -0.00156259 
243 -3.17728e-05 0.0410439 0.00763742 0.0415731 0.00101019  -0.00224034  0.00259743  -0.00542845  0.000432789  0.00131242  -0.00174498  -0.000798398  0.00175467  0.00272119 
245 7.3464e-05 0.583504 0.00495376 0.0419535 0.00284101  -0.000833288  -0.00130075  -0.000322277  0.000999896  -0.000379756  0.00296209  -0.000609552  0.00187808  -0.000401804 
246 0.000268769 0.665823 0.0133522 0.0410687 -1.89321e-05  0.00571398  -0.00753967  -0.00366909  0.00754245  0.000110348  0.00193394  0.000379939  0.000915148  -0.00370124 
247 0.000194804 0.603702 0.0089898 0.0376551 -0.00085857  -0.00303477  0.00407682  0.00209189  0.0033132  0.00512198  -0.000794211  -0.00231259  -0.000227527  0.00257498 
248 -6.63487e-05 0.479809 0.00231539 0.0349731 0.000900214  0.000111969  -0.00023937  0.000849164  0.000531498  0.00041764  -0.000630013  -0.000111116  0.00111613  -0.00128367 
249 0.00012788 0.778495 0.0119353 0.0359092 0.000295342  -0.0013719  0.00536466  -0.00237392  -0.00408197  -0.00326443  0.00666768  -0.00213088  -0.00322432  -0.00439932 
250 0.000292099 1.62997 0.0363301 0.0340822 -0.0218165  0.00522063  -0.00062569  0.0119357  0.00964568  -0.00630369  0.0178641  -0.00250598  -0.0143208  -0.0032466 
251 4.11651e-05 0.59158 0.00388331 0.029488 0.00109256  -0.00291709  -0.0012217  0.000959836  -0.000951064  -0.000252529  0.000970442  0.00095997  0.000318232  -0.000174152 
