generation s h r distopt trait[0] trait[1] trait[2] trait[3] trait[4] trait[5] trait[6] trait[7] trait[8] trait[9] 
2 -0.000366046 0.476484 0.00587412 0.05 -0.000171209  0.00351838  0.00342125  -0.00037233  0.000855351  0.00101878  8.12042e-05  0.00193214  -0.000615365  -0.00208936 
3 0.00408906 0.582769 0.0368662 0.10343 0.0102642  -0.0241176  -0.00566738  0.00912973  -0.0053939  0.00287935  0.00726297  0.011043  -0.0160043  0.00940291 
5 0.00369315 0.627528 0.0434373 0.178992 -0.0174603  -0.0214629  -0.0222395  -0.00223524  0.00170216  -0.0135909  -0.0111372  -0.0124595  0.0112843  0.00524071 
8 0.0280259 0.547784 0.0752414 0.31629 0.0272951  -0.0429888  0.0183161  0.0163034  -0.0280562  0.0270051  -0.0160338  -0.0101019  -0.00928899  -0.0224741 
10 0.00214804 1.12328 0.0731322 0.367639 -0.0318131  -0.0303246  -0.0214135  0.00594205  0.00365999  0.0389461  -0.0269864  -0.00242785  0.0120049  -0.0226792 
12 0.00868755 0.510426 0.0199533 0.46109 0.00956687  -0.00690148  0.00044645  0.00229599  -0.00345341  0.00084364  -0.00936931  0.0106505  0.00273561  0.00567191 
14 0.095942 0.575478 0.178158 0.549124 0.0774063  -0.0934779  0.0233671  -0.00175875  -0.0734633  0.0516898  0.0196394  -0.0718268  -0.0366071  0.0388291 
15 0.0954352 0.559892 0.160983 0.504596 0.01434  -0.104364  0.00742953  0.0175064  0.0607069  -0.0805221  0.00398769  -0.0333206  -0.0250267  0.0503453 
16 0.0243303 0.528505 0.0550345 0.450519 0.00965015  -0.0332579  0.0292994  0.00608869  0.0164594  0.00839856  -0.00557445  0.0109311  -0.014329  0.0153859 
20 0.0126375 0.863856 0.135331 0.610878 -0.0182961  -0.0310793  -0.116688  -0.0143305  -0.0486844  0.00994937  0.00951518  -0.00119438  -0.0119816  -0.0220857 
23 0.0189013 1.39867 0.258696 0.743157 0.0248077  -0.0244004  0.107481  -0.0604382  0.0940108  -0.0191119  0.0688438  -0.0811594  0.132968  0.110896 
24 0.0726576 0.934282 0.349904 0.777331 0.0553461  -0.113346  -0.132904  -0.0235718  -0.163053  -0.0495168  0.129073  0.145657  0.0793531  0.122851 
29 0.0740644 0.538901 0.116832 0.948464 -0.0378294  -0.0856429  -0.0621267  -0.00594534  0.0132564  0.0244405  0.0115688  0.000654041  0.00512161  0.00743509 
31 0.0219626 0.569844 0.0793759 0.998197 -0.0125771  -0.0280511  0.00696471  -0.00304329  -0.0568592  -0.0123236  0.00263829  0.0184358  -0.0394437  0.00319967 
33 0.234885 0.525553 0.208906 1.07644 0.0146563  -0.111292  0.0458513  -0.0560586  -0.0128457  -0.110224  -0.017556  -0.0443394  0.0533952  -0.0914138 
34 0.0156666 0.500116 0.0113159 1.01804 0.000865528  -0.00742994  0.00284449  0.00339813  0.0055326  0.00154854  0.00161215  0.000821109  -0.00289299  0.00279405 
36 0.0363606 0.517945 0.0565708 1.10081 -0.0102818  -0.0200915  -0.02717  0.00500528  0.0132646  -0.00682842  -0.00373992  -0.0155598  -0.0322945  -0.0201495 
39 0.152522 0.505011 0.113606 1.22293 0.0544929  -0.0405448  0.0412043  -0.0767608  0.0161204  0.00944134  -0.0130701  0.00871  0.0100186  -0.00261376 
41 0.053328 0.509585 0.0577972 1.25695 0.00362673  -0.0285089  -0.00890158  -0.0388914  0.00221824  -0.0134505  -0.0122424  -0.00325599  -0.0237597  -0.00346157 
42 0.0647367 0.516375 0.0779253 1.23611 0.020905  -0.0239212  -0.0572674  0.0311828  0.00953853  0.00349932  -0.00110701  0.000830936  0.0228601  0.0135446 
48 0.128267 0.508978 0.107724 1.21048 0.0792251  -0.0339662  -0.0203379  -0.04209  -0.0138582  0.0157416  -0.0289922  -0.0159628  -0.00285217  0.021107 
49 0.121296 0.50712 0.0990232 1.15956 0.00269653  -0.0517642  0.0166463  0.0237564  -0.0303362  -0.00112881  0.0067893  0.0153382  0.0413935  -0.0579741 
51 0.109372 0.515342 0.108365 1.10909 -0.0126774  -0.0370663  0.0334071  0.0267715  0.0305063  0.0351216  0.0250246  0.055067  -0.00452269  -0.0503228 
54 0.138521 0.582512 0.225698 1.06127 0.0516057  -0.096817  0.00424733  -0.067941  0.0584057  0.0416796  0.111694  -0.0841399  -0.0424643  0.088103 
55 0.0538361 0.62667 0.166882 0.998279 0.0443174  -0.00368959  -0.0657762  0.00534055  -0.030059  -0.0141035  -0.069504  0.0496407  0.0838694  -0.0780084 
56 0.136034 0.507621 0.109585 0.97166 0.0358298  -0.0532985  -0.00850336  0.0445418  0.0451032  -0.00268636  -0.00980258  -0.0438957  -0.0221877  0.0356555 
57 0.181233 0.547628 0.213047 0.903649 0.0136262  -0.107792  0.0780363  0.0454379  -0.0369155  -0.0979495  -0.0751308  -0.0924994  -0.0121588  -0.0111499 
59 0.0176532 0.855448 0.157974 0.80624 -0.0905478  -0.0645648  0.0371467  0.0345497  0.0179032  0.028697  -0.0379625  -0.0137319  -0.0471223  0.0708544 
60 0.102115 0.511083 0.0950244 0.795313 0.0561933  -0.0177339  0.0415928  0.000948206  0.0158546  -0.00290734  0.0202989  0.0537032  -0.00337145  -0.0161041 
64 0.134748 0.565289 0.202035 0.731637 0.0987727  -0.0178519  -0.0321357  -0.00645493  -0.0166027  -0.0413641  -0.0648522  0.0460033  -0.075161  -0.125343 
68 0.0336676 0.539794 0.076257 0.639439 -0.0053367  -0.0445516  -0.00577122  0.0157069  0.00381631  0.00310759  0.0211362  -0.0470235  0.0144858  -0.0250957 
69 0.0301222 0.527326 0.0606847 0.613 0.0129361  -0.00895216  -0.00255471  0.00661588  0.00888837  0.0365417  0.0363166  0.0189317  -0.0127765  0.0114019 
70 0.00990721 2.75463 0.296619 0.588295 0.0929227  -0.10184  -0.187631  -0.0548771  -0.121459  -0.0298473  -0.0412382  0.0538346  -0.0829619  -0.0602945 
71 0.0208747 0.525667 0.0483101 0.579856 0.00246229  -0.011724  0.0106151  0.0119746  0.014073  0.00510275  -0.00349376  -0.0217558  -0.0046985  0.0346785 
72 0.0395526 0.585949 0.118594 0.561759 0.00850638  -0.0236509  0.0778334  -0.0349601  0.022163  -0.0299586  -0.0583664  0.0122031  -0.0111176  0.0329328 
76 0.0308611 0.593967 0.108945 0.526101 0.0153896  -0.0582574  0.0524382  -0.0181273  0.00574056  -0.00209803  -0.00141335  -0.0575104  0.00980779  0.041436 
77 0.0305735 0.563983 0.0902937 0.496375 -0.00109672  -0.00580435  0.0132763  0.0480552  0.0171387  0.00204357  0.0422041  0.0463972  -0.0119342  0.0354722 
79 0.110699 0.711346 0.305312 0.465051 0.137335  -0.0590475  0.135445  0.00876011  0.204541  0.0503053  0.0167181  0.0489193  0.056807  0.0466757 
80 0.0274332 0.876284 0.202218 0.333591 0.0861369  -0.0509901  0.0821584  0.0869433  0.00405024  0.0698795  0.0351806  0.0788384  -0.0648605  -0.00195616 
83 0.0235415 1.56753 0.313707 0.290205 -0.198611  0.029001  -0.0935179  0.0694776  -0.0610851  0.120795  -0.0782031  0.0320499  0.0154193  -0.137289 
85 0.000472513 7.91998 0.118306 0.246881 0.025102  0.00909211  -0.0339264  -0.032446  0.00111258  0.0386656  -0.0243388  -0.0919849  0.0224527  0.00508853 
88 0.00711685 0.52973 0.0294687 0.245923 0.00930736  -0.00722686  0.000761015  -0.0126326  0.00798228  -0.00300797  0.00394052  0.0135037  -0.00183926  -0.017186 
89 0.0140851 0.706321 0.107815 0.231055 0.0114241  -0.0686174  -0.032506  0.0228283  0.0133647  -0.0369896  -0.0184642  0.0323905  -0.0454449  0.0143276 
93 0.00917399 0.638202 0.0713219 0.198493 0.0214439  0.00104842  0.00908472  -0.0233617  -0.0298326  -0.0252098  0.0153614  0.0327365  0.0341228  -0.000211554 
94 0.00116545 2.56599 0.0980549 0.173975 -0.00961624  -0.0367919  0.0108271  -0.0355182  0.0289187  0.0526192  0.0479656  -0.0231713  0.0186312  -0.000314388 
95 0.00185455 6.4332 0.209128 0.170595 0.0552816  -0.000720095  0.0385045  -0.00851849  0.0228834  -0.111569  0.0684425  0.0131933  0.120643  -0.0820872 
97 0.00401006 1.05477 0.0942281 0.165075 0.0321383  0.0115432  -0.000256773  0.0501604  -0.00160412  0.0188498  0.0152128  -0.0124947  -0.0102235  0.0659297 
98 0.00637229 1.25479 0.138392 0.152472 0.0155028  -0.0808452  -0.0045926  -0.04882  -0.0137915  0.0263747  -0.0451488  0.0240026  -0.0733197  0.0330954 
99 0.00513971 0.780946 0.0759613 0.129983 0.0246302  0.0325741  0.0288938  0.0130859  -0.0223821  -0.0039257  -0.0115872  -0.0479701  0.00803619  -0.00894218 
101 0.00293722 0.948249 0.0725228 0.108486 -0.0380946  0.00362204  0.0129564  0.0373216  -0.0240974  0.00421894  0.0161948  -0.0311504  -0.0128977  -0.015395 
103 0.000463042 4.00943 0.0805815 0.0940011 0.0127859  -0.0190537  0.00816284  0.0664303  0.0210526  0.00279663  0.000784719  -0.00269235  0.00893823  -0.0307969 
104 0.00285284 0.893031 0.0669341 0.0915056 0.0114788  0.00486227  -0.0149548  -0.02264  -0.0309278  0.00576232  -0.0290415  0.0334003  -0.00772716  -0.0240858 
107 0.000638449 0.529878 0.00874538 0.074327 0.00118921  -0.00160356  0.00252458  -0.00113877  0.00508662  -0.00366947  -0.00382196  -0.000663241  -0.00106884  -0.00304917 
109 0.000783391 1.44047 0.0542687 0.0699018 -0.00585623  -0.00929435  -0.0136214  0.00231376  0.000575099  -0.0360206  0.00442765  -0.0233484  -0.00929349  0.0261646 
110 0.000912833 0.596316 0.0187596 0.064056 -0.0045838  -0.00151518  0.00179636  -0.00220617  0.00226797  -0.00640018  -0.00627532  0.00796859  0.0118324  -0.00561524 
111 0.00151083 0.844451 0.0456142 0.0564868 -0.00743473  -0.0265003  -0.00356946  -0.014988  0.0217943  0.0102959  -0.0194592  0.000937996  0.00885809  -0.0068359 
114 -8.62509e-05 0.481884 0.0025008 0.0410008 0.000590915  -0.000613641  -0.000446448  0.000875589  -0.00166628  0.000407731  -0.000238471  -0.000256432  -0.00112019  0.000492027 
116 0.000194648 1.2725 0.0245229 0.0420395 0.00237  0.000341256  0.0021318  -0.0115511  0.014497  0.0025604  -0.00114862  0.0151514  0.00180378  -0.00260986 
118 1.7497e-06 0.578428 0.000740881 0.0396572 -1.99792e-06  9.4193e-05  -1.67197e-05  0.000206937  0.000356443  0.000364927  5.99323e-07  0.000461777  1.87286e-05  0.000152031 
122 1.78454e-05 0.935041 0.00557259 0.0396351 0.000675965  0.0020869  0.00330644  0.000932155  0.00207567  0.00264712  0.000162086  0.00110183  -0.000227846  -0.00135363 
125 -0.000551422 0.308162 0.0205762 0.0394094 0.000786934  -0.00402111  -0.00335126  0.00429799  0.00619488  0.00453762  -0.00404415  0.0110462  -0.00977747  -0.00916235 
126 0.000291354 0.577138 0.00948296 0.0458767 -0.00356393  0.00213844  0.00308324  0.00284021  -0.00187282  0.00204945  0.000631775  -0.00588905  0.000616053  -0.00345132 
127 0.000419651 0.651644 0.0159555 0.0425836 -0.00409267  0.0056315  -0.00642446  0.00432487  -0.00486836  -0.00208197  -0.00957735  -0.000235568  -0.00059206  0.00509586 
129 0.000125985 1.09757 0.0173526 0.0373336 0.000208453  0.0032912  -0.0124839  -0.00449175  0.00252461  -0.00515983  -0.00275258  -0.00412923  -0.00392459  -0.00641778 
132 0.000185625 0.921433 0.0176887 0.0356065 0.00342252  0.0103686  -0.00427732  -0.0011613  0.000729144  -0.00775554  -0.00251148  -0.000201982  0.00151475  0.0102324 
133 0.000316275 0.741339 0.0174731 0.032897 -0.00113471  0.0064325  5.94989e-05  -0.00990021  0.00496502  0.00771439  0.00575729  -0.00251988  0.00636848  -0.000638874 
137 9.83724e-05 1.90841 0.02354 0.0276765 -0.00172712  0.00661835  0.0144657  0.00583432  -0.000976138  0.0123312  0.00149943  0.00276421  -0.00955845  0.00312856 
138 -5.16077e-06 0.494999 0.000321331 0.0258384 -7.80222e-05  2.67431e-05  9.07546e-05  -0.000161332  6.58377e-05  0.00014527  4.57118e-05  0.00013543  -3.70671e-05  0.000122244 
140 2.5892e-05 0.934143 0.00670544 0.0259381 -0.00138001  -0.00301472  0.00468254  -0.00251277  -0.000563122  -2.85236e-05  0.000913135  -0.00192591  -0.000511633  -0.000779148 
142 -0.00028772 0.274948 0.0160959 0.0254341 0.000452541  0.00560275  0.00653771  -0.00585468  0.00199558  -0.00139404  0.00503668  -0.00355261  -0.00993539  -0.00279934 
150 0.000365992 0.668306 0.0156974 0.0305721 -0.00433616  0.000610895  -0.00206378  -0.00104784  -0.00403933  0.00158562  0.0040338  -0.00668286  0.00951089  0.00718723 
151 -0.000425073 -0.0153158 0.0296035 0.023848 0.00500173  -0.0161285  -0.00420311  0.0108417  0.00647834  -0.0059085  -0.00675863  -0.0102604  0.0110262  0.0103248 
153 -4.68045e-06 -2.17317 0.00707434 0.031526 0.00212781  -0.00229398  -0.00443358  0.000997561  0.0013807  -0.00207509  -0.000335334  -0.000951917  -0.00316009  -0.00154519 
154 9.07558e-05 1.01303 0.0136467 0.0316002 -0.00493799  -0.000382182  -0.00150801  8.9959e-05  -0.00427839  -0.00142232  -0.00326861  -0.00580954  -0.00458061  -0.00858346 
155 0.000120829 2.94398 0.0343653 0.03013 -0.00423431  0.0128334  -0.00425529  0.0147543  -0.0037891  0.00518818  0.0194011  0.00940956  -0.0150915  0.00534626 
161 -0.000185132 -1.31329 0.036643 0.0280535 -0.00896322  -0.0124325  -0.017281  -0.00595948  -0.000974969  0.000472497  0.00795947  0.00757875  0.0250613  -0.00485998 
163 -0.000414204 -0.76814 0.0458372 0.0311793 -0.00171479  -0.0167237  0.0263182  -0.00930946  -0.00706973  -0.00702692  -0.0264858  0.00643598  -0.0096585  0.0101757 
165 0.000145386 0.523453 0.00369436 0.0372349 0.00148676  0.00184232  0.000326119  0.000719943  0.00156389  -0.00179552  0.00101503  -4.06378e-05  0.000846574  2.7197e-05 
166 0.000156624 1.39636 0.0236959 0.0352287 -0.0105765  0.0124974  -0.00261657  -0.00752178  -0.00555338  -0.00635303  0.00321237  0.0107292  0.0039308  -0.00423531 
169 0.000128027 0.909755 0.0144855 0.032931 0.00414653  0.00753929  0.00262014  -0.00473047  -0.00325099  0.00560122  0.00731771  0.0014918  0.000920437  0.00282623 
171 -5.71643e-05 0.43236 0.00393298 0.0309262 -0.0007561  -5.30276e-05  -0.00119606  -0.000360474  -0.00189143  0.00235938  0.000904754  0.00128136  -7.69625e-05  -0.00131254 
172 5.60124e-05 1.04408 0.0110407 0.031837 0.00129195  -0.00471344  0.00278735  0.00291999  -0.00260377  0.00243168  -0.00470967  -0.00417603  -0.0040399  -0.00361678 
175 2.73384e-05 2.08985 0.0131852 0.0309449 -0.000108683  0.00214934  -0.00779763  -0.00636539  -0.000107771  0.00396295  0.00495957  -0.00245186  -0.00372743  0.00277083 
176 -0.000168963 0.262707 0.0126649 0.0305 0.000480335  0.0023732  0.0064218  -0.000731042  0.00523111  0.00621314  0.00477489  0.00452378  0.00171447  -0.000769468 
177 9.71044e-05 1.25372 0.0171096 0.0331546 0.00409324  -0.00992465  -0.00458816  -0.00459556  0.00337163  -0.00135511  -0.00259444  -0.0104972  0.000938418  -0.0020753 
178 -9.30486e-05 0.313587 0.00832999 0.0316564 0.00361143  0.000839295  -0.000762483  0.000426911  0.00144881  0.000806502  0.00218896  0.00393246  0.00310979  0.00471192 
180 -9.43188e-05 0.103395 0.0122327 0.0330935 0.00224421  -0.00111613  -0.00621385  -0.00122205  -0.00267667  0.00396772  0.00353889  -0.0050641  0.00208551  -0.00615018 
181 -0.000336404 0.459947 0.00734579 0.0344892 -0.000478576  -0.00309023  -0.00449069  -0.00253492  -0.000610191  2.78651e-05  0.000312795  -0.000806896  -8.05234e-05  0.00405727 
182 0.000150461 0.558632 0.00594101 0.0390636 -0.00226236  0.00189317  -0.000148164  0.0016576  0.00380512  0.000669413  6.25742e-05  -0.00283899  0.000798616  0.000441575 
184 -0.000192202 0.282896 0.0129206 0.0370879 0.00282221  -0.0040885  0.0016362  0.00288656  -0.000708782  0.00197267  0.00609772  -0.0073856  -0.0055075  -0.00219016 
185 -0.000876468 0.144305 0.0353236 0.0395946 -0.00410982  -0.0107142  0.00997107  0.0194788  0.0125782  0.000365041  0.0121574  0.0153745  0.00672722  -0.00703194 
188 0.000612798 0.6827 0.0211627 0.0494427 0.00552031  0.0114962  -0.000963283  -0.00357556  -0.0044625  0.00867598  -0.0107517  0.00499263  -0.00070497  -0.00594146 
190 5.5189e-05 0.533257 0.00270979 0.0428016 -0.000856072  0.00162393  0.000169932  -0.00102122  -0.00108439  0.000182123  -0.000525425  0.000268349  0.00104531  0.000501335 
191 0.00065749 0.735053 0.0248625 0.042152 -0.00279817  0.000742892  0.0050732  0.00332058  0.00298081  -0.0133725  0.00447218  -0.0137296  -0.0125932  0.00426616 
193 0.000434242 0.766486 0.0215138 0.0334591 0.00152455  0.00902059  -0.00860225  -0.0105462  -0.00903559  -0.00341169  -0.00510759  -0.00359407  -0.00385939  0.00683719 
194 -2.5456e-05 -2.13368 0.0163758 0.0261795 0.00608738  0.000179977  -0.00297226  -0.00176801  0.00761604  -0.00386834  -0.000398047  0.0097044  -0.00361103  -0.00622704 
197 6.13701e-06 24.2684 0.0241542 0.0266613 -0.00219978  0.00634886  -0.008236  -0.00899722  -0.00843002  -0.0134882  -0.00786804  -0.00305476  0.00670769  -0.00450201 
198 0.000227596 0.60271 0.00967055 0.0265459 0.00372553  -0.00176608  0.00657039  0.00411364  0.00259379  0.00175377  -0.000954051  -0.000148665  -0.00214036  0.0010545 
199 -1.02404e-05 -0.250778 0.00554555 0.021843 -0.000705942  -0.00312693  0.000441696  -1.88808e-05  0.0027387  2.53932e-05  -0.00284157  0.00151761  0.000828839  0.0013099 
203 -0.000122158 0.246873 0.011122 0.0220761 0.00486251  0.00423245  -0.00424095  0.00345016  0.000579074  -0.00240005  0.000473178  0.00269684  -0.00369993  -0.004997 
206 -6.45466e-06 0.476234 0.000783346 0.0246885 -0.000403808  -0.000269769  -5.88533e-05  9.71951e-05  -0.000266943  -0.000328702  9.5951e-05  4.02853e-06  -0.000411509  -8.37788e-05 
207 -0.000294185 0.323433 0.0144167 0.0248189 -0.00221228  0.00211912  0.00257851  0.00216045  0.00149959  -0.00219391  -0.00316402  0.000776984  -0.00239524  -0.0127956 
208 -7.00832e-05 0.484191 0.0021058 0.0301696 -0.000186283  -3.47452e-05  0.000285161  -0.00106215  0.000855417  -4.45717e-05  -0.000946009  0.00106037  -0.00062662  -0.000208072 
210 -0.000500692 -0.407891 0.0426434 0.0313096 0.00785384  -0.00658456  0.00558785  0.00776969  0.00632769  0.0161046  0.0167934  -0.0116949  -0.0132897  0.0269635 
211 0.000195956 1.13835 0.0223672 0.0384852 -0.00271088  0.00956318  -0.00242822  -0.0039485  0.00172794  -0.00629267  0.00857887  0.00658737  0.00829313  -0.0123146 
212 6.87569e-05 3.45253 0.0284942 0.0358493 -0.000257178  -0.0169154  0.0122533  0.00318461  -0.0158713  -0.00250523  -0.00155854  0.00262555  0.00984055  0.001052 
213 -0.000249468 0.0615515 0.0209183 0.0348771 -0.000992444  0.00488199  -0.00947646  -0.0055741  0.0103676  0.0021662  -0.000973467  0.0071249  -0.0113134  -6.28758e-06 
218 0.000329957 0.584183 0.0105424 0.0382873 -0.00329066  0.00673778  0.0028827  -0.0017354  -0.00189008  -0.000769136  -0.00468532  -0.0023373  -0.000356692  -0.00344781 
219 -3.95554e-05 -3.4229 0.0249129 0.0337048 -0.00270379  -0.00148857  0.00863044  -0.00516026  0.00637418  -0.0156542  -0.00288899  -0.0079222  0.00997493  0.0073295 
220 1.70223e-05 1.86852 0.00965297 0.0342866 0.00182563  -0.00125728  -0.00274689  0.00180437  -0.00288046  -0.000844095  0.000519614  -0.00160645  -0.000500958  -0.00808417 
222 5.71646e-05 1.14152 0.0121113 0.0340374 0.000653546  0.00776821  0.00205702  0.00090317  -0.00659273  0.000468253  -0.00333772  0.00360429  -0.00336511  -0.00131325 
226 0.000116289 0.564791 0.00549024 0.0331871 -0.00106852  -0.00114142  0.00032051  8.85793e-05  0.0022902  0.00360754  0.00170931  0.00123243  0.00157155  0.0015549 
232 -0.000421948 -0.2167 0.0347822 0.0313863 -0.00734026  0.00279707  -0.0245734  0.00881431  -0.00135873  0.00677623  0.00471978  -0.00117309  -0.0167567  0.0106935 
235 -1.02762e-05 -16.5043 0.0264367 0.0375118 0.000715478  -0.00728274  -0.013916  -0.00989654  0.00794081  0.00418335  -0.00927103  -0.00364683  0.0131562  0.000926705 
236 -0.000923881 0.0668485 0.0400196 0.0376486 0.0101045  0.00321222  0.00933562  -0.000831745  0.0114252  0.00896819  0.0223381  -0.00845476  0.023076  0.0093469 
237 -0.000559444 0.309993 0.0206263 0.0483914 -0.00493614  -0.00529066  0.00834829  0.00587671  0.00682479  0.00525782  0.00851982  0.0106662  -0.00281345  -0.000605372 
238 0.00151919 0.73115 0.0374764 0.0538639 -0.00455497  0.00175424  0.00173588  -0.0107971  -0.0183771  -0.000107318  -0.0197164  -0.00612209  0.00776816  -0.0208992 
239 -0.000312253 0.43144 0.00925705 0.0371925 3.30195e-05  -0.00019573  -0.000201918  0.00132358  -0.00324091  0.00614595  0.00515458  -0.00291001  -0.00060583  0.000424128 
240 0.000172565 0.822061 0.0149096 0.0411775 -0.00515413  -0.00122751  0.00448329  0.00214848  0.00111983  -0.0117787  0.0021518  -0.00136148  0.00434678  0.00203371 
241 -0.000420878 -0.292512 0.0365288 0.0390261 0.0204004  -0.00584796  -0.0125683  0.00909342  -0.00629519  -0.00410759  0.00126163  0.00798779  -0.00366768  0.0225383 
242 0.000338822 0.94145 0.0244582 0.0440909 -0.0142142  0.00705601  0.00146923  0.00704484  -0.00760716  0.000685683  0.0071106  -0.00658738  -0.00402621  -0.0112286 
243 0.00025177 0.788448 0.0170433 0.0400654 0.0049647  -0.00158018  0.00504302  0.00821166  -0.00451631  -0.00198899  -0.0052618  -0.00474852  -0.00962629  0.00179244 
245 0.000151114 0.842494 0.0143879 0.0367899 0.00407612  0.00802658  -0.00562915  0.00378353  -0.000464338  -9.88848e-05  -0.00508654  0.00452976  -0.0032611  -0.00476632 
248 0.000207811 0.548769 0.00636834 0.0346756 -0.00343547  -0.000871225  0.00361329  -0.000448231  0.0012811  0.00122351  -0.000589839  0.00179909  -0.00210057  -0.00189794 
251 -0.000500525 0.198644 0.0245678 0.0315374 -0.000659382  0.00475806  -0.0185613  -0.00728639  0.00854622  -0.00922125  -0.00311456  -0.00379686  -0.000362638  -0.000756557 
