generation s h r distopt trait[0] trait[1] trait[2] trait[3] trait[4] trait[5] trait[6] trait[7] trait[8] trait[9] 
4 -0.000251085 -0.895521 0.0374371 0.03 -0.00257299  -0.0196877  0.0249696  0.00452947  -0.00641548  -0.00046907  0.014299  -0.000161141  0.0106983  0.00173197 
5 0.000380955 0.595831 0.012086 0.0383098 -0.00148187  -0.00703599  -0.00329519  0.00253103  0.00570639  0.00308817  0.000721452  0.00118727  -0.00137324  -0.00558484 
6 0.000628004 0.919006 0.0324389 0.0382353 -0.0116613  -0.0073803  -0.00544815  -0.00318789  -0.00942176  -0.00121707  -0.0210691  -0.0142931  -0.00191267  0.00893705 
7 -3.73574e-05 0.276786 0.00577546 0.0344047 -3.29482e-06  -0.00326123  0.00272812  0.00181535  -0.00248973  -0.00101004  -0.000435171  0.0011055  -0.000105174  0.00182778 
10 0.000555584 0.642275 0.017783 0.0573485 0.00566533  -0.00845742  -0.00249531  0.00522292  0.00435718  0.00496491  -0.000272918  0.0099116  0.00596016  -0.0012782 
11 -3.98195e-06 0.474072 0.000642633 0.0609079 0.000412893  -0.000223658  9.14998e-05  8.28567e-05  -0.000228448  -0.000217525  -2.35479e-05  -8.61527e-05  -0.000121754  -0.000234371 
13 0.00030121 0.713382 0.016034 0.0791488 -0.00169227  -0.00405967  0.00587598  0.00221638  -0.00749118  -0.00679089  0.00790475  0.00038336  -0.00154712  -0.0055718 
17 0.00138893 0.563618 0.0188188 0.114512 -0.00789989  -0.00740157  0.00113231  0.00705424  0.000929517  -0.00568835  0.00418819  -0.00478189  0.0102357  -0.00274088 
18 0.00509157 0.591315 0.0432146 0.117538 -0.0230273  -0.0218231  -0.00410267  0.0130921  0.0226763  0.00243353  -0.0111313  -0.00429725  -0.00150415  -0.0028269 
19 0.00051866 0.572503 0.0122682 0.102212 0.00229082  -0.00401122  -0.00470677  0.00141065  -0.00525161  -0.0023959  0.00201537  -0.00782074  -0.00190376  0.0016908 
21 0.00421881 0.659634 0.0519245 0.117631 -0.00214194  -0.0298146  0.00180989  0.00273281  0.0166406  0.00208686  0.0339207  0.0188974  -0.000233503  0.00169268 
22 -0.00025042 -0.49068 0.031502 0.106367 0.00985198  -0.00658938  0.00334637  -0.0137819  -0.00712377  -0.00552429  0.0163467  -0.0154497  -0.00782044  -0.00155735 
24 0.00363299 0.615905 0.0410792 0.124279 -0.0152965  -0.00864941  -0.0120474  -0.0125215  0.0101981  -0.00117653  -0.00265029  0.0188732  -0.00920771  0.0228777 
26 0.00338872 0.569394 0.0307352 0.126278 -0.00752363  -0.015043  -0.00603699  -0.00780914  -0.0125453  0.00479363  0.00166426  -0.00898282  -0.0143222  0.00976616 
27 0.00521435 0.853201 0.0857583 0.120794 -0.042686  -0.0369004  0.00737496  -0.0247917  -0.0509934  0.0114506  -0.0123006  -0.0205749  -0.0135915  0.00330576 
28 0.00373624 0.538296 0.0240455 0.103004 -0.00161621  -0.0169535  -0.00857487  0.00898541  0.00503687  0.0016482  -0.00934753  0.00354057  0.00101644  -0.00220332 
29 0.00194695 1.00342 0.0625835 0.0893 0.0219927  -0.0253329  0.0426713  0.0186384  0.0194504  -0.00597644  -0.00216588  0.0121949  0.00667474  -0.00332278 
30 0.00279876 0.72135 0.0497765 0.0838066 -0.0061255  -0.0104738  -0.0397632  0.00734755  0.000122693  0.00769119  0.0138922  0.0139603  0.0146175  -0.00588699 
31 0.000298286 1.03056 0.0251582 0.0719889 -0.00691279  0.00507404  -0.00670552  -0.00850349  -0.000227188  -0.0137376  -0.0109015  -0.00165775  -0.00997036  0.00568848 
32 0.000564989 0.618152 0.016343 0.0779661 0.00664062  -0.00912172  -0.00882095  -0.000848528  -0.00341903  -0.00212765  -0.00203884  -0.00347661  0.00521324  -0.00127419 
35 0.00146146 0.5495 0.0170356 0.0997214 -0.00906478  -0.00671592  0.00153879  0.00136802  0.00481281  0.00142941  0.0088361  -0.00736772  -1.21862e-05  -0.0010644 
37 0.00232057 1.95084 0.115895 0.109776 -0.0288045  -0.0416676  0.0121597  0.0492211  0.0466661  -0.0127685  -0.068163  0.0347248  0.00819622  0.00593746 
38 0.00259334 0.610028 0.0338094 0.104047 -0.01099  0.00335692  -0.00476069  -0.0229531  0.000292219  -0.00816167  0.00478265  -0.00190463  -0.00797947  -0.0174542 
40 0.00560095 0.790806 0.0806678 0.104774 0.0293753  -0.0409773  0.00620537  -0.0450578  -0.0144308  0.00463398  0.0132906  -0.0132418  0.0215514  -0.029161 
42 0.000620291 2.00525 0.0610907 0.0887094 -0.0273779  0.00116818  -0.000516059  0.0159282  0.00722055  0.0224104  -0.021284  -0.00428486  0.0115145  0.0396089 
44 0.00149478 0.621135 0.0269219 0.100749 -0.000377653  -0.0173123  -0.000807258  0.0071462  -0.00741029  0.00341246  -0.00111244  0.0126114  0.0119537  -0.00186425 
45 0.00297475 0.578966 0.0307005 0.100422 0.00596009  -0.0094895  -0.00344148  0.000721431  -0.00141492  -0.00469788  0.0163307  0.0034044  -0.0216893  -0.00563951 
48 0.00168749 0.551694 0.0187095 0.110492 -0.00661456  -0.00277444  0.00407312  0.000458833  -0.00851153  -0.000774289  -0.00131072  -0.00395566  -0.0136249  -0.00239728 
53 0.0069501 1.27303 0.146229 0.150012 0.0142136  -0.10356  -0.0327147  -0.0392438  0.0453784  -0.0418897  0.0304925  -0.0545862  -0.00426678  0.0102103 
54 0.00271624 1.03781 0.0763855 0.129495 -0.0101871  -0.0413884  0.0121702  -0.0416251  -0.0154634  0.0398792  0.00808417  0.00553382  0.0145288  0.000816841 
56 0.00114152 0.517313 0.00892509 0.12391 -0.00343112  0.00108762  -0.00190489  0.00404077  -0.00339389  -0.00115348  0.00178302  0.00321676  -0.000378636  0.00449736 
61 0.00431982 0.751325 0.0658809 0.144657 -0.0178016  -0.025289  -0.0150001  0.000855517  -0.0369417  0.0323697  -0.0222929  0.0022387  0.00650694  0.0141886 
62 0.00430669 0.853284 0.0779582 0.133993 -0.0148288  -0.041651  0.0318288  0.0224583  -0.00999386  0.0342581  0.0347488  0.00756931  0.00707252  -0.00412946 
63 0.00887293 0.884125 0.116572 0.119635 -0.0659702  -0.0193398  -0.0130977  0.022204  0.0260787  -0.0337885  -0.0435675  -0.0325726  0.000217687  -0.0584594 
69 0.00140956 1.70746 0.0824522 0.0918736 0.0119144  -0.0463433  0.00936468  0.0113586  -0.025999  0.00240862  -0.023766  0.0263016  0.00819582  0.0478171 
71 0.0013073 0.793366 0.0391615 0.0899403 -0.0113518  -0.00498536  -0.000849939  -0.00749325  -0.00201281  0.0139594  -0.00757372  0.0202736  -0.0174023  -0.0187857 
72 0.00309466 0.765565 0.0573209 0.086211 -0.0215819  -0.0295435  -0.0111851  0.0256516  -0.00225368  -0.0183386  0.00935564  -0.0247301  -0.00240164  -0.0108498 
76 0.000477106 2.42109 0.0605294 0.0780786 -0.0104474  -0.0184702  0.0335839  0.00679665  0.0087177  -0.00653675  0.00331398  -0.00439711  -0.0232064  -0.0367676 
78 0.00311522 0.687354 0.0483231 0.0827871 0.00821584  -0.0202982  -0.0111997  -0.00097686  0.0196383  -0.0113606  0.0216892  0.0255252  0.00914855  0.00297343 
79 0.000733629 2.96118 0.0849322 0.065942 -0.0547601  -0.00108683  0.0242105  -0.0327213  -0.0220775  0.00353105  -0.0176239  0.0299079  -0.0149934  0.0250403 
80 -0.00037563 0.418586 0.0110642 0.0630937 0.00049898  0.00254078  -0.00052806  -0.00204351  -0.00369087  0.00570619  0.00200602  -0.00214855  0.0018261  -0.00728695 
81 0.00036253 0.585299 0.0111236 0.0705203 0.00131432  -0.00302488  -0.0014631  -0.00562725  0.00823554  0.00191809  0.00103098  -0.00226502  0.00109442  0.000396033 
83 0.00243898 0.736722 0.0480513 0.0797006 -0.00223249  -0.0281496  0.0119056  0.029861  0.0049428  -0.0082428  0.0142064  0.00185795  -0.0134233  -0.00053748 
87 0.00255639 0.62558 0.0358545 0.0874662 0.000967522  -0.018824  -0.0142575  0.00453008  -0.0102595  -0.00935442  0.0192236  0.00233546  -0.00817007  0.0084822 
93 0.00345487 0.616713 0.0401964 0.121062 0.000694917  -0.0245461  0.0162558  -0.00340957  -0.0143169  0.00273585  -0.0170832  -0.00941259  0.0109187  -0.00497692 
94 0.00314677 1.11059 0.0875844 0.114245 -0.049437  -0.00493146  -0.0471503  -0.0111049  0.0485673  -0.00352831  -0.0111683  0.00289359  -0.0146919  -0.0116637 
95 0.00118662 2.35915 0.0938627 0.10717 0.0672603  -0.0424109  0.0115352  0.010488  -0.008248  -0.0201234  0.0173213  -0.0146235  0.0280344  -0.0217195 
97 0.00141371 0.631528 0.0272796 0.116244 -0.00714044  -0.00562764  0.000135247  0.00978442  0.00635382  0.00315729  0.0199943  -0.00942645  -0.00428945  0.0028983 
98 0.00346662 0.709808 0.0539369 0.117677 -0.0284667  -0.00982033  -0.00358392  0.0222963  -0.0133738  -0.0109381  0.00609518  0.00455016  -0.024881  0.0227379 
99 -0.00037047 0.460009 0.00770331 0.109251 -0.00121971  0.00416637  0.00308576  0.00178312  -0.000231879  0.00453197  -3.78903e-05  0.00118967  0.00118301  -0.00209393 
100 0.00415056 0.645182 0.0491244 0.118838 -0.00244988  -0.016914  -0.0211604  -0.019687  -0.00338616  0.00126633  -0.0133979  -0.020247  0.0236979  -0.0110309 
102 0.000311276 0.512404 0.0039358 0.116406 -0.00106061  -0.00127685  0.0020817  0.00200524  0.00148471  -0.000599687  -0.00107219  -0.000593375  9.02395e-05  0.000554156 
103 0.00403775 1.89321 0.149672 0.123662 -0.0470099  -0.0993881  0.0528558  -0.0213973  0.00774295  -0.052508  0.0503965  0.037319  0.00475426  0.0170333 
107 0.00369223 0.82388 0.0691266 0.112653 -0.0193316  -0.00264058  0.00117063  -0.00488318  0.023924  0.0259372  -0.047779  0.0154942  -0.00963616  -0.0226215 
108 0.00207771 0.826494 0.0520755 0.0983128 0.000454526  0.00492112  0.0059482  -0.00709229  -0.00631171  -0.00104581  -0.0108472  -0.0357906  0.0196886  0.0278307 
109 0.00112052 1.62605 0.0710046 0.0924364 0.0043727  -0.0221373  -0.00650825  -0.00895535  -0.0474606  0.0194083  0.0139017  -0.02354  -0.00191259  -0.0320886 
110 0.00621877 0.607868 0.0518964 0.090574 -0.0219397  -0.0162756  -0.0208209  0.0154248  0.00298452  0.0112168  0.00366973  0.0194624  -0.0012335  0.0273323 
111 -1.06045e-05 -2.37949 0.0110518 0.0501451 0.00146142  0.00414224  -0.00865836  -0.00116834  -0.00220873  0.000643952  -0.00362608  0.0022077  -0.00177713  -0.000203552 
115 7.22503e-05 0.542395 0.00350063 0.0831723 0.000586618  -0.00127182  0.000816502  0.000109404  -0.001142  0.00160547  4.41985e-05  -0.000793717  -0.00187871  -0.00125335 
116 8.59364e-05 0.64927 0.00716324 0.0917851 -0.00193778  -0.0026581  -0.000199875  0.000193631  -0.000946582  -0.00279075  0.00160896  -0.00215776  -0.00104872  -0.00483584 
119 0.00158814 0.540355 0.0160438 0.118676 0.00276672  -0.00691343  -0.00212743  0.00179859  0.00408794  -0.00181926  0.00344128  -0.0018409  0.00597484  0.0111015 
121 0.00126183 2.28898 0.0949447 0.130822 -0.000581126  -0.0342152  -0.0253373  0.0264652  -0.0197481  -0.0171731  -0.0120683  0.0508811  0.0167956  0.052911 
122 0.000532537 0.60103 0.0146727 0.133511 -0.000955806  -0.000314882  -0.0013108  -0.00300802  0.00211667  -0.000683964  0.00856497  -0.000762484  -0.0110893  -0.00128309 
123 0.00477709 1.04531 0.101946 0.139469 -0.0345375  -0.0434838  0.0141486  -0.0386327  -0.0556909  -0.00795553  -0.00828878  -0.0403571  -0.0189118  -0.0199199 
125 0.00132967 0.83859 0.0424279 0.132166 0.00487111  -0.0176133  0.0116298  0.020567  0.00189237  -0.00734571  -0.0242389  0.00680699  -0.0121676  -0.0082745 
127 0.00335208 1.44703 0.112527 0.138365 -0.0126302  -0.0288251  0.0265875  -0.0360732  0.0419053  0.0349731  -0.0660702  0.00847236  0.0301132  -0.0366161 
129 0.00135044 0.558299 0.0177652 0.135445 0.00412292  -0.00625083  -0.0100805  0.0103308  0.00030831  -0.00176541  -5.90737e-05  -0.00418626  0.00127303  -0.00536938 
130 0.000355952 0.504083 0.00242387 0.135961 0.000341651  -0.000190378  -0.00037304  0.000553385  0.00107016  -0.000252259  0.000785913  0.000239433  -0.000857023  0.00163047 
131 0.00715829 0.75269 0.0850203 0.140777 -0.0343106  -0.0314063  -0.00819794  0.0151017  0.0389285  -0.00492393  0.0280949  -0.00621215  0.00464337  -0.04879 
133 0.00134559 0.667263 0.0300077 0.122381 0.0127291  0.002474  0.0117921  0.00916232  0.0109909  -0.00454916  0.00751666  0.00121619  -0.00777735  0.0157909 
135 0.00905293 0.870455 0.11564 0.130423 0.00738781  -0.0464504  -0.0535755  -0.0328663  -0.00892504  -0.000432106  0.0556559  0.0247002  -0.0169963  0.0559783 
138 -3.63894e-06 0.499173 0.000109753 0.11027 -4.27843e-06  1.95956e-05  4.57574e-05  -7.59121e-05  -4.39097e-05  1.55114e-05  -2.94522e-05  -7.56569e-06  -2.44081e-05  9.89146e-06 
143 0.000756119 0.618801 0.018959 0.151988 0.00325997  -0.000918282  0.0108524  -0.000610002  -0.0041702  0.011283  -0.00824319  0.000680347  0.00131819  0.00386997 
144 0.00376667 1.09871 0.0948709 0.158556 -0.0388771  -0.0280011  0.0120103  0.0344355  0.000406365  0.0162189  -0.0123235  0.0623989  -0.0138657  -0.0295631 
146 0.0027225 0.521699 0.0154812 0.161064 -0.00429301  -0.00664539  -0.000646462  0.004621  0.0101222  -0.00397994  0.00227276  -0.00238236  0.00259426  0.0044085 
147 0.00490503 0.600162 0.0444059 0.160149 0.00864988  -0.0298054  -0.00851361  0.00290657  0.00334522  -0.00197206  -0.0173272  -0.0154764  -0.00042772  -0.0193068 
148 0.00889988 0.658017 0.0750715 0.151311 -0.020384  -0.0509724  -0.00467814  -0.0131068  -0.00909612  -0.0317466  -0.000675852  -0.0274393  -0.0241716  0.000382933 
149 0.00725112 0.669072 0.0700661 0.1236 -0.0190913  0.00354593  0.0151806  0.00119595  0.0269027  0.0285353  0.00307393  -0.0381144  0.0360515  0.000664141 
150 0.00317779 0.560932 0.027897 0.0970252 -0.0164943  -0.00774969  0.00321948  0.0116201  -0.00268278  0.00491933  0.0131874  -0.00368264  0.00815299  0.00392328 
151 0.00168987 0.660919 0.0329862 0.0867963 -0.00814305  -0.00521855  0.000243306  0.0148236  -0.0124342  -0.00853704  -0.00907681  0.00012693  0.00902019  0.0195828 
154 0.00480729 1.15618 0.112157 0.102207 -0.0502208  -0.0778456  0.0233484  -0.045015  0.0155216  -0.0118656  -0.0212216  0.00880004  -0.0179508  0.0139261 
155 0.00101072 0.798903 0.0347584 0.0759041 0.000875216  -0.0225784  -0.000733343  -0.0124909  -0.0151  -0.00607102  0.0164383  -0.000426257  -0.00210079  0.00116376 
156 0.000187045 2.12337 0.0348467 0.0682031 -0.00499442  0.00022705  -0.00469604  0.00185632  -0.0180475  -0.0113956  0.0242944  0.00391448  0.00847871  0.00554967 
158 0.00199377 1.24072 0.0768054 0.0692636 0.0319834  -0.00927394  -0.0277683  0.0336086  -0.00583977  0.022965  -0.00543398  -0.0262279  0.0324242  -0.0236485 
161 0.000469815 1.49118 0.04315 0.0708884 -0.0109391  0.00399547  -0.000813212  0.00329837  -0.000168869  0.00844315  0.0235229  0.0285128  -0.0165254  -0.00201097 
165 0.000492809 0.593245 0.0135602 0.101367 0.00141066  -0.00510248  -0.00288929  0.00454845  -0.000849291  -0.00192727  -0.00743614  -0.00258364  -0.00570081  -0.00528313 
167 -0.000444212 -9.62203 0.133974 0.116942 -0.0665371  -0.0523091  -0.0272189  0.00143576  0.0554263  0.021702  0.0327333  0.016052  0.0707988  0.0125721 
168 0.00363527 0.564811 0.0307765 0.122026 -0.00835318  -0.0134048  0.00813494  0.0041371  -0.00703116  0.0085542  -0.00790554  -0.018386  -0.000867565  0.00951457 
169 0.000253382 1.09192 0.0244916 0.109182 0.0187044  -0.00359661  0.0043747  0.00640927  0.00807262  0.0092348  -0.00318107  0.000966409  -0.000563839  0.00387452 
171 0.00101333 1.59436 0.0665702 0.117213 0.00910096  -0.00225367  -0.00297455  0.0169749  -0.0453023  0.0359213  -0.00223218  -0.000762759  -0.0264288  -4.86582e-05 
173 0.00120211 0.520566 0.0099775 0.125114 -0.00557731  -0.000159217  -0.000791748  -0.00309455  0.0052954  -0.00402313  -0.00267632  -0.001292  -0.00220125  -0.000558039 
176 0.00125729 1.20883 0.0596805 0.14215 -0.0275912  0.00175439  0.023721  0.0185898  0.0133883  -0.0266136  -0.0119849  -0.00251595  -0.00547277  -0.0286651 
177 0.00372998 0.591563 0.0370172 0.145222 -0.00131973  -0.0159572  -0.0236765  -0.00667262  -0.00383706  0.00309277  -0.0102902  -0.00210607  0.00799435  0.0176147 
181 0.00953242 0.816731 0.109757 0.163414 0.0288344  -0.0752392  -0.021789  -0.00195824  -0.0274873  -0.0306185  0.00228169  0.00662172  -0.0233825  -0.0527897 
182 0.00248815 0.746814 0.0495552 0.13741 -0.0101012  -0.0239044  -0.0307002  -0.014867  0.00571171  0.0166479  -0.00235347  0.00554654  0.00110836  0.0164751 
183 0.00249421 1.61384 0.105293 0.1332 -0.0189514  -0.00219659  0.0528334  -0.0318354  -0.0156927  -0.00847632  0.0161446  -0.0687384  -0.0289026  -0.0279037 
184 0.00368708 3.13202 0.196384 0.128886 -0.0422809  -0.0723721  0.0700603  -0.0296159  0.0685975  -0.0182913  -0.0305444  0.0434028  -0.0784706  0.108357 
185 -0.000849424 0.290504 0.0266909 0.113272 -0.00375624  0.00654814  -0.0149065  0.00945273  -0.0015567  -0.00935613  -0.00915577  -0.00722958  -0.00960958  -0.00504587 
187 -0.000253093 -4.28254 0.069566 0.11943 -0.0532677  -0.0165852  0.00648114  0.0107701  -0.0296064  0.0155373  -0.00687337  0.014891  0.00225596  -0.0132997 
189 0.000648169 1.20519 0.0427496 0.120298 0.0124735  0.00727582  -0.0219922  0.00139029  -0.00895353  -0.00258701  0.02273  -0.0207358  -0.00643793  0.0076471 
191 0.00307977 0.569541 0.0293258 0.122631 -0.00600833  -0.00517627  -0.00675439  0.00265789  -0.00862842  0.011784  0.00429787  0.0163928  0.0120915  -0.00988482 
196 0.00120601 0.916994 0.0448398 0.133386 0.00892258  -0.0160911  0.00879105  -0.0139262  -0.0164124  0.0309754  0.00305346  -0.00920875  0.00330865  0.00818133 
198 0.00237235 1.10145 0.0754944 0.140925 0.00533935  -0.0301187  0.0477046  0.0214975  -0.0157303  -0.025848  0.0231655  0.0130617  0.00679588  0.0188916 
201 0.00192193 0.511696 0.00957437 0.149511 -0.00176563  -0.00515999  -0.00512226  -0.000433285  0.00533666  0.00094033  -0.000126244  0.00100163  0.000708202  0.00214836 
202 0.00564838 0.583878 0.0436484 0.142946 0.00517256  -0.01956  -0.0131492  -0.0122873  0.00101386  -0.018443  0.0101717  0.00908099  0.0228429  0.011093 
203 0.000757678 1.4973 0.0549592 0.121659 -0.00474127  -0.023943  0.00593305  -0.04317  0.00302809  -0.0138202  0.00762672  -0.0077356  0.0113668  -0.0088624 
206 0.004127 0.565103 0.0328762 0.118506 -0.0116626  -0.012933  -0.0014513  0.0165159  0.0123733  -0.00952471  0.00276097  0.00660915  0.0113035  -0.00893272 
209 0.00456591 0.648497 0.0521093 0.0996246 -0.0218264  -0.0173849  -0.0236209  0.0150338  0.0227734  0.0173176  -0.00996538  -0.0056124  -0.0106685  -0.00946748 
210 0.000399774 0.875578 0.0245051 0.0732771 0.00704567  -0.0138384  -0.00272884  0.00947963  -0.00318935  0.00320222  0.0109869  0.0101886  0.00336586  -0.00240238 
211 -5.57809e-05 0.439574 0.00367211 0.0704971 -0.000129202  -0.00141307  -7.16459e-06  -0.000599655  -0.0027397  -0.000443959  0.000216506  -0.00114266  -0.00114378  -0.000864572 
213 0.00134272 0.96032 0.0497072 0.0708917 -0.00877202  0.00543443  -0.0139527  -0.0114045  -0.000377388  0.0130084  -0.00616285  -0.0193341  0.0363499  0.0117098 
214 -0.000276126 0.478024 0.00493094 0.0606944 -0.00183222  0.000421787  -0.000357716  -0.00132298  0.00169382  0.000553504  -0.00128396  -0.00162746  0.000285462  0.00336853 
215 -0.000156756 -0.219646 0.0212428 0.0629283 0.00804924  -0.0115233  -0.003122  0.00115737  0.00354798  0.00513701  0.00960269  0.00632989  0.00716967  -0.00446458 
216 -0.000150519 0.484539 0.00305302 0.0641618 -0.00117028  -0.000982097  0.000866837  0.000290373  -0.000852114  -0.00070329  0.00170178  0.00111375  0.000618857  -0.000641058 
217 0.00103016 0.530433 0.0112191 0.0653243 0.0043461  -0.00119275  -0.0026001  0.002018  -0.00470506  0.000735305  -0.00621905  -0.00211483  -0.00340257  -0.0041617 
218 0.000483305 0.688961 0.0191132 0.0569003 -0.0079691  -0.00388684  -0.000257953  0.00682875  -0.00115828  0.00550449  -0.00604047  0.0106439  -0.00415666  -0.00642693 
219 4.78301e-05 0.557176 0.00330753 0.0524829 -0.000852024  -0.00150527  -0.00160501  0.000133122  -0.000455444  0.000518449  -0.00111862  -0.000433522  0.00146668  -0.00113472 
221 -1.243e-05 0.448504 0.00160016 0.0520252 -0.000396766  -0.000193445  -3.47004e-05  -0.000957728  -0.00015267  -0.000421204  -0.00011709  -0.000235908  0.000827244  -0.000701991 
222 0.000286674 1.17751 0.0278704 0.0521446 0.0126154  0.00558126  0.0142188  0.0111027  -0.00283647  0.0122801  -0.00455503  0.00516704  -0.00739726  1.76278e-05 
224 0.000132097 1.10325 0.0178528 0.0493196 0.00517072  -0.00368349  -0.00376311  0.00231993  0.00204173  0.00618589  -0.00803789  -0.00212441  0.0101324  0.0066825 
227 -0.000339216 0.304237 0.0163009 0.0479618 -0.000739485  -0.00181038  -0.00365751  -0.00798291  0.00148244  -0.00344121  0.00689742  0.00330671  0.00899238  -0.00560164 
229 0.000123187 2.28776 0.0296778 0.0513771 0.0107774  0.00229723  -0.00168403  0.00988585  -0.00175143  -0.0120763  0.00400991  0.0100049  0.00414154  -0.0194047 
232 0.00016038 0.520943 0.00366703 0.050164 -0.000802989  -0.000434516  -0.000388168  -0.00039521  0.00171143  -0.00149498  0.000244891  -0.00108664  -0.00242613  0.000125594 
233 -3.89746e-05 0.0915388 0.00797997 0.0485393 -1.6758e-05  0.00308603  0.00156175  -0.00419748  -0.00055391  0.00317769  -7.75279e-05  1.50109e-06  -0.00471204  -0.0012183 
234 0.000241126 0.684974 0.0133571 0.0489391 0.000960507  -0.00279538  -0.000100846  0.00168643  0.00414785  -0.00626067  0.00182526  -0.00863804  0.00560852  -0.00100857 
238 -4.39593e-05 0.484282 0.0016628 0.0464106 -0.000380932  -0.000724684  -4.51752e-05  0.00024711  -0.000674268  0.000456448  0.000616847  -0.000898558  0.000281922  -0.000318026 
239 0.000986809 0.639413 0.0234622 0.0468818 0.00138624  0.00426832  -0.0116045  0.00203408  0.00119381  2.00187e-05  -0.0115087  -0.0085914  -0.0128123  -0.00443735 
240 -1.59168e-05 -0.989227 0.00973729 0.0348077 0.000619297  -0.00288282  0.00477166  -0.00271437  -0.00217018  -0.000443151  -0.00335199  -0.000637026  0.000935147  -0.00620982 
241 -0.000240951 0.445102 0.00727639 0.0350356 -0.00110378  -0.0020786  -0.00271232  0.00274961  0.000366658  0.0042008  0.00332364  -0.00036157  0.000889773  0.00165521 
242 0.000381892 0.692913 0.0171666 0.0383207 0.00142475  0.00796586  0.00238717  -0.000250229  0.00828224  -0.00206458  -0.00352787  -0.0104515  -0.000786789  0.00531884 
243 5.43064e-05 0.627405 0.00526081 0.0329645 -0.00198094  -0.00148637  0.000882618  0.00107117  -0.00136631  0.00019368  -0.000880335  -0.00141179  -0.00372032  -0.00105026 
245 -6.28382e-06 -0.850675 0.00582663 0.0321302 -0.00172449  0.000196871  -0.000923545  -0.00111344  0.00217609  0.00139961  0.000133412  0.00369205  -0.00192097  0.00219336 
246 1.18909e-05 12.9903 0.0243728 0.0322279 0.00270306  0.00265069  0.0124639  -0.0043196  0.012286  -0.00268833  -0.0112256  0.00313667  -0.00270763  0.0102145 
248 -2.96774e-05 -8.79267 0.0332114 0.0320428 -0.00947885  0.0018671  0.0052808  0.00123854  -0.00624343  -0.00940128  -0.0185351  0.0138705  0.00751217  -0.0161401 
249 -0.000450365 0.336498 0.0171668 0.0325026 -0.00299958  0.00108279  -0.00260029  0.00376489  0.00703251  0.00302332  -0.00384236  0.00548842  -0.0115317  0.00520859 
251 0.000813338 0.686174 0.0246115 0.0388187 0.00480968  -0.000268431  -0.0103842  -0.00705576  -0.0124847  0.000805182  0.0101023  -0.0111771  0.00372435  -0.0052477 
255 -6.74304e-05 0.115943 0.0101781 0.0263416 -0.0070946  0.000630898  0.00423921  -0.000361882  -0.00130494  0.00278133  -0.00195687  0.00168671  0.00399121  0.00164835 
258 0.000115271 0.584704 0.00624979 0.0275919 -0.000835373  0.000228553  -0.00132518  0.00376516  -0.000862217  -0.00137094  0.00413535  0.00138616  -0.000140329  0.000843857 
260 0.000153186 0.800819 0.0135764 0.0254175 0.00168841  3.43809e-05  0.00528109  -0.00215548  0.00273432  -0.00844972  0.00172623  -0.00631252  0.00346014  0.00390596 
262 -0.000101718 0.341845 0.00802228 0.0222008 -1.69168e-05  0.00147716  -0.00135394  0.00106092  0.00478517  -0.00345485  -0.00423521  -0.000136691  0.00233214  0.000993838 
263 -3.62368e-06 0.186115 0.002133 0.0243844 -0.000441903  -0.000148607  -0.000613915  7.19286e-05  -0.000292652  0.00139935  -0.000962466  0.000762159  0.000464708  -0.000428069 
264 2.67028e-05 0.547455 0.00225146 0.0244586 0.000858983  -0.000605222  -0.000711599  0.000519926  0.000824006  0.000710618  0.000390787  -0.00131833  0.000258754  0.000215802 
269 5.78728e-05 0.562314 0.00379822 0.0239065 0.00112036  -0.00176857  -0.000484511  0.0020301  -0.000657642  -0.000433163  0.00059702  -0.00144058  0.000411234  -0.00157048 
271 0.000127387 0.903681 0.0143417 0.0226638 0.00533375  0.00159738  -0.00824766  0.00507905  -0.00157718  0.00814357  0.000422452  -0.00260545  -0.00104629  0.00199907 
277 0.000107274 0.727649 0.00988346 0.0196537 -0.00236938  -0.0051025  0.000151681  -1.05506e-05  -0.00720386  0.000825483  -0.00112672  -0.0020883  -0.00126691  -0.00248948 
278 5.14644e-05 0.634562 0.00526319 0.0167033 0.000436591  0.00153737  -0.00029118  -0.00063077  -0.00204786  -5.66962e-05  -0.002387  0.00146303  -0.00305666  0.00181273 
280 -4.35916e-05 -0.0026422 0.00936193 0.0150844 0.00410858  0.00508232  0.000368742  -0.00221149  0.000178564  -0.00458121  -0.000453693  0.0014739  -0.00398324  -0.000803016 
281 -0.000196832 -0.0564719 0.0209324 0.016466 0.00115277  -0.000424994  -0.00628952  0.00120268  0.00188836  -0.000468884  0.010208  0.00193597  -0.0103635  0.0132857 
283 -0.00051895 0.0871448 0.0292792 0.0216329 0.00578516  0.0181417  0.00247559  -0.0130896  -0.00382588  -0.00690316  -0.0046883  0.00202536  0.0148031  -0.00311589 
286 -0.000417564 -0.184307 0.0338102 0.0314176 -0.0066163  -0.00476414  0.00167276  0.0174266  0.0147628  -0.0164381  0.00653109  -0.00767629  -0.0132034  -0.002472 
287 0.00039968 0.718617 0.018695 0.0374796 0.000795816  -0.0140905  -0.00535159  -0.00686016  -0.0028863  0.00230367  0.00372645  -0.000257721  0.00447276  -0.00519897 
289 -0.000282536 -0.946881 0.0404367 0.0317036 -0.0222132  -0.0019053  0.0162555  -0.0121053  -0.0211154  0.0019233  -3.69843e-05  -0.00888645  0.0137538  0.00309698 
293 -4.49652e-05 0.401544 0.0042083 0.0358845 0.00178664  0.000966685  -0.00166719  -0.00164163  -0.00147709  -0.00171093  0.000312205  0.00108374  -0.00100807  -0.00084353 
294 0.000107445 0.554751 0.00485134 0.0365056 -0.000999365  -0.00196876  -0.00152643  0.0008006  0.00204469  0.00235032  0.000975034  -0.000387768  0.000578664  0.00213287 
298 -5.76956e-05 0.486374 0.0017738 0.0350032 -0.000807037  0.000192912  0.000671158  -0.000906421  1.92469e-06  -0.000509691  -0.000419566  0.000782365  -0.000294115  -0.000226681 
304 0.000128771 0.516184 0.00288857 0.0358179 0.00129428  -4.09759e-05  -0.000409731  0.00186191  -2.19795e-07  0.000769939  -0.000846753  -0.000948812  0.00037788  -0.000824353 
308 -0.000152133 0.426294 0.0066983 0.0339729 0.00115005  -0.000249741  0.00583327  -0.000353306  -0.000918419  -0.00188023  0.000150938  -0.000162606  0.000966738  -0.00199196 
309 -6.29263e-05 0.415304 0.00461746 0.0361428 -0.000311614  0.00208691  -0.00169447  -0.00177241  0.0018318  -0.00160131  -0.00108212  0.000491683  0.00119138  0.00145056 
310 0.000604892 0.785435 0.0262782 0.0370031 0.0143617  0.00743477  0.000877916  0.00192786  -0.00322209  0.0114178  0.00236538  0.0113406  -0.00812077  0.00914445 
311 -0.000206798 0.395213 0.00931172 0.02765 0.00151546  0.00293567  -0.000654442  -0.00283709  -0.00139998  -1.08102e-05  -0.00360104  -0.0020853  -0.00675352  0.00155879 
312 -0.00010764 0.350024 0.00803629 0.0311663 0.00310244  0.00449776  0.000736376  0.00151395  0.00314843  -0.000104606  -0.00291454  -0.00181796  -0.00233685  0.00216996 
313 -3.94146e-05 0.190077 0.00699024 0.0328479 -0.00242409  0.00161064  0.00128514  0.00291005  -0.00192432  0.00223147  0.00168171  -0.00431643  0.000345896  -0.000105962 
316 7.38866e-05 0.617188 0.00588523 0.0334425 -0.00242512  -0.00247845  -0.000971132  -0.00284732  0.00213719  -0.000489873  0.000994843  -0.000253002  0.00171467  -0.00218181 
319 0.000132579 2.45598 0.0322039 0.032319 0.00291251  -0.025172  -0.0119362  0.00325926  -0.000530127  -0.00334041  0.0126002  -0.000442301  0.00742349  -0.00404629 
320 -7.08756e-06 0.326254 0.00221941 0.0301984 -0.000287614  -0.000616307  0.000142671  0.000919613  -0.00022728  -0.000736617  0.000610466  0.00128638  -0.000985313  6.80445e-05 
321 0.0003302 1.09778 0.0280963 0.0303156 0.00705822  0.010233  0.00158166  -0.00174332  0.00495633  0.0147787  -0.0126817  0.00806392  0.00404321  0.0120062 
324 -2.87755e-05 0.35573 0.00407509 0.024267 -0.000285855  -0.000972746  -0.00186501  -0.00095845  0.00017287  0.000836608  0.000967186  -0.00138633  0.00218952  -0.00167343 
327 -0.000232663 0.439462 0.00750817 0.0248528 0.00267218  0.00290684  -0.000858191  0.000497501  -1.79118e-05  -0.00192899  0.00275703  -0.00278386  0.000482306  0.00452696 
328 0.000172519 1.39767 0.0248871 0.0291608 0.000134176  0.0049684  -0.00277995  0.00211729  0.00308918  -0.00277039  -0.0221592  0.00251026  0.00348254  -0.00746847 
329 3.97096e-05 0.521967 0.00186811 0.0260356 -4.14639e-05  -0.00081042  0.000110082  0.000650387  -0.000417646  0.0009872  0.000333983  -0.00015343  -0.000811424  0.000673601 
331 0.000137616 0.572993 0.00633927 0.0252615 0.000108042  -0.00244424  0.00406159  0.00199381  0.000638295  -0.000473121  -0.000303331  0.00315794  0.000475709  -0.00167525 
332 -0.000266224 0.197711 0.0179436 0.0223726 0.00221115  0.00580712  -0.00146305  -0.000706118  -0.00949491  0.0062736  0.00567729  0.00740145  0.00218412  -0.00770882 
333 -0.000171591 0.443586 0.00622404 0.0276911 0.00114831  0.00164161  0.00159918  0.000597835  0.00187509  -4.38984e-05  -0.00318889  0.00399834  0.00107993  -0.000985157 
334 -0.000566291 0.198463 0.0261405 0.0306333 -0.00514514  -0.000740459  -0.000610238  -0.00785749  -0.00645751  -0.00386867  0.0119229  0.000240114  0.00226066  0.0197536 
338 6.37311e-05 1.31946 0.014453 0.0387924 -0.00191437  0.000570991  -0.00439314  0.00917318  -0.00575212  -0.00249807  0.00259514  -0.00452239  0.00546225  -0.00225886 
341 -4.29994e-05 0.405216 0.00403781 0.0379621 0.00153448  0.00171701  0.00188675  -0.000124778  -0.000403125  -0.000229628  -0.0017857  0.00182849  -0.000821109  -6.48302e-05 
343 1.82034e-05 6.25439 0.0204688 0.0385243 -0.00602788  0.00281442  0.00636693  -0.00373139  0.00536623  -0.00874817  0.00302383  -0.0140692  0.00258928  -0.00106656 
349 5.30855e-05 0.60816 0.00479247 0.0382873 0.000639687  -0.00317649  -0.00100315  0.00129769  -0.000320219  0.00142752  0.00252064  0.00055949  0.000838045  0.000518456 
351 -5.90884e-05 -0.238122 0.0132084 0.0375877 -0.00249545  0.00147456  -0.0067975  0.00167336  0.000335793  0.0091658  -0.000664574  0.00455208  0.00270746  -0.00210597 
