generation s h r distopt trait[0] trait[1] trait[2] trait[3] trait[4] trait[5] trait[6] trait[7] trait[8] trait[9] 
1 -2.01701e-06 0.25 0.00142021 0 0.000207081  -6.77704e-05  -0.000160499  -0.000744982  -0.000658103  -0.000519888  -5.85703e-05  0.000329694  -0.000755149  -5.49045e-05 
3 0.000648304 0.854029 0.0302966 0.0998028 0.0075962  -0.0118976  0.0057434  0.0184554  0.00910693  -0.00172785  0.00874009  -0.00905431  0.00258397  0.00969901 
4 0.00378074 0.523835 0.019154 0.145025 0.0138209  -0.00623402  -0.00575108  -0.000599787  -0.0021127  0.00493778  -0.00300997  0.0062056  -0.00483343  -0.00194566 
5 0.00562672 1.4183 0.143432 0.180544 0.0718874  0.0526776  0.0658094  0.0353893  0.00693846  -0.0300768  -0.0265431  0.0528752  -0.0110849  0.0497082 
7 0.0080517 0.531066 0.0320712 0.241419 0.0184034  -0.0064079  -0.000765933  0.00715925  -0.0141019  0.00877482  -0.00425477  -0.00977657  -0.0139971  -0.00339286 
9 0.00576458 0.550842 0.0344285 0.312859 0.00532968  0.00170841  -0.00792427  -0.00874334  0.00990975  -0.00716393  0.0227537  0.00684899  0.0163168  -0.00586123 
10 0.00199688 11.1018 0.289339 0.350582 0.103181  -0.222797  -0.0678559  -0.03611  0.0460391  -0.0427773  0.0833829  0.0188131  -0.0778865  0.014196 
11 0.0172019 0.54619 0.0574048 0.382584 0.0285388  -0.0102263  -0.00510937  0.0153899  -0.0316838  -0.00557427  -0.0202827  0.00964017  0.00741549  -0.0227831 
15 0.0045958 0.501257 0.00579364 0.519355 0.00329787  0.0039544  0.00051868  0.00106488  -0.00092006  0.000745532  0.000239541  0.000820527  -0.000372618  -0.00183799 
16 0.0407822 0.529652 0.0744076 0.558944 0.0433417  -0.010326  0.0269809  -0.0245003  -0.0179882  0.00693008  -0.00994855  -0.0284652  -0.00621905  0.0300601 
17 0.0312733 0.638066 0.132073 0.566026 0.0307036  0.0642819  -0.00896915  -0.0263807  -0.0751643  -0.0152678  -0.0306649  0.0597138  -0.0099141  0.0332394 
19 0.0197886 0.537127 0.0556858 0.627956 0.0257867  -0.0217771  -0.00505032  -0.0189798  -0.00186723  0.010375  -0.014283  -0.0123933  0.00964178  0.0318478 
21 0.0205685 0.515951 0.0388075 0.703076 0.0221459  -0.0126124  0.0135292  0.00570705  -0.00155775  -0.0225127  -0.0108386  -0.00137211  -0.00304417  -0.00173842 
22 0.0333601 0.522815 0.0594286 0.734188 0.0285724  0.00913408  -0.00180929  -0.00870387  0.0219149  0.0178932  0.00266144  0.0164056  0.00725409  0.0377312 
23 0.08423 0.512744 0.0859487 0.757255 0.0552705  0.00547116  -0.0523086  -0.00367575  0.0274985  0.0064285  -0.0225019  0.00202772  0.00050195  -0.0156369 
24 0.0308821 0.509038 0.03952 0.747834 0.0202378  0.0186663  -0.00189348  -0.000687778  -0.0134673  0.0186397  -0.00698729  0.0128651  0.00548234  0.00515579 
26 0.0147038 0.540166 0.0495071 0.820474 0.0115996  -0.0108096  -0.0356867  0.000389315  -0.000797477  -0.0006259  0.0233248  0.00305789  0.0181651  -0.00643978 
27 0.0106055 0.617151 0.0706835 0.858539 0.0152469  -0.00657057  0.0272612  -0.0313997  -0.0097813  -0.019874  0.0381599  0.0316186  -0.00209499  -0.00636012 
28 0.0316938 0.535846 0.0704109 0.899179 0.00955666  0.0413669  -0.0151631  0.0141125  -0.0269321  -0.0198714  -0.00123317  -0.039767  -0.00314678  0.0036078 
31 0.00579222 0.69138 0.0665994 1.02489 0.00438286  0.0105425  0.0273398  0.0152997  0.0300374  -0.0445753  -0.00948567  0.00545429  0.0119872  0.0130752 
36 0.0444125 0.504515 0.0415782 1.26395 0.0154512  0.0153147  0.00566456  0.0123121  0.0117779  0.00395355  0.0154928  -0.0107146  -0.0236895  -0.00119156 
40 0.0780611 0.510915 0.0781213 1.44232 0.0228636  0.031223  -0.0283341  -0.0129267  -0.0254817  -0.00949377  -0.0127139  -0.0285554  -0.0175294  -0.0401448 
41 0.126649 0.497934 0.0782396 1.46523 0.0476395  0.023755  -0.00814385  -0.02407  -0.0250496  -0.0261247  0.0183203  0.0027581  -0.0250727  -0.0189751 
42 0.0787996 0.495157 0.037508 1.42395 0.0247909  0.00836177  0.00690002  0.00431118  0.000946244  0.00583477  0.0142449  -0.00103975  0.00199694  -0.0203278 
43 0.0588182 0.503234 0.0487051 1.39707 0.0210847  0.0166335  0.0174628  0.0226721  -0.00843241  0.0040338  0.0117393  0.0167496  -0.0113089  -0.0140836 
45 0.0533326 0.510301 0.059073 1.37646 0.0199514  -0.0170293  -0.0178373  -0.0033402  -0.00701102  0.0171763  -0.0283546  -0.000416671  -0.0271963  -0.0241716 
46 0.0195016 0.589982 0.0844502 1.35745 0.00913723  0.00239553  -0.021311  0.0265471  -0.00488169  0.0468402  -0.00493258  0.0436663  0.00744347  0.0409803 
47 0.119195 0.499568 0.0783765 1.35032 0.0370128  -0.00342596  0.020451  -0.00200996  0.0188918  -0.00166204  0.0483207  -0.0345014  0.0158428  -0.0142481 
49 0.0631066 0.504859 0.0553268 1.30796 0.023128  -0.019883  -0.0152013  0.0181565  -0.00585675  -0.00916885  -0.0181724  -0.0304686  0.00729451  0.0118294 
50 0.0738254 0.517615 0.086888 1.28435 0.0251945  0.0288724  0.0167534  -0.00642547  0.0379534  -0.0326875  -0.0326715  -0.0420615  0.00588837  0.0194673 
51 0.0466816 0.514108 0.060117 1.25632 0.0197282  0.00450505  0.00330726  -0.0360911  0.0306384  0.0185255  0.00755532  0.0139363  -0.013944  0.0127833 
52 0.0600148 0.509039 0.0616785 1.23803 0.0279317  0.0229807  -0.00174  -0.00617468  0.0087763  -0.015145  0.0303823  -0.0187186  0.0132098  0.0264657 
55 0.00840828 0.510798 0.019917 1.21426 0.000825059  0.00487276  0.0079326  -0.00531121  -0.000611048  0.00337935  -0.00646351  -0.0108961  0.00569233  -0.00874235 
57 0.00710586 0.504268 0.0120814 1.21081 0.0026031  -0.00281911  0.0042966  0.00354894  -5.65209e-05  0.00198687  -0.00644137  -0.00504906  -0.00014508  0.00540595 
59 0.11321 0.519849 0.119357 1.20788 0.0444812  -0.028338  0.00424742  0.0043154  0.089863  0.0219939  0.0426924  -0.00329924  0.0227307  -0.0227683 
63 0.0191277 0.51176 0.032721 1.16264 0.00565832  0.0123356  0.0140822  0.00363443  -0.00209165  -0.00623443  -0.0124872  0.0157791  0.0029251  -0.0147735 
65 0.0432902 0.508145 0.0477307 1.15446 0.0172325  -0.00262786  -0.00369626  0.0146448  -0.0241045  0.0235024  -0.00736284  -0.00320904  -0.00812436  0.0219618 
70 0.0929713 0.536853 0.13048 1.13596 0.0381536  0.027677  -0.0352736  -0.00225198  -0.0352533  0.0529187  -0.0214883  0.0699359  -0.0217323  -0.0607106 
72 0.0652129 0.508436 0.0642314 1.09613 0.0297752  -0.0292957  0.0144713  0.0148245  0.019155  0.0331771  0.0169642  -0.00971045  -0.00975855  0.0025973 
75 0.0315172 0.625666 0.12668 1.06692 0.0245298  0.0196603  -0.0284708  -0.0508936  -0.00767946  -0.0290539  -0.0718426  -0.00492212  -0.0633988  -0.0393806 
76 0.010511 0.503586 0.0143055 1.05228 0.00434807  -0.00292371  -0.00294822  -0.00156657  -0.00528724  0.00995084  -0.0027076  0.00237873  0.00486644  -0.00154975 
77 0.0202896 0.51645 0.0390277 1.0473 0.00857462  0.0204255  0.000376353  0.0154522  -0.00209948  -0.020552  0.018086  -0.0034226  0.00527807  -0.000240916 
78 0.0173178 0.507144 0.0252584 1.03767 0.0056399  0.00250181  0.00280539  0.000776497  -0.0101269  0.0148632  -0.00304701  -0.0114465  0.00490546  -0.0101788 
82 0.056429 0.507686 0.0565103 1.02936 0.0195001  -0.00639996  0.0161966  0.00468884  0.0110273  0.0137246  -0.0164026  -0.0312611  0.0280821  0.0119589 
84 0.0271431 0.507188 0.0335931 1.00234 0.0128433  -0.00370248  0.00561848  0.00316709  0.00226671  0.0186046  0.0141149  0.0172592  0.00715404  -0.00294617 
85 0.0933733 0.50282 0.0706339 0.988892 0.0517148  -0.00846842  0.000527174  0.00832398  0.0192825  -0.0259114  -0.00990152  -9.80557e-06  -0.0213543  0.0240037 
93 0.0523573 0.50397 0.0459577 0.942676 0.0271938  0.00732296  0.0179742  0.0108351  -0.012326  0.00939126  -0.00255192  0.00818387  0.00487188  0.0232629 
94 0.00796312 0.508026 0.0169141 0.915208 0.00434661  0.001324  0.00559261  -0.00349882  0.00687071  -0.011269  0.00056917  0.004586  0.00503433  0.00101246 
96 0.0343334 0.501868 0.0286704 0.910865 0.0197054  0.0054915  -0.0145715  0.00405054  -0.00366687  0.00266844  -0.0113104  -0.00441931  -0.0021781  -0.00142618 
101 0.0040249 0.500431 0.00387298 0.892142 0.00220112  0.00127703  -0.000161732  0.00161559  -0.00106126  -0.000862658  -0.00129638  3.24274e-05  0.00104151  0.00111854 
102 0.0131218 0.716473 0.10657 0.889888 0.0299064  0.018224  0.0346033  -0.00860502  0.0045694  -0.00681199  -0.0383302  0.0523688  -0.0675716  0.00377679 
103 0.13889 0.51438 0.126152 0.882533 0.0935311  -0.0276464  0.0421076  -0.00705445  0.0159195  -0.00552289  0.0284818  -0.021716  -0.052045  -0.0174237 
106 0.00944232 0.503964 0.0138988 0.805487 0.00633053  -0.00313147  -0.00236908  0.00748308  0.00187437  -0.00147837  0.00681455  0.00395935  0.000911751  0.00361129 
108 0.0437083 0.509289 0.0500391 0.799632 0.0281392  -0.027252  -0.0166411  0.0106738  0.00563716  -0.00821834  0.0175542  0.00947148  0.00867654  0.00246996 
109 0.00646927 0.502969 0.00986819 0.772419 0.00347449  0.0011604  0.000894524  -0.00219673  0.0041278  -0.003423  -0.00493971  0.00022333  0.00492772  0.000920831 
111 0.0159984 0.567447 0.0663746 0.768234 0.0195045  -0.0152696  -0.0161616  0.0201325  -0.0356891  -0.00745966  -0.0198474  0.0324259  -0.00411051  0.018272 
112 0.00615466 0.511772 0.0175422 0.757834 0.00325872  -0.00515987  0.00326228  -0.00757034  0.00751788  0.0100558  -0.00298563  -0.00156974  0.00388133  0.00429546 
113 0.0287599 0.529274 0.0609961 0.753774 0.0243232  -0.0185545  0.0389959  -0.015486  -0.0237627  0.00296755  0.0126087  -0.00981291  -0.00599983  0.0126255 
114 0.0113795 0.505165 0.0172566 0.734726 0.00784426  0.00174238  -0.00721979  0.0096098  -0.00863091  0.00339031  0.000362282  0.00135457  -0.000439273  -0.000776229 
115 0.0756323 0.524245 0.0985822 0.726985 0.0476607  0.00213055  -0.0422758  -0.00427485  0.0221247  0.0394151  -0.000587296  0.021458  0.0495338  0.0260658 
116 0.0183897 0.507986 0.027351 0.67498 0.0155847  0.00059662  0.0162418  -0.00508335  0.000746032  0.00347377  -0.0107561  -0.00259242  -0.00564079  -0.00695326 
117 0.0245996 0.635769 0.116064 0.661343 0.00322266  0.0208743  0.0519021  -0.0168482  -0.0724496  0.0376406  -0.0139426  -0.0373433  0.042304  0.00162151 
119 0.0292715 0.505788 0.0329253 0.642708 0.0229047  0.00587074  -0.000296168  -0.00836285  0.0100215  -0.0149912  -0.0030806  -0.00897022  0.00236057  0.00585368 
120 0.0138378 0.515603 0.030855 0.619856 0.0116663  0.00396989  0.00244935  -0.009849  -0.0136729  -0.000805864  0.0104763  -0.0197402  -0.00237301  0.00212298 
122 0.00702314 0.505243 0.0130868 0.60867 0.00639803  -0.00199503  -0.0067252  -0.00752609  0.000379738  0.000261588  -0.0023053  -0.00406901  -0.00100949  -0.00117276 
123 0.013967 0.622664 0.0830415 0.602893 0.00738787  -0.00940609  0.0451838  0.0353937  0.0186482  -0.0319586  -0.00890689  -0.042669  -0.00367867  -0.0132639 
125 0.0161002 0.566738 0.0662492 0.591278 0.0219132  -0.00421137  -0.0224985  -0.0462317  -0.00593426  0.0197918  -0.0107108  -0.0238434  -0.0117061  -0.000528561 
126 0.0173804 0.510451 0.0294737 0.577614 0.0107963  0.00209249  -0.00683426  -0.0076804  0.00340839  0.0039069  0.0216614  -0.000614006  0.00629484  -0.010294 
129 0.0320339 0.688611 0.155607 0.562501 0.0399905  0.094684  -0.0143281  -0.0359755  -0.0782903  -0.0378325  0.030877  4.09029e-05  0.0544545  0.0258896 
130 0.0194357 0.52908 0.0492307 0.533737 0.0279006  -0.0110214  0.0182752  0.021055  -0.000754797  -0.000112716  -0.00709439  -0.00759538  -0.0153837  0.0200297 
131 0.0199923 0.533303 0.053216 0.515389 0.0271461  -0.0027555  -0.0263195  -0.00942501  0.0111708  0.0137831  0.00883396  0.00425655  0.00854712  0.0286691 
132 0.0215955 0.573545 0.0806749 0.495814 0.0316419  0.0364636  0.0280158  -0.00465449  0.0335843  0.00962321  0.00649689  -0.0413043  0.01627  0.0117305 
133 0.0626902 0.655129 0.198468 0.473778 0.0731248  -0.0152016  0.0271228  0.0911635  0.0121503  -0.138564  0.0519972  0.0225418  0.0333199  -0.0330892 
134 0.0152594 0.571325 0.0665798 0.404552 -0.0017675  -0.0131166  -0.0188373  -0.0152825  0.0120966  0.0118884  -0.0240073  0.0358911  0.0387829  -0.00360669 
143 0.0188692 0.638038 0.102385 0.38538 0.0086885  -0.0679635  0.0282682  0.00802177  0.0333819  0.00304747  -0.0170758  -0.0431932  0.0218919  -0.0341272 
144 0.00676477 0.702028 0.0739411 0.360312 0.00833489  0.0146693  -0.0250821  0.0269976  0.0564776  -0.0122861  -0.0159842  0.00105195  0.0150395  0.00108793 
146 0.00725298 0.512874 0.0199564 0.350831 0.0124285  0.00542168  -0.00642724  -0.0107154  -0.00341318  0.00285624  0.00110359  0.000885874  -0.000106016  0.00603703 
147 0.0183044 0.568042 0.0714011 0.340376 0.041739  -0.0335428  0.014534  0.0195147  0.0217598  0.00642545  0.0158933  0.000474939  -0.0278894  -0.00966331 
148 0.00791713 0.637578 0.0660943 0.312597 0.0282961  0.010169  -0.00857303  0.000441165  -0.0113119  -0.0383632  -0.0387469  -0.00117383  -0.00413795  -0.016467 
149 0.0119187 0.52432 0.0349656 0.299718 0.0217355  0.0027371  -0.00573797  -0.00785727  0.00217316  0.00346764  0.00687245  0.0225871  0.00800369  -0.00312954 
150 0.0199204 0.698925 0.125929 0.279254 0.0442849  0.0908565  0.0186986  -0.00293738  0.0162923  0.0228221  0.010445  -0.0131443  0.0333013  -0.0557378 
151 0.00201326 0.579514 0.025331 0.241367 0.00300488  0.00739232  -0.0143705  0.0153001  -0.00219385  -0.00259888  -0.00109201  0.00881177  0.00624145  -0.00283126 
152 0.00438788 0.587294 0.0392184 0.237164 0.0207771  -0.0120165  -0.00857664  -0.0034201  0.00219384  -0.00807909  0.0178376  0.00918633  0.0177772  0.00938403 
153 0.00820182 0.897236 0.11398 0.227747 0.0300517  0.0268416  -0.0238735  -0.00612062  -0.00285443  0.0463724  -0.0478937  0.0368861  -0.0680669  0.0177296 
155 0.0206935 0.590442 0.0872497 0.209046 0.0542958  -0.0268437  0.0144024  -0.00611911  -0.00468839  0.0157316  0.00999085  -0.0265396  0.014192  -0.0492339 
156 0.00895773 0.822923 0.107435 0.152374 0.0535349  -0.00161992  -0.0607994  -0.0046581  -0.0346167  0.028487  0.0505597  -0.00022699  -0.0151001  0.0126968 
158 0.000783186 0.775799 0.0293919 0.119583 0.00613068  -0.0135592  0.00814969  -0.00696763  -0.00779616  0.00680272  0.0182727  0.00657483  0.00528851  0.00391608 
160 0.00685316 0.633469 0.0605632 0.116263 -0.0368324  -0.0170757  -0.00997974  0.00881698  -0.00795341  0.0202169  0.00383236  -0.0306287  0.0136701  -0.015189 
162 0.00078266 0.528402 0.00944392 0.0817761 -0.00163719  5.55156e-05  0.00191433  0.00290487  -0.00175494  0.00758144  -0.00237871  0.00159725  0.000494213  -0.00232156 
165 4.21767e-05 2.77816 0.019604 0.0768439 0.00408916  -0.0112953  0.00569613  0.00463343  -0.00361543  0.00346959  0.010085  0.00223138  -0.00151553  -0.00721142 
168 0.00013486 0.609199 0.00767533 0.076569 0.0036638  0.00278863  0.00111926  -0.00217962  0.00291556  0.002522  -0.000505906  0.00205524  0.00345865  -0.00063576 
169 0.000726683 0.689157 0.023449 0.0756832 -0.00533191  0.00236763  -0.0117919  -0.00885696  -0.00166801  0.00785412  -0.00817028  0.00147085  0.0069932  0.0107719 
172 0.000306398 0.617238 0.0119879 0.0707215 0.00204702  -0.000246918  0.00258805  0.000701284  0.00112502  0.0104178  -0.000823319  -0.00448443  0.000761463  -0.00105017 
175 0.00016445 0.617375 0.00878726 0.0685214 -0.00199359  -0.000127188  0.00508664  0.00265416  -0.00460152  -0.000898949  0.00108551  0.00313999  0.00269241  -0.000194589 
176 -0.000460131 -2.90328 0.079123 0.0673108 0.00481215  -0.0209921  0.00983496  0.0518102  -0.019981  -0.0136969  -0.0075028  -0.00591522  0.00865876  -0.0475657 
180 0.00385573 0.837713 0.0721285 0.0706469 -0.00185228  -0.0220579  0.00842697  -0.0228198  0.00338349  0.0185095  -0.0362077  0.00769808  0.0216988  0.043882 
181 0.000284736 0.61354 0.0113726 0.0338034 0.00326694  -0.0025615  0.000884831  -0.00263546  0.00725312  -0.00183938  -0.00342498  -0.00555748  -0.00137095  -0.00197136 
183 -6.42647e-05 0.1658 0.00926892 0.0292912 -0.000774516  -0.000606034  -0.0041127  -0.000370087  9.72989e-05  0.00422614  0.00407629  -0.00236951  0.00522326  -0.0007153 
184 0.00015735 1.11276 0.0196376 0.0303685 0.00238186  0.000237141  -0.00494182  2.35082e-05  -0.00792934  -0.00565262  0.00529239  0.000663678  -0.0152129  -0.000879323 
185 -0.00011987 0.331932 0.00897754 0.0276569 0.00491212  -0.000206032  -7.05422e-05  0.000549017  0.00233735  0.00169284  0.00219141  0.00195963  -0.00599838  -0.00177949 
187 -0.00100838 -0.216979 0.0537853 0.0297453 0.00942588  0.00116909  -0.0156293  -0.0124237  -0.00189648  -0.0369391  -0.0298038  0.00354125  -0.00186992  -0.0114727 
188 -5.00607e-05 0.164486 0.00819674 0.0435163 0.00288987  -0.0019435  -0.0025917  0.00220037  -9.99868e-05  -4.98784e-05  0.00525491  0.00309802  0.00124776  0.00217215 
189 5.45459e-05 0.546361 0.00318063 0.0440877 2.2974e-05  -0.000800285  0.000780634  -0.00160661  0.00159462  0.000613854  0.000379731  -0.000824537  -0.00157499  0.000246085 
192 0.000409497 0.534288 0.00749904 0.0434648 -0.00142824  0.00410505  -0.00106149  0.00126786  0.00165072  0.00326842  0.00225902  6.66045e-05  8.64423e-05  0.00401092 
193 0.000410907 1.05136 0.0301002 0.0384678 -0.017754  0.00237953  -0.00701865  -0.00566723  -0.00366838  0.0088728  0.00592877  0.00379692  0.0181713  -0.00564191 
196 0.000276719 0.794862 0.0180653 0.0326948 -0.00837412  0.000170914  0.00819397  0.00195936  0.00785085  0.00943073  -0.00380539  0.00388601  0.00111656  -0.00195367 
199 -8.42105e-05 -0.703729 0.0201362 0.0281473 0.00244125  2.5452e-05  0.00364497  0.00716919  0.00466046  0.00853072  0.00988606  -9.29646e-05  0.0111664  0.00423061 
202 -6.94081e-06 0.493872 0.00041249 0.0296055 3.07338e-06  3.16994e-05  -0.000341612  -9.79928e-05  2.26153e-06  -8.53637e-05  -0.000129015  0.000119279  6.12293e-05  -3.0308e-05 
205 2.85816e-05 0.511851 0.00116418 0.0297224 3.82111e-05  0.000540827  0.000116477  3.42285e-05  0.00053754  -6.25812e-05  -0.000721166  -0.000453536  -1.29471e-06  -0.000167284 
206 0.000409391 0.709536 0.0185237 0.0292377 0.00101569  0.00204572  0.00723313  -0.0055896  -0.00745525  0.00113891  0.00166919  -0.00651331  -0.0105639  -0.00637699 
209 1.84349e-05 0.799833 0.00470207 0.0211077 0.00108493  -0.00167785  -0.001406  -0.000108735  0.0011181  0.00244199  0.000575452  -0.00235604  0.00152558  0.000840025 
212 -0.000354224 -0.294706 0.0335577 0.0206664 0.00671328  0.00410479  -0.0189467  -0.00462045  -0.00206569  -0.00785778  -0.0157412  -0.0118601  0.00381873  0.0146573 
213 -6.44423e-05 0.0228995 0.0110899 0.0279533 0.000404328  0.000541049  0.00149792  -0.00430732  -0.00714715  0.00338399  0.00207726  0.00123147  -0.000325748  -0.00576734 
215 -0.000352246 0.331513 0.0154108 0.0290832 0.000417582  -0.00115355  -0.00564119  0.0051693  0.00572986  -0.000589691  -0.00889271  0.00633003  0.00314086  0.00390506 
217 -5.07011e-05 0.47121 0.00241664 0.0346142 -0.000168239  0.000536797  -0.000592697  0.00143218  -0.000262387  3.85397e-05  -0.000552856  -0.000621708  0.000811824  -0.00130373 
221 -4.00609e-05 -2.49164 0.0218946 0.035339 -3.86785e-05  0.0173283  0.00264157  0.00526518  0.000691907  -0.00253782  0.000609841  0.0023928  -0.00236744  -0.0112151 
223 1.18445e-05 16.9926 0.0279518 0.0359013 -0.00508214  -0.000795258  0.010412  0.0138661  -0.000886846  -0.0100636  -0.00233757  -0.000386666  -0.0186123  -0.000272573 
224 0.000225806 0.661761 0.0120877 0.035736 -0.00156076  0.00078826  0.00532159  -0.000604203  0.000527525  0.00505619  0.00455593  -0.00612294  0.000925414  -0.00542447 
225 -0.000575887 0.206121 0.0260244 0.0324234 -0.0176645  -0.00810095  -0.00789515  0.00298177  -0.00387082  0.013168  0.00123162  -0.00587041  0.00117713  0.00162496 
227 5.93823e-05 1.51319 0.0155129 0.0403402 0.00131221  9.83787e-05  -0.00597608  0.00521684  0.00845506  0.000116225  0.00579242  0.00375228  -0.0045788  0.00599088 
228 0.000149533 0.53201 0.00437672 0.0395974 0.00200554  8.548e-05  0.00299326  0.000284435  0.000869296  0.00184668  0.000100612  -0.00113368  -0.00041012  0.00067538 
230 0.00010516 5.02083 0.0436015 0.037662 0.0235776  -0.0115389  0.0203419  -0.00164889  0.0200574  0.00653419  0.0102219  -0.00968342  0.0123301  0.0004938 
231 0.000118577 0.811196 0.012149 0.0362391 0.00412261  0.00303605  -0.00263565  -0.00234411  -0.00681464  0.00290059  0.000588475  0.00302517  0.0046261  -0.00481577 
232 0.000347476 0.569887 0.0098579 0.0345645 -0.0021159  -0.00103255  -0.00589233  -0.00282458  -0.00413631  -0.00463793  -0.00209808  -0.000151678  0.000768247  0.00230274 
237 -0.000167358 0.255856 0.0127852 0.0291082 -0.00379386  -0.00311749  0.00205327  2.44049e-05  -0.0034526  0.00710338  -0.00702749  0.0046257  0.000681131  -0.00122795 
238 6.95325e-05 0.568318 0.00435923 0.0318537 0.000455862  0.00149695  0.00129865  6.57901e-05  0.00148107  -0.00109969  0.00255497  -0.000491201  0.000999791  0.00192141 
239 0.000368556 0.983064 0.0266837 0.030743 -0.011533  0.0045725  0.000829782  -0.00770849  -0.00640627  -0.011606  0.0119118  0.010455  -0.0048706  -0.00687968 
241 0.000379246 0.759836 0.0198531 0.0240134 0.00526931  -0.00246529  -0.00496405  -0.00334679  0.00677718  -0.000192903  -0.0126267  -0.00270535  -0.00271698  0.0102156 
242 -0.000120544 0.251191 0.0109537 0.0140523 -0.00199797  -3.18725e-05  0.00515226  9.90925e-05  0.00511909  -0.00326505  -0.0016784  -0.00506085  -0.00297332  -0.0039114 
245 -0.000482162 0.416281 0.0127129 0.0178331 -0.00680194  0.00450012  0.000695539  0.00302492  0.00301457  0.0033319  3.52905e-05  -0.0038383  0.00229295  -0.00672943 
247 -0.000353503 0.281679 0.0175731 0.0282895 0.00337555  0.00230075  0.00517325  0.00923351  0.00357469  -0.0114269  -0.00502575  0.00129865  0.0015898  0.00269839 
248 0.000223566 0.574086 0.00814058 0.0339686 0.00163347  0.00197164  -0.00127796  -0.00240464  0.00262881  0.00286138  0.00180092  0.00261153  -0.00391426  0.00343729 
257 -1.2599e-05 0.49083 0.000679846 0.0305012 0.000192293  0.000297883  -0.00029359  0.000161711  0.000343726  0.000252726  8.21294e-06  0.000180147  -6.01443e-05  -7.7325e-05 
261 6.82865e-05 1.84149 0.0191414 0.030707 0.00126576  -0.00892741  -0.00290285  0.00419191  -0.00459608  -0.00855826  0.0105043  0.00681896  -0.00241132  0.00144069 
264 -8.70483e-05 -0.00996698 0.0133257 0.0295743 0.00438096  -0.00253683  0.00240784  -0.00286508  0.000117802  0.00426424  0.000420858  0.0055154  -0.00478156  -0.00814139 
268 0.000226928 0.764862 0.0155052 0.0310111 0.0079899  4.13719e-05  -0.00466196  0.00257304  -0.00116269  0.0035067  -0.00274993  -0.00198673  0.00542059  0.00967856 
270 2.37e-05 0.711774 0.00448064 0.027107 0.00243032  -0.00106233  0.000679871  -0.000881843  -0.000489514  -0.00115044  -0.000727965  -0.00205413  0.000863354  0.00217794 
272 0.000149944 0.865952 0.0148148 0.0266662 0.00386253  0.0037217  0.00476989  -0.00762448  0.000192346  0.00106816  0.000925631  -0.00109034  -0.00483793  0.00912112 
274 -0.000837689 0.328544 0.0239804 0.0236887 0.00771052  -0.00261644  0.0135453  0.00178985  -0.00250242  0.00898348  0.0127519  0.00641613  0.00559197  0.000260847 
276 0.00023092 0.589629 0.00909974 0.0374058 0.00034893  0.00203503  -0.00322414  -0.00176806  0.00106847  -0.002974  -0.00575235  -0.00167724  0.00365907  0.00239649 
280 -0.000142981 -0.309869 0.0215221 0.0341804 0.00422575  -0.000127563  0.000428437  -0.0162599  -0.00254125  -0.00370876  -0.00168194  -0.00200068  0.00946719  -0.00800535 
281 6.01337e-05 1.50786 0.0155696 0.0362118 -0.0112726  0.00433415  0.00156648  -0.00471325  -0.00128526  0.00408107  -0.00024813  0.00448263  0.00564241  -0.00126001 
282 -0.000236243 0.446921 0.00708459 0.0353717 -0.000267853  -0.00273986  0.00122237  0.000439183  0.00194314  -0.000562265  -0.0023663  0.00543261  0.00107754  0.000748419 
283 5.89684e-05 0.578 0.00428944 0.0385672 0.00243821  0.00201166  -0.00125814  0.00150726  -0.000392753  0.00154228  -1.1461e-05  -0.00105845  -0.000481834  -0.00081697 
284 0.000352585 0.600197 0.0118889 0.037795 0.0013593  -0.00349912  -0.00649188  0.00199198  0.00233052  -0.0027787  0.00133789  -0.00786901  -0.00165618  0.00123924 
285 -2.91687e-05 -0.0129848 0.00773649 0.0328016 0.002577  0.000367218  0.00105062  0.00138539  -0.00109129  0.00348992  -0.00149478  0.0039687  -0.00355835  -0.00245705 
286 2.66185e-05 10.1592 0.0320673 0.0332432 -0.0131579  -0.00872733  7.89003e-05  -0.00525161  0.00822284  -0.0030899  -0.00756922  -0.0187012  -0.01302  -0.0098852 
293 -0.000166622 0.467212 0.00467638 0.0328404 0.00167905  -0.00261598  0.00183585  -0.000993311  0.000775662  -0.000185562  0.000827736  -0.0011369  -0.0019331  0.00122406 
294 4.22651e-05 0.707794 0.00592704 0.0352864 0.00207805  -0.00077804  0.00055643  0.000905044  -0.00274593  -0.000460381  -0.000766286  0.00365283  -0.00175825  -0.00207449 
295 -4.8578e-05 0.449271 0.00313986 0.0346823 0.000741985  0.00114227  0.00110473  -0.000739114  -0.00108001  0.000608878  0.000508511  -0.00160513  0.000434085  -0.00129462 
296 0.00037115 0.66332 0.0155718 0.0353757 0.000589182  0.00504202  -0.00713762  -0.00492252  -0.000275294  0.000382469  -7.42364e-05  0.000374384  0.00280353  0.0115459 
297 -6.55877e-05 0.430704 0.00426411 0.0296709 0.00108792  -0.00278398  0.00054766  -0.00112694  -0.00218799  0.00052567  -0.000652042  0.000180949  -0.00139414  0.00046207 
299 -2.18053e-05 0.112779 0.00581157 0.0307563 -0.00289647  0.00157339  0.0027847  -0.000130025  -0.000439233  -0.000692206  -0.0023649  -0.000802107  0.00273277  -0.000872643 
303 0.000231212 0.735025 0.0147431 0.0311088 -0.00591731  -0.00465793  -0.00124574  0.0112653  0.00124059  0.00276087  0.000613683  0.00358144  -0.00231511  -0.00211288 
308 -0.000139251 0.4447 0.00555103 0.0271399 0.000115987  0.00170923  0.00306113  -0.000138441  0.00191009  0.0021973  0.00146945  -0.00223212  0.000482995  -0.00162415 
309 0.000374077 0.813294 0.0216504 0.0295945 -0.0123519  0.00974746  -0.00725899  0.0084758  -0.00355653  0.00629061  0.00285681  0.00510612  -0.00113244  0.00298151 
311 1.7104e-07 112.399 0.00874962 0.0224014 -0.00266171  -0.00231793  -0.00344136  -0.00242296  0.000447552  -0.00449343  -0.00321163  -0.00334205  0.001804  0.00112028 
312 -0.000453402 0.425696 0.0116142 0.0223976 -0.00229658  -0.00477872  0.00316313  -0.00286018  0.00621054  0.0048642  0.00411114  -0.00134231  -0.00255665  -0.00105942 
313 -8.44221e-05 0.460672 0.00364483 0.0309056 -0.00130735  0.000677343  0.00164341  -0.00176113  9.01714e-05  4.07941e-05  -0.00157233  -0.00124965  -0.000955479  0.000598226 
317 -0.000400152 0.38047 0.013836 0.0322426 0.00277855  0.00322329  0.00554848  0.00527138  0.00107496  0.00714621  -0.000852219  -0.0022606  -0.00547629  -0.00516738 
319 5.23265e-05 1.40437 0.013758 0.0379449 0.00036472  0.00319408  -0.00132523  -0.00729303  -0.00617919  0.00104392  0.000773282  0.00411771  -0.00573615  -0.00585436 
322 3.7984e-06 0.501382 0.000144922 0.037249 4.80693e-05  -4.23697e-05  3.4083e-05  -7.60656e-05  -1.35114e-05  -9.45181e-05  -1.5633e-07  -2.27497e-05  7.53933e-06  1.60725e-05 
324 0.000165408 0.608289 0.00846489 0.037198 0.00336345  0.00243707  -0.00107978  0.00337083  0.000404116  -0.00321591  0.00310458  -0.00410191  0.00100786  -0.00197197 
325 5.08471e-05 0.518038 0.00191571 0.0349041 -8.12309e-06  -0.000521912  0.000120016  0.000502249  -0.000311877  -1.4716e-05  -0.000254083  -0.000137017  -0.000298358  0.00169145 
326 2.75045e-05 0.507732 0.000922536 0.034168 0.00030065  0.000331624  -0.000235865  -0.000265436  8.28391e-05  -0.000340323  -0.000270896  0.000107658  -0.000336537  0.000451339 
328 3.69283e-06 0.601842 0.00122652 0.0337631 -0.000439244  0.000340652  -1.54608e-05  0.000743938  -0.000565314  0.000212749  -2.54817e-05  -0.000329398  -0.000230608  0.000338394 
329 7.77869e-06 0.505203 0.000402383 0.0337084 -0.000197746  -8.16753e-05  -0.000231071  8.46993e-05  0.000131008  -8.87444e-05  5.61916e-05  8.55589e-05  2.51914e-05  0.000139353 
333 -1.45461e-05 0.263211 0.00371182 0.0335928 0.00147607  -0.00239982  0.000365673  0.000538834  -0.0003306  -0.0014154  -0.000179947  -0.0010946  -0.000701017  -0.00125737 
335 0.000277011 1.94571 0.0400175 0.0338086 0.000950244  -0.00812903  -0.0102469  -0.013736  -0.0163667  0.00150265  -0.00231361  0.0123675  0.0225408  0.017442 
336 0.000112294 4.32263 0.0414316 0.0294287 0.00722659  0.00947036  0.0143653  0.0151645  0.0110199  -0.0135648  0.000450469  0.0100047  -0.0253753  -0.00941845 
339 -0.000179132 -0.0609501 0.0200491 0.0274547 0.005176  0.00524758  -0.00906721  -0.00629451  -0.0114055  0.0012953  -0.00082501  0.00888221  -0.00295819  0.00239098 
340 -6.47784e-05 0.288182 0.00740867 0.0305436 0.000740055  0.00255467  0.00231993  0.000761876  0.00479747  -0.000837519  -0.000844927  0.00259168  0.00258943  0.0019997 
342 -0.000341054 -0.0965664 0.02853 0.0315863 -0.002297  0.0104823  0.0066529  0.00230081  -0.00592354  0.00700737  0.0200779  -0.00914005  0.000629355  0.00883166 
346 -0.00056445 0.156414 0.0278577 0.0365897 0.00845949  0.00928959  -0.0139847  0.00323284  -0.00402179  -0.00947655  0.014885  -0.00638492  0.00554004  -0.00362875 
349 8.81107e-06 10.4835 0.0187575 0.0436281 -0.00323062  -0.00572951  -0.00919663  -0.00638211  0.00388009  0.0086083  0.00141048  0.000266879  -0.00191992  -0.00940022 
350 -1.67766e-05 0.497531 0.000407196 0.043527 6.50512e-05  5.90976e-05  0.000170223  -8.32121e-05  0.000133273  9.24513e-05  0.000193205  1.46869e-05  7.95333e-05  -0.000228049 
354 0.000341933 0.716488 0.0172074 0.0437193 0.0028579  -0.00567641  0.0050722  -0.0063839  0.00756549  0.00153005  -0.00569042  0.00463061  0.00185708  0.00850727 
356 3.57686e-05 9.72953 0.0363355 0.039617 -0.00629702  -0.00566832  0.00611154  0.00107756  -0.0301755  -0.010393  -0.00884353  0.00401446  0.00975931  -0.00135427 
358 7.6968e-06 2.00399 0.00680464 0.0391629 -0.00212324  -0.00175793  0.00109005  0.000974999  0.00319718  -0.00110003  0.000947006  0.004867  8.61199e-05  0.000736177 
360 5.12094e-05 0.511164 0.00151263 0.0390646 -0.000128277  0.000893554  7.1315e-05  0.000246224  0.000134332  0.000475998  -0.000272482  -0.00103959  2.29945e-06  8.85537e-05 
362 -0.000604592 0.260341 0.0240811 0.0384035 -0.00125936  -0.000418802  0.00192757  -0.00482751  0.0114198  -0.01554  0.0105886  0.00329436  0.0049639  -0.00562152 
363 0.000454908 0.676113 0.0179019 0.0456027 -0.0095999  0.000735963  0.00746572  0.00802048  -0.00387348  0.00140572  -0.00838515  -0.00423972  0.000919216  -0.00126562 
365 0.0001394 0.619731 0.00817108 0.0403088 0.00265399  0.00298463  -0.00153117  0.00125039  -0.00201519  0.000754746  0.000295967  -0.00442744  0.00114347  0.00461289 
366 -4.59344e-05 0.485123 0.00165366 0.038541 4.04191e-05  -0.0011109  5.86524e-05  0.000149668  -0.000235583  -0.000824101  0.000316986  0.000742329  0.00027349  0.00010986 
367 -1.14125e-05 0.389388 0.00224712 0.0391324 -0.000973485  0.000199868  0.00131051  0.000693543  0.000748094  -5.0641e-05  -5.63427e-06  0.000134129  -0.000706089  -0.000885835 
369 -1.04906e-05 0.444317 0.00152861 0.039278 -0.000327204  0.000489789  -1.11477e-05  -0.000290512  -0.000484836  -0.000303231  -0.00101542  -7.192e-05  0.000700432  -0.00022651 
372 -9.24229e-05 0.472709 0.00317711 0.0394113 0.000715662  0.0011782  0.00134477  -0.0010652  9.2058e-05  -0.00164036  0.000701606  -0.00125405  -0.000687887  -0.000115433 
374 0.000260518 1.11872 0.0253899 0.0405669 -0.000415009  -0.00653744  -0.00655886  0.00805696  -0.00467803  0.0202495  -0.00130523  0.00145809  0.00154238  0.00746113 
377 -0.000386175 0.211481 0.0211142 0.0372182 -0.00992017  -0.00624497  0.0101148  -0.0115167  0.00501701  -0.000223383  0.000766331  0.00137492  -0.00608703  0.00295111 
378 0.000489244 0.664805 0.0179596 0.0420885 0.00559357  0.00872947  0.00288269  0.00234066  0.006691  -0.00431048  -0.00599131  -0.00783679  1.48936e-05  0.00637229 
382 0.000160684 0.918181 0.016394 0.0358095 -0.00543678  -0.00448225  -0.00594485  0.00844767  0.0013235  0.00826734  -0.00158442  0.00188322  -0.00597787  -0.000719132 
384 -2.58574e-05 0.411028 0.00303361 0.033491 0.000420407  0.000744404  -0.000632349  6.21716e-05  -0.00053693  0.00255565  0.000581127  -1.79306e-05  -3.10165e-05  -0.00095371 
385 -0.000637394 -0.280268 0.044606 0.0338748 -0.00059471  0.00648374  -0.0225319  -0.0167073  -0.0115231  -0.0113202  -0.0246015  -0.011081  0.00766144  0.0106221 
386 0.000461691 0.632166 0.0156244 0.0422505 0.00949491  -0.00243545  0.00187463  -0.00164732  0.00574003  -0.00143365  -0.00260933  0.00236007  0.00749361  -0.00618658 
387 -5.51849e-05 -4.18978 0.0321732 0.0363802 -0.00635734  -0.0070132  -0.0171846  0.00776838  0.00764637  -0.00526075  0.0184189  0.00569502  0.00757246  -0.00864191 
388 -0.000123441 0.459437 0.00447631 0.0371309 0.00135715  -0.000297367  -0.00122753  0.000225133  -0.00129724  -0.00109207  0.00250974  0.00262253  -0.000502838  0.000494782 
390 0.000128182 0.536082 0.00430199 0.0387576 0.000540039  -0.00156408  0.0013299  0.00134451  -0.000942353  -0.00213161  -0.00034815  0.000641574  -0.00228897  -0.000994391 
392 2.72011e-05 0.584134 0.00302562 0.0370672 0.000845685  0.00018879  0.00114188  0.000356598  -0.000769362  -0.00100423  2.03299e-05  0.00191776  -0.000756547  -0.00105902 
394 -0.000173774 -0.107173 0.0205444 0.0366985 -0.00260312  -0.00555182  0.010441  0.00927688  -0.0106236  0.00463379  0.0072445  0.00151079  -0.000110085  0.00053677 
395 -0.000197286 0.287163 0.0129611 0.0389944 0.00118253  4.35324e-05  0.00291558  0.00496903  -0.00763916  0.000317985  -0.00480995  0.00273154  -0.00300269  -0.00594373 
398 -4.43859e-06 -10.2395 0.0138083 0.0414472 -0.00285394  0.00241549  -0.00198333  -0.0015323  0.00165437  -0.00763975  -0.00586804  -0.00694528  0.00510104  -0.000783222 
401 2.53645e-05 0.619722 0.00348525 0.0415007 -0.00152967  -0.000608249  0.000882178  0.00134863  0.00148522  0.000563193  0.000187896  0.00021917  0.000379405  -0.0020223 
404 -0.000366302 0.310381 0.0166715 0.041194 0.0010356  0.00435841  0.00482842  0.0045879  0.00696133  -0.00320684  -0.00121472  0.00823036  0.00829008  0.00410188 
405 0.00011403 0.671482 0.00884407 0.0454237 -0.000909207  -0.000104402  0.00403869  0.00440564  0.00197834  -0.00145489  0.000450335  -0.00390037  -0.00151672  -0.00423235 
406 0.000286729 0.530075 0.00587617 0.0441508 0.00101588  -0.0031239  0.000692483  -0.00162286  0.00205098  0.00307015  0.00177543  -0.00126864  -0.000601387  0.00136741 
409 0.000226152 0.64229 0.0113457 0.040775 0.000623231  0.00181898  -0.000406201  -0.0030892  0.00439853  0.00148203  0.00584276  -0.00564734  0.00116272  0.00513756 
410 0.000304245 0.71885 0.0163197 0.0379009 0.00922161  0.00237995  -0.0039915  -0.00148249  0.00259525  -0.0046936  0.00545255  -0.00779534  -0.00571808  -0.00235398 
411 -8.40718e-05 0.428689 0.0048975 0.0336493 -0.00124837  0.000663012  0.00159539  -0.000647994  0.000206291  -0.0019673  0.000472359  0.00306652  -0.000509693  0.00228538 
413 -0.0018071 -0.133266 0.0676805 0.0348763 0.00823582  -0.00251731  -0.00815933  0.0272636  -0.00303196  0.0344745  -0.034528  -0.0175013  -0.0107374  -0.0297515 
414 -0.000141519 0.0569602 0.0158371 0.0550008 0.0032041  -0.00209058  0.0016712  0.000664254  0.00189654  0.00908398  -0.00120472  -0.00489869  -0.00641088  0.00895987 
415 0.000209787 0.528116 0.00485928 0.0562727 0.00126038  0.00237034  -0.000705562  -0.00292724  0.00194839  0.000937229  0.00116997  0.000450052  -0.000570336  -0.000876186 
418 -0.00018882 0.462955 0.0052915 0.0543769 0.000460117  0.0022603  -0.00179033  0.000154694  -8.34909e-05  -0.000414352  -0.00190494  -0.00289653  -0.00249954  0.0010025 
421 7.67729e-05 1.10079 0.0135827 0.0560864 0.00755078  -0.0080334  -0.000459531  -6.1842e-05  0.00118018  -0.00312386  0.00683539  -0.000795324  0.00101504  -0.00178533 
423 0.000134115 2.21793 0.0303553 0.0553978 -0.00536793  -0.00357637  0.0246419  -0.00500237  0.000159815  -0.00540328  0.00305325  -0.00682273  -0.0127464  -0.000175158 
426 -1.45788e-05 0.491422 0.00070736 0.0541739 -6.76966e-05  -3.22124e-05  0.000414594  0.000141291  5.26465e-05  -2.26162e-05  0.00027349  0.000104971  -0.00045943  5.20828e-05 
427 0.00014161 0.513672 0.00278456 0.0543083 -9.18904e-05  -0.000202987  0.000420895  0.000252168  0.00018553  -0.00125416  0.00161664  0.000819731  -0.000155414  0.00159576 
428 0.000606445 0.830462 0.0283106 0.0529886 -0.0108362  0.00785235  0.00114355  -0.0200144  -0.00534379  -0.00918678  -1.75697e-06  -0.00902377  0.00484754  0.00162559 
429 0.000355954 1.33111 0.0343951 0.0469204 -0.0173133  -0.00790125  0.00899228  0.00250139  -0.00271264  -0.00616681  0.0152895  0.0156423  0.00650485  0.0129448 
431 -1.88727e-05 0.208152 0.00469384 0.0429609 -0.000444404  7.63153e-06  0.000193824  -0.00418741  0.000417979  7.11466e-05  0.00122048  -0.00153049  2.28797e-05  -0.000500339 
433 -0.000330859 0.467751 0.00653765 0.04318 0.000948815  0.00141201  0.00168187  0.00031568  -0.00365744  -0.00286623  0.00260529  -0.00272702  6.91453e-05  -0.00104761 
434 0.000611433 0.569097 0.0130048 0.0468553 0.00543445  0.00392366  -0.00155149  0.000938147  0.00831249  0.00456081  0.00249466  0.00311134  0.0012572  0.00367779 
435 9.70048e-06 10.1839 0.0193839 0.0398017 0.0075115  0.0087432  -0.00667312  0.00160296  0.00127169  0.00888894  0.00615509  -0.000576537  8.30972e-05  0.00877004 
436 0.000155908 0.569972 0.00660647 0.0396797 0.0011336  -0.0027171  -0.00267262  -0.00166544  -0.00216435  0.00113623  -0.0021495  0.00167495  -0.00127594  0.00316733 
439 6.38918e-05 0.530494 0.00279196 0.037664 0.000975455  -6.55042e-05  3.16647e-06  -0.00175723  0.000196558  0.000444099  -0.000753515  -0.000365031  0.00123051  -0.00114033 
442 0.000311574 0.776732 0.0185707 0.0368061 0.00365053  0.00618829  -0.00360736  0.00971558  0.00123529  -0.00240177  -0.0024196  0.00573141  -0.0013206  -0.0117517 
443 -0.00104377 0.285155 0.0299651 0.0322981 -0.0190838  -0.0024557  -0.00592506  0.000147976  0.00721305  0.0106232  0.013503  0.00348951  -0.011345  -0.00211304 
446 4.947e-05 0.618188 0.00483608 0.045689 -8.35328e-05  -0.0022009  -0.00123227  0.00133945  0.0001553  -0.00243995  0.00135351  8.14117e-05  0.00256217  -0.000918316 
447 -0.000436157 0.450886 0.00926275 0.0451444 -0.00558134  -0.0036709  0.000200514  -0.00214236  0.000215191  0.00098244  0.00454111  0.00321935  -0.000947678  -0.00190954 
451 7.48775e-05 0.603665 0.00557228 0.049742 7.89583e-05  -0.000484622  0.00295821  0.000342512  -0.000943933  -0.00137218  -0.000622211  0.00417573  -0.00115808  4.45925e-05 
452 6.82609e-05 0.812684 0.00923985 0.0489836 -0.00172152  -0.0037924  0.00148833  -0.00128875  0.0013562  0.00398654  -0.00350994  -0.000556582  0.0058094  0.000205956 
453 -7.14682e-05 -1.60159 0.0245106 0.0482818 0.00604003  -0.013525  0.00615551  0.0110519  0.00251472  -0.00623733  -0.00998424  -0.00239751  0.00608981  -0.00579462 
454 0.000659357 0.533582 0.00942106 0.0490164 -0.000160197  0.000902885  -0.00493949  -0.00507622  -9.23965e-06  -0.00414886  -0.00412877  0.000766338  -0.00150975  0.000788966 
455 0.000386168 0.578393 0.0110064 0.0417548 0.00112304  0.00720897  -0.00264674  -0.00320508  0.00144646  -0.00136069  -0.00418677  -0.00287554  -0.0014372  -0.00433888 
459 -0.00178555 0.267182 0.0408114 0.0368425 -0.0180095  0.00132736  -0.000133677  -0.00572167  0.024005  -0.00323268  -0.0102833  -0.0166827  0.00547671  0.0174919 
462 0.000162171 0.577437 0.00708807 0.056076 0.00386474  -0.00146563  0.00495307  8.04446e-05  -0.0022111  -0.000512421  -0.000697762  -0.00172304  1.43321e-05  -9.80159e-05 
463 3.50902e-05 0.597152 0.00369279 0.054611 0.000577368  -0.00114691  -0.00133557  0.00158294  -0.00195525  0.000965973  9.24946e-05  -0.000746533  0.00143987  -0.000550741 
464 0.0007108 0.636195 0.0196806 0.0542888 0.0076903  0.00252322  4.30036e-05  -0.0148064  0.00115557  -0.000508669  0.00894752  0.00296871  -0.00185125  0.00294903 
465 0.000430988 0.969488 0.0284466 0.047294 0.0142125  -0.00064509  -0.00493766  -0.000595151  -0.00969058  0.0140699  0.00429955  0.005753  -0.0110078  0.0108371 
466 2.70951e-05 0.61111 0.00347021 0.042495 -0.00185337  -0.00130283  0.00130572  -0.000558935  0.000481662  -0.000919717  -0.00059634  0.0010318  -0.000386462  -0.00149841 
467 0.000403373 0.569119 0.0105631 0.042175 -0.000639485  0.000991447  0.000816022  0.00226534  0.00183516  -0.00267347  -0.00542417  0.00167191  0.00260792  -0.00740652 
468 -4.25205e-05 -1.2453 0.017229 0.0370869 0.00151537  -0.0054726  0.00174872  0.00227402  0.00107137  -6.24501e-05  0.000986913  0.00807198  0.0131851  0.00390312 
470 -2.991e-05 -0.747538 0.012217 0.0376558 -0.00532715  -0.00115469  0.00130986  -0.0053088  -0.00319323  0.000394175  -0.00444065  -0.00303395  -0.000329876  -0.00708938 
471 0.000194133 0.553992 0.00647617 0.0380509 -0.000802253  0.000185441  -3.46829e-05  0.00177718  -0.000145795  -0.0049343  0.000312341  0.00257409  0.000970479  -0.00246358 
473 5.9632e-05 0.53155 0.00274356 0.0354085 0.00109227  -0.00122446  -0.000834673  0.000312197  -0.00052044  -0.000513023  -0.000693267  0.00142312  0.000386203  0.00092278 
475 -0.000264625 0.439935 0.00797631 0.0345562 -0.000541923  -0.000783976  0.000976798  0.00163426  0.00190352  0.00117328  -0.00211943  -0.00575373  -0.000979354  -0.00394106 
476 -0.000411718 0.421426 0.0113803 0.0381941 -0.00329664  -0.00229294  0.00554361  -0.00694444  0.00134673  0.00142559  0.000517571  0.00390594  -0.000725205  -0.00381208 
478 0.000280531 0.98221 0.02326 0.0432503 0.00604142  0.00455496  -0.00913267  0.000374263  -0.00565751  0.00194463  0.0123029  0.000648461  0.0125987  0.00734411 
479 0.000264728 1.28115 0.0287578 0.0398761 0.0188653  0.00598806  0.0101292  0.0118812  0.00327177  -0.00479203  -0.0114124  0.00454629  0.00198066  0.00172807 
481 5.99132e-05 0.544714 0.00327371 0.0364061 0.00132931  -0.00104796  -0.00169394  -4.96862e-05  -0.000722277  0.000467839  -0.000213099  -0.000614586  -0.00129103  0.00146614 
482 -5.1289e-06 0.326882 0.00188458 0.0355738 0.000791215  -0.000333691  -0.000213965  0.000527828  -7.98658e-05  0.000104249  1.30765e-05  0.000210865  7.52814e-05  -0.00155638 
483 0.000131702 2.36673 0.0313565 0.0356458 0.00429185  0.00672436  -0.00686611  -0.00662469  0.00129106  -0.0231063  -0.00249757  0.0164944  -0.000576619  0.00378906 
484 0.000614034 0.742305 0.0243946 0.0337481 0.000970918  0.0124158  -0.00789249  0.00936717  -0.00712539  0.00800949  0.000696235  -0.00224975  -0.0095607  -0.00883679 
485 -0.000440712 -0.0690461 0.0316755 0.0229148 -0.00657808  -0.0164709  0.0137995  0.00532526  -0.0147484  0.0119964  0.00909766  -0.00298013  0.00396096  -0.00110386 
488 -4.76895e-05 0.396092 0.00445228 0.0310789 0.00252251  0.000969793  0.000434603  2.62146e-06  -0.000294158  -0.000920939  -4.27472e-05  0.00324849  -0.000807492  -0.000434925 
489 -0.000435371 0.248756 0.0209214 0.0318369 0.00375964  -0.00393793  0.0131812  -0.00667959  0.00874809  -0.00941177  -0.00331948  0.00113302  -0.00272976  -0.00219869 
490 -8.88143e-05 0.178425 0.0106887 0.0380664 0.00148437  0.00128897  -0.00184668  -0.00252744  0.00666851  0.00119861  -0.00155939  0.00291032  0.00502706  0.00430203 
492 0.000382679 0.761937 0.0200232 0.0392157 -0.0159944  0.00114571  -0.00778912  0.000161551  -0.00237106  0.00581816  0.00480379  0.000255229  0.00342088  -0.0029632 
494 0.000238609 0.570814 0.00822239 0.0339892 -0.0035411  0.00115032  -0.00373528  0.00337484  -0.00302683  -0.00258117  -0.00023726  -0.00154112  -0.00173283  0.002673 
496 -0.000313591 0.206474 0.0191906 0.0302768 0.00887486  -0.000476488  -0.00632369  0.00800857  0.00265635  0.00747496  0.0096166  -0.00540576  -0.000476965  -0.000549121 
500 -6.46153e-05 -0.0690195 0.0121274 0.035076 0.000675915  -0.00343296  -0.00120323  0.00475502  -0.00245919  -0.00953368  0.000493538  -0.00297777  -0.00167772  -0.0013818 
