generation s h r distopt trait[0] trait[1] trait[2] trait[3] trait[4] trait[5] trait[6] trait[7] trait[8] trait[9] 
2 5.71373e-05 0.726971 0.00720236 0.01 0.0049404  -0.00276775  -0.00110259  -0.00120124  0.00318203  -0.00130004  -0.00161644  -0.000141533  -0.00163615  0.000148176 
3 -0.000165046 0.192735 0.0142435 0.0152923 -0.00454855  -0.00410165  -0.00157246  0.00364366  -0.0018025  0.00227855  0.00699834  0.0005938  -0.00595348  -0.00751008 
9 0.000185166 0.642789 0.0102842 0.0760446 -0.000639971  -0.00455537  -0.00371084  -0.00245434  -0.00185075  0.000756517  -0.000379964  0.00650611  -0.00173105  -0.00391683 
11 0.00279672 1.11119 0.0826186 0.0942417 0.0220121  -0.0542509  0.0107823  -0.00183491  0.00129365  0.0302858  -0.0025217  -0.00717783  -0.0390014  0.0279395 
13 0.000868064 0.766096 0.0303945 0.0895295 0.0112683  0.00727571  -0.00599498  -0.0146893  -0.0084396  -0.0164869  -0.00949566  -0.00404827  -0.00277167  0.00590873 
18 0.00385869 0.774602 0.0650802 0.123218 0.032074  -0.0146131  0.0260398  0.00656411  -0.00666282  0.0142057  0.00560592  -0.042158  0.0139511  0.00473706 
19 -0.000383348 0.167798 0.0225729 0.113481 -0.000494603  0.002034  -0.00436605  0.00708835  -0.00117021  0.0111049  -0.0148203  0.00951203  -0.00081289  0.000613992 
21 0.00199023 0.669893 0.0367819 0.130485 0.0165313  0.00228685  0.0139968  0.00703697  -0.00381873  -0.0175409  -0.0141649  -0.00484621  0.0166765  0.00211403 
24 0.00259794 0.678315 0.0430527 0.146905 0.0091358  -0.0202003  -0.0156883  -0.00241858  -0.0136858  0.0219432  0.000959341  -0.00817791  0.017483  0.00823327 
26 0.00897176 0.644494 0.0721031 0.153359 0.0381382  -0.0165442  -0.0134099  0.0116996  0.000307833  0.0193499  0.0294001  0.0130734  -0.0150664  -0.0389503 
28 0.00834383 0.56452 0.0466732 0.135546 0.00783786  -0.0225503  -0.0120771  -0.000184475  0.00870848  -0.0262559  0.00288628  0.0154397  0.0106866  0.0183416 
29 0.00666568 0.632633 0.0595409 0.10875 0.0159008  -0.0516881  -0.0132092  -0.0161125  0.005744  -0.00523758  -0.000808992  0.00833215  -0.00223182  0.00714395 
31 0.000475433 0.784139 0.0232445 0.0860081 0.000898831  0.00282826  0.00560588  -0.00516338  -0.000925557  -0.00496678  0.000612824  0.00246618  0.0209119  -0.00202998 
34 0.00312554 0.680375 0.0474952 0.108745 0.0261794  0.00869695  0.0286629  -0.00539344  0.0177193  -0.0124101  -0.00963398  -0.00240633  0.00779595  -0.00409635 
36 0.000918936 0.511616 0.00656511 0.111711 0.00455959  -0.00221652  -0.000936108  0.000790735  -0.00225153  0.00178205  -0.00116831  0.00236562  0.000670997  0.000489789 
38 0.00614183 0.624933 0.0554748 0.126268 0.00971668  -0.0432609  -0.00263388  0.00249385  -0.0200542  0.00167343  0.0096078  -0.024112  -0.0040565  -0.00180239 
39 0.00211202 0.613825 0.0310274 0.107531 0.0191533  -0.00811901  -0.00808531  0.00024793  -0.0154785  -0.00286673  -0.00795478  -0.00895927  -0.00201685  -0.00831149 
40 -0.000674409 0.407673 0.0157914 0.104927 -0.00322197  -0.000643345  0.0058104  -0.00742425  -0.0010292  -0.00051909  0.00393758  0.00484936  0.0076183  0.00716271 
41 0.0029769 0.760604 0.0556936 0.116091 0.0205553  0.00589009  -0.0340846  0.0232702  0.0036724  -0.007616  -0.00756709  0.0181336  0.00472897  -0.0214794 
43 0.000835138 1.67304 0.0625732 0.119482 -0.012224  -0.0143313  0.00298996  0.0248137  0.0334949  -0.0165792  0.00156142  0.0153562  -0.0092316  0.0348666 
45 0.000633821 0.743718 0.0248566 0.133988 0.00628784  0.00109475  0.0114396  -0.00375343  -0.00619259  0.0112809  -0.00822817  -0.00980928  0.0100223  0.00147805 
46 0.00334955 0.575064 0.0317727 0.140718 0.021717  0.00321341  -0.00652466  -0.0156146  0.00281734  0.00163983  0.00839914  -0.0100324  -0.00674893  0.00371404 
51 0.00183836 2.60251 0.124171 0.174816 0.0711162  -0.00381963  0.0638272  -0.0256881  0.0652782  -0.0112227  0.00461134  -0.0126134  0.00186145  0.0322718 
52 0.00325905 0.965033 0.0778018 0.176309 0.0163651  0.0129658  -0.0124249  -0.00706989  -0.00928562  0.0152621  -0.035515  0.0177605  0.000221703  -0.0593033 
54 0.000591382 0.607425 0.0159439 0.181816 0.00494313  -0.00152738  0.00290495  0.0071053  -0.003524  0.00815019  -7.60825e-05  -0.00330644  0.00217355  0.00860295 
56 0.00207811 0.5378 0.0177772 0.195725 0.0069899  -0.00564612  0.00629167  -0.0105668  -0.00292587  -0.001577  0.00137735  -0.0052837  -0.0065034  -0.00094522 
57 0.00252769 0.518925 0.0139388 0.198179 0.00670394  -0.00330079  -0.00118608  -0.00481331  -0.00897984  0.00102941  0.00252024  0.00160484  0.00294712  -0.00381665 
61 0.00205504 0.630247 0.032734 0.2244 0.0193408  -0.0047694  0.00324962  0.0117669  -0.000105143  0.0125023  -0.00608457  -0.00857941  0.00961569  0.0128947 
62 0.00145747 0.51743 0.0101291 0.227733 0.00349426  -0.00232964  -0.000724796  -0.00147848  0.00423721  0.00437772  0.00445211  0.00242101  -0.0042671  0.00111453 
64 0.0119387 0.729175 0.10457 0.240752 0.0732712  -0.0271695  0.0172943  0.0141117  -0.0582864  -0.00340936  -8.53819e-05  -0.0220702  0.0204155  0.00412994 
65 0.000934667 0.658526 0.0243473 0.220796 0.00955973  -0.00266931  0.0103996  0.00306111  -0.00805712  0.00778446  0.00159738  0.00992511  -0.00684072  -0.0101679 
70 0.0207784 0.596174 0.0900825 0.251473 0.0323168  -0.0392107  0.00493392  0.00404749  -0.00949684  -0.0437221  0.015508  0.0322434  -0.0457708  0.0107403 
71 0.00383639 0.624649 0.0437723 0.212946 -0.0143232  -0.0202268  0.0160524  0.0121279  0.00518114  0.0245308  -0.0070475  0.00144863  0.0147162  -0.000190358 
73 0.0122988 0.600675 0.0706693 0.217476 0.00386149  -0.0168073  -0.0610782  0.0184353  0.00984977  0.00511283  -0.00723224  -0.0158143  -0.0141519  -0.000712691 
74 0.0109448 0.913023 0.134173 0.194857 0.0489676  -0.076864  0.000508085  0.037387  0.0103363  0.0358241  -0.0432831  0.0378721  0.0447262  -0.0400006 
75 0.000949356 1.5094 0.0618864 0.168527 -0.0118115  0.00345285  -0.00638604  -0.0125063  -0.0123013  0.0145439  0.0229799  0.0281325  -0.0357636  -0.0228016 
77 0.00660646 0.71067 0.0746099 0.176407 0.0228494  -0.00299782  -0.00223438  -0.0255561  0.0217879  -0.00885538  0.00261008  -0.0535416  -0.0299968  0.00714096 
79 0.00507684 0.552499 0.032804 0.168138 -0.00350927  -0.0089741  -0.0130242  0.000714836  -0.0147335  -0.00569063  0.0191721  0.00996689  -0.00336688  0.00924148 
80 0.00286248 0.777592 0.0563621 0.15905 -0.00692643  -0.0195068  -0.0148007  -0.00951169  0.0203181  0.0300381  0.0202117  0.00352386  0.0173955  0.0200005 
81 0.0030831 0.531378 0.0197761 0.156688 -0.00319053  -0.00985516  0.00705871  -3.07752e-05  0.00926491  -0.00623912  -0.00141558  0.00146818  0.00794299  -0.00647664 
82 0.00375189 1.78356 0.138521 0.15392 0.0583338  -0.0404568  0.0441111  -0.0502319  0.0185894  -0.0498942  -0.0654158  -0.0231476  -0.0287768  0.0346592 
84 0.00712105 0.62557 0.059897 0.14896 0.00373149  -0.0291442  -0.00688975  -0.0279009  -0.0313211  -0.0255447  0.0122271  0.00498786  0.00916718  0.00254032 
86 0.000707017 0.772878 0.027778 0.131172 -0.00609915  -0.0145256  0.0084116  0.00162553  0.000227477  0.00866715  -0.00025736  0.00645462  0.0136193  0.0121509 
90 0.00543602 0.577105 0.0410656 0.150493 0.0137352  -0.0224743  -0.0179932  0.000141428  -0.00127791  -0.00509031  -0.0122755  0.0128707  -0.00908699  -0.015569 
92 0.00502179 0.752597 0.0712082 0.143099 0.0242971  -0.00207304  -0.0107179  -0.0224678  -0.0301109  -0.0107476  0.0466741  0.00873458  0.0206327  -0.012395 
96 0.00920178 0.664617 0.0779021 0.151251 0.0308369  -0.0368423  -0.0171725  0.0185423  0.0114967  -0.00632049  0.017307  -0.0204767  0.0108006  0.0459799 
98 0.00121737 0.809439 0.0388117 0.129257 0.000294541  -0.00828158  -0.00817462  0.00431961  -0.0217553  -0.0148867  0.023232  -0.0011138  -0.00787561  -0.00736832 
99 0.00108803 0.808548 0.0366398 0.131013 -0.00612031  -0.0206165  0.00234496  0.000585308  0.00164469  0.0178116  -0.0026001  0.0147331  -0.00704441  0.016755 
100 0.000852057 0.633179 0.0213084 0.133214 0.00822696  -0.00572174  -0.0113796  0.00281687  -0.0101945  -0.00489077  0.00871476  -0.00286013  2.70909e-05  -0.00205465 
101 0.000857183 0.563666 0.0147838 0.136256 0.00316067  0.0014779  -0.00359713  0.000935313  0.00368271  0.00917525  0.00784783  0.00283738  -0.00180736  -0.00468189 
102 0.00261963 0.602891 0.0328636 0.139845 0.00172583  0.00717884  0.00625464  0.0251643  0.00236725  0.00211211  0.00778986  -0.0045574  0.00642195  -0.0148453 
103 0.00122456 0.638722 0.0260724 0.138077 0.00403573  -0.0146458  -0.0131406  0.00315106  -0.0101689  0.0123814  0.00128203  -0.000427921  0.00254981  0.00116032 
104 0.00245096 0.574175 0.0270044 0.141075 0.00864634  0.00272795  0.00584345  -0.0136154  0.0174399  0.00349146  4.28983e-05  0.00112639  0.00469239  -0.00937443 
106 0.00272083 1.34523 0.09581 0.148351 0.0233428  -0.0255983  -0.0363509  -0.00236208  0.0438881  0.0307809  -0.0121651  0.0549217  -0.0159413  -0.0189815 
107 0.00373608 0.798775 0.0667917 0.145519 0.0285937  -0.0278666  0.00347042  0.001161  -0.0323383  -0.0250854  -0.00903018  0.0253507  0.0110578  0.0182228 
108 0.00109866 0.534246 0.0122889 0.136869 -0.000332958  -0.000331628  0.00746434  0.00432475  0.00532136  0.00677106  -7.96655e-05  -0.00145004  -0.000122899  0.000298352 
110 -0.000694304 -0.647835 0.0564612 0.144249 -0.00520375  0.00920131  0.0278984  -0.00618611  -0.00441251  -0.0439187  -0.0130115  -5.44132e-07  0.0105496  0.00553359 
115 0.00336247 0.650739 0.0450459 0.184263 0.00561743  -0.000962923  -0.0153208  -0.00612986  0.0231971  -0.00985211  0.00793416  -0.0307586  0.00780558  0.00438256 
117 0.000898467 3.96284 0.111447 0.191807 0.0520361  -0.00890317  0.00823737  -0.0215335  0.020005  -0.0337369  -0.0606135  -0.0170492  0.049936  -0.0332461 
118 0.00404495 0.591334 0.0385054 0.196028 0.00656477  -0.0204482  0.0101461  -0.00285256  0.000692684  0.00332043  -0.0145322  0.0201116  -0.0145868  0.00839146 
119 0.00199474 0.588705 0.026627 0.191686 -0.0016553  0.000780799  -0.00552871  -0.00824209  -0.00119531  0.0218954  0.00808202  -0.00257334  -0.00668598  0.00310946 
120 0.0105933 0.63861 0.0767701 0.193231 0.0237269  -0.0165818  0.0217355  0.00142081  -0.0234316  0.0410722  0.0470933  0.0112732  0.000515752  -0.0004154 
121 0.00863591 0.593208 0.0569351 0.170348 -0.00492708  -0.0152572  0.00192123  0.0279045  0.0217321  -0.00375744  0.00883975  -0.0196314  -0.0286314  0.0207966 
122 0.000605571 2.58329 0.0710057 0.150636 -0.00542363  -0.0129632  -0.0489368  0.00773738  -4.0727e-05  0.0389468  0.0107362  0.00347241  -0.00273262  -0.0271666 
123 0.00821463 0.65128 0.0705756 0.156367 -0.00513223  -0.0286834  0.0270696  0.0298728  0.00784706  -0.0169466  0.0376605  -0.0150669  -0.0226341  0.000540569 
124 0.00128714 1.32401 0.0651026 0.13602 0.0179394  -0.00482405  0.012828  -0.0220644  0.00185694  0.0133398  -0.0420324  -0.00440787  0.0240709  0.026361 
125 0.00212735 0.912937 0.0592522 0.139014 0.00566981  -0.00336567  0.0115201  0.00295768  -0.032084  -0.0306129  0.00970052  0.0319139  0.00651387  -0.0142944 
126 0.0053807 0.564624 0.0374342 0.139219 0.00342006  -0.0206626  -0.0148373  -0.00461742  0.00838139  -0.0158964  0.00540057  -0.00543241  -0.0111898  -0.0146418 
130 0.00291435 0.575551 0.0297252 0.152911 0.018558  0.00277502  0.00660735  0.000151378  0.00428596  -0.00877921  -0.0159293  3.01842e-06  0.00645653  -0.00984555 
131 0.00290509 0.652842 0.0421582 0.151954 -0.00972665  -0.0241882  0.00143641  0.0117928  0.00658927  -0.0105571  -0.0186751  -0.00873122  -0.00919395  0.0170911 
132 0.0082335 0.707814 0.0827278 0.151007 0.0259691  -0.0249033  0.0273661  0.00033189  -0.0502649  0.0303994  0.0271682  -0.0148105  -0.019037  0.00545618 
133 0.00279559 0.604371 0.0341938 0.129219 0.0201004  -0.00232022  0.00517471  -0.00457032  -0.00989872  -0.0113332  0.0026166  -0.00514189  0.0171474  -0.0125855 
134 0.00408164 0.56919 0.0336967 0.126028 0.0201683  -0.012736  0.00290117  0.0102863  0.00338573  -0.0115227  -0.0149824  0.00895279  0.00183042  -0.000253064 
135 0.00340362 0.848069 0.068802 0.116283 0.0590591  -0.0212603  -0.00547946  -0.0132986  -0.0155624  0.0122882  0.00445872  0.00714355  0.0110467  0.000855422 
144 0.00492281 0.872559 0.0855775 0.155912 0.0465912  -0.0183059  -0.0108333  -0.0116865  0.0268485  -0.0440583  0.00598413  -0.0164252  -0.00182372  0.0399103 
146 0.00657955 0.658025 0.0645341 0.151375 -0.0107304  -0.0291515  -5.91871e-05  -0.0146113  0.021281  0.0205402  -0.0115513  -0.0116677  0.0317464  -0.0288793 
147 0.00466748 0.548747 0.0303104 0.134737 0.0142402  -0.0109319  -0.00117366  7.80654e-05  0.00853582  -0.000342114  0.00647731  0.0125929  -0.0129708  -0.0123812 
148 0.00646353 0.581487 0.0460457 0.123042 0.0213013  -0.00798892  -0.0213462  0.0170313  0.00132138  0.00663183  0.0102252  -0.0071915  -0.0170673  -0.0190687 
150 0.00198064 0.668909 0.036587 0.108405 -0.00538921  -0.00553562  0.0107867  0.0100417  0.0193213  0.0126405  -0.00186908  -0.016559  -0.0156133  -0.00267703 
151 0.00101641 0.522462 0.00958083 0.107696 6.92893e-05  -0.00564251  -0.000851337  0.00202369  0.00192209  -0.00303934  -0.00059878  0.00362544  -0.00325971  -0.00425081 
154 0.00798509 1.29747 0.159128 0.130448 0.0317918  -0.112883  -0.0328764  0.0983164  0.0193646  0.0135776  -0.015044  -0.00481018  0.00180799  -0.00307925 
156 -0.000261323 0.121221 0.0198997 0.101296 0.0120107  -0.00172991  -0.00745931  0.00671765  -0.00322809  0.00689376  0.00501578  0.000334236  -0.00608479  -0.0052672 
161 0.00776984 0.797592 0.096086 0.126665 0.0180886  -0.050154  0.0344201  -0.0438394  -0.0160964  0.0354679  0.0360102  0.0202741  0.00678243  0.00352361 
162 0.00152938 0.545308 0.0166768 0.0950976 0.00610107  -0.00104384  -0.00386246  -0.00540703  0.000991395  -0.00200464  -0.0107683  0.000747642  0.00819382  -0.0026445 
165 0.00218527 1.46485 0.0917506 0.103102 0.0216711  0.041701  -9.22773e-05  -0.0490899  -0.00336652  -0.0374885  -0.0082756  -0.0253893  -0.0404627  -0.00571633 
166 0.00312717 0.933889 0.0736214 0.10084 0.0186464  -0.0356781  0.0435285  0.0225575  -0.0124408  -0.0224223  0.0200012  0.0172924  -0.00348906  0.00520994 
168 0.00417443 0.667875 0.0529622 0.0977388 0.0226904  -0.0275974  -0.0182821  -0.028506  -0.00626624  0.0157491  8.05415e-06  0.00483139  -0.00780407  0.00318661 
169 0.000679166 2.22232 0.0683731 0.0789253 0.0125743  -0.0444113  -0.0165257  -0.0220882  0.000640875  0.0203331  -0.0295962  -0.0211308  -0.0025432  -0.0063765 
170 0.000494269 0.599744 0.0140453 0.0760686 0.00930038  -0.00537158  -0.00112509  -0.00237178  -0.00267397  0.00307536  -0.00224458  0.00382931  0.00307553  0.00540924 
172 0.00118631 0.837297 0.04 0.0771339 -0.00465763  0.0201645  -0.000724523  0.0316347  0.00204321  0.00132827  -0.00117419  -0.00949229  0.00245229  -0.00818446 
173 0.000633894 0.566896 0.0130293 0.0757875 0.00533041  -0.00133846  -0.000560359  -0.0031618  -0.00122501  0.00272584  0.00824424  -0.00179577  0.00417016  0.00563325 
177 0.00353912 0.574658 0.032575 0.103207 0.0199742  -0.00558631  0.000145218  -0.001484  -0.000999623  -0.0168472  -0.00295618  0.00765421  0.00563543  -0.0156467 
179 0.00463558 0.626062 0.0483951 0.101817 0.0287511  -0.00348257  -0.0100722  0.0164554  0.0106983  0.0114856  -0.0184783  0.00377576  0.00766996  0.0216839 
180 0.000517979 1.50209 0.0455554 0.0849107 0.0122979  -0.00152106  0.00233766  0.0283267  -0.027647  0.00172525  0.0134918  0.011653  0.00523264  0.00115914 
181 0.00139545 0.776035 0.0392476 0.0903583 0.0221313  -0.0125815  0.0172657  0.00434456  -0.0105208  -0.00505582  0.0112248  -0.000192003  -0.0154944  -0.00854073 
184 -1.47121e-05 0.498527 0.000294624 0.104476 -0.000147496  -9.7595e-05  -2.84531e-05  6.08513e-05  -0.000146445  5.81361e-05  1.89164e-05  0.000160216  4.61453e-06  -1.16871e-05 
187 0.0024025 0.646781 0.03757 0.129913 -0.00897134  -0.0216903  0.00270437  0.0153572  0.0116006  -0.0199662  -0.00134302  -0.00888011  0.00122043  -0.00142145 
188 0.00716823 0.792146 0.0914526 0.129152 0.0446533  -0.0237491  -0.0464338  -0.0358926  -0.0160928  0.0236122  -0.0103442  -0.0256894  -0.0120642  0.0251448 
189 0.00126489 1.16067 0.0577928 0.104751 0.00611022  -0.024835  -0.0152734  0.0200084  -0.013082  -0.0223882  -0.013876  -0.00995048  0.0307227  -0.0120196 
190 0.00349391 0.667884 0.048452 0.104433 0.00978175  -0.0201138  0.023018  -0.0125637  0.00734202  0.000439312  -0.0212321  0.000325207  0.00904968  -0.0239326 
191 0.0025347 0.711292 0.0462835 0.0916147 0.0191846  -0.00333378  0.0171655  0.00444039  0.014646  -0.01222  0.0211526  -0.0139251  0.0163829  0.0132309 
197 0.00186143 0.547992 0.0189399 0.11832 0.00139778  -0.0129792  0.00482835  0.00767224  0.000240455  0.00144112  -0.00246899  0.00225721  -0.0071779  -0.00642505 
199 0.00725758 0.655217 0.0671813 0.126673 0.0210939  -0.0285077  0.0189503  -0.00273438  0.0318832  0.00799275  -0.0104078  0.0324878  0.0253768  0.000956349 
201 0.00028632 0.531417 0.00600144 0.110081 0.00191911  0.000879236  0.00216381  -8.55906e-05  -0.00102289  0.00294337  -0.000573206  -0.00152167  -0.00378947  -0.000397404 
203 0.000244061 4.02183 0.05862 0.108773 -0.00980914  -0.0110166  0.0104926  0.00180344  -0.0241795  0.00439734  -0.00485864  0.0219973  -0.036943  0.0250821 
205 0.00177868 0.847908 0.0497381 0.107645 0.0142418  0.0147769  -0.0237019  0.00284473  0.017291  0.0131963  0.0209153  -0.0215976  0.00610175  -0.00828035 
206 0.00133909 2.39813 0.100739 0.0990472 0.05166  -0.0281633  0.0241828  -0.0281835  0.0490499  0.0346707  -0.00414112  0.0250373  -0.0323648  -0.00279773 
210 0.00106073 1.10127 0.050493 0.0920442 0.00189297  -0.00454556  -0.00615989  0.00173707  0.00491524  -0.0161371  0.0361181  0.0224403  0.0193529  -0.00414187 
211 0.00183178 0.594985 0.0263997 0.0860928 0.00073329  -0.0108345  -0.00511999  0.0048792  -0.0101179  -0.0157177  -0.00485603  0.0107267  -0.00636223  0.000677586 
212 0.00141509 0.896805 0.0473798 0.0747119 -0.00770195  0.00431901  0.0127111  0.00309225  -0.0254627  -0.0280665  0.0119352  -0.0201773  -0.00140797  0.00284677 
213 0.000181067 0.629482 0.00968432 0.0645583 0.00239367  0.0044376  -0.0011231  0.00199138  -0.000558488  0.000824969  -0.00617921  -0.00237146  -0.0016118  -0.00396742 
214 -0.000221616 0.285988 0.0137752 0.0631405 0.00684412  -0.00246829  0.00436819  0.00443472  -0.000746223  -0.00164945  -0.00485301  0.00641105  -0.00162148  0.00524525 
216 -9.86432e-05 -4.14487 0.0428067 0.0648719 0.00830243  -0.0268079  0.00492329  -0.0138079  0.00121207  0.0210364  0.0104049  0.00860592  0.00808785  0.0117555 
223 0.00175128 1.04657 0.0618476 0.0656279 0.0103553  -0.0205521  -0.0141061  -0.00661994  -0.0233344  0.0161176  -0.0315061  -0.0212488  0.0280807  0.00397016 
224 0.000739337 0.544472 0.0114779 0.0505694 -0.00407172  0.00639084  -0.00235438  8.75707e-05  0.00297617  -0.00709786  0.00101213  0.00110573  -0.0018236  0.00198995 
225 2.56948e-05 0.748 0.00504867 0.0426404 0.0027034  -0.0003746  -0.000109522  0.00210233  -0.00113416  0.000711573  0.000654769  -0.00316658  0.000443103  -0.00107874 
229 0.000150988 0.727204 0.011714 0.042338 0.0055183  0.000151069  0.00131114  0.00238522  0.00299188  -0.00111497  -0.00167142  -0.00588845  -0.00201538  -0.00690016 
233 0.000134651 1.96192 0.0280584 0.0405158 -0.0122443  -0.00808601  0.000344251  -0.0139235  0.00821094  -0.0116959  -0.00698811  -0.00199189  -0.00612984  -0.00913224 
235 0.000149005 0.551879 0.00556145 0.0388187 -0.000581595  -0.00136091  -0.00318563  0.00143176  -0.0011936  0.00119524  0.00244914  -0.00107399  0.00230983  0.00109587 
237 -0.00218696 0.420028 0.0265082 0.0368496 -0.000133115  -0.0134502  0.00556461  -0.00810772  0.0123727  0.00549  -0.000151042  0.00297974  0.014881  0.00338897 
238 -0.000148644 0.454932 0.00517775 0.0595588 -0.00181225  -0.00136137  0.00200756  0.00140967  -0.00175372  -0.00253136  -0.000336721  0.000631771  0.00223713  0.000808347 
242 -0.000257816 0.408568 0.00971263 0.0607939 -0.00100863  -0.00413695  0.000913358  0.00775204  -0.000904715  0.0034769  -0.000868568  0.000796401  0.000262764  0.000954017 
243 0.0001465 0.650753 0.00939917 0.0628789 0.00109065  0.00394031  -0.00227053  0.00361444  -0.00105752  0.00394922  0.00109583  -0.00113206  0.00510222  -0.00285999 
244 0.00156013 0.744008 0.0390189 0.061703 -0.00254011  0.0115539  0.00693412  0.0108837  -0.0176353  -0.00921413  0.00431798  0.00757771  -0.0271236  -0.00288697 
246 -6.87442e-05 0.490894 0.00158317 0.0474168 -0.000966281  0.000219228  0.000819416  0.000160048  0.000283891  5.79987e-05  0.00015285  0.000755497  -0.000334132  0.000194604 
247 0.000108433 0.554066 0.00484302 0.0481362 0.00222072  0.00219582  0.00057008  0.00105638  -0.00219052  -0.00198676  -0.00023589  -0.00142655  0.00115469  0.000301733 
249 7.69651e-05 0.567572 0.00456124 0.0469965 -0.00227309  -0.000468966  -0.00127096  0.000416164  0.00260672  0.000404798  0.000905071  0.000822386  -0.00223722  0.000412285 
252 0.000143258 0.543514 0.00499431 0.0461704 0.00136778  0.000599301  -0.00214647  0.00201853  -0.000177448  0.00219533  -0.00186314  -0.00161042  -0.00176416  5.73982e-05 
253 -9.45555e-06 0.49107 0.000581207 0.0445921 -0.00022373  0.000223089  0.000164407  -0.000122183  -9.40494e-05  0.000194915  -6.40744e-05  0.000109345  -0.000242641  -0.000272481 
254 0.000524152 0.763623 0.0235089 0.044698 -0.00479374  0.00305456  -0.0148157  -0.00828287  -0.00138432  0.00550916  0.00693901  0.00341569  -0.011421  0.00311804 
256 0.000761282 0.98782 0.0385347 0.0383914 0.00932233  0.016349  -0.00479617  -0.00232246  0.0062343  -0.0278313  0.00755185  -0.0108618  0.000503308  0.0106594 
257 0.000207851 0.660914 0.0115668 0.0267003 -0.00140676  0.00354566  0.000877899  0.00481276  0.00529312  0.000570777  -0.00537901  -0.00247992  0.00521069  -0.00217437 
260 3.40773e-06 1.5877 0.00385049 0.022474 -0.0012315  0.000990218  -0.000419367  -0.00144899  -0.000791315  0.000332829  0.00129979  0.00172397  0.00195064  0.000922087 
269 5.43411e-05 0.682751 0.00630267 0.022398 0.000681654  -0.00233149  -0.000658158  -0.00112708  0.000391322  -0.00230699  -0.00234479  -0.00310536  -0.000661195  -0.00332655 
270 -0.000395731 0.336547 0.016089 0.0211502 -0.00155656  0.00680755  -0.00674423  -0.000353596  0.00370858  -0.00896073  0.00330038  0.00710702  -0.00300141  0.000145883 
272 -9.00053e-05 0.42087 0.00533795 0.0290369 -0.0016516  0.0014951  -0.00213122  -0.00205905  0.000175582  -0.000902336  -0.00274658  0.00181012  -0.00173515  0.000269879 
274 -6.49882e-05 -1.35849 0.0219797 0.0305475 0.00366542  0.00137419  0.00981247  -0.00683082  -0.0113347  0.00679961  0.00153555  0.00595149  0.0105864  0.000530047 
275 -6.97862e-06 0.498688 0.000191405 0.0315934 -4.94359e-05  -5.80248e-06  9.57431e-05  -0.00011702  -6.4969e-05  2.70126e-05  7.81658e-06  4.26821e-05  1.74271e-05  6.45026e-05 
277 5.07046e-05 0.775906 0.00748053 0.0317036 -0.00207394  0.001487  0.000624141  -0.00150263  0.000962769  0.00442234  0.000662178  -0.000839113  -0.0050079  -0.000304679 
278 -2.23442e-05 0.487981 0.00103657 0.0308936 -9.81172e-05  0.000689614  -0.000231301  -6.01564e-05  -0.000236122  -0.000654524  -6.23223e-05  -9.50715e-05  0.000105355  0.000154893 
281 0.000184038 0.545943 0.00581677 0.0312532 0.000703143  0.00141952  -0.00176096  0.000987756  0.00130867  0.00200329  0.00115357  -0.00333178  -0.00116901  -0.00277937 
283 4.46214e-06 0.984962 0.00294208 0.0281556 -0.000418901  0.00025875  0.000737479  -0.0012089  0.00092779  0.00098972  -0.00163036  -0.000983898  0.000716805  0.00065409 
284 -0.000180337 -0.0104875 0.0191904 0.0280763 -0.00534372  -0.00642736  0.00255279  0.00344955  -0.00314047  0.0118541  -0.000393658  0.00418162  0.00143745  0.0104833 
289 6.70594e-05 0.526782 0.00268066 0.0311228 -0.000977162  -0.00070384  -0.00163149  -0.00018131  -4.41965e-05  -0.000643658  0.000602908  -0.00142013  0.000126086  0.000478186 
292 -9.08347e-06 -1.95711 0.00944859 0.0300262 -0.00253242  -0.00445194  0.00247204  0.00407537  -0.00293644  -0.00543535  0.000426275  -0.000225856  0.00073125  -0.00117908 
297 5.31331e-05 0.547184 0.00316691 0.0301771 -0.00227861  0.000193921  -0.0013077  0.00110599  0.00093302  5.62322e-05  8.3602e-05  -0.000699721  -4.42636e-05  -0.000702943 
300 9.5157e-05 0.527577 0.00324048 0.0292835 0.000538508  0.00107629  -0.00143667  0.000797969  0.00147424  -0.000102068  -0.00053447  0.000785267  0.0011052  -0.00142968 
301 -0.000103528 -0.857746 0.0237119 0.0276111 -0.00635432  0.00527034  -0.0114388  -0.00637281  -0.0112889  0.0027678  0.00234653  -0.0113183  -0.00626927  -0.00382454 
302 0.000255975 0.575875 0.00881536 0.0294263 0.00450633  0.00219953  0.00204199  0.00175388  0.00405026  0.000291414  -0.00457453  -0.00262436  0.000440904  0.000906775 
303 -7.09565e-05 -0.776234 0.0190323 0.0246974 0.00563203  0.0106357  0.00336241  0.00618235  0.0114817  -0.000971948  -0.00436262  0.00362136  -0.000161187  -0.00170755 
305 0.000144817 0.788447 0.0129261 0.0260945 0.00123153  -0.00417766  -0.00135402  0.000640385  -0.0101418  -0.00432008  0.00396805  -0.000940616  0.00220875  -0.00168587 
307 -0.000256696 0.122547 0.0196882 0.0231542 0.00670612  -0.00235679  -0.00283411  -0.00124473  -0.00995445  0.00995989  -0.00521129  -0.00868241  7.38657e-05  0.00516536 
308 -5.83489e-05 0.138913 0.00918038 0.0281575 0.00133467  0.00310453  -0.00229211  -0.00374107  0.00259823  0.00528501  -0.000354739  0.000323166  0.0041089  -0.00134727 
310 1.28038e-05 0.521138 0.00104051 0.0291752 0.000725487  -6.87314e-05  0.000199815  -4.60142e-05  0.000377687  0.000123642  -0.000390859  0.000339937  -0.000212935  -0.00019484 
316 0.000278144 0.66241 0.0134426 0.028955 0.00190416  -0.00287854  -0.00281365  0.0048827  0.0093277  0.000906593  -0.00395795  -0.00277066  0.0034612  -0.00372618 
317 -0.000111898 0.335691 0.00857631 0.0236704 -0.00179252  0.000995345  -0.00233578  -0.00423613  -0.00443725  -0.0018121  -0.00122561  0.00353675  0.000591253  0.0029352 
323 8.05936e-06 34.5984 0.0331525 0.0259266 -0.000801053  -0.0237931  0.00445264  0.0087564  0.00731687  -0.0020008  -0.0118106  -0.00399406  -0.0103671  -0.0107414 
325 -4.59295e-05 0.265357 0.00656582 0.0257707 -0.00288995  9.56389e-05  -0.00168338  0.00314956  0.00379742  -0.000740728  -0.000796423  0.00131009  -0.0021349  -0.000343563 
330 -0.000195063 0.372027 0.00999395 0.026647 0.00141892  0.000861396  -0.00739994  0.000815342  -0.00203066  0.00324258  -0.00307583  0.000916959  0.00258915  0.00317123 
331 5.50929e-06 0.514889 0.000572821 0.0300856 0.000183456  0.000208734  2.81937e-05  0.000157822  8.78456e-05  0.00016012  3.94608e-05  0.000433817  2.07405e-05  4.06748e-05 
333 -0.000165751 0.473995 0.00415407 0.0299939 0.00149621  -0.00201905  -0.00154046  0.0017867  0.000811514  0.00116324  -0.000500841  -0.000964162  -0.00108413  -0.00100415 
336 7.95329e-05 2.41633 0.0246896 0.0326405 0.00497056  0.00112194  0.0115912  -0.0129946  -0.00681772  0.00188338  0.00332969  -0.00288073  0.0108757  -0.00962816 
338 -9.40979e-06 0.476061 0.000949264 0.0313986 -8.65199e-05  -6.20159e-05  0.000183507  -0.000119569  0.000371886  -0.000164836  -0.000549436  -0.000234758  -0.000123925  0.000551344 
344 0.00056333 1.22599 0.0404381 0.031548 -0.0141247  0.00932087  0.00472333  0.0197416  0.00940185  -0.0158539  0.0198611  0.0123746  -0.00690769  0.00132709 
346 0.00010872 0.732965 0.0100654 0.0207872 -0.000885351  -0.0050734  -0.0013701  -0.00312309  -0.0026215  0.00484587  0.00378602  -0.00352199  0.00219006  0.00112608 
347 -0.000289902 -0.241908 0.0293325 0.0179831 0.00448531  0.0123089  -0.0149521  -0.00878293  -0.0165062  -0.000155321  0.000775988  -0.0101421  -0.00143403  0.0031723 
348 -6.34785e-05 -0.706838 0.0175052 0.0247656 0.0040397  0.000791042  0.00672004  0.004812  0.000569057  0.00606988  -0.00405534  0.00553027  0.00781371  -0.00871338 
349 -5.35117e-05 -0.270095 0.012839 0.0260157 -0.00451673  -0.00357448  0.00186342  -0.00132796  0.00313611  0.00574515  -0.00139221  -0.00717747  -0.00528043  0.00149866 
350 0.000169211 0.636632 0.00961686 0.0270246 0.00408234  -0.0023122  -0.00196811  -0.000791904  0.00479012  -0.00134305  -0.00526223  0.00105729  -0.00320384  0.00146599 
355 0.000324254 0.70637 0.0163605 0.0236883 -0.00189789  0.000241053  0.00333327  -0.00533104  0.00130506  -0.0068579  0.0079017  0.00111501  -0.000585212  0.0105697 
358 -9.28926e-06 0.434585 0.00155906 0.0153926 0.000621068  -0.000258383  6.0539e-06  -0.000335731  0.000539508  -5.89106e-05  0.000235183  -0.00108261  0.000285724  -0.00051176 
361 6.49995e-05 0.552577 0.00369751 0.0156915 -0.000221689  -0.00124405  2.39523e-05  0.000547289  0.00293835  -0.000829383  -0.00110606  0.00075747  0.000521671  -0.000619387 
363 1.96312e-05 0.847124 0.00522089 0.013462 -0.0020452  -0.00186751  -0.00189662  -0.000706606  0.00164222  -0.00293271  0.00174538  0.000120833  -0.000199859  0.00104508 
364 -6.09043e-06 0.323898 0.00207127 0.012712 -0.000709502  8.44296e-05  -0.000545252  0.00011204  0.00152918  -1.41775e-05  2.5954e-05  0.000189566  -0.00102968  -0.000185306 
366 -2.54706e-05 -0.642846 0.0107906 0.0129493 0.000246018  -0.00211585  -0.00165026  -0.0027223  -0.00504846  0.00204992  -0.00368451  0.00261921  0.00560106  0.00450194 
367 1.11262e-06 0.501293 7.58656e-05 0.013898 -7.8028e-06  -9.43526e-06  -4.56187e-06  8.21496e-06  2.35954e-05  -8.14541e-06  -9.2219e-06  6.56193e-05  -1.60918e-05  1.56339e-05 
372 -0.000557196 0.373889 0.0167719 0.0138579 0.000746573  0.00361013  -0.00403724  -0.00396729  -0.00232558  -0.0055306  -0.00171936  -0.0103204  0.00751928  0.00580223 
374 -3.37304e-05 -0.211079 0.00979495 0.0273751 -2.75076e-05  0.00530177  0.00039816  -0.00285883  -0.000111241  -0.00557133  0.00351606  0.000505876  0.000872273  -0.00388183 
375 4.60152e-05 2.76183 0.020403 0.0279844 0.0144579  -0.00312417  0.00355841  0.00491179  0.00102369  -0.00126675  -0.00674961  -0.00138346  -0.00947961  -0.00455163 
376 -0.000527335 0.318712 0.0195606 0.0271498 -0.00736312  0.00385724  -0.00137847  -0.000443656  0.00213255  -0.016481  -0.000415805  -9.60149e-05  -0.0057854  0.00126645 
377 -1.47609e-05 0.421294 0.00215574 0.035561 -0.000309922  0.000124245  -0.00134106  -0.00114312  0.000299942  2.93227e-05  0.000492946  0.000191586  0.000170903  0.00101529 
378 -4.11454e-05 0.311901 0.00556408 0.0357679 0.00220692  -0.00185533  0.00106914  -0.000866348  0.00137309  -0.000419504  0.00366173  -0.00203975  -0.000163688  -0.00104671 
380 0.000212403 0.611089 0.00971568 0.0363386 -0.000437472  0.000664455  0.00388431  0.00461955  -0.00179894  -0.00036737  -0.00311505  0.0058548  -0.00131864  -0.00287078 
381 0.000105766 1.72587 0.022772 0.0332883 0.00269136  -0.00829666  0.00251109  0.0145897  -0.000762492  0.0033846  0.00637227  0.00993901  -0.00209029  0.00821751 
382 -9.28735e-05 0.00223576 0.0135987 0.0316599 -0.00274642  -0.00732439  0.00305777  -0.00837578  -0.000412066  -0.00337488  0.000739728  -0.00301279  0.00462461  0.0012889 
384 0.000361258 0.835457 0.0220158 0.0330942 -0.00513668  -0.000356951  -0.0112972  0.000288059  0.00934306  0.0124075  0.00612674  0.000904393  0.00519259  0.00489059 
385 -0.00191906 0.328585 0.0363142 0.0270931 -0.0141883  -0.014  0.0119723  -0.00292944  -0.00283285  -0.0151301  -0.00766719  0.0149949  -0.00575614  0.0146896 
386 -1.75503e-05 -31.7787 0.047596 0.0515261 -0.0266606  0.00995577  0.00352621  0.00968056  0.0180934  0.0223565  -0.00493244  0.00329138  0.00165026  -0.0220059 
387 0.000644803 0.530381 0.00886232 0.0516961 0.00618774  0.00326641  -0.000898641  -0.000784652  -0.0037052  -0.00211712  -0.000275646  0.00203446  -0.00109029  -0.00213201 
389 -5.23417e-05 0.32982 0.00596926 0.0450322 -0.00108837  -0.000199763  -0.000193559  -0.00216626  -0.00183793  -0.00368575  0.00056232  -0.0014488  0.00165344  0.00275057 
390 -0.00137941 0.119073 0.0458657 0.0456096 0.00658721  -0.00991649  0.000628814  -0.00703303  -0.00363789  -0.0138468  -0.00997772  -0.0214426  -0.0279465  -0.0191511 
391 0.000120854 0.676143 0.00922778 0.0588268 0.00214747  0.00189129  -0.00145786  0.00284819  0.00294333  -0.00466025  -0.000444291  -0.00215185  0.00561348  7.48746e-05 
392 0.000375417 1.33755 0.0354592 0.0577906 0.0180545  0.006324  -0.00302101  0.00975892  -0.0220318  -0.007389  -0.00491294  0.00267411  0.00437232  0.0140227 
394 0.000553487 1.1314 0.0373818 0.0544463 -0.00974031  0.0168428  0.0111315  -0.00639033  -0.00341655  0.0135291  0.00305045  0.020766  0.00597688  0.0135329 
396 0.000118926 0.580483 0.00618794 0.0491027 -0.00107697  0.000911128  -0.00272466  -0.000942395  -0.000138195  -0.0023078  0.00271334  0.000305988  0.00386025  -0.000535049 
397 0.00151783 0.675106 0.0326087 0.0478764 0.0154262  -0.00485206  5.69404e-05  -0.00687995  0.000352761  0.0250928  0.00994742  -0.0033118  -0.00119049  -0.0036567 
403 1.58098e-05 0.591458 0.00240495 0.0278472 -0.00060813  0.000381275  -0.000862447  -0.00127319  -0.00125408  -0.000469021  0.000424033  7.15619e-05  0.000502472  -0.000820792 
404 -8.66342e-05 0.222941 0.00979887 0.0275619 -0.000758435  -0.00205054  -0.00218428  -0.00439299  -0.00110055  -0.00248137  0.00286964  -0.00173109  0.0044174  0.00539028 
406 4.14514e-05 1.45975 0.0126145 0.0290912 -0.00331029  0.00417182  -0.000549135  -0.00214114  0.0104709  0.00239946  -0.00053897  0.0014596  -0.00264237  0.0010384 
407 -6.03215e-05 0.232485 0.00803436 0.0283698 0.00386987  -0.00461403  -0.000492622  -0.00451355  0.0019054  0.000213742  0.00120731  0.000243678  -0.00145081  0.000610732 
408 0.000665096 0.664557 0.0209246 0.0294138 0.00131471  0.00397052  -0.00280703  0.00803027  0.00556778  -0.000989855  0.0068476  -0.00844693  0.00654641  -0.012446 
411 -0.000198034 0.396334 0.00906335 0.0141526 -0.00346062  -0.00391881  0.00112544  -0.00121407  0.00146095  -0.00112935  0.00129772  -0.00364008  0.00274955  0.00511533 
412 -4.89039e-06 0.440616 0.0010778 0.0199587 -1.91135e-05  0.000533568  -0.000360608  -0.000435998  0.000454732  -0.000100581  0.000250079  0.000482475  -0.000210311  3.13075e-06 
415 -4.06847e-06 -6.20647 0.010447 0.0200808 0.004238  -0.00355513  -0.00695353  0.00157357  0.00374188  0.00114875  0.00344144  0.000307895  4.50449e-05  -0.000670965 
420 -0.000102377 0.397938 0.00646546 0.0201819 0.00176931  -0.00354931  -0.000507722  0.000680771  -0.00280285  -0.00232911  0.000180941  0.00121603  -0.00047252  0.00321517 
421 -3.12455e-05 0.294255 0.00507102 0.0225763 -0.00247791  0.000453334  -0.000932094  -7.16274e-05  0.00169963  0.0001392  0.000570275  0.00251893  -0.00284411  -0.000910213 
432 7.84028e-06 0.55094 0.00126395 0.023258 -0.000387851  0.000158367  -0.000130733  -0.000270017  -0.000834503  -3.77007e-05  9.44131e-05  -0.000788421  6.70486e-06  -6.06461e-05 
433 -3.04323e-05 -1.27698 0.0147074 0.0230889 0.0100648  -0.0043891  0.000280782  0.00472168  -0.000735126  -0.00165212  -0.00637702  -0.00161355  0.00485075  0.0018169 
434 1.97659e-05 0.611054 0.00296318 0.0237387 -0.000171506  0.00173981  -0.000179551  0.000314113  0.000716035  -0.000731743  -0.000614173  -0.00109707  -0.00171384  -0.000164454 
437 -0.000181205 0.426258 0.00731234 0.0233187 -0.000612479  -0.00485118  -0.00146938  0.000567386  0.00275278  -0.00343896  -0.00220104  0.00066327  -0.000997059  -0.00118207 
440 -6.84924e-06 0.185964 0.0029332 0.0269255 0.000694562  0.000208041  -0.000239442  -0.00168718  -0.000737198  0.000306742  0.00205371  0.000315678  3.52893e-05  0.0004668 
442 -0.000382985 0.430133 0.0103501 0.0270524 -0.00404912  -0.00612765  -0.00302292  -0.00069338  -0.00157417  -0.00222348  -0.00258432  -0.00093153  -0.00448032  0.00291906 
444 0.000163996 0.640989 0.00961723 0.03339 0.00286695  0.00620103  0.00282224  0.0036039  0.00167788  -0.000860171  -0.000159606  0.00125149  -0.00405266  -0.00181518 
451 8.50262e-05 0.696464 0.00817426 0.0308368 -0.0012962  0.00178236  0.00172778  -0.00158084  -0.00185017  4.10964e-05  0.00320897  -0.00403881  -0.0032896  -0.0039524 
456 6.76297e-05 0.55078 0.00370658 0.0294259 -0.00231774  0.000338053  -0.00134438  -0.000830333  0.000272341  0.00204031  0.000818695  -0.000593858  0.00013323  -0.000691366 
460 -3.5906e-05 0.347412 0.00468149 0.0282535 0.00024197  0.0019688  -0.000713588  0.000349176  0.0025255  0.000811608  -0.00127484  0.000267548  0.000424824  0.00290454 
461 -0.000196162 0.45071 0.00622081 0.0288819 0.000587986  -0.00230823  0.000937579  0.000754265  0.00108092  -0.00220612  0.00350492  -0.00329331  0.00144693  0.000563566 
465 6.81622e-05 1.4958 0.0164769 0.032099 -0.0057736  -0.00458347  -0.00168144  0.00925818  0.000669033  0.0054692  -0.000383816  -0.0026185  0.0054316  -0.00785741 
466 -7.97346e-05 0.022071 0.0123465 0.0310191 0.00110092  0.00451677  -0.00168119  0.00014945  -0.00730398  -0.00659579  0.000809856  -0.00194971  0.000190155  0.00516027 
471 9.22661e-06 0.657796 0.00241323 0.0322789 0.000499573  -0.000185494  -0.00016337  -0.00076053  -0.00131314  0.000311107  -0.000675549  -0.00105224  -0.0010458  -0.000675459 
472 -0.000221383 0.401854 0.0093244 0.0321356 -0.00479951  -0.00292938  -0.000329281  0.00551514  0.00201258  -0.00215208  -0.00313842  0.00166818  0.000490634  -0.00180206 
473 -0.000281902 0.267096 0.0162078 0.0354134 0.00427251  0.000304796  -0.00476295  0.00349259  -0.0106026  0.00107206  0.00828708  0.00409897  -0.00115141  0.00301582 
474 -0.000182959 -0.122043 0.021337 0.0391924 0.0102525  0.00744959  0.00338298  -0.0043018  -0.0099593  0.00781924  0.00616395  0.00116416  -0.00183892  0.00785161 
475 3.55581e-05 0.545733 0.00255054 0.0414611 -0.000320578  -0.00105831  0.000394219  0.000728263  0.000243221  -0.000637405  -0.000394279  0.000929351  -0.000979007  -0.00146753 
477 0.000412768 1.29438 0.0362102 0.0410301 -0.0176287  0.00702271  -0.00237562  0.0043652  0.0181099  -0.00892333  -0.0162795  -0.00872427  0.00813296  -0.0105602 
480 9.58292e-05 0.636047 0.00722154 0.035648 -0.00281454  0.00228537  6.35564e-06  -0.00313757  0.000971479  0.00461536  0.000395773  -0.00116231  -0.00172971  0.00155466 
485 -0.000287711 0.424086 0.00934975 0.0342777 -0.00352757  0.00199369  -1.26504e-05  0.00146752  -0.000325188  0.00515896  0.000913339  -0.00556516  0.00300548  0.00113437 
488 -0.000227821 0.17677 0.017164 0.0382454 0.00333194  -0.0105284  -0.00574759  0.00139706  -0.00550951  -0.00333297  -0.0042588  0.00326166  0.00672  0.00471911 
492 -5.99445e-05 0.485038 0.00189458 0.0411164 0.00066774  -0.000203326  -8.48698e-05  0.000988593  -0.00066944  -0.000286581  -0.000112392  -0.000378321  -0.0011184  0.000425262 
494 6.76886e-05 0.524525 0.00257729 0.041839 0.000598222  0.000370099  0.00074495  -0.00119772  0.00149155  0.000803184  -4.08396e-05  -0.000233484  4.04232e-05  0.00110925 
495 0.000276968 1.00442 0.023638 0.0410222 0.0179676  0.00512766  -0.0018592  -0.00174738  -0.0116035  0.0050687  0.00117782  0.000374161  -0.00268747  -0.00583383 
496 2.59056e-05 1.19778 0.00850318 0.0374952 -0.0013347  0.00300872  0.00398696  -0.00190853  -0.00259218  -0.000714068  -0.000373417  -0.00430393  -0.000291795  -0.00399427 
497 -0.000186778 0.215455 0.0145814 0.0371481 -0.00464142  -0.00642063  0.00126313  0.000774317  -0.006302  0.00311184  0.00108749  0.00138583  0.00867947  -0.00445209 
499 -0.00022004 0.384856 0.0100687 0.0395825 0.00722513  -0.00327045  0.000464871  0.00304032  -0.000441761  0.00040395  0.000675725  0.00114988  -0.00118159  0.00504855 
500 -9.90375e-05 0.470867 0.00339803 0.0422711 0.000853838  0.000134809  -0.000692942  6.65064e-06  -0.000365229  0.00193579  -0.000924425  -0.00057425  -0.00059138  0.0022146 
501 -0.000101859 0.459168 0.00407953 0.0434268 8.87927e-05  0.000891753  -0.0024533  -0.00158872  0.00031178  -8.41866e-05  -2.20329e-05  -0.00165618  0.0019916  0.00069471 
