generation s h r distopt trait[0] trait[1] trait[2] trait[3] trait[4] trait[5] trait[6] trait[7] trait[8] trait[9] 
2 0.292845 0.47465 0.0831183 2 -0.0430745  -0.0501765  0.00871256  -0.00426094  -0.0332403  0.000392592  0.0167011  0.0137931  0.023566  -0.0176601 
8 0.0567957 2.78828 0.691046 1.93472 -0.345405  0.143488  -0.00654193  0.0378486  0.0363159  0.256567  0.103528  0.337285  0.361319  0.118319 
12 0.997535 0.48552 0.442726 1.92039 -0.201535  -0.154268  0.209122  -0.0930111  -0.0117059  -0.155247  0.099409  -0.122383  0.16533  0.0526884 
13 0.0417774 0.584612 0.121094 1.7309 -0.0233722  0.014356  0.00530646  0.0625323  -0.0156504  -0.0535439  -0.00198106  -0.00419355  -0.0518674  0.064416 
16 0.146172 0.498329 0.0915879 1.71903 -0.0286101  -0.0251274  -0.0178969  0.00206111  -0.0210931  0.0580841  -0.0393129  -0.0333364  -0.00210916  0.0115727 
19 0.00335657 0.699468 0.0517527 1.67888 0.0201787  -0.00183626  -0.0141625  -0.0191966  -0.0207103  0.0131761  -0.00489814  -0.0119965  -0.0291166  0.0089717 
20 0.0558926 0.78454 0.250779 1.67788 -0.0996714  0.0122403  -0.0808735  0.108241  0.0891515  0.0463707  0.0387786  -0.00369542  0.0925444  -0.119872 
21 0.0671585 0.636238 0.193301 1.6616 -0.0772937  -0.0282903  0.0793045  0.137613  0.00865671  -0.00504515  0.00706243  -0.0150742  0.0238714  0.0664588 
22 0.00287814 0.976337 0.0740024 1.64192 0.0196655  0.000278612  0.0245851  -0.0055237  -0.0312148  0.0044765  -0.0286651  0.0307202  -0.0369815  0.0180877 
23 0.298886 0.503751 0.194924 1.64105 -6.63154e-05  -0.0708158  0.0190928  0.0232366  0.0468872  0.0048574  -0.150287  -0.0552006  -0.0590106  0.0271744 
24 0.113044 0.528261 0.133452 1.55933 -0.0183026  -0.0309114  0.00532099  0.00139154  -0.0748017  0.0291086  0.0192186  -0.0373845  -0.0558842  0.071806 
26 0.233609 0.507556 0.16827 1.52461 -0.0615427  -0.0597557  0.0047468  -0.0908154  -0.0405398  -0.0429114  0.0553096  -0.0310701  -0.00210754  0.0719213 
27 0.236035 0.493647 0.130547 1.45413 -0.0181784  -0.0685143  0.0212355  0.0254028  0.0143499  0.0631715  0.004046  0.0154723  -0.0445523  -0.0669647 
29 0.412225 0.4939 0.225674 1.37934 -0.0251864  -0.107596  -0.116858  -0.0258262  -0.0333126  -0.0270115  0.0174058  0.107625  -0.103229  0.00360928 
30 0.0406246 0.513924 0.054862 1.24796 -0.0161126  -0.0267538  -0.0087994  0.017023  -0.0185737  -0.00315939  -0.00952881  -0.0093834  0.0270291  0.0200715 
31 0.0309074 1.27765 0.306655 1.2319 0.0115026  0.0190789  -0.0799696  -0.149453  0.0905681  -0.0887662  -0.125797  0.142971  -0.111533  0.00474112 
32 0.0628591 0.513881 0.0723906 1.21949 -0.0317505  -0.0134544  -0.0423207  -0.0103977  0.00108912  -0.00516522  -0.0294774  -0.0216603  -0.0116155  0.0255197 
34 0.0136416 0.515693 0.0306953 1.19423 0.00293491  -0.00413265  0.00775536  0.000364801  0.00845161  0.00238653  -0.0248805  -0.00157681  -0.00669612  -0.0106179 
37 0.0980096 0.526144 0.118862 1.18854 -0.0281506  -0.0376315  0.00381304  -0.0126018  0.00919014  0.0585439  -0.0191006  0.0441485  -0.0695547  -0.0329044 
41 0.0487677 0.642535 0.167882 1.14854 0.014424  -0.0479689  -0.00477491  0.0422654  0.112438  -0.0227546  -0.0886296  0.0225414  -0.0439913  -0.0201881 
44 0.0667261 0.545915 0.118015 1.12762 -0.0287753  -0.0129837  0.0171662  0.016583  -0.0265821  -0.0424791  0.0123553  -0.0643068  -0.0274219  0.0693563 
46 0.0831168 0.601971 0.188691 1.0986 -0.0831315  0.000919764  0.0378685  0.0792585  0.0256233  -0.0608264  -0.0408284  0.0318215  0.0271528  -0.114906 
49 0.0789114 0.51825 0.0917707 1.06164 -0.0210348  -0.0154018  0.00725999  0.0530183  0.000870711  -0.000117348  0.0387404  -0.0533329  0.0108213  -0.0203827 
50 0.0948882 0.811626 0.3398 1.02525 -0.0551257  -0.0312247  0.14668  -0.156557  -0.0401415  0.00704384  0.056983  -0.201545  0.099859  0.0996229 
52 0.0371547 0.524271 0.0648473 0.98004 0.00519191  -0.01894  -0.022484  0.00329778  -0.011262  0.0500249  -0.00646762  0.0187893  0.00475185  -0.01601 
59 0.0934549 0.604338 0.202681 0.961248 -0.139088  -0.0507152  0.0231315  0.0274777  -0.0142342  0.0943113  -0.0312299  -0.086117  0.00365815  0.0192422 
60 0.148565 0.549038 0.191364 0.913594 -0.00542982  -0.0662365  -0.0712941  0.0174951  0.0367359  -0.116289  -0.0791282  0.0125311  -0.0743211  0.000139309 
61 0.0323394 0.884689 0.221765 0.834351 -0.112246  -0.0610678  0.0949631  0.107179  -0.0825649  -0.0445389  0.037853  -0.0299732  -0.00290943  0.0347189 
62 0.074615 0.54816 0.128147 0.815054 0.0117272  -0.0845808  -0.00489176  -0.072725  -0.00907543  -0.0124487  -0.021425  0.0176302  0.00603391  0.0526667 
63 0.00338898 3.30186 0.19428 0.769643 -0.052499  -0.0323526  -0.0496914  -0.0138816  0.0235594  0.0328488  0.103548  -0.00507342  -0.0921269  0.102033 
64 0.0793087 0.528304 0.10742 0.767442 -0.0180175  -0.0424074  0.0180444  -0.0142417  -0.0214723  -0.000134574  -0.0168057  -0.049323  -0.059647  -0.0464068 
65 0.180694 0.589682 0.269797 0.715994 -0.0277869  -0.149693  0.00536379  0.064604  -0.0225037  0.057432  0.167388  -0.0280474  -0.0580688  -0.0970846 
67 0.0086856 1.09509 0.143423 0.588681 -0.0455799  0.0263906  0.033981  -0.027739  -0.070678  -0.0218047  -0.023444  0.0678507  0.0578262  -0.0436338 
68 0.0155098 0.872598 0.151627 0.581289 0.0341792  -0.0388394  -0.0216285  0.0701886  -0.00847556  -0.00479058  -0.0215151  0.118375  0.0106758  -0.0153436 
69 0.0359565 0.550455 0.0880123 0.567896 -0.00429541  -0.0130488  -0.0232901  -0.0558412  0.0132513  0.0231507  -0.04023  -0.0220037  -0.0328468  0.00192101 
71 0.0286233 0.507409 0.0351343 0.535893 0.0116954  -0.00481608  -0.00745562  -0.0157862  0.00451409  -0.0190202  -0.00141462  -0.00935169  -0.000567473  -0.0172548 
73 0.02954 0.53875 0.0702369 0.508881 -0.00580952  -0.0580828  -0.013585  0.0103691  0.0105549  -0.0300952  -0.00359941  0.0108627  0.00299098  0.00876182 
75 0.015341 0.626803 0.0884893 0.479424 -0.0296353  -0.0274229  0.0351074  -0.0244047  -0.00226935  -0.0187105  0.0469614  0.0180282  0.0267616  -0.027752 
76 0.0163357 0.893917 0.159941 0.463274 0.071366  0.0341807  -0.0581967  0.0450403  -0.0222244  -0.0388837  -0.0249099  0.0372843  -0.0725785  -0.0679721 
77 0.0293637 0.560729 0.0862688 0.445443 0.00504045  0.00929822  -0.0205734  -0.0151209  -0.0263011  0.0255251  0.0126377  -0.0659282  0.0034157  -0.0285894 
78 0.00685936 0.507731 0.0153217 0.411677 0.00232961  -0.000498223  -0.00179393  -0.00389887  0.00960278  -0.0047305  0.00205209  -0.00315583  -0.00470388  -0.00773131 
82 0.00253067 0.647392 0.0386398 0.403289 -0.00424921  -0.00752969  0.00403415  -0.0315199  -0.0176826  0.00122897  -0.00516945  -0.00182005  -0.0032195  0.00734253 
83 0.0189761 0.515832 0.0369725 0.400143 -0.000183271  -0.00587195  -0.00929509  -0.0127816  -0.0011323  -0.00558348  0.00260083  -0.00486883  -0.00323825  -0.031769 
86 0.0169928 0.522247 0.0405107 0.375921 -0.0121082  -0.025918  -0.000811497  -0.00497893  0.0200722  -0.000453573  -0.00349415  0.0169429  0.0013751  -0.00964646 
88 0.0267007 0.687368 0.141585 0.352798 0.0691775  -0.0784097  -0.0665816  -0.00367397  0.0236493  -0.0261511  0.043294  0.0309389  -0.0110381  0.0216691 
89 0.00906021 0.561129 0.0473862 0.313235 -0.00487454  0.00823456  -0.0025396  -0.0249906  0.0214793  0.0206531  0.00915214  -0.0231564  -0.00286271  0.00261124 
90 0.0344662 0.570289 0.100444 0.29849 0.0090746  -0.0271996  -0.0523806  -0.0310455  -0.0145228  -0.0232965  0.0127223  -0.0122096  0.0524652  -0.0417384 
91 0.0059869 0.561261 0.0384735 0.23497 -0.00832984  -0.0239462  0.00470247  -0.02079  0.00384684  -0.00429386  0.0154215  -0.00602373  0.00870155  -8.96862e-05 
93 0.00948756 0.655521 0.0769056 0.221905 -0.0174783  -0.0364403  -0.00757414  -0.0262267  0.016497  0.0247955  -0.0374685  0.0252509  0.0241885  0.0047252 
94 0.000500906 0.511409 0.00479373 0.199497 -0.000921957  -3.15282e-05  0.000363983  -0.00313942  -0.000307484  0.00174665  0.00196087  -0.00153468  0.000360385  -0.00163247 
95 0.0132787 0.874646 0.140735 0.198238 0.060286  -0.0149126  0.0269478  0.000967287  0.0734207  -0.0487863  -0.0402287  -0.0314088  -0.0338831  -0.0608175 
97 0.0125667 0.677766 0.0945943 0.161577 -0.0490044  0.0192921  -0.0244002  0.0271751  0.00433555  0.0388669  -0.0139086  -0.0203381  0.0509515  0.0103939 
98 0.00224553 0.688557 0.041157 0.116699 -0.0120331  0.00634288  0.0140386  0.00780084  -0.00784134  0.00948563  -0.0106726  -0.0157753  0.0255712  -0.00910062 
101 0.0034023 1.18854 0.096692 0.106656 0.0223331  0.0183813  -0.0386176  -0.018285  -0.0127889  -0.0170445  -0.00912839  -0.0458283  0.0182143  -0.0609726 
103 0.00257119 0.547872 0.0222483 0.0893254 -0.00650638  -0.0137686  -0.000779101  -0.000817306  0.00897561  0.00957725  0.00734266  0.00209315  0.00186836  0.00526602 
105 0.000860245 1.76894 0.0660493 0.0735604 0.0117453  -0.025795  -0.0270194  -0.00550194  0.00188963  0.0227174  0.0172881  -0.0185456  -0.0306109  -0.0264456 
109 0.000557837 0.65165 0.0183965 0.067463 -0.00243236  -0.0124369  0.00270332  -0.00564414  -0.00370092  0.00696009  -0.00488883  0.00129668  -0.00673558  0.00236283 
110 0.00065462 1.59784 0.0535996 0.0631948 -0.00367663  -0.000888708  0.00966378  0.00287794  -0.0125447  -0.0227527  0.0358495  0.0256411  -0.00851637  0.00816706 
111 0.00105043 0.699374 0.0289437 0.0577856 -0.00349793  -0.00582746  0.0227847  -0.00816276  0.00631065  -0.00441944  0.00317737  0.00341206  0.0110788  -0.00139164 
112 0.000509192 1.47107 0.0444632 0.0478465 -0.022033  -0.0181087  -0.000761391  0.00371879  0.00625889  2.62988e-05  -0.00324931  -0.000818687  0.0198356  -0.0265582 
117 -0.000826836 -0.385717 0.0541281 0.0421927 -0.00981421  0.0278534  -0.0215536  0.0150402  -0.00721746  0.0300386  -0.0111832  -0.00397158  -0.0164051  0.00160581 
119 0.000220751 0.672764 0.0123514 0.0510628 0.000951877  0.000785966  0.00441383  -0.00193619  0.00224985  -0.00787157  0.00364532  -0.00610174  0.000914082  -0.00306971 
122 0.000571712 0.567905 0.0124662 0.0488536 -0.00268637  -0.00622113  0.00335231  -0.00276738  0.00662884  -0.00528733  -0.00318516  0.00273623  0.000604011  -0.000833987 
124 -0.000461359 0.34243 0.0170572 0.0426043 0.00586051  0.00226317  -0.00780892  0.00301632  0.0106583  -0.00324603  -0.00492669  -0.00138479  0.0044135  -0.00340558 
125 1.2434e-06 19.3423 0.00968057 0.0477137 -0.00274208  -0.000472986  0.00567653  -0.000628269  -0.00297501  -0.00345754  0.0043001  -0.00185485  -0.000280859  -0.00324616 
128 -0.000160791 0.468125 0.00452942 0.0477006 -0.00326118  0.000633423  0.000396568  0.00054843  0.000361499  -0.0016781  -0.000502258  0.00146056  6.84566e-05  -0.00191942 
131 0.000214479 0.529616 0.00504261 0.0493574 0.000921503  0.000625791  -0.00142167  0.00224712  0.000521951  -0.000580068  -0.00235521  2.60469e-05  0.000419814  0.00328383 
132 -0.000155122 0.126942 0.0152152 0.0471349 0.00114454  0.000129615  0.002522  0.00741333  0.00457371  0.00532145  -0.00575565  0.00862773  0.00274838  -0.00212148 
135 0.000301808 1.36174 0.0322501 0.0487528 0.00715644  -0.018132  -0.001657  0.00621875  0.0133121  -0.00197126  -0.0125693  0.00109502  -0.0109735  0.0125684 
137 0.000231177 1.34132 0.0278896 0.0455529 0.009223  -0.00431109  0.00888199  -0.0213892  -0.00420554  0.000540538  0.00237346  0.00271465  -0.0103215  -0.000528731 
138 0.00017008 1.11593 0.0204691 0.0429409 0.00415865  -0.00460202  -0.00604177  -0.00285435  -0.00871478  0.00724652  -0.00545575  -0.0102295  0.00853065  0.000471191 
141 -0.000513665 0.434 0.0116521 0.0409128 0.00389221  0.0030774  0.000290191  -0.00217508  -7.80283e-05  -0.00207116  -0.000847431  0.00519589  -0.00797035  -0.00328625 
143 0.00120621 0.726489 0.0330558 0.0467723 -0.0036844  0.0153274  0.00675664  0.00439938  -0.0109013  0.0104204  0.00763153  -0.00165552  0.0131138  0.017855 
148 -6.57909e-07 0.465946 0.000299363 0.0313397 8.55093e-05  0.000101895  -6.8742e-05  7.96485e-05  2.01744e-05  -7.26282e-05  -9.99123e-05  0.000124275  0.000168985  3.4498e-05 
150 -0.000135942 -3.93161 0.0490837 0.0313501 -0.0170418  -0.0182907  0.0223059  0.0110256  -0.00933955  -0.025841  0.00390833  0.0156367  -0.00969835  -0.00750279 
151 -0.000570993 0.00619159 0.0335883 0.0334482 0.0041312  -0.00599168  0.00191404  0.00295083  -0.0154844  -0.0113235  0.0182311  -0.0102975  0.0115437  0.0110985 
153 0.000217281 2.28916 0.0394279 0.0411089 -0.0190311  0.0281366  -0.00528114  -0.00564486  0.0076131  0.012032  0.000466651  0.00278293  0.0108797  -0.00344861 
154 0.000335496 0.72468 0.0173641 0.0383755 0.0019119  4.19504e-05  -0.00430611  -0.00389836  0.0131587  -0.00282047  -0.00343445  -0.00548579  0.00620938  -0.0016001 
156 -0.000185441 -0.80086 0.0310632 0.033723 0.011427  -0.00160871  0.0143964  0.0074704  0.0121949  0.00797944  0.00602794  -0.0115093  -0.0130469  0.00415756 
157 0.000195224 1.05057 0.0207338 0.036369 0.00664712  -0.00200196  -0.0076053  0.00128848  -0.00361769  0.0140341  -1.91444e-05  0.00836669  0.00529966  0.00375053 
158 4.37074e-05 0.535937 0.00250672 0.0335782 -0.000239092  0.000418727  0.000472669  -0.000232418  -0.000919151  0.000862403  -0.00155021  -0.000698392  0.000338506  0.00108611 
159 0.000664109 0.683557 0.0220825 0.0329209 -0.00338455  -0.00668208  -0.00100088  -0.00568713  0.00308412  -0.00504671  -0.0156915  0.000777523  -0.00991412  -0.00425288 
160 -5.77772e-05 0.374464 0.00538655 0.0204915 -0.000536443  -0.0007067  0.00211499  0.00376642  -0.00116568  0.000172307  -0.000986592  0.0026408  -0.000455664  -0.000159005 
162 -0.000328884 -0.0785346 0.0275897 0.0218559 0.0110797  0.00126098  0.00587825  -0.00973602  -0.00492006  0.000206517  -0.00154258  -0.00973852  0.0159261  0.011506 
163 5.51696e-05 0.594063 0.00455615 0.028401 0.000514113  -0.00163482  0.000899604  0.00215505  0.000331686  -0.00265687  0.000897863  -0.000294457  -0.00201994  0.000475536 
164 -3.9112e-05 0.47396 0.0020186 0.0274126 -0.000153212  -0.000515084  0.000310256  0.000798226  0.000115802  -0.000312606  1.45096e-05  -0.000804382  0.00149078  0.000267871 
165 -0.000104748 0.229042 0.0106555 0.0281169 -0.0041615  -0.00259202  0.00249227  -0.00789875  -0.00252136  -0.000432088  0.00112872  0.00173841  0.00171233  -0.00267003 
167 -0.000920307 0.411724 0.0180423 0.0299218 0.00423122  0.00571895  0.00927406  -4.03441e-05  0.00433172  -0.00771043  0.00717938  -0.00706207  0.00167749  0.00254163 
168 0.000142213 1.0101 0.0170338 0.0426151 0.000457227  0.000871806  -0.00564942  -0.00591851  0.00542018  -0.00868871  -0.00229546  0.000223422  -0.0103261  0.00232743 
169 0.000180776 2.65988 0.0395144 0.0409126 -0.00161205  -0.00132113  -0.0253453  0.00499167  -0.00278746  0.0197974  -0.00240569  0.00495651  0.0148081  0.0155049 
170 2.73894e-05 0.691245 0.00457738 0.0386404 -0.00101494  -0.000956463  -0.00245288  -0.00244306  0.00140471  0.000756313  0.000581287  0.00104453  -0.000845448  -0.00152754 
173 0.000359787 1.59429 0.0396776 0.0382844 -0.0119724  -0.00224742  0.000502061  0.00934228  -0.0199932  0.00435311  0.015054  0.0138086  -0.0178374  -0.0135735 
175 -9.27025e-05 0.47031 0.00331878 0.0332562 -1.59278e-05  -0.00025478  0.00146234  0.000695529  0.00148733  0.000628968  0.00223441  -0.000171989  -0.000832861  -5.80295e-05 
176 -2.20506e-05 0.460855 0.00185822 0.034622 -0.00101903  -0.000165121  4.44406e-05  -0.000427614  -0.000881592  -0.000717957  -0.000107834  0.000877385  -0.000242042  0.000264193 
178 0.00027587 2.19787 0.043277 0.034939 -0.0123231  0.00312236  -0.0168824  -0.00169653  0.0149205  -0.0223227  -0.0156475  -0.0104871  -0.00289941  -0.0184185 
179 0.000103571 0.803937 0.0112211 0.0307392 0.00459008  -0.00336091  0.00222323  0.00507045  0.00325146  -0.00694998  -0.0011142  -0.00134054  0.000243166  0.000961676 
180 8.53404e-06 0.67715 0.00245911 0.0290057 0.00012804  0.000595667  -0.000671697  0.000859593  -0.000500146  0.000159466  -0.00115543  0.000967414  0.000902076  -0.00106099 
181 0.000236624 0.68644 0.0132841 0.0288583 0.00485067  -8.6057e-05  0.00743518  -0.00316548  0.00499651  0.00480992  -0.00431964  0.000110912  -0.00411652  -0.00197785 
183 -0.000367263 0.36767 0.0139462 0.0244173 0.00603799  -0.006941  -0.00121736  0.002609  0.00626268  -0.00685771  0.0022903  -0.0029559  0.00115794  -3.35672e-05 
186 -0.000328989 0.243137 0.0183879 0.0310408 -0.00475032  -0.00940005  -0.000589523  -0.00181305  -0.00176393  0.00527455  -0.00720312  -0.00356355  -0.0111752  -0.00177596 
188 7.26132e-05 0.721037 0.00801253 0.0359524 -0.00163163  -0.00173803  -0.000502844  0.000782438  -0.00105287  0.00133863  -0.0018403  -0.00201857  0.00656146  -0.00205867 
190 0.000264335 0.648527 0.0125321 0.034928 -0.00349232  0.000830752  0.00766153  -0.000575714  -0.00589512  0.00241315  -0.000834712  -0.00119988  0.00621691  -0.00194302 
192 1.62869e-05 0.711095 0.00370841 0.0309139 0.000504589  0.0011396  0.00126526  0.0014144  0.00143195  0.000683864  -0.000347487  -0.00202772  0.0006833  0.00117482 
195 9.44023e-06 0.507763 0.00054146 0.0306493 -1.87394e-05  1.23518e-05  0.000397056  6.85526e-05  -0.000119421  0.000328566  -2.00602e-06  -3.51952e-05  -1.13158e-06  8.28309e-05 
196 -0.000904147 0.409509 0.0181056 0.0304949 -0.0112582  -0.00498373  0.00532575  -0.00826641  -0.00249973  -0.00501491  0.00319571  -0.00366905  -0.00405238  -0.00283486 
197 -7.72064e-06 -0.579241 0.00577319 0.042831 -0.00163146  0.00135903  -0.00187758  -0.000258741  -0.00108065  0.00131862  -0.000617274  -0.00121219  -0.00372591  0.002567 
198 -0.00022808 -4.00593 0.0641033 0.042921 0.0319276  0.00897505  -0.0102141  -0.0225606  -0.023166  0.0152113  0.0258553  0.022277  0.0191537  0.00981516 
199 -3.08376e-05 -2.12222 0.0179845 0.0455008 -0.00395873  0.00323748  0.000984483  0.0019975  -0.0117212  0.00746874  -0.00921647  -0.00131983  0.00215742  0.00279728 
200 0.000401581 0.739191 0.0196011 0.0458384 -0.00371412  -0.00189847  0.00806883  0.0113446  0.00725155  0.00475871  0.00680837  -0.00558289  0.00447387  0.000477895 
201 3.00807e-05 13.3608 0.0393335 0.0412269 0.00167258  0.00142597  0.00946204  0.00582338  0.0259257  0.00704598  -0.00835866  -0.0188941  -0.0150394  -0.00663504 
205 0.000195382 1.3384 0.0255956 0.0408605 -0.00250631  0.013309  -0.0018365  -0.00738906  -0.00629729  -0.000914622  -0.0125795  0.00346199  0.00583646  0.0129987 
206 5.08947e-05 0.731192 0.00686043 0.0383955 0.00366946  -0.00266288  -0.00301778  0.000271896  -0.00300051  0.00193341  0.000462348  0.00163949  0.000505974  -0.00119578 
207 -0.000133207 0.00346484 0.0162661 0.037727 -0.00486912  -0.00940911  -0.000806222  -0.0010482  0.00582359  0.00392775  0.00740826  0.00537825  -0.0035714  -0.00216633 
212 0.000136474 0.63283 0.00851559 0.039453 -0.00287995  4.15457e-05  0.00181019  -0.000864427  0.00324928  -0.00465109  0.000274907  0.00102867  0.000944912  -0.00509689 
216 3.17829e-05 1.00223 0.00799051 0.0376839 -0.00583041  0.0019159  0.000321086  0.000115657  0.000179168  -0.0032152  -0.00056015  -0.00120146  0.00317996  0.00195662 
217 0.000256198 1.18117 0.0264186 0.0372598 -0.0113162  0.00946535  -0.00655074  0.0164433  0.00112235  -0.00528766  0.00160199  0.0051284  -0.00800088  -0.00670055 
219 0.000196755 0.555928 0.00663557 0.0336471 0.00221286  0.000205087  0.00197133  -0.000145854  0.0010776  -0.00302001  -0.00320145  0.00323355  -0.00127196  -0.0016062 
220 -0.00019561 0.356183 0.0106093 0.0305842 -0.00214481  0.00662783  0.00351848  -0.000950051  -0.000561802  -0.00510042  0.00152783  -0.00440041  0.000794559  0.0014447 
222 -9.83214e-05 0.475675 0.00309386 0.0336307 -0.00161108  -0.00144618  0.00137626  -1.20292e-05  0.000249535  0.000117411  0.00117734  0.000270322  -0.000886529  -0.000818214 
223 -0.000205783 -0.635004 0.0305657 0.0350621 0.018345  0.00182856  0.0079494  -0.0118616  0.000407074  -0.00544856  0.000785357  0.00355949  0.0181289  -0.00432394 
224 5.04055e-05 2.67098 0.0209209 0.0378834 0.0032755  -0.010192  -0.0047743  0.00334632  0.00563289  0.00508704  0.000951649  0.00451565  -0.0101252  -0.0103761 
225 0.000139257 1.04704 0.0174555 0.0372122 -0.00455591  -0.00145823  -0.00112139  0.000917475  -0.00622417  0.00689085  0.00301778  0.000203004  -0.0123043  0.00573953 
226 -0.000359633 -0.614172 0.040035 0.0352916 0.0119739  -0.0154587  -0.0227134  -0.00877271  -0.00705392  0.00582405  -0.00523265  -0.0094074  -0.00562227  0.0199107 
228 0.000106292 0.589511 0.00616933 0.0400649 -0.00113627  7.99931e-05  0.00180874  0.00227704  -0.00139471  -0.000719261  0.00180758  -0.00405724  0.00145555  -0.00199924 
229 0.000228307 0.836307 0.0175244 0.0387158 0.00375721  0.0094514  -0.00167722  7.45413e-05  -0.00890384  -0.00887094  0.00349328  0.00431325  -0.000959892  -0.00333757 
230 -6.80367e-05 0.472464 0.00273794 0.0356459 -0.000402085  -0.000988357  -0.000622095  -0.000796744  -0.000941746  0.000611237  0.000276356  0.00191706  -8.12023e-05  -0.000563408 
231 5.72266e-05 0.603893 0.00487676 0.0365878 0.00257223  -0.00219751  -0.000429014  0.00106486  0.000242925  -0.00160525  0.000619928  0.00117416  0.00256114  -0.000247213 
234 -0.000327882 0.449712 0.00812512 0.0357973 0.000182491  0.000624012  0.00192138  -0.0055442  -0.00032776  0.0044828  -0.000919658  -0.00318029  -3.59977e-05  -2.93887e-05 
236 3.12739e-05 4.20684 0.0215331 0.0401171 0.0130142  -0.00463754  8.78208e-05  0.00493297  0.00344184  -0.00715442  -0.0113909  -0.00628708  0.00363522  -0.00171193 
237 -0.000241613 0.386462 0.0104771 0.0397254 0.00334712  0.00490128  -0.00458556  -0.003747  0.00378234  -0.00337856  -0.00254093  0.00268241  0.000229472  -0.000228244 
239 0.000356788 1.22271 0.0321117 0.0426585 -0.00373108  -0.00444206  0.0201845  0.00360354  0.00934401  -0.00663218  0.0129126  0.0159932  -0.00478125  0.000661149 
246 -0.000263321 0.172348 0.0185789 0.0382495 -0.00185952  0.0044838  -0.00553119  -0.0047882  -0.00391117  -0.00404584  -0.00562559  -0.00854103  -0.0106863  0.00419929 
248 0.000532058 1.02974 0.033572 0.0415498 -0.0226731  -0.00516771  -0.0141254  0.00929677  0.00636064  -0.000893021  0.0019005  0.00168942  0.0102974  -0.0121075 
