generation s h r distopt trait[0] trait[1] trait[2] trait[3] trait[4] trait[5] trait[6] trait[7] trait[8] trait[9] 
3 0.0044085 0.625489 0.0470858 0.1 0.000990231  -0.033981  -0.0131893  -0.00478328  -0.01234  0.0119238  -0.0122403  0.00497495  0.0190395  0.00574532 
5 0.0082777 0.781315 0.0964334 0.170251 0.00550914  -0.0527981  0.00251995  0.065556  0.0104146  0.0170349  -0.031891  -0.00147446  -0.00204927  -0.0274843 
6 0.010459 0.725689 0.0971387 0.186256 -0.00155733  -0.0606868  0.0397717  -0.0177768  -0.0327775  0.00641211  0.012279  0.0256253  0.00882551  -0.0430351 
8 0.036229 0.646935 0.146605 0.235674 0.0697562  -0.0962212  -0.0551569  0.011687  0.000197024  0.00138726  0.0193626  0.0298956  -0.0392254  0.0371564 
10 0.00409549 5.25444 0.277472 0.221384 0.21301  -0.144057  0.031323  -0.0475039  0.0662887  -0.0237989  -0.0418452  0.0283124  -0.00970872  -0.00443822 
12 0.0114086 0.636974 0.0792136 0.234786 -0.0564264  -0.0036923  -0.0166709  -0.00859189  -0.0404632  -0.0213096  0.00127897  0.010303  -0.0205041  -0.0102913 
13 0.0151382 0.774929 0.128847 0.239759 0.0270413  -0.0615917  0.0913963  -0.00703443  0.00288326  -0.022844  0.0450041  -0.0146473  0.0290328  0.00780727 
14 0.00510566 0.580309 0.0406026 0.233484 -0.00776508  -0.0122736  -0.0126974  -0.00416561  0.0213868  -0.0117342  0.0123084  0.00770462  0.021281  0.000483168 
15 0.019308 0.61665 0.0953726 0.255915 -0.0280017  -0.057483  -0.00801698  0.020104  0.0083514  0.0100086  -0.013241  0.0105904  0.0633476  0.008293 
16 0.0214479 0.688059 0.127107 0.250222 -0.0540938  -0.0565573  -0.0405819  -0.0122846  -0.005058  0.0316843  0.0496352  -0.036956  0.0440162  0.037909 
17 0.0043719 0.636541 0.0489018 0.242012 -0.000912496  -0.0215733  -0.00844666  0.00196066  0.00903879  -0.0103114  -0.0261509  0.0103404  0.0128418  -0.0265748 
19 0.0187341 0.566866 0.0716477 0.315351 0.0261058  -0.0129464  -0.0406534  -0.00402785  0.00351203  0.00218717  -0.0053054  -0.0226352  -0.0323634  0.0317858 
21 0.00446544 0.792583 0.0722561 0.37719 -0.0104099  -0.0113651  -0.0459105  0.0165571  0.00841779  -0.0264582  -0.0138564  -0.0350127  -0.016554  0.0117761 
23 0.0161678 0.503972 0.0195817 0.466419 0.000404743  -0.0183095  -0.00122826  -0.000543068  0.000583156  0.000746403  0.00514437  -0.00258033  -0.00107022  -0.00332778 
24 0.0602194 0.660132 0.197433 0.497086 -0.0304592  -0.101108  0.00928625  -0.00496992  -0.0737951  0.122174  0.0538669  0.0609439  0.0265284  0.00516978 
28 0.0640126 0.561496 0.13097 0.620524 0.049423  -0.0552329  -0.0547692  0.0132485  0.0526579  -0.0560736  -0.0103695  0.0202076  0.0150435  0.0427254 
29 0.0160811 0.587365 0.0754866 0.614814 -0.0278373  -0.00821468  0.0166039  0.0143512  0.0221535  0.0152362  0.00435954  -0.0415518  -0.0346198  -0.0265929 
31 0.0718794 0.679864 0.228078 0.697772 -0.0523914  -0.109484  -0.0821517  0.0711292  -0.0194628  0.0658498  -0.0349986  -0.0280614  -0.136785  -0.00650252 
32 0.0793509 0.566049 0.151751 0.691501 0.0575603  -0.0941166  -0.0609385  0.0633387  0.0177696  0.00595234  0.0110393  0.0507177  0.000125324  0.00930135 
33 0.03313 0.515832 0.0509359 0.675969 0.00328876  -0.0326667  0.0114195  0.010189  -0.0277371  0.00911304  -0.000788376  0.0150173  -0.0141729  -0.00170783 
34 0.101182 0.672161 0.265372 0.693701 -0.0552243  -0.20236  0.0161868  0.0654607  0.0473931  0.0412803  -0.0326637  -0.0355587  0.0169373  0.123723 
39 0.00654367 0.503407 0.0104959 0.808488 0.00378042  -0.00492729  0.00117769  0.00249788  -0.00115671  0.00641789  0.00327827  -0.00277286  0.00154933  -0.000777148 
41 0.00131411 2.15815 0.0932828 0.88798 -0.0176947  -0.0430438  -0.0320458  0.0228581  -0.0230726  0.0164708  -0.00413295  0.00188058  0.0549427  0.0338146 
42 0.033498 0.846311 0.214296 0.88724 -0.00976954  -0.0405102  0.0549771  0.102038  -0.0410765  -0.0114575  -0.0353431  0.0653205  0.00835331  -0.1528 
43 0.222409 0.652228 0.374414 0.868473 0.195073  -0.214274  0.0906357  0.0728855  0.103409  0.160741  0.0344493  0.0122307  0.0692665  -0.00515121 
44 0.120093 0.599095 0.226017 0.743924 0.101369  -0.0193895  0.0649522  -0.105201  0.0239105  -0.0496417  -0.112597  0.048608  0.0563421  0.0624075 
45 0.0233079 0.93347 0.200037 0.663333 0.0537982  0.0636448  0.0343798  -0.101357  -0.10464  0.0502954  0.0139035  -0.0745088  -0.0274707  0.0404471 
46 0.0210108 0.518675 0.04206 0.645732 -0.00382036  -0.0211794  0.00467833  -0.0197432  0.00862934  0.0139283  0.00746132  0.0133768  -0.0177644  -0.00869207 
49 0.168772 0.619714 0.293242 0.629426 0.100551  -0.144579  -0.0497657  0.0461888  -0.062659  -0.156517  -0.0780963  0.0162465  -0.111744  -0.0556248 
56 0.0413294 0.61634 0.140069 0.490125 -0.00245352  -0.0427412  -0.0422079  -0.0178865  -0.0444884  -0.059132  -0.0254927  -0.0321607  0.067844  -0.062629 
63 0.0465865 0.561771 0.110768 0.446906 0.0206977  -0.00398421  -0.0426179  -0.0398862  0.0205443  -0.0282478  0.0553567  -0.06316  0.0120132  -0.000506911 
64 0.0190683 0.576049 0.0769416 0.392671 -0.0379946  -0.00892759  -0.0109863  -0.0186527  -0.00152189  -0.0198589  0.0351396  0.0316893  -0.0138149  0.0331896 
67 0.0520142 0.644088 0.17435 0.367834 -0.0261614  -0.106598  0.0677131  -0.0809473  0.0170761  -0.0267631  -0.0475654  0.036835  0.0504477  -0.00637394 
69 0.0182979 0.632455 0.0987907 0.290853 0.0237256  0.00895954  0.0206909  -0.0146162  0.0448552  0.0084159  0.0691206  -0.0176543  0.0182144  0.0311572 
72 0.0294645 0.703399 0.154843 0.257804 -0.0460526  -0.0260638  -0.00897924  -0.0516552  0.0821144  -0.00558188  0.049738  -0.0486813  -0.026957  -0.0779933 
77 0.00112555 4.93451 0.141085 0.193453 0.0427385  -0.104721  -0.0139357  -0.00947297  0.0258914  0.0125603  -0.0147611  0.016914  -0.060745  0.0424938 
81 0.0177785 0.740743 0.130724 0.190524 -0.00319745  0.0310959  -0.021597  -0.0454407  -0.0726752  -0.0510563  0.0319344  -0.0554973  -0.0329049  0.0225693 
85 0.00168716 0.814462 0.0460571 0.136663 0.00865612  0.00899439  0.0194178  0.00336286  -0.00763062  0.0182638  0.0237235  -0.0233864  0.00261188  0.00829006 
86 0.00761302 1.20973 0.146635 0.13035 -0.00744207  -0.0563652  0.0608743  0.0490084  -0.000504359  -0.000360057  0.0315431  0.0645236  -0.00560216  -0.0834974 
88 0.00446159 0.665662 0.0543939 0.0969895 -0.0285332  0.012561  0.0223561  -0.00178896  -0.00802689  -0.0249445  -0.0108484  -0.0120392  0.0220625  0.00690933 
93 0.00243258 0.943432 0.0656516 0.0703938 -0.0115539  0.0234756  0.00504512  -0.034257  -0.0202733  -0.0096591  0.00669674  -0.0238579  -0.0317192  0.0173804 
94 0.000733514 0.88393 0.0335584 0.050256 0.0171518  -0.000239236  0.0114303  0.0159528  0.00019967  -0.00198274  -0.0021563  0.00619034  0.0195676  -0.00411715 
100 -0.000107233 0.454975 0.00439541 0.042337 -0.000283829  0.00119909  -0.000716325  -0.000431008  -0.00291305  -0.000215194  0.000124509  0.00125546  0.000766063  0.00252816 
103 0.000176937 0.946711 0.0177802 0.043585 0.0123663  -0.00808629  -0.00494645  -0.00641603  -0.00307717  0.00435396  0.000922263  0.000514891  0.00126659  0.00102096 
106 -1.79656e-05 -3.49218 0.0169375 0.0415058 -0.00298608  0.0082946  0.00763829  0.000899789  -0.00397921  -0.00180179  0.000295896  -0.00780055  -0.00786319  0.00285725 
107 -8.11801e-06 0.495146 0.000397069 0.0417217 -0.000117081  -5.448e-05  0.000200591  -0.000211291  6.45693e-05  3.17305e-05  -5.3402e-05  0.000119805  -0.000151459  0.000103857 
108 0.000201663 0.968803 0.0194454 0.0418189 0.012384  -0.00448963  0.00275053  -0.00491154  0.00516097  -0.00316382  -0.00915735  0.00665193  -0.00177447  0.00224012 
111 0.000495825 0.649059 0.017195 0.0393342 -0.00283065  0.0117409  -0.00443798  0.00759666  0.000114707  -0.00224561  -0.00202287  -0.00320776  0.00341326  -0.00642759 
114 -6.24571e-05 0.424828 0.0043339 0.0324264 -0.00286122  0.00176476  -0.00114309  0.00160598  -0.00035414  0.000443371  0.00124736  -0.00111864  -0.000142221  0.000668094 
115 -0.000375262 -0.638461 0.041339 0.0333756 0.0127822  -0.0116667  -0.0249418  0.00544042  0.00878922  -0.000540838  -0.00651649  -0.00495792  0.0239736  -0.00619646 
116 0.00101495 0.611125 0.0212463 0.038591 -0.0021656  0.00765391  0.00536044  -0.00737655  -0.00397959  -0.000264638  -0.00726679  -0.00373944  -0.0125964  -0.00797635 
119 -1.6752e-06 0.48268 0.000340673 0.0217906 0.000221342  -5.16306e-05  0.000140543  -0.000129617  5.1337e-05  2.24964e-05  8.39236e-05  -8.83291e-06  0.000112028  -7.09516e-05 
120 -7.69362e-05 0.458556 0.0035718 0.021829 0.0019885  0.000168173  0.000531271  0.00145143  0.00219687  0.000639511  -0.000493372  0.000318137  -0.00022991  -0.000868185 
121 8.28803e-06 0.687129 0.00249073 0.0235254 -0.00110963  -0.000161955  -0.000155965  0.00122977  0.00151478  -0.000592903  -0.00021499  -0.000233055  -0.000532112  -0.000616264 
130 1.65301e-05 0.597452 0.00253843 0.0233486 -0.000297847  0.000310837  0.000699904  0.000393336  0.000216579  -1.98739e-05  -0.0015802  -0.00164328  -0.00054293  0.000272471 
131 -0.000747168 0.230776 0.0283747 0.0229919 -0.00501702  0.0119631  -0.00822699  -0.0054466  0.0187088  0.00303084  0.0111021  -0.0018241  -6.01158e-05  -0.0073276 
132 0.000299145 0.709168 0.0158204 0.0357222 -0.0069047  0.00445751  0.0117193  -0.00190467  -0.00520109  -0.00096016  -0.00274836  -0.00238558  0.000703748  -0.000244242 
133 -9.49342e-05 0.484841 0.00240022 0.0312565 0.000584724  0.00124736  -0.000325472  -0.000631445  0.00123074  0.000242541  -0.000983173  -0.000580755  0.000579876  -0.000380659 
134 8.4667e-05 0.54761 0.0040158 0.03274 0.000886897  0.000589445  -0.000574448  -0.00209792  -0.00230439  0.000252353  -0.000290249  -0.0019239  -0.000859272  0.000602923 
136 -9.00778e-06 0.0896933 0.00384498 0.0314205 0.000810038  -0.00179237  -0.00118518  -0.00148035  0.0015167  0.00110725  0.00152579  -2.27077e-05  -0.000704677  -0.000983655 
139 -4.64524e-05 0.400739 0.00429479 0.0315635 0.00161547  0.000701662  0.00182862  -0.000745713  0.0010014  0.00207427  -0.000672457  0.00169665  -0.00164515  0.000316956 
140 1.07136e-05 7.29985 0.0170702 0.032291 -0.000838526  -0.0100099  -0.0119315  0.00210296  0.00373844  -1.80022e-05  -0.0052303  0.00104599  0.000598021  0.000961091 
141 0.000431299 1.16302 0.0338161 0.0321247 0.00285647  -0.0078655  0.0061879  -0.0210494  -0.00825568  -0.0173053  0.00105902  0.0102804  -0.00752841  0.00781187 
142 -0.000100186 0.303244 0.00888015 0.024511 -0.00194152  0.00615204  -0.00246719  0.000766302  -0.0010369  -0.000785293  0.00491371  -3.2871e-05  0.00118151  0.00182545 
144 0.0002567 0.662422 0.0129144 0.026476 0.00414575  -0.00277658  0.00327757  0.00962688  -0.00325768  0.00134162  0.000386833  0.0041446  -0.00218913  -0.00198358 
150 9.83292e-05 1.80689 0.0226709 0.0210787 6.02444e-05  -0.00498216  -0.00574378  -0.00133045  -0.011259  0.0102828  -0.00856903  -0.0102775  0.00605938  -0.00247192 
153 -3.63376e-05 -0.693385 0.0131704 0.0186008 -0.00254561  -0.00840304  0.00246269  -0.00156136  -0.00334049  -0.00684476  -0.00413484  -2.14875e-05  0.000647806  0.00351259 
155 -1.6625e-05 -4.76314 0.018708 0.0195532 0.00165629  0.0170327  -0.000985187  -0.000336852  0.00401721  -0.00052488  -0.000133963  0.00324164  -0.00539302  0.000147011 
158 -0.000243746 0.41453 0.00913079 0.0199738 -0.000143036  0.00165245  -0.00541441  -0.00341695  -0.00112909  0.000999779  0.00439694  -0.00108662  0.000761992  0.00403237 
160 -8.66005e-05 -1.66597 0.0273909 0.0253521 0.000650717  -0.00814787  0.00678199  -0.00243001  0.00354695  -0.0119582  0.00677509  -0.00458796  -0.0106008  -0.0172233 
162 -5.12396e-05 0.328014 0.00593734 0.0270061 -0.000213186  0.000179938  -0.00477722  -0.000122946  0.000424089  -0.000195796  -0.0021683  -0.00164738  0.000618507  0.00207874 
165 5.90086e-05 0.665437 0.00624894 0.0279387 -0.0004071  0.00262872  0.000663226  0.00250886  -0.00297442  -0.00173586  0.00210498  0.00144026  0.00215748  0.00148954 
166 -0.000117132 0.380243 0.00749126 0.026862 0.00129111  -0.00394775  0.00106599  -0.00405759  0.000630227  2.875e-05  0.00252182  0.00216916  -0.00244628  0.00195444 
167 -0.00026132 0.166079 0.0186844 0.0289604 0.00725721  0.00597524  0.00542764  0.000509482  -0.00250608  0.000310875  -0.0101575  -0.00877593  -0.00506303  -0.00433746 
174 8.12794e-05 0.865018 0.0108936 0.0331671 -0.00511753  -0.00144244  0.000663773  -0.00241219  -0.00609334  0.00354357  -0.00291656  0.00124983  0.00421026  -0.00258092 
175 0.000338648 1.42051 0.0353068 0.0319184 -0.011442  -0.0159779  0.00602906  0.0164909  0.00378298  -0.00602751  8.61768e-05  0.0129398  -0.00375024  0.0178858 
179 0.000228016 0.908682 0.0193057 0.0260805 0.0125536  0.00399805  0.00276933  0.00683022  0.00641509  0.00578607  0.00246064  -0.00599198  -0.000406184  -0.00529678 
181 -7.40975e-05 -1.13212 0.021994 0.021265 0.00258518  -0.00372479  -0.00415322  -0.00128885  -0.00505056  0.00845619  -0.00946799  -0.00419595  0.0134329  -0.00771752 
182 -5.76745e-06 -19.048 0.0212355 0.0229413 -4.99089e-05  0.0111008  -0.00291131  -0.00133429  0.00469701  0.00537599  -0.00375476  0.000976266  0.00141791  0.0157935 
183 -0.000237237 0.306966 0.013536 0.0230666 -0.00631061  -0.00546055  -0.00151057  0.00315712  0.00351607  0.00435075  -0.00361916  0.00556309  0.00235263  0.00452335 
188 -0.00015389 0.409666 0.007458 0.0277369 0.000109681  -0.00224312  0.00410657  -0.00101443  -0.000666775  0.00207246  -0.00160974  0.00501944  0.000289361  0.000275324 
189 -8.29195e-05 0.436213 0.00460011 0.0303848 0.00018403  -0.00031819  -0.000233701  -0.000208254  -0.00218347  0.00288395  0.000208276  0.00058446  -0.00245768  0.00119084 
191 -2.6773e-05 -0.180128 0.00853445 0.03172 -0.00358656  -0.00451783  0.000312306  0.00199916  0.000118454  -0.00283534  -0.000183279  0.000315809  0.0050765  -0.00122929 
194 -2.91841e-05 0.30014 0.00483028 0.0321393 -0.00209997  0.00183621  -0.00273985  0.0011426  -0.000159609  0.00214065  3.16241e-05  -0.000355435  0.00124253  -0.000677296 
196 -0.000486648 -0.075311 0.0334684 0.0325901 -0.00870356  0.014222  0.00463605  0.000396844  -0.00266835  0.0100547  0.00209013  0.00572799  0.00217773  -0.0258907 
200 0.000490838 0.824428 0.0252365 0.0393559 0.00278739  -0.00438012  0.00556105  0.00893524  -0.0134037  -0.00931028  0.00479322  -0.0106125  -0.00810797  0.00561088 
201 2.27261e-05 1.40471 0.00906868 0.0325295 0.00181762  0.0040053  0.00072036  -0.00413833  -0.00111432  -0.00284253  -0.00376298  0.000924049  0.00294722  0.00349692 
205 -2.28761e-05 0.38883 0.0031895 0.0321783 0.000710083  0.000530498  0.00113833  -0.000367687  0.00093321  -0.00063639  -0.00113598  0.000991381  -0.00144004  -0.00152756 
206 -2.13413e-05 0.382308 0.00316972 0.0325318 -0.000990827  0.00141268  -0.00114559  0.00171449  -0.00016406  0.000422227  0.00108638  -0.00101543  0.000338159  -0.000535703 
208 8.93151e-05 0.523241 0.00288213 0.0328582 0.000484182  0.000618152  3.71506e-05  0.00012989  0.000486584  8.03035e-05  0.00127759  -0.000793999  -0.000914044  0.00208099 
210 -1.52816e-05 -4.44458 0.0173849 0.0314698 -0.00695643  -0.00488473  0.00245894  -0.00810908  -0.00471453  -0.00311883  0.00764541  0.00641787  8.41071e-05  -0.00515535 
211 0.000204526 0.997091 0.0201651 0.0317117 0.00293055  -0.0085998  0.00381895  0.00250169  0.0160701  0.00329987  -0.00139414  0.00329732  0.000360649  0.00460002 
216 0.000104667 0.556282 0.00485464 0.0283041 0.00108598  0.00300899  -0.000626428  -0.00127383  -0.00104427  -0.00248582  -0.00145817  -0.000787215  -0.00113515  -0.000121421 
220 -0.000438328 0.370167 0.0150923 0.0263906 -0.00273772  0.00664483  0.00430545  -0.00342218  -0.00973413  -0.00343439  -0.00342567  0.000405686  -0.00408742  -0.00327501 
224 -6.53473e-05 0.407973 0.00490487 0.0336881 -0.00022344  -0.00157577  -0.00269583  -0.000245913  -0.0023558  0.000818612  -0.00162207  0.0014453  0.000343813  0.00177163 
226 -0.000318452 0.165059 0.0206578 0.0346444 -0.00683654  0.00427136  0.000647599  0.010734  0.00232541  -0.00426366  -0.00137007  -0.00246981  -0.00534504  0.0136379 
227 -0.000432539 0.114603 0.0258259 0.038971 0.0174944  0.0100407  0.00673488  0.00149851  0.00836841  0.0021417  -0.00393661  0.00593598  0.00910583  0.00205952 
232 -0.000851491 -0.021964 0.0421724 0.0441743 0.0201718  -0.00659512  -0.0220314  -0.0200482  -0.00967417  0.00745736  -0.00231665  0.00493974  0.0039796  0.0156844 
233 -0.00100641 0.454018 0.0136272 0.0529455 -0.000687475  0.0059277  0.00455851  0.00129097  -0.00388975  -0.0013051  -0.00892531  -0.000654053  0.00394134  0.00389716 
234 -0.000232305 0.487967 0.00334801 0.0617264 -0.000662469  -0.000323747  0.000616211  -0.00191252  -0.000704839  -0.000274809  -0.00192353  0.00142293  0.000540014  0.000198469 
235 0.00242276 0.81186 0.054958 0.0635805 -0.0198018  -0.00583882  -0.00488824  -0.0175688  0.0094222  0.00634387  0.0223137  -0.0287767  -0.0254478  -0.0126097 
236 -0.000167925 0.213375 0.0138763 0.0402821 -0.00316213  -0.000839178  0.00456928  0.000672982  -0.00145742  -0.00506786  -0.0083791  0.00275251  -0.0046345  -0.00578322 
237 0.000727106 0.614116 0.0182216 0.0423153 -0.00210379  -0.000930691  0.0060478  0.00672247  -0.000570623  -0.00301658  0.00539377  0.000283253  0.0143282  0.00103465 
238 -0.00101989 0.245799 0.0322171 0.032615 -0.00344408  0.0124672  0.00360042  0.00340951  0.015206  -0.00886122  0.00418483  0.00482746  0.000273499  0.0222581 
239 -0.000183303 -2.37634 0.0459196 0.0456525 -0.0137264  -0.00826889  0.00147515  -0.0122361  0.00704595  0.0124722  0.023564  0.00655759  -0.0153635  -0.0256986 
240 -0.000573415 -0.842475 0.0554891 0.0476179 0.0142672  0.0118618  -0.0189367  0.0168693  0.0140722  -0.0205569  -0.0338875  -0.0140915  -0.0109965  0.00177317 
241 -0.000539417 0.38006 0.0160934 0.0533015 -0.00725507  0.00177503  0.00373691  -0.00719708  -0.00483354  -0.00894347  0.00184183  0.00285849  -0.00120326  0.00459234 
242 0.00056712 0.602538 0.0152543 0.058143 0.00412356  -0.00771617  -0.000394487  0.00400389  0.00604839  -0.000828395  -0.00157346  0.00350497  0.00365717  -0.00863478 
243 0.000210005 0.522308 0.00433121 0.0530439 -0.000621821  -0.000858903  0.000572234  0.00099595  -0.00296631  8.12796e-05  -0.000955506  -0.000302455  0.00187425  0.00172997 
245 -5.74314e-06 -35.5198 0.0287643 0.0510261 -0.00592208  0.0013133  -0.00421016  -0.00208966  -0.014835  -0.00873027  0.0190351  -0.0013392  0.000395142  0.0103883 
247 0.000643277 0.854683 0.0302068 0.0510824 0.0244822  -0.0054793  -0.00843412  0.00208411  -0.00669636  0.00493558  -7.15034e-05  0.00147561  0.00884111  0.00761703 
248 5.11002e-06 14.3893 0.016849 0.0443434 -0.00271058  0.00672536  0.00946081  -0.00643516  -0.0070344  0.00627028  -0.00201824  0.00132955  -0.00154082  -0.0018377 
249 -0.000144553 0.441027 0.00584052 0.0442858 0.000854269  0.0020341  -0.00166059  -0.00179139  0.00388122  0.00109392  -0.00147707  -0.00128962  -0.00172935  -0.000426138 
250 -0.00169961 -0.563865 0.0850511 0.0458889 -0.0210557  -0.0350319  0.00993604  0.0134226  -0.0187921  -0.0165874  0.0273812  -0.00516747  0.0572493  -0.0245361 
251 0.000215874 0.561159 0.00726828 0.0616997 -0.00166166  0.00567459  -0.00132428  -0.000414794  0.000315503  0.00140884  0.00112996  -0.00135795  -0.00150532  -0.00291012 
