generation s h r distopt trait[0] trait[1] trait[2] trait[3] trait[4] trait[5] trait[6] trait[7] trait[8] trait[9] 
3 -0.000121318 -1.52157 0.0313203 0.04 -0.00254247  -0.0126539  0.000987226  -0.001773  0.0101985  -0.0068575  0.0120731  0.00320476  -0.0133407  -0.0180338 
4 0.000932053 0.66982 0.0251637 0.0573717 -0.018053  -0.00333154  -0.00415798  -0.00894953  -0.00350586  -0.0048789  0.006219  -0.009099  0.00561366  -0.00312182 
5 8.70698e-05 0.513754 0.0021895 0.0642279 0.000900525  -0.000862081  0.000414914  0.00105479  -0.000657125  1.6813e-05  -6.2179e-05  0.00036017  -0.000214923  0.00115894 
8 0.00290414 0.738372 0.0526146 0.118901 -0.00250084  -0.0241  -0.0192703  0.0142336  -0.019489  -0.0109733  -0.0147027  0.0266866  -0.00726021  0.0112251 
9 0.00262087 2.0983 0.129237 0.124304 -0.0367179  -0.0579119  0.0476755  0.0168108  0.00500244  0.0342143  0.0658663  0.0207456  0.057304  0.0140235 
12 0.00034582 2.49421 0.0525089 0.149153 -0.0334664  -0.00640897  -0.010782  0.0155374  -0.00274667  0.000128343  0.0340596  -0.00301319  -0.00577369  -0.00533073 
14 0.0049907 0.542147 0.029182 0.172975 -0.0172926  0.00707052  0.00440717  -0.0174831  -0.00334155  -0.00550872  -0.00894399  -0.00694137  -0.00239224  0.00143941 
16 0.0147605 0.759613 0.12367 0.188634 -0.043451  -0.00163506  -0.0224921  -0.00255489  0.0333488  -0.0214463  -0.10409  -0.00206475  0.0192657  0.0104342 
21 0.0209667 0.685418 0.124799 0.234855 -0.0335578  -0.0787486  -0.0461344  0.0158262  0.0606095  0.0350647  0.0298316  0.00537219  -0.00613871  0.00300555 
22 0.00890118 0.936099 0.12437 0.201186 0.0108709  -0.0559604  0.0123982  0.0254799  -0.0446706  0.0344711  -0.0753444  -0.00292031  -0.0454924  -0.0218309 
23 0.0014545 0.583791 0.0220945 0.192892 0.00175834  -0.0157069  0.00622059  0.00416942  -0.000409043  -0.00418633  -0.00783812  -0.00564698  -0.008216  0.00194128 
26 0.00375475 0.512159 0.0137582 0.236962 -0.00845379  -0.00147303  -0.00572272  -0.00522095  0.00220678  -0.00151275  0.0011993  -0.000734011  0.00643884  0.00224742 
27 0.00195821 0.79358 0.0479434 0.246011 0.0034144  -0.0124665  -0.00223541  -0.00425374  0.0155184  0.00123762  0.0120542  -0.038287  0.00721854  0.0142391 
29 0.00229229 0.913188 0.061523 0.276928 -0.0306618  0.00412135  0.00702434  0.0105334  0.0160057  0.0191091  -0.0154114  -0.0139289  0.0364455  -0.0169265 
31 0.00117707 6.9186 0.173465 0.306957 -0.0117581  -0.0459385  0.0804749  0.0221898  -0.0502249  -0.00401148  -0.0145568  0.127039  0.0345763  -0.0280679 
32 0.00671495 0.558002 0.0396838 0.320197 -0.0166278  -0.0216392  0.016969  0.0144581  0.0133576  -0.00475908  0.00653341  0.00939396  -0.000780841  0.000684328 
35 0.00618227 0.506918 0.0137671 0.354718 -0.0076596  -0.000630356  0.00263594  -0.0067094  0.00121542  0.00362247  0.00399477  -0.00579067  -0.00200303  -0.00322507 
36 0.0156672 0.792329 0.135119 0.361973 -0.0635887  -0.00248688  -0.0421006  -0.000749882  -0.0525562  0.064318  0.0564882  0.0450263  -0.0157327  -0.00834361 
37 0.0272436 1.41021 0.311512 0.354644 -0.179136  -0.0315202  -0.0401198  -0.078934  -0.13928  0.0875989  0.0699657  -0.122451  -0.0677565  0.0675506 
38 0.0090132 0.566916 0.0494086 0.322535 -0.0173179  -0.0340286  -0.00176749  -0.0208969  -0.0107788  -0.00468225  -0.0091596  0.00493003  0.00636605  0.0160224 
39 0.006315 0.506687 0.0137179 0.315499 -0.00479532  0.00183899  0.00332525  0.000268289  0.00653717  -0.010096  -0.000756587  -0.000834439  -0.00217332  0.000139078 
41 0.029644 0.578886 0.0981503 0.323178 -0.0179826  -0.0325524  0.00318763  0.0248896  0.0103618  -0.029463  -0.0328279  -0.0210551  0.00733517  -0.0712079 
42 0.00707679 0.931814 0.110393 0.283903 -0.0304583  -0.0700314  0.0274089  0.0378555  -0.0301318  -0.0233677  0.0374635  0.0262844  0.0070406  -0.0239241 
43 0.00423935 1.87609 0.152404 0.277267 -0.033885  -0.101087  0.0196183  0.0590006  0.0642077  0.0297002  0.0287777  0.0257425  -0.0332505  0.0198248 
44 0.0162869 0.66102 0.102578 0.270106 -0.0300808  -0.0167493  0.0253475  0.0329745  0.024904  -0.0616908  -0.0115072  -0.048458  0.0157609  -0.0212644 
45 0.0159167 0.664828 0.102578 0.237881 0.00889083  -0.00477307  0.0172918  -0.0172385  0.0273561  -0.060912  -0.0601064  0.00817089  0.0163577  -0.0376643 
51 0.00290009 1.24568 0.0929113 0.238768 0.021585  0.0473542  -0.0206356  -0.0281402  0.00661097  0.00448687  -0.00981481  -0.0161556  -0.0262631  0.059963 
56 0.0327707 0.824588 0.205339 0.315239 -0.0179915  -0.177806  0.0696159  0.0234734  0.0173934  -0.0359896  -0.0077731  0.0343209  -0.0239794  0.0376418 
57 0.00140037 0.506195 0.00597131 0.270268 -0.00119406  -0.00243491  0.00144994  -0.00251774  0.00123914  -0.000660854  0.0018542  -0.00298709  0.00172216  0.00160059 
59 0.0213326 0.769119 0.151262 0.292692 -0.00997897  0.0173012  -0.0676999  -0.0711353  0.0630254  -0.047952  0.0341202  0.0374389  0.0281533  0.0566364 
61 -0.000218617 0.3247 0.0123827 0.286701 -0.00317818  0.00683724  -0.00300177  0.00190116  -1.04954e-05  0.0016608  0.00567201  -0.00463421  -0.00284268  0.00440125 
63 0.00482242 0.908055 0.0886352 0.321653 -0.0250029  -0.00918602  -0.01821  -0.00746293  0.0206168  -0.00739837  0.025962  0.0291661  -0.0645456  -0.0242644 
64 0.00110388 5.28685 0.145154 0.330764 -0.0368383  0.0296046  -0.0519895  -0.0109375  -0.0717636  0.00860834  -0.0515334  -0.0395604  -0.0809441  -0.00412223 
66 0.00328286 0.538857 0.0226882 0.363047 0.00285276  -0.00883602  0.00289666  0.000101782  -0.0017757  0.0146661  -0.0105723  0.00505242  0.00525887  0.00607755 
69 0.0230144 0.636525 0.112538 0.411424 -0.0421389  0.00946255  -0.0503082  -0.0209627  0.0642525  0.0214423  0.0141623  -0.0520452  0.0169905  0.00656575 
70 0.0266584 0.54399 0.0705164 0.400965 -0.00482951  -0.0222423  0.00714684  -0.0171985  0.0034507  -0.0361207  -0.0104886  0.00989114  0.0484569  -0.0153337 
72 0.0572011 0.586094 0.143708 0.40478 -0.0201889  -0.0985464  0.000609914  0.0251867  -0.0721923  0.0575965  -0.0182472  -0.00135185  0.0252372  0.0199377 
74 0.010195 0.551834 0.0464109 0.36618 -0.0047594  -0.0218069  -0.0114306  0.0043143  0.0302981  -0.00419715  0.0193928  -0.000449  -0.0130844  -0.00484044 
75 0.00922087 0.54127 0.0394594 0.370575 0.00139913  -0.0263086  0.00501455  0.00244228  -0.0113069  -0.0171289  0.0133738  -0.0144749  -0.00222758  0.00415247 
76 0.0377095 0.571967 0.10642 0.376331 -0.0536272  -0.0291561  -0.00825434  -0.061472  0.0431059  -0.00325259  0.0258172  0.0261624  -0.00529888  -0.0224644 
77 0.0190681 1.0305 0.200149 0.341386 -0.0362105  -0.0685578  -0.0440191  0.108378  -0.0197668  -0.0161647  0.0238264  -0.00963439  0.116791  0.0735669 
78 0.0165831 1.14551 0.205859 0.327762 -0.0055234  0.0122073  0.118499  -0.0258643  0.0874166  0.00646394  0.0077049  -0.0355407  -0.0452115  -0.128208 
79 0.0284994 0.671977 0.140278 0.318971 -0.0337352  -0.108234  -0.01114  0.0371684  -0.0190207  0.00117293  -0.0246575  -0.0272411  0.00186466  -0.0600242 
80 0.0259141 0.59084 0.0980418 0.284934 -0.0415321  -0.0145778  0.0183219  0.0194376  -0.0351347  0.0155541  -0.0206423  -0.00638017  -0.016984  0.0687721 
82 0.0120006 0.56338 0.0556262 0.264427 -0.0230446  -0.0228295  -0.00333071  -0.0053979  0.00153668  0.0322672  0.0156346  0.0195443  0.0176064  0.00467573 
83 0.0270266 0.658368 0.131196 0.255056 -0.0683471  -0.0612695  -0.00998862  -0.0319063  -0.0722473  0.00113771  0.0442252  -0.0131798  0.0159625  0.00799468 
87 0.00701213 1.17734 0.13752 0.244882 -0.0336444  -0.0103408  -0.0308818  -0.061493  0.0406932  0.00854059  0.0359791  0.0847751  -0.0442061  -0.0278115 
95 0.0095995 0.582231 0.056452 0.352971 -0.00501795  0.0035312  0.0011382  -0.015499  -0.0268561  -0.0187193  -0.0152731  -0.0353651  -0.00138139  0.018712 
97 0.0177087 0.52779 0.0458785 0.375304 -0.0128159  -0.0154725  -0.000811429  0.00306254  -0.0124417  -0.0170996  -0.0169485  -0.0182496  0.00979136  0.0229737 
98 0.0129925 0.807612 0.126235 0.369606 -0.0533762  -0.0376304  0.0233175  0.0359129  -0.0201027  -0.00545481  0.0968505  0.00152044  -0.00397399  -0.00218561 
99 0.00701058 0.563466 0.0423972 0.367743 -0.0130959  -0.00667023  0.00613759  -0.00870932  0.0152637  -0.0143639  0.00599095  0.0275808  -0.0149168  0.00309757 
100 0.0205705 0.632608 0.104847 0.374199 -0.006123  -0.00353887  -0.0309688  0.019424  0.00324433  -0.0535783  -0.0609446  0.0167262  0.0469422  0.0229747 
103 0.0674076 0.594384 0.163312 0.36327 -0.101617  -0.0612161  -0.0173057  0.012171  -0.0335591  0.0337249  -0.0667596  0.0633171  0.015818  -0.0342061 
105 0.0115765 0.555614 0.0512432 0.258326 -0.0219258  0.00602759  -0.0157361  -0.0193416  0.0194549  0.00288581  -0.0208677  -0.0123566  0.021471  -0.00714846 
106 0.0103194 0.540473 0.0414057 0.234995 -0.0299987  0.0065204  0.00385086  -0.0145751  0.00849481  0.00350565  0.00466752  -0.0140506  -0.00435941  -0.014902 
110 0.0119868 0.538498 0.0436514 0.212028 0.000525048  -0.0297188  0.0145328  -0.00424597  0.00522714  0.00104741  0.00273372  -0.0222397  -0.0152857  0.00534589 
111 0.00859458 0.624723 0.0656031 0.18177 -0.00696237  -0.0504625  -0.00591888  -0.000380285  -0.0177359  -0.0193118  -0.0289465  -0.0069364  0.00588108  -0.00809569 
112 0.00767094 0.663478 0.0708734 0.156469 -0.0247686  -0.0265401  0.00620703  -0.0130439  0.024244  0.0268381  0.0319532  0.00341568  0.00276107  0.0338843 
115 0.0031877 0.919251 0.073067 0.129773 -0.0261521  0.00938139  -0.0297012  0.00769395  0.00584028  0.00106532  -0.00078666  -0.0457996  -0.0366433  -0.0122188 
116 0.00417374 0.576579 0.0358369 0.116869 -0.00570868  -0.0111864  0.00810612  -0.0117798  -0.00144514  -0.00564127  -0.0241777  -0.00420228  0.00378666  -0.0164808 
118 0.00298248 0.702225 0.0491187 0.0974332 -0.0127962  0.0175565  0.0325287  0.00895086  -0.00886538  0.0220308  -0.0108994  0.00781564  -0.0075844  -0.00103874 
123 -0.000728548 0.437218 0.0135383 0.0807168 -0.00102098  0.0052511  0.000804536  0.0036987  -0.000256111  -0.000974711  0.0059857  0.00152558  -0.00792631  0.00619229 
125 0.000966337 0.690493 0.027136 0.0851118 -0.00242452  0.00668535  -0.00139487  0.00407309  0.0160751  0.00132068  -0.0089033  0.00416021  0.0113054  0.0135172 
128 0.00121832 0.584231 0.0202719 0.0792347 -0.00738054  -0.00536936  0.00606057  -0.00247413  -0.00262767  -0.00615509  0.00436552  -0.0113406  -0.00800351  -0.00531803 
130 0.00118489 0.608373 0.0226717 0.0711377 -0.00724568  -0.000776032  0.0077676  -0.00376859  0.00145739  -0.00695165  -0.00125991  0.00461425  0.012457  -0.0125643 
132 8.19493e-05 1.45053 0.0176511 0.0622605 -0.000715337  -0.00528693  -0.00612967  -0.00230487  -0.000168635  -0.0114195  0.0022464  -0.00878939  0.00491363  -0.00182607 
133 0.00056768 0.560085 0.0116857 0.0615989 -0.00526466  -0.00189323  -0.00086418  -0.000171656  0.00268168  0.00521998  -0.00235025  0.00743678  -0.00293  0.000790361 
134 -0.000141696 0.455887 0.00500143 0.0568059 -0.00358572  0.00149009  0.000372033  0.00130694  -0.000507978  0.000139579  0.00131377  0.000553339  -0.00129177  -0.00202772 
136 0.000831483 0.888058 0.0359201 0.0580398 -0.00446948  -0.0114598  0.0252539  0.00384049  0.0117783  -0.0021177  -0.00597103  0.0114446  0.00245876  -0.0130595 
137 -0.000332288 0.426991 0.00985447 0.0503734 -0.00605802  0.00105692  -0.00440955  -0.00152281  0.00116031  0.000260488  0.00507996  0.000405529  -0.00116428  -0.00296488 
138 0.000849011 1.39005 0.0549599 0.0535707 0.00486523  0.00438752  -0.00802322  -0.0151362  0.0182823  0.0110647  -0.00556606  -0.0312522  0.00433368  0.0346563 
143 -9.67184e-06 -0.294925 0.0055456 0.0449574 0.00182705  0.00157918  0.00291137  0.00161489  -0.000879824  -0.00229228  0.00151803  0.0014154  0.000100964  0.00186848 
144 -0.000332048 0.292314 0.0166114 0.0450648 -0.00819444  -0.00417564  -0.00628691  0.000896858  0.00964422  -0.00010494  0.00115993  -0.00141451  -0.00281655  -0.00683536 
148 0.000152405 0.578556 0.00692076 0.0486101 -0.001604  0.000735421  -0.000194075  -4.70376e-05  -0.00284744  0.00412965  0.000100761  0.00229221  -0.000253979  0.00377526 
149 -0.000566438 0.176111 0.0270953 0.0470165 -0.00135121  -0.00954868  -0.000276707  0.0136743  -8.41622e-05  -0.000893275  0.0115233  -0.00822912  0.0127743  0.00946548 
150 -0.000404967 0.412041 0.0119411 0.0526987 -0.00353813  0.00128081  -0.0041683  -0.00426024  0.000389732  -0.00288455  0.00664946  0.000859835  -0.00542267  -0.00317403 
152 -0.000778736 0.445973 0.0129868 0.056411 -0.00122193  -0.000251133  0.00469518  0.00725158  0.000884755  -0.00325916  0.00714036  -0.00475349  -0.00175451  -0.00209956 
153 0.000590207 1.11807 0.038192 0.0629384 0.00218502  -0.00153652  -0.0145711  -0.0105326  -0.0130424  0.0168121  -0.0125156  0.00954703  0.00103434  0.0206553 
154 0.00200264 0.605299 0.0290615 0.0580621 0.00419717  -0.0102725  0.0068969  -0.00569649  -0.016455  -0.00714314  -0.00873771  0.00837743  0.00286507  -0.0128407 
155 -3.40509e-05 0.421396 0.00327215 0.0370211 -0.00237529  0.00126808  4.43881e-05  0.000264736  -0.000653625  0.00120491  0.000186127  -0.00028816  -0.0006445  -0.000986308 
157 -4.1686e-05 0.463331 0.00247293 0.0374782 0.00022988  0.00113554  -0.000332643  -0.000695982  -0.00131935  -0.000338955  -0.000582137  -0.000477109  -0.000734238  0.00110311 
158 0.000304633 0.909007 0.0223232 0.0380303 -0.00519297  -0.00783926  -0.00260259  -0.00315957  0.00679263  -0.0134128  -0.00334957  0.00454603  0.00648268  -0.00965378 
159 5.20225e-05 3.64721 0.0255897 0.0337893 0.00463565  0.00301459  0.00586116  0.0168557  0.0100191  -7.73477e-05  0.000993957  0.000591982  -0.0123666  0.00715051 
164 -0.00100944 -0.0347211 0.0464768 0.0330105 -0.00892913  -0.0227842  0.00597027  0.0036995  0.00364823  0.0281231  -0.0134383  -0.00639085  0.0123761  -0.0182509 
165 6.47628e-05 1.08751 0.0123365 0.0458219 -0.00268683  0.00200706  0.00535347  0.000196156  -0.00377512  -0.000380177  0.00303184  0.00332001  0.00849557  0.00233619 
166 -0.0002102 0.225262 0.0152 0.0451097 0.00544  0.00240914  0.00629011  0.00197136  0.0053578  0.00129052  0.00265506  -0.0100038  -0.00177609  0.00339677 
168 9.9e-05 0.867586 0.0120648 0.0473826 -0.00190199  -0.000546775  0.002771  -0.000462704  -0.00170523  -0.00191904  0.00916814  0.00312196  -0.00577431  0.000123551 
170 -0.000772705 0.164221 0.0322242 0.0463261 -0.0106595  0.00472177  -0.0107002  0.00113556  0.00225925  0.0116009  -0.0234807  0.00500895  -0.000489086  -0.0083866 
171 0.000402009 0.825278 0.0228692 0.0540288 0.00811037  0.0026647  0.00135366  0.00143372  0.00726669  -0.00764692  0.00683995  0.0168452  -0.000528999  -0.00203182 
172 -0.00042637 0.400771 0.0130137 0.0501716 -0.00800554  -0.00255999  0.00374492  0.00845072  -0.000525  -0.00112269  -0.000118038  0.000142677  -0.00298662  0.00166888 
173 0.000625834 0.618132 0.0171993 0.0542554 0.00527887  -0.00558575  0.0061761  -0.00974734  -0.0054956  0.00272674  0.0046836  -0.00428937  -0.00505279  0.000304537 
176 7.75142e-05 0.543193 0.0036599 0.0481457 0.000710173  -0.000150398  1.37523e-05  0.00138832  -0.00037527  -0.000691925  -0.000498121  0.00152375  -0.00108224  0.00256506 
179 2.32015e-06 203.978 0.0434506 0.0473339 0.00377912  0.00581296  -0.00112122  0.0102444  -0.00699696  -0.033228  -0.00658455  0.0229272  0.000287231  -0.00339499 
180 0.000400991 0.543462 0.00835332 0.0473094 0.000538707  -0.000919072  -0.00365569  -0.00296429  -0.000945064  -0.00299  0.00148676  -0.00470399  0.00336562  0.000996583 
181 -6.70249e-07 0.499832 2.12116e-05 0.0428634 1.01493e-06  -2.43138e-06  4.4168e-06  1.33314e-05  -1.31612e-05  -3.49235e-06  -5.08451e-06  2.53274e-06  5.278e-06  -4.65006e-07 
182 -0.000587356 0.265224 0.0234922 0.0428712 0.00110516  -0.00329365  -0.00390671  0.000560857  0.019066  -0.00849071  0.00131343  -0.00706599  -0.00294029  0.0053231 
183 0.000124847 2.07646 0.0280561 0.049249 -0.0139082  0.00731517  0.00252141  -0.0181226  0.00478313  0.00155454  0.00929036  -0.00346381  -0.00896608  0.00118994 
184 0.000699634 0.577539 0.0147363 0.0479648 -0.000777541  -0.00520865  0.0072037  -0.00442807  -0.00795017  0.000914353  -0.00370204  -0.00405991  0.00473076  0.0011458 
186 3.06803e-05 1.10428 0.00861142 0.0400155 0.00192603  0.00203554  0.00265814  -0.00341154  0.00107515  0.00369566  0.00106164  0.00488363  0.000947991  0.00262865 
187 6.53002e-05 0.853118 0.00960379 0.0396303 -0.00150996  0.00406839  0.00125938  0.00367966  -0.00491385  -0.00252351  0.00463927  -0.00203976  -0.00028456  -0.00141304 
190 0.000268467 0.652224 0.0127859 0.0387977 0.00030794  -0.00496947  -0.00875622  -0.000553137  -0.000662821  0.00344043  -0.00509074  -0.00237569  0.00336182  0.00256399 
191 0.000436449 1.19817 0.034907 0.0351686 -0.00215159  0.018419  0.0116427  -0.00311582  -0.0197162  0.00592  -0.00585226  -0.00984692  -0.00750316  0.0108659 
192 -0.00073171 0.298434 0.024298 0.0282927 0.00302516  -0.0058613  0.0036983  -0.00203315  -0.00122225  0.00391148  -0.00662154  0.010056  -0.00710703  0.0177989 
194 0.000833532 1.03021 0.042036 0.0391466 0.0158649  -0.00984358  -0.0144571  -0.00232764  -0.0133854  -0.0154249  -0.00499161  0.00207156  0.019404  -0.019524 
196 0.000205123 0.889388 0.0178736 0.0264437 0.00238084  0.00384636  -0.000209477  -0.00539332  0.0102146  -0.000359298  0.00177063  -0.0106929  -0.000390131  0.00691207 
201 0.000176597 0.761385 0.013588 0.0222298 -0.0047086  0.00077087  0.00460416  0.00393504  -0.00213914  0.0010156  0.00804343  -0.00267279  0.000526118  -0.00688922 
202 -0.000108536 0.0173307 0.0144762 0.0178209 0.00267417  0.00177033  -0.00213521  -0.00120297  -0.00191705  0.00461899  -0.00433054  0.010802  -0.000463476  0.00571007 
205 -9.72918e-05 0.185123 0.0110702 0.0206428 -0.00287916  -0.00193314  -0.00543512  -0.00558017  0.00481623  -8.12189e-05  -0.00218002  0.00238714  -0.00348907  -0.00200398 
208 0.000103333 1.24568 0.0175554 0.0228784 0.0106985  0.00136579  0.000732634  0.0033505  0.0110841  0.00501512  -0.00453293  -0.00135421  0.000512185  -0.0030748 
212 -0.000535085 0.277405 0.0218328 0.0204962 0.0121395  0.00954142  0.0065649  0.00577274  0.000792733  0.0113057  -0.00222039  0.00380262  -0.00208926  0.00310526 
213 7.70102e-05 0.680055 0.00744746 0.0309083 -0.00253799  -0.0043389  -0.00166436  -0.00191549  -0.00268818  0.00149966  -0.000727205  0.00273446  -1.54897e-05  -0.00250527 
214 -4.13156e-05 -2.54418 0.0224292 0.0296364 -0.0052717  0.00246932  0.0102807  -0.00613119  0.000989324  -0.00271421  0.0143137  0.00310967  0.00555052  -0.00849652 
218 -0.00026137 0.407183 0.00985311 0.0303254 -0.00243943  0.00284238  0.00416398  -0.00372498  -0.0031889  0.00132957  0.000566748  -0.000679843  0.00530984  0.00330529 
219 -0.000119754 -2.44844 0.0375792 0.0343662 -0.0160506  -0.00383691  -0.0217847  0.006699  0.00199749  -0.0191382  0.00598977  0.00290567  -0.00311152  0.014005 
223 -0.000140445 0.463982 0.0044995 0.0360666 -0.00130904  -0.00200478  -0.0013362  -0.00307231  0.000254853  -0.000605723  0.00113338  0.000739681  -0.0010082  9.11233e-05 
225 0.000153807 0.895473 0.0155978 0.0379638 0.00165773  0.00858842  0.00590044  -0.00316601  -0.00367279  -0.00282326  0.00412418  -0.00701618  -0.00539413  -0.00226968 
227 -0.000123937 0.0981299 0.0141153 0.0358812 0.00156713  -0.00205073  0.00167838  0.0032626  0.00259804  0.00261181  0.000459082  0.00434439  -0.0120341  0.00128196 
235 0.000166018 0.791922 0.013923 0.0375686 0.00195379  0.00150126  0.00228638  0.00379592  0.000349778  0.00177573  -0.00170603  -0.0051147  -0.00997281  -0.00602824 
237 0.0004248 0.670093 0.0170012 0.0352902 -0.000695683  0.00313342  -0.00447836  -0.000253198  -0.00534169  0.00119882  -0.00105365  -0.00588241  0.0135025  0.00325845 
238 0.000201069 0.755494 0.0143346 0.0286477 -0.000475391  0.000750981  0.00856996  0.0044324  0.00640478  0.00114748  -0.00652217  -0.00315748  -0.00038501  -0.0040752 
239 -5.69574e-05 -0.223596 0.0128398 0.0248926 0.000987498  0.0017279  0.00027161  0.00253193  0.000773944  -0.00257493  -0.00751898  -0.00649745  -0.00507109  -0.00476623 
240 2.24059e-05 2.07435 0.0118783 0.0260115 0.0024162  0.00238932  -0.00277072  0.0014723  -0.00149726  0.00436043  -0.000500105  -0.00572018  0.00526879  0.00614146 
242 -0.000103066 0.394172 0.00660578 0.0255772 0.00255029  0.00160611  0.00118765  0.00111439  0.00198284  -0.00206374  0.0018259  0.00347496  -0.00248986  -0.00144953 
244 -0.000154422 0.328236 0.0103012 0.0275184 0.00535  0.000448279  -0.00331806  -0.00217614  0.0016316  0.0015293  0.00505087  0.00288877  -0.000866853  0.00468383 
250 -0.000136383 0.459907 0.0046779 0.0301943 -0.00114668  0.00235568  -0.00028509  -0.00294867  -0.000493583  -0.000815141  0.000848354  0.000806518  -0.00188565  -0.000639331 
251 -4.33946e-05 0.184616 0.00739903 0.0323742 0.000176042  0.00041137  -0.00146797  -0.00468393  -0.00344974  0.00328481  -0.00115704  -0.00102984  -0.00215154  0.000855602 
252 4.43264e-05 9.0807 0.0390011 0.0330377 0.00242204  -0.0343368  0.0102062  0.00130968  -0.00270631  0.0124203  -0.0042252  -0.00232932  -0.00584772  0.00335543 
258 -0.00085269 0.244285 0.0295436 0.0323599 -7.7628e-05  0.00386336  0.0194999  -0.000259972  0.000853867  0.0116927  -0.0122382  -0.00817066  0.00733662  -0.00835283 
260 0.000594776 0.656709 0.01931 0.0435914 -0.0115993  -0.00256782  -0.00491716  0.00308084  -0.00255552  0.00138811  0.00660618  0.00406753  0.00890992  -0.0070738 
262 0.000418554 0.707876 0.0186555 0.0361333 0.00786018  0.0044391  -0.00780111  -0.00610185  -0.00208488  -0.00479219  0.000582446  -0.00447508  0.0100477  0.00445154 
263 -0.000187382 0.413142 0.00807007 0.029785 4.9395e-05  -0.00130305  0.000543923  0.00378792  -0.00263533  0.00582702  0.00175178  0.000161607  -0.000867001  -0.00200893 
264 0.000325509 0.865732 0.0218207 0.0327803 0.00676974  0.00952761  -0.000759669  0.00546604  -0.00347638  -0.0160912  0.00250661  -0.00371267  0.00418943  -0.000673304 
269 0.000124893 1.09851 0.0172909 0.0273696 -0.00264915  -0.0102655  -0.00763644  -0.00319033  0.00150727  0.00277607  0.00599149  0.00476235  0.00541098  -0.00449963 
270 -0.000468841 -0.208202 0.0364464 0.0249842 -0.0105355  0.0113895  -0.0195344  -0.00182264  0.0169578  0.00677186  -0.0061926  -0.00839616  -0.0114008  -0.0114218 
271 9.61691e-05 1.40232 0.0186299 0.033063 -0.000368302  -0.00318776  0.000364616  -0.00960485  -0.00615784  -0.0117875  0.0036011  -0.00546873  0.000513444  0.00493841 
272 0.000182236 0.711675 0.0124217 0.0315752 0.00695408  0.00173343  -0.00174397  -0.000336598  -0.008266  -0.00138317  -0.00209098  0.00292284  -0.000951283  0.00396477 
274 7.83014e-05 0.687883 0.00767113 0.0285443 -0.00250514  -0.00278418  -0.00246724  0.00378573  0.00260391  0.000797143  -0.00246428  0.000449578  -0.00239212  0.00223317 
275 -0.000195329 0.267015 0.0134932 0.0271381 -0.00254784  -0.0034456  -0.00207896  -0.00367138  -0.00187645  -0.000998323  0.00457707  0.00327956  -6.04342e-05  -0.0104726 
276 0.000125354 0.869755 0.0136159 0.0305258 -0.00497411  0.00824015  0.00697422  0.00185837  -0.00494112  -0.000566604  -0.000656693  0.00119035  -0.00365576  -0.00084202 
280 -0.000139719 0.429562 0.00627522 0.0283986 -0.000133578  -0.00142242  -0.000540828  -0.00095851  0.0011457  -0.00144634  -0.0018134  0.000402942  0.00148925  -0.00520123 
283 -0.000327218 0.322946 0.0152258 0.0307605 -0.00540144  -0.00717867  -0.000861823  -0.00286522  -0.00257798  -0.00133334  0.00421134  0.00264982  0.0103192  -0.00158066 
284 0.00035062 0.755217 0.0189188 0.0356858 0.00694019  0.0085343  0.00399279  0.000332679  -0.00244231  -0.00240058  0.00856165  0.000367568  -0.00791176  0.00855017 
286 -7.00928e-06 -24.7303 0.0265956 0.0303796 0.00428815  -0.0120227  0.00657311  0.00843182  0.00309014  0.000572302  -0.0143395  0.00116575  -0.00181231  -0.0144896 
302 0.000160153 0.583349 0.00730768 0.0304948 0.000920343  -0.000128392  0.00187958  -0.00157209  -0.00193121  -0.00319993  -0.00271202  0.00229379  0.000120635  0.00446477 
303 -0.000646883 -0.333325 0.046439 0.0277451 0.00254272  -0.000987642  -0.00568011  0.000967295  0.0329568  0.00177607  0.0201835  0.00650746  -0.0194666  0.0140701 
304 0.000889478 0.676101 0.0250324 0.0376415 0.00201996  0.00172878  0.00617892  0.00278122  -0.00596432  0.0043953  -0.00798916  0.00480089  0.0152207  0.0141493 
305 8.69559e-05 0.560007 0.00456887 0.0229739 0.00109003  0.00178817  -9.05265e-05  -0.000798386  -0.00226037  -0.00154676  -0.00128052  -0.000212342  -0.00221623  -0.001321 
307 -5.12777e-05 -2.16182 0.0233655 0.0209964 0.00334525  0.00590508  0.00484524  0.0160293  -0.0099206  0.00296909  0.00731028  -0.00032823  0.00761878  0.000801039 
316 1.16813e-05 0.787182 0.00366315 0.0221839 -0.00267384  0.00108383  0.00158103  -0.00081279  0.000378199  0.000697531  -0.000490481  0.000370717  -0.000340675  0.000900359 
317 -1.3741e-05 0.242033 0.00376551 0.0219191 0.0020024  0.00139616  0.00124677  0.000238112  -0.000542301  -0.00157135  -0.00141289  -0.00112346  0.00031603  0.000698256 
320 0.000158007 1.83924 0.0290911 0.0222303 -0.0126237  -0.00364607  -0.00315047  -0.00238472  -0.0155752  -0.00581696  -0.0107815  -0.0097274  0.00037842  -0.0130614 
325 -5.50185e-05 0.309944 0.00646751 0.0183355 -6.91504e-05  0.000289713  0.00364576  0.000605622  -0.00133927  0.00253959  -5.42305e-05  0.00258797  -0.00358162  0.000556778 
329 2.59552e-05 0.678916 0.0043099 0.0197791 0.000752272  0.000326566  -0.00213461  -0.0019904  -0.00097737  -0.00239231  -0.000875086  0.000295404  -0.000258837  -0.00133643 
332 -0.000240504 0.309364 0.013544 0.0191117 -0.00869413  -0.00164038  -0.00632224  -0.00431405  -0.00246788  0.00100585  -0.00311814  -0.00511893  0.000604203  -0.00178532 
334 -0.000235032 0.0885551 0.0196689 0.0246128 0.00363505  0.0018704  -0.00686008  0.00146145  -0.003747  -0.0101809  0.00905361  0.00919499  0.00489873  -0.00357087 
335 -0.000430868 0.334332 0.0169017 0.0289974 0.00667837  0.0124485  -0.000711097  0.00399105  -0.00268312  -0.00533047  0.000618972  0.00557761  0.00088011  0.00133738 
338 0.000205111 0.900255 0.0181207 0.0356624 0.00634737  -0.00579472  0.00857916  0.000736014  -0.000348423  0.00397854  0.000650758  -0.00122557  -0.0127079  0.000991571 
341 6.78853e-06 1.00311 0.00369614 0.0326607 0.00182683  -0.000363474  0.000811265  4.28195e-05  0.00106132  0.000289588  0.00104084  -0.00199771  -0.00171697  0.000547364 
342 -0.000350647 0.201562 0.0204621 0.0325566 -0.00542869  -6.63666e-05  -0.00143288  -0.00667807  -0.001557  -0.00817273  -0.00317818  0.0119483  0.0103422  -0.00367868 
346 -6.71636e-05 0.283262 0.00763095 0.0375585 -0.00199539  0.00309062  -1.83279e-06  0.00186517  0.00178791  0.000822891  0.00549553  0.000376439  -0.00263785  0.000210949 
347 6.00516e-06 32.9958 0.0279373 0.0384422 -0.00986665  -0.00391142  -0.00583746  -0.000765946  0.014455  0.0147818  0.00102321  0.00754297  0.00187892  -0.0120106 
349 0.000295192 0.555314 0.0080837 0.038364 0.00218023  2.40955e-05  0.00305832  -0.00170041  0.00232313  0.00447627  -0.0011127  0.00121328  -0.000171765  0.00449155 
350 0.000169596 1.04547 0.0192354 0.0343023 0.0026022  -0.0125898  0.00709  0.00386382  -0.00358368  -0.00549288  0.00299077  -0.00935582  3.0779e-05  -0.000197811 
