generation s h r distopt trait[0] trait[1] trait[2] trait[3] trait[4] trait[5] trait[6] trait[7] trait[8] trait[9] 
4 0.000528046 13.3447 0.164413 0.15 0.0918654  0.0946236  0.0246168  -0.0196222  0.0146901  -0.00930891  -0.0509662  -0.0381467  -0.0486382  -0.0438975 
6 0.00338258 0.507616 0.0104201 0.208804 0.00709368  -0.0038419  0.00359206  0.000360101  -0.00104551  -0.00118514  0.00324713  0.00380332  -0.000855617  0.00149222 
7 0.0119007 0.829497 0.125027 0.240471 0.0357722  -0.0422584  -0.0309719  -0.0762836  0.00436023  0.0628874  0.00141653  4.64709e-05  0.0394781  0.0159244 
10 0.00777587 1.52593 0.178019 0.343623 0.0411853  0.0454723  0.0945652  0.0075071  -0.0565577  -0.110335  0.0472798  -0.0256422  0.0217363  -0.0137783 
11 0.0374012 0.551673 0.0908597 0.374485 0.0342814  -0.0143678  -0.017509  0.0501204  0.0190601  0.0238717  0.00610442  0.00650792  0.0301919  0.0461618 
13 0.0216168 0.526868 0.0502635 0.414102 0.0192399  -0.0232358  -0.016235  -0.0159673  -0.00449224  0.00229116  0.00755033  0.0268602  -0.0136571  -0.0103631 
16 0.00708488 0.54025 0.0340795 0.532694 0.0107135  0.0147741  0.0082082  -0.0147258  0.0133079  0.00511644  0.00347993  0.00448947  -0.00029494  0.0175643 
17 0.0371758 0.672298 0.16044 0.57462 0.0682318  0.00613634  0.0269542  -0.0571129  0.0655461  -0.0844975  -0.0444326  -0.0354167  0.00169174  -0.0489071 
18 0.0387569 0.516113 0.0563265 0.587663 0.0293526  0.0131495  -0.0267287  0.0192933  -0.00601989  0.00165349  0.00293012  -0.000845291  -0.02755  -0.0156285 
21 0.0177542 0.699161 0.118952 0.695344 0.0320015  -0.0127364  0.00884055  -0.00981539  0.109162  -0.00307736  0.00323457  -0.00037456  0.0243569  0.0160972 
23 0.0403179 0.55892 0.100422 0.775859 0.0171868  -0.00105398  -0.0370424  0.0121202  -0.0254279  0.0431844  0.0297603  -0.0492382  -0.0494246  0.00218208 
26 0.0053897 0.5205 0.021335 0.893786 0.000950681  -0.00945752  0.00482437  -0.00438096  -0.00266804  -0.000377459  0.000317317  0.0151587  -0.00682061  0.00622058 
28 0.105636 0.592632 0.205051 0.987878 0.0507148  0.0430782  0.0539385  0.0349835  -0.0942435  0.100925  -0.0405818  0.0775769  -0.0337717  -0.0749118 
29 0.107722 0.50646 0.0887215 0.984441 0.0600686  0.0473338  0.00626551  0.00445825  -0.0313182  0.00281452  0.0155865  0.0258956  0.0047078  0.0062626 
32 0.0201475 0.912674 0.181631 1.0769 0.00699282  -0.0555693  -0.0329264  0.0515544  -0.111842  -0.10964  -0.0252866  0.0301321  -0.00543502  0.00217264 
33 0.104062 0.547319 0.153548 1.11656 0.0596063  -0.0211484  0.0301568  0.0490525  -0.0630232  0.0112422  0.0701779  -0.0736938  -0.0179661  -0.0385281 
34 0.0478742 0.796334 0.236925 1.11968 0.0360338  0.0986574  -0.168412  0.0760889  0.0163422  0.0575155  -0.00688242  0.00468087  0.0687566  -0.0507694 
35 0.119696 0.518338 0.121092 1.14643 0.0506954  -0.0143375  -0.0418157  -0.00552732  0.00779527  -0.00206576  -0.0954871  0.000421258  -0.0165567  0.0255245 
36 0.0200882 0.586538 0.0841206 1.14391 0.00701185  -0.0125741  0.0468573  -0.00810014  -0.0310307  -0.00477857  -0.0233956  -0.0324982  0.0379288  0.0240824 
38 0.0757439 0.523371 0.0973734 1.2316 0.0311149  -0.0187062  -0.0735819  0.00782789  -0.00767766  0.0100548  0.0384826  0.0199568  -0.0129598  0.0219262 
39 0.0755153 0.652986 0.21664 1.24993 0.0848215  -0.00402702  -0.0873853  0.13036  -0.0757397  0.0580419  -0.0012718  -0.0453823  -0.0597588  -0.0188282 
40 0.0639252 0.659561 0.203129 1.2667 -0.0144949  -0.0348329  0.045514  -0.0517738  0.142129  -0.00220515  -0.0928538  0.0127816  0.0697536  0.0350687 
41 0.0365188 0.62919 0.138324 1.28997 0.0406245  0.0345601  0.0244001  -0.00336638  -0.0845821  0.0495096  -0.0331556  -0.0673018  0.00520982  -0.0205123 
46 0.0555335 0.511247 0.062374 1.27599 0.0216211  -0.00875802  0.0235793  0.0323556  0.0112653  0.0242936  0.0300137  -0.00558305  -0.00790648  -0.00564563 
47 0.050035 0.544784 0.0996316 1.25463 0.0223116  0.034441  0.0116772  -0.0415146  -0.00510761  0.0224008  0.00787808  -0.0325255  0.0578636  0.0372371 
50 0.126595 0.564723 0.194436 1.23502 0.089452  0.114249  -0.013046  -0.00865732  -0.0350125  -0.00325392  -0.0609723  -0.0142443  -0.0701115  0.0802083 
51 0.037896 0.608868 0.129826 1.18578 0.0247117  -0.00216816  0.00715696  -0.0444761  -0.0106523  0.0197819  -0.0251202  0.0191933  -0.0734235  -0.0855271 
52 0.078822 0.56417 0.149315 1.16999 0.0376601  -0.0563617  -0.0112778  -0.0742019  -0.0825902  -0.0369182  0.0366468  -0.0337271  -0.0323684  0.018834 
53 0.108076 0.515002 0.106826 1.13711 0.0703361  0.0627842  -0.000613147  -0.000434215  -0.0290034  -0.0216929  0.0134217  0.0177446  -0.0130792  0.0233312 
54 0.244474 0.568875 0.288861 1.09105 0.195553  -0.0220797  0.0318567  0.0224916  -0.100607  0.00732432  0.0587393  -0.00188472  -0.0553448  -0.162786 
56 0.00188272 0.707524 0.0395327 0.985738 0.00572796  0.00263944  -0.0227858  0.00143197  0.0124102  -0.010281  -0.0256464  -0.00690529  -0.00332601  -0.00506195 
58 0.0616535 0.630945 0.181644 0.984784 0.018179  0.00842672  -0.0405751  0.113997  0.107962  0.00145871  -0.0438171  -0.0159828  0.0634385  -0.00966443 
59 0.0272008 0.560462 0.0827344 0.953924 0.00422965  0.00582724  0.0348477  0.0244738  -0.0319874  -0.00934305  0.0387828  0.035703  0.0131072  0.0303103 
63 0.0933284 0.858966 0.360563 0.939752 0.0379251  -0.0178951  -0.0386211  -0.0866828  -0.0165947  -0.234721  0.214137  0.109371  0.0584648  -0.051352 
64 0.0883375 0.5547 0.148492 0.891015 0.0302225  -0.0434227  -0.0850664  0.000675469  0.0652766  -0.0384048  0.0150088  0.0175476  0.0483609  0.0583624 
67 0.0411739 0.863552 0.243013 0.842173 0.0608631  0.0694464  0.00310078  0.149445  0.0498051  0.0234935  0.0419548  0.113478  0.0182976  0.100897 
69 0.090853 0.634701 0.224349 0.817867 0.110811  0.0206388  -0.104715  -0.000707589  0.0402528  0.099539  0.0167558  -0.0605139  -0.0568701  0.0892 
73 0.0559842 0.597057 0.150235 0.762855 0.0321278  0.0213848  0.00716484  -0.062787  0.0524934  0.070881  0.0375952  0.0871195  -0.00415159  -0.0169526 
74 0.0467265 0.58395 0.127851 0.726274 -0.0183346  -0.0298244  0.0861432  0.0198835  -0.0150881  -0.0409301  -0.045397  0.0388061  0.0297248  -0.0308383 
76 0.0970887 0.661513 0.252327 0.694123 0.192799  -0.0220461  0.0808383  0.0463315  -0.0946979  -0.0253324  0.0371511  0.0156057  -0.0771927  -0.0117568 
77 0.0244259 0.622748 0.110099 0.623816 -0.0185546  -0.0208231  0.048088  -0.0510039  0.00733426  -0.037934  0.0200066  -0.031446  -0.0506752  -0.0313088 
78 0.0794856 0.675317 0.23702 0.604164 0.0458161  -0.0352201  -0.0172658  -0.0723754  0.108483  0.110375  0.116914  0.0180194  0.0961921  0.0102364 
80 0.161883 0.578976 0.241409 0.537149 0.0381266  -0.125795  0.00518286  -0.0866163  0.0102342  -0.0662285  -0.165786  -0.0330385  -0.00981093  -0.0175192 
81 0.00502467 0.718979 0.0663348 0.372139 0.0203045  0.00290612  0.00974469  -0.0284814  0.00915717  -0.00251676  0.0427414  -0.000356106  0.0339608  0.00171854 
82 0.00510508 0.886817 0.088792 0.365343 0.0203183  0.0440232  0.0149045  -0.0486911  0.0151659  -0.00112416  -0.0237189  -0.0116585  -0.0174972  -0.0412826 
83 0.0275928 0.912641 0.212235 0.358306 -0.0253937  -0.111565  0.0681361  0.0764683  0.0676514  -0.00828745  0.01492  -0.0655467  0.110592  -0.00820038 
84 0.0538263 0.89384 0.288283 0.318063 0.111373  -0.0581379  0.16857  -0.0696889  0.10001  -0.0160026  -0.125667  -0.0817332  0.00821907  0.0353883 
85 0.00916899 0.628574 0.0687964 0.220764 -0.0132759  0.0242073  -0.0064139  0.0127263  -0.0244597  0.0445137  0.011744  0.0112597  0.0137231  0.0271079 
87 0.00228567 1.10165 0.0741167 0.199021 0.0119142  0.0139448  -0.0105445  0.0232755  -0.0154153  0.00519287  0.0392686  0.0379516  0.0130732  0.0329559 
89 0.00234602 0.84464 0.0568487 0.1932 0.0147944  -0.00941499  0.00819801  0.0142464  0.0288366  0.0242083  0.0080881  -0.0179175  -0.0205639  0.0206682 
90 0.00376159 3.09611 0.196995 0.187037 0.0120763  0.0392403  -0.140329  0.0657664  0.0241484  -0.0207224  -0.0471113  0.0490444  0.000180428  0.0864088 
94 0.00132185 1.4632 0.0713241 0.176716 0.0202411  -0.0122049  0.0507354  -0.00514901  -0.0129131  -0.0185403  0.0155852  -0.0188792  0.0181  -0.0221462 
95 0.000720106 9.33792 0.159272 0.172938 -0.0455004  0.0508695  0.065297  -0.0326773  0.0109974  -0.000272572  -0.0382267  -0.0523529  -0.0796591  -0.068624 
96 0.00195988 0.581543 0.025308 0.170844 0.00706022  0.010168  -0.0123682  -0.00712968  -0.00103403  0.0128394  0.00711843  -0.00739849  -0.00161187  0.00308665 
97 0.00363094 0.957801 0.0814739 0.165014 -0.0317756  -0.000490953  -0.0316575  -0.00624108  -0.00400672  0.0419596  -0.0369764  0.03505  -0.0085564  -0.0118865 
99 0.00451879 0.647417 0.0516513 0.15364 0.0126653  -0.0084039  -0.00184282  -0.0237122  -0.000140389  0.00476575  -0.00801212  0.0323298  -0.0221934  -0.0156993 
100 0.000903323 0.50997 0.00603459 0.138191 0.00204316  -0.00370536  0.00120693  -0.00117109  -0.000958655  0.0020129  0.00165504  -0.00207832  -0.00169494  0.000884176 
101 0.00175585 0.651915 0.0326714 0.134884 0.00558844  -0.0102644  0.00742406  -0.00181122  -0.00354159  0.00731523  0.0273063  -0.00088829  0.00491136  0.00598633 
102 0.00301992 0.55963 0.0269018 0.128217 0.00163634  -0.00936738  0.00708936  -0.00823739  -0.00307851  -0.00472438  -0.0031529  -0.00529219  0.0110539  0.0179787 
103 0.000578129 5.08671 0.102907 0.115862 0.0613229  0.00585429  0.0436714  -0.0143718  -0.0434493  -0.0430609  -0.00374331  -0.00943652  -0.0197664  0.0211085 
104 0.000926454 0.51949 0.00852174 0.113341 0.00240689  -0.00367374  -0.00306175  0.00249692  0.00553884  -0.000373229  0.00138528  -0.000336083  -0.00220711  -1.46775e-05 
106 0.000623234 3.2457 0.0826866 0.109179 0.00505389  -0.00294752  -0.0315235  0.0502122  0.0200178  0.0225173  -0.0275177  -0.0273074  0.00339023  0.0294229 
107 0.00351872 0.705876 0.0538305 0.106288 0.00734433  0.012937  -0.0263616  -0.0254498  -0.0165756  0.0213684  0.000899296  0.00164908  0.0123543  -0.0211252 
108 0.00173688 1.60417 0.0875142 0.08823 0.0106588  -0.0458886  -0.0549388  -0.014452  0.0305501  -0.00924071  0.00350289  -0.0145425  -0.0287684  0.0119232 
109 0.000737186 0.607158 0.0177799 0.0777764 -0.00723827  0.00245378  -0.000823586  0.00130793  -0.00173679  -0.00535764  0.00340387  0.00722989  -0.00507346  -0.011576 
110 -0.000105847 0.490279 0.0020302 0.0728852 -0.000394763  0.000285736  0.000173803  0.000294921  -0.000522817  -0.000579174  0.000164404  -0.000936225  -0.000692506  -0.00133234 
112 0.00259706 0.694499 0.0449526 0.0736077 0.00231023  -0.00617976  0.0205899  -0.0049242  -0.00472707  0.0199763  0.000525226  0.017798  0.0250435  0.0127829 
115 0.000856018 0.556185 0.0138802 0.0531451 -0.000778221  -0.00691986  -0.00109899  0.00258148  -0.00589281  -0.00257436  -0.000740535  0.00594395  0.00472851  -0.00605872 
117 -0.00110789 0.157893 0.0389518 0.0443706 -0.0150453  0.019525  -0.013102  -0.0208901  -0.00322528  -0.00242935  -0.00319176  -0.0120839  -0.00371102  -0.0107381 
120 0.000285595 0.52706 0.00556316 0.055473 8.8798e-05  0.00119911  0.0032037  -0.000686927  -0.00152913  -0.00379173  -0.000375116  0.000906872  -0.000770076  -0.00070414 
122 0.00052879 0.811993 0.0256871 0.0528366 0.00718827  -0.00876928  0.00759216  -0.0125686  -0.00422032  -0.00853332  -0.0126619  0.00197253  0.00246725  0.00739691 
123 -0.00107181 -0.0656817 0.0492581 0.0475716 -0.0334784  0.00692785  -0.0110449  0.0277105  0.00104775  0.00164289  0.00193452  0.00530762  0.0181998  -0.000871923 
124 -0.000519182 0.344047 0.0180022 0.0577533 0.00248297  -0.00162916  -0.0103413  -0.00832407  -0.00881192  0.00532114  -0.00463755  0.000206297  0.00232306  0.00247311 
125 0.000830286 0.811991 0.0321861 0.0620867 0.00480961  0.00127218  0.00594184  -0.00213843  -0.00863798  -0.0223422  0.00692417  0.00523025  0.0119885  -0.0133605 
126 0.00206891 0.590191 0.0273438 0.0549984 0.0138469  -0.0116542  0.0117222  -0.000360015  0.00283456  0.00171993  0.00127749  0.00826275  -0.00834751  0.0114895 
127 -0.000537542 -0.237286 0.0398189 0.0309524 0.00140992  0.0107353  0.00817591  -0.0120741  0.021245  -0.000672034  0.0237532  0.00858331  0.00369087  0.0123439 
129 0.000245656 1.4875 0.031147 0.0386747 0.018415  -0.00791249  0.00908913  -0.00152934  -0.00508689  -0.00594097  -0.0203224  0.00203354  0.000241316  0.00225795 
130 0.000173152 0.560429 0.00647029 0.0353569 0.00102829  -0.0018086  0.00353301  0.00376464  -0.000213689  -2.80355e-05  -0.00102784  0.000209928  -0.00275189  -0.00147026 
135 0.000305134 1.33238 0.0318703 0.0328173 -0.00106275  -0.000753944  -0.00912225  0.00463647  -0.0119748  0.0177874  0.0145304  0.0100469  -0.010918  0.0042707 
136 -0.000631148 0.262852 0.0244754 0.0277828 0.00245933  0.00652089  0.0128154  -0.00959233  0.00956954  -0.00172063  -0.0116672  -0.000350702  0.00616177  -0.00504757 
138 0.000338666 0.554926 0.00862845 0.0374597 -0.00228622  0.000837195  -0.00469989  0.00181913  -0.00283459  0.00200842  0.000579212  -0.00241069  -0.00426019  -0.00259989 
140 0.000161449 1.05214 0.0188823 0.0326286 0.00186747  0.00444148  -0.0025974  0.00485862  -0.00115041  -0.00416094  0.00441637  -0.00881362  0.00292766  -0.0133635 
144 4.81621e-05 0.658844 0.00553185 0.0300531 -0.00179745  -0.00152477  0.00132962  -0.000387363  -0.000874271  -0.00215836  -0.0025992  0.00283935  0.00164718  0.000417024 
145 0.000248315 1.6848 0.0343005 0.0292408 -0.0179474  -0.0075519  -0.0208567  0.0145568  0.000661462  -0.0039967  -0.00182347  -0.00613619  -0.00484678  0.00834272 
146 -5.25514e-06 -0.155065 0.00371078 0.0246321 0.0015045  0.00093325  -0.000611254  -0.00131578  0.00185236  0.00023112  0.000700914  0.00161355  0.00121352  0.000691633 
147 -0.000176545 -0.406761 0.0253053 0.0247386 0.00639122  -0.0187774  -0.00776755  0.00826986  -0.00925057  -0.00358756  -0.00306509  0.000443426  -0.00318675  -7.51303e-05 
150 0.000159705 0.783842 0.0134654 0.0280813 0.003599  -0.000476594  0.00446473  -0.00539515  0.00631764  -0.00141812  -0.00264035  -0.00563741  -0.00616615  0.000632211 
153 0.000116997 1.19475 0.0180307 0.0250772 -0.00248988  0.0119008  0.00625832  -0.00788893  -0.000934153  0.00087864  -0.00568793  0.00569679  0.00100079  -0.00290269 
155 0.000126776 0.725325 0.0106894 0.0226247 0.00464506  0.00364801  0.00101157  -0.00297569  -0.000554567  0.001042  0.00652271  -0.000663053  -0.0031674  -0.00388445 
157 -0.000193838 0.442366 0.00668654 0.0196242 -0.00240164  0.00324359  0.000451642  -0.00279192  0.0014306  0.00106204  -0.00336756  1.61043e-05  -0.000909539  0.00225384 
160 -0.000183726 0.336849 0.0109511 0.0240617 0.00256233  -0.000658214  -0.00589863  -0.000929642  -0.000540244  -0.00493416  0.000176287  0.00404597  0.000519914  0.00599669 
161 -4.08493e-05 0.348876 0.00496936 0.0276172 0.000821944  -0.001671  -0.000316597  -0.00135257  -0.000461583  -0.00148363  -0.00198856  -0.00062849  0.00304455  -0.00180667 
162 -3.63069e-05 0.478785 0.00175548 0.0283471 0.000581191  -0.000575454  -0.000117034  4.86446e-05  0.000477408  -0.000384002  -0.00110337  -0.000554916  -0.000496513  -0.000499466 
163 5.71224e-06 2.63998 0.00699256 0.0289804 -0.00302085  0.00186466  0.00246154  0.000506135  0.00161047  -0.00196446  0.000511153  -0.00118666  -0.00457865  -0.000944417 
167 -4.4712e-05 0.4681 0.00238879 0.0288817 0.000586251  -0.000533132  -6.04665e-05  -0.00118392  0.000235294  -0.000999921  -0.000144475  0.00103359  6.04268e-05  0.00123492 
168 0.000115061 0.632459 0.00780807 0.0296457 0.000618505  -0.00237268  -0.00049027  -3.61516e-05  0.00215496  0.00177881  0.00417993  0.00244015  -0.0047791  -0.000798882 
169 -0.00018967 -0.685694 0.0299928 0.0276371 -0.00718936  -0.0120859  -0.00721287  0.00288629  -0.00757968  0.0089643  0.00841934  0.00222616  0.0135442  0.0156319 
171 8.90955e-05 1.04378 0.0139206 0.0308788 0.00156666  -0.00212394  0.000986762  0.00416613  -0.00401178  0.00180651  0.00999753  0.00309828  0.00511659  -0.00366061 
176 -6.46295e-05 0.393057 0.0052583 0.0294008 -0.00141042  -0.00351776  -0.00059899  -0.000853184  -0.00144661  0.00243385  0.000365853  -0.000915312  -0.000394958  -0.00174789 
178 0.000301766 0.753429 0.0174898 0.0304802 0.000176471  0.0059904  0.0044146  0.00337339  0.0118334  0.000643166  -0.00825675  -0.00455031  0.00311328  -0.000306107 
182 -0.000416679 0.329582 0.0168575 0.0250463 -0.0056127  -0.003185  -0.00338345  0.00966038  -0.00474684  0.000657912  9.18137e-05  0.0100427  0.00296711  -0.00226373 
184 -0.000312976 -1.24894 0.0467899 0.0323123 0.0058568  -0.0114233  0.0215017  -0.00522638  0.0127645  -0.0320554  0.00680679  -0.00244903  0.00024701  -0.0170877 
187 3.61071e-05 0.518856 0.00165046 0.036839 0.000453831  0.000110581  0.000300402  -0.000333497  -0.000902564  0.000127832  0.000486665  0.000792474  -0.00068805  0.000367599 
188 0.000222966 0.71319 0.0137889 0.0363456 0.00648619  0.00216894  0.00172238  -0.000545498  -0.00199747  0.00829874  -0.00536294  0.00209485  0.00537389  -0.00228228 
192 0.000490271 1.08277 0.0338015 0.033137 0.00663948  0.00782109  -0.0144164  0.00192354  -0.0155543  0.0145015  -0.0132101  -0.00786758  -0.00982799  0.00636634 
193 3.25343e-05 0.841596 0.00666738 0.0246559 -0.00346423  -0.000906413  0.00192485  0.00204461  0.000480011  -0.00116915  0.000952507  0.00409362  -5.76822e-05  -0.00211669 
194 -3.54742e-05 -2.09892 0.0192034 0.023987 -0.00698542  0.000517156  -0.00433931  0.000885405  0.0100623  -0.00425247  0.0033612  -0.000379729  -0.00815933  -0.0101362 
196 -6.98309e-05 0.468828 0.00295123 0.0247154 0.000298973  0.00023334  -0.000485178  0.000626766  -0.0010459  -0.00127289  -0.000589561  -0.000449851  0.00193932  -0.000955306 
200 -0.000189846 0.201444 0.0150583 0.02609 0.000281738  0.00313395  0.00376019  0.00110528  0.00144987  -0.0106135  0.00739754  0.00401325  0.00390617  0.000807734 
201 2.04321e-05 3.56861 0.0158361 0.0295051 -0.0018191  0.0100078  -0.00150829  0.00288489  -0.00366196  -0.00282515  0.000905377  -0.00633798  -0.000628779  0.00859903 
203 -0.000931244 0.394859 0.0198052 0.0291568 0.00787587  -0.000139923  0.00157184  0.0102068  0.00581803  -0.00999036  0.00694348  -0.00387186  0.00150007  0.0049433 
204 0.000669754 1.09552 0.0399348 0.0422113 -0.0214712  0.000601404  0.00722024  -0.0147283  0.0180075  0.0213251  -0.00642205  -0.0032834  0.000256135  0.0057659 
205 0.000276662 1.05939 0.0248788 0.0333507 0.00778805  -0.00486469  -0.0118902  -0.000877422  -0.0049486  0.0166392  0.00746213  0.000260237  -0.00303222  0.00511785 
216 -0.000172552 0.235201 0.0135201 0.0289075 -0.00571416  0.000869638  -0.00536916  -0.00143941  -0.00308175  -0.00169579  0.0014979  0.00660602  0.00606776  -0.00483848 
217 -0.000584124 -0.814913 0.0554272 0.0317523 0.00557521  0.0102774  0.0285924  0.0208581  -0.0311706  -0.00137792  -0.00362027  -4.44334e-05  -0.010927  -0.0240183 
219 -3.14108e-05 0.495817 0.000725346 0.0399062 -0.000123962  9.32304e-06  6.52006e-05  0.000272189  -0.000498302  0.000108953  0.000309474  7.27529e-05  0.000202653  0.000173277 
220 1.52858e-06 0.501699 0.000101917 0.0402978 -2.98218e-05  -2.13397e-05  -2.52295e-05  -3.28771e-05  -3.38162e-05  2.68745e-05  -1.85347e-05  6.21176e-05  2.7207e-05  2.27317e-05 
222 0.00013177 0.689532 0.00999499 0.0402789 0.00490189  0.0014393  0.00248956  0.000859097  0.00101875  0.00231119  -0.000434179  -0.00278704  -0.000207353  0.00724466 
223 0.000370289 0.790653 0.0207477 0.0386086 -0.00849372  -0.00341968  0.00252594  -0.00907691  0.00990266  -0.00694647  -0.00400533  0.00222243  0.00838599  -0.00449865 
224 -2.15823e-05 0.438508 0.0023041 0.0334725 -0.000824009  4.43601e-05  -0.00115698  0.000221193  -0.00052239  0.00130441  -0.000141799  0.000981279  0.000167584  -0.000504882 
232 -0.000366858 0.0745998 0.0249876 0.0337933 0.00896099  0.00163493  0.00219884  -0.00410471  -0.00881338  -0.0147321  -0.00719565  -9.27185e-05  0.0093064  0.00930688 
233 0.000233616 1.14282 0.0245072 0.0388447 -0.00182113  -0.00363068  0.0114638  -0.00821934  0.00782132  0.0146573  0.00901934  -0.00512377  -0.000943573  -0.000791432 
234 3.12142e-05 14.971 0.0425013 0.0357117 0.00507152  -0.00441734  -0.0101045  -0.00711642  0.0215981  0.0155239  0.0103085  0.0109735  -0.0141525  0.0217701 
235 3.90906e-05 15.0178 0.0476377 0.0352719 0.00153055  -0.0161804  -0.00555961  -0.00267682  -0.0329179  -0.0191283  0.0118547  -0.0115348  -0.00130428  -0.0155681 
236 -1.00562e-05 0.209957 0.0034157 0.0347134 0.000314802  0.00121302  0.000405008  -0.0011911  -4.3687e-06  -0.00151889  6.55971e-05  0.00191603  -0.00123815  -0.000999125 
240 -0.000660224 -0.280849 0.0454149 0.0348579 0.0133866  -0.00976513  8.46402e-05  0.00326057  -0.0071045  0.0165135  -0.036133  -0.00749684  0.008079  0.00520374 
241 0.000148025 0.606174 0.00792915 0.0433073 0.000373775  -0.00308137  -0.00244378  -0.00134825  0.00383116  -0.00427855  -0.00181981  0.0028732  -0.000822475  0.000468877 
243 -0.000469762 -0.456779 0.0424024 0.0415633 -0.000950588  -0.0044157  0.0169173  0.00594691  0.0258426  -0.0146003  0.00876153  0.0186824  -0.0107622  0.0057771 
244 0.000305713 0.523227 0.00533348 0.0468762 -0.000313833  0.000925036  -0.00231383  0.00133444  -0.0017545  0.000721595  -0.000883961  -0.00331309  -0.000338418  -0.00221039 
246 -0.000124771 -0.371346 0.0208539 0.0434938 0.00858508  0.00526028  -0.00188799  0.00371256  -0.00862908  0.0092993  0.00791637  0.00803948  0.00389018  -0.0035764 
248 0.000115454 2.99363 0.0339318 0.0449053 -0.0109871  -0.00108817  -0.010663  -0.00245425  0.0216612  0.00454133  0.00946162  0.00348846  0.00201534  -0.0177246 
249 -5.0829e-06 0.480799 0.00062482 0.043601 -0.000201537  5.87708e-05  0.000161361  9.34575e-05  -7.23075e-05  -0.000129556  0.000334752  -0.000129639  -8.23679e-05  -0.000392294 
251 0.000178433 0.92556 0.0174274 0.0436592 -0.00721509  0.0057299  -0.00337312  -0.0114493  0.00332329  -0.000188341  -0.00493318  0.00100565  0.00480032  -0.00410968 
