generation s h r distopt trait[0] trait[1] trait[2] trait[3] trait[4] trait[5] trait[6] trait[7] trait[8] trait[9] 
2 0.0288615 0.498818 0.0164387 2 0.00957833  -0.00486758  -0.00581052  0.00379369  -0.00337628  -0.003574  -0.00206556  0.00815975  -0.00291218  -0.00177156 
3 0.0922948 0.49126 0.028462 1.99287 0.00024223  -0.0230033  -0.000704122  -0.00240833  -0.00833782  0.00255168  -0.00188802  -0.0119925  0.000946697  0.0070899 
4 0.0058655 0.561646 0.0381961 1.9706 0.0242655  0.00446922  -0.00788229  -0.0044619  -0.00753464  0.0173794  -0.0168643  0.00394901  0.0101945  0.00231785 
5 0.0979659 0.51989 0.108577 1.96912 -0.00600299  -0.028579  0.0434795  -0.0350808  0.0340584  0.0277527  -0.00755979  0.0577911  -0.00631056  -0.0494788 
14 0.0300247 1.42851 0.329877 1.94524 -0.0672113  -0.0561065  0.0173833  0.124974  0.0234928  -0.0639302  -0.264831  -0.0225181  -0.0319851  -0.0944906 
15 0.160642 0.500251 0.105998 1.93762 0.0802529  -0.0228095  -0.020908  0.0190775  0.0329637  0.0311915  -0.00952307  -0.0213541  -0.0253273  -0.0150348 
16 0.0250498 0.500847 0.0197443 1.89879 0.00371621  -0.00772276  -0.00499875  0.008444  0.00829608  -0.00155605  -0.000814427  -0.000729165  0.00379239  -0.0115445 
17 0.0505878 0.501092 0.0378564 1.89226 0.00324503  -0.0150953  0.0112031  0.0130406  -0.00268197  -0.0156881  0.000677446  -0.00962975  -0.0226545  -0.00627855 
22 0.0657567 0.512744 0.0726055 1.87918 0.0357582  -0.00980441  0.0258327  -0.0328505  0.0153375  0.0137149  0.0115603  -0.0208997  0.00207449  -0.0339444 
24 0.192951 0.540055 0.208901 1.86216 -0.0144899  -0.0681701  0.0337423  0.00904299  -0.0498208  -0.120052  0.0436187  -0.0731758  -0.102291  -0.0542852 
26 0.264206 0.526046 0.227287 1.81417 0.0206315  -0.102361  -0.00762943  0.130684  -0.00828098  -0.0454816  -0.0321332  -0.0435938  0.0896868  -0.102497 
28 0.125542 0.509669 0.107496 1.74836 -0.000855594  -0.0380869  0.0519169  0.00281178  -0.0639352  -0.0182727  0.0455742  0.0251358  -0.00638287  -0.0151538 
29 0.0786725 0.615051 0.193781 1.7142 0.036386  -0.0201774  0.0179878  0.0523878  0.0209194  -0.134682  0.0282204  0.0619435  0.0610867  0.0762257 
30 0.0890101 0.503022 0.0682949 1.69197 0.0110963  -0.0261542  -0.0244053  -0.0059013  -0.0335323  -0.0358732  0.0130592  0.000634471  -0.0210307  0.0142139 
32 0.0112773 0.504185 0.0158303 1.66658 0.00693928  0.00116568  7.94731e-05  -0.00564895  -0.00254245  0.00942009  0.00302547  -0.00650224  0.0045236  -0.00143876 
33 0.0330239 0.500791 0.0251114 1.66321 -0.0147985  -0.0133615  -0.0090085  -0.00776931  -0.00420311  -0.00710723  0.00321066  0.00202562  -0.00238873  0.00180142 
36 0.0367413 0.523284 0.063322 1.65342 -0.0352379  -0.00684228  -0.0100905  -0.0224706  -0.0123057  0.0382579  0.0187229  0.00489228  -0.0110703  0.00150732 
38 0.00802515 0.499512 0.00404246 1.64247 -0.000579742  -0.0027451  -0.00139702  -0.000518076  0.000929907  -0.000697981  0.00103947  0.00177768  -0.000233311  -0.000776407 
39 0.0848737 0.498184 0.0522079 1.64003 0.00473461  -0.0274924  0.00821524  0.00557743  -0.0257525  -9.28465e-05  -0.0159845  0.0180935  -0.0142573  0.0199867 
41 0.0736511 0.510031 0.0733064 1.61501 -0.00962779  -0.0159176  -0.0255322  -0.0150762  0.0449945  -0.00529034  0.0360185  0.0136295  -0.0185052  0.0164481 
43 0.230286 0.504458 0.158487 1.59285 0.076608  -0.0333296  -0.0452491  -0.0800556  -0.0413416  0.0303523  -0.00645991  0.0766918  0.0333606  0.00394331 
48 0.101344 0.547605 0.1516 1.52641 0.00773951  -0.0187248  -0.0896518  0.0465707  -0.0204183  0.105901  0.0229317  0.00957725  0.00142807  0.0106835 
49 0.179905 0.541616 0.20261 1.49446 0.0102358  -0.083636  0.0605774  0.090548  -0.11011  -0.0126067  0.00302049  -0.0108168  0.0953401  0.0241524 
50 0.0996144 0.769998 0.325108 1.43804 0.0182205  -0.0416053  -0.0729484  -0.012855  0.0302084  0.0872459  -0.0779828  0.213449  -0.129738  0.14542 
53 0.0714389 0.524189 0.0951229 1.40464 0.026916  -0.0144021  0.0505862  0.00607728  -0.0221444  -0.00112828  0.0303749  -0.0350304  0.0249569  -0.0475007 
54 0.0752085 0.501882 0.0563402 1.37986 -0.0107991  -0.0222974  -0.00854464  -0.0217395  0.0253645  0.0190174  -0.0150093  -0.00828965  -0.0218688  0.0154128 
56 0.112225 0.51234 0.104382 1.35333 0.0128536  -0.0345594  -0.043922  0.00757843  0.0247505  0.0202647  -0.0185355  -0.0549843  -0.0444049  0.0344607 
58 0.136835 0.531714 0.156307 1.31344 0.0919946  -0.0534933  -0.0330074  0.0263001  -0.0882836  -0.00268716  0.0169928  -0.0502098  -0.0261205  -0.00573764 
60 0.0926793 0.633751 0.225911 1.26368 -0.0958866  -0.0302544  0.14334  -0.0749966  0.0394102  -0.0697736  0.0594918  0.0385657  0.0528717  -0.0226257 
62 0.141753 0.51895 0.13712 1.22811 -0.0292239  -0.0556426  -0.0349346  -0.0854978  0.000611632  -0.0232317  0.00662912  -0.0343601  -0.0555356  0.0383729 
64 0.0570347 0.535122 0.0965457 1.17289 0.0141646  -0.0161904  -0.0752956  -0.0114407  0.0200407  0.0152488  -0.0163106  -0.0310978  0.00561053  -0.0340478 
66 0.0197303 0.697103 0.12476 1.14901 0.0869833  0.0127507  0.0557373  0.00582961  0.00234547  -0.034497  -0.0142008  -0.0111387  0.053992  -0.0161007 
68 0.0840611 0.500444 0.0583077 1.14047 0.00472337  -0.0445287  0.00969221  -0.0103159  -0.0192785  -0.0154433  -0.0144028  -0.0116996  -0.0108681  0.0110328 
69 0.125434 0.530191 0.145624 1.10452 0.0692567  -0.0510988  0.00662807  -0.00644403  -0.0436237  0.0463085  0.0742701  0.0360643  -0.0434916  -0.0309463 
70 0.0366053 0.511708 0.0482633 1.04966 0.00831596  -0.0224366  -0.017362  0.023233  -0.00477629  0.00625996  -0.0124804  0.0211954  0.0156433  0.00196678 
73 0.0121142 1.53635 0.222889 1.0324 0.166406  -0.00702541  -0.0299466  -0.0396742  -0.0742609  -0.0152754  0.0019006  0.0257423  0.0564592  0.0993301 
74 0.0111772 0.52896 0.0367305 1.02655 0.00790124  -0.0138392  -0.00745648  -0.0112691  -0.00572964  -0.0254951  -0.0118257  0.00389287  0.00276611  0.00819148 
76 0.0617216 0.503967 0.0523766 1.02112 -0.00323844  -0.0171158  0.020409  0.000764956  0.0371392  0.0101028  0.00955644  0.00756285  0.00738848  0.018392 
78 0.00324583 0.501448 0.00490122 0.991359 0.00120956  -0.00139877  0.000249278  0.0014228  0.00183127  -1.36985e-05  -0.00206147  -0.000740025  0.00162402  0.00277981 
79 0.100695 0.537669 0.137912 0.989723 0.00408474  -0.0385063  0.0715514  -0.0288147  -0.00636474  0.0824728  -0.0119412  -0.0408334  0.00552572  -0.0537365 
82 0.0797602 0.502112 0.0599304 0.940006 0.0117668  -0.0448701  -0.0153523  0.00162104  -0.00295316  -0.0103576  -0.0119783  -0.0293811  0.00703658  0.0054138 
85 0.0233077 0.578085 0.0863426 0.898261 -0.0163177  -0.0135058  0.033792  -0.0388469  -0.0219531  0.00819634  0.0450953  0.0111167  0.035136  0.0203606 
87 0.0268671 0.898823 0.205966 0.885343 0.0796912  -0.0246602  -0.0623602  0.0460647  -0.0088984  0.0299374  0.14727  -0.0254668  -0.0155839  -0.0767942 
88 0.0611996 0.556513 0.123147 0.870241 0.0486304  -0.0449588  0.0225051  -0.059489  0.0349567  -0.0361021  0.0350392  0.0491785  -0.0176372  0.0158361 
89 0.00703821 0.507669 0.0154833 0.835416 -0.00461101  -0.0015153  0.00830042  -0.00254036  0.00565963  0.000538147  0.00725472  -0.00188915  0.00587207  0.00422172 
90 0.0227939 0.535581 0.0588238 0.831207 -0.0172599  -0.0177592  0.0179932  0.025147  -0.00211879  0.0155561  0.0239841  -0.0140908  -0.0280624  -0.00911333 
91 0.0723928 0.50309 0.0574925 0.817538 -0.00316866  -0.0412818  -0.00506707  0.00359655  0.0216712  0.018133  -0.00538815  0.0247729  0.00262876  0.0102207 
92 0.0341795 0.515416 0.0513458 0.773612 -0.00345976  -0.0230529  0.017925  0.00164754  0.0157297  0.0183139  0.0212349  0.00408172  -0.0117358  0.0241005 
95 0.0447006 0.793166 0.227823 0.751576 0.0740787  -0.0572502  0.0216083  -0.0521181  0.130895  -0.0760813  -0.0262771  0.0671747  0.0203144  -0.106851 
96 0.0357266 0.565898 0.0992846 0.721898 -0.0362177  -0.0163662  -0.0362661  -0.012708  0.0335617  -0.0651379  -0.0199854  0.00602989  -0.000674034  0.0315527 
97 0.00878393 0.784907 0.0999625 0.697161 -0.0446359  0.00350956  -0.0193611  0.00531283  0.0132579  -0.00247539  0.0338416  -0.00804751  0.0765666  -0.0181763 
99 0.0153447 0.518655 0.0353853 0.69086 -0.0217853  -0.00584794  0.00200918  0.0156654  0.00092484  -0.012048  -0.00301203  -0.0180134  -0.0034458  -0.00156243 
101 0.0726381 0.660752 0.21743 0.67975 -0.118929  -0.0568306  -0.00815957  -0.0522502  0.064739  0.0416845  -0.0952899  0.0855214  0.0584042  0.0370366 
103 0.0797709 0.629882 0.2064 0.62605 0.0103723  -0.0435588  0.0506916  0.0170551  -0.0550668  0.0546964  0.0132953  -0.0742018  -0.161131  -0.00809813 
104 0.0786493 0.638632 0.21121 0.561418 0.142875  -0.11427  0.082683  0.023074  0.0108153  0.0259556  -0.0161228  -0.0106089  -0.00708893  0.0505617 
107 0.00576336 0.511354 0.0166586 0.489367 -0.00205089  -0.00329466  -0.00403749  0.00335178  0.00745553  0.000715008  -0.000908823  0.000541683  0.00971865  -0.00912386 
108 0.0182101 0.53261 0.0501598 0.48346 -0.0088919  -0.00252849  -0.00590103  0.0266036  0.00658519  -0.00653005  0.0217163  -0.0277776  0.00923414  0.0165379 
109 0.0213919 0.577046 0.0821071 0.464421 -0.0293443  -0.0384613  0.0154994  0.00842555  0.0176108  0.00679476  0.0281236  -0.0244409  -0.0444937  -0.0191233 
111 0.000990628 0.516705 0.008164 0.441045 0.00205331  -0.0049933  0.00409006  0.000914815  0.0024818  0.00170073  0.00166252  0.000912763  -0.00166354  0.00212603 
112 0.0114709 0.561208 0.0534461 0.439921 0.00996082  -0.0104213  -0.0129017  -0.0304861  0.0174306  -0.0139655  0.00910431  -0.0146949  0.0196702  -0.0191884 
113 0.0412351 0.651461 0.158805 0.426761 -0.10211  0.00223402  0.00205478  -0.00462114  0.0713784  0.0291893  -0.0176821  -0.0709076  0.0472268  0.035276 
115 0.0556705 0.737246 0.229215 0.376453 -0.0260093  -0.102587  -0.014814  0.091502  -0.11647  0.00172702  -0.0368213  0.0151083  0.0216214  0.130871 
116 0.0149875 0.569024 0.0649288 0.295873 0.0146325  -0.0311438  -0.0162114  -0.0307693  -0.00736439  -0.00194074  -0.00972535  -0.00878119  -0.0395366  0.00541354 
118 0.0178428 0.729494 0.127898 0.269564 -0.0456172  -0.0152035  -0.014294  0.0326484  0.0346657  0.0283447  0.00517681  -0.0957609  0.0367223  -0.0150033 
121 0.0225439 0.641297 0.113262 0.234476 -0.029236  -0.0837368  -0.0374839  -0.0213942  0.0136476  -0.0327572  0.00874491  -0.0250376  0.0336135  -0.00251426 
122 0.0117819 0.556438 0.0520763 0.180792 0.00663608  0.00922869  -0.0222498  -0.0198015  -0.00125677  0.023741  -0.0131707  0.0185708  -0.00457949  -0.0243115 
124 0.00637504 0.551285 0.0363813 0.14482 0.0149052  -0.00338438  -0.0161124  -0.0100037  0.00659563  0.0124424  0.0143154  0.00934852  0.00708006  -0.0137669 
130 0.00269252 0.656151 0.0410215 0.120904 0.00863816  -0.0297177  -0.00453853  0.0178328  -0.0141747  0.00938948  0.00235376  -0.0034207  -0.000858822  0.00890711 
131 0.000834286 1.81722 0.0662711 0.10922 0.0248011  -0.0312072  -0.0101599  0.0175824  -0.013778  0.0349148  -0.00933796  0.0172857  -0.000521904  0.0244002 
134 0.0047097 0.825634 0.0782719 0.105333 -0.0134274  0.00510002  -0.0250746  -0.0420269  0.0317183  0.0221959  0.0111741  0.0106498  -0.0156498  -0.0392848 
135 0.000919639 0.714397 0.028083 0.0799775 -0.00199179  0.00493577  -0.0119975  0.00439577  -0.00910501  -0.00618674  -0.0128584  -0.0123691  0.00563101  -0.011218 
136 0.000271193 0.63118 0.0119296 0.074008 0.000304926  0.000927036  2.03243e-05  -0.00365345  -0.00132623  0.000844095  -0.00679396  -0.00471133  -0.000576642  -0.00754032 
140 0.00113023 0.832679 0.0387752 0.0721529 0.000795307  -0.00867451  -0.0128221  -0.00640136  0.0224138  -0.00302293  -0.0144525  0.0149293  0.00927898  -0.013888 
142 -0.00046479 -0.145689 0.0346503 0.0638471 0.00368171  -0.00750363  -0.00716479  0.00642941  -0.0052006  0.00352622  -0.0274748  0.0107105  0.00271059  0.0110321 
143 0.000149705 0.506402 0.00196077 0.0673895 5.46385e-05  0.000191114  0.000648623  -0.000883396  0.000437056  -0.00116656  0.000426106  7.15062e-05  -0.000289425  -0.000884135 
144 0.000323006 0.751203 0.0180152 0.0662695 -0.00892009  0.00646878  0.00720842  -0.00430956  0.0040817  -0.00618721  0.00605277  -0.00490425  -0.000206291  0.00411428 
145 0.000862927 1.34097 0.0538597 0.0637863 0.00816031  0.00576131  0.0075219  -0.025627  -0.00245287  -0.0205445  0.0115066  0.00289956  0.0121971  0.0370147 
148 0.000653987 0.80745 0.0283574 0.0566228 0.0078147  -0.0128429  0.000767076  0.0120526  0.00235901  0.00911387  0.0142817  -0.0108567  -0.00384571  -0.00265139 
152 0.000582226 1.19808 0.040313 0.050521 -0.000996986  -0.00504613  0.0202601  0.0002181  -0.0267655  -0.00532561  -0.00422967  -0.00134569  0.0193856  -0.00692083 
153 0.000564753 0.863291 0.0286448 0.0443882 0.000235364  0.0123489  -0.00843333  0.000101486  0.0141032  -0.000145113  -0.00724948  -0.00607583  -0.0139688  -0.0106452 
155 -4.56808e-05 0.451752 0.00296939 0.0374929 -0.000928882  -9.52887e-06  -0.00109866  0.000282949  -0.000289589  0.000779201  0.000493073  0.00171953  0.00164753  0.000248949 
156 -6.77348e-05 0.479189 0.00237506 0.0380972 -0.00118801  -0.00116651  0.000255392  -5.6931e-05  0.000353137  0.00152999  0.000298947  -0.00046331  -0.00015295  -8.55975e-05 
159 -1.55208e-06 -233.448 0.0381073 0.0389761 0.0180093  -0.0119917  0.0050534  0.0060842  -0.0131158  0.0174387  -0.00949678  -0.000777835  0.00528566  -0.0180725 
160 0.000400926 0.71382 0.0185176 0.038996 0.00251054  -0.000510032  0.0132995  0.00226224  0.00539543  -0.00948736  0.0058143  -0.00060015  -0.00087127  -0.000546409 
161 -0.000128232 0.338019 0.00911576 0.0334641 -0.00084336  -0.00523085  -0.0038553  0.0031351  -6.77403e-05  0.000425916  0.00132984  -0.00132489  0.00378453  0.00350705 
162 -0.000253394 0.444924 0.00747411 0.0353282 0.00363139  -0.000826949  0.00248128  0.00269028  0.00141728  -0.000400935  -0.00156531  -0.00485047  -3.73229e-05  0.000670132 
164 3.62369e-05 1.024 0.00871502 0.0387493 -0.00243848  -0.00159628  0.00433722  -0.00555994  -0.00249969  -0.000783521  -0.000502241  0.000558733  -0.000894928  0.00308304 
165 2.73841e-05 0.672861 0.0043514 0.0382789 0.00324277  -0.000521148  0.00135024  5.9614e-05  0.000574439  -0.00198705  -0.000327844  -0.00103359  -0.000839889  0.000401614 
166 -9.24272e-05 0.407475 0.00584918 0.0379195 -0.000595355  -0.00189523  -0.000989396  0.00141885  -0.000620988  0.00400535  0.00183706  0.00171948  -0.00142142  -0.00157933 
168 0.000338857 1.03278 0.0268704 0.0391193 0.00458537  -0.00149454  -0.00895651  -0.014174  -0.00900198  -0.0125486  -0.00809051  -0.00373612  -0.00768138  0.00638083 
169 -0.000280711 0.418289 0.00958122 0.0345184 -0.00395481  -0.00436122  0.000931282  -0.00104745  -0.000380988  0.00443257  -0.0019633  0.00169756  0.0045979  0.0027395 
170 0.0010576 0.709746 0.0297876 0.0383702 0.00286119  0.0120532  -0.00429822  -0.0021877  0.00613251  -0.00536094  0.0091882  0.0233454  -0.00341626  0.00176829 
171 -1.34329e-05 -3.04632 0.0138038 0.0203772 0.000922362  -0.00106872  -1.46538e-06  0.00176263  0.00997496  -0.00309293  -0.00301355  0.00768167  0.00273547  0.000898785 
172 -0.000375067 -0.0115483 0.0277056 0.0207042 -0.00685776  -0.00225605  -0.014926  -0.0110732  0.0038746  0.0108012  0.00563933  -0.0100843  0.00996079  -0.00238536 
174 5.8757e-05 0.573091 0.00414482 0.0283514 0.00228211  0.00238014  0.000521787  0.0013034  -0.000690196  -0.000421329  0.00156162  9.59579e-05  0.000537226  0.000972124 
175 6.20513e-05 0.676785 0.00662415 0.0272955 1.56925e-05  0.00112034  0.000998025  -0.00172141  -0.00523361  0.000490951  -0.00129328  0.000654974  -0.00259309  -0.00148569 
176 0.000221439 1.42852 0.0286756 0.0261342 0.000133007  -0.0063224  0.0100533  0.014526  0.00113535  -0.00128841  0.0111152  0.00344105  -0.0099886  -0.0152353 
177 5.69874e-07 177.972 0.0201128 0.0214845 0.00304023  0.00220955  0.0013499  0.00656447  -0.00921992  -0.00770751  -0.00901632  -0.00596331  -0.00798633  -0.00452074 
178 -5.46099e-05 0.454162 0.00316457 0.0214712 -0.00146042  0.000114319  0.00028971  0.000414634  -8.65478e-05  0.000273691  -0.00154006  -0.000576681  0.000426161  -0.00215508 
181 -0.00017878 -0.0142442 0.0191776 0.0227073 0.00380568  0.00129149  -0.000201297  -0.00193445  0.00277866  0.0115561  0.0101739  0.00733516  0.00109522  0.00693303 
185 -0.000362614 0.309148 0.0166412 0.0263518 0.00448689  -0.000735229  -0.00405364  0.00892477  0.00578325  0.00217794  -0.00616968  0.0089798  0.00153915  -0.000955016 
187 6.30519e-05 0.691057 0.00694163 0.0325131 -0.000133202  -8.47485e-05  0.00472909  -0.0012897  0.00225981  -0.000307097  0.0020795  -7.03006e-05  0.0021087  0.00318696 
190 0.000176869 0.548295 0.00584636 0.0315285 0.000874628  0.00249728  -0.00170092  -0.000471532  -0.00327395  -0.00234111  -0.000230583  -0.00235513  0.00029273  0.00147582 
194 -8.50375e-05 0.43516 0.00469678 0.0285866 -0.00338488  -0.00104788  -0.00010752  0.000221314  -0.00123365  0.00106616  0.0010983  0.0012716  0.00111225  -0.00165068 
198 0.00013784 0.969025 0.0160806 0.0300373 0.00274855  0.00476451  -0.0034635  1.48158e-05  -2.81149e-05  -0.0063925  -0.00625197  0.000225235  -0.000394933  0.0116694 
201 -2.24265e-05 0.439778 0.00232435 0.0276479 0.00120754  0.000151436  -0.000712825  -0.000789174  -0.00101092  0.000885574  5.56543e-05  -0.000492493  0.000663009  0.000546961 
203 -9.8311e-05 0.459971 0.00396824 0.0280506 -0.000563003  -0.0020143  -0.000227725  3.53621e-05  -0.00191892  0.00182697  0.001383  0.000142804  -0.00143454  0.000555299 
205 0.000157985 0.579808 0.00710223 0.0297515 -0.00113979  -0.000982059  -0.00284852  -0.00119577  0.00345358  -0.00129908  -0.00392278  -0.0012374  -0.0025044  -0.00135209 
208 -8.99981e-05 0.437464 0.00474525 0.0269662 0.00273558  0.000398664  -0.00289289  0.000970564  -0.00097091  -0.000436584  0.00170485  -0.000666373  -0.00103942  9.48178e-06 
209 -1.56235e-05 0.495714 0.000517636 0.0285863 -3.27123e-05  -0.000257344  -7.40862e-05  -1.1277e-05  -0.000195985  9.71327e-05  8.15706e-05  0.000364466  -8.41681e-05  -2.48293e-05 
210 -0.00012801 0.469675 0.00394168 0.0288583 0.00129276  -0.00100719  0.000873718  0.000779858  -0.000419852  0.0030277  -7.99826e-06  -0.000589329  0.000848393  0.00103404 
218 0.000180323 0.572342 0.00722431 0.0309971 -0.00101854  0.00265615  0.00194752  -0.00533417  0.00165675  -0.000913039  0.000392383  0.000185908  -0.00254039  0.00127725 
226 -0.000667168 0.284137 0.0240092 0.0279377 0.00611426  0.00405808  -0.00967755  0.00218382  -0.00168463  -0.0163026  -0.00790762  0.00365022  -0.00267596  0.00851677 
228 1.6047e-05 1.68195 0.00871008 0.0380513 -0.00293843  -0.000940618  -0.00201331  -0.00180298  -0.000762526  0.00544067  0.00338061  -0.00265321  0.000505668  0.00318373 
229 -2.96096e-05 0.413789 0.0031955 0.0378399 -0.000128297  -0.00157291  0.00122551  0.000464807  -0.00196205  0.000544558  -0.00107861  -0.000524123  -0.000310947  0.000567295 
230 0.000263759 0.832211 0.0187208 0.0382291 -0.00696228  0.00461496  0.00829155  0.00691811  -0.00230521  0.00122963  0.00174572  0.00593024  0.00577884  -0.00925476 
232 0.000481251 0.654046 0.0172213 0.0346084 0.000159321  0.00281562  0.00510017  -0.00445158  0.00987349  -0.000866448  0.00242992  -0.0107957  -0.00435708  0.00176621 
234 -0.00052435 0.305566 0.0201997 0.0267695 -0.0097509  -0.0011566  0.000132449  -0.00331335  0.00181488  -0.0114749  0.00453199  0.00889707  -0.00236386  0.00776947 
235 -0.000675367 0.257045 0.0256267 0.0352292 -0.00539482  0.000376458  0.0105156  0.0054914  0.00636471  -7.85949e-05  -0.00980488  -0.0130872  0.00758274  0.0110148 
240 0.000133105 0.955673 0.0155754 0.04378 0.00622357  -0.00321722  0.000984409  -0.00360635  0.0070987  -0.0100717  0.00357502  -0.000468859  0.00104258  -0.00369011 
243 0.000268579 0.628591 0.0117543 0.0422326 -0.00428928  0.00285139  0.000688698  -0.00283779  0.0020043  0.00794099  -0.000416402  0.00329572  0.00379052  -0.00325999 
244 -0.000174848 -2.05669 0.0422836 0.0389237 -0.0286245  -0.00308207  -0.00444094  -0.00356102  -0.0162459  0.0103262  0.00595726  -0.0130892  0.00172554  -0.0186088 
245 0.000404488 0.627603 0.0143698 0.0411086 0.00697203  -0.000489434  0.00193603  -0.0061838  0.00168349  -0.00400004  0.00266573  -0.000941059  0.00793832  -0.00508049 
246 -1.72147e-05 -17.3783 0.0350842 0.035854 0.0180316  0.0191569  0.00299458  0.00862542  -0.0177022  0.00506737  0.000673379  0.000217637  -0.0106809  0.00133664 
250 -9.66313e-06 0.492257 0.000547101 0.0360933 6.58349e-05  0.000172181  -0.000185199  0.000208364  -2.93952e-06  -0.000273004  0.000234522  -6.9569e-05  -0.000213799  8.67986e-05 
251 2.4685e-05 0.530987 0.00174926 0.0362269 -0.00101404  -0.000186917  -0.000650368  -0.000284505  0.000781078  0.000370723  -0.000650176  -3.0121e-06  0.000153651  0.000546736 
252 0.000474883 0.644324 0.0165586 0.0358846 0.00239881  -0.00656383  -0.0041547  -0.00569874  0.00389401  -0.00857822  -0.00216865  0.00493498  -0.00505761  0.00567678 
254 1.65157e-05 0.733211 0.00392512 0.028512 0.000322403  0.000398395  -0.00256233  0.000101836  -0.00101903  0.0010842  -0.00012545  0.00164508  -0.00163741  -0.00097517 
256 0.00018373 1.13861 0.0216627 0.0282208 0.00690827  -0.00102156  0.0123759  -0.0045727  0.0140703  0.00350921  0.00173199  -0.00304611  0.00256551  -0.00415727 
258 8.74884e-05 1.08752 0.0143386 0.0247529 0.00139529  -6.50788e-05  -0.00676334  -0.00662209  -0.00712491  0.00512853  -0.00241333  0.00370109  -0.00362793  -0.00207359 
263 3.61483e-05 0.712576 0.0055441 0.0229177 0.00159623  -0.000436739  -0.00242455  0.000192098  0.000579633  0.00253311  0.00284794  0.00165137  0.000391599  -0.0020831 
264 6.03155e-05 0.525971 0.0025035 0.022115 0.000609101  -0.0012322  -0.000763223  0.000226284  0.000943573  0.000761091  0.000320949  0.000169323  0.0014623  7.00697e-05 
265 3.74366e-05 0.551348 0.00277302 0.0207065 0.000554192  -0.00175242  -0.000244583  0.000681285  -0.0019025  -0.000305896  7.07009e-05  -0.000123764  -0.00010666  0.000206924 
266 -1.66401e-05 0.490055 0.000813679 0.0197819 -2.34262e-05  0.000635082  0.0001531  -0.000242715  -0.000196486  -0.000222518  -0.000160227  -0.00014229  0.000199008  4.69137e-05 
268 -0.000140421 0.0996135 0.014997 0.0201981 0.00153129  -0.00258561  -0.0014524  -0.00858463  0.00689297  -0.00656665  -0.000382856  0.0018821  -0.00661196  -0.0014262 
270 4.8295e-05 0.57118 0.00370829 0.0234178 0.000372306  -0.00218616  -0.000612527  -0.000155294  0.00134331  0.0019366  -0.00138892  0.000262106  0.000346926  0.000872447 
274 6.24572e-05 0.564966 0.00402887 0.0223629 0.000531909  -0.000196192  -0.00114186  0.00177343  -0.000471719  0.000624336  -0.000732968  0.002574  0.000600202  -0.00182377 
278 6.6941e-05 1.72088 0.01808 0.0209199 0.00621789  -0.00268597  0.00714126  0.0106387  0.00077299  0.00553711  -0.000529172  -0.0027514  0.00402728  -0.00784236 
280 -0.000786512 0.297207 0.0252687 0.0192537 -0.00512744  -0.0116497  0.000848891  -0.00100841  0.00964148  0.0095084  -0.0118182  0.00440349  -0.00442638  -0.010618 
281 -8.58941e-05 -2.67198 0.0330109 0.0340224 -0.00449026  0.0114617  0.00530831  -0.0146088  -0.00607159  -0.00436575  0.00193325  0.00834095  0.00209894  0.0237267 
282 -0.000340479 0.436304 0.00931772 0.0352622 -0.000627083  0.00186363  0.000556318  -0.00293175  -0.00231652  0.00390921  -0.00388853  -0.00185874  0.00222531  0.00546563 
283 -9.21378e-06 0.260105 0.00297346 0.039799 -0.000589043  -0.000438034  -0.00102542  0.00144127  0.000896553  0.00103159  -0.000994513  0.000122592  -0.00127094  0.000828542 
284 0.000206662 0.537013 0.0055331 0.0399146 -0.000270546  -0.000137704  0.00169755  0.0011722  -0.00255594  -0.00275013  0.000694077  -0.000193187  0.000951865  -0.00327814 
286 -0.000619186 0.37426 0.0176551 0.0372362 -0.00816541  0.000851378  0.00107061  -0.00659084  0.00468469  -0.00175548  0.00221801  0.00271383  0.0108265  0.00672251 
288 0.000170145 0.512402 0.00290758 0.0447874 0.000489572  -0.00123623  -0.000218254  0.00148046  -0.000319806  0.000809638  0.000390316  -0.00174268  0.000243517  -0.000663541 
289 -0.000401321 0.365163 0.0147163 0.042846 -0.00412888  -0.00701812  -0.00262067  -0.00906663  -0.00645176  -0.000226399  0.00208702  -0.00103025  0.00326973  -0.00184704 
291 0.000121512 0.985153 0.0153556 0.0472989 0.00238153  -0.00588362  -0.00756774  0.00264659  -0.00180328  0.00192774  -0.00100458  0.00176396  -0.00989062  0.00472408 
292 0.0004349 0.64576 0.0159247 0.0459965 0.0012913  -0.0070464  -0.00133954  0.00193874  -0.000385075  -2.30272e-05  -0.00182221  -0.00712702  0.00488669  -0.0108894 
293 -0.000101455 0.225959 0.0105461 0.0409984 0.00522487  -0.00340832  -0.00167141  0.00193088  -0.00423191  0.00448731  -0.0011642  -0.00154075  -0.00489106  -0.000293336 
295 -0.000427389 0.416938 0.0119213 0.0422177 0.00329539  0.00150906  0.00368612  -0.00686935  -0.00599069  -0.00464156  -0.00298985  -0.000497044  0.000194552  0.00124451 
298 0.0013533 0.766878 0.0380045 0.0470086 0.0101872  0.0137  0.000483651  0.0278463  0.000825579  -0.0033697  0.00666192  -0.00070927  0.0177905  -0.00194961 
299 -0.000115019 -1.09024 0.0270483 0.0292818 0.011277  0.00417908  -0.00880665  0.00690049  0.00161781  -0.00777373  0.00673368  0.0134034  -0.0129668  0.00237152 
300 -0.000108418 -0.352021 0.0192225 0.0311841 0.00157772  0.00349529  -0.0051014  0.00325779  0.00748776  -0.00280908  -5.01478e-05  -0.00866977  0.0117353  0.00642802 
304 3.75403e-05 0.601187 0.00389804 0.0328766 0.00152814  -0.00121271  0.000174721  -0.000582828  0.00103723  0.000779229  -0.00157164  -0.00183075  7.74704e-05  -0.00187294 
306 -2.01751e-05 -2.09364 0.0144674 0.0323007 0.00107156  -0.00163737  0.00455167  -4.90026e-05  -0.00408511  -0.0110952  0.00310299  -0.00435533  -0.0035503  0.00193937 
307 0.000297629 1.09575 0.0266294 0.0326115 -0.00453866  -0.00112542  -0.0091875  -0.00647796  0.00634235  0.0142138  -0.0139093  -0.00263306  -0.0017846  -0.0107258 
310 -0.000116636 0.417327 0.00621125 0.0276754 0.00209072  -0.000573002  0.000538604  -1.92408e-05  -0.000318358  -0.00260805  -0.00178724  0.00371405  0.000756956  -0.00302077 
313 -5.66663e-05 0.454683 0.00320527 0.029708 0.000587443  0.000384747  0.000110036  0.00101295  -0.00108935  -0.000417063  5.98717e-05  0.00211447  0.000258516  0.00168536 
315 -0.000228235 0.421535 0.00846566 0.030647 0.00230633  0.000998648  0.00115146  -9.40938e-05  0.00126652  0.000457659  0.00249948  0.00646825  0.00313985  -0.0020636 
316 0.000113906 0.823754 0.0121452 0.0341687 -0.00269137  -0.00250776  0.00673119  3.37548e-05  -8.96523e-05  4.33067e-05  -0.000623504  -0.00661871  0.00555301  0.00369058 
317 6.77483e-05 0.673942 0.00686568 0.0324592 -0.00265287  -0.00153644  -0.00243768  -0.000387854  0.000673763  -0.000338667  -0.000773834  0.00407995  -0.00137523  -0.00345568 
318 2.57317e-05 5.26364 0.0221421 0.0313983 -0.00376663  -0.00263625  0.0127222  -0.00315412  0.00765842  -0.00685389  -0.0047024  -0.0118437  -0.00310104  -0.00443854 
319 0.000144512 0.588566 0.00715555 0.0309858 -0.000159848  -0.00158309  0.00133811  0.00103531  0.000466049  0.00196313  0.000621254  -0.000383196  -0.00632027  0.00112164 
324 5.02513e-05 0.643 0.00536137 0.028559 -0.0027778  0.000853734  -0.000227894  0.00268614  -0.000826597  -0.00227331  -0.00171245  -0.00192938  -0.000718665  9.60794e-05 
326 0.000123859 0.905561 0.0141746 0.0276653 -0.0027917  0.00473623  -0.00655744  0.00469598  0.00468187  0.0087507  0.000523125  4.9633e-05  -0.00207967  0.00159578 
328 -0.000278558 0.247098 0.0167887 0.0253282 0.0109765  0.00689033  -0.00162116  0.000865432  -0.00156597  0.00300448  0.0018848  0.0029947  -0.0091506  -0.00167011 
329 -9.1323e-05 0.48203 0.00256296 0.0303334 0.000605657  0.000717017  0.00128699  -0.000941955  0.000446206  0.00157739  -0.000522526  0.000188675  -0.000361656  0.000132408 
331 -2.69865e-06 -1.25184 0.00434861 0.0318032 0.000581215  0.000328992  -0.0013428  0.000998523  0.00251288  -0.000667096  0.00250382  0.000648076  -0.000255815  0.00146631 
334 0.000164559 2.26367 0.0340685 0.0318456 -0.0287678  0.00851286  -0.00948168  0.00242632  0.00499068  -0.00410336  0.00705054  -0.00480831  0.0064889  0.00285261 
338 -0.000429591 0.467485 0.00748173 0.0291478 -0.00216758  0.00431982  -0.00184719  0.00205072  0.0025495  9.4451e-05  -0.00131009  -0.00207724  0.00319261  0.00150552 
339 -5.56708e-05 -0.284174 0.0132146 0.035767 0.00319416  -0.00330273  -0.00179106  -0.00292277  0.00419934  0.00598189  0.00850756  -0.00248467  -0.00310406  0.000398511 
342 8.7684e-05 0.533756 0.00344131 0.036537 -0.00114113  -0.000150587  0.00115836  -0.00219407  -0.000401769  -0.00143093  -0.000467901  0.0011015  0.000256685  0.000809246 
344 2.8246e-06 0.501539 0.000131886 0.0353167 7.60012e-07  -4.67305e-05  -6.35769e-07  4.55201e-05  -3.88621e-05  2.24317e-05  -9.0871e-06  -3.83803e-05  5.98229e-05  -7.73896e-05 
349 0.000405545 0.606919 0.0131714 0.0352767 -0.00229102  -0.00533686  -4.70579e-05  -0.00825814  -0.00513319  -0.00587559  0.00233307  0.0013454  -0.0017433  0.000624646 
