generation s h r distopt trait[0] trait[1] trait[2] trait[3] trait[4] trait[5] trait[6] trait[7] trait[8] trait[9] 
2 -1.8712e-05 0.477338 0.00130244 0.02 0.000544639  0.000234848  -0.000115561  0.000583486  -0.000391934  -0.000640977  6.13197e-06  -0.000489355  4.67052e-05  -0.000429665 
6 0.00103518 2.90442 0.0996948 0.100433 0.0251526  -0.0699539  0.0150132  0.0191181  0.0167102  -0.0235111  0.0413492  0.0252142  0.0107981  -0.0229748 
7 0.00106769 3.95086 0.121258 0.106156 -0.0648264  0.00285995  -0.0628572  -0.0659269  -0.0121505  0.0368159  0.0142129  -0.0186119  -0.0119022  0.00153647 
8 0.00350164 0.690028 0.0515966 0.11105 3.62037e-05  -0.00603132  -0.00164174  0.00257325  -0.0156485  0.00793365  -0.0433417  -0.0165844  -0.00860846  0.0090028 
9 0.00103934 0.791138 0.0347863 0.107445 -0.00773022  -0.00761684  0.00220697  -0.00018657  0.018367  0.00880105  0.00536505  -0.00711857  0.0142062  0.0197821 
12 -4.62289e-05 -71.9432 0.115645 0.149097 0.0577267  -0.0386397  0.0276696  0.0688068  0.0217855  -0.017239  0.0202158  -0.0026669  -0.0160585  0.0400371 
13 0.00494579 0.542758 0.0292556 0.165046 -0.0236494  -0.000349011  0.00573685  -0.0128757  -0.00310964  -0.00232694  0.000243992  0.00592605  -0.00592157  0.00352867 
14 0.00981967 0.651842 0.0773199 0.166419 -0.0108029  -0.0634998  0.0115548  0.0143198  -0.0187761  0.0101126  0.0240494  0.01284  -0.0170595  0.00134119 
15 0.000536174 0.55741 0.0111012 0.146971 0.000196391  0.00331006  0.00373793  -0.00429271  0.000406512  -0.00481625  -0.00513094  -0.00537341  0.000548886  -0.000988999 
20 0.00453915 1.46404 0.132047 0.228201 -0.0291546  -0.0496587  0.0211866  -0.0810751  -0.0348947  0.0105432  0.0721635  0.00877754  0.0204797  -0.00809043 
21 0.0212556 0.836885 0.168709 0.232094 -0.138513  -0.0316892  -0.00621853  0.0406666  -0.010346  0.0334994  -0.0415667  0.00806059  -0.058819  -0.00992598 
22 0.00845369 0.626346 0.0654795 0.191479 -0.0201629  -0.04321  0.00841949  -0.00148435  0.00991421  -0.0270706  -0.00685162  -0.0199501  -0.00418765  0.0254407 
23 0.00548391 1.03174 0.107844 0.175983 0.00417141  -0.0700685  -0.0421501  0.0100217  0.0225394  0.0543972  0.0192067  -0.00782794  0.0294687  -0.00778297 
24 0.0115969 1.02516 0.155609 0.162786 0.0698933  -0.00349966  0.00700659  0.0160549  0.00839744  -0.105014  -0.0347722  0.0594469  -0.0219068  -0.0518494 
27 0.00991219 0.674785 0.0832979 0.159957 -0.000839913  -0.0315791  -0.0118644  -0.00402373  0.0319053  0.0368523  0.000961133  -0.0292449  0.050062  0.00672363 
30 0.00339713 0.609724 0.0386514 0.173205 0.016567  -0.0255879  0.00495133  -0.0117825  -0.00327453  -0.00943665  0.0030882  -0.00446983  0.0159949  -0.00403246 
32 0.0121126 0.794276 0.119245 0.196832 -0.0575034  -0.0036022  -0.00511073  0.0383299  -0.0476635  -0.0150868  -0.0598356  0.0220735  0.0460805  0.0267225 
33 0.00236342 0.669899 0.0400841 0.18154 -0.00379686  -0.0103502  -0.0125737  -0.014661  0.0125497  0.0129116  0.0125878  -0.0202718  0.0125977  0.00773591 
36 0.00788515 0.533036 0.0326893 0.22986 -0.00682122  -0.0167266  0.0121331  0.00419875  0.0125585  -0.00210988  -0.00499415  -0.0173402  -0.00331249  0.00887019 
37 0.00727869 0.793181 0.0923159 0.230807 -0.0722523  -0.00190624  0.0221354  0.00132112  -0.0118767  -0.00895853  -0.02203  -0.0338301  0.0133188  -0.0278923 
39 0.015925 1.47715 0.247802 0.250296 0.0364862  -0.14324  0.0189011  -0.132968  -0.0747985  -0.0319667  0.0612814  -0.0497816  -0.0680597  -0.0635362 
40 0.00763386 1.377 0.163151 0.227217 -0.058855  -0.0445005  0.0102307  0.0841534  0.0108528  -0.103913  -0.0230507  -0.0204972  -0.0107525  0.044775 
41 0.00471935 0.698609 0.0612351 0.216925 -0.00700533  -0.02182  0.0339489  -0.0169422  0.008205  0.0282536  -0.0249191  -0.0140346  -0.0063735  0.00779993 
42 0.00803897 1.62879 0.189794 0.212764 -0.0208682  0.0175515  -0.0405165  0.0066261  0.0512686  0.142636  0.0678493  0.0240696  -0.0532399  0.0510087 
43 0.00810441 0.633244 0.0658201 0.203251 0.0198156  -0.0483582  0.0133413  0.0247806  0.00806714  -0.0200719  0.0156544  0.00897258  -0.00175395  0.0035284 
48 0.0053511 0.585162 0.0427995 0.240972 0.00721748  -0.00892664  0.00715079  0.000652623  0.0147141  0.00739164  -0.00916923  0.00583003  0.0326353  0.0139354 
50 0.00862804 0.728082 0.0886962 0.260428 -0.00920743  -0.00845224  0.000765627  0.0297612  0.00130004  0.0198141  0.0170228  0.0257556  -0.0111971  -0.0731553 
52 0.0311161 0.854251 0.20893 0.276799 0.0576629  -0.160967  -0.0490766  0.0894745  0.0114979  -0.0168522  -0.0571928  0.0174552  -0.0029683  0.00120924 
53 0.00549123 0.697398 0.0658531 0.225395 -0.0256967  -0.0187146  -0.0186958  0.0158859  -0.00891912  -0.0128792  -0.0316173  -0.0247373  0.00771724  0.0284184 
54 0.00721784 0.547719 0.0373948 0.223313 -0.0148077  -0.00271302  -0.00742073  0.000487274  -0.00256624  -0.00788821  0.0153912  0.0112943  0.0224786  -0.0133375 
55 0.0010473 14.6236 0.242288 0.218385 -0.156973  -0.0176786  -0.070325  -0.0712044  0.0604894  0.0418131  -0.0305308  0.00635506  -0.0644169  -0.114915 
58 0.0102166 1.23374 0.172551 0.239421 -0.0392491  -0.0865239  -1.31509e-05  0.00805739  -0.00492579  -0.117686  0.0573229  0.0511071  0.0267898  -0.0138722 
59 0.0132055 0.692941 0.100985 0.220268 0.0012431  -0.0445636  0.0291809  -0.00686041  -0.00625844  0.033345  -0.0258023  0.0568672  0.0452648  -0.0145699 
62 0.0204692 0.573064 0.0782468 0.198488 -0.000161283  -0.023329  0.0114926  -0.0174409  -0.0283784  0.0358697  -0.0265341  -0.0288236  0.0267694  0.0282596 
64 0.0023534 4.03292 0.18189 0.15515 -0.0601599  -0.04364  0.0139597  0.0168985  -0.10165  0.0848003  -0.0294044  -0.0558862  0.00798029  0.074192 
66 0.000604608 0.50429 0.0032486 0.157449 -0.000440065  -0.00117529  0.000385179  0.000286527  0.00141074  -0.00148846  0.000725567  0.0014464  0.000704637  -0.00119467 
67 0.00196784 1.6407 0.0946677 0.163922 0.00474758  -0.0306485  0.0195298  0.0237466  0.0041606  -0.00692415  -0.00603981  0.0825013  -0.00870222  -0.00841772 
70 0.00198852 0.534768 0.0166804 0.185952 0.00188643  -0.00918233  -0.0107377  -0.00313806  0.00357778  0.00496533  0.00167204  -0.00260871  -0.00425813  -0.000170688 
71 0.00387908 0.665237 0.0506516 0.192628 0.00840363  -0.0174663  0.0124834  -0.0054303  0.0173973  0.00445539  0.0196845  0.012804  -0.029623  -0.0159095 
73 0.0126261 0.569802 0.0598361 0.208874 -0.0317627  -0.0244286  -0.00199838  0.0172009  0.00773954  -0.0204775  -0.00230421  -0.0298184  -0.00476618  0.0166875 
74 0.00355121 0.743802 0.0588372 0.189973 -0.0172059  -0.0275171  0.00107923  0.00140042  -0.0122991  0.0295161  0.000195133  -0.00781746  0.00507898  0.0360006 
75 0.00799226 0.861764 0.107398 0.192543 -0.0172133  0.00755904  0.0475729  -0.0213506  0.00354997  -0.0807861  0.0398147  0.00222266  -0.00868632  -0.0160392 
77 0.00588711 1.0798 0.116651 0.201494 -0.0157059  -0.0546466  -0.026331  0.0331551  0.0546794  0.0071152  0.0366677  -0.0511316  -0.0204353  -0.0341299 
78 0.000421708 25.7885 0.205968 0.19853 0.0859735  -0.0607031  0.01388  -0.115118  0.094997  0.0660233  0.0164154  0.0275001  0.0194923  0.0557907 
80 0.00805755 0.742272 0.0883278 0.221147 0.0187907  -0.0455988  0.00747779  0.0142273  0.000790723  -0.0139463  -0.0569597  0.0168429  -0.036999  0.00435721 
84 0.0178146 0.532207 0.049295 0.254396 -0.0113169  -0.0267355  0.00141304  0.00973407  -0.013601  -0.0236664  -0.0136355  -0.0215073  0.00725896  -0.00664217 
86 0.0155685 0.710145 0.114384 0.247902 -0.00695732  -0.0466476  0.00165624  -0.0323676  -0.0559783  0.0576841  0.0306307  0.0133444  0.0467392  -0.0068617 
87 0.00917887 0.703853 0.086517 0.229291 -0.0395912  -0.00231559  0.0466668  -0.00160424  -0.0425577  -0.00524965  -0.00127163  -0.00274753  0.0431208  -0.0049718 
91 0.00318492 3.85208 0.205951 0.273754 -0.0623795  -0.0390836  0.00945165  -0.0594714  -0.106283  -0.0587627  -0.0442235  0.0223205  -0.050027  0.116899 
92 0.0140098 0.886773 0.146843 0.281493 0.0198652  -0.0825813  -0.033703  0.0117429  0.0284866  0.0261279  -0.100914  0.0129682  0.034471  0.00636429 
93 0.0191174 0.57418 0.0761192 0.266186 -0.00276178  -0.0198151  -0.0209876  -0.00100008  0.0465808  -0.0271112  0.0409995  -0.0144281  0.000132127  0.0125877 
97 0.0131021 0.696159 0.101416 0.280955 0.0128893  -0.0654814  0.0157583  0.0303386  -0.0254655  -0.00500832  0.0327719  -0.0473542  0.0150952  0.0210856 
98 0.0171001 0.661247 0.105189 0.269167 -0.0820261  0.0113018  -0.0187144  0.00051553  0.0411228  -0.0113639  -0.0260009  -0.0222845  0.0286417  -0.00670543 
100 0.0184579 0.63583 0.100458 0.263217 -0.0320472  -0.0402683  -0.0481633  0.0325904  -0.0415414  0.037747  0.0154186  0.00488997  -0.0244124  -0.00729597 
101 0.0130758 1.25017 0.197173 0.238975 -0.0165231  -0.0586457  0.015847  0.0386979  -0.0404058  0.0298015  -0.0774868  0.0469626  -0.0203645  -0.149235 
102 0.00546342 1.55797 0.151678 0.210043 0.0766238  -0.0597179  0.0123906  -0.0753774  -0.00511072  -0.043812  0.0583917  -0.0187252  0.0426302  0.0145009 
104 0.00448665 0.61279 0.0450464 0.196645 -0.00230019  -0.0337069  -0.000751434  0.0243381  0.00464223  0.0038546  0.00872942  0.0119594  0.00318839  0.00538736 
106 -0.000891841 -0.848691 0.0693608 0.184913 -0.013522  -0.0578533  -0.00435622  0.0183556  0.00447786  -0.0203905  -0.018318  0.00726466  0.00405348  0.00919746 
107 0.00435744 0.782678 0.0701623 0.18731 -0.019939  -0.00909456  -0.0224181  0.00763965  0.00171421  -0.00884446  0.0542491  0.016326  0.0105227  0.021912 
112 0.000399245 0.510092 0.00402407 0.17532 -1.47427e-05  0.000585755  -0.00131285  0.00033657  0.0012508  0.00132596  0.00239648  -0.00122003  -0.00119032  0.00142892 
113 0.0102385 0.895706 0.127054 0.174178 -0.101389  0.044782  -0.0147761  0.0397908  0.0228023  0.012604  -0.0247492  -1.87907e-05  0.0147132  -0.0234087 
116 0.0083132 1.55131 0.186274 0.141956 -0.00211519  0.0469385  0.0835787  -0.0686894  0.0603166  -0.0735993  0.0877513  0.0069284  -0.0530901  0.034131 
119 0.00721241 0.822474 0.0963584 0.108962 0.0048941  -0.0598706  -0.0367221  -0.00527992  0.0107833  0.0388618  -0.0381796  -0.0200384  -0.0260045  -0.0117535 
123 -0.000130117 0.426476 0.0061869 0.0684555 8.18236e-05  -0.00262964  0.000173615  0.000732024  0.00470885  -0.00180195  0.000186425  -0.00218004  0.000713686  -0.000270298 
124 0.00192674 0.854839 0.0522783 0.0693994 0.00528498  0.0432517  -0.00287801  0.0102568  -0.0227564  -0.000518382  -0.00339807  -0.00694708  -0.0111712  0.00426169 
128 0.00115455 1.79109 0.0771707 0.0537717 0.00563599  -0.012989  0.0153568  0.0438026  0.0228133  -0.00198169  0.00608858  -0.00323422  0.0336882  -0.0435148 
129 9.44724e-05 1.8024 0.0221836 0.0416834 -0.00684428  0.00550893  0.0071042  -0.00391709  0.00270935  0.0128702  0.00783989  0.00429583  -0.00975997  -0.000975264 
130 -4.426e-05 -2.08766 0.0214034 0.0405344 0.00512392  0.0113663  0.00335591  -0.0135793  -0.00191188  0.00196418  0.00657406  -0.00719047  -0.000115066  -0.00213305 
132 0.000469901 1.24302 0.0373646 0.0410767 -0.00163557  -0.00984417  -0.0267987  -0.0132473  -0.00367233  0.00723913  -0.00696335  -0.00783564  -0.00253573  -0.0148548 
133 3.83072e-05 0.73279 0.00597243 0.0348928 -0.00158924  0.00369907  -0.000341472  -0.00148747  -0.00106798  -0.00047184  -0.00130098  -0.00330159  0.000640734  0.00166287 
134 6.13781e-05 0.903132 0.00994844 0.0343395 -0.000662502  -0.00112392  0.00495911  -0.00139  0.0018938  0.000448683  -0.00177417  0.00690797  -0.00321166  -0.00240295 
135 0.000302486 1.67178 0.0376479 0.0334339 0.00391287  0.00738507  -0.01138  0.0209976  0.00971082  -0.0123899  -0.00881074  0.00760998  -0.0194558  0.00390247 
136 -4.00093e-05 0.41617 0.00366293 0.0285549 -0.000885508  -0.000147159  -0.00152854  0.00157509  0.00090459  -0.000232595  -0.00117705  0.00135113  0.0013174  0.00140534 
137 4.20091e-05 0.594722 0.00398964 0.0292471 -0.000407779  0.000660066  -0.00212511  -0.000437068  -0.00129806  -0.000148789  0.00133927  -0.00197896  -0.00020073  0.00177507 
142 -0.000116622 -0.384317 0.020311 0.0285199 -0.00258772  0.00221272  -0.00553905  -0.00986668  -0.0100463  -0.00731817  0.00147108  -9.64139e-05  0.00893145  -0.00604004 
144 0.000132294 0.935259 0.0151761 0.0304961 -0.00167132  -0.00505414  -0.00400013  -0.000641455  -0.00845324  0.00525542  -0.00110517  -0.00643776  -0.00473396  0.00462729 
147 0.000250798 0.666688 0.0129316 0.0282441 0.00208979  -0.0070297  0.0074028  -0.00312056  -0.000618354  0.00302835  0.00181254  0.00502666  -0.00296969  0.00140688 
149 -0.000144223 0.371566 0.00860855 0.0233872 0.00201521  0.00219525  -0.00137646  0.00275964  0.00130092  0.00154774  0.00646829  0.0015305  -0.00043976  0.00269338 
153 4.56616e-05 0.832354 0.00779118 0.0262906 0.000809111  -0.001053  0.00633716  0.00109184  0.000980852  0.000477573  0.00347816  0.00122373  -0.00130064  0.0010538 
154 -0.000260376 0.253833 0.0160138 0.0254074 0.00702266  -0.00844696  -0.00221369  0.000344611  -6.17245e-05  -0.00266613  0.00485814  -0.00265788  0.00464433  0.00845024 
156 -6.07176e-05 0.45298 0.00337965 0.0300989 0.00118866  0.00105513  0.000123582  -0.00123165  0.00100199  -0.00110577  0.000891143  0.00163597  -0.000885078  0.000939695 
157 -3.14897e-05 0.279052 0.00527552 0.0310912 -0.00146029  0.000694352  0.0014772  -0.0015527  -0.0025318  0.00297721  0.000726985  0.00192734  -0.00101497  -0.000276515 
158 0.000218148 1.0035 0.0209595 0.0315936 1.30823e-05  0.00772437  -0.00609701  0.00313629  0.00246547  -0.0120124  -0.0118565  0.00116715  -0.00511396  -0.00376267 
165 7.38773e-05 0.686898 0.00743171 0.027929 0.00243553  0.00230285  0.00133675  0.00158157  -0.000196703  -0.000189705  -0.00174282  0.00141246  0.00587097  -0.000362983 
167 -3.82981e-05 0.317335 0.00528999 0.0265736 -0.00224761  -0.000201958  -0.00247139  -0.00237482  0.000453195  0.000102617  -0.00243742  0.00143176  -0.00170059  0.00021222 
171 -8.20506e-06 -6.46598 0.0151202 0.0272847 0.00832129  -0.00159025  0.0074654  0.00246491  0.00855608  -0.00191057  -0.00233523  -0.00209948  -0.00233111  0.00169915 
172 5.6652e-05 0.529308 0.00257736 0.0274346 -0.00137733  -0.00129788  0.000799249  0.000756798  0.00101726  -1.7304e-05  -0.000495708  -0.000547172  0.000169131  0.000490765 
173 -2.93196e-05 -0.153926 0.00875741 0.026382 -0.000852176  -0.00164204  0.00202585  0.00114291  -0.00640713  -0.00408467  0.00261411  -0.000529343  -0.00172634  0.000171922 
174 0.000134947 0.722404 0.0109568 0.0269319 -0.00340786  -0.00529052  0.00433362  -0.00387305  -0.000661216  0.00162211  0.00378035  -0.00358819  0.00198464  0.00353462 
179 -5.41865e-05 -0.346186 0.0135429 0.0242979 0.000446633  -0.00104775  -0.00351049  0.000139132  0.00680715  0.0066565  0.000805703  0.00435901  0.00676901  -0.00369509 
180 -7.36531e-05 0.164506 0.00994212 0.0253885 0.00567026  -0.00345609  -0.000886931  -0.00322519  -0.00180405  0.00175703  -0.00515433  -0.00156108  0.00281892  0.000518376 
181 -0.000770955 0.255517 0.0274674 0.0267999 0.00441115  -0.00361279  0.0069919  -0.0196948  -0.00889519  -0.011316  -0.00611246  -0.00260988  -0.00459552  -0.00356516 
182 -0.000254562 0.113421 0.0198418 0.0385938 -0.0119761  -0.000992004  -0.00662489  -0.0019398  -0.00271512  -0.000688109  0.00826852  0.00839298  -0.00323383  -0.00667236 
184 0.000419747 0.547345 0.00891977 0.0417622 -0.000877223  0.00268615  0.000719965  0.00613072  -0.00118347  0.00254957  0.00419366  -0.00184027  0.00172075  0.00127986 
186 -0.000601373 0.227831 0.0255935 0.0363926 0.00472058  -0.00105202  -0.00610522  -0.011254  -0.00056029  -0.00708946  -0.0152574  -0.0116469  0.00361407  0.00596935 
187 0.00020004 1.02321 0.0204599 0.0438859 -0.00153  0.00321607  0.00663413  0.00140637  -0.00952283  0.00707674  0.00857822  0.00356245  0.00616435  0.00974135 
190 0.000398914 0.602871 0.0128137 0.0415446 -0.00551484  0.00649954  0.00208117  0.001027  1.75131e-05  0.00805409  0.00293097  -0.00343325  -0.000368258  0.000874718 
191 0.00031694 0.966603 0.0243198 0.0364297 0.0139565  0.00149936  0.00694257  0.00745033  0.00501197  0.011788  -0.00512283  0.00370319  -0.00424885  -0.00828417 
192 -0.000462099 -0.0866569 0.032933 0.0317841 -0.0042512  0.00665784  -0.00494328  0.0119503  -0.018873  -0.00290691  -0.00654542  -0.0157451  -0.0141129  -0.000608791 
193 0.00022598 0.679633 0.0127427 0.0383723 0.00445116  -0.00533565  -0.00173521  0.00432631  0.00476776  0.00360307  0.00376589  0.000893945  0.00632236  0.00130411 
194 -0.000498433 0.112156 0.0278119 0.0353056 -0.00253933  -0.0132683  0.00457915  0.00534166  0.00765128  0.00325125  -0.00793313  4.40272e-05  -0.0185021  -0.00819312 
196 -9.15098e-05 0.361 0.00713342 0.0417737 -0.00310522  -0.000700475  0.00187467  0.000905985  -0.00126332  0.000946022  0.00456988  -0.00135021  -0.0023502  0.00238668 
197 4.50185e-05 4.53309 0.0269476 0.042855 0.00502529  0.020527  -0.0031468  -0.000397158  0.00113886  -0.000664407  0.0146161  0.000701432  0.000725569  0.00728792 
199 -6.85646e-05 0.31731 0.00707871 0.0423265 0.00101994  0.000547735  -0.000808671  -0.000798892  0.0039545  -0.00306285  -0.00157395  0.000263074  -0.00445259  -0.000290664 
201 -0.000175929 0.457366 0.00547906 0.0431289 0.0005278  -0.0015951  -0.000666555  0.000198139  0.00309412  0.000640763  0.00055353  0.000160273  -0.00309229  0.00261441 
204 0.000184435 0.600227 0.00859948 0.0451226 -0.00158996  -0.000257284  -0.00261226  -0.0029242  0.00310809  -0.0053462  -0.00350673  -1.63773e-05  -0.000415852  0.00229557 
207 0.000457133 0.839921 0.0249293 0.0430306 -0.00591735  -0.00780327  -0.0141542  0.00663413  0.00478559  0.00034699  -0.0079282  0.00834069  0.00653391  -0.0091145 
210 -0.000283381 -0.349801 0.0310376 0.0373444 -0.0128345  -0.0131751  0.00790777  -0.0162348  0.000395707  0.0145464  0.000797393  0.000457732  0.000882277  0.00924896 
211 0.000590113 0.625658 0.0172246 0.0409637 -0.0011743  0.00490438  0.00251437  0.00373334  -0.00109742  -0.00716383  -0.0105664  -0.00177802  0.00669373  0.00623312 
212 -0.00010878 -2.20153 0.034284 0.0329861 0.00298678  0.00076661  0.013523  0.00686425  0.0253762  -0.0135526  -0.00657034  -0.00194725  0.00571634  -0.0053506 
215 -0.000292065 0.419231 0.00971673 0.0345958 -0.000986375  0.00125804  -0.00527599  -0.00441436  0.000253833  -0.00197491  -0.00203094  -0.000626699  -0.0046949  0.0037433 
217 0.000268552 1.22129 0.0278329 0.0385873 -0.0102535  0.000868143  0.00522422  -0.00655471  -0.00246699  -0.0092279  0.0163617  -0.00739382  0.0133382  -0.00264646 
218 -9.6672e-05 -3.61044 0.0398651 0.0349351 0.01346  0.0210543  -0.00590819  0.00665754  -0.00184209  0.00614488  0.0241606  0.00132689  0.0143495  -0.00727861 
220 0.000664543 0.657423 0.0204577 0.0362924 -0.0079326  -0.00376903  0.00826638  -0.000917412  -0.00490734  0.00337617  -0.0118844  0.000727761  -0.00725105  0.00651042 
221 -0.000640028 0.254157 0.0250947 0.0255503 0.00153219  0.00990206  -0.0121309  -0.0114405  0.00803351  0.00340072  0.00350919  0.0122339  -7.20791e-05  -0.00363427 
226 0.000819049 0.759781 0.0291717 0.035959 0.000118455  5.24626e-05  0.00143025  0.00947624  -0.0185705  -0.0025117  -0.017811  -0.00939996  0.000967865  0.0011954 
227 -0.000757835 0.0110559 0.0385062 0.0217792 0.0087116  -0.00394445  0.0103071  0.0142935  -0.00697149  0.014653  0.0114631  -0.00922207  0.00837658  -0.0230393 
229 -0.000118062 0.287953 0.0100075 0.0351064 0.00220653  0.0016654  -0.00513346  -0.00493579  0.00433788  0.00298708  0.000230339  0.000936046  0.00362223  -6.10188e-05 
231 2.31154e-05 0.626937 0.00342592 0.0367495 0.00154049  0.000749043  -0.00036735  -2.75969e-05  -0.00104181  -0.00218671  0.000360395  0.000432257  -0.00138608  -0.00074969 
232 7.83342e-05 1.88828 0.0208557 0.0364336 0.00182116  -0.00602089  -0.00319518  -0.000538854  0.0133201  0.00648441  -0.00474681  0.00117216  0.00236834  0.0116579 
233 3.188e-05 0.809868 0.00628602 0.0353423 0.00181712  -0.00314953  0.00107356  0.00258267  -0.00238252  -0.00117014  -0.00267347  -0.00138272  0.00116206  0.00100721 
234 -8.65406e-05 -2.53434 0.0324081 0.0348884 -0.00568228  -0.0195851  -8.83412e-05  -0.0107114  -0.0057999  0.00493784  -0.00964118  0.0153924  0.00349635  0.010934 
237 0.000576884 0.966246 0.0327962 0.0361074 -7.03454e-05  0.00973457  -0.00394361  0.00639629  -0.0119811  -0.0247798  0.00542571  0.011041  0.000623467  -0.00387862 
239 -0.000359766 0.0277167 0.0260725 0.0269634 -0.0142389  0.00853385  0.00519354  0.00470013  0.0107574  -0.00191487  0.0102867  0.00411514  0.00467906  -0.00954498 
241 -1.56699e-05 -6.17993 0.0204616 0.0329675 0.0116172  -0.00329194  -0.000369466  -0.00484677  0.00543155  0.00422763  0.0066105  -0.0125033  0.000877856  -0.00103807 
242 -0.000813408 0.0322277 0.0390208 0.0332043 -0.000598548  0.0214799  -0.01007  -0.0149111  -0.0102874  0.0140812  -0.00947725  0.0161935  -0.00413745  0.00799086 
243 -0.000173358 -2.61905 0.0465023 0.0437752 -0.0111114  -0.0211494  0.00185174  0.0312866  0.00247302  0.0165592  -0.00310357  0.00255467  -0.00877001  0.0153632 
244 0.000802928 0.646291 0.0216783 0.0457126 -0.00677794  -0.00313531  0.00109166  -0.0110725  -0.00801995  -0.0104802  -0.00704694  -0.00453399  -0.00644856  0.00210529 
246 -1.88009e-06 -30.0445 0.0151558 0.0358753 -0.00196914  -0.00783136  -0.00217388  0.00274607  0.00466606  -0.00964376  -0.00254094  0.00484252  -0.000381644  -0.00272005 
247 -7.26712e-05 0.412439 0.00504541 0.0359014 -0.00128796  -0.00145293  -0.00160477  0.00348771  -0.000654575  0.000435643  0.000191064  -0.00164209  -0.00172297  -0.000791888 
250 -0.000160951 0.245643 0.0127976 0.0368997 -0.00202029  0.000550712  -0.00315555  -0.000460085  0.000816297  -0.0034953  0.00459189  -0.000257871  -0.00947697  0.00503757 
