generation s h r distopt trait[0] trait[1] trait[2] trait[3] trait[4] trait[5] trait[6] trait[7] trait[8] trait[9] 
3 -4.75116e-06 0.485963 0.000516501 0.04 -5.6055e-05  -0.000141329  0.000295639  0.000115036  -0.000129593  -6.57492e-05  -0.000167863  0.00026644  -0.000139674  5.68077e-05 
4 -5.60913e-06 0.498592 0.000177773 0.0600582 -4.63458e-05  -5.51888e-05  6.12226e-05  9.18208e-05  -1.56156e-05  4.65839e-05  7.868e-05  -2.71298e-05  4.76426e-05  -5.11844e-05 
9 0.000327453 0.998332 0.0255464 0.160103 0.0030569  -0.00339099  0.00945757  -0.00201367  0.0105239  -0.00567742  0.00363887  -0.0147301  -0.0117523  -0.00519171 
11 0.000235135 0.602888 0.00983794 0.198669 0.000428794  0.0044475  0.0020643  0.00208432  -0.00281693  -0.00124403  -0.00223856  0.00645176  -0.00347706  -7.91084e-05 
13 0.0132396 0.728725 0.110008 0.237831 0.0529599  -0.0161163  -0.0405701  0.019528  -0.0197943  0.0477075  0.0159019  0.00635538  -0.0429618  -0.0469378 
14 0.00550515 0.6401 0.0555922 0.226179 0.0250464  0.00332899  0.0238759  -0.0142835  -0.0076894  0.0120539  -0.00446515  0.00990787  -0.0344882  0.0128861 
15 0.0111715 0.551581 0.0485095 0.230676 0.0313636  -0.000648785  0.0124573  -0.0149659  -0.00214788  -0.00647467  0.014973  0.0136861  0.0122786  -0.0195223 
16 0.00876647 0.554522 0.0440585 0.221792 0.0179597  -0.00672355  0.00512498  -0.0119646  0.0102079  -0.00544028  0.0200803  -0.0234274  0.0136733  0.0114523 
17 0.00613785 0.664711 0.0636254 0.218255 0.0124659  -0.0425814  0.0159503  0.0152026  0.0123406  -0.0252616  -0.0122422  0.0153376  0.0188613  0.00792399 
18 0.00914325 0.571145 0.0512905 0.221334 0.0338821  -0.0113312  0.00754472  -0.0134477  0.0175675  -0.0205615  -0.0133665  0.000971699  -0.000221785  -0.0143353 
21 0.00374573 0.508164 0.0113614 0.251077 0.00838821  0.000422054  -0.000529978  -0.000565841  -0.00556449  0.00330819  0.00293063  0.00241311  0.00102602  -0.000753506 
22 0.0041956 0.523887 0.0202183 0.26131 0.0098526  -0.000471734  -0.00192334  -0.0077394  0.00048057  -0.00369953  -0.0144693  -0.00268732  -0.00349488  -0.00227376 
25 0.0540087 0.751508 0.232255 0.307669 0.140601  0.0755003  -0.00973352  0.0607982  -0.0605098  -0.00393304  -0.105032  0.0682172  0.0143465  0.0715141 
28 0.00244823 0.516322 0.0127526 0.250901 -0.000344335  0.00188593  -0.0024418  -0.00192066  0.00721251  -0.000121345  0.00941118  0.000423853  0.00238052  0.00168849 
29 0.00649655 0.923028 0.104706 0.262838 0.0541519  0.045761  0.00605379  -0.0235784  0.0228536  -0.0573449  -0.0127813  0.0312594  -0.0189007  -0.00597715 
31 0.000874026 0.50899 0.00563887 0.278983 -0.000904573  -0.00167366  -0.00334409  -0.000488547  0.00177586  0.000266297  0.00280812  -0.000113141  0.00236444  -0.000205725 
32 0.00360154 1.25498 0.104156 0.292926 0.0429635  -0.012007  0.0305467  -0.0761627  0.0238059  -0.000985274  -0.0366638  0.00486577  0.0135543  0.00230995 
33 0.00710512 0.522063 0.0254919 0.300233 0.00965593  0.00320864  -0.0114951  0.0159377  -0.0100196  -0.00457884  0.00413197  0.00173183  0.00210545  -0.00378072 
34 0.00922147 1.15666 0.155178 0.302329 0.00443564  -0.0909017  0.0139921  0.0788846  0.0249082  -0.0219047  0.0851977  -0.000781082  -0.0213873  0.0237041 
37 0.00482419 0.516103 0.0179321 0.333946 0.00401252  0.00773319  0.00321438  0.00310815  -0.00713482  -0.00101581  -0.00246312  -0.0107886  -0.00257129  -0.00668236 
42 0.0474725 1.09122 0.330549 0.413199 0.179912  0.0461792  0.106355  -0.113553  -0.0681168  0.200097  -0.0445601  0.0232053  -0.0572413  -0.00875101 
45 0.0248062 0.566452 0.0825096 0.388302 0.0169975  0.00571131  -0.00776472  -0.0115864  -0.0211734  0.00528851  0.015901  -0.031826  0.0559342  -0.0376975 
47 0.0157195 0.561949 0.0631237 0.382796 0.00947812  0.013642  -0.0258783  0.0145814  0.0374774  0.00765783  -0.00534702  -0.0132635  -0.00618282  -0.0334728 
48 0.0237196 0.56486 0.0796986 0.376676 0.0167289  -0.0369247  -0.0426985  -0.032625  -0.0152337  -0.0223608  0.0249138  -0.00792067  0.00919165  0.0179174 
54 0.0361159 0.581004 0.110033 0.443762 0.0485353  0.0139001  -0.0639216  -0.0297986  0.00255749  -0.0186974  -0.0417252  0.00555024  0.0479983  0.0123604 
55 0.0201494 0.522607 0.0447486 0.41879 0.0152871  -0.0177171  -0.000549439  0.0106671  -0.000245001  -0.0262304  0.0202911  -0.00349583  0.00573517  -0.0139936 
56 0.0185772 0.551496 0.0629203 0.411781 0.031686  0.0086253  0.0204861  0.00366523  0.0253904  -0.0106107  0.00338356  0.0216578  0.0275799  -0.0211904 
67 0.0283727 0.574838 0.09358 0.587722 0.0458769  0.0152913  0.0498504  -0.0185106  0.0382345  0.00183817  -0.018583  0.0146996  0.0382417  0.0100946 
70 0.0636257 0.517884 0.0794406 0.617831 0.0491891  0.0298027  0.000943461  0.0100229  -0.0347688  0.00870955  0.0114619  -0.02514  0.00929292  0.0276985 
72 0.0114671 0.508629 0.0214135 0.60245 0.013497  0.00317727  0.0137185  0.00129097  -0.00714529  -0.00244611  0.00139969  0.00302733  0.000899664  -0.0027275 
73 0.0156643 0.516093 0.0334843 0.611279 0.00646257  -0.00238691  -0.00628208  0.0169782  0.0100528  0.00489029  0.00955349  -0.00602074  0.00417907  0.0218186 
74 0.0424508 0.540339 0.0869823 0.617072 0.0349994  -0.000551554  -0.0175085  0.0104813  -0.0612902  -0.035076  -0.0129803  -0.0214432  0.0071086  -0.0160812 
76 0.0867393 0.543716 0.13405 0.619776 0.0850779  -0.0584588  -0.074275  -0.0215414  -0.0226597  -0.00570739  -0.0058572  0.014815  0.0202624  -0.011067 
77 0.0134423 0.522328 0.0357986 0.566742 0.016852  -0.014253  -0.00300324  -0.00616426  -0.00527557  0.0129485  -0.01115  0.00694916  -0.019371  -0.00201092 
78 0.0145689 0.759083 0.122742 0.57291 0.0125388  -0.048977  -0.0244978  0.0676727  -0.0430249  -0.0400323  0.058804  -0.00114531  0.0203972  -0.000953277 
80 0.0942435 0.531228 0.123616 0.596592 0.0702762  0.0203188  -0.0158836  0.0135301  0.0791599  -0.0309172  -0.0115108  -0.0186789  -0.00503309  -0.0420125 
81 0.0217079 0.86666 0.177773 0.534161 0.0550788  -0.0559968  -0.0804591  -0.0335021  0.0972955  -0.0420857  -0.00528404  -0.0311031  -0.0470582  -0.058227 
83 0.0825902 0.524403 0.104319 0.548439 0.0724677  0.00189436  0.038449  0.0115561  0.00139247  0.0385558  0.00276117  -0.0119738  -0.0468742  -0.0133675 
87 0.0101843 0.504747 0.0156123 0.54157 0.00627651  0.00387369  0.00313333  0.00678264  -0.00513194  -0.00221955  0.0031501  0.00573754  0.00483631  0.00600208 
88 0.0637594 0.529378 0.0957308 0.550347 0.0714342  -0.00693959  -0.0471745  -0.00956294  -0.0172517  0.030596  0.0115163  -0.0123071  -0.00993342  0.00894363 
91 0.00422293 0.509486 0.0129913 0.544472 0.00405276  0.00200961  -0.00621351  -0.00362249  -0.00528747  -0.0028987  0.00463583  -0.00181829  -0.000264708  0.00594586 
93 0.0347156 0.70654 0.169336 0.576914 0.0370738  0.0867658  0.0211566  0.0294822  -2.36421e-05  -0.0162826  0.08077  0.0725332  0.070605  -0.0376848 
96 0.011838 0.512169 0.0253383 0.600953 0.0135099  0.0100264  -0.000230448  -0.00362023  0.0119583  0.00258801  -0.00824089  0.00626839  0.00853723  -0.00400454 
97 0.0119853 0.520323 0.0322392 0.609303 0.00803886  0.0116304  -0.0161462  0.0105623  -0.00327861  0.00633755  -0.00158702  0.00764411  -0.0147353  0.0117566 
101 0.0427836 0.523354 0.0691998 0.673456 0.0365572  -0.0217076  -0.0144852  0.0402852  0.000387107  0.00109503  -0.0275598  0.0180808  -0.00486548  0.00606404 
105 0.0336774 0.509119 0.041909 0.641599 0.0327073  0.00603748  -0.0051793  0.00587691  -0.0074763  -0.00910545  0.0103416  -2.91965e-05  0.0185109  -0.00061014 
112 0.0168169 0.518828 0.037347 0.615246 0.0106689  -0.0120319  0.00223196  0.00178963  -0.000256753  -0.00714965  0.0175426  -0.0225541  0.010773  0.0120148 
113 0.0399568 0.537171 0.0811656 0.60154 0.0505441  -0.00865437  -0.0110487  0.033395  0.0258846  -0.000153827  0.0301326  0.0102787  -0.024005  -0.021472 
114 0.0167931 0.52496 0.0424381 0.568041 0.0211917  0.00171691  0.0144968  -0.00154152  0.00342674  0.00919034  0.0176278  0.00590866  0.0262642  -0.00218221 
115 0.00504526 0.50283 0.00834495 0.553188 0.00509939  -0.00315621  0.00214577  -0.0022574  -0.00173812  0.000376738  0.00110958  0.00225052  0.0026238  0.00276211 
116 0.0186394 0.58997 0.0825288 0.548621 0.0153987  -0.0259152  -0.0226912  -0.0356235  -0.0103511  -0.00699082  -0.0582989  -0.00360814  0.00558121  0.0227905 
117 0.00460767 0.514543 0.0166727 0.531523 0.000389313  -0.00283719  0.00306452  0.00302867  -0.00525893  0.00393741  0.00318243  -0.0109582  0.004708  0.0074619 
118 0.0383467 0.659158 0.156812 0.527181 0.00601449  0.0320169  0.0417722  -0.0251724  -0.0109768  0.0415811  -0.0497043  0.0114485  -0.00947942  0.128877 
119 0.0321887 0.575711 0.10042 0.490194 0.02856  -0.0145071  0.00818343  0.0415346  -0.0314685  0.0313655  0.0456098  -0.0509328  0.00137307  0.0248106 
122 0.00787518 0.5755 0.04898 0.456737 0.0177172  -0.014208  0.0212277  -0.00249909  -0.0216272  0.0155757  -0.00389737  0.0131541  0.0127707  0.0190989 
125 0.0578931 0.612585 0.163834 0.448067 0.105728  0.0053868  0.0157509  0.0626649  0.0694408  0.00420546  -0.0446149  0.0642586  0.0180336  -0.013214 
128 0.0254612 0.558568 0.0787501 0.380112 0.0152683  0.0326823  0.0120608  0.00318271  -0.0159617  -0.00667253  -0.00348845  -0.0228097  -0.0202008  -0.0592023 
130 0.0011507 0.505146 0.00493312 0.34546 0.0011333  0.0017384  0.00197956  0.00209636  0.00170635  -0.00182703  0.00165271  -0.000933832  8.25481e-05  0.00136231 
132 0.014826 0.52789 0.0418303 0.343791 0.0186026  0.0156345  0.0202541  -0.0163713  -0.00550911  -0.00921556  0.0148387  0.00738771  -0.00438591  -0.00847076 
133 0.0100972 0.603205 0.0647743 0.321676 0.0339483  -0.0239747  0.0390314  -0.00782131  -0.0065623  -0.0132328  -0.007084  0.0079808  0.0165773  -0.0166422 
135 0.03159 0.647119 0.136904 0.305661 0.0491555  -0.0644418  0.0133972  0.0283358  -0.009682  0.0221555  -0.0119151  -0.0641445  -0.0750377  0.0268252 
137 0.017615 0.712239 0.122265 0.249654 0.0379476  0.0497621  -0.0186011  0.0129659  -0.0290492  -0.0124079  0.0359825  -0.0286417  -0.064614  -0.0568379 
138 0.00469958 0.511685 0.0151699 0.211815 0.00974791  0.00532911  -0.00620078  -0.00210082  0.00181175  -0.00305222  -0.000253246  0.00393634  0.00107974  0.00587531 
142 0.000850193 0.512815 0.00662747 0.200442 0.00158462  0.00145805  0.00346211  0.000207871  0.00394811  0.00185808  0.00260094  -0.00109204  -0.000261063  0.000437419 
143 0.00533518 0.513926 0.0176226 0.198311 0.00624581  0.0090871  -0.00405675  -0.00708562  0.000755979  -0.00372796  -0.00294378  0.00143478  0.0051714  0.00838867 
144 0.00352139 0.764448 0.0610148 0.184408 0.0333843  -0.0185872  0.00713519  -0.020085  -0.0265473  -0.0137135  -0.0258687  0.00754178  -0.0115195  -0.0075431 
145 0.00392856 0.604396 0.0405541 0.174617 0.0162501  -0.00275553  0.00159655  0.0132191  -0.00535766  -0.00604018  0.0200317  -0.00311271  0.00911032  0.0252297 
151 0.00992271 0.648712 0.0769272 0.163003 0.0414417  0.0343148  -0.00666143  -0.042342  -0.0105904  0.0112364  -0.0214689  0.0134188  -0.00907008  0.0149667 
156 0.000697381 0.508297 0.00483512 0.129214 0.000453148  -0.00076344  -7.35859e-05  -0.00132084  0.00224261  0.00301538  -0.000100479  -0.00206077  0.00133336  0.000826841 
160 0.00201841 1.16515 0.0732341 0.126488 0.0222092  -0.00992534  -0.0153189  -0.026293  0.0389121  0.00400867  0.0293736  0.0311262  0.0217155  0.00347086 
161 0.00329613 0.604269 0.0371168 0.118249 0.0074186  0.00150274  -0.00883723  0.0166099  0.0159236  -0.00705365  -0.00664835  -0.0184377  0.015916  -0.00505964 
167 0.00231442 0.546425 0.0207833 0.103403 0.00717734  0.0010709  -5.43164e-05  -0.0069633  0.00251736  -0.00331421  0.011999  -0.0119354  0.001581  0.00495405 
169 0.000550873 0.704661 0.0212361 0.0915443 0.00601724  0.00241279  -0.00389106  -0.0131687  -0.00306828  -0.0032501  0.0113538  -0.00792027  -0.0019069  -0.00226534 
170 0.000274177 0.579343 0.00932956 0.0884852 0.00160335  -0.00129344  -0.00485059  -0.0013616  0.00176598  0.0037885  -0.000477951  -0.00622758  -0.000962036  8.1465e-05 
171 0.00569454 0.810024 0.0839742 0.0869224 0.00906474  0.0238203  0.0355174  0.024343  0.0269725  -0.0143733  -0.0369962  -0.033598  -0.00534545  0.0329818 
172 3.27754e-05 0.556778 0.00272839 0.0433257 -0.00060345  -0.000619025  -0.00176565  -0.000572543  0.00037615  0.00150371  -0.000775559  -0.000430933  0.00021354  -0.00012664 
183 0.000757135 0.598951 0.0173159 0.0429458 -0.00759549  0.00729  -0.00659739  -0.00268787  0.0020535  -0.00495284  0.00237513  -0.0101282  -0.00104354  -0.000443161 
193 0.000133298 0.540697 0.00465904 0.0329771 0.000471244  -0.00040908  -0.00161495  -0.00268465  -0.000535372  0.000125995  0.000500114  -0.00322604  -0.000476127  -0.000561376 
194 -6.69136e-05 0.330205 0.00674166 0.0308901 -0.00193857  -0.00466964  0.00187091  0.0012187  0.000545065  -0.00154238  0.00274007  -0.00203682  0.000409503  -0.000632849 
196 9.73345e-06 0.541162 0.00126596 0.0319549 -0.00062831  3.62889e-05  0.000402628  1.63398e-06  0.000531592  -0.000364935  0.000572079  0.000324062  0.000417213  -0.000149394 
197 -0.00078553 0.436799 0.0141055 0.0318022 0.00364083  -0.00612719  0.00122085  0.00681614  -0.00344066  -0.00655919  0.00242429  0.00348897  0.00510622  0.00111054 
198 -5.99684e-06 0.49426 0.000371081 0.0423936 7.5396e-05  6.15062e-05  -4.02017e-05  4.26759e-05  0.00025053  -0.000125003  1.76209e-05  -1.74557e-05  -4.1536e-05  0.000209916 
199 0.000547584 1.41183 0.0446803 0.0424643 -0.000736993  0.0229649  0.00689373  -0.017702  -0.0198587  -0.00271205  0.0138646  0.00488859  -0.0170506  0.0141047 
201 -9.22526e-05 0.380432 0.00664289 0.035437 0.000296969  -0.00350431  -0.00254642  0.00168278  -0.000787158  -0.000481369  0.00225548  0.000365183  0.00404598  -4.19083e-05 
204 0.000247263 0.577225 0.0087407 0.0367157 -0.000845054  0.00404778  -8.56959e-05  0.0026198  0.00458465  0.00165238  -0.0017165  -0.00203822  -0.00216916  -0.00410795 
207 -0.000122119 0.385933 0.00746523 0.0331784 0.00488755  -0.00248478  -0.00314986  0.001953  0.00208113  -0.000828861  -0.000601746  -8.49387e-06  0.0019922  -0.00160699 
208 0.000204786 1.20423 0.0240164 0.0349705 -0.000625235  -0.00298453  -0.00531227  -0.0116681  0.0143682  -0.00950581  -0.00314396  -0.00391588  -0.0033218  -0.00837062 
210 -0.000393206 0.445005 0.00930539 0.0319088 -0.00125035  -0.00408142  0.000458374  0.00190336  -0.000523946  -0.00652692  -0.000458071  -0.00137849  -0.0041526  -0.00151878 
211 0.000120296 0.628765 0.00787165 0.0375693 -0.000698113  -0.000600319  0.00467706  0.000693589  -0.00186287  0.00101701  0.00249887  0.00165711  0.00472793  -0.00170611 
216 -0.000119889 -0.509524 0.022003 0.0359328 0.00594513  0.0126872  0.00794177  0.0045966  1.73451e-05  0.00316198  -0.0127355  -0.000359438  0.0041184  0.00378682 
218 -7.32131e-08 0.498767 1.89991e-05 0.0375641 5.13397e-06  -2.0204e-06  -3.87339e-06  3.16439e-06  -7.36215e-06  4.36662e-06  -8.56355e-06  1.76527e-06  1.54305e-06  1.23859e-05 
223 -0.000193051 -0.994205 0.0339676 0.0375651 -0.00641488  0.016053  0.00563279  -0.0165865  0.00585007  0.00744452  0.0202705  0.000158427  0.00599803  -0.00340117 
227 -0.000228736 0.444623 0.00712032 0.0400525 0.00360154  0.000388229  -0.00265848  0.00136033  -0.000438059  -0.00107697  0.0011111  -0.000328652  0.00500328  0.000965361 
231 0.00030184 0.610857 0.0115701 0.0428132 -0.00757388  -0.00232897  0.00162649  -0.000899505  -0.000728411  0.00429244  0.00457064  0.00219285  -0.00328817  0.00348687 
235 9.34234e-05 1.0215 0.0139597 0.0391302 -0.00336374  0.00112294  -0.00258783  0.000828678  -0.00339519  -0.00416923  -0.00311411  -0.0106535  -0.00475448  0.000451175 
237 -3.13222e-05 0.417133 0.00322226 0.0379177 0.000715073  -6.92859e-05  -0.000370775  -0.000468569  0.000257449  -0.000340049  -0.000834636  -0.00270503  -0.00059396  0.000980455 
240 -0.000800006 0.459391 0.0114158 0.0383285 2.47835e-05  0.00750291  0.00320358  -0.00213032  0.00182924  -0.00346544  0.0054078  0.00237003  -0.00111864  -0.00278527 
241 0.000110778 0.543358 0.00438376 0.0476382 0.00109302  -0.00261852  -0.00175313  -0.000326621  -0.000310071  -0.00215382  -0.000628164  0.000857435  -0.00135848  0.000524865 
243 4.60605e-05 5.08046 0.0290483 0.0464611 -0.0164546  -0.00570993  -0.0114749  0.0139854  0.00546296  -0.0051552  -0.00344743  0.0109021  0.00396286  0.00321209 
246 -0.000247 0.23591 0.0161547 0.0459627 0.00571537  -0.00797375  0.00295556  0.00206071  -0.00380036  -0.00925658  0.00017221  -0.00207428  -0.00190981  -0.00660613 
247 0.000227204 1.37381 0.0281778 0.0485757 -0.0138543  -0.0163702  0.000539661  -0.0103846  0.002588  0.00453992  -0.00154467  -0.00144043  0.0136793  -0.00265325 
248 0.000797581 1.31185 0.0508775 0.0461782 0.00407491  0.0119779  0.0187458  -0.0110203  0.00723591  0.0367272  -0.00211253  0.00452088  -0.0187836  0.0132898 
251 0.000113673 0.646661 0.00816624 0.0365398 0.00222867  0.000517731  -0.00554972  -0.00134245  0.00279114  0.000457828  -0.00259749  0.00308682  -0.00210968  0.000353065 
257 0.000310366 0.950874 0.0236573 0.0349499 0.00408472  0.00165111  -0.00246282  0.0017547  -0.0140328  -0.00910143  0.00629602  -0.00371775  0.00160269  -0.0139759 
258 -0.000411067 0.168319 0.0233566 0.0301857 -0.00886473  -0.000386667  0.00369211  0.0103791  -0.00806978  -0.000785539  -0.00311163  -0.0097294  0.000189726  -0.013241 
259 0.000113343 0.706693 0.00968033 0.0363638 -5.05979e-05  -0.00275209  -0.00130172  -0.000820121  0.00381861  -0.00364705  -0.00637249  0.00184922  0.00118448  -0.00323283 
260 1.15423e-05 1.00084 0.00480866 0.0347705 -0.000226339  0.000354612  -0.00141738  0.00146783  -0.00199205  -0.00296547  -0.000901884  0.00190305  0.000905641  0.000874817 
262 -0.000227039 -0.351472 0.0278084 0.0346042 0.00163608  -0.0130554  -0.00120979  -0.00645942  -0.00708575  0.017464  0.00145397  -0.00386639  0.0119445  -0.00648588 
265 0.000139795 0.775737 0.012417 0.0377427 -0.000912858  0.00167701  0.00199263  -0.000794615  -1.86745e-05  -0.00132838  0.00722183  -0.00240026  -0.00153418  0.00915972 
266 1.98591e-05 1.79798 0.0101541 0.0358431 0.00416894  -0.00320749  0.00277966  0.000742269  0.00326381  0.00618303  0.00140261  0.00249498  0.00131071  0.00289252 
267 -1.29422e-06 0.494051 0.000175497 0.035565 -3.47093e-05  2.21865e-05  9.63099e-05  -1.77091e-05  -5.79447e-05  -4.86849e-05  2.73009e-05  3.16857e-05  1.85758e-05  0.000108124 
269 -0.000212612 -0.283227 0.0258096 0.0355832 0.00697264  0.010164  0.00312974  0.00219039  -0.00107734  0.00578297  -0.00943693  -0.0172929  -0.00874134  0.000705844 
273 1.19047e-05 0.508076 0.000620203 0.0384551 0.000320995  0.000210401  -8.94213e-05  9.60196e-05  -2.955e-05  -0.000146255  -7.37747e-05  0.000269567  0.000216302  -0.000270129 
275 0.00023414 0.618859 0.0105514 0.0383 -0.00221748  -0.00344186  -0.00231954  -0.00462939  -0.000470842  -0.00672632  0.00315181  0.00127926  -0.00265567  0.00191529 
276 7.29207e-05 0.516421 0.00218914 0.035111 0.00106124  0.000388764  0.000218856  2.01992e-05  -0.00031033  -0.000889173  -0.000341974  0.000785284  0.0010165  0.00090158 
277 4.50349e-05 0.522262 0.00200279 0.0340568 0.000266546  -0.00126677  6.15493e-05  0.000543297  -0.000660397  -0.000386124  -0.000516125  0.000554832  -0.000880874  0.000317919 
278 -4.93652e-05 0.410558 0.00420273 0.0333891 0.000259157  0.000703064  0.00196051  -0.000737709  -0.00132721  -9.07327e-05  -0.000520733  8.82952e-07  -0.00231961  0.00230047 
280 0.000344008 0.77808 0.0195607 0.0341203 0.00304542  0.000282599  -0.00519081  0.0011045  -0.00390915  0.00035714  -0.0166041  0.000407455  0.00313932  0.00663149 
281 0.0001581 0.577847 0.00701702 0.0286399 0.000976692  0.000531699  -0.000194402  0.00268202  0.000746243  -0.00434563  0.0022327  0.0026803  -0.00067502  -0.00295043 
283 0.000285619 0.569647 0.00892183 0.0257325 0.000692683  -0.0031084  -0.00433621  0.000507576  0.00123178  -0.00417683  0.0021194  0.00510813  -0.000454671  0.000801143 
284 6.59119e-06 6.493 0.0125698 0.0194057 0.000772065  -0.00362478  -0.0063144  0.00445374  -0.00307691  0.00286115  0.00225936  0.00509297  0.00528702  -0.00281219 
285 -3.68964e-05 0.473168 0.00199018 0.0192351 0.000824203  -0.000999556  -0.000573785  1.36955e-05  -0.000995548  4.50254e-05  -7.39367e-05  0.000307934  -0.000857127  -0.000353388 
288 -1.53829e-05 0.151694 0.00462947 0.0201715 0.00146391  0.00116294  -0.000599102  0.000913185  0.00140535  0.00238118  -0.001444  5.62475e-05  -0.000322062  -0.00262806 
290 6.2767e-05 0.694819 0.00699378 0.0205492 0.001176  0.00127998  -0.00386199  -0.00367442  0.0001116  -0.00273976  0.000961931  0.0028104  0.000652022  0.000841267 
295 -9.37818e-05 0.345611 0.00761067 0.0189606 -0.0013866  0.00112364  -2.25265e-06  0.0057775  -0.00190061  -0.00198733  0.00328394  0.00148252  0.000877991  0.000206783 
298 6.61204e-05 0.628008 0.00581864 0.0212906 0.00185815  0.00215462  -0.00101997  9.78379e-05  0.000718781  -0.000119081  -0.00438588  0.000366029  -0.000353667  0.00216466 
299 -3.8893e-06 0.485616 0.000473064 0.0196767 -5.00755e-06  0.000139672  -0.000124482  -3.17833e-05  -4.61577e-05  -8.47969e-07  -0.000244822  0.000124728  0.000331847  -1.25504e-06 
300 -0.00026505 0.0654593 0.0214655 0.0197753 -0.00836437  0.00039139  -0.00182122  -0.0016908  0.00406143  0.0151454  0.00981562  0.00391974  0.0022982  -0.00464821 
302 -0.000211597 -0.303818 0.0260841 0.0256154 -0.00241778  -0.00490199  -0.0113519  0.0121935  0.0141482  -0.00607824  -0.0106428  -0.000719475  -0.00397977  -0.00249273 
303 -0.00021149 0.256532 0.0143528 0.0294579 0.00911476  0.00704866  0.00373364  0.00408288  0.00470038  0.00372817  0.00144235  0.00174518  -0.000267119  -0.00120003 
306 -0.000552533 0.396647 0.0151206 0.0328524 -0.00131049  6.32505e-05  -0.00448324  0.00283737  -0.000829679  -0.00473531  0.00318937  0.00327572  0.0116416  -0.00438402 
307 8.02847e-05 0.720367 0.00841239 0.0403976 -0.000974613  -0.00292741  0.00475718  -0.0017205  0.00320932  0.00224691  -0.00232915  0.00262334  0.00253076  0.00126406 
308 -0.000182027 -1.0052 0.0331046 0.0393914 -0.00260114  0.00743602  -0.00983012  -0.0150352  0.00864028  -0.0127335  0.00877258  -0.00551743  0.00878196  0.0170248 
309 -0.000160563 0.369079 0.00917077 0.041638 -0.00183759  -0.00297456  -0.00485816  -0.00207638  -0.00060529  0.00311938  0.00511534  -0.000428034  -0.00229672  0.00149779 
310 -0.00130305 0.266894 0.0348778 0.0435236 -0.0089995  -0.00131036  0.00100606  -0.0124261  0.0198507  -0.0192562  -0.00280075  -0.00186215  -0.00894456  0.0110526 
311 2.3326e-05 1.20513 0.00811113 0.0565527 0.00376257  0.00454  -0.00374794  -0.00106185  -0.00224967  0.00274029  0.00120124  0.000892832  -0.000530768  0.000868957 
312 0.000131464 0.541293 0.0046606 0.0563461 0.00193689  -0.00203629  -0.00114117  0.000688244  -0.000936921  0.00151041  -0.00199025  0.000975034  0.00167629  -0.00107997 
315 0.00014342 0.532376 0.00431072 0.0551673 0.00110005  0.000634943  0.000821336  0.000828878  -0.00128863  -0.000715965  -0.00058923  0.000387999  -0.0023558  0.00271785 
316 -9.52924e-05 0.480143 0.00275204 0.0538518 -0.000929891  0.00125753  -0.0012481  -0.00128747  6.95101e-05  0.000269681  0.000390642  0.00062907  -0.000439037  -0.00104579 
317 0.000298141 0.524899 0.00545286 0.0547294 0.000564719  0.00124964  0.00279018  0.000528159  -0.00196516  -0.000694025  -0.00243945  0.00301762  -0.00027115  -0.000561412 
319 0.000749151 1.04987 0.0405841 0.0519347 -0.00963277  -0.0105558  0.0162228  -0.00827729  -0.00686315  0.012125  -0.0201567  -0.00876637  -0.0169615  0.0120918 
322 3.65004e-05 0.516178 0.00153711 0.0441401 0.000701564  -0.000146863  0.000398371  0.000761731  0.000105956  -0.000355023  -0.000152175  -0.00091992  0.000307663  9.30814e-05 
323 8.38715e-05 0.812564 0.01024 0.0437247 -0.00040061  -0.00223864  0.00380903  0.00124159  0.000608671  0.0023983  0.00835306  -0.00091532  0.00149595  0.00215977 
325 0.000157235 1.0685 0.0189081 0.0427549 -0.00807803  0.0028482  0.0019741  0.00701071  -0.013629  -0.00376248  -0.000122701  -0.00366753  -0.00285356  0.00309649 
326 3.7829e-05 0.506112 0.00096202 0.0408749 0.00047132  -0.000166018  5.34296e-05  0.000133089  0.00023588  -2.39219e-05  -0.000187862  0.000710217  1.80631e-05  -0.000242845 
327 0.000347115 1.12027 0.0293434 0.0404095 -0.00071583  -0.00791697  0.0082686  -0.00174129  -0.0190846  0.00942105  0.0126656  -0.00327187  0.00484231  -0.00888234 
329 4.69747e-05 1.12282 0.0108177 0.0358591 -0.00104367  -0.00116349  -0.00533263  -0.00146714  -0.00242366  0.00453626  -0.00609951  0.000514704  -0.00181969  -0.00409379 
330 -0.00137749 0.0901367 0.0475415 0.035198 0.0155231  -0.00658811  -0.0159672  0.0037797  -0.0303928  0.00462567  0.00235036  0.0165495  6.38263e-05  -0.0219557 
331 0.00105391 1.07102 0.0490489 0.0511599 0.0255248  0.0141864  -0.000188572  0.0100162  0.0310219  0.0125787  0.00331798  -0.014978  -0.00372815  0.00910131 
332 -0.000508346 0.175387 0.0256964 0.0395472 -0.00357952  -0.00833583  0.0163619  0.010165  -0.00444741  0.00584885  0.000824355  -0.0114395  0.00257559  -0.00384756 
333 -7.35196e-07 -2.64925 0.00304323 0.0455243 0.000750359  0.00176364  -0.000620527  0.000667905  0.000119808  0.000129098  -0.00127492  -0.00020432  4.98942e-05  -0.00174813 
334 0.000940936 0.883389 0.03798 0.0455323 0.00412903  0.011861  -0.00532137  -0.0204156  0.020363  -0.0102895  0.00256429  0.0174553  -0.00270252  0.000737295 
335 -8.0853e-05 0.412442 0.00532181 0.0336556 -6.51367e-05  -0.0024391  -0.0037854  -0.0012625  -0.00203856  -8.74769e-05  0.000758185  -0.000526858  0.000280786  -0.00116209 
336 -0.000992455 0.319555 0.026779 0.0348361 0.00325363  -0.00296584  -0.022564  0.00583073  -0.00409467  -0.0075159  -0.00296856  -0.00627313  -0.00505662  -0.00275932 
338 0.00107571 0.946854 0.0438385 0.0469734 -0.0174126  0.00870438  0.023044  0.020313  -0.0112053  -0.00802639  -0.00282413  -0.01082  0.0168295  -0.000971792 
339 0.000502402 0.900331 0.0283611 0.0336359 -0.00224115  0.00248406  0.00701395  -0.0120668  -0.00685464  -0.0123953  -0.00563885  0.0105429  -0.00291814  0.0156927 
341 -3.68687e-05 0.461406 0.00238589 0.0250819 -0.000580811  -0.000823482  0.000110051  0.000606972  -0.00122035  -0.000768893  -0.000274357  0.00127905  0.000650661  0.000285415 
343 -7.72009e-06 -8.70299 0.0168577 0.0258064 0.007656  0.00249391  0.000524678  0.00338899  0.0112853  0.000201502  0.00272683  -0.00722051  0.000152411  -0.00453816 
344 3.82767e-06 0.50372 0.000238664 0.0259555 1.24214e-05  1.19558e-07  0.000205837  -8.74509e-05  -1.26336e-05  -2.84984e-05  2.39514e-05  4.4889e-05  4.13675e-05  -3.89568e-05 
346 0.000252429 0.610188 0.0105487 0.0258817 -0.00368611  -0.00520279  -0.00262691  -0.00315036  -0.000640931  0.00161168  0.00392614  0.0042166  -0.00405728  -0.00106262 
348 -0.000169682 0.0121267 0.0181979 0.020432 0.00298472  0.00847929  0.00098631  0.00414607  5.07714e-05  0.0124671  -0.00221653  0.00347572  0.00290704  -0.00716368 
350 -0.000289458 0.164344 0.0197158 0.0242314 0.00727774  -0.00814867  -0.00412252  -0.00419036  0.00903869  0.0103017  0.000888218  -0.00408699  -0.00528542  -0.00124088 
351 0.000193543 1.23018 0.0237741 0.0296085 -0.00673073  -0.00187494  0.0180969  -0.00586657  -0.00292673  -0.00387706  0.0105696  0.00396145  -0.00183798  0.000304964 
352 5.14818e-07 1.26536 0.00125542 0.0261369 -7.48435e-05  -0.000767315  0.000452039  -0.000119128  0.000211  0.000550497  -0.00049785  0.000280307  -0.000186422  -0.000233303 
355 6.6138e-07 349.156 0.0303689 0.0261271 -0.00311547  0.00761261  0.00286794  -0.00679059  -0.0124159  -0.00328515  -0.0183296  0.00685865  0.00411874  0.0153411 
356 -5.08746e-05 0.463924 0.00270978 0.0261144 -0.000237322  0.00062289  -0.00133846  -0.00132561  -0.000810262  0.000102528  -0.000356383  -0.000814995  -0.000477142  0.00128994 
357 -1.46496e-06 -101.761 0.0244784 0.027071 -0.0158295  -0.014481  -0.00678111  -0.000447726  0.0012071  0.00186046  0.00733846  0.00391015  0.00279003  0.0033 
358 -9.47704e-05 0.471072 0.00331223 0.027098 -0.000269715  -0.00206394  0.000387076  -0.00153895  0.000430145  -4.4464e-06  -8.15227e-05  0.00143735  0.000655555  0.00119695 
361 1.05456e-05 19.3329 0.028184 0.0287937 0.0153133  -0.00225716  -0.010733  0.00839219  0.00103654  -0.00694149  0.00145294  -0.0171601  0.00470784  0.00105574 
362 0.000174147 0.659605 0.0105444 0.02861 -0.00480765  0.00271543  -0.00276452  -0.00471905  0.00224496  -2.0243e-05  -3.62132e-05  -0.00183546  0.000477615  -0.00649198 
363 -0.000215776 -0.0818759 0.0224113 0.025385 -0.00369465  -0.00768355  0.000337795  0.00620915  0.0125949  -0.00244268  -0.0131757  -0.00674858  -0.00194502  -0.00184026 
365 -1.45721e-05 -0.297302 0.00681716 0.0293291 0.000710976  0.00153153  -0.000792609  -0.00199003  -8.7186e-07  0.0023707  -0.0029  0.0030875  0.00274053  0.00282149 
368 -5.28031e-05 0.325499 0.00607115 0.0295765 0.00093475  0.00185624  -0.00210897  -0.000443079  -0.000367925  -0.00311193  0.000239548  -0.00222434  -0.0033492  0.00136151 
373 -0.000241511 0.0619188 0.0205734 0.0304561 -0.00392847  -0.00736664  0.00764489  -0.0027861  -0.011512  0.000346047  0.000724136  -0.00533215  0.000850515  -0.0111817 
375 -8.05558e-05 0.252918 0.00892307 0.0341923 -0.00212483  -0.00244839  -0.00483446  0.00146373  -7.54025e-05  -0.0046852  0.00313539  0.00138203  -0.00116481  0.00292283 
376 0.000116696 0.569702 0.00570441 0.0353507 -0.000814923  0.000925706  0.000616238  -0.00226663  -0.000371069  -0.00121118  -0.00273333  0.00392368  0.000733999  0.000701561 
379 -0.000352362 0.41647 0.0108541 0.0336599 -0.00518493  -0.00282275  0.00200982  0.00343519  0.000254596  0.00102646  -0.005737  -0.00160403  0.00201889  -0.00514196 
380 -0.00037794 0.464961 0.00728362 0.038541 -0.00157583  -0.00178802  -0.00419602  0.00428599  -0.000390924  -0.000485418  -0.00146958  -0.00200498  0.00171887  -0.00136821 
381 -0.000368244 0.410231 0.011503 0.0431674 0.00459039  -0.00399296  0.000827623  0.00464205  0.000345887  0.00314623  0.00293224  -0.00695615  -0.00141235  -0.00201743 
382 -0.000635991 0.407106 0.0153815 0.0472412 0.00473185  -0.0052962  0.00702834  0.00322961  -0.0087584  0.00265525  -0.00575966  -0.000177656  -0.0015852  -0.00261589 
384 -0.000246266 0.392033 0.0103149 0.053553 0.00159788  0.00104536  -0.00130748  0.00139142  -0.00331338  0.0036473  -0.00146063  0.000348751  0.00690448  0.00498965 
387 -6.44059e-05 -15.2143 0.0636117 0.0558052 0.0163542  0.0127602  0.0215963  0.00926452  0.030691  -0.0285404  -0.00146702  0.0323061  0.0152942  -0.00526303 
388 0.000521827 1.17984 0.0376637 0.0563794 0.0019423  0.0107695  0.010952  -0.00466566  0.0151967  0.00493043  0.0175119  -0.00512218  -0.0148609  0.018657 
389 0.000118332 0.743925 0.010745 0.0515455 -7.07716e-05  -0.00236746  -0.00443893  -0.00332366  0.00273751  0.00114409  -0.00693771  0.00391884  0.000898415  -0.00244845 
390 0.0002659 1.75948 0.0365953 0.0503847 0.0222027  0.0081975  -0.00833216  -0.0134148  -0.0146853  0.00782175  -0.00388259  0.00664518  -0.00124218  -0.0138588 
393 0.000515478 0.723258 0.0214552 0.0476734 -0.00979967  0.00742541  -0.00267047  -0.00823073  0.0104512  0.00757846  0.00712097  0.000311735  -0.00352452  -0.0020957 
395 0.000144398 0.546751 0.00519727 0.0419214 0.000532501  0.000623776  0.000481181  0.001593  -0.00425742  -0.000483854  0.000761688  0.000381363  0.0015391  0.00145452 
396 0.00032672 0.555695 0.00853392 0.0401624 -0.00431949  -0.00139588  0.00179642  0.00317452  -0.00457055  0.00305073  -0.00129923  -0.00140051  0.00100476  -0.00201514 
398 -0.000438766 0.370195 0.0150982 0.0358657 0.00177218  0.00636229  0.00818938  -0.00173199  0.0027576  -0.00164188  -0.00223609  -0.00622233  -0.00668385  0.00394703 
399 -0.00032018 0.228499 0.0186496 0.0415357 -0.00299995  -0.00482638  0.00510998  -0.00285272  0.000854884  0.00122987  0.00807084  0.0125704  0.00449886  -0.00596903 
400 0.000266007 0.652152 0.0127242 0.0452266 -0.000566902  -0.00565329  -0.00172294  0.00245007  -0.00219114  6.62402e-05  -0.00599671  -0.00171323  -0.00813574  -0.00328031 
402 0.000198203 0.732196 0.0135678 0.0421838 -0.00222224  0.000738493  -0.00498882  -0.00349608  -0.00765272  -0.0029808  -0.00159239  0.00813897  0.00169648  0.00154406 
403 -4.99609e-05 0.472503 0.00234448 0.0397654 0.000818514  -0.00140639  0.000617368  0.00102113  0.000529838  -0.000510046  -0.000126768  -0.000373582  0.000830407  -0.000196815 
406 -8.76142e-05 -0.0383362 0.0137358 0.0403888 0.00342607  0.00997291  -5.03091e-05  0.004665  0.00283151  0.00198284  0.00351152  -0.00448834  -0.000870687  -0.00324444 
408 -0.000326862 -0.758475 0.0405632 0.0414593 0.00551682  0.0110169  -0.0138629  -0.0108933  -0.0257879  -0.0126774  -0.00363108  -0.00777955  -0.0022825  0.0166757 
410 4.46255e-05 0.517752 0.00178034 0.0452304 0.000182128  -0.00091157  0.000163418  0.000685111  6.88199e-05  -0.00036585  4.87903e-05  -0.000850278  -0.000862209  0.000449507 
411 -0.000183224 -0.517627 0.0273099 0.0447343 -0.0129099  0.000313653  -0.00339845  0.00571331  -0.00456837  -0.00919194  -0.00999396  -0.00610622  0.00245937  -0.0169204 
412 -3.9003e-05 -0.30682 0.0112194 0.0467376 0.0013206  0.00348497  0.000223353  0.00365074  0.00274266  0.00373865  -0.00414762  0.00647992  -6.66488e-06  0.00423277 
414 -1.08079e-05 0.483736 0.000838553 0.047153 0.00041001  0.000218827  9.34546e-05  8.62376e-05  0.000220369  -8.53022e-05  0.000357866  -0.00012378  -0.000129411  -0.000505007 
415 -0.000112324 -6.809 0.0572953 0.0472675 0.00288602  -0.0259077  0.00143821  -0.000250878  0.0217112  0.0113833  0.00295089  -0.0417804  -0.0116216  0.010524 
416 0.00116358 0.802417 0.0375121 0.0484411 -0.0247154  0.005256  0.000670163  0.00663798  -0.0132651  -0.0090446  0.0181748  0.00780239  0.00861579  0.000984489 
417 1.85425e-05 0.5518 0.00196014 0.0344041 0.000127926  0.000943756  -0.000471997  -0.00057297  4.22514e-05  0.00128773  -1.05721e-05  -0.000550655  0.000168853  -0.000626221 
428 -0.00011147 0.435366 0.00536905 0.0341335 -0.00140209  -0.00111751  -0.00044784  -0.00115322  -0.00158074  -0.000767435  -0.00297724  -0.000300707  -0.00235502  0.0025482 
429 -7.07194e-05 0.492709 0.00143697 0.0357292 -8.18358e-05  -0.00045771  0.000401128  -0.000165118  -0.000655226  -0.000642182  -0.000715573  -0.000446515  0.000300123  0.000131606 
430 0.000653414 0.81743 0.0288012 0.0367055 -0.00419654  0.00284249  -0.0149795  -0.00319367  0.00731717  0.00534626  0.00491612  0.014381  -0.00084956  -0.0159816 
431 -0.000132906 0.299646 0.0103212 0.0263457 -0.00346237  0.00159941  -0.000317028  0.000698013  0.00188285  -0.000832677  -0.00884624  0.00136721  0.00144053  0.00222589 
432 3.7855e-05 1.45069 0.0119979 0.0287578 0.000584961  -0.00150741  0.00729614  -0.00164698  -0.00289481  0.0059941  -0.00620126  0.00119993  -0.000483489  -0.000974816 
434 0.000180733 0.538755 0.00529441 0.0280919 0.00329312  0.00124086  -0.00119659  0.000484893  0.00177146  0.000405562  0.001354  0.00263422  -0.00103238  0.000915815 
435 -2.56677e-05 0.480606 0.00141122 0.0246665 8.08251e-05  0.000865553  -0.000127334  -2.76045e-05  2.66434e-05  -0.00100009  0.000124044  -0.00039529  0.000209566  4.89721e-05 
436 8.97035e-05 0.578541 0.00530889 0.0251815 0.00183525  -0.00148257  0.00144182  -0.00145159  -0.000226489  -0.00115769  -0.000891408  0.00324004  0.00119953  0.00207591 
437 1.39154e-05 0.74087 0.00366158 0.0233325 0.000479036  -0.0003747  0.000916727  -0.00271174  0.00106125  0.000859229  1.58112e-05  0.00110728  -0.00103051  0.000830996 
438 -8.88224e-05 0.356024 0.00715255 0.0230324 -0.00109599  0.00250335  -0.000100869  -0.00237426  -0.00095789  0.00231637  -0.000571691  0.000722398  -0.00443243  0.00335642 
440 -0.000236155 0.328278 0.012738 0.0248861 0.00138786  0.0023384  0.00137757  -0.00160923  -0.00289977  -0.00197078  0.00296386  0.00179738  -0.0099383  0.00522466 
441 -0.000398758 -0.0196368 0.0287923 0.0292489 0.00523546  -0.00367043  0.00726547  -0.0153299  0.0100612  0.00938942  0.00923128  0.0101238  0.00257459  -0.010798 
442 -0.000154414 0.476855 0.00378268 0.0354166 0.00140117  0.000558941  0.00201772  -0.00188799  -0.000935544  0.00170552  0.000564641  0.000488256  4.97479e-05  -0.000231344 
444 -2.16877e-05 0.486607 0.00107802 0.0375335 0.00064804  0.000214708  -0.000131201  -0.000592669  -2.33525e-05  0.000178393  0.000360543  6.34221e-05  0.000396522  6.32317e-05 
445 3.4914e-05 1.48899 0.0117522 0.0378213 0.000988154  -0.00309735  0.00130462  0.00261237  -0.00617752  -0.00521065  0.00582039  0.00372067  -0.00181229  -0.00164321 
446 -9.78166e-05 0.484385 0.00247278 0.0373569 0.00108419  0.000522836  -0.000172217  -0.0010928  -0.00105862  0.000375733  -0.000265356  0.00105101  -0.000641979  0.000769997 
447 -7.93662e-05 0.493766 0.00140797 0.038644 0.000266704  -8.17034e-06  0.000286571  -0.00118769  0.000291645  0.000295913  0.00036788  -0.000204441  -0.000261442  -1.87077e-05 
448 -0.00038867 -0.599421 0.0413436 0.0396577 -0.00515363  0.0110957  0.00377208  0.015031  -0.0245064  0.0060468  0.0162872  0.00076746  0.0180673  0.00948906 
449 -0.000956857 0.420856 0.0174215 0.0442885 0.00287151  0.00325068  -0.00420375  -0.00744632  -0.0106327  0.00830288  -0.00343247  -0.00133778  -6.76573e-05  0.00400113 
452 -8.37479e-05 0.460133 0.00365502 0.0540258 0.00125115  0.000120604  -0.000291506  0.000122264  -0.00130275  -0.00215128  0.000697494  0.000432481  0.0020781  0.000601775 
453 0.00102274 0.596925 0.0199203 0.0547955 -0.00518362  -0.00201607  0.0030709  0.00759619  0.0140317  -0.00338728  0.00253637  -0.00300772  0.00674178  0.00542733 
454 -0.00011782 -0.392871 0.0205134 0.0445009 0.00818479  -0.00109159  0.00675778  -0.00291951  0.013103  -0.000253052  -0.00277441  0.00486463  -0.00071297  0.00973671 
455 -0.000580696 -0.020984 0.0347918 0.0458056 0.0157346  0.010182  -0.0156208  0.00484983  0.0179895  0.00408632  -0.000927992  0.00282922  0.0140369  -0.006743 
456 0.000346553 2.3177 0.0501851 0.0517592 -0.0185075  -0.0203446  0.0196643  0.00983836  0.0171761  0.00695589  0.000222797  -0.00744802  -0.0100412  -0.0279085 
457 -0.000179237 0.307581 0.0117465 0.0482962 0.00088981  -0.00310164  -0.00180178  -0.00368116  -0.00289274  0.00102287  0.00480096  0.00173448  0.00765658  0.00408369 
460 -6.48363e-05 -2.79354 0.029225 0.0501177 -0.000567791  0.00431182  -0.0125727  -0.00828298  0.00580018  -0.00663222  -0.0201458  0.00143603  0.00646518  -0.00900904 
461 7.46406e-05 0.520468 0.00247257 0.0507604 -0.00109697  0.000176883  -0.000780545  -0.000187694  -0.00163453  0.000778401  0.000632574  0.000625967  5.46457e-06  0.000406073 
462 0.000615426 0.794641 0.0269299 0.0500198 -0.0121938  -0.010202  -0.0113191  0.00243707  -0.00457595  -0.0047874  -0.0106125  -0.0120909  0.00125895  0.00584222 
465 -0.000278976 0.354361 0.0127506 0.0434367 -0.00294297  -0.00141174  0.00454082  -0.00328089  0.000284593  -0.0041105  -0.00434709  -0.00906709  0.000503651  0.001483 
467 0.000147163 0.542754 0.00501759 0.0465377 0.00270202  -0.00113247  -0.00215963  -0.000762373  -0.000272238  -0.00230703  0.00156293  0.000716203  -0.0010099  -0.00140554 
469 1.40181e-05 0.64367 0.0028383 0.0449289 0.000701248  -0.000600979  -0.00192923  -0.000108424  9.68887e-05  0.000330254  -6.8131e-05  -0.00142306  -0.000144281  0.00114031 
470 -7.79167e-05 -0.893307 0.0208385 0.0447726 0.00732055  -0.0099193  -0.00229036  0.00888487  0.00560322  0.0064746  0.00522166  -0.0080089  -0.00365165  0.00447386 
471 -0.000116218 -0.977763 0.0262099 0.0456345 0.00628628  0.00446292  0.00720828  -0.019092  -0.00573073  -0.00903315  -0.000519259  0.00389696  0.00292033  0.00852274 
472 2.87016e-05 3.15949 0.0174731 0.0468906 -0.00180822  -0.00285249  -0.00643168  0.000558981  -0.00312832  -0.0125645  0.00616721  0.00605515  0.0017883  0.00258367 
474 0.000450116 1.31628 0.0383299 0.0465836 0.00429875  0.0107726  0.00495209  0.00149705  0.00681339  0.00850222  0.00146409  0.00727399  -0.0231393  -0.0244683 
475 -0.000206491 0.0968714 0.0182486 0.0414731 0.00763827  -0.00371488  0.00370776  0.0118134  -0.00099267  0.00464842  -0.00256953  -0.00206997  0.00141924  -0.00848938 
477 0.000450124 0.566883 0.010977 0.0438922 0.00014634  0.00136588  0.00165536  0.00592575  -0.00350879  0.00245019  -0.000942767  0.00290668  0.0046018  0.00565006 
480 -0.000134217 0.41306 0.00683282 0.0384253 -0.00213918  0.00314584  0.00220374  -0.000589361  0.00467289  0.000173756  -0.00126753  -0.000683397  0.000868794  0.00152203 
483 -0.000194551 -1.26037 0.0370114 0.0401339 -0.0157279  -0.00931506  -0.015839  -0.0161913  -0.014091  -0.00915935  -0.00127109  0.0131327  -0.0075673  -0.00297967 
485 0.000464028 0.594738 0.013263 0.0424888 0.00504193  0.00561853  0.00106032  0.000885031  -0.000787387  -0.00344067  -0.00473487  -0.000402792  -0.00152615  0.00892422 
486 0.000130797 1.45613 0.0223647 0.0366249 -0.00460691  0.0105068  -0.00949498  0.00900751  -0.0122374  -0.00628448  0.00251458  -0.000853629  0.000870625  -0.000462625 
487 -0.000543365 0.338109 0.0187641 0.0347936 0.00324308  -0.00834956  -0.0136649  -0.0010995  0.00596067  0.000252458  -0.00460775  9.99891e-05  0.000384557  0.00519018 
490 0.000713007 0.760153 0.0272376 0.041882 -0.00190723  0.00524753  0.00782514  0.0130023  0.00747376  0.0124752  0.0102964  -0.00746789  -0.00482187  -0.00915944 
491 0.000265879 0.576654 0.00903029 0.03227 0.000150123  -0.00120957  0.0016823  0.000847489  -0.00367976  -0.000315982  -0.00521288  0.00118255  -0.00126583  0.00571811 
492 1.90128e-05 0.563389 0.00219567 0.027848 -0.00114133  -0.000283544  0.000110811  0.000181257  0.00101159  0.000375522  0.000168665  -0.00121612  -0.000560015  0.000638318 
498 -0.000168791 0.449766 0.0058252 0.0275045 -0.00166349  -0.00048118  -0.00245117  0.00279688  0.00233354  -0.000476717  0.00161311  0.00280466  0.000951608  0.000238764 
