generation s h r distopt trait[0] trait[1] trait[2] trait[3] trait[4] trait[5] trait[6] trait[7] trait[8] trait[9] 
2 3.90741e-05 0.668564 0.00513285 0.02 0.00179338  -0.000519545  0.00229068  -0.000281347  0.00158108  0.00132928  -0.00214365  0.000848501  -0.000294748  -0.00280442 
3 -0.000335396 0.237971 0.0187519 0.0386718 0.00208244  0.00133485  0.00580903  -0.00430431  -0.00324005  -0.00361482  0.00208507  -0.00445495  0.0143103  -0.00637963 
5 0.000702366 0.861441 0.0318625 0.0803606 0.000120375  -0.0127561  0.00618396  0.00197004  0.0139726  0.00644195  0.0190509  0.0105622  0.000503164  0.00994383 
7 2.6484e-05 25.2535 0.0511996 0.113376 0.00548786  -0.00667253  -0.0236763  0.0161533  0.0233145  0.0161246  0.00323306  -0.0126995  -0.0226426  -0.015404 
9 0.000273567 2.57535 0.0476452 0.149794 -0.0128759  -0.0194516  0.0020383  0.0164068  -0.00309058  -0.0181391  -0.0244158  0.00947916  0.0142289  -0.0150184 
10 0.00377918 0.523665 0.0190832 0.167284 0.0124312  -0.00572991  -0.00986157  0.00540039  -0.00485529  -0.00187215  0.00452878  0.00167046  5.97395e-05  4.88679e-05 
12 0.00732242 0.936012 0.11283 0.192933 0.0251107  -0.0649369  0.00027018  0.0650444  -0.0226261  -0.0127773  -0.0350713  -0.00576704  0.0308523  0.0276039 
20 0.0113211 0.865674 0.128436 0.305936 0.0598319  0.00427002  0.0331993  -0.015897  0.0419237  -0.0789308  -0.034297  0.0336751  -0.0198798  -0.0291475 
24 0.00798079 0.73143 0.0859269 0.356494 -0.0147403  -0.0306603  -0.0282786  0.0152089  -0.00454262  0.0130094  0.0295817  -0.0547635  -0.0283287  -0.0181272 
25 0.0124802 0.509417 0.023325 0.363147 0.0111306  -0.0150689  0.00506941  -0.00368039  -0.00707976  0.00245769  -0.0054037  0.00458903  0.00133887  -0.00675511 
26 0.00557603 0.51709 0.0198888 0.363688 -0.00188772  -0.0126656  0.00147361  -0.0109977  -0.00429474  -0.00150566  -0.00207311  0.00426771  0.00669034  -0.00452538 
27 0.0257032 0.567688 0.0847763 0.374165 0.00404542  -0.058353  -0.0127948  -0.0148  0.0124867  0.00892806  -0.027759  0.00260666  -0.00439763  0.0484821 
28 0.0441873 0.537642 0.0862486 0.356296 0.0406511  -0.0312092  -0.0020363  -0.0295245  -0.0410293  0.0312163  0.0330486  0.00534387  -0.000625553  0.0125471 
31 0.003915 0.508861 0.012088 0.345527 0.00520726  -0.00272453  0.00416001  -3.53601e-05  -1.4276e-05  -0.00493152  0.00336283  0.00693096  -0.00291532  0.00145191 
36 0.0133808 0.659884 0.0926282 0.435692 0.0232078  -0.0107734  0.0281612  0.0392717  0.0478324  0.0415462  -0.0120399  -0.0360784  -0.00721532  -0.00879206 
38 0.0116941 0.703802 0.0976427 0.458205 0.0300926  0.0211097  0.0255197  -0.0603422  0.0176425  0.0447305  0.0058464  0.0384439  -0.00743179  0.00332368 
39 0.0407035 0.604728 0.132182 0.464736 0.0266663  -0.0420476  -0.0279404  0.0715708  -0.0753276  -0.0290112  0.00200898  -0.00329945  0.0431779  -0.0263589 
40 0.0102131 0.64828 0.0779352 0.438854 0.00928309  -0.0250852  -0.0422621  0.0207487  0.000408673  0.0225341  -0.00975819  0.0461546  -0.0151892  0.0133315 
42 0.0205802 0.563301 0.0732261 0.46466 0.0262697  -0.0257887  0.00609506  0.0174192  -0.0106455  0.0325668  0.022271  0.0194096  0.0335647  -0.0222057 
48 0.0212678 0.522964 0.0464113 0.553474 0.0179286  -0.0174289  -0.00254884  0.0195483  -0.00399662  -0.0178757  -0.0112889  -0.0183794  0.0107194  -0.0149837 
50 0.0059786 0.506494 0.0131378 0.571507 0.00514167  -0.00286857  -0.00575321  0.00307191  0.0071753  -0.000813798  0.00218742  -0.00559631  -0.00204494  -0.0017231 
51 0.0360603 0.617791 0.131462 0.585063 0.0127143  -0.0437456  0.0142171  0.000502792  -0.0221133  -0.00439988  -0.0522625  0.00896081  -0.0548004  0.0931738 
52 0.0877836 0.544809 0.13632 0.572465 0.0799976  -0.0437894  0.00978692  0.000535775  0.00215512  0.0268379  -0.013975  -0.0404816  0.0578008  -0.0653446 
56 0.0328937 0.512173 0.0458161 0.566515 0.0328832  -0.01298  -0.0113764  -0.00557693  -0.00660805  -0.00146464  -0.0156265  0.0124554  -0.00494002  0.0148077 
57 0.0285685 0.510805 0.0401728 0.555534 0.0327257  0.00377688  0.00614672  -0.0117954  0.0104361  -0.00680446  0.00454454  0.010783  -0.00644106  0.00425221 
60 0.0107691 0.628979 0.0746977 0.585599 -0.00684592  -0.027219  -0.0328042  -0.0240147  -0.00376854  0.0180779  -0.00853704  -0.0392449  0.0342385  -0.00358562 
63 0.060557 0.514908 0.0723294 0.632583 0.0359907  -0.039936  -0.0231537  -0.0169428  -0.0182398  -0.0208608  -0.0135342  0.0139505  -0.000921353  -0.0192789 
65 0.0658627 0.529287 0.0974507 0.621587 0.0146825  -0.0712828  0.0238766  0.0071083  -0.0165866  0.0155706  0.0350885  -0.0290135  0.00620693  -0.0308242 
67 0.00673939 0.504155 0.0115841 0.604918 0.00569657  -0.0034108  0.00414528  0.0060543  0.00191774  0.00109471  0.00281022  0.0029022  0.00388234  -1.79931e-05 
68 0.00803426 1.61646 0.188705 0.617917 0.0900042  -0.0172575  -0.0434407  0.0348764  -0.0513207  -0.00999987  -0.105315  0.0606004  0.0662734  -0.0470949 
69 0.0156145 0.542159 0.0522677 0.627852 0.0186823  -0.00865037  -0.0215533  0.0133924  -0.0090725  0.0258682  0.0290917  -9.00279e-05  -0.00301651  -0.0075669 
74 0.0139773 0.564764 0.0607493 0.699093 0.0127455  0.00031993  0.0192868  -0.0228063  -0.00849695  -0.00724118  -0.0225297  0.0354335  -0.00249591  0.0272368 
77 0.0570278 0.531301 0.0920541 0.741224 0.0432253  -0.0415049  -0.0147745  -0.00794879  -0.0277487  0.0513541  -0.0172086  -0.0177751  -0.0111471  0.0213964 
78 0.0527194 0.511343 0.0604111 0.719729 0.0383834  0.000624766  0.000443188  -0.00861637  0.0207271  -0.00184711  0.0330342  0.0237727  -0.00307882  0.00157264 
79 0.0157498 0.515386 0.0329196 0.700301 0.0232693  0.00215968  0.0133223  0.0151975  -0.000230503  0.000209316  0.00062401  -0.00699308  0.00747639  0.00488298 
81 0.0672904 0.538747 0.11044 0.723588 0.0242988  -0.0612708  0.00944678  -0.00410425  0.0431231  0.0387781  -0.00812756  -0.00613991  0.0371221  0.0538636 
82 0.0135511 0.505193 0.0192402 0.693995 0.0058908  -0.00180544  0.0017324  -0.000973446  0.00890357  -0.0119113  0.00260104  -0.00750795  0.00299485  -0.00591749 
83 0.0316814 0.510035 0.0416894 0.701372 0.00889047  -0.0281541  -0.00556748  0.00917173  0.000979977  -0.00661546  -0.00161817  0.0131277  -0.0101794  0.0206856 
84 0.0652453 0.539214 0.109067 0.695874 0.0332123  -0.0849223  -0.0249632  0.033234  -0.00569572  -0.00174805  0.00552714  0.00442944  0.0382581  -0.0174289 
86 0.0404706 0.524646 0.0685247 0.681004 0.0554357  0.00126189  -0.012457  0.0122874  0.0065096  -0.0102336  0.00775367  -0.0288767  0.0151282  -0.00669443 
88 0.0375571 0.666762 0.158729 0.683344 0.00478224  -0.027319  0.0550832  -0.0112856  0.0453779  0.0341055  -0.0394752  0.0516257  -0.0865252  0.0795721 
89 0.00751005 0.516073 0.0225606 0.672172 0.00538546  0.00124867  -0.0170326  -0.0106428  -0.00264594  -0.00332555  0.00386543  0.0020652  -0.00141727  -0.00598048 
90 0.0411226 0.512377 0.0529743 0.683185 0.00706535  -0.0267027  0.0054359  -0.0381973  -0.00137197  -0.00252162  0.0157429  -0.00142535  0.0170407  0.00249894 
92 0.0945832 0.555435 0.155107 0.686839 0.0291614  -0.0559702  -0.0348093  0.00112904  -0.0351809  -0.109932  0.0458036  -0.0252428  0.0399967  -0.0347041 
94 0.0162499 0.542314 0.0534528 0.65197 -0.00218158  -0.00469276  0.0213674  -0.0249811  -0.025403  -0.00101215  0.0204216  -0.0261586  -0.000738336  0.00126602 
99 0.0870625 0.53761 0.126551 0.729257 0.0519457  -0.0298366  0.0272173  0.0508385  0.0508705  -0.042291  0.0456584  0.033918  0.000949302  -0.0385847 
101 0.0271788 0.505147 0.0301915 0.706016 0.0143345  -0.0122558  0.0121728  0.00830984  0.00129036  -0.0109754  0.0112504  0.0041393  -0.00694961  -0.00494796 
104 0.0134883 0.504626 0.0183754 0.686762 0.00207734  -0.0136476  -0.000922961  -0.00154333  -0.00446587  0.0017039  -0.00697624  -0.00582604  -0.00155783  -0.00599711 
105 0.0170902 0.560389 0.0650753 0.676937 0.0197361  -0.0179286  0.0235757  0.0205095  0.015734  0.00255439  0.00512106  0.0197654  0.0146905  -0.0407505 
108 0.0249707 0.511244 0.0375935 0.664303 0.012528  -0.0131608  0.00130117  -0.000409194  0.00183963  -0.00965632  0.029428  -0.00567564  0.00079244  -0.00926184 
109 0.0160744 0.682115 0.108289 0.645472 -0.0206871  -0.0186327  0.00777606  -0.0368582  -0.0427938  -0.0488376  -0.0451742  -0.0385239  -0.0390747  0.0162568 
111 0.0841626 0.632308 0.213963 0.632999 0.0957295  -0.0518806  0.00584384  -0.0399028  0.0587355  0.0571734  0.0959422  0.0912105  0.0800434  -0.0405972 
113 0.0403097 0.555684 0.0978374 0.565579 0.0295864  -0.0188169  0.0109387  -0.0809212  0.00730782  0.0313069  0.00888036  0.0195744  -0.0129688  0.00333294 
115 0.0708005 0.570512 0.146899 0.529492 0.0645302  -0.0471377  0.0906127  0.0311518  -0.00829321  0.0554967  -0.0135693  -0.0243957  -0.0441949  -0.0114479 
117 0.0284326 0.557369 0.082589 0.460386 0.0208779  -0.0405035  0.0230603  0.0134025  -0.00692753  -0.0111941  0.022034  0.000605088  0.011519  0.0569321 
119 0.0201933 0.51841 0.040887 0.428858 0.0232266  -0.0151094  -0.00969308  -0.00492362  -0.0133189  -0.0197648  0.0132494  -0.00242163  0.000951843  -0.00595152 
121 0.0295425 0.597663 0.108538 0.404879 -0.0060421  0.0189853  -0.0644009  -0.00693797  0.0341105  -0.0244119  -0.00387205  -0.00337694  -0.0704641  0.0209031 
122 0.00849638 0.513698 0.0223457 0.367168 0.00562052  -0.017061  0.00356421  0.00249152  -0.000492426  0.00235595  0.00917665  0.00103612  -0.00615677  -0.00536361 
123 0.00393276 0.603483 0.0403988 0.355461 -0.00888068  -0.0161275  0.0255473  0.000112674  0.00106941  -0.00378691  -0.0117196  -0.0204484  0.00827823  -0.000963825 
125 0.0243974 0.52632 0.0531727 0.349896 0.00999477  -0.0224974  -0.028288  -0.00263405  -0.0195634  -0.00243713  0.000437947  -0.0261212  -0.0163493  0.00869978 
127 0.0198897 0.522925 0.0447156 0.313564 0.0221315  -0.0294143  -0.00106035  -0.0161559  0.0125049  -0.00428731  0.00702637  0.001499  -0.00174366  0.0123669 
129 0.00285896 0.54292 0.0222298 0.280407 -0.00034482  -0.0163006  0.00231454  0.00913469  -0.00504602  -0.00750204  0.0043276  0.00339737  -0.00447299  0.00274158 
131 0.0245194 0.701298 0.140534 0.275269 0.0529693  0.0057055  -0.011696  0.00296733  0.0544322  -0.0178301  0.0663125  -0.0834882  -0.0452153  -0.00854321 
133 0.0077001 0.534462 0.0329643 0.227045 0.0197682  0.00777409  -0.0121259  -0.0169518  0.000542138  0.00537281  -0.0074342  -0.00157976  -0.00656451  0.00842681 
137 0.0123688 0.624314 0.0786357 0.209473 0.0465897  -0.0474036  0.0101716  0.000885406  -0.0159723  -0.0228872  0.0126957  0.00440324  0.0259645  -0.0052889 
138 0.00951047 0.823294 0.110755 0.177725 0.014017  -0.0681239  0.0396524  -0.00917182  -0.0160457  0.0612984  -0.0196024  -0.0174133  -0.0319238  0.0071587 
141 0.00142835 1.10948 0.058985 0.14873 0.020907  -0.000157711  0.0179231  -0.00113811  0.0013039  0.019685  -0.0252568  -0.0229718  -0.0082529  0.0331158 
142 0.00441021 0.59357 0.0406986 0.143851 -0.0164971  -0.00407065  -0.0183852  0.00667652  0.0121792  -0.0219113  0.000887852  0.00902086  -0.0109456  -0.0124358 
143 0.00129536 0.584194 0.0208992 0.127643 0.007622  0.00617421  0.00562481  1.30877e-05  0.00432163  -0.00238014  -0.0121602  -0.00981751  0.00459611  -0.00438223 
147 0.003356 0.585534 0.0339373 0.122467 0.0187553  -0.00546931  0.00438779  -0.0104489  -0.0128261  -0.00990626  -0.0161665  -0.0100515  0.00400736  -0.000736858 
148 0.000227928 5.59273 0.0681169 0.107925 0.0257816  -0.00817798  0.000522599  -0.0123125  -0.0013098  -0.0141623  -0.0332568  -0.00165516  0.0141844  0.0473735 
151 0.00257706 0.580434 0.0288322 0.106864 -0.00451508  -0.0046361  -0.00631957  -0.00421489  -0.00091438  -0.0114728  -0.00229576  -0.00325217  -0.0241538  -6.90402e-05 
152 0.00148069 0.656383 0.0304388 0.094054 0.000425974  -0.0109131  -0.0132107  0.00653383  0.0124243  0.00578549  0.0061885  -0.00374428  -0.0168671  -0.00808558 
155 0.00167214 0.676019 0.0343155 0.0858287 0.00455193  0.00489691  -0.000559965  0.00876091  -0.02304  -0.00376247  0.00692131  0.00532683  0.000567709  -0.0208372 
156 -0.000186078 0.236631 0.0140021 0.0754707 -0.00493243  -0.00224765  0.00482566  -0.00499082  0.00343244  -0.00400773  0.00420939  0.0082907  0.000417765  0.0020027 
157 -0.000569707 -0.0162403 0.0343037 0.0766936 -0.0145686  0.0195352  0.00982155  0.000241888  -0.00200161  -0.0106482  -0.00622509  0.00122351  -0.015358  -0.00963592 
162 0.000509499 1.33221 0.0411751 0.080323 -1.02056e-05  0.00193005  -0.0136604  0.0209449  0.0113737  0.00459892  0.00664704  0.0218871  -0.017981  -0.00832499 
163 -2.68389e-05 0.485607 0.00124322 0.0770871 0.000229407  -0.000335931  0.000219648  0.000453175  1.14761e-05  -0.00018445  -0.000406407  -0.000611316  -0.000127378  -0.000732972 
169 0.000148694 3.78087 0.0441676 0.0772609 0.00586534  -0.0141123  -0.0151919  0.0120851  0.0100202  0.0108993  -0.0241184  0.0231328  -0.00134549  0.00159498 
171 -0.000169674 0.313945 0.0112382 0.0762927 -0.00134574  0.000215642  -0.00222498  0.00457726  -0.000486057  0.00441986  0.0059252  -0.00573136  0.00165987  -0.00283822 
172 0.00109952 0.616148 0.0226079 0.0773968 -0.00981315  -0.00199939  -0.0020603  -0.0148346  0.000679862  -0.00206372  -0.012191  -0.00478136  0.00182833  -0.00263937 
173 0.00119665 0.986215 0.0482282 0.0699381 0.0300842  0.0156062  0.00433318  -0.0182312  0.017942  -0.00267071  0.00365436  -0.0113394  0.0078042  -0.0171553 
178 -0.000287288 0.476631 0.00518643 0.0607899 -0.00191079  -0.000522184  0.000776308  0.0036107  0.0005933  -0.00150698  -0.000286105  0.00111806  -0.00224674  -0.000576817 
180 0.00196066 0.81992 0.0500768 0.063109 -0.00369524  0.0208328  -0.0113251  -0.0153874  -0.00345941  -0.0169596  0.00865055  -0.0070602  0.0273899  0.0228149 
181 -0.00030869 0.464123 0.00665984 0.044989 0.000108088  0.00234551  0.00142585  -0.00218409  0.00119605  0.00220471  -0.00241595  -0.00297945  0.00256077  0.00211526 
187 0.000956694 1.24273 0.0532951 0.0482985 0.00646846  -0.0202451  -0.0330606  -0.0155426  -0.0143723  -0.0118695  -0.00929831  -0.017561  -0.0143481  -0.0102921 
188 0.000515296 0.606725 0.0148341 0.0371013 0.00350578  -0.00471104  0.00569139  0.00764157  0.00200092  0.000539426  0.000555521  0.00942602  0.00112825  0.000234162 
189 -0.000177897 -0.268195 0.0233809 0.0293487 0.00499129  0.0129304  0.00128431  0.00427471  -0.00275634  0.0163519  -0.0057159  -0.00118944  -0.0038892  -0.00323116 
191 -0.000252721 0.350805 0.0122828 0.0322375 0.0019314  0.00372274  -0.00431947  0.00235397  0.00307447  -0.00354375  -0.00182684  0.00502211  -0.0075213  -0.00139265 
192 -6.37064e-05 0.431283 0.00418491 0.0359445 0.000971679  0.000670503  0.00232326  -0.00012144  -0.000713805  0.00219533  -0.00121837  0.000646448  0.000801471  -0.00168337 
193 -0.00123196 -0.0553266 0.0523265 0.0368201 0.00731655  0.00371263  -0.0229039  -0.0051107  -0.0171071  -0.0327069  0.0130836  0.0202143  0.00764511  -0.0109271 
194 -7.97433e-05 -0.111585 0.0139673 0.0508767 -0.0023784  0.000987114  -0.00298094  0.00313961  -0.00129904  0.00687684  0.00332838  0.00187317  0.00705735  -0.00750596 
195 0.000960082 0.583898 0.017958 0.0516545 -0.00571933  -0.00499163  -0.000785119  0.00524381  -0.00389745  0.000631081  -0.000681241  -0.00704273  0.00101724  0.0130408 
199 0.000406254 0.677793 0.0169979 0.0413347 -0.00511935  -0.0093505  0.00233977  -0.0050084  0.00210063  0.00414511  0.0107573  -0.00225766  0.0015131  0.000177459 
203 9.87967e-05 0.770725 0.0103434 0.0360886 0.00174235  0.00157864  0.00633848  -0.00383721  -0.00264751  0.000977789  0.00542114  0.000552135  0.000361603  0.00296095 
204 0.000553556 0.633855 0.0172176 0.0346929 -0.00349082  -0.00732261  -0.0034438  0.00240921  0.0027588  0.00980719  -0.00725053  -0.00145098  -0.0033666  0.00657065 
207 -0.00119461 0.195246 0.0381781 0.0254989 0.0106868  -0.00954062  0.0140604  0.0191323  -0.0109004  -0.00426298  0.00559744  -0.0117626  0.0195321  0.000639205 
208 0.000219775 2.53513 0.0422908 0.0429595 -0.0169721  0.0127431  -0.0105479  0.0188963  0.0105941  0.0177141  -0.0117853  0.00706511  -0.0130834  0.00915058 
209 -0.000154932 0.489058 0.00260643 0.0403208 -0.000167887  -0.000322677  0.000217197  0.0017424  0.000467993  0.000719452  2.01388e-05  -0.00104381  0.00123649  0.000471735 
210 0.000137996 0.595289 0.00725283 0.0421984 -0.0010374  0.00234336  -0.00348402  -0.00303176  -0.00140047  -0.00414935  -0.00178575  0.0014134  0.000382168  0.000441463 
216 -1.82815e-06 0.377871 0.000945029 0.0405305 0.000389173  -0.00037111  -5.84561e-05  0.00017726  0.000164133  -0.00047427  0.000324488  0.000445455  -7.36829e-05  8.96724e-05 
217 7.88011e-05 0.52422 0.00276349 0.0405531 0.00174329  -0.000999734  0.00160958  6.15997e-05  0.000558106  -0.000411021  -0.000523136  8.93009e-05  -0.00048282  9.30118e-05 
218 -7.04337e-05 0.478409 0.00246693 0.0395696 -0.000147349  -0.00052228  -0.0019945  -0.000309504  -0.000676957  0.000513349  0.000917894  0.000269117  0.000242116  0.000148559 
222 0.000303385 0.90685 0.0222187 0.0404498 -0.000467371  0.00813067  -0.00352235  -0.0139693  -0.00431888  0.00625824  -0.00927914  0.00858943  0.00127021  0.000694796 
225 9.36894e-05 1.1049 0.0150558 0.0365082 -0.00568132  -0.0054454  -0.00252511  -0.00801295  0.00181105  0.00260034  0.000427342  0.000544724  0.0021797  -0.00888216 
226 0.000717898 0.684959 0.0230469 0.0352018 0.00115946  -0.00354425  0.0158305  0.00044574  0.00369887  -0.0113476  0.00351493  0.000465534  -0.00482518  -0.00938862 
228 -0.000634786 0.311771 0.0218693 0.0228369 -0.0101272  -0.00501144  -0.000958453  0.00135585  0.00413977  -0.00537062  0.00506799  -0.011332  0.0119005  -0.00247649 
230 1.46899e-05 16.9926 0.0311284 0.0340075 0.0158456  -0.00323148  0.0157674  -0.0061588  0.00935414  -0.0118142  0.00562965  0.00205668  0.00631888  0.0108618 
231 -4.17288e-05 -0.387775 0.0121731 0.0337909 0.00272499  0.00269279  -0.0088603  0.00119456  -0.00252902  -0.000988259  0.00419425  0.00516963  -0.000462871  -0.00129305 
232 -2.62587e-05 -2.7546 0.0184888 0.0344028 0.00222313  -0.00473434  -0.000884948  0.00606674  0.0025671  0.00829169  -0.013161  -0.00373568  0.00276471  0.00259624 
234 -5.79583e-06 0.452739 0.00104675 0.0347823 -0.000262045  -0.000172665  0.000127569  0.000233865  7.54837e-05  0.000263867  0.000666217  0.00061411  0.000108954  -0.00013438 
235 0.000195641 0.589446 0.00836713 0.0348656 0.00116195  0.00577804  -0.00304589  -0.00237027  -0.000335347  0.00179665  0.00219111  -0.00223178  -0.00146895  0.00225773 
236 -0.000117989 0.272914 0.0103531 0.0319372 -0.00145754  0.00351416  -0.0027094  0.0070501  0.000158779  0.00268006  -0.00193019  0.00146653  -0.00220131  -0.00421164 
238 -0.000741999 0.220795 0.0287954 0.033734 -0.00495307  -0.00269759  -0.00482912  0.00631049  0.00442921  -0.00873324  0.00917058  -0.0165936  -0.0110808  0.0124941 
241 -0.000144523 0.212834 0.0128851 0.0433619 0.00284715  0.0034624  -0.0021714  -0.00433015  -0.000545316  0.00429106  0.00068649  -0.00816814  0.000782024  -0.0059963 
242 1.19999e-05 0.648235 0.00266744 0.0449976 -0.000424453  -0.000943456  0.000677324  0.0004032  -0.00138276  -5.81691e-05  0.000196725  -0.000881435  -0.00120641  -0.00111229 
243 -0.000182252 -0.454278 0.0263761 0.0448641 0.00558199  0.0179006  0.00379115  0.00173705  0.00175509  -0.00332998  0.00851377  0.00728127  -0.0136299  0.00112743 
250 5.61915e-05 0.561095 0.00370583 0.0468514 0.00123589  -0.00188846  -0.000142232  -0.00131885  0.00106442  0.001015  0.000577126  -0.000334338  0.00184771  -0.000926165 
253 0.000117433 1.84894 0.0251706 0.0462479 -0.0036923  0.00116286  -0.00379014  -0.0164122  -0.00608253  -0.0143068  -0.00676474  -0.000923818  0.00459477  -0.00504413 
254 -7.441e-05 0.487677 0.00191594 0.0449604 -0.000941158  0.000262622  0.000495428  0.000182323  -0.000193287  -0.000184655  0.000720461  -0.00128992  0.000364417  -0.000223994 
255 0.000182501 1.40151 0.0256517 0.0457805 -0.015325  0.00353156  -0.00172809  -0.00395329  -0.00999327  0.00314881  -0.004494  0.0104381  0.0119102  -0.00335898 
257 0.000376593 0.637295 0.0143821 0.0437421 0.00115005  -0.00926056  -0.00288313  -0.00284832  0.000883482  0.00719401  -0.00251147  0.000120643  0.00495233  0.00446728 
258 0.000763056 0.645151 0.0210507 0.0392026 -0.0017792  -0.00715203  0.00558602  0.0109043  -0.00291224  0.00869055  -0.00749854  0.00362846  -0.00836368  0.00391848 
261 6.29262e-05 2.52408 0.0225704 0.0278223 0.0132706  -0.00167957  0.0027171  -0.0117784  -0.000686431  -0.00916042  0.00497982  0.0040826  0.000154708  -0.00764888 
262 0.000106502 0.577219 0.00573583 0.0266675 -0.00362246  -0.00155799  0.000337265  0.00164977  0.00166185  0.00124008  -0.000842598  0.0030717  -7.5332e-06  0.000264154 
265 1.91696e-05 1.68993 0.00955195 0.0245899 0.004859  -0.00443095  -0.000555333  -0.000836844  0.00170736  0.00289438  0.00104577  0.00329575  0.00236442  0.00426019 
267 -2.53432e-05 0.37878 0.00350555 0.024197 0.000776586  0.00204946  0.000869423  -5.27412e-05  6.05374e-05  -0.000623337  -0.000513571  -0.00207194  0.00124848  -0.000468186 
268 -0.000726714 0.0848329 0.034747 0.0247151 0.00570378  -0.00938927  0.015076  -0.0101634  -0.00813297  0.0142184  -0.00933873  -0.0196582  0.00298771  0.00227737 
272 -0.000195251 -0.37563 0.0261514 0.0365762 -0.00775014  -0.00621422  -0.00242956  -0.00396235  -0.00674777  8.31134e-05  0.0026756  -0.00398319  -0.0219322  -0.00374534 
275 0.00062088 0.646841 0.0190983 0.0391546 -0.00771593  0.00743451  0.0020511  0.005238  0.002129  -0.000102223  0.0011809  0.00767187  -0.00855218  0.00896436 
276 -0.000175586 0.43286 0.00686837 0.0302059 5.03554e-05  0.000743439  0.00109367  -0.000508916  -0.00194833  0.000675848  0.0012333  0.000652903  -0.00270684  0.00562469 
277 0.000592258 0.602082 0.0155541 0.0329848 0.0047106  0.00817965  -0.0045695  0.00611667  0.00279112  -0.00380327  -0.00357951  0.00678342  0.00347092  -0.00118782 
281 0.000160554 0.877498 0.0155699 0.0222692 0.00780025  0.0061557  0.00291446  -0.00173168  0.0027332  0.00282599  0.00630813  0.0069973  0.0052896  3.94886e-05 
282 -0.000760317 0.000283542 0.0389917 0.0183132 -0.0237369  -0.0104889  0.00599022  -0.00927698  0.0228649  0.00579786  0.0030498  0.00706616  -0.00941357  -0.0045476 
283 -4.97081e-05 -8.1491 0.0414656 0.0331056 0.0169593  0.0073718  0.00250095  0.0228265  0.0110066  0.0041217  -0.0192149  -0.0128649  0.01328  0.000957663 
284 -0.000805083 0.0813794 0.0367252 0.033848 -0.0125691  -0.00306727  0.0155665  -0.00494586  -0.0126867  -0.00197372  0.0122322  -0.00254444  0.00965809  0.0223683 
286 0.000398225 0.610115 0.0132455 0.0441712 0.00227467  0.000679142  -0.000735825  -0.00725422  0.000257034  -0.00198511  0.00369726  0.00245595  0.00528551  -0.00806205 
288 9.41514e-05 6.81017 0.0487405 0.0394075 -0.00176642  0.0056311  -0.0181396  -0.0125912  -0.020598  -0.0168685  0.00681923  0.00089959  -0.033016  -0.00265147 
289 0.000772784 0.902648 0.0352741 0.0381943 0.0215953  -0.00474576  0.000580192  0.0108599  -0.00187264  -0.00181621  -0.0131308  0.015338  0.0143551  -0.00406944 
290 -0.000233364 -0.357814 0.0282979 0.0261977 -0.00488374  0.00751864  -0.00409398  -0.0147637  0.007372  0.000357942  -0.00108249  -0.0190919  0.00728235  -0.00353353 
291 0.000158505 0.679396 0.010665 0.0303267 -0.00924567  -0.00147397  -6.2824e-05  0.00333985  0.00158543  -0.00191512  0.00173144  -0.000514452  0.00091119  -0.00215746 
293 -3.0454e-05 -0.0161704 0.00792961 0.0275902 -0.00180006  0.000941751  0.00165345  0.00171321  0.00335519  -0.00437988  -0.00168897  0.00381293  0.00134032  -0.00185862 
298 1.05199e-05 0.507323 0.00055515 0.0281367 6.18296e-05  -2.51983e-05  -0.000129529  -0.000142277  -0.00017717  0.000199637  3.87776e-05  0.000324828  -0.000216434  0.000203981 
299 -0.000165314 -1.1913 0.0334414 0.0279491 -0.00367325  0.00646218  -0.00101501  0.000916364  -0.00605801  0.02202  -0.00144282  0.00834835  -0.00096814  -0.0216082 
302 5.98739e-05 0.853946 0.0092069 0.0307649 -0.00030387  -0.0010063  -0.00306522  0.00316121  -0.00324687  -0.000451296  -0.00485695  0.00328036  -0.00382819  0.00212641 
303 3.88918e-06 0.515901 0.000497368 0.029776 0.000236478  -8.50703e-05  -0.000160332  6.85303e-05  -0.000354191  1.17817e-05  4.0881e-05  -8.96555e-05  0.000136064  5.43397e-07 
309 -1.07207e-06 0.490923 0.00019729 0.0297106 6.53101e-05  -5.43036e-05  -7.20947e-05  7.13094e-05  -7.6744e-05  2.76726e-05  -1.38531e-05  -1.94722e-05  -1.00545e-05  -0.000118739 
310 -2.90341e-06 -0.239406 0.00293039 0.0297286 -0.000296899  -0.000250996  0.000443632  0.000498632  -0.000210377  0.00118478  0.000888313  0.00228835  0.000710176  0.000112303 
311 -0.000104925 -2.04982 0.0327121 0.0297774 0.0162914  0.00480147  0.0131433  0.0101725  0.0171707  -0.000788399  -0.00162834  -0.0136169  0.00328822  0.00332468 
312 -0.000403373 0.276419 0.0189969 0.0314901 -0.00764351  0.00232062  -0.00534943  -0.00575197  0.00964534  0.000811398  -0.000703127  -0.000865039  -0.0112456  -0.00373866 
318 0.000282777 1.91741 0.0400342 0.0373508 -0.00106028  -0.0134329  0.00598129  0.00445932  -0.00124707  -0.0234994  0.0138287  0.00695523  -0.00775801  0.022626 
320 -0.000121674 -0.337568 0.0201904 0.0333518 -0.00515535  -0.015113  -0.0038253  0.00160702  -0.000164043  0.00524205  -0.00488893  0.00552069  -0.0071013  -0.00177322 
323 -2.53869e-05 0.413767 0.00295926 0.0351287 -9.34878e-05  -0.00264209  -0.000200464  -0.000278496  -0.000898246  0.000583615  -0.000205264  0.000189664  -1.69306e-05  0.000651352 
326 8.39533e-05 2.09188 0.0231197 0.0354882 0.0133232  -0.00348483  -0.0041629  0.0109439  0.000122897  0.00437766  -0.00101626  -0.00414076  0.00839707  0.00999512 
327 0.000143117 0.516696 0.00309311 0.034285 -7.81478e-05  0.000560924  -7.66214e-05  -0.000174372  -0.000933667  0.000976884  -0.000485975  0.000645148  0.00250301  -0.000683272 
328 2.56555e-05 0.590466 0.00304697 0.0321303 0.00154202  -0.000473937  -0.00127348  3.78437e-05  -0.00198598  -0.000701419  -0.000589931  0.000117822  -0.000213163  -0.000463591 
329 0.000109086 1.04859 0.0154713 0.0317285 -0.00579384  -0.00267035  0.00574173  -0.000438815  0.00261394  0.0032276  -0.00100553  -0.00369408  0.00845782  -0.00787777 
331 6.74683e-05 1.55015 0.0168342 0.0299603 -0.0106038  0.00498598  -0.00515751  -0.00286933  0.00112699  0.000189435  -0.00103075  0.00839744  -0.00618361  -0.000365723 
333 -4.59136e-05 0.37533 0.00478515 0.0288124 -0.00310919  0.00101359  0.000179618  0.000489829  0.000914939  0.00140009  -0.00123953  0.000484446  0.00178279  -0.00204552 
334 0.000114787 1.80681 0.0244938 0.0295984 -0.000504167  0.00767354  -0.0192452  -0.00652372  0.00251767  7.50127e-06  0.00780399  -0.00655448  0.00384163  -0.00170693 
336 -0.0012822 0.364293 0.026405 0.0275914 -0.00816906  -0.0170465  0.0010506  0.0111913  0.00478405  0.00450038  -0.00779089  -0.00912075  -0.00491514  -0.00154073 
338 0.000183394 0.619957 0.00938113 0.045214 -0.00278635  0.00107529  -0.000632696  -0.00349101  -0.00544203  0.00244389  -0.000516841  0.00391406  -0.00172591  0.00351342 
339 0.000434198 1.40245 0.0395829 0.0431385 0.0237219  0.0187465  0.00524406  -0.0121922  0.0113638  -0.0144492  0.00456419  0.00857078  -0.006643  -0.000401604 
340 -0.000188235 0.350652 0.0106055 0.0377734 -0.00104705  -0.000816523  -0.00313382  -0.00251991  -0.00237386  0.00169574  -0.0045127  -0.00559884  -0.00511251  -0.00286058 
341 0.000194974 0.605052 0.00905207 0.0401881 0.00248011  -0.00550003  0.000153149  0.000400121  -0.000945492  0.000772707  0.000289622  -0.00256998  0.00550636  0.0026183 
342 0.000639292 0.829777 0.0290369 0.0376845 -0.0065711  0.00383925  0.000848495  0.0105771  -0.0154876  -0.0087762  -0.00581586  0.00188831  0.0173011  -0.00436151 
343 0.000476957 1.25991 0.0380693 0.027947 0.01192  0.01353  0.0140162  -0.00971646  -0.00928403  0.0180327  0.0172554  0.00430907  0.00411206  0.00941634 
345 -0.000273508 0.133016 0.0200391 0.0174411 -0.00398255  -0.00682682  -0.00275446  0.00875083  0.0128574  0.00353771  -0.00366675  -0.00383247  -0.00045848  0.00698306 
346 -2.54107e-06 -0.477168 0.00315154 0.0240362 0.00123647  -0.000267076  0.000288241  -0.00161183  0.000246499  0.00027499  0.00131909  -0.00123208  0.00121913  -0.000877658 
349 1.13024e-05 0.534121 0.00124205 0.024089 0.000512719  0.000348341  0.000806012  -9.16443e-05  -0.000324252  0.000344142  0.000180474  0.000102442  -9.53801e-06  -0.000483395 
357 0.000156142 0.852175 0.0148306 0.0238532 -0.00606957  -0.00259563  0.00118083  -0.00046586  -0.00298343  -0.00107288  0.0109373  0.00353096  0.00044872  -0.00569327 
358 -1.60131e-05 0.490325 0.000787316 0.0203186 -0.000178126  -5.63838e-05  0.000116355  0.000309951  8.97148e-05  -1.23382e-05  5.7986e-05  -0.00033395  -9.68069e-05  0.00058557 
363 -5.01872e-06 -0.182018 0.00370019 0.0207089 -6.08416e-05  -0.000891365  0.000986316  -8.21748e-05  0.000915001  -0.00116349  -0.00264148  -0.000534071  0.00146936  0.00054866 
364 8.56868e-05 0.606117 0.00603103 0.0208298 0.000344509  -0.000776097  -0.00238906  -0.00115905  -0.00121021  0.00196554  -0.00442676  -0.00172748  -0.000473404  -0.000684717 
365 -4.65188e-05 -0.0660349 0.0102629 0.01866 0.00684024  0.00390454  -0.000986196  0.00178477  -0.00297171  -0.000715935  0.00433968  0.0023785  0.000360824  0.00227399 
366 -2.29186e-05 0.34394 0.00378248 0.0198674 0.000277828  0.00194061  0.000983151  0.000585446  -0.000893961  0.00246466  -0.000562484  -4.29742e-05  0.000931708  -0.00104623 
367 -0.000553012 0.362684 0.0174348 0.0204361 0.00548461  0.00945623  0.00138548  0.00413757  0.000624862  0.00119837  0.00618982  -0.00310635  0.0077331  -0.00747282 
369 0.000216624 0.529814 0.0050847 0.0311576 -0.000994179  -0.00307436  -0.00134215  -0.000152212  -0.00071923  0.000881286  -0.00232846  6.97309e-05  -0.00170658  -0.00198913 
370 9.7906e-05 0.56179 0.00491954 0.0274627 0.000633493  -0.00106733  4.66064e-05  -0.00306862  -0.00294252  -0.00135053  0.000657712  -0.000530586  -0.000899252  0.00111251 
375 -7.82718e-05 -1.02107 0.0218225 0.0256183 0.00759463  0.000344231  0.00323062  -0.0144549  -0.00176796  -0.00770856  -0.0055093  0.00692625  -0.0046538  -0.00604255 
377 7.08791e-05 0.963143 0.0114588 0.027103 0.00162082  0.00252305  -0.00421276  0.00570185  -0.00643198  0.000673257  -0.00288027  -0.00231506  -0.00367131  -0.00175939 
378 7.04285e-06 8.72327 0.0152202 0.0257623 -0.0061487  -0.00545871  -0.000366107  0.000617877  -0.000125111  0.00388586  -0.00376736  -0.00352262  0.00627061  -0.00908272 
380 -0.000191373 0.360187 0.0103466 0.0256252 -0.00476706  -8.22247e-05  -0.000121738  0.000388952  -0.00454598  0.00375027  -0.00473993  -0.00123163  0.00498378  -0.00077643 
381 0.000189955 0.650449 0.010692 0.0291212 -0.00244412  0.00139521  -0.000140932  0.00911572  0.000847433  0.00082613  0.00300986  0.000575534  -0.00261087  0.00238224 
382 -4.92137e-06 0.251952 0.00220974 0.0256536 0.000390671  -0.000316938  -0.000258762  0.00154282  0.000863863  0.000430242  0.000804048  0.000764284  0.000121793  7.6278e-05 
384 0.000154375 0.718455 0.0116144 0.0257493 -0.00157327  -0.00139476  -0.00367967  -0.000605576  -0.00463966  -0.00562602  0.00477685  -0.000908765  -5.59835e-05  0.00630413 
388 -0.000145106 -2.16666 0.0393398 0.0225536 -0.00958209  -0.0100544  -0.00371528  -0.0115488  0.00705816  -0.0271995  -0.00358015  0.00177394  -0.0168602  0.0108478 
393 -0.000155933 0.148355 0.0148106 0.0255692 -0.000542628  0.00370734  0.00215745  -0.00019723  -0.0055011  0.000508277  -0.00933584  0.000937689  -0.00455087  -0.00783291 
401 4.29992e-05 0.519914 0.00185097 0.0284557 0.000139071  -0.000259568  0.00042447  -0.000479975  0.000593779  0.000499398  0.0010236  0.000287754  -0.000727312  0.000816874 
402 2.86512e-05 2.03278 0.0132536 0.0276899 -0.00492536  -0.00549963  -0.00299074  -0.00219787  0.00775221  0.00226374  0.0028594  -0.00439362  0.000912834  0.00372066 
403 -0.000104811 0.438028 0.00509787 0.0271676 0.000947273  -0.00187256  -0.00193264  -2.32133e-05  -0.00155376  0.00031318  -0.00352161  -0.000413409  -0.000457472  0.00159834 
404 -8.1383e-06 0.439263 0.00140613 0.0290327 0.000393436  -8.74663e-05  -0.000986387  -4.84963e-05  -0.000262814  -0.000211442  0.000409339  -0.000239384  0.000540948  -0.000456281 
409 -1.35178e-05 0.490751 0.000707248 0.0291725 -0.000119848  0.000134969  -2.56383e-06  -7.03632e-05  -0.000396666  -6.05129e-05  -0.000234067  -5.92496e-06  -0.000304573  -0.000392516 
411 -0.000273297 -0.227317 0.0281986 0.0294032 0.0088336  -0.00162058  0.00149641  0.0016668  0.0192353  0.00732459  -0.00818691  -0.0059042  0.0117692  0.00674074 
414 0.000551825 0.878402 0.0288978 0.0337326 -0.00616177  0.0165727  0.00924684  0.0136763  -0.0090983  0.00024938  0.00619548  0.000773975  -0.00893604  -0.0069455 
415 -5.27349e-05 -0.843891 0.0168368 0.0242118 0.00903031  -0.00138177  0.00485297  -0.0100056  -0.000764506  -0.00382923  -0.00405775  0.00511672  0.00326445  -0.00279451 
418 4.70909e-07 0.526613 0.000223895 0.0252774 -5.47012e-05  6.17341e-05  -0.000135953  -5.75066e-05  -2.4457e-05  -4.56772e-05  4.2104e-05  -6.63103e-05  4.61402e-05  0.000102723 
419 -0.000102106 0.251248 0.0100799 0.0252681 0.00778779  -0.00323738  0.002703  8.24424e-05  -0.00114358  0.00095345  -0.000584096  0.000634142  0.000644559  0.00444817 
421 -0.000152843 0.43022 0.0065327 0.0272138 -0.00349065  -0.000152671  0.00399491  -0.0018291  0.000248484  -9.2331e-05  -0.00319993  -0.000609281  0.000459686  -0.000520451 
424 3.28064e-05 0.584308 0.00332622 0.0298905 0.000541106  -0.000715802  -0.000253215  -0.00158447  2.67768e-05  -0.000869446  0.0018163  0.00162113  0.00022103  0.000975387 
425 -2.91904e-05 0.483086 0.00140546 0.0293366 0.000358543  -0.000161199  -3.51847e-05  0.000594338  -0.000361033  -0.00108684  2.8007e-05  -1.41059e-05  -3.51017e-05  0.000390541 
426 6.78491e-05 0.659371 0.00657672 0.02983 -0.003077  -0.000392903  -0.00182761  -0.00184036  0.000972118  -0.000880764  0.00260574  0.00161886  0.00102849  0.00383598 
428 2.66461e-05 0.527683 0.00171781 0.0286702 0.000348749  -0.000811234  -0.00110603  0.000102064  -0.000222465  -0.000169521  0.00042069  0.000668583  0.000258529  0.000410319 
429 -0.000147479 0.453914 0.00521534 0.0282017 0.0041625  0.000205713  0.000949276  -0.000796312  0.00169102  -0.000398796  0.000789329  -0.000111048  -0.00118684  0.00179812 
430 -1.24695e-05 0.400235 0.00223073 0.0307055 0.000686269  0.000499439  0.00103167  0.000493031  -0.00014071  -0.00048216  0.0014871  -0.000102892  0.000635401  0.000265107 
433 6.32313e-05 0.523521 0.00243942 0.0309079 0.000553657  -0.000597974  -0.00132774  0.000406091  -0.00127323  0.000429708  0.000272112  -0.00111644  -0.000123805  -0.000466125 
436 7.5055e-07 0.500767 4.79771e-05 0.0298675 -2.63602e-05  -2.10819e-06  7.35991e-06  4.92178e-06  1.63716e-05  2.15625e-05  1.78259e-06  -1.80038e-05  1.76089e-05  1.23996e-05 
440 0.000157152 0.932423 0.0164865 0.0298549 -0.000799523  -0.0075929  0.00113424  0.0024614  -0.00967276  0.00915815  -0.00219586  -0.00451571  0.000606845  -0.00177591 
441 -0.000134418 -0.53259 0.0235627 0.0270957 -0.00760317  0.0100962  0.010105  0.00235755  0.0040124  0.00894558  -0.00196181  0.000808452  0.00825677  -0.0109084 
448 0.000245389 0.831728 0.018044 0.0294721 -0.000226004  0.00486269  -0.00596804  -0.00309947  0.00448698  0.00688071  0.00597633  0.0103477  0.000468326  0.00679546 
453 -4.42319e-05 0.351382 0.00512798 0.0249649 -0.000842548  -0.00121558  0.00159547  -0.00115141  0.00334607  -0.00106395  -4.4597e-05  -0.0009153  -0.0005944  -0.00259154 
454 -5.51483e-06 -2.9659 0.00874385 0.0258356 -0.00470939  0.000146944  -0.000820119  -0.00101834  0.000812583  0.00414851  0.00347464  -0.00407007  -0.00192486  0.0015268 
456 -0.000155718 0.371097 0.00896144 0.0259421 -0.000955854  -0.0040967  -0.00179178  -0.00696668  0.00174496  0.000991365  0.000719617  0.00154751  0.00134626  0.0014536 
458 -0.000214121 -0.193984 0.0243809 0.0287875 0.00355463  0.00853645  -0.00834462  -0.000227503  -0.00498472  -0.00653603  -0.0157469  -0.00485337  -0.000687623  -0.00998391 
462 -0.000282827 0.415122 0.00980184 0.0322934 0.00536908  0.000373248  -0.00352244  -0.00262977  -0.000688987  0.00506015  -0.00361655  0.00241004  -0.00159311  0.000529971 
464 0.000366976 0.961772 0.0260331 0.0364106 0.0101505  -0.00652181  0.0106632  0.00698493  -0.0052204  -0.011594  0.00689365  0.0103682  -0.00168553  0.00708013 
468 8.75165e-05 0.706941 0.00851134 0.0309649 -0.00156817  -0.00396821  0.000799621  -0.000139954  0.00396461  0.00356942  0.00284766  0.00325652  -0.00156206  -0.00199124 
469 -0.000695236 0.0813887 0.0341264 0.029518 -0.00824232  -0.0198282  0.00187455  0.00630311  -0.0142607  0.00634223  -0.00831904  -0.00908953  -0.0157894  -0.0039437 
470 0.000511846 1.23995 0.0389155 0.0395827 0.00371296  0.00899658  -0.011198  -0.00402085  0.0203206  0.0153912  0.0237136  -0.00665426  0.00464458  -0.000358587 
474 0.000240635 1.07551 0.0235345 0.0324819 -0.0013402  0.0015245  -0.00461418  0.00131475  0.00152234  -0.00504347  0.00403956  0.0126099  0.0137831  0.011562 
477 -0.000392208 0.425711 0.0108002 0.0285389 0.000845672  0.00141315  0.00366873  -0.00441105  -0.00129868  0.00368423  0.00659671  -0.00190115  0.00323943  0.00285152 
478 -0.000113294 -0.648117 0.0228101 0.0347383 0.0113672  -0.00551073  0.0015863  -0.0012182  0.00194699  -0.0151389  -0.00275733  0.00762655  0.00271635  -0.00711322 
479 4.15936e-07 0.859403 0.000773275 0.0363325 -0.000154436  0.000231129  -0.000209302  -0.000191432  0.000409492  0.000414286  1.01526e-05  -0.000178444  -8.71484e-05  -0.000247734 
489 2.07753e-06 0.63916 0.00107538 0.0363268 -0.000271143  -6.95519e-05  -7.5389e-05  0.000565495  -0.000116737  0.000767913  0.000186323  0.000210028  0.000188838  0.00018656 
490 -4.7554e-05 -9.44854 0.0434968 0.0362982 -0.0373381  -0.00299653  -0.0132434  -0.00246796  0.00569358  -0.00771514  -0.0134425  -0.0042378  -0.00201871  -0.00356384 
492 0.000269983 1.15701 0.0266346 0.0369475 0.00332771  0.0109669  0.00468531  0.00443092  -0.0060702  -0.00589658  0.00650903  0.0134214  -0.0132625  0.00815208 
494 -0.00026516 0.139031 0.0195685 0.0330933 0.0019991  0.00137376  -0.015936  0.00264026  -0.000119227  5.26403e-05  0.00478178  0.00089219  0.00158317  -0.0094832 
497 -0.000450779 -0.660067 0.0457358 0.0368831 0.0241828  0.0180364  -0.00565865  0.0136841  -0.0232401  -0.00476112  -5.72709e-06  -0.0110036  -0.00122228  -0.016644 
500 3.19996e-06 0.561601 0.000887967 0.0425587 -5.23995e-05  0.000373686  1.23287e-05  -0.00014112  0.000359092  -2.29054e-05  0.000460478  -0.000528965  -1.31488e-06  -6.86607e-05 
501 0.000220778 0.662228 0.0119696 0.0425211 -0.00332358  -0.00623405  0.00259893  0.00402748  0.000193436  -0.00177529  0.00358795  -0.00685787  0.00116467  -0.00243663 
