generation s h r distopt trait[0] trait[1] trait[2] trait[3] trait[4] trait[5] trait[6] trait[7] trait[8] trait[9] 
2 -4.12702e-05 -0.653491 0.0137993 0.05 -0.00393969  -0.00604897  -0.00819519  0.00379804  0.00579878  -0.00205821  0.00349169  -0.00203284  -0.00158368  -0.000166603 
3 0.00148483 0.542826 0.015977 0.0994591 0.0110347  0.000168778  5.80144e-05  0.000631332  -0.00812438  0.00616191  0.000282702  -0.0029541  0.00333306  0.00302939 
4 0.00629194 1.06331 0.118859 0.141389 0.0289835  -0.0696299  0.0115526  -0.00307436  0.0510805  0.0123512  -0.0365872  0.0323267  -0.0183964  0.0530318 
6 0.00666457 0.587959 0.0485635 0.194776 0.00757787  -0.00541506  -0.0104884  0.00361142  -0.0339712  -0.026256  0.0156192  -0.00764743  -0.00118704  -0.00115966 
8 0.0216151 0.615486 0.100472 0.271435 0.019291  -0.062596  -0.0289539  -0.029326  -0.0422547  -0.00360895  -0.0261418  0.0253966  0.0102878  -0.0295509 
9 0.00910495 1.46936 0.187167 0.274212 0.0362292  -0.0704673  0.0558675  0.00514833  0.0645041  -0.0397945  -0.0848656  -0.0815669  -0.0571537  -0.0523392 
11 0.0078335 0.80402 0.09751 0.334425 0.00988681  -0.0572818  0.0322955  -0.0289451  -0.0166889  0.017054  0.00998791  0.0156479  -0.0508987  -0.0272723 
13 0.022678 1.3001 0.26717 0.400312 0.0267652  -0.126745  -0.0929368  0.032536  -0.0704742  -0.0568277  -0.0661411  -0.0413962  0.141603  0.1028 
15 0.00337561 6.01201 0.271338 0.438553 0.00887643  -0.0895579  0.130393  -0.0611834  0.0381016  -0.0197832  0.0330496  0.103262  -0.0721093  -0.161186 
16 0.0222336 0.645232 0.113998 0.465564 0.0520189  -0.00239971  -0.0450461  0.0435314  -0.0148874  -0.0379652  -0.0448748  -0.0230341  -0.0421074  0.0194761 
18 0.0173628 0.522424 0.0411318 0.507589 0.00879002  0.00399862  -0.00447991  -0.0215552  0.00734677  0.00339425  0.0132287  -0.00978816  0.0247754  0.0127966 
19 0.0129872 0.52966 0.0401722 0.528239 0.0094573  -0.0131496  -0.00408141  -0.00224517  -0.0247141  0.0121148  -0.00562085  0.00952209  -0.00905413  0.0191824 
21 0.014766 0.515903 0.0322452 0.59594 0.0111908  0.00908916  -0.00463889  0.00337135  0.00500799  -0.00721899  0.0174397  -0.0134325  0.00228186  0.0152332 
24 0.0532592 0.918081 0.295254 0.714884 0.169786  0.0674743  -0.0409737  -0.0713155  0.0157082  -0.142137  0.0688734  0.144268  0.0281555  0.0152006 
25 0.0998693 0.600539 0.206398 0.720272 0.10459  -0.0891927  0.0251971  -0.0743927  -0.00405101  -0.0197746  -0.106765  -0.0460767  0.0599725  -0.00330116 
27 0.112995 0.53971 0.150599 0.728314 0.0584257  -0.0691932  0.0380778  0.0432239  0.00888013  -0.0311549  0.0440927  -0.0632145  0.0507728  -0.0399134 
28 0.0184497 0.542049 0.0569274 0.689407 0.0225851  0.00922758  0.0179563  0.00351654  -0.0353058  0.0138605  0.00521171  0.00816785  -0.0264523  -0.0088589 
33 0.0375183 0.543076 0.083778 0.886995 0.00933611  0.00730229  0.0346077  0.0149351  0.04407  0.0311809  0.04293  -0.00975  -0.0242932  0.00385947 
34 0.0416618 0.656402 0.162123 0.911447 0.076923  0.0286566  0.0188102  -0.0679962  -0.00189591  0.0565134  0.044698  0.0808496  0.0531534  0.00333608 
35 0.324193 0.535992 0.28153 0.933977 0.177677  -0.0845267  -0.0934491  -0.0182385  0.0282919  -0.0112065  0.0202805  -0.111038  0.0208435  0.131829 
36 0.0864086 0.904474 0.36776 0.812628 -0.131444  -0.255976  -0.0678777  0.0803229  0.0837947  -0.0805669  -0.00502937  0.15368  -0.0161535  -0.0630145 
38 0.0139528 0.506096 0.0208293 0.844147 0.00625808  -0.00311175  0.00369283  0.0138951  -0.00352147  -0.00386583  0.00661019  -0.00650919  0.00768413  0.00241804 
39 0.0423775 0.568105 0.110228 0.879269 -0.00251367  -0.02575  -0.0768145  0.0431689  0.0147601  0.0331984  0.00225932  -0.00412196  -0.0385396  -0.0298247 
41 0.0469079 0.573979 0.120791 0.944508 0.00847952  -0.0374543  -0.0334954  0.0783968  -3.113e-05  -0.00963105  -0.0557976  -0.0445324  -0.0250931  -0.00535774 
43 0.0553376 0.744073 0.231687 0.919921 0.0578278  0.0809725  0.104399  -0.0191483  0.0820626  0.135947  -0.000466363  -0.0630032  0.0558755  -0.0143169 
45 0.0167212 2.93967 0.398465 0.890165 -0.026295  -0.157689  -0.0805579  0.0140983  -0.00498673  0.0887629  -0.139802  0.0318492  -0.306415  -0.0646201 
46 0.081067 0.517439 0.0920219 0.880802 0.0255492  -0.0402723  0.0412939  0.018937  -0.0474741  -0.00135315  -0.00497898  0.011168  0.0139557  -0.0391115 
52 0.0947066 0.511109 0.0900486 0.835382 0.0568674  -0.0321692  0.0176648  -0.0477169  -0.0219631  0.0111743  -0.00619458  0.0190929  -0.010491  0.011438 
57 0.022067 0.504955 0.0258989 0.779344 0.00716705  0.0011017  -0.00116434  0.0172218  -0.00817589  0.00612697  0.00900115  -0.00531319  0.00581117  0.00853357 
60 0.0647379 0.550135 0.12051 0.765212 0.0266489  -0.0344852  0.0469525  -0.0520944  0.0248126  -0.0254305  0.000657547  -0.0691149  0.0125353  0.0388354 
61 0.0406707 0.517568 0.0599556 0.723064 0.0211906  0.0185867  -0.0223426  0.0103862  -0.00597065  0.0106337  0.0369859  0.00558526  0.0105554  0.0231043 
62 0.101341 0.637444 0.239451 0.69495 0.0437688  -0.0116262  0.0876513  0.00904922  0.0129052  0.102486  -0.00460473  -0.0198308  0.17654  0.0725953 
63 0.0440024 0.516368 0.061196 0.621632 0.0378681  -0.0218121  -0.000208994  0.00306675  0.035367  0.000378043  0.0182965  0.0128539  0.00475455  0.00722359 
66 0.0419778 0.844179 0.238856 0.585974 0.00563842  -0.150104  -0.0356815  0.0866851  0.0247904  0.00372098  0.0302733  0.057329  -0.0749706  -0.123489 
67 0.05113 1.32528 0.403144 0.549768 0.116794  0.0560411  0.0950195  -0.230141  -0.214418  -0.0902172  -0.0339638  0.0718527  0.0704198  0.135501 
68 0.0285015 1.768 0.374758 0.502373 0.17355  0.029107  0.0987869  0.188566  -0.0305967  -0.104704  0.158171  0.113939  0.116744  0.0251415 
70 0.010439 0.600616 0.0650481 0.473578 -0.0091023  -6.15687e-05  -0.0165252  0.0119031  -0.00160491  0.0180478  -0.0321194  0.00581439  -0.0401201  -0.0270232 
72 0.0371917 2.81875 0.570743 0.462483 0.283549  0.0446075  -0.139631  -0.113392  0.00383734  0.17031  0.345904  -0.244497  -0.0395719  0.0314479 
73 0.0316796 0.54602 0.0788849 0.421158 0.00139736  -0.0226182  -0.0199562  -0.0109354  0.0543515  0.017012  -0.0394283  -0.0117457  -0.015942  -0.00112321 
74 0.0433478 0.679127 0.176594 0.382343 0.0063257  -0.0845949  0.0970458  -0.0132354  -0.00328541  -0.0856192  -0.0798893  0.00563761  -0.00126966  -0.0252787 
75 0.00868376 0.51871 0.0261613 0.322105 -0.0194086  0.00197227  0.00312807  0.00974322  -0.00183598  -0.0040375  -0.00959789  0.00307559  0.00769389  -0.00432064 
76 0.00997619 3.44642 0.339652 0.308391 0.0449429  -0.00313233  -0.0987216  0.142391  0.0399597  -0.0109278  -0.228264  -0.0757632  -0.0081529  -0.153902 
77 0.0070681 0.543611 0.0354014 0.291853 -0.00233952  -0.00742298  -0.0279003  0.00245495  -0.0150997  -0.0038192  0.00850565  0.00899455  -0.00333618  0.00112508 
78 0.00232109 9.63544 0.289545 0.279527 -0.0484904  -0.128425  -0.0465756  0.0406771  -0.0471945  -0.0811994  0.137941  0.164779  0.0694207  0.0367209 
79 0.0392677 0.677041 0.167098 0.275348 -0.0827847  -0.0380274  0.0141274  -0.0553705  -0.0356373  0.0615328  0.00539365  -0.0151267  0.020967  0.102971 
80 0.00549984 0.522941 0.0227666 0.193133 -0.00142909  -0.002328  -0.00366257  -0.00568686  0.000192153  0.000493047  -0.00460073  -0.0152593  -0.0118307  0.00841698 
86 0.00539726 0.723204 0.0694074 0.178369 -0.00681296  -0.00103643  0.0291035  0.0313029  0.0310917  -0.0122023  0.0165286  -0.0233173  -0.0309704  -0.00716673 
87 0.0152251 0.866636 0.149039 0.162582 0.0142857  0.0289545  0.0149618  0.00351379  -0.0459254  0.0926074  -0.0728328  -0.0216043  -0.05893  0.0316944 
90 0.00671194 0.704244 0.0740527 0.106408 -0.0103346  -0.0175389  -0.00924265  -0.00823506  0.037246  -0.0112379  -0.0363196  -0.0309033  0.0277988  -0.0188595 
98 -9.26831e-06 0.355402 0.00231533 0.0680665 0.00131181  0.000156638  0.000492587  0.00038302  0.000496873  -0.000234087  0.00139962  -0.000479708  0.000305187  0.00080134 
99 0.00187757 0.947834 0.0579704 0.0681346 -0.0173552  0.0328316  0.0212923  -0.00691661  0.00342621  0.00836725  0.00773804  -0.0358129  -0.00650974  -0.00369788 
100 0.00080775 0.606944 0.0185932 0.0525976 -0.000750588  -0.00897752  -0.00743122  0.000374209  -0.00290968  0.000573854  0.00521986  0.00983922  -0.00807833  -0.00332762 
102 -4.94214e-06 0.493585 0.000356128 0.0442615 -3.64773e-05  -0.000103951  -2.62938e-06  4.52552e-06  -0.000197163  -1.43674e-05  0.000142647  0.000207396  -7.60028e-05  8.0286e-05 
103 -0.000338591 0.0615514 0.0243708 0.0443173 -0.000859449  -0.000429398  -0.0125446  0.00770615  0.00643739  -0.00145398  0.00293518  -0.0115326  0.00190205  0.013692 
104 -0.000403257 0.407972 0.0121882 0.0479862 -0.00145895  0.00132162  0.00249526  0.00182767  -0.00578202  0.00389521  -0.00667304  0.00630475  -0.00125901  0.000800989 
107 -0.00024811 0.481707 0.00426476 0.0520194 0.000766129  -0.000610722  0.000362902  0.000818374  -0.00259534  0.00234737  -0.00182606  -7.62431e-05  0.000910737  0.000105591 
108 0.00147238 0.881806 0.0474072 0.0543521 -0.0170093  0.0203203  -0.00655342  -0.0157081  0.0177416  0.0115576  0.018337  0.00476607  0.0184618  -0.0103624 
110 -5.87282e-05 -1.9116 0.0238011 0.0385079 -0.00399784  0.00261049  -0.00340904  -0.00331971  0.0179295  -0.00605008  0.0115445  -0.00170902  -0.00486046  0.00177878 
113 0.000206161 0.591798 0.00870138 0.0392631 0.00306917  -0.00279795  0.0011339  -0.00246054  0.00176945  -0.0009017  -0.00290035  0.00509734  -0.00113181  0.00339201 
114 -0.000430224 0.173433 0.0237099 0.0365438 0.0086916  0.00396055  -0.00952308  -0.00298943  0.00239372  0.0166005  0.00117727  -0.00558995  0.00279077  -0.00704116 
116 -0.00028132 0.277867 0.0158123 0.042021 -0.00131564  0.00458653  0.00143771  0.00263632  0.00355729  0.00320033  -0.00561881  0.0068328  -0.010709  0.00155126 
117 -8.59682e-05 0.271419 0.00886618 0.0452452 -0.000572461  -0.00073181  0.00475508  -0.00122238  0.00199973  -0.000864105  0.002222  -0.000839306  -0.00456969  0.00472985 
119 0.000202444 3.18629 0.0466315 0.0461855 -0.00584872  -0.0258971  0.0182386  -0.000938363  -0.00454961  -0.0120113  0.0159893  -0.0170933  -0.0194653  -0.00666362 
120 -7.2445e-05 0.481659 0.00230598 0.0439395 -0.000728019  0.000202409  0.000873467  -0.000804773  0.000303553  0.00046292  0.000441901  0.000161401  -0.000961069  -0.00137278 
122 0.00060331 0.74972 0.0245477 0.0447563 0.00915472  0.0026697  -0.00978121  0.00191315  -0.0164874  0.00562591  -0.000300449  -0.00126357  0.0103445  0.000372357 
124 3.52879e-05 0.566464 0.003063 0.0374165 -0.0014728  0.000230274  0.000936845  -0.00179987  -0.000154659  0.00101752  -0.000931293  -8.59117e-05  9.61966e-05  -0.00104851 
127 0.000116609 1.07294 0.016347 0.036942 0.00874497  0.00325337  0.00156439  -0.0080758  -0.00407311  -0.000153267  -0.00238833  0.00893199  0.00112748  0.0030215 
129 -0.000112754 0.46948 0.00371106 0.0353285 0.000541593  0.000206695  -0.00155091  -0.000758222  -0.000451867  0.00196395  4.09759e-05  0.000858681  -0.0023314  0.00046901 
132 0.000363882 0.580589 0.0108325 0.0368899 -0.00307673  -0.00698758  0.000257445  -0.000721892  0.000856567  0.00348618  -0.00460508  0.00158025  0.00307808  -0.00352104 
134 0.000197608 0.612109 0.00941402 0.0315761 0.000168548  -0.00201396  -0.00231849  -0.00492147  0.00476752  -0.00192686  -0.00465189  -0.00199455  0.000652016  -0.00156767 
137 0.000106946 0.700997 0.00927274 0.0282748 -0.000114674  -0.000353775  -0.00558968  0.000127332  0.00139918  0.000673995  0.00191677  0.00345895  0.000649752  -0.00600934 
139 -0.000480084 0.375206 0.0154859 0.0263158 0.00428954  -0.0009929  -0.00293028  0.00583469  -0.00422502  0.00451773  0.00397785  0.00567545  -0.00785706  -0.00545605 
140 0.00023087 1.54629 0.0310809 0.034245 -0.00602573  -0.00843005  0.014219  -0.00234789  0.0122957  0.000501117  -0.01141  0.00393882  0.0144176  0.0120811 
142 -0.000170418 0.0278299 0.0179414 0.03069 -0.00244021  0.00695086  0.00262116  -0.00533596  0.0023574  -0.000845656  -0.0139359  -0.00127789  -0.00237879  -0.00495053 
143 6.41596e-06 10.5183 0.0160343 0.0333513 0.00430807  0.00789219  -0.00542411  -0.0040836  -0.00350042  -0.00150312  0.00690846  0.00419052  -0.00686445  -0.00179883 
144 -0.000290597 0.465257 0.00635866 0.033255 0.000873225  -0.000842557  0.00115544  -0.000423613  -0.00192838  0.00569798  -0.000646537  -8.83867e-05  -0.000110108  -0.000906738 
148 -4.30639e-05 0.482532 0.00173491 0.0373702 0.00085035  0.000519022  -0.000770862  -0.000304082  0.000245579  1.08334e-05  0.000251471  0.000847553  -0.000636468  -0.00028918 
150 0.000157232 2.17494 0.0324531 0.037942 0.00552825  -0.00811921  -0.0111371  0.0134721  0.00758709  -0.0111935  0.00715814  0.00964975  0.00457612  0.0174079 
152 9.20953e-05 0.557251 0.00459274 0.0358103 -0.0014606  0.000987534  0.000880961  0.00164824  -0.00296352  -0.00150853  -0.000356761  0.00169681  -0.000632854  -0.000163708 
153 1.21753e-06 0.505873 0.000169128 0.0345006 -6.84093e-07  7.62799e-05  6.73398e-05  -2.24255e-05  -7.97558e-06  -2.11601e-05  4.51863e-05  -8.11065e-06  -0.00010759  -5.96064e-05 
157 -2.95741e-05 0.384182 0.00370155 0.0344829 0.00116501  -0.00219387  -0.000516137  -0.00162036  -2.97439e-05  0.000742105  0.000445484  0.000336733  -0.000923243  -0.00170977 
163 -7.32783e-05 0.378424 0.00596988 0.0349091 -0.00110294  -0.00172064  -0.000312374  0.00523418  0.000103032  -0.000330696  0.000659961  0.00171372  -0.000498449  0.000476847 
164 5.65586e-05 0.55039 0.00337655 0.0359434 -0.00131416  -0.000348129  0.00171083  -0.00201927  0.00096905  5.86747e-05  -3.31001e-05  0.000141778  0.000172241  -0.00124704 
167 -0.000615568 -0.205357 0.0416789 0.0351478 0.00845078  0.0167051  -0.0172459  0.0112362  0.0106132  -0.00783618  -0.00663288  -0.00541398  0.0114195  -0.0241913 
168 0.000504234 0.748197 0.0223734 0.0430247 -0.00594864  -0.00145338  0.00811408  -0.0113326  -0.00373789  0.00506534  -0.00721288  -0.00707758  -0.00905855  -0.00670801 
170 -0.0011781 0.386399 0.0231583 0.0367018 -0.00524307  0.00602268  0.0120989  0.000269882  0.00972515  0.0110443  -0.00897134  0.00527994  -0.000494171  0.000962432 
171 0.000211753 2.32526 0.0393138 0.0502575 -0.0125001  -0.0184069  0.00831942  -0.00799299  -0.0100627  -0.00230842  -0.0162753  -0.0207785  0.00806881  0.00700585 
172 5.73316e-06 0.503405 0.000279464 0.0481049 9.67368e-05  -1.71891e-05  -2.80731e-05  -0.000112301  0.000104444  -8.61708e-05  5.69239e-05  -7.15822e-08  -0.000144081  0.000112754 
175 0.000159286 1.79906 0.0287671 0.0480453 0.00567673  -0.00573692  0.00201517  0.00222649  0.00205041  -0.0204841  0.00165601  0.00802826  -0.0157206  -0.00390617 
176 0.000180501 1.64616 0.0287644 0.0463582 0.0128141  0.00293141  0.00462826  -0.00607553  -0.00571467  0.00878019  0.016725  -0.0131248  -0.00268194  -0.00522866 
177 0.000194915 0.514964 0.00341834 0.0443688 -0.00118701  -0.000975408  -0.00137149  -0.00102223  -0.000351082  -0.00109389  0.00182645  0.000887422  0.000975716  5.8003e-05 
178 0.000159294 0.604138 0.00814624 0.0421153 0.00101989  -0.00295696  0.00164948  0.000488229  0.00220288  0.000756797  0.00516931  0.00243201  0.00146015  0.00366394 
179 0.00041549 0.800062 0.0223303 0.0401798 -0.00489893  0.0129192  -0.0019983  -0.00307956  -0.00587955  0.00865495  0.00247603  0.00991105  0.00388056  0.00808485 
180 0.000626558 0.766181 0.0258272 0.0346268 -0.0040146  -0.0138524  -0.00985185  0.00629407  -0.00544398  -0.00895759  0.0140588  -0.00203774  -0.0029068  -0.00149618 
184 -3.2738e-05 0.187174 0.00640048 0.0239301 0.000499699  0.00221668  0.00273784  0.0037184  0.0013054  0.00196438  -0.00147506  -0.0024968  -0.000685239  0.000195496 
187 -2.97925e-05 -0.275161 0.00961128 0.0246047 0.00431411  0.00294317  0.00492629  0.00360951  -0.000960922  0.000512513  -0.00234202  0.00155059  0.00396862  -0.00172643 
188 0.000156117 1.65972 0.0269091 0.0252028 -0.0128334  0.0176395  -0.00915456  -0.00124576  0.00381904  -0.00794021  -0.00613675  0.00429091  0.000452112  0.00538398 
194 7.93364e-05 0.553883 0.00413544 0.0218879 -0.00145963  -0.00230217  -0.000299432  0.00127772  -5.37914e-06  0.00100361  0.000281527  0.00187902  0.00169426  0.000679245 
196 -0.00050866 0.246227 0.022728 0.0199936 -0.000775838  -0.00145635  -0.004955  0.0116435  0.00753545  0.00668741  -0.00561005  -0.011504  0.00376262  -0.00861619 
197 0.000358904 0.604391 0.0122434 0.0301419 0.00208887  0.00158703  0.000375372  -0.00407114  -0.00933678  -0.00459201  -0.00240726  0.00187159  -0.00026406  0.00294517 
198 -9.06045e-05 0.106047 0.0119492 0.0234456 -0.00178065  0.00104414  -0.00545738  -0.00652495  0.00342078  -0.00285455  0.0040535  -0.00490083  -0.00242188  -1.53436e-05 
199 -3.52864e-05 0.419154 0.00337815 0.0253042 -0.000526704  0.000704489  7.79874e-05  -0.000462223  0.000514423  0.00105644  -0.000702498  0.000617926  -0.00140059  0.00249013 
201 -0.000129743 0.159824 0.0132875 0.0259921 0.00203837  -0.00114657  -0.00399801  -0.00555228  -0.0041179  0.00407904  0.00535562  0.00287391  -0.00675692  -0.00284311 
202 -0.000104353 0.199467 0.0112007 0.0283785 -0.00462676  0.0011017  -0.00391463  0.00593093  0.00123726  0.00336897  -0.00161563  -0.00228749  0.00544721  0.00139258 
207 -1.35507e-05 0.460124 0.0014702 0.0301612 -0.00065505  0.00042045  -0.000284174  -0.00039988  0.000220671  -0.000169665  0.00012485  -5.79743e-05  0.000175342  0.00108985 
208 -0.000278532 -0.0212693 0.0241006 0.030385 -0.00165099  -0.00828841  -0.00466636  -0.00195471  0.00571604  0.00685196  -0.00595646  0.0148245  0.0120821  -0.00172464 
210 0.000267652 0.577561 0.00911381 0.0346673 -0.00154752  -0.000808824  0.00263171  -0.00397481  -0.00411183  -0.00234866  0.000555057  0.00013387  -0.000481886  0.00585712 
212 -0.000496968 0.385277 0.0151072 0.0305648 0.00495086  -0.00113726  -0.00819827  9.71815e-05  -0.0010389  0.0037354  -0.00626429  -0.00824138  0.0017118  -0.00317477 
213 -0.000111663 0.368353 0.00766875 0.0378325 0.000226623  -0.00311326  -0.00259646  0.0044208  0.00179748  -0.00264084  -0.00255669  0.000704661  -0.00164546  -0.00168382 
214 5.8722e-05 0.5749 0.00419455 0.0392806 0.00140437  0.000249643  -0.000772694  0.00212442  0.000745595  -0.00261486  0.00069085  0.00131989  -9.14471e-05  -0.00091011 
216 0.000461455 0.9177 0.0277642 0.0385259 -1.35773e-05  -0.0161934  0.0072637  -0.0111726  -0.0125011  -0.00519063  0.0100783  -0.0044232  -0.00487662  -0.00170319 
217 -0.000347451 -0.416092 0.0356829 0.0319828 -0.0031305  0.0158716  0.0101198  0.0145376  0.00937304  0.0151066  -0.00363829  0.0161036  -0.0104109  0.000892005 
218 -3.37584e-06 0.265402 0.00177985 0.037019 0.000203006  0.00133175  -0.000547634  -0.000522294  -0.000546025  -0.000209841  0.000400136  0.000259112  -0.000396139  -0.000232527 
220 0.000414069 0.82524 0.0232083 0.0370646 0.000599968  -0.0109511  0.00513158  0.00829931  -0.0146892  -0.0089897  0.00370842  -0.000304246  0.00351839  -0.00056132 
221 5.51467e-05 0.752529 0.00746352 0.0309806 -0.000909142  0.000581691  0.00403547  0.0014148  -0.0028189  -0.00161693  -0.0020038  -0.00440573  0.00146996  -0.00032457 
223 -0.000417712 0.283805 0.0190099 0.0300775 -0.0085408  -0.00117878  0.00630635  0.000910161  0.00227853  -0.0115902  -0.00936556  0.00362843  -0.00216867  0.00115599 
226 -0.000259246 -0.253995 0.0279632 0.0363656 -0.00882279  0.000158864  -0.0199944  -0.0023372  0.00769674  -0.00873628  -0.000138079  -0.00229875  0.0108397  0.00636153 
228 0.000692831 0.661986 0.021189 0.039771 0.0159856  0.000271824  0.000478625  -0.00417977  -0.00483069  0.00463218  0.00435661  -0.000867653  -0.00833729  -0.00645171 
229 -0.000260472 0.383525 0.0110183 0.0298185 0.00399531  0.00251417  -0.00797051  0.00312123  0.00328327  -0.000227118  0.00110466  -0.00212605  -0.00200996  -0.00228812 
234 7.89125e-05 1.77531 0.0200629 0.0339065 -0.00512304  0.0156818  0.00245162  -0.00261408  -0.003077  -0.00601199  -8.48972e-05  -0.00460015  0.00704735  0.00103257 
235 -0.000330335 0.301446 0.0162002 0.0327222 0.00151017  -0.00107259  0.00318912  -0.00200202  0.00769937  -0.00493351  -0.0121383  -0.000256274  -0.0010798  0.00355624 
236 0.000516133 1.09613 0.0350766 0.0374317 0.0119596  -0.00627685  0.0185175  -0.0078818  -0.00133505  0.0121302  0.000272219  -0.0017444  0.018778  0.0117582 
243 -0.00128016 -0.0914051 0.0550454 0.0297511 -0.00512204  -0.00737575  -0.0322503  0.003531  -0.0243055  -0.00676214  0.0139457  -0.0104105  -0.0214893  -0.0222637 
244 0.00010039 0.824086 0.0114077 0.0465415 0.00308444  -7.45904e-05  -0.00143873  -0.00115209  0.00193719  -0.00101063  0.00922305  0.00455338  -0.00133113  -0.00220816 
246 0.000281425 1.51791 0.0338464 0.0454503 0.00502669  -0.0031104  0.00915688  -0.0165234  0.00256535  0.0127209  -0.00318096  0.0139181  0.0194923  -0.00125491 
247 2.58683e-05 0.693337 0.00447272 0.0422415 -0.00208697  0.000134259  0.00178111  -0.000282222  0.0006848  0.000983463  0.000834355  -0.00187256  0.00197903  -0.00168058 
248 5.07545e-05 7.45584 0.037575 0.0419342 -0.0104316  0.0132029  0.00955039  0.0206307  -0.0107087  0.0028208  -0.00758162  0.0130401  -0.0133917  0.00907837 
250 1.31664e-05 0.592156 0.00220306 0.0413246 0.000554655  0.000869589  0.000253176  -0.00130224  0.000176825  -1.11167e-05  -0.000186188  0.000857927  7.76403e-05  0.00110526 
