generation s h r distopt trait[0] trait[1] trait[2] trait[3] trait[4] trait[5] trait[6] trait[7] trait[8] trait[9] 
2 -7.80917e-06 0.381549 0.00192355 0.01 0.000190525  0.000481086  0.000627495  -0.000144858  0.00054819  -0.000212081  -0.000384954  0.00038947  -0.00152625  0.000206806 
3 -1.7792e-05 0.244541 0.00426389 0.0202958 0.00252525  0.00220444  0.000675691  0.000915858  0.00147144  0.000340585  0.000857652  0.000469808  -0.00136098  -0.000747848 
4 -4.9138e-05 0.48425 0.00175982 0.0304841 -0.000912077  0.000109624  0.000156216  -0.000296617  1.48998e-05  -7.80488e-05  0.000910557  -2.02104e-05  -0.00112177  0.000215605 
8 -4.47228e-05 0.439295 0.00329559 0.0709543 -0.000344925  -0.000156024  0.000586422  -2.37726e-05  0.000726666  5.54771e-05  -0.000699786  0.00130189  -0.00134769  -0.00241684 
10 0.000609734 1.96564 0.0597671 0.0911735 0.00538451  -0.0243407  0.0194223  0.0192822  0.000694389  0.0235947  0.0208047  -0.0146331  0.0214521  0.0231792 
14 0.0028731 0.784728 0.0571865 0.122018 0.0292644  0.00609435  0.0152834  -0.00456144  -0.0143333  -0.0158235  -0.00175111  0.0390466  -0.0046235  -0.0108377 
15 0.00157298 0.544583 0.0167786 0.118271 0.0036229  -0.00756954  0.00200112  -0.00225471  0.00479264  -0.000185187  0.00758545  -0.00235575  -0.00382611  -0.0100637 
18 0.00227146 0.664213 0.0386344 0.138012 3.91735e-05  -0.0179956  -0.0195719  0.0151288  -0.00204645  0.00909584  0.0164209  -0.00169572  -0.00833216  -0.0113121 
19 0.00177029 0.996954 0.0592953 0.138325 0.0275092  -0.0193152  0.0133561  0.00441335  0.0193027  -0.0149831  0.0260728  0.00187742  0.0178143  -0.0242997 
21 0.00280287 0.922174 0.0687583 0.146121 0.0146195  -0.0365944  -0.00684364  -0.0228481  0.00460543  0.037877  -0.000847113  0.0179194  -0.0116729  -0.0263057 
23 3.77664e-05 0.503126 0.000687711 0.147952 0.00013332  3.16719e-05  -3.88638e-05  -0.000191355  -0.000104829  0.000373483  -0.000398828  -0.000203204  0.000123286  -0.000223627 
25 0.0106317 0.632785 0.075293 0.161205 0.0143832  -0.0134489  0.019655  0.0234042  0.00503283  -0.0063118  -0.0524592  -0.0197499  -0.0137929  0.0308186 
27 0.000402986 0.510005 0.00402564 0.139853 0.00140107  0.000426848  -0.000306894  -0.00324012  0.000510555  9.18969e-05  0.00082186  0.000815798  0.000668413  0.0011879 
30 0.0135377 0.631808 0.0846974 0.163817 0.0137871  -0.0561272  -0.0228245  -0.0197007  0.00230991  -0.0159472  -0.0285776  -0.0428995  0.000565271  -0.00268446 
31 0.0065137 1.21711 0.136387 0.123937 0.110401  -0.0144254  -0.0394377  0.000430783  0.0137455  0.000942004  -0.055383  0.00600875  -0.0234315  0.028413 
32 0.00222128 0.786536 0.0504454 0.0963007 0.0162259  0.00376813  -0.0177385  0.0124332  -0.0269963  -0.000181324  0.0238435  0.0221366  0.00321894  -0.000526492 
33 0.00250555 1.02035 0.0721687 0.0865147 -0.00998657  -0.0309031  0.00950466  -0.0133842  -0.043663  -0.00206753  0.0168947  -0.0410585  6.87518e-05  0.00146035 
36 0.000168991 0.531447 0.0046119 0.0811439 -0.00311303  -0.000363106  0.00165724  -0.000840583  -0.000154116  -0.000182601  0.00151842  0.000461518  0.00108822  0.00205764 
37 0.00409263 0.825106 0.0729116 0.0859548 0.00517137  -0.0230566  0.0498724  -0.00464425  0.0187094  -0.0278778  0.0308923  0.00367308  0.0102852  0.0069352 
42 0.0052665 0.796488 0.0789833 0.0957721 0.0497711  -0.0200101  -0.022297  -0.0168304  -0.0178783  0.0255781  0.013815  0.0363531  -0.00425747  -0.00871599 
46 -0.000132965 0.275058 0.0109386 0.0909224 0.00105759  -0.000866032  0.000549259  -0.000482422  -0.00186173  -0.00796826  0.00350689  0.00596627  -0.00151665  -0.000308944 
49 0.00176154 0.673376 0.034956 0.116956 0.0133902  -0.00897745  -0.00677885  -0.0179716  -0.00421098  0.00747115  -0.0172523  0.00389939  0.0016794  -0.0142787 
51 0.00436688 0.870572 0.0803938 0.125719 0.0146037  -0.00127356  -0.0246323  0.0404591  0.0472701  -0.0190588  -0.00824006  -0.00963009  0.0320093  0.014888 
54 0.00327216 2.15384 0.146828 0.134552 0.0517144  -0.0645455  0.063473  -0.0733947  -0.00379989  -0.037528  -0.0316326  0.0208614  0.00457878  -0.0492202 
58 0.00846786 0.717562 0.0858306 0.141194 0.0143337  -0.0379564  0.0349876  0.0163011  0.00533444  0.0316598  0.0328926  -0.00103638  -0.0351103  0.0297383 
59 0.00523687 0.686551 0.0625244 0.111975 0.00474298  -0.0227453  -0.0296024  0.0121358  0.0334602  0.0218384  0.0133667  -0.0233675  -0.000650883  0.00492494 
62 0.00411452 0.936542 0.0846871 0.102246 0.0155471  0.00325797  -0.0480311  0.0458503  -0.020187  -0.0356989  0.00660355  -0.0266732  -0.00464737  0.0071939 
63 0.000285806 0.525005 0.00535007 0.0872973 0.00194184  -0.000122615  0.00252507  0.000133705  0.00248241  0.00175246  9.1727e-05  0.00178149  9.6978e-05  0.00245327 
66 0.00533117 0.575956 0.0403639 0.110748 0.0103527  -0.0288144  0.00169643  -0.0125858  -0.0185014  0.00522814  0.00108507  0.00047069  0.00187247  -0.0124892 
67 0.00401684 0.686613 0.0547657 0.0918562 0.0236077  -0.0364565  0.0143287  0.0156284  0.0195935  -0.00980775  -0.000134964  0.000829295  0.0114904  0.00710571 
73 0.00103571 1.68114 0.0699165 0.111664 0.0336249  0.0124624  -0.02642  -0.0157202  -0.0282316  0.0236687  0.0266332  0.000266734  -0.0233542  -0.00672126 
74 0.00131457 0.558334 0.0175324 0.11478 0.00372027  -0.000456223  0.00877241  -0.00107093  -0.000815253  0.00900089  -0.00331602  -0.0055133  0.00884919  0.00372207 
76 0.003937 0.580985 0.0357822 0.125794 0.0023538  -0.0212907  0.0101834  -0.000491152  -0.0155142  0.00710934  -0.0140022  -0.0110732  -0.000487376  0.0103654 
77 0.000509891 7.44121 0.118864 0.117652 0.0544001  -0.0618984  -0.0210494  0.00245752  0.027757  0.0288293  0.0371033  -0.000531566  -0.0258093  0.0569566 
78 0.00594834 0.650612 0.0599076 0.117622 0.0134226  -0.0174476  -0.0129575  0.00576048  -0.0240903  -0.0100753  -0.01112  0.0362755  0.00382394  -0.0276985 
82 0.00514969 0.784747 0.0765461 0.100837 0.037231  -0.0320834  0.0322873  0.0205951  0.0249553  -0.0265815  -0.0195407  -0.0138409  0.00413231  0.00757365 
86 0.00127884 1.07962 0.0544318 0.0810843 -0.014046  -0.0165175  -0.00559608  -0.0183877  0.00315218  -0.0115115  -0.0111701  0.02669  0.0290467  0.0173204 
89 0.00249263 1.52608 0.101034 0.0919186 0.0638041  -0.0338791  -0.0142516  0.00393529  0.0301362  0.0412971  -0.0340556  -0.02706  0.0162347  -0.00113128 
90 0.00174793 0.887576 0.052039 0.0776456 0.0194157  -0.00125354  0.0116855  0.0165657  -0.0277637  -0.00990968  0.0199509  0.00684213  0.0235292  -0.00714498 
96 -6.21068e-05 0.383644 0.00537668 0.0845262 -0.00118328  0.00233788  0.00292519  -0.0012126  0.00141054  -0.000508341  -0.00186626  0.000505268  -0.00244697  -0.000204607 
98 0.00103212 1.21897 0.0544624 0.0992999 0.00112713  -0.0305659  -0.014228  0.00997006  0.0100563  0.0145167  -0.00404562  0.0262954  -0.026525  0.00234841 
101 0.00182276 1.4437 0.082886 0.113863 0.0373817  0.0192555  0.0199279  -0.0262667  -0.0361022  0.013833  0.00451579  0.0211193  0.0159053  -0.0424351 
102 0.00543086 0.654366 0.0579445 0.112543 0.0359353  -0.0104379  -0.00561121  -0.00829644  0.0182739  -0.0366043  -0.00559467  -0.00101859  -0.0119911  0.00264828 
107 0.00472599 0.930634 0.0901354 0.120757 0.00431283  -0.0659468  0.0128818  -0.00117137  -0.0158939  -0.0255102  0.0134781  0.0324564  -0.00685971  0.0374696 
111 0.0019539 1.14747 0.0710925 0.12393 0.00640902  -0.0361961  -0.00288363  0.0238103  0.0353085  0.00508158  -0.0227579  -0.00420421  0.0330867  0.0149941 
113 0.00714688 0.664051 0.0685254 0.127072 0.00675125  -0.0229947  -0.0253528  -0.0250345  -0.0259245  0.00889918  0.0341668  -0.0274877  0.000687149  -0.0133119 
114 0.00010656 0.738619 0.010085 0.101368 0.000472821  -0.00385545  -0.00148511  0.000347611  0.0067745  0.000465561  -0.0014397  0.00095605  -0.00490507  0.00333713 
115 0.0048611 0.603785 0.0449932 0.107505 0.012494  -0.0238992  0.0175191  0.00146949  -0.0146758  -0.0141734  -0.0165988  -0.0100155  0.00841152  -0.0111888 
116 -0.000281541 -10.8083 0.112768 0.0882147 0.0442605  0.0197205  -0.00453386  -0.02163  -0.014282  -0.0521234  -0.00883465  -0.0480308  -0.0638699  -0.0222494 
118 0.0018523 0.763252 0.0441579 0.100583 0.00802113  -0.0198097  -0.00150088  0.0172263  -0.00920959  -0.000536951  -0.00201409  -0.0070968  0.0239745  0.0219057 
119 0.000502452 1.08657 0.03433 0.0959134 0.00813059  -0.0176173  0.0089106  0.0173435  0.012704  -0.0128382  -0.000634639  -0.00333172  0.00674981  -0.00621335 
120 -0.00123409 0.335157 0.0285465 0.0972936 -0.0150519  -0.00505796  0.00757296  0.0110934  0.0149255  0.00489721  0.00168632  -0.000598616  0.00193269  0.0113428 
121 0.00113838 2.44077 0.0939317 0.108679 0.0384036  0.0256272  -0.0271868  -0.0322574  -0.0333455  0.0248482  -0.0403829  -0.0168916  0.00217012  -0.0355212 
123 -0.000816913 -0.283409 0.0506011 0.114598 0.0229246  -0.0026134  -0.00279036  0.0275641  -0.0145054  -0.0157958  0.0263777  0.000769404  0.00529151  0.00873192 
124 0.00290355 0.537522 0.0209605 0.122957 -0.00261607  -0.0109049  0.0024926  0.00131953  0.0126085  0.00225006  -0.000671467  0.00176879  -0.0111953  0.0035601 
129 0.00867112 1.06926 0.140173 0.143093 0.0512939  -0.0208435  0.0334783  -0.0555284  0.0168813  0.0659803  0.03155  0.073548  -0.0292458  0.0219144 
131 0.000853518 3.59554 0.102715 0.120432 -0.0248884  -0.0534883  0.0110436  -0.0364653  -0.0050758  -0.0470787  0.024436  -0.02581  0.0444364  -0.011755 
132 0.00235367 0.821587 0.0550064 0.121973 0.0243528  0.0100649  -0.0142592  0.0306879  0.0211761  -0.0169907  0.0120142  -0.0114918  -0.0129908  0.00200039 
133 0.00323155 0.934703 0.0749084 0.117265 -0.00874209  -0.012193  0.015229  0.0163961  0.0038214  0.0368473  0.000767333  -0.0041285  0.0345773  -0.0479569 
136 0.00612571 1.23361 0.133788 0.123499 0.0655302  -0.0965826  -0.0185911  0.0139752  0.0496846  -0.0158567  -0.0215265  0.0106441  0.0209532  0.000371855 
140 0.00348519 1.04616 0.0871752 0.0952758 0.0125173  0.0419618  -0.0128626  -0.0104335  -0.0248572  0.0474758  -0.00912799  -0.0194547  -0.0248962  0.0381349 
141 0.00044343 0.55441 0.00982772 0.0806095 0.00380026  -0.00397954  0.00128292  0.0022394  0.000121079  -0.00150575  0.00448636  -0.00258293  0.000441794  -0.00551076 
142 0.000959018 0.814292 0.0347181 0.083929 0.0100814  0.00289804  0.00492766  0.00598056  0.00671998  -0.00294143  -0.000157478  0.0244287  -0.0195106  0.00200077 
144 0.000352759 0.630038 0.0135467 0.0919858 0.00636878  -0.00275105  0.00174676  0.00275658  -0.00439685  -0.00227827  0.00848143  0.00428674  -0.00153811  0.00274496 
147 9.32674e-05 8.72981 0.0553983 0.113073 0.00186283  -0.0200055  0.0270446  -0.00378437  -0.016542  -0.00372874  0.0156239  -0.0156476  -0.0222265  0.0254762 
148 0.00186843 0.799611 0.04731 0.119758 0.0207139  -0.00421802  -0.020069  -0.00545771  -0.0225494  0.019249  -0.010111  0.0010984  0.0104235  0.0163625 
149 0.000372857 0.509357 0.00374465 0.118205 -0.000521909  -0.000519442  -0.00183708  0.000213992  0.000384816  0.000254952  -0.00154035  0.00175487  -0.00169389  -0.00123488 
150 0.00139728 0.55291 0.0172185 0.12368 -0.0010888  -0.00535866  0.00539551  0.0132277  -0.00181429  -0.00141189  -0.00145099  0.00716218  -0.000309053  -0.00192594 
151 0.00344665 1.08907 0.0900278 0.125448 0.0132813  -0.0399388  0.00716155  0.0510732  0.014337  0.0390745  0.00710153  0.00287461  0.021071  -0.03793 
154 6.29305e-05 1.45233 0.0154826 0.129417 0.00411868  0.00420788  -0.000586606  0.00378391  -0.00190813  -0.00771366  0.00326263  -0.000952112  0.00492097  -0.00956398 
157 0.00329991 0.597042 0.0358334 0.151466 -0.0054856  -0.0135896  0.00526569  -0.0010808  -0.0220892  -0.0200188  -0.00512673  -0.00416202  -0.00240997  -0.0101128 
159 0.00200194 0.521249 0.0131141 0.156809 0.000125797  -0.0058166  -0.00146014  -0.00871529  -0.00109495  -0.00127882  0.000582833  -0.00263207  -0.00377731  -0.00597275 
161 0.0067031 0.698198 0.0729056 0.167817 0.0296011  -0.0159183  0.0109399  -0.0221947  -0.0248398  0.0165765  -0.0213975  0.0194597  -0.0428375  -0.00315296 
162 0.00290719 0.589273 0.03226 0.154676 -0.00868766  -0.0192651  -0.00303361  -0.0115564  0.00966414  -0.0049772  -0.0083901  0.0102806  -0.00264142  -0.0122517 
164 0.00119637 0.632341 0.0251714 0.161891 0.000881263  -0.00747011  -0.00409008  -0.00720611  -0.00526949  0.00777767  -0.00297447  0.00405604  0.00209011  0.0197595 
166 0.000459231 3.92339 0.0792606 0.175395 -0.0363312  -0.0576794  -0.00316443  -0.0104156  0.00412765  -0.00736276  -0.0212343  -0.0188224  0.0150525  0.0203436 
167 0.00370757 0.573324 0.0330471 0.182148 0.0146634  -0.00203042  -0.0146402  0.00985342  0.0030672  0.0201177  0.00180104  -0.00724811  0.00830639  0.0047586 
170 0.0150286 1.23116 0.208568 0.196441 0.152375  0.025491  -0.0284928  0.0406624  -0.0122217  -0.0675576  -0.034074  -0.0686461  -0.0478719  -0.06549 
172 0.0110339 1.01137 0.149811 0.164797 0.0446303  -0.0221902  0.0309743  -0.0479221  0.047722  0.058085  0.0101696  0.00318057  0.0849737  0.0609747 
173 0.00181431 0.973162 0.0585741 0.131462 -0.00341007  -0.0113504  0.0400935  -0.0233182  -0.0103263  -0.00340973  0.021717  0.0224896  -0.00485535  0.00447138 
174 0.00571078 1.01727 0.108542 0.129055 0.0149251  -0.0457248  -0.0601882  -0.00617213  -0.00997231  -0.0364529  -0.000983238  -0.0426162  -0.0455967  -0.0219711 
176 0.00267919 0.806624 0.0573049 0.110528 -0.012222  -0.0242661  0.028977  0.00674283  -0.000554933  0.00536278  0.0156538  0.0117632  0.00907153  -0.0341426 
178 0.0035089 0.675625 0.0496595 0.106094 0.0101516  -0.0309121  -0.0204787  0.000971862  0.0083112  0.0039631  -0.0137034  0.000174409  0.0248121  0.00994467 
181 0.00146387 0.525903 0.0123544 0.100417 0.00482334  -0.00524439  -0.00255201  0.000938506  0.00648028  -0.00559426  0.000653451  0.000847989  -0.00252671  0.00369443 
184 0.0010404 0.799533 0.0353021 0.111014 0.0206629  -0.0116328  0.0138902  -0.0108331  0.00504147  -0.00178307  -0.00621074  -0.00947702  0.000243841  0.0147181 
185 0.000603449 0.72458 0.0232825 0.111633 0.00506377  0.000833833  0.00839432  -0.00221241  -6.42462e-05  -0.0173077  -0.00774386  0.00480567  -0.00436989  0.00621754 
186 0.00133793 2.56707 0.105074 0.11479 0.000437119  -0.0795762  -0.0248022  -0.000701878  -0.0498336  -0.0167488  0.0315774  0.0105039  0.00543052  -0.0138403 
189 0.00530176 0.621406 0.0508036 0.116613 0.0160538  -0.0226577  0.0103056  0.000318142  0.0215093  0.0114717  0.0124399  0.0195385  -0.0187135  0.0149216 
191 0.00352462 0.550878 0.0268732 0.0968949 0.0199114  0.00923462  0.00483597  0.00784035  0.000194897  -0.00349153  -0.00785583  0.0061367  0.00661476  0.000461052 
192 0.000618048 0.778629 0.0262439 0.0809819 0.00800471  0.00435313  0.00954326  -0.00342062  0.0118222  0.0113717  0.00709972  0.00228088  -0.0108697  -0.00775267 
198 0.00155187 1.61614 0.083176 0.118143 0.049828  0.0183664  -0.0301326  0.0287101  -0.0376723  -0.00653619  0.0106552  0.00986077  -0.0261394  0.00314449 
200 0.00336925 0.563597 0.0293466 0.125657 0.0108293  -0.0126494  0.00310865  0.00324411  0.0085587  0.0151254  0.00592103  0.0122098  -0.00745199  0.00469599 
201 0.00495589 0.744646 0.0696208 0.118681 0.0207132  -0.0378062  0.0313324  0.0159594  0.00113955  0.00146812  0.0188222  0.0194132  0.0267141  0.017437 
202 0.000383694 0.509725 0.00387248 0.0956118 -0.000298432  -0.00203053  0.00115917  -0.000335009  0.00166469  -0.0012301  -0.000261088  -0.000896287  0.000203488  -0.00203245 
205 0.00260163 0.539323 0.0202986 0.0935842 -0.00151592  -0.00774424  -0.00424854  0.00296815  0.0152358  -0.000194478  -0.00922276  -0.000249804  -0.000345598  0.00234366 
206 0.00200825 1.10183 0.0694891 0.078484 0.0010738  0.0173076  -0.0293088  -0.0174152  0.00317931  0.0073889  -0.0505745  0.00331122  0.0237045  -0.0130534 
210 1.1493e-05 0.750884 0.00339612 0.0644477 -0.00118961  -0.00164454  -0.00097664  -0.00168202  -0.000525725  0.000345431  0.00113702  -6.37546e-05  0.00129782  -0.000504006 
211 0.0018446 0.829433 0.049289 0.0643584 0.0175556  -0.0221333  -0.0185104  -0.00969206  0.0140232  -0.0248484  0.00449136  0.0057568  -0.0180872  0.000447754 
216 0.00154956 0.736105 0.0382522 0.047949 0.0132843  -0.015926  0.0102472  0.0193574  0.0104379  0.00354771  -0.00683801  0.000547627  0.0181907  -0.00734248 
218 0.000125956 0.745774 0.0111277 0.0273998 -0.00070395  -0.00257249  0.00216288  -0.00414388  0.00232079  -0.00146406  -0.00504161  -0.00637858  0.00171201  -0.00427751 
219 0.000275345 1.2143 0.0280459 0.024996 0.00421961  -0.00543228  0.0076908  0.00954784  0.00184794  0.00610017  0.00384313  -0.0201407  -0.00588482  0.00965772 
225 -0.000399681 0.0940111 0.0254798 0.0186947 0.00707839  -0.00558375  0.00481849  -0.00275659  -0.00281499  -0.00771507  0.017888  0.00824037  0.00767892  0.00477776 
226 -5.6349e-05 -1.54852 0.0214876 0.0273725 0.00115424  -0.000597752  -0.00584624  -0.00534466  -0.00787179  0.00895844  0.00346981  0.011674  -0.00464074  -0.00923059 
228 0.000172765 0.542568 0.00542488 0.0283831 -0.00196845  0.00297627  0.000457729  -0.00199882  -0.000696195  -0.00026063  -0.00246426  -0.00139611  -0.000680207  -0.00185862 
229 -2.52502e-05 0.335929 0.00407085 0.0251566 0.000141059  0.00146144  -0.000154685  -0.00123899  -0.00195036  -0.000976658  0.000627784  -0.00252736  -0.000390996  0.00107926 
231 -0.00025879 0.110323 0.0200859 0.0256535 -0.0053205  0.00313059  -0.00993242  0.000457442  0.0106423  0.00122303  0.00140891  0.0101889  -0.0041015  -0.00539429 
238 -9.52452e-05 0.39663 0.00627599 0.0302808 0.00266481  0.00245803  0.00156066  -0.000888927  -0.000908747  0.00040571  -0.0019987  0.00188  0.00205364  -0.00320656 
239 -4.24896e-05 -0.294849 0.0116229 0.0318147 -0.000829289  -0.0011472  0.00126575  0.00088671  0.00201501  -0.00114681  -0.00513899  2.65198e-05  -0.0047446  -0.00874094 
240 -2.83802e-05 0.436939 0.00267567 0.0324756 -0.000410072  -0.000366378  0.000400096  0.000490509  -0.000842347  0.000972633  -0.000285723  0.000421352  0.00181204  -0.00112157 
241 -2.31282e-05 -10.8893 0.0324581 0.0329097 -0.00652889  0.00360725  0.0131672  0.00907046  -0.00392969  -0.00311815  0.0170911  0.000357167  -0.00419555  0.0201801 
244 -4.9e-05 -3.1942 0.0269075 0.0332592 -0.0199318  -0.000404482  0.0114987  -0.00373103  -0.00141116  0.00397635  -0.0106959  0.00283511  0.00273078  0.00572134 
245 1.5912e-05 0.540717 0.00160986 0.0339879 0.00116755  -5.10584e-05  -0.000664083  0.000266299  -0.000319427  -3.02496e-05  0.000253189  0.000407557  0.000441868  0.00043075 
248 6.59368e-05 0.64104 0.00609914 0.033753 0.000255427  0.00248646  0.00268979  0.000756988  0.000779403  -0.00252465  -0.00372395  -0.00142837  0.000493317  -0.000105392 
250 -0.00112373 0.133238 0.0406175 0.0327617 0.0156039  -0.00726088  0.00969062  0.0154645  0.0130371  -0.0111647  0.00544084  0.000339487  -0.00883672  -0.0248616 
251 0.000734306 0.925864 0.035362 0.0468796 0.0161483  0.00501048  -0.00318708  -0.00529082  -0.00575596  0.00578856  -0.0168266  -0.0220132  0.00855651  -0.00434573 
252 0.000448685 0.817446 0.0238677 0.0382578 -0.00099669  -0.00450792  -0.00138376  -0.0104227  0.00714046  0.00799649  -0.00448961  0.0134428  -0.00503854  0.00982956 
256 8.68605e-05 2.10092 0.0235832 0.0318602 -0.00668245  -0.00651001  -0.00154255  0.00524628  -0.0101048  0.0105862  0.0139746  -0.00142103  0.00526497  0.000162739 
260 -1.0552e-05 0.472528 0.00107684 0.0304666 -0.000173427  -7.6386e-05  -0.000311319  0.000591793  0.000310515  0.000413959  0.000343215  -0.000474911  0.000124619  -0.000223357 
263 0.000315886 0.775278 0.0186496 0.0306393 -0.00307486  0.00128104  -0.00722694  -0.00837875  0.00449586  -0.0105114  0.00734575  0.00132075  0.0013452  0.00510513 
266 0.000256564 0.824981 0.0182617 0.0249586 -0.00765177  -0.00612486  -0.00521364  0.00377299  0.000498746  0.00320574  -0.0076145  -0.0106756  0.00363768  -0.000548816 
267 -0.000326389 -0.06293 0.0271116 0.0191416 -0.00035316  0.0196268  -0.00272412  0.00200134  -0.00494966  -0.00687666  0.0122388  -0.00718491  -0.00219427  0.00776313 
268 0.000200858 0.732244 0.0136598 0.0263219 0.00174138  0.00117373  -0.00804386  -0.0021495  0.00265677  0.00191931  -0.00524034  0.00701245  -0.00396412  -0.00312472 
269 -4.28709e-05 -0.19477 0.0109153 0.0221811 -0.00718526  -0.00129298  -0.00363931  -0.00127926  0.0024802  0.00475063  -0.00234334  -0.00264611  -0.000384724  0.00309863 
270 -0.000892916 -0.377487 0.055988 0.0231274 0.00858237  -0.0273237  0.0263343  -0.0139546  0.00999567  -0.00159374  -0.0344145  0.00481358  -0.0107161  -0.00117271 
272 -0.000621619 0.200236 0.0273077 0.0377914 0.000203034  0.00192577  -0.00641076  7.68154e-05  0.00996834  -0.00729126  -0.00409798  -0.0199625  0.00698916  0.00917512 
277 6.15293e-05 0.79967 0.00858794 0.045277 -0.00542999  -0.000892759  0.00129505  -0.000941078  -0.00158835  0.000884664  0.00235492  0.00196973  -0.00456942  0.00270141 
279 0.000734286 0.667506 0.0221821 0.0445923 0.0076908  0.00867909  0.000649734  -0.00203354  -0.0142421  -0.000694103  0.00471485  0.00662143  -0.00907381  -0.00113465 
280 -3.06598e-05 -0.852936 0.0128811 0.0354183 -0.00288598  0.00217533  0.00345968  -0.00461655  -0.0043033  0.00483077  -0.00456531  0.00258473  0.00543007  -0.00455151 
281 0.000214292 0.56392 0.00740316 0.0358486 0.0013137  0.00136217  0.00117782  0.00526689  0.00114285  0.00194163  0.00348955  -0.00175321  -0.00106996  -0.000791567 
282 0.000129419 0.560632 0.00560304 0.0327238 -0.00064324  0.00289114  -0.00347766  -0.000196323  0.00202936  -0.0018036  0.000271767  -0.000354384  0.00128628  -0.00112416 
283 1.61336e-05 0.509146 0.000768359 0.0306829 0.00043986  7.18666e-05  -0.000301785  -9.54294e-05  0.000112152  0.000371209  0.000242251  0.000108693  0.000208186  0.000165342 
284 0.000161205 1.64522 0.0271726 0.0304188 -0.00303827  -0.00206513  -0.0165774  0.00379147  -0.00127938  0.00447401  0.00733628  0.0129447  -0.0066765  -0.0121676 
286 0.000211585 0.85959 0.0174446 0.0276426 -0.0054856  -0.00680018  0.00128336  -0.00281662  0.00068477  -0.00947856  0.00454984  -0.00267088  0.0073418  0.00680813 
287 -0.000582884 0.181973 0.0272362 0.0235064 -0.0120765  0.0123104  0.0142588  0.00611577  0.00362534  -0.0108286  -0.00785646  -0.000112965  0.00338447  -0.000333124 
288 1.97363e-05 1.92351 0.0106008 0.0336987 6.11444e-05  -0.00564767  -0.00199801  0.00055638  -0.00195283  0.00086038  -0.0044911  -0.00311333  0.00432516  0.00480121 
290 -1.94749e-05 -0.731465 0.00979442 0.0334046 0.00128549  -0.00376218  0.00373877  0.00172158  0.00593491  0.00221328  0.00427596  -0.00140142  -0.00148603  -0.000777257 
291 -8.22307e-05 0.411485 0.00539621 0.0336949 -0.00195088  -0.000346326  -0.00121643  -0.00334584  0.000212253  -0.00192207  0.00145079  0.00105182  0.00173878  -0.0015953 
292 4.25102e-05 0.555134 0.00306197 0.0348938 0.000209195  -0.000576968  -0.000642032  -0.000510281  0.000479607  0.00139176  0.00110897  -0.00180439  -0.000364748  0.00124125 
295 0.000156826 0.665865 0.0102005 0.0342793 0.00249797  0.00293042  0.00518932  -0.000923738  -0.00278556  0.00098378  0.0059736  0.00185893  -0.00215657  0.00298721 
297 1.30135e-05 0.663663 0.00291879 0.0319101 0.00195196  -3.85019e-05  0.000633132  5.54463e-05  0.000387621  -0.000430801  -0.00119572  8.43117e-05  0.00129119  0.000929477 
298 -0.000114378 0.457304 0.00442059 0.0317056 -0.000728013  -5.91043e-06  0.00127446  -0.00169576  -0.00186058  -0.0022165  -0.00144733  0.000250574  0.000187075  -0.00198607 
299 4.36137e-05 0.852316 0.00783979 0.0334608 -0.000153612  -0.000820576  -0.00327745  0.000738548  0.00113014  -0.000502746  -0.000170211  0.00315417  0.00474181  0.00393519 
300 3.16006e-05 0.565491 0.00287724 0.0328027 0.00165226  0.00189744  0.000480787  0.000642764  0.000446036  -0.000177164  -0.00074987  0.00062301  0.000338963  9.10622e-05 
301 -0.000117921 -0.513303 0.0218624 0.0323174 -0.00390458  0.0112992  -0.00633414  0.0128296  -0.00682296  -0.0037687  -0.00459068  0.00627448  -0.00297898  -0.000501923 
303 -0.000305513 0.366888 0.0127569 0.0340931 -0.000496799  -0.00477395  0.00258176  -0.00112776  -0.000904481  0.00216859  -0.00573872  0.00406517  -0.00865532  -0.0013673 
305 -0.000384777 0.404081 0.0121544 0.0383132 -0.0054278  0.00560978  -0.000585237  -0.000673375  -0.00556488  0.0018957  -0.000150588  0.00265316  -0.00514577  -0.00423086 
306 0.000355831 1.17059 0.0308909 0.0430436 0.000399849  -0.0162358  -0.0215661  -0.00136434  -0.00114186  0.00439298  -0.00243745  -0.0110115  0.00597707  0.00632499 
307 0.00014435 0.816508 0.0135183 0.0386909 -0.000472131  0.00712224  0.00266487  0.00116801  -0.00714194  0.00823006  0.000439474  0.00123768  1.62297e-05  -0.00169214 
310 -0.000556949 0.335545 0.0191471 0.0367783 -0.00964946  -0.0018238  -0.00827127  0.00527152  -0.00183604  -0.00685452  0.0071678  -0.00337296  0.00349803  -0.00697322 
313 1.14272e-05 0.526445 0.00109947 0.0437007 0.000264651  -0.000195904  -0.000347407  -0.00067453  -2.89164e-05  -0.000223963  0.000271733  0.000573595  -0.000259541  5.93598e-05 
314 2.73972e-05 6.56282 0.025775 0.0435698 0.00997166  0.00514278  -0.00739599  0.0123651  0.00646053  0.00643831  0.00341917  -0.0147458  -0.00273491  0.0033277 
316 5.74947e-05 0.709624 0.00694327 0.0432542 0.00222271  -0.00267653  -0.000192568  0.00086574  0.00515913  -0.0014642  0.000616323  0.00060953  -0.00116149  0.0021112 
320 -3.92519e-05 0.476775 0.00190982 0.0425844 -0.000127595  -5.5041e-05  -0.000689686  -0.000653588  -6.42884e-05  0.000387823  -0.0015146  0.00017661  0.000204939  0.000451148 
321 3.9208e-06 0.509215 0.000380168 0.0430428 -6.45759e-05  -8.64363e-05  -9.70054e-05  -0.000186073  3.54584e-05  -0.000211708  0.000162411  0.000107898  -2.18698e-05  -6.54105e-05 
322 0.000326567 0.637656 0.0134103 0.0429973 0.00790871  0.00654041  3.54981e-05  0.00211089  -0.000444975  -0.00288221  0.00221657  0.0039628  0.00624686  0.00138142 
326 0.00066722 1.04367 0.0380851 0.039016 0.0137647  -0.00647806  0.0100954  -0.0129693  -0.0176248  -0.00244954  0.0148828  0.0146607  0.0138799  -0.00178872 
330 -9.35912e-07 0.447729 0.000442364 0.0292447 -1.51727e-05  -0.000118099  -3.84975e-05  0.000225848  -2.12284e-05  0.000105191  -7.79308e-05  -0.000222221  0.000143377  -0.000203692 
332 -8.83607e-05 -0.844186 0.0217966 0.0292607 0.004604  -0.00828806  -0.00116177  0.00573471  0.0169276  -0.00165854  0.000853578  -9.21374e-05  0.00267845  -0.00733212 
334 0.000205302 0.5871 0.00845814 0.0307336 0.0051648  0.000873197  0.00264784  -0.00231464  -0.00300565  0.00331267  -0.00161687  -0.000269977  -0.0018278  0.0023871 
336 -0.000267621 0.139107 0.019657 0.0271896 0.00719829  0.00145972  0.00666993  0.0011121  -0.00802935  0.00426008  0.00239446  -0.0123414  0.00309391  -0.00604099 
338 9.16948e-05 0.670378 0.00790519 0.0317322 -0.00272116  0.00144804  0.000995296  -0.00201238  0.00146851  -0.00141692  0.00625062  0.00199382  -0.000327783  0.000795619 
342 -0.000341404 0.244732 0.0186735 0.0302529 0.00408144  0.0108502  0.000300598  -0.00417124  0.00115874  -0.0104009  -0.00170307  0.00302239  -0.00149138  -0.00854654 
344 0.000566153 0.729115 0.022778 0.03545 -0.00438468  -0.00291203  -0.00335483  -0.000495497  0.00428329  -0.00200782  -0.0155041  -0.000885897  -0.00536577  0.0136857 
346 1.9166e-05 0.774244 0.00458525 0.0262814 -0.00124375  0.000957337  0.00145947  0.000401686  -0.00265402  0.00130691  -0.00142495  0.000884317  0.00207231  0.000641032 
347 -1.54073e-05 0.416189 0.00227274 0.0259142 0.00167089  -1.06883e-05  0.000481205  -0.000449727  -0.00024924  0.000716647  0.000294489  -0.00109793  0.000136743  0.000230145 
348 0.000240807 0.708065 0.0141568 0.0262098 -0.00489464  -0.00391554  0.00349973  -0.00239133  -0.00346678  0.0052529  0.00929833  0.00356444  0.00120343  0.00171305 
350 0.000169748 0.865183 0.0157462 0.0211228 0.00204776  -8.51842e-05  -0.00219693  0.000250071  0.00602067  0.00337962  -0.00345627  -0.00756225  -0.0109409  -0.00153154 
