generation s h r distopt trait[0] trait[1] trait[2] trait[3] trait[4] trait[5] trait[6] trait[7] trait[8] trait[9] 
2 1.55169e-05 0.643002 0.00297924 0.02 0.000609816  0.000103852  -0.00123381  -0.00112214  0.000859638  -0.000391381  -0.000132209  0.00126519  -0.000370298  -0.0017505 
3 -0.00156299 0.29593 0.0357471 0.039498 -0.00334792  -0.0163963  0.00706155  -0.0142697  -0.0150856  0.0158105  -0.00836849  0.0102706  -0.00850587  -0.00434788 
5 0.00341502 0.883594 0.0723421 0.0902405 0.0381878  0.0282815  -0.0158643  0.00128013  0.00413871  0.0068204  0.0279259  -0.00321837  0.0121148  0.0414884 
6 0.000540907 2.34693 0.0631913 0.0831635 0.0137289  -0.0260967  -0.0156804  0.0238259  -0.00633525  -0.0068316  -0.00635545  -0.0452127  -0.00890728  -0.00770382 
10 0.00148445 0.519806 0.0108911 0.144592 0.00273865  0.00467985  0.000828284  -0.000649032  0.000645345  0.00271573  -0.000340442  0.0040986  0.00203878  -0.0076971 
11 5.07494e-05 3.77797 0.0257944 0.157945 0.00834203  -0.00120081  -0.0185935  -0.00268717  -0.00591665  0.0137711  -0.000607377  -0.00374105  -9.39745e-05  -0.00153579 
12 0.000846288 0.690306 0.025382 0.175743 0.0103672  -0.012774  -0.0103894  -0.00244716  -0.0122161  -0.000302016  -0.00894596  -0.00429146  0.00246551  0.00241178 
13 0.00482419 0.541378 0.0284262 0.190826 0.0175116  -0.000296577  0.00493903  0.00241945  -0.00614234  -0.0143079  -0.00258002  -0.0145641  -0.00111446  0.00293267 
14 0.000718203 1.17193 0.0439253 0.195132 -0.00557355  -0.0148447  0.017666  0.0139344  -0.00221229  -0.00650304  0.0121115  0.0305331  0.00316109  -0.00596726 
15 0.0154031 0.599611 0.0787565 0.211792 0.0356417  0.0448968  0.0379741  -0.00254737  0.0126612  0.0156996  0.0208412  0.0142122  -0.0138313  -0.0152833 
17 0.00165555 1.12192 0.064143 0.210033 0.0224256  -0.0373548  -0.000898814  0.00288983  -0.0260148  0.031312  0.0017361  -0.0228202  0.00488789  -0.00141369 
18 0.0211268 0.837371 0.16832 0.223684 0.104336  0.00857638  0.0644721  -0.0655365  -0.0196288  -0.060472  -0.00531453  0.0124886  -0.0461617  0.0506291 
19 0.000313627 8.32266 0.0989954 0.182562 -0.00861887  0.00208229  -0.0227304  0.00890971  0.00521595  -0.0498374  0.00542198  0.0209132  -0.010222  -0.077738 
23 0.00348337 0.706864 0.0536874 0.24331 0.0146142  0.0106417  -0.00268373  -0.0182889  0.0195579  -0.00781191  -0.022356  0.0304805  -0.0145449  -0.0113966 
24 0.00166249 0.566355 0.0210296 0.252356 0.00888926  -0.0037311  0.0109737  -0.011263  0.00650805  -0.00129409  -0.000505485  -0.0067757  -1.30331e-05  -0.00343977 
25 0.0273891 0.580415 0.0951135 0.265384 0.0824347  -0.010793  -0.0168565  -0.0320805  -0.000161086  0.0211639  -0.00708842  -0.0166961  -0.0054827  -0.0037836 
26 0.0297944 0.84038 0.200506 0.222073 0.0932913  0.0561802  0.0266659  0.0989425  0.0946037  0.013506  0.0304982  0.0488269  0.0354967  0.0643122 
27 0.000372432 3.69197 0.0689313 0.15144 0.0265944  0.0061807  -0.00834909  -0.0330251  -0.0213115  -0.00299813  -0.00320673  -0.0198183  -0.0439637  0.00683119 
28 0.00185704 0.597248 0.0268953 0.15898 -0.00207569  -0.00398392  -0.0145519  0.00663576  -0.012097  -0.00658124  0.000700413  0.00650486  -0.000358504  -0.0146563 
32 0.0279711 0.678162 0.14139 0.206407 0.098957  -0.0088876  0.0252341  0.0454565  0.0370367  0.0246107  0.00119616  -0.0272948  0.0631625  -0.026517 
34 0.00229542 0.837816 0.055674 0.146603 0.00530531  0.000542772  0.00223392  0.00102148  -0.0510969  0.0156125  0.0068702  -0.00222617  -0.0124948  -0.00148188 
40 0.0170922 0.536215 0.0509692 0.23781 0.0274291  -0.00539051  -0.0308499  -0.013894  -0.0170734  -0.00414307  -0.0138968  -0.0022219  0.0114683  0.00578251 
42 0.00251369 1.36607 0.0932249 0.237197 0.0114375  -0.0482145  -0.0106194  0.0589887  0.00703667  -0.00355739  -0.0438793  -0.00231296  0.0245625  -0.00683703 
49 0.0182413 0.796485 0.146777 0.366127 0.0317808  0.0223972  0.0118748  -0.100583  -0.0208702  0.0417691  0.00540893  0.0185411  0.0420451  0.0738438 
50 0.00397302 0.64115 0.0473915 0.359683 0.00595208  -0.000948983  0.025807  0.030427  0.012981  -0.00253077  -0.00779766  0.0027452  0.00710529  -0.0180025 
51 0.00150302 3.11212 0.125151 0.37332 0.0323386  -0.0600287  0.0338033  -0.0381308  0.03499  0.0320108  -0.036448  -0.00858301  -0.0555164  0.0410344 
52 0.0341954 0.557764 0.0912464 0.389017 0.0259701  0.0345261  -0.0493618  0.0176765  0.017397  -0.0440595  -0.0169698  -0.0192215  0.0194456  -0.0207581 
53 0.0184268 1.29951 0.241114 0.361856 0.143022  0.0292931  0.145211  0.037024  -0.0583101  0.0330381  -0.0173586  -0.0141771  -0.0325368  0.0911758 
54 0.0321112 0.605494 0.11753 0.347835 0.020065  -0.0277958  -0.07061  -0.0431998  -0.0391155  0.025922  -0.021005  0.00507694  0.0259911  -0.0494127 
55 0.00135439 0.530611 0.0129088 0.312552 -0.00193084  -0.00308184  -0.00677024  -0.00387651  0.00439459  -0.00536222  -0.000727477  -0.0054461  -0.00375772  0.000415369 
57 0.00199181 0.51686 0.0116693 0.339855 0.00180996  -0.000133495  0.00266891  -0.00514774  0.00277117  -0.00271059  0.0023509  -0.00696394  -0.000143669  -0.00549421 
59 0.032468 0.720305 0.169016 0.368419 0.107164  -0.000911036  0.0052444  0.0973023  0.011829  0.0393216  0.0241196  -0.0250451  -0.0502647  0.0465234 
60 0.0285054 0.788529 0.180833 0.334372 0.111199  0.0047271  0.0747794  -0.0555132  0.0330789  0.038756  0.0165142  0.0180537  0.0418049  -0.0818332 
62 0.0118944 1.19761 0.181463 0.305369 -0.104985  0.00404734  -0.106228  0.0156687  -0.00287811  -0.0647196  0.0595364  -0.0289123  -0.00711257  -0.041627 
63 0.0343097 0.611875 0.125041 0.302658 0.0565842  0.0678003  -0.0553878  -0.0615415  0.00379392  -0.00451296  0.00462845  0.00819242  0.0288262  -0.0052019 
64 0.000897415 2.81849 0.0911627 0.25803 0.0130455  0.0194112  -0.0444794  0.0304247  0.0504503  0.0198802  -0.000704419  0.0257918  0.0125058  0.0331211 
69 0.0102003 1.32734 0.183021 0.344433 0.0742709  0.132845  -0.015304  -0.00305185  0.0202689  -0.0362984  0.0416411  0.0616651  -0.0438245  -0.0300571 
73 0.019015 0.517806 0.0389716 0.391617 0.0279624  0.000220318  -0.00297229  -0.0160407  -0.00663599  -0.016169  -0.00700776  -0.00252407  -0.00955118  0.00430434 
75 0.0255272 0.582411 0.0928325 0.399411 0.0590822  -0.00324081  0.0477767  -0.0412055  0.0216394  0.0150175  0.0132548  0.011628  -0.00260714  0.0111655 
76 0.0459596 0.595652 0.134767 0.381655 0.0504882  -0.0561064  0.056341  0.0364898  0.00512296  0.00561962  -0.0222256  -0.0281427  0.0176151  -0.0794052 
78 0.0567159 0.56907 0.129344 0.348944 0.0710733  -0.0902147  -0.00407135  0.0196441  -0.0154022  -0.0260161  0.0274665  -0.033115  0.00857051  -0.0172849 
81 0.000100625 138.382 0.234762 0.309228 0.0553076  0.0295653  -0.10193  -0.0520126  -0.0698066  0.0121823  -0.00159555  -0.0858638  -0.141954  0.074415 
82 0.0211428 0.662011 0.117278 0.323395 0.0603228  -0.0175367  0.0120641  -0.070137  -0.00869238  0.0442319  -0.0251402  0.0172193  0.0388075  -0.0166239 
83 0.020672 0.711834 0.132321 0.301848 0.015793  0.0140028  0.0164265  0.00556173  -0.00699163  -0.0116929  -0.0446748  0.111817  0.0399439  0.0219653 
84 0.00958001 0.558209 0.0475895 0.279766 0.0171528  0.0115907  0.000831416  -0.00186204  0.0227852  -0.0198907  -0.00434928  -0.00209512  0.0140449  -0.0263945 
86 0.0257876 0.599296 0.102095 0.291546 0.0396665  -0.00705552  -0.003477  0.0530098  -0.0047493  -0.00162791  0.00275666  -0.0747502  -0.018903  -0.000578242 
90 0.0123817 0.538736 0.0445189 0.308741 0.0194903  0.00698469  -0.00618978  0.0250184  0.00467051  -0.00852563  -0.0158297  -0.0106369  0.00693591  0.0195632 
93 0.00450541 0.517337 0.0179396 0.34046 0.00549178  -0.0049862  0.00904001  -0.00291049  0.00385531  0.0029712  0.00821973  -0.00115737  0.00459338  -0.00793229 
96 0.0116658 0.605539 0.0704308 0.388402 0.0321458  0.0163757  0.02386  -0.0339438  0.0171787  -0.00141289  0.0155322  0.0219636  -0.0236331  0.0189266 
97 0.000737439 0.641455 0.0204292 0.390792 0.00116179  -0.00935741  -0.000899716  -0.00757508  -0.00743725  0.0116195  0.00443295  0.00612916  0.00310196  0.00361755 
98 0.00232997 0.529998 0.0167914 0.407671 0.00570284  0.00463785  0.00762771  -0.00299097  0.00246517  -0.00473174  0.00571625  0.00763693  -0.00606277  -0.00213796 
99 -0.000285799 -37.3141 0.207372 0.422675 0.0571314  -0.0269674  0.0426673  -0.0422792  0.117007  0.020619  0.0892417  0.0784125  0.0649467  0.0543828 
102 0.0109422 0.528798 0.0362303 0.454248 0.0105622  -0.000385932  0.0118291  0.0216682  0.00406726  -0.00936245  0.0140773  0.0064072  0.00264473  -0.0155265 
103 0.0136298 0.8778 0.143169 0.442107 0.0603564  -0.00233073  0.0970089  0.0460013  0.0060103  -0.0525354  0.0171349  0.0431618  -0.0192257  -7.6005e-05 
105 0.00290795 3.35645 0.181782 0.426521 -0.0043764  0.0971445  -0.0306117  0.0685667  0.0146119  0.0656018  -0.0749661  -0.0306207  0.0434663  -0.0706127 
106 0.0184384 0.758724 0.137949 0.423104 0.0714222  0.0102342  0.0135835  0.0540624  0.0238688  -0.04534  -0.027316  -0.00151398  -0.0431654  -0.0740245 
107 0.0560058 0.785923 0.251621 0.400932 0.0700048  -0.0748087  0.0125779  -0.0802148  -0.0939959  -0.0225707  -0.137581  0.0133208  0.120004  0.0580667 
110 0.00874801 0.711136 0.085948 0.325964 0.020496  0.0204163  -0.0432709  0.0100545  0.00452273  0.0366928  -0.0245327  -0.0342611  0.0132854  0.0354639 
111 0.0142269 0.694066 0.105122 0.312318 0.0731771  -0.0124096  -0.0210667  -0.0305228  0.0250948  0.00577984  0.0178679  -0.0397086  0.0317688  -0.024451 
112 0.0162908 0.602088 0.0819986 0.288818 0.00882379  -0.0425389  -0.0322839  -0.0208301  -0.0202734  -0.0278281  0.0219086  0.00987247  0.0203488  -0.0343987 
113 0.00190989 0.639346 0.0326375 0.259339 0.00538494  -0.0221757  0.00247079  -0.000839771  0.0102275  0.00250704  -0.00863726  -0.0125179  -0.0110811  0.0085238 
116 0.00401896 3.0998 0.203721 0.255633 0.11075  0.028156  -0.0551396  0.0473751  0.0156917  0.0554094  0.0195322  0.0353743  -0.114947  -0.0706904 
117 0.0108989 0.712733 0.0962917 0.247664 -0.0629971  0.016174  0.0313105  0.0140368  -0.00301005  -0.0154961  -0.00213857  -0.0512353  -0.0007128  0.0313871 
118 0.00782884 0.572872 0.0479884 0.224717 -0.038055  -0.0108876  -0.00893865  0.0024567  -0.0079429  -0.00117564  0.015863  0.00551483  -0.0161744  0.00648877 
119 0.029237 0.629794 0.123886 0.206638 0.0448473  -0.0436058  -0.0158131  -0.00455003  -0.0905781  -0.0375066  0.0350266  0.0179953  -0.00142973  -0.000616917 
122 0.00341674 1.5098 0.117301 0.11782 -0.0253749  -0.00454514  -0.061022  0.0615325  -0.00890538  -0.0701122  0.0160752  -0.00499371  -0.0159987  0.00712336 
123 0.00168851 0.72173 0.0386969 0.102326 0.00754811  0.0090706  -0.00848784  -0.00610062  -0.0175108  0.00502046  -0.0115282  -0.0139886  -0.0100238  0.0220917 
124 0.000520802 0.586385 0.013418 0.0937201 0.00298585  0.00595827  0.00725502  -0.00422457  -0.00364738  -0.00373448  0.00397001  0.00131388  -0.00368618  0.00261121 
125 0.00188353 2.5543 0.124237 0.0908999 0.0565865  -0.0796586  0.0438011  -0.0117336  0.0129046  0.0176079  0.0497024  -0.00563801  0.00433561  0.0288703 
127 0.00106398 1.49026 0.0648888 0.0798814 -0.0142334  0.0165576  -0.00444504  -0.0424542  -0.0135727  0.0347386  -0.0043625  -0.00884912  -0.0134972  0.0155304 
130 0.000423956 1.07815 0.0313082 0.072922 0.00316937  0.00760423  -0.00796623  0.0185774  -0.00431644  0.00882032  0.0151837  0.0010772  0.00807638  -0.0105066 
133 0.00057109 0.550081 0.0107019 0.0699554 0.00144157  -0.00331994  -0.00237178  0.00227705  -0.00171485  -0.00800674  -0.0016773  -0.000996281  0.00404654  0.00184153 
136 0.000600234 0.538801 0.00965967 0.0657482 -0.000629498  0.00521083  0.00039512  -0.00246267  -0.00170527  -0.00395795  -0.00284336  -0.000176223  0.00385573  -0.00424072 
137 9.68097e-06 0.56896 0.00163415 0.0610146 0.000241009  -0.00026164  -0.000688668  -0.000454733  0.00058582  -0.000473249  0.000962855  6.61892e-05  0.000589223  -0.000130569 
140 0.000659891 2.0803 0.0645598 0.0609352 -0.0358746  0.0180738  0.0167192  0.00161866  -0.0167081  -0.0148609  -0.0297016  0.0281635  -0.00983235  0.000341848 
141 0.000225753 0.621516 0.0104758 0.0552578 -0.0024767  -0.000208049  0.00289893  -0.0036509  0.00443189  -0.00634669  -0.00208931  -0.00187626  0.00287955  -0.00239416 
142 0.00028644 0.553614 0.0078397 0.0531761 -0.00373176  0.000455721  1.44651e-05  0.00201969  0.00458478  -0.00153847  0.000194832  0.00336758  0.00162246  0.00241864 
144 0.000510566 0.550135 0.0101238 0.0504113 -0.00230809  -0.0046644  -0.00353811  -0.00402132  0.00378498  0.000228324  0.00322766  -0.000660885  0.00190426  0.00422608 
145 0.000245852 0.540523 0.00631471 0.0450651 0.00160435  0.000394  -0.005103  -0.00049374  -0.00138185  0.000406844  -0.00129469  -0.00161727  0.00102498  0.00185598 
148 0.000386875 2.49519 0.0555503 0.0422497 0.00542373  0.000932768  0.0102376  0.0235646  0.00818163  -0.00930653  0.0275981  -0.0276337  0.0258064  0.00711731 
149 0.000242624 0.611988 0.0104259 0.037393 0.00137114  0.000778462  -0.00417835  -0.00151599  0.00250101  -0.0026628  0.00349045  0.00666761  -0.00390173  0.00111656 
151 -0.000341302 0.316125 0.0158468 0.0339948 -0.00828426  0.00332494  0.00364066  0.00203115  0.00201327  -0.000280021  0.00149558  0.0018841  0.00934098  0.00754219 
152 -5.12222e-06 0.477032 0.000686008 0.0386911 -0.00041169  0.000370509  0.000107428  -0.000122097  0.00027109  -3.33654e-05  -6.28176e-05  0.000140055  0.000191645  5.0011e-05 
154 1.48677e-05 0.598852 0.00242464 0.0387573 0.000483637  7.9328e-05  0.000820907  -0.00117614  0.00108901  0.000169105  -0.000716109  0.000724138  0.00109507  0.00036136 
155 0.000355576 0.568026 0.00983862 0.038565 0.0046823  0.00189192  -0.00423765  -0.00504289  -0.000843139  -0.00351646  -0.00307922  -0.00103211  -0.000409144  -0.00202882 
156 2.54998e-06 0.650168 0.00123762 0.0336414 -5.83639e-05  0.000279452  -2.90675e-05  0.000135238  -3.72347e-05  0.000684683  -1.12817e-05  -0.000969274  9.09831e-05  0.000114005 
160 5.28929e-05 0.640849 0.00545896 0.0336035 0.00242784  0.00229316  -0.00138175  -0.00107447  -0.00288958  0.00029417  0.000445056  -0.00048239  -0.00233751  -0.00111919 
162 0.000273306 0.813948 0.0185254 0.0328071 -0.00436607  -0.00128426  -0.0109271  -0.00352111  0.00992602  -0.00110613  -0.00132313  -0.00780256  -0.00517579  -0.00122914 
163 -0.000128505 0.38695 0.00762374 0.0283379 -0.000376805  -0.000598086  0.00642219  0.00275221  -0.000774268  -0.000794887  -0.000460028  0.00246057  -0.000438223  -0.00105507 
164 6.9039e-06 0.504279 0.000343804 0.0305213 8.85298e-05  -3.64331e-05  -0.000113402  0.000160928  -2.04155e-05  0.00023202  6.21989e-06  -0.0001207  -1.44685e-05  -3.48074e-05 
167 -0.000359683 0.317552 0.0162049 0.030408 -0.00552231  0.00473936  -0.00737671  0.000187065  -0.00546622  -0.00559002  -0.00275387  -0.00853994  -0.00293074  -0.0022266 
168 0.000189715 1.90034 0.032595 0.0358384 0.00134869  -0.00175744  -0.00927754  0.00536  -0.00063139  0.0235229  0.0116763  0.00398583  0.0109421  -0.0108188 
169 -0.000106307 0.424321 0.00567346 0.0330862 0.0010672  -0.000887638  0.00139435  0.0023064  0.000151917  0.00358481  0.00240023  0.00104023  -0.0013371  0.00122172 
173 -0.00040982 0.165872 0.023407 0.0346556 0.0049607  0.000775365  0.00108559  -0.0102106  -0.000462543  0.00625812  -0.00666949  -0.00399653  0.0111391  -0.0139044 
175 -0.000323691 0.446053 0.00836133 0.0401362 0.00101453  0.00650729  0.00247046  0.00128689  -0.00024266  0.00104436  -0.000578904  0.00158653  0.0028661  -0.00256166 
178 0.000194425 1.29136 0.0248063 0.0439847 -0.000759097  0.00444654  0.00444469  -0.00256222  -0.0124442  0.00185053  -0.0158699  5.21139e-05  -0.0124439  0.00192221 
185 5.13826e-05 0.596037 0.0044429 0.0417163 0.00157776  -0.000885786  0.000658549  -0.000531792  -0.00147485  0.0017648  0.00162101  0.0010392  0.000174521  0.00259252 
187 -4.28872e-05 -0.256086 0.0113889 0.0410958 0.00102197  -0.00230137  0.00108171  0.00222183  -0.00236341  -0.000241737  0.00924665  0.00343239  0.00321412  0.00200085 
188 -0.000296782 0.264252 0.0167314 0.0416144 -0.00146131  -0.00551213  0.00774455  0.000794351  0.0050284  -0.00305806  -0.00411082  -0.00886227  -0.00381297  -0.00649595 
189 5.33431e-05 0.654903 0.00574913 0.0450398 -0.000412514  -0.000156026  0.000948036  -0.00144755  0.00348864  0.000646351  -0.000694629  0.000224492  -0.00396218  -0.00102161 
190 0.000396219 0.658217 0.0158359 0.0444437 0.00599529  -0.00159064  -0.00152352  -0.00317582  0.00060059  -0.00266375  0.00607244  0.00801081  0.00865556  0.00405863 
191 -0.000680302 0.0799267 0.0338166 0.0397379 0.00947377  -0.00676099  0.00309995  0.0109284  0.00659066  -0.00385525  0.0103174  -0.0114749  -0.0198434  0.0137433 
192 9.3489e-07 0.508352 0.000176728 0.0475356 -4.52043e-05  -5.69376e-05  7.81179e-05  -1.73135e-05  -0.000108701  -2.26997e-05  6.95856e-06  2.5615e-05  6.98845e-05  4.03195e-05 
193 4.91903e-06 0.501507 0.000172222 0.0475258 5.46418e-05  6.71768e-05  -2.34715e-05  3.13181e-05  -1.6001e-05  -5.37659e-05  -9.15994e-05  5.47417e-05  -7.66467e-05  1.489e-05 
194 0.00129115 0.654441 0.0282465 0.047474 -0.00460495  0.00351107  -0.00979084  -0.00782004  -0.00198468  0.00191958  -0.0121401  0.0158014  0.0089143  -0.0110978 
197 1.85397e-05 0.503921 0.000539421 0.0310398 -0.00011251  0.000201384  -7.00654e-05  -0.000106801  -0.000192179  -0.00026901  -0.000124425  -4.29228e-05  -4.96577e-05  0.000303901 
198 -6.23242e-05 0.432383 0.00410598 0.0307397 0.00202134  -0.000278915  -0.000271031  0.000383992  -0.00208512  -0.00250014  -0.000642015  -0.00104972  0.000352003  -0.000488025 
200 -0.000297079 0.364183 0.0127066 0.0317373 0.00229363  -0.00804145  0.00807994  0.000539665  0.000151519  -0.00402293  0.000131505  -0.000383275  -0.00309449  9.27218e-05 
202 7.2195e-06 0.679394 0.00227608 0.0361161 -0.000427648  -0.00121274  -0.000251932  8.05927e-05  -0.000868164  0.000479334  -0.000789256  -0.00093098  0.000874938  0.000467261 
203 -0.000964113 0.409841 0.0186631 0.0360161 0.00252141  0.00881513  0.006155  -0.00882905  0.000612536  0.000606582  0.0062133  -0.00903731  0.00254507  -0.00457295 
204 0.000861948 0.692985 0.0257953 0.0475577 0.00193897  -0.00358045  -0.0182024  -0.00202485  0.000834059  0.00678379  -0.00153532  0.00042987  0.0073607  0.0144899 
205 -7.99831e-06 -7.36153 0.015859 0.0374187 -0.0105307  -0.00513655  0.00457837  0.00443287  -0.00707588  0.0020288  0.00298171  0.00205856  -0.00119341  -0.0022091 
206 -0.000589504 -1.23894 0.0640292 0.0375254 -0.0127389  0.00868863  -0.0337631  -0.0184872  0.00181987  -0.0185225  -0.020537  0.00925521  -0.0281393  0.0271035 
207 2.90229e-05 2.45887 0.0150798 0.0446971 -0.00256738  -0.00450896  0.00879215  0.00105911  0.00594391  0.00191657  0.00566017  -0.00151788  -0.00630397  0.00299475 
211 -0.000179943 0.131782 0.0162808 0.0443713 0.00316776  0.00725329  -0.00722835  0.00290682  -0.00260012  -0.00505023  0.00166157  0.00884687  -0.00314905  -0.00430237 
212 0.000344896 0.671015 0.0153604 0.0463548 -0.00480326  0.00150737  0.00713555  0.00935112  -0.00213033  0.00104257  -0.000988106  0.00416265  -0.00281638  -0.00635429 
213 -0.000306276 0.329767 0.0144439 0.0424727 0.0054646  -0.00186706  -0.00259343  -0.0089916  0.00398459  -0.00655122  -0.00497314  -0.00189047  -0.000684838  -0.000365693 
214 0.000505664 0.579018 0.0126455 0.0459375 -0.0046366  -0.00366486  0.00282024  0.00443416  -0.00216796  0.0056999  0.00466545  -0.00502424  0.00346674  -0.00107168 
215 2.02514e-05 9.81785 0.0274722 0.040059 -0.00201343  -0.0130074  0.00769974  0.00229114  -0.0015601  -0.00549031  0.0116278  -0.00670995  0.0144228  0.00980376 
217 -0.000421302 0.205427 0.0222841 0.0398054 -0.0133188  -0.0126716  -0.00258419  0.00608347  -0.00307476  0.00796739  -0.00436668  0.00386669  0.00253153  -0.0012538 
218 9.63896e-05 0.578678 0.005508 0.0447868 0.00068178  0.00184161  -0.000428477  0.000271128  0.00128487  -0.00224312  -0.00332053  0.00103497  -0.00272492  -0.000141152 
220 8.33715e-06 0.621579 0.00201358 0.0436975 -0.000120052  -0.000119393  -1.21092e-05  0.00101469  -0.000167796  -0.000598057  0.000153778  -0.00118021  0.000900376  -0.000618904 
223 0.000356578 0.859988 0.0226582 0.043602 0.000415791  0.010216  0.00636101  0.0014899  0.00461833  -0.00952525  -0.0141035  0.00466147  -0.00238819  -0.00526988 
225 0.000397938 0.742649 0.0196525 0.0393017 0.00863189  0.0122857  -0.000986457  0.00379084  0.00733769  0.0008499  0.00697545  0.00148927  -0.00553302  -0.00306207 
228 7.89648e-06 0.518186 0.000757928 0.0338639 0.000173518  -4.52965e-05  -0.000336084  -0.000122035  0.000547435  0.000199561  -2.3158e-05  -7.48629e-05  -0.000134335  -0.000225287 
231 3.835e-06 0.502618 0.0002004 0.0337471 6.2843e-05  5.93014e-05  -0.000106516  -6.36666e-05  -1.09627e-05  -5.61776e-05  5.39255e-05  5.12229e-05  9.20839e-05  2.77928e-06 
232 -0.000429002 0.345557 0.0162839 0.0336903 -0.00155399  0.00370866  -0.00537223  -0.00253348  0.00504285  -0.0037495  0.00796701  -0.00406275  -0.00219098  -0.00945774 
234 -0.000349186 0.444088 0.00884131 0.0395491 -0.000813835  0.00459083  0.00202522  0.00223882  0.000314587  -0.00290363  -0.00518491  -0.000845771  -0.0033386  -0.000204972 
235 0.000103344 0.506415 0.00163005 0.0437421 9.92654e-05  -0.000416946  -0.000108978  0.000293264  0.000316664  0.00109141  7.75414e-05  -2.93073e-05  0.000774975  0.000690333 
237 -2.40281e-05 0.496162 0.000607635 0.0425445 5.5367e-05  0.000108233  -8.11216e-05  0.000240773  -1.47631e-05  3.37136e-06  -0.000291558  0.000123148  -0.00040551  -0.000158268 
239 0.00100449 0.798612 0.0346342 0.042826 0.0150236  0.00816898  0.00446819  0.000638702  0.00906405  0.0191573  -0.00381963  0.013803  0.0139115  0.00623832 
243 -0.000684467 0.362707 0.0193968 0.0288112 0.0122045  0.00392731  -0.000719358  0.00897832  0.00201274  0.000820589  0.0104771  0.00215982  -0.00221201  -0.00258484 
244 -0.000215065 0.375393 0.0103551 0.0389202 0.00193532  0.0024336  0.0036919  -0.00295558  -0.000855121  5.13226e-05  0.00756108  0.000851217  0.00116779  -0.00389897 
245 -0.000257508 0.086884 0.0206298 0.0415917 0.00657523  -0.00335733  -0.00883283  0.00132791  -0.0121795  -0.00780988  -0.00261739  -0.00381961  -0.00771446  0.00100628 
248 -7.5003e-05 0.217237 0.00921073 0.0445804 0.000281791  -0.000616802  -0.0060611  -0.00183363  0.00315938  -0.00314382  0.0017897  0.00133858  0.00439029  -0.000379316 
249 0.000579997 0.904134 0.0306165 0.0454139 0.00505671  -0.00742427  0.0115724  -0.00371191  0.00364193  0.00699828  -0.0022265  -0.0124674  0.0147636  0.0163825 
250 6.78915e-05 3.55886 0.0288196 0.0385044 -0.00725879  -0.0172095  -0.00142923  0.00849024  0.00734904  0.00759585  0.00540868  -0.0068949  0.00200953  -0.0146646 
251 3.65969e-05 0.529777 0.00208797 0.0376125 3.21524e-05  -2.67354e-05  0.000463269  -0.00130857  0.000823898  -0.000668841  -0.000473787  0.00052725  -0.000340154  0.000828583 
253 0.000118553 0.520379 0.00310976 0.0371228 -0.00195824  0.000616161  -0.000496269  0.000831521  -0.000868909  0.000891117  -0.00143722  -0.000594293  0.000164992  -0.000723486 
254 1.87353e-05 0.681704 0.00369015 0.0354903 -0.00103758  -0.00109698  0.00257947  -0.000259273  0.0014357  0.000590956  -0.00129019  -0.000730402  7.54092e-05  4.61585e-05 
256 3.67171e-05 0.577207 0.00336746 0.0352253 -0.000164701  -0.000452593  0.000177114  -0.000922269  0.00104521  -0.00123233  -0.000429707  0.00212785  -0.00161634  0.000538352 
257 0.000189721 0.936252 0.0181944 0.0347002 -0.00353609  -0.0107309  0.000913376  -0.00592357  -0.00378489  -0.00218694  -0.00970957  -0.00453691  0.00540636  0.00206446 
258 -0.000273603 0.296466 0.0149269 0.0318497 -0.00646666  0.00344692  -0.00471141  -0.00403935  0.00899195  0.00029558  -0.00317505  -0.00328108  0.00314854  0.00434699 
260 0.000518368 0.768535 0.0235956 0.0358893 0.00266796  0.00126775  0.00760567  -0.0143932  -0.0131743  0.00212089  -0.00330299  0.00643333  -0.00619241  0.0037832 
266 1.50193e-05 0.578307 0.00216899 0.0277455 0.000352605  0.000862927  -0.000437084  -0.000431432  0.00036044  -0.000124813  -0.00105056  -0.000371319  0.000224749  -0.00142156 
267 -2.83829e-07 -44.0783 0.00711408 0.0274735 0.00122216  -0.00193383  -0.00119263  0.000955568  -0.00230569  0.00533855  0.0026513  0.00108179  -0.00101252  7.91765e-06 
268 0.000452683 0.740714 0.020877 0.0274786 -0.00701912  0.00785886  -0.00163062  0.0139618  0.000204463  -0.00562809  0.00255475  0.000376828  -0.00215449  -0.00917607 
270 -0.000868644 0.308163 0.0258295 0.0173924 0.0107817  0.00343255  -0.00642555  -0.0101846  0.00845312  0.00293021  -0.00214036  -0.00323226  -0.00143626  -0.0172334 
271 0.000282876 0.735658 0.0163292 0.0342274 -0.00385318  -0.0104898  0.00175116  0.00705478  -0.00747146  0.00274739  -0.000588072  -0.002175  0.00107959  0.00439413 
274 0.000145433 0.83383 0.0139353 0.0298107 0.000491979  4.19887e-05  0.00296848  -0.00534677  -0.00756991  -0.00397501  -0.00377632  -0.00255543  -0.000152613  0.00791389 
277 -1.88975e-06 0.498502 0.000106409 0.0272627 2.14675e-06  -5.08314e-05  4.48516e-05  -5.09673e-05  3.98363e-05  9.11623e-07  -2.44746e-05  1.9145e-05  -3.13585e-05  -2.42575e-05 
279 -0.000181769 0.166618 0.01557 0.0272974 -0.00462608  -0.00795525  -0.00342559  -0.00210685  0.00251145  0.00537902  -0.0035415  0.00350739  0.00617536  0.00658371 
280 0.000457146 0.699692 0.0191091 0.0304456 -0.0111626  0.00885292  0.00221457  0.00431692  0.00455761  -0.000899752  -0.00106965  0.00844608  0.00248989  -0.00619495 
283 -0.00019728 0.391664 0.00924752 0.021677 0.000897009  -0.00293337  -0.0030716  -0.00321783  0.00191102  -0.00386208  0.00299918  -0.00383991  0.00349655  0.00133594 
284 -4.42908e-05 0.225905 0.0069686 0.02583 0.00371201  0.000280296  0.00107574  -0.00415413  -0.00213639  -0.00155071  -0.00280655  -0.00119591  -9.12782e-05  -7.58279e-05 
285 -5.36965e-05 0.461742 0.00286686 0.0266736 0.00095792  -0.000139072  -0.000365222  0.000933405  -0.00014309  0.00139662  -0.000208204  -0.001808  0.000670954  -0.000737473 
286 6.24497e-05 1.61866 0.016716 0.0276619 -0.000995977  -0.00275201  0.00730276  -0.000636379  -0.00468386  -0.00232269  -0.000437287  0.00914166  -0.00406924  -0.00945887 
288 -0.000837416 0.374748 0.0204953 0.0265091 0.0113384  -0.010169  0.00667452  0.00429929  0.00790727  -0.00665829  0.00131759  -0.000611574  -0.00163289  -0.00366352 
292 -2.52949e-05 -0.505809 0.010088 0.0392492 -0.00146273  0.000871673  0.00147177  0.0033934  0.000504568  -0.00300975  -0.00516222  -0.00494137  0.000210138  0.00497633 
293 0.000249927 1.00044 0.0223658 0.0395701 0.00252673  0.00733142  0.00341927  0.0110643  -0.00261198  0.00988713  0.0105155  -0.00913912  -0.000209879  0.00269545 
297 -0.000180281 0.312669 0.0116239 0.0362753 -0.00146273  -0.00652917  0.00479824  -0.00238607  -0.00416884  0.000957978  -0.00351693  0.00340799  0.00344958  0.00272938 
300 0.000257266 1.35765 0.0297051 0.0386807 -0.00286577  0.017775  -0.0149918  0.00153225  -0.00169633  -0.00979235  -0.0023419  -0.0136213  -0.00173909  0.00618988 
301 7.97226e-05 0.671682 0.00739922 0.0351989 -0.00362672  0.00542637  -0.000641135  -0.00212971  0.00124901  -7.12706e-05  -0.00150341  0.00012769  0.0018334  1.10576e-05 
302 -0.000228758 0.295831 0.0136699 0.0340477 0.000133957  -0.00625945  -0.00242651  0.00563492  -0.000182447  -0.00451586  -0.0029366  0.00229331  -0.00476612  0.00728017 
303 -0.000186137 0.169019 0.0156992 0.0372563 0.00606487  0.00449899  -0.00265162  -0.00537834  -0.0065149  -0.000166323  -0.00690305  -0.000946688  -0.00668805  -0.00421112 
306 -7.07354e-06 -3.5177 0.0106619 0.039676 -0.00361504  0.00333451  -0.00346053  0.000323893  0.000861599  0.00361074  0.000590662  -0.00337771  0.00510471  -0.00508064 
307 -2.29338e-05 0.460497 0.00190372 0.039765 -0.000373125  0.000990437  -0.000590193  -0.000466089  -0.000249114  -0.000345266  -0.000664471  0.000215935  -0.000909938  -0.000664062 
308 6.19847e-06 0.51259 0.000558733 0.0400523 -0.000261841  -0.00023854  7.83724e-05  0.000111738  0.000178911  -0.000197405  0.000170183  4.44956e-05  -0.00020617  -0.000153838 
310 -7.34918e-06 -20.5964 0.0249022 0.0399749 -0.00679606  -0.00498688  -0.0125257  0.00371072  0.00408645  -0.0019662  -0.00282229  0.0132127  0.0120762  0.00542788 
311 -2.01662e-05 0.314872 0.00386441 0.0400667 -0.000497018  0.00139568  0.000290597  0.00209715  -0.00138405  -0.000596838  -9.78692e-05  0.00149851  0.00180693  0.000681391 
314 0.00014313 0.573468 0.00648607 0.0403176 0.00340302  -0.00202432  1.40628e-05  7.31795e-05  0.000819915  0.00186167  0.000883201  0.0014309  -0.00149981  -0.00414369 
316 -0.00132406 0.337857 0.0293275 0.0385018 0.009165  -0.00733315  -0.0182687  0.00532413  0.00469824  -0.000967051  0.0135104  0.00485571  0.00758295  -0.00858004 
317 0.000956211 1.43415 0.0597504 0.0529842 -0.0284049  0.0249971  0.0247756  -0.0187285  0.00363072  0.00771281  -0.0237101  0.0124299  -0.0119839  0.0155205 
318 -0.000151915 0.465401 0.00458669 0.0430299 0.000709373  0.0025144  6.24395e-05  -0.000243682  0.00201322  0.000586569  -0.00101628  -0.00232582  0.00130205  -0.00127055 
319 -0.000197645 0.378411 0.00980578 0.0447604 0.00357144  0.00547563  -0.00249037  0.00319683  0.00234906  -0.00323405  0.00140253  0.00434284  0.000289392  0.000325077 
323 0.000570765 0.777974 0.0251905 0.0469165 0.00435934  0.00337157  0.0101461  -0.0117859  -0.00283169  0.00565165  0.0117189  -0.00823099  0.00994356  -0.00429236 
324 -9.29849e-05 0.326822 0.00802612 0.0403802 7.47274e-05  0.00542162  0.000717414  0.00161529  0.00232736  0.000125513  0.00403216  0.00231062  -0.00201856  -0.000889339 
325 6.88539e-05 0.550708 0.00373733 0.0415156 -0.000159498  -0.000429333  0.00101918  -0.000172727  -0.00069195  -0.00175101  0.000332401  -0.00168126  -0.00110682  0.00223211 
328 -0.000414721 -0.774222 0.0459756 0.040678 -0.00276583  -0.0097137  0.000309388  -0.00326751  -0.00729475  -0.0110291  0.0397458  -0.00214421  0.00514242  -0.0146749 
329 1.53885e-06 0.50047 5.38046e-05 0.0454918 1.18565e-05  -1.67936e-05  3.47545e-05  5.28987e-06  6.34645e-06  7.67552e-06  -1.74559e-05  -1.98037e-05  1.8836e-05  9.25184e-06 
332 0.000129289 1.40413 0.0216224 0.0454749 -0.00490844  0.00147624  0.00501811  -0.00218004  0.00975082  0.00925913  -0.00125995  -0.00192878  -0.0146239  0.00336831 
333 0.000127093 0.531159 0.00398091 0.0440305 0.000125277  -0.000676494  -0.0014915  0.000260151  -0.00269484  0.000575836  -0.000291458  0.00122541  0.0015576  -0.00121473 
337 9.96113e-06 0.552048 0.0014401 0.0425629 0.00083974  -0.000153354  -0.000295823  0.000335771  -0.000258695  0.000201454  0.000430682  -5.44551e-05  0.000742713  -0.00054531 
339 -7.2739e-05 -3.96953 0.0360593 0.0424457 0.0116965  -0.00979428  0.00605774  0.0138083  -0.0111797  0.00291478  -0.00376384  -0.0236871  0.0114475  0.000633591 
341 0.000120154 3.98913 0.0409449 0.0432941 0.01405  -0.0146831  0.00719253  -0.00665536  0.0019466  0.00750653  -0.0313981  0.00425961  -0.0049883  -0.00885761 
344 -1.61717e-05 0.490599 0.000779925 0.0418836 0.000345777  -3.03897e-06  9.92893e-05  0.000366282  0.000328151  -0.00026252  -0.000259155  0.000136536  0.000263513  -0.000113348 
346 0.000567806 0.900045 0.0301395 0.0420762 0.00365633  -0.00821263  -0.0123156  0.00841058  0.0111596  -0.0122224  0.00445645  0.00785751  -0.00406221  0.0152689 
347 1.51298e-05 5.07671 0.0166423 0.0346808 -0.00997216  0.000109021  -0.00209409  -0.00466537  -0.00264281  -0.00443218  -0.00781207  0.00514259  0.00519541  -0.00320395 
