generation s h r distopt trait[0] trait[1] trait[2] trait[3] trait[4] trait[5] trait[6] trait[7] trait[8] trait[9] 
3 -0.000171336 0.328299 0.0108488 0.02 1.29222e-05  0.00188402  0.00105907  -0.00173514  0.00143544  -0.000902648  -0.00404721  -0.00873138  -0.00122706  -0.00360795 
4 -0.0008304 0.0592982 0.0382691 0.0331388 -0.00603681  -0.00984218  -0.0215797  -0.0035294  -0.011927  -0.00227316  -0.00224267  -0.0137463  0.0206389  0.00925715 
5 0.000468803 0.523444 0.00663794 0.0493071 -0.00180815  -0.00144355  0.00408401  -7.30399e-05  -0.00047979  0.000375534  0.00167477  0.000555739  -0.00369147  -0.00221645 
6 -7.00561e-05 0.446784 0.00386203 0.0511739 -0.000607019  0.00281052  -0.000312098  0.000700068  8.8891e-05  0.000684616  0.00182959  0.000537416  -0.000704523  0.00120462 
7 5.14254e-05 2.05529 0.0178859 0.0598019 0.00521782  -0.00330777  0.00319002  0.00816488  0.00496136  0.00403162  0.0122585  0.000518928  -0.00209207  -0.00301846 
8 0.00166597 0.711591 0.0375497 0.0681124 -0.0106106  -0.0138021  -0.00484214  -0.00664475  0.00182056  -0.0171589  -0.0193135  0.0142471  0.000215199  -0.0128653 
10 0.00162338 0.595956 0.024977 0.0715061 -0.00706994  -0.00861491  0.0135926  0.00322377  0.00461828  0.00867158  0.00527498  -0.0130276  -0.00313935  0.000758876 
11 -5.257e-05 0.422218 0.00404447 0.0681062 0.000331182  0.000299549  0.000389224  0.000667015  -0.000556088  0.00019027  0.00366106  0.000411756  0.000696534  -0.0010763 
12 0.000404029 0.775038 0.0210822 0.0777646 0.00295275  -0.0120548  0.00539041  -0.0059372  0.00567993  -0.0113175  -0.00605696  0.0040807  -0.00304478  -0.00177704 
14 0.00236456 0.691654 0.0425787 0.093266 -0.0228295  -0.00762407  -0.00835095  -0.00532529  -0.0147836  -0.0133604  0.00713365  -0.00577358  -0.0253819  0.00316528 
15 0.000541185 0.797874 0.0253917 0.0879414 0.000960964  -0.00463447  -0.000355937  -0.00729511  -0.0156546  0.010483  0.00214376  0.0102095  0.000512362  0.010244 
21 0.00295783 0.657696 0.043208 0.139508 -0.015425  -0.00389606  0.0178053  -0.0054011  0.000492465  0.00547466  0.00614268  0.0251988  0.00496778  0.0232381 
22 0.000938089 4.36506 0.120293 0.13777 -0.0914038  -0.0100921  -0.00421571  -0.0192661  0.0138398  0.0216767  0.0407479  0.015959  -0.0153331  0.053042 
23 0.00286817 0.564576 0.0272732 0.13885 0.000561764  -0.0116222  -0.00168266  0.00360634  -0.0196637  0.00608477  0.00183606  0.00150147  0.00421916  -0.0120618 
25 0.00835036 0.675475 0.0765969 0.138474 -0.00293068  -0.0236584  -0.0256877  -0.0108763  -0.00851713  -0.024589  -0.0513747  -0.0195828  0.00862078  -0.0273184 
30 0.000481046 0.722198 0.020677 0.139208 -0.00741078  -0.00152909  -0.00434161  0.00709236  -0.0139036  -0.00301811  -0.00167165  -0.00725759  -0.00453272  -0.00476418 
31 0.000163405 0.527285 0.00422443 0.145174 -0.00137111  0.00022964  0.00085858  0.000961664  0.000816436  -0.000283209  0.000665121  -0.00289114  -0.0014329  0.00162794 
33 0.00760098 0.543723 0.03678 0.160732 -0.00931423  -0.0183211  -0.00171203  0.00628602  0.0095457  -0.00377034  0.00844123  -0.00895886  0.00586652  -0.0244262 
34 0.00284753 0.522446 0.0161039 0.143642 -0.00476262  -0.0136402  -0.00475475  -0.00197959  -0.000264931  -0.0037488  -0.00202501  -0.000749462  0.000589366  -0.0022221 
35 0.00026153 10.4647 0.102026 0.141774 0.00672653  -0.0313629  0.0055913  -0.0176387  0.0335955  0.0414937  -0.07127  0.0319996  0.00915051  0.000796097 
37 0.00298524 0.549393 0.0243582 0.156083 -0.000343847  -0.0151776  -0.00475525  -0.0060004  0.00136468  -0.00785938  0.0106567  0.00156268  0.00806614  -0.0077152 
38 0.000970193 1.48855 0.0619121 0.154024 -0.0156202  -0.0240471  -0.00678704  0.0136762  -0.0163506  0.029334  -0.0292317  -0.0203765  0.0117864  -0.0155343 
40 0.00277228 0.525181 0.0168129 0.164062 -0.000751276  -0.00979649  0.00260041  0.00674286  0.00424048  0.0074447  0.00643009  0.00298369  -0.00309361  0.000827973 
43 0.00753737 0.582325 0.0500018 0.177326 -0.0184349  -0.0318517  -0.0177091  0.0132277  -0.00646611  -0.0016682  0.0104892  0.0211169  0.00730379  -0.00182552 
45 0.00180081 0.661283 0.0340906 0.168456 -0.024822  0.00607092  -0.0126122  -0.00310059  0.0043074  0.00248992  0.00236615  0.0141149  -0.00928826  -0.00496482 
47 0.000902459 0.839879 0.0350225 0.17689 -0.00419344  -0.00926119  0.00625897  -0.0252758  -0.00256273  -0.00362155  0.00563072  -0.00442207  0.0138395  -0.0135168 
48 0.000386171 0.505404 0.00290177 0.181255 0.000702509  -0.000616267  0.000760494  0.000860909  0.000226482  0.000517608  0.00130979  -0.00173315  -0.000901802  -0.000612896 
50 -6.81635e-05 -9.81876 0.0530336 0.194939 0.00414615  -0.0309653  0.0181018  -0.028098  0.00547402  0.000506681  -0.0206909  -0.0136707  0.00564143  0.00650393 
51 0.00362986 1.94907 0.144752 0.201883 -0.0476372  0.0534004  0.0453635  0.0953322  -0.00977  0.0272419  0.0349594  0.05104  -0.00116813  -0.00447665 
54 0.000665127 0.521322 0.00754523 0.215964 0.00338297  -0.00497659  -0.000752922  0.00164138  0.00219453  0.00111241  0.001344  0.000117429  0.00259744  0.00168469 
55 0.00354263 0.520815 0.0173399 0.222535 -0.00563943  -0.00420868  -0.000414424  -0.00345848  0.00445091  -0.00634214  0.00548111  0.00748309  -0.00924581  0.00273252 
58 0.0070348 0.523201 0.0259825 0.239598 -0.0190762  -0.00863507  0.00539801  0.00314771  0.0117499  0.00541115  -0.00170905  -0.00323929  0.00394924  0.00110895 
60 0.00135197 0.567254 0.0190881 0.241304 0.00469127  -0.00332683  -0.0145238  -0.00077288  0.00421719  -0.00683601  -0.00320786  -0.00105434  -0.00265603  0.00606377 
64 -4.84642e-05 0.496612 0.000811177 0.273889 -2.1729e-05  1.6422e-05  -7.96242e-05  1.57236e-05  -0.000322738  0.000294259  -0.00054775  -0.000124634  -0.000328533  0.000190877 
65 0.00655317 0.59024 0.0487683 0.283016 -0.00875805  -0.00657536  0.00292263  -0.0175832  0.022899  0.007666  0.00842306  -0.00790484  -0.0345423  0.0055635 
67 0.00258715 0.5149 0.012543 0.289485 -0.00609168  -0.00342425  -0.00458335  0.00246138  0.00296781  0.000298264  -0.00444563  0.00181176  0.00484012  -0.00510473 
69 0.0441139 0.587167 0.126304 0.303289 -0.0450987  -0.0947477  0.0434059  0.0369083  -0.0179016  0.0244592  0.0202033  -0.0143273  -0.00169838  0.0126588 
70 0.0107206 0.580349 0.0590135 0.229174 -0.0112076  -0.0125225  -0.0157272  -0.0144685  -0.00560211  -0.0290566  -0.0332737  -0.0128249  -0.0240438  0.00425315 
71 0.0112911 0.629542 0.0766592 0.213136 0.00151285  -0.0464081  -0.0385198  0.010759  0.020659  -0.0141302  0.00984722  0.00614681  0.0341243  -0.0139797 
72 0.00511969 0.559199 0.0349583 0.19322 -0.0209823  -0.000650443  0.0192123  0.0102003  0.0140561  0.00457304  0.00682926  -0.00542434  -0.00369442  -0.000217587 
73 0.0072357 0.778035 0.0896441 0.187767 -0.0212451  0.00709274  -0.00507991  0.0217256  -0.0325898  -0.0589475  0.0489813  0.00194703  -0.00174012  0.0096805 
74 0.00643271 0.583895 0.046602 0.176282 -0.00911512  -0.0252287  -0.0126691  -0.00198642  0.00907251  -0.00511686  0.0165583  -0.0194799  -0.00859606  -0.0212531 
76 0.00113718 0.633086 0.0246095 0.174211 -0.00284296  -0.00237848  -0.00794834  -0.000289306  -0.0121347  -0.0158242  -0.00582877  -0.00766311  0.00540564  -0.00300893 
78 0.00292097 2.16361 0.139163 0.188551 -0.0122181  -0.0887002  0.02802  0.0415623  -0.0695721  0.0325808  -0.0533129  -0.00270959  0.000784881  0.00921147 
79 0.00628696 0.703375 0.0715179 0.186217 -0.00871853  0.0216996  0.0143249  -0.0291196  0.0279978  -0.0340794  0.00185293  -0.0201197  -0.0246039  -0.0235773 
84 0.000833292 0.686159 0.0249106 0.206247 -0.00835883  -0.0075453  0.00907345  0.0133577  -0.00202501  -0.0137723  0.00267119  0.0027809  0.00379872  0.0031475 
86 0.0075752 1.3988 0.164525 0.219787 -0.0873584  -0.0345535  0.0189937  0.0364367  0.0756556  -0.0737912  0.0592992  0.0289331  0.0284637  0.014897 
88 0.0126312 0.626662 0.080207 0.211454 -0.0238222  -0.0264943  -0.0118616  -0.00241261  0.00148502  0.0546267  0.0324889  0.0181101  -0.0156253  0.0200816 
89 0.00846415 0.928127 0.120181 0.183646 -0.0185051  0.0416084  -0.049762  -0.0768856  -0.00189832  0.0294556  -0.0104121  0.0322378  -0.00251135  0.0442358 
91 0.0126281 0.600415 0.071526 0.172281 -0.02544  -0.0276663  0.0136549  0.00449846  -0.0404779  0.0173198  0.00983113  -0.0357738  0.0108129  -0.008056 
96 0.00574711 0.588041 0.0451004 0.166839 -0.00423366  -0.0176558  0.00892275  -0.017586  0.00770937  0.017756  -0.0151468  0.0103755  0.023157  0.00821474 
97 0.00100796 0.999078 0.0448464 0.156639 -0.0156773  -0.00426988  -0.00573166  -0.0109111  -0.0111159  0.0288328  0.0140331  -0.00945314  0.0163938  -0.00923831 
98 0.00597706 0.5342 0.02886 0.160865 -0.00811928  -0.0143301  0.0089992  -0.0121829  -0.00368532  0.00338475  -0.0156416  -0.00192697  -0.00752224  0.00149038 
99 0.0072568 0.873934 0.104051 0.148828 -0.026129  -0.0503022  0.0342798  0.00475736  0.0463125  -0.0293259  -0.0392404  0.0225926  0.0337562  -0.0148737 
100 0.00149356 0.971655 0.0530641 0.127554 -0.00827214  -0.0248997  -0.00518593  -0.0107019  0.00885575  0.00455557  0.0358278  -0.0072539  -0.00904551  0.0216495 
103 0.00551954 0.776094 0.0780347 0.136463 -0.019943  -0.0278328  0.0199223  0.00358728  -0.0234712  -0.00475727  -0.0175963  -0.0187978  -0.0465145  0.0332737 
106 0.000417339 0.508466 0.00377061 0.129366 2.17399e-05  0.000328431  0.000292947  0.00131856  -0.000897656  0.000126201  -0.00216477  -0.00170206  0.000867255  -0.00176852 
107 0.00368083 0.533603 0.0223732 0.1339 -0.0114952  -0.0077644  -0.0118639  -0.000679906  -0.000596285  0.00835589  -0.00106644  -0.00245392  0.00901899  -0.00287089 
109 0.0031433 0.619288 0.0387573 0.132409 -0.0137709  -0.00514364  0.00506417  0.00482331  -0.00821311  0.0146636  -0.00811288  -0.0224087  -0.0191188  -0.00459843 
110 0.000810036 0.512757 0.00645329 0.126747 0.000789333  -0.00176825  -0.00288095  -0.00184951  -0.00291581  -0.0017632  0.00196595  -0.00080929  0.0019706  -0.00248205 
111 0.00314898 0.554822 0.0263502 0.130814 -0.0123436  -0.00765039  0.00544576  -0.00030091  -0.00208  -0.00978766  -0.00344531  0.00235004  -0.0162087  -0.00857055 
112 0.00134452 0.602635 0.0235047 0.12547 -0.0151844  0.00361347  -0.00608499  -0.000573177  0.00448216  0.0040453  0.00269834  0.0148384  2.7485e-05  -0.00275306 
114 0.00807035 0.734988 0.0870658 0.134984 -0.0643764  -0.0144229  -0.0137924  -0.00174857  0.0157439  0.0206338  0.00368862  -0.0442763  0.00458911  -0.0191347 
115 0.000490838 0.542477 0.00913765 0.106203 0.00190309  -0.00486161  -0.000403442  -0.000197349  -0.00267023  0.000241897  0.00671415  0.00171316  0.000261971  -0.00087514 
121 0.00321623 0.653721 0.0444871 0.145998 0.00852658  -0.0240937  0.00987009  0.00296038  0.000743925  0.000401635  -0.00947617  0.0335193  0.00221313  -0.000872999 
125 0.00346372 0.623652 0.0414226 0.168054 0.00522377  -0.022647  -0.0214227  -0.00163976  0.0208295  0.00648046  -0.0079441  -0.00686593  -0.0110961  0.00219149 
128 0.00213778 0.786699 0.0495026 0.183707 -0.00491575  -0.00192323  -0.018812  -0.034565  -0.0179044  -0.00893178  0.0027739  0.0203373  -0.00596912  -0.00409194 
132 0.0219139 0.722443 0.139555 0.214424 -0.0805383  -0.0591497  0.0175015  0.0240197  -0.0203001  0.0221822  0.02575  -0.0659665  0.00805399  0.0512218 
134 -3.5888e-05 0.49473 0.000870139 0.169505 0.00016819  0.000124776  -0.000355119  0.000507965  0.000505679  0.000158438  -0.000114631  0.000106875  -0.00015067  -3.27169e-05 
136 0.00238587 0.520433 0.0140571 0.184412 -0.00155155  -0.0118208  0.000193362  -0.00468418  0.00114968  -0.00118757  0.000835079  -0.00531056  0.00124562  0.000548759 
137 0.0150235 0.688489 0.10648 0.185353 -0.0448188  -0.048103  -0.0134017  -0.00316092  0.0156816  -0.0152087  0.0561332  0.0243858  0.00730035  -0.0504943 
140 0.00185705 0.551771 0.0196446 0.157778 -0.0109787  -0.00310879  -0.00772218  -0.00375595  -0.00378566  0.00397541  -0.00124461  0.00908934  -0.00729466  -0.0038029 
143 0.00494402 0.614691 0.0476871 0.172311 0.00120847  -0.0221779  -0.00442473  -0.022203  -0.00756074  -0.00339736  -0.0118363  -0.00184404  -0.00633974  -0.0318715 
145 0.00117186 0.652613 0.0267501 0.172049 0.0102438  -0.0154788  0.00552124  0.00589418  0.0134836  -0.00179107  -0.00479353  0.00781624  -0.00367827  -0.00481636 
146 0.0127448 0.92435 0.146693 0.176286 -0.0659446  -0.0474208  -0.00385277  0.0624835  -0.0647183  -0.0604867  0.0112221  0.0456714  0.0262175  -0.0160002 
148 0.00525025 0.606272 0.0473188 0.145257 -0.00996781  -0.0136236  -0.0112549  -0.00515488  0.0146136  0.00719892  0.00276689  -0.0324122  -0.0187284  0.0112481 
151 0.00372687 0.581359 0.0348903 0.142805 -0.0161385  0.00056695  0.015985  -0.000583434  0.0119067  0.00990341  -0.00626772  -0.00937376  0.0114481  -0.0142353 
152 0.00337117 0.566455 0.030003 0.135511 0.00866233  -0.0160591  -0.000687937  -0.0122883  -0.00191957  -0.0130002  -0.0127754  -0.000969549  -0.00562214  0.00687926 
154 0.00363724 0.900573 0.076287 0.136996 -0.0314914  -0.02019  -0.0104944  -0.00921524  -0.0325336  -0.0400412  -0.0172855  -0.0185956  -0.0236033  0.0190229 
155 0.000583745 0.624584 0.017058 0.128809 0.00398127  0.00834045  -0.00317962  0.00572378  0.00470039  0.0103893  -0.00460906  0.000334  0.00326166  0.000815691 
161 0.000858797 0.651729 0.0228326 0.173146 -0.000860509  -0.00294934  -0.00703381  0.00212058  -0.0100429  0.0120287  -0.00111315  -0.00503791  0.0121298  0.00621421 
162 0.0125041 0.652194 0.0873784 0.179153 -0.0406443  -0.0291989  0.0178665  0.010122  0.0190336  -0.0390255  -0.0395645  0.0173984  -0.0227079  0.0209716 
164 0.00127128 0.530544 0.0124911 0.155702 -0.00378353  0.000730076  -0.00244681  -0.000406899  -0.000736408  0.00650368  -0.000715512  0.00680397  0.00320123  0.00592731 
166 0.00161391 0.815579 0.0451266 0.168108 0.00196916  -0.0292604  -0.00171773  0.0282131  -0.00488744  0.00224909  0.0119207  0.00510309  0.00478483  0.0125476 
167 0.0026692 0.74684 0.0513287 0.170896 0.00387268  -0.00981667  -0.00462698  0.00554446  -0.0142766  0.0110985  -0.00726532  -0.00504149  0.0340945  -0.030058 
168 -0.000135033 0.494146 0.00178083 0.17092 -0.000568242  0.0011903  4.77747e-05  0.000288934  -0.000609328  0.000551909  0.000253357  0.000659332  -0.000365002  0.000194583 
171 0.00252562 3.69885 0.179302 0.196459 -0.0768108  -0.0562927  -0.0819599  0.0149494  -0.0138177  0.103325  0.052911  0.0307912  0.0354259  -0.016432 
173 0.00688359 0.801354 0.0910172 0.198681 -0.00444166  -0.0633657  0.0121269  -0.00430137  -0.00687358  -0.0157131  0.00930011  -0.0593928  -0.00100366  0.0132085 
176 0.00771787 0.579372 0.0496964 0.190625 -0.0262097  -0.00466514  -0.00201184  -0.0273533  0.0178318  0.0223269  -0.00350272  -0.00529901  -0.0100804  -0.00709536 
180 0.00744379 0.651537 0.067233 0.186194 -0.00708521  -0.00769846  -0.0114536  -0.018492  0.0411853  -0.00979094  -0.00621816  0.0426238  -0.00642648  0.015774 
181 0.000202072 4.11595 0.0540499 0.170433 -0.0207718  0.0144096  0.0110072  0.0167092  0.00422465  -0.0220093  0.0210468  0.00565508  0.0219705  0.0205434 
182 0.00102001 0.522054 0.00951068 0.175359 0.000113385  -0.00261436  0.000707972  0.00482821  -0.00154614  -0.0009289  -0.00531712  -0.00510434  0.000207506  0.00147308 
183 0.011034 0.784548 0.11194 0.17833 -0.0518186  -0.0348692  0.0288121  0.00510183  0.0268658  0.0245854  -0.0384007  0.0198441  -0.0510991  0.0443588 
184 0.00617518 0.699347 0.0701769 0.147893 -0.0275939  -0.0358644  0.00564958  -0.0239496  0.00551136  -0.0355841  -0.0219348  0.0128506  0.00769008  0.0164198 
189 0.00541898 0.627918 0.0527152 0.139464 -0.00400234  -0.00578683  0.0160536  0.00669045  -0.00941389  -0.0243232  0.0225861  0.0037593  0.0166461  -0.0307458 
191 0.000758153 0.574543 0.0150418 0.129083 -0.00465756  9.86873e-06  -0.00389654  -0.0045833  -0.00250757  0.00711741  -0.00313413  0.0074489  -0.000420119  -0.00677813 
193 0.00151144 0.517633 0.0103762 0.138528 -0.00344833  0.00106258  0.00471963  0.000564563  -0.00302562  0.000505483  -0.00654526  0.00071036  -0.0015342  -0.00411625 
199 0.000327123 1.74224 0.0403104 0.179257 -0.00497414  -0.00930746  -0.00082868  0.00241182  -0.0273897  -0.00221007  0.019742  0.00141014  0.0160051  -0.0102015 
200 0.00050862 0.561258 0.011168 0.186314 -0.00149162  -0.00504519  -0.00157081  0.00208332  -0.00661389  -0.00214415  0.00232274  0.000708408  0.0037567  -0.00467828 
203 0.0124138 0.64965 0.0863384 0.192922 -0.0448454  -0.023049  0.0138752  0.0246915  0.0028035  -0.00865879  -0.0329534  -0.0182285  -0.0329103  0.0390593 
204 0.00148304 2.90268 0.119241 0.157739 -0.0652262  -0.0245009  0.0431256  0.0309525  -0.0371924  0.0434398  -0.0174186  -0.0539782  0.00656632  -0.00390005 
207 0.00178412 0.740254 0.0414037 0.152969 -0.0134994  -0.0109847  -0.0189652  0.0110217  -0.00500232  -0.0218052  0.0086741  -0.00939619  -0.00273816  -0.0160841 
208 0.000128916 0.520442 0.00324791 0.147027 -0.000731899  -0.000763676  0.00205226  0.00062917  0.000722666  0.00038238  -0.000749612  -0.0013092  -2.33482e-05  -0.00137023 
209 0.0103249 0.640621 0.0763308 0.146588 0.0137607  -0.0105312  -0.0132435  -0.0262145  0.0345046  -0.00411784  -0.0317448  0.0216661  0.0410624  -0.0171098 
210 0.000954737 0.538174 0.01209 0.105906 -0.000470051  -0.00411814  -0.00166898  0.00181343  0.000507511  -0.000530552  -0.00093268  0.00103825  -0.00443216  -0.010039 
211 0.000704296 1.39264 0.0501328 0.101301 -0.00756034  0.00492499  -0.0217631  -0.00392102  0.0316715  0.0119451  -0.00083111  -0.014634  -0.0213537  0.0112375 
213 0.000619581 0.57971 0.0140596 0.097764 -0.00797049  -0.00433386  -0.00152328  -0.00369306  0.00728844  -0.000814983  -0.00325911  -0.00320221  -0.00497406  -1.36949e-05 
215 0.00282236 0.813977 0.059515 0.0945432 0.0153767  -0.0119014  0.0315228  -0.0220852  -0.0281642  -0.0080229  -0.00435907  0.013722  -0.024845  0.00058761 
217 0.00100719 0.644342 0.0241183 0.0782306 -0.00330689  0.00131817  -0.000949863  -0.00815376  0.00517851  -0.00239995  -0.0082402  0.0164295  0.0103428  -0.00492483 
219 -6.6009e-05 -0.263894 0.0142021 0.0715077 0.00582059  0.00185228  0.000492163  0.00862033  0.00362641  -0.00209241  0.00304464  0.000599487  0.00653589  -0.0044677 
220 -0.000358401 -6.99119 0.103571 0.0719678 0.0315571  0.00274275  -0.0178541  -0.078247  -0.00984372  -0.0360534  0.0340883  -0.0214036  -0.00199596  -0.0161677 
221 0.00179 0.593169 0.0258463 0.0744166 -0.0108362  -0.0043093  0.0109193  0.00564052  -0.00170761  0.00381431  -0.013761  0.00622592  0.00258999  -0.0113443 
222 0.000606429 0.768976 0.025542 0.0612326 0.00825145  -0.000649997  -0.000926054  0.0116228  0.00593334  0.014877  0.00270338  -0.0103432  0.00166956  -0.00862147 
224 0.00112991 0.759604 0.0342508 0.0560641 -0.0183159  -0.0188392  -0.00879393  0.00909247  0.00306806  -0.00603503  -0.00911272  -0.00188732  0.0121406  0.00654924 
225 -0.000347889 -0.773655 0.0420992 0.0448766 -0.0067949  -0.00449211  0.0114068  0.00903415  0.00269333  0.0120553  -0.00690839  0.0088476  -0.00920362  -0.0336298 
226 -0.000668966 0.350319 0.0200216 0.048599 0.0055703  0.0102938  0.00384853  -0.0121835  -0.00151225  -0.001985  -0.00513387  0.00570635  0.00594427  -0.000378293 
227 0.000692085 0.740682 0.0258117 0.055055 -0.00580938  -0.0109819  -0.000367165  0.0120175  -0.00688528  -0.00877136  0.00175067  0.00208434  -0.00334392  0.01498 
228 -2.086e-06 -1.04876 0.00359483 0.0483653 0.000276426  -0.00199207  0.000394501  0.00054042  0.000197395  0.00184746  6.35608e-05  -0.00208899  0.000661476  -0.000415664 
229 8.85529e-05 0.811621 0.0105061 0.0483869 0.00318153  0.0018663  -0.0055093  0.00048529  -0.00158312  0.00419155  0.00218359  0.00389402  -0.00194176  0.00473362 
230 -0.000457876 -0.303857 0.0383724 0.0474631 0.00588841  -0.00246521  0.0234049  0.00978978  0.0175814  -0.000873343  -0.00122126  0.0199714  -0.00440506  0.0076443 
232 0.000286303 0.792596 0.0183048 0.0520646 0.00226389  0.0036564  0.00656373  -0.00101697  0.0010768  -0.00037465  0.00214428  -0.0141404  0.00773823  -0.00259336 
233 0.000718218 0.600823 0.0170234 0.0492388 -0.00578458  -0.00274684  -0.00498684  -0.0103987  0.00281889  0.000469927  0.00296745  -0.0073569  0.00618604  -0.00253438 
234 0.0010076 0.725277 0.0301314 0.0413098 -0.0150091  0.0144654  -0.00343925  0.00357493  0.0153645  -0.00357957  0.00742286  -0.00796161  -0.00892408  0.00132942 
236 0.000107556 0.586133 0.0060877 0.0264463 -0.000384882  0.00245119  -0.00343259  0.00068373  -0.000301541  0.0027658  0.000172637  -0.00287956  -0.0011636  0.0011123 
239 -0.000340535 0.37435 0.0130857 0.0243281 -0.00639966  0.00446621  -0.00137179  -0.00373864  0.000288286  -0.00393454  -0.00182955  -0.000186829  -0.00179583  -0.00850315 
240 -0.000104594 0.264292 0.00993095 0.030536 0.00733867  -0.000906042  0.00209823  -0.00464512  0.00183383  -0.00192387  0.00195225  -0.00257565  -0.000653664  0.000173885 
241 0.000148993 0.752592 0.0122693 0.0322032 0.000131694  -0.000619304  -0.00470185  0.00240585  -0.00550382  0.0025156  -0.0049651  0.00553319  -0.00538946  0.00114185 
247 -8.27438e-05 0.448213 0.00414057 0.0298004 0.000603995  0.00225283  8.07892e-05  0.00105958  0.000543411  0.00200663  -0.000521662  -0.00243025  -9.37388e-05  -0.0002571 
250 -0.00012585 0.43129 0.00588207 0.0311579 0.00168196  -0.000111758  0.000382666  0.0015308  -0.003172  0.00148672  -0.000938469  0.00131869  0.00219197  -0.00309373 
256 5.94825e-05 4.78449 0.0319257 0.033116 -0.0241194  0.00223862  -0.00806818  -0.00694713  0.00871961  0.011518  0.00921756  0.000864249  0.00466913  0.00171082 
257 -3.3903e-05 -1.77825 0.017577 0.0322055 -0.00492842  -0.00743083  0.00227237  0.00547057  -0.00757075  0.00384539  -0.00760632  0.00253633  -0.00487051  0.00585148 
260 -0.000127318 0.477426 0.00339194 0.0327276 -0.000858784  0.000453808  -0.000928578  0.00241533  0.000349446  0.000689775  -0.00112562  -0.000689184  -0.000991143  -0.000737211 
262 -0.000217631 0.324747 0.0123531 0.0346182 0.00275266  0.00460281  -0.000665525  -0.00669542  -0.00661629  0.00283845  -0.00396875  -0.000152262  0.00294185  0.00151793 
263 0.00028939 0.871424 0.0207341 0.0376308 0.0103922  0.000127832  -0.00687121  -0.00885862  0.00131682  -0.0101932  -0.000826067  0.00324579  -0.00721718  0.00522076 
265 -0.000732326 0.0153745 0.0376849 0.0335668 0.0150556  -0.0120649  -0.00237765  0.00641988  0.0205241  0.00642955  -0.00238344  -0.00510519  0.0079838  -0.0210473 
266 0.000398103 0.637661 0.0148068 0.0431199 -0.00531848  -0.00701106  -0.00310128  -0.000912581  -0.00503426  -0.00499656  0.000636004  -0.0047626  -0.00401171  0.00646998 
267 -8.97745e-05 0.423801 0.00523146 0.0382269 0.000250032  -0.000520465  -0.000622761  -0.00169852  -0.00106804  0.00125181  0.000287437  0.00276487  -0.00336029  -0.00142672 
268 -1.18425e-05 0.459106 0.00139185 0.0393837 -0.000261026  -0.00078197  -0.000640297  0.000489488  -0.000164219  -6.08232e-05  0.000381655  0.000317133  -0.000484889  -0.000309904 
270 -0.000154494 0.369621 0.00897711 0.0395338 0.00366337  -0.000694414  0.000284688  -0.000864247  -0.00713959  -0.00134307  -0.0010898  0.000172639  -0.0025237  -0.00234392 
271 -2.08928e-05 -1.37029 0.0125021 0.0414418 0.0038367  -0.00014753  0.000489967  0.0100833  -0.00408549  -0.00212801  3.86341e-05  -0.000199605  0.00323385  -0.00281553 
273 0.00124762 0.814299 0.0395979 0.0416932 -0.0103625  -0.00608661  0.018476  0.00767862  0.00394951  -0.00551663  0.0184683  0.00199451  -0.0021188  0.0250533 
275 -8.86345e-05 0.483904 0.00238972 0.0221692 0.000707982  -0.00161855  0.000429242  0.000440463  -0.000239008  0.000712613  -0.000498249  -0.000155822  -0.00116417  -0.000137109 
276 8.79261e-06 1.65839 0.00638284 0.0240855 0.00408482  0.000799188  -0.00169524  0.0010387  -0.00157351  -0.0019544  -0.00218044  0.000381386  0.00123259  0.00259783 
277 2.36161e-05 0.926373 0.0063464 0.0239023 0.000673448  -0.000355314  -0.000935859  0.00260726  -0.00244485  0.000816537  0.00204144  -0.00134177  0.00421802  -0.00127273 
278 -0.000271565 0.260643 0.0161266 0.0234031 0.00791664  -0.00158703  -0.00740806  0.000371927  0.00340117  0.00189567  0.00361795  -0.00483106  -0.00271024  0.00899572 
279 0.000156929 0.576917 0.0069491 0.0286235 -0.00103918  0.00241783  -0.000970146  -0.00190458  -0.00311105  0.000846997  0.00314661  -0.000112908  -0.00199286  -0.00353754 
280 -0.000557986 0.304861 0.0208756 0.0257369 -0.00223091  -0.00442535  -0.0116599  0.00293581  -0.0128644  0.00534918  -0.00335109  -0.000535787  0.00659987  -0.00418054 
286 2.33484e-05 0.56665 0.00249497 0.0349361 0.00032721  2.72539e-05  7.81599e-05  -0.000789011  -0.000872302  0.000198533  -9.7575e-05  0.00176608  0.000688721  0.00104172 
287 -0.000656446 0.354507 0.0195539 0.0346003 -0.00173619  -0.0094988  0.00172241  -0.00129963  -0.0069973  -0.00619302  0.00594351  0.00397349  -0.00323173  -0.0116441 
291 -3.5147e-07 -2.41318 0.00202376 0.0430563 0.000348423  0.000647559  9.09026e-05  -0.000107736  -0.000407505  0.000574653  0.000375935  0.000663336  0.000713881  -0.00139561 
292 -0.000413132 0.460354 0.00810024 0.0430604 -0.00161817  -0.001654  -0.000192987  0.0036917  -0.0011182  -0.00203832  -0.00197602  -0.00417583  -0.00190542  -0.00402687 
293 5.88266e-05 3.17392 0.0250824 0.0476174 0.00365438  0.00615576  0.0119359  0.00395923  0.00860943  0.00275305  -0.0155086  -0.0045225  0.00348933  -0.00805537 
294 0.00134795 0.768724 0.0380601 0.0469956 0.00514609  0.0234564  0.00651189  -0.00654941  0.00424106  0.00958523  0.0218989  0.00843553  -0.00135127  0.0111437 
297 -0.000592828 0.339756 0.0195002 0.0293522 -0.00111038  -0.00452059  0.00230732  -0.000460551  -0.00817697  -0.00489582  -0.00941295  -0.00178505  0.00513237  -0.0120038 
298 0.000973582 1.14569 0.0501297 0.0381386 -0.00238749  0.00382258  0.00150353  -0.0139834  0.0341074  -0.00944747  0.0049802  0.00982761  -0.00127976  0.0303198 
299 -0.000181221 -0.198226 0.0224981 0.0219418 0.00650755  0.00356376  -0.00344907  -0.00721112  -0.0122728  0.000924826  0.0122618  -0.00218144  -0.00147004  -0.00885838 
300 -4.80131e-05 0.326419 0.00577394 0.0257426 0.000536251  0.000904843  0.000557698  -0.00196136  0.00346669  0.00222405  -0.000981323  -0.00298536  0.000862982  0.000699801 
301 -0.000178129 0.397907 0.0085302 0.0266589 0.0033214  0.000616955  -0.00675713  -0.000439261  0.00277649  -0.000891914  0.000675623  -0.000409284  0.00171695  -0.00185038 
304 -0.00013706 0.435079 0.00596691 0.0298134 0.00404569  0.00182178  0.00123224  0.00103843  0.00135943  0.00197885  -0.00228015  -0.000632325  0.000146228  0.00139159 
305 1.89984e-05 20.9862 0.0394525 0.0320298 -0.0300321  -0.00469423  0.00598218  -0.00916702  0.00429127  0.0158954  -0.00950249  -0.00303585  0.0025861  0.0116379 
307 0.000155056 0.745905 0.0123496 0.0317319 0.00498709  -0.00115664  -0.00336765  0.00375999  -0.00492455  0.00427247  -0.00368556  -0.00455436  -0.00188911  -0.0045196 
308 -5.95357e-05 -2.28301 0.0257434 0.0291868 0.00572711  0.00238188  -0.000637969  0.0207108  -0.0013568  -0.00136989  -0.00606358  -0.000922678  0.00755949  0.00981944 
309 4.72341e-06 0.553832 0.00100851 0.0301895 0.000242084  0.000363817  -0.000242977  -0.000609833  0.000185552  0.000291592  0.000246754  0.000233455  0.000127767  -0.000379512 
310 -0.000391652 0.363555 0.0146243 0.0301112 -0.0057042  0.00158962  0.00173877  -0.00025775  -0.00332124  0.00500773  0.00698076  -0.000254846  0.00947201  0.00104491 
311 0.000114327 0.519093 0.00295589 0.0360335 0.000243392  -5.44475e-05  0.000461067  0.00121003  0.00019213  -0.000316094  0.000841272  0.00137642  -0.00126059  -0.00163405 
312 9.44061e-05 0.535122 0.00364235 0.0344106 0.000165552  -0.0016971  0.00182465  -0.00139369  -0.000879118  -0.00152979  0.000676188  -5.62075e-05  0.000453112  -0.00114395 
313 0.000308407 0.784917 0.0187473 0.0330104 0.00567436  -0.00411586  0.00953884  -0.00425554  -0.00628214  -0.00569382  -0.00363157  0.00730792  -0.00409996  -0.00615898 
319 9.05053e-05 0.577518 0.00529773 0.0279522 0.000492703  -9.96058e-05  -0.00299138  0.000645177  0.000615753  -0.000178862  -0.00232959  0.00202482  0.000354996  -0.00289561 
323 -1.66996e-05 0.333546 0.00333453 0.0262836 -0.00036764  -0.000553336  -0.000372939  -0.000768128  -0.00233637  -0.000137926  0.000817581  0.00146786  0.00100916  -0.000793445 
324 -1.04422e-05 0.489578 0.000659843 0.0265994 0.000452607  0.000219358  -0.000116561  2.0146e-05  -0.000276866  3.67294e-05  0.000154118  6.74161e-05  0.000201698  -0.000146446 
325 2.69711e-08 0.50009 3.11187e-06 0.0267949 -1.00556e-07  -3.2443e-07  -3.45101e-07  -5.43077e-07  -5.42623e-07  -2.21108e-06  -7.36422e-07  2.82442e-07  1.22675e-06  1.35794e-06 
330 -0.000836313 0.10437 0.0363891 0.0267944 0.00181823  -0.00594527  0.00783817  -0.00213177  4.37584e-05  -0.0182554  0.0142707  -0.0131032  0.00338742  -0.0223484 
335 -8.52924e-05 0.268913 0.00887953 0.0394285 0.00296191  0.002705  0.00114459  0.00177504  -0.00118312  0.000733288  0.00205428  0.00650164  0.00289714  0.00121365 
336 2.18078e-05 0.523979 0.00144634 0.0404957 0.000399128  -0.000613591  -0.000425785  0.00026808  -0.000155719  3.6096e-05  -0.00103453  0.000191083  0.000345855  0.000225816 
339 0.000409989 0.883369 0.0250722 0.0402255 -0.00983064  -0.00164013  -0.00507418  -0.00222141  0.00106629  -0.000789927  -0.0068459  0.00256623  -0.0185596  -0.00994632 
341 -0.000292458 0.461959 0.00667459 0.034759 0.000725449  0.000413378  0.00434674  0.00115366  -1.55004e-05  0.00130276  0.000344934  0.00168094  0.00394212  -0.00185625 
342 -3.05951e-05 0.402118 0.00346115 0.0387387 0.00184432  0.000261527  0.000560863  -0.001958  6.71112e-05  0.0012345  0.000572636  -0.000619973  -0.00145549  4.51599e-05 
345 -0.000358087 0.307324 0.0166157 0.0391316 0.000534306  -0.0114795  8.56269e-05  -0.00457371  -0.00226483  0.00600459  0.00729599  -0.00199923  -0.00407534  0.00284106 
347 -8.60514e-06 0.498275 0.000243776 0.0434676 -5.20401e-05  -6.60204e-05  9.47801e-05  4.78613e-05  4.68491e-05  0.000182732  5.25333e-05  2.31403e-05  4.56589e-05  -1.09724e-05 
348 0.000570188 0.60798 0.0156959 0.0435665 -0.00129849  0.0044242  -0.00481145  0.00401798  -0.00820042  -0.00387052  -0.00947976  -0.000361544  -0.00132464  0.00343918 
349 -2.6616e-05 0.472534 0.00171012 0.036442 0.00111259  0.000138194  0.00036344  0.000474477  -0.000798299  -0.000260797  0.000104137  -0.000680011  -2.92542e-05  0.000361836 
350 0.000270003 1.14783 0.0264489 0.0368053 0.00733227  0.00109215  -0.00254649  0.00200866  0.00182521  -0.00718689  -0.0104717  -0.0117484  -0.00446174  0.0176493 
352 -0.000131464 0.424688 0.00629398 0.0329343 -0.000221215  -0.00179793  0.000705127  0.00139688  -0.00118369  0.00311535  0.00265391  -0.00294331  0.00265036  -0.000216758 
355 -7.0235e-05 0.076587 0.0109068 0.0348732 0.000400986  -0.00333718  0.00695851  0.00135304  0.00388003  0.00219857  -1.80111e-05  0.00586318  0.00176255  0.000193142 
356 8.33229e-06 0.615595 0.00196283 0.0358661 -0.000426468  0.000106043  0.000192293  -0.000893676  0.000623309  -0.00126783  -0.000855935  -3.64251e-05  -0.000171766  -0.000254149 
358 6.90338e-05 0.800684 0.00911197 0.0357497 0.00133664  -0.000609152  -0.00064938  -0.00278114  0.00160713  0.00108152  0.00797835  0.00152651  -0.000744108  0.00155669 
359 -0.000233115 0.236523 0.0156758 0.0347709 -0.00392884  0.00681511  0.00737576  0.000519762  0.00650897  -8.85408e-06  -0.00513851  -0.00551383  0.0014002  -0.00529551 
362 -0.000794558 -0.148667 0.0454117 0.0379757 0.00361048  -0.0154755  -0.0167972  0.0202146  -0.0131073  -0.0145539  -0.00216252  0.0212334  -0.0166919  -0.00106961 
363 0.000542109 0.606292 0.0151844 0.0472972 -0.00526309  0.00727296  -0.00722155  0.00514412  0.00555726  -0.000841808  -0.00453787  -0.000683338  0.00431825  0.000241946 
365 4.57834e-05 9.57837 0.0407697 0.0411712 -0.0188228  -0.00301781  -0.0138736  -0.0297196  0.00624384  0.00163167  -0.00272209  0.0119777  -0.00442104  0.0033111 
366 0.000101393 3.28228 0.0335888 0.0406114 -0.00972771  0.00168466  0.00212822  0.0249224  -0.000779054  0.00296397  -0.000313879  -0.0154684  0.011801  0.00413066 
368 0.000461477 0.727939 0.020512 0.0393433 0.00962036  0.00410382  -0.00407399  -0.00878733  -0.00429408  -0.00487015  0.0106589  0.00568823  -0.00533038  -0.000998365 
370 1.82534e-06 0.585968 0.000792267 0.0329625 -1.1016e-05  0.000250677  6.04391e-05  0.000163289  5.34148e-05  -0.000188971  -8.95125e-05  -0.000528362  -2.02839e-05  -0.000456351 
372 -0.00023874 0.149651 0.0182927 0.0329348 0.0117883  -0.000588104  0.000890473  -0.00683143  -0.00215543  -0.00812153  0.00486069  -0.00232092  -0.00476285  0.0050548 
374 9.90409e-05 0.522386 0.00297875 0.0363795 0.000151809  0.000119843  -0.000813123  0.000331067  -0.000642497  0.001412  0.00016341  -0.000556419  0.00229696  0.000214164 
375 9.60055e-05 0.73911 0.00958242 0.0349919 -0.00439259  0.00209466  0.0021723  -0.00383246  -0.00146879  0.00202542  -0.00364672  0.00414686  -0.00114663  0.00326561 
376 3.77203e-05 0.582829 0.00353522 0.0335921 -0.000202665  0.00242513  0.000927292  -0.00131972  -0.000959435  0.000104525  -0.000693895  0.00132263  0.000330892  0.000837954 
378 0.00041064 0.618997 0.0139821 0.0330259 -0.00786463  0.00652546  0.00430355  0.00168163  0.00139456  0.00758242  0.000491974  5.2949e-05  0.00247265  -0.00198002 
380 -0.000708468 0.245964 0.0268393 0.0260798 -0.00429472  -0.00154715  -0.00577002  -0.0204142  -0.00120933  0.00497866  -0.00484535  -0.0114064  -0.00301096  0.00778309 
381 -2.34774e-05 0.474103 0.00155957 0.0372676 -0.00013479  -0.000991675  -1.83889e-05  -0.000104204  0.000512719  -0.000337207  -0.000546623  0.000628116  -0.000471218  -0.000357084 
382 -9.35066e-05 -1.06754 0.0242134 0.0375813 0.00208835  -0.00226766  0.00634496  -0.000335324  0.0150344  -0.0112935  -0.00962157  0.0067103  0.0067164  -0.000357177 
384 3.36615e-05 0.641628 0.0043669 0.0388055 -0.00101213  -0.00153733  0.00136586  0.00168348  0.00307467  0.000178633  0.00088292  -0.000211174  -0.000370941  -0.000731484 
386 0.000171913 0.635589 0.00965628 0.0383693 0.00304067  0.000730189  -0.000991734  -0.00267748  0.00488638  0.00539275  0.0036457  -0.00191092  -0.00201643  -0.0011599 
387 0.000100167 0.579654 0.0056496 0.0360597 -0.00158125  0.00184088  0.00259872  -0.000825954  -0.000751663  0.000372439  0.00366589  -0.000540247  0.00202593  -0.000233596 
388 -0.000318976 0.417702 0.0102504 0.0346431 -0.00136586  -0.000951124  0.00392722  0.00308478  0.00385165  -0.00405008  -0.00251181  0.0041731  -0.00103174  0.00461895 
389 0.000329342 0.566638 0.00937154 0.0389765 0.00333179  0.00600073  0.00165669  0.00478545  -0.00028985  0.00016891  0.00267382  0.00140012  -0.00235588  -0.000546417 
390 -0.000337182 0.184471 0.0206317 0.0344947 -0.00598053  0.00262421  -0.000691361  -0.00685823  -0.00820292  0.00265423  0.00736479  -0.0120848  -0.00776823  -0.000735775 
392 0.000492044 1.10822 0.0345939 0.0390784 -0.00145285  -0.00298074  -0.000761687  0.00160888  0.00145831  0.0184899  0.0102171  0.0140392  0.0210545  -0.00968455 
393 0.00029821 0.852892 0.0205159 0.0321745 -0.000862958  -0.00296292  -0.00592113  0.0128976  -0.00722151  -0.0085399  0.00293382  -0.00755995  0.00260315  -0.00351509 
394 3.26441e-05 0.559139 0.00277894 0.0271483 0.000345476  0.00105651  -0.000847674  0.000971863  0.000990084  -0.000413619  0.000402082  0.0010526  -0.000701581  0.00138228 
395 -3.03077e-05 0.199897 0.00603179 0.0265403 0.000954442  0.00066502  0.000545451  -0.000277579  -0.000895009  0.00364547  0.00197819  0.0027202  -0.000267019  -0.00302989 
399 -0.000583399 -0.631179 0.0513789 0.0271053 0.028199  0.00179804  -0.0154666  0.0250503  0.00202342  -0.0152367  -0.0188308  -0.00546304  -0.0187965  -0.000796508 
400 3.09051e-05 0.691687 0.0048679 0.0363079 0.00154495  -0.000611117  -0.000968027  -0.00335016  0.000131981  -0.000362154  -0.002681  0.000429696  0.000567848  0.000965408 
404 2.69557e-05 0.513519 0.00120748 0.0358798 -0.000512207  -0.000181013  0.000140334  2.78331e-05  -0.000102731  0.000142567  0.000448371  -0.000548163  -8.14575e-05  0.000776779 
407 0.000181719 0.777164 0.0141935 0.0355022 0.000474227  0.000322618  0.00510142  0.00525206  0.00182802  0.000753381  0.00539538  0.00266874  0.00780234  0.00681917 
410 -0.000225119 -0.611276 0.0316337 0.0328436 -0.00723853  -0.00362869  0.00422643  -0.00530675  0.00182015  0.0048787  -0.0252876  -0.0081199  0.00232216  -0.0122964 
412 -6.93469e-05 0.4087 0.00503277 0.0361089 -0.000881873  -0.000341102  -0.00127757  -0.00153318  0.0027625  0.000906163  -0.000181782  -0.00313004  -0.00145283  -0.000241666 
414 0.000195181 0.745905 0.0138557 0.0370567 -0.00116092  -0.00333192  0.00434245  0.0058288  -0.000592343  0.00252904  0.00428629  0.00888758  -0.00154525  0.00449469 
415 0.00020664 0.80104 0.0157739 0.0343225 7.77658e-05  -0.00307493  0.00923962  0.00147229  0.00363016  0.00512821  0.00863892  0.00447706  0.00376761  0.00186264 
416 9.11963e-05 0.537123 0.00368043 0.0311676 0.000829741  -0.00106305  -0.0013344  -0.00287356  -0.000793172  -0.00026119  0.000220576  0.000651555  0.000204134  -0.000690563 
417 8.7997e-05 0.891119 0.0117331 0.0296686 0.000114158  0.00246868  -0.0101539  -0.000205355  -0.0031512  -0.001989  0.000892078  -0.00168457  -0.000227334  0.00329285 
419 -0.000300389 0.415512 0.0100785 0.0281466 -0.00109722  -0.00199119  -0.00140374  0.0046232  0.00178162  -0.00207665  0.00551093  0.000217131  -0.00550279  0.00220876 
422 -8.73252e-05 -1.33137 0.0252919 0.0330555 -0.00150018  0.012061  -0.00385132  -0.00604766  0.0151364  0.00905271  0.00712848  0.0023918  -0.000486896  -0.00852755 
424 -0.000161763 0.4108 0.00759831 0.0343511 -0.00260584  -0.0025788  0.000499116  0.00388982  -0.00216924  -0.00185841  0.00329941  -0.000185221  -0.00270414  -0.00158802 
425 3.83464e-06 0.826102 0.0022365 0.0366302 -0.000484043  -0.00046289  0.000439948  0.000507505  -1.51416e-05  0.00140559  -0.000820705  0.000814688  0.00077488  0.000434327 
426 -0.000131141 0.441668 0.00553258 0.0365778 0.000485373  -0.00207365  -7.51312e-05  0.00257401  -0.000393702  -0.00156296  0.00316675  -0.00245757  0.000645005  -0.00060058 
427 7.36184e-05 1.38673 0.0161586 0.0383287 0.0059512  0.00362531  0.0083725  -9.14436e-05  0.00264647  0.00169509  0.00257288  0.00153142  0.0106446  -0.00320717 
432 0.000456145 0.616963 0.0146102 0.037356 0.00601184  0.00251098  -0.000853023  -0.00624807  -0.00662776  0.0055115  0.000457271  0.00219159  0.00285724  0.00661545 
435 -0.000472012 0.338549 0.0174642 0.0306501 0.00326112  -0.00720968  0.00669701  -0.000546825  0.00627127  -0.000966382  -0.00808574  0.00834171  -0.00408004  -0.00231574 
436 -0.000128258 0.324602 0.0094867 0.0375707 -0.00313207  0.00574298  -0.00257095  0.00254476  0.000380181  -0.00277853  -0.000621983  0.00434941  -0.00128253  -0.00230355 
437 0.000210492 0.616448 0.00990233 0.0392405 0.0015663  0.00575085  0.00202179  -0.00209341  -0.00289878  0.00159692  -0.00507544  -0.00137891  -0.00341917  0.00193788 
438 -0.000793992 0.290024 0.0258341 0.0364603 0.00279183  -0.0107412  0.0146769  -0.00524069  0.0015838  -0.00924673  0.00041567  0.00998649  0.0102215  -0.00299426 
439 0.000448601 0.7324 0.0204207 0.0460832 -0.002523  0.00193955  -0.0080496  -0.00786826  -0.0101289  -0.0118364  0.0017809  -0.00146803  -0.000457592  -0.00565163 
440 0.000203741 1.05446 0.0212559 0.0409287 -0.00371934  -0.00125364  -0.00673141  0.00348211  -0.00119043  0.0128668  -0.00267604  0.00626074  -0.00294025  0.0125298 
443 2.13622e-05 17.8258 0.0384731 0.0383593 0.00800092  0.00212716  -0.00293835  -0.0112196  -0.0194404  0.00600783  0.0019682  -0.0169598  0.00880741  -0.0222267 
447 5.92607e-05 0.553709 0.0035683 0.0380799 -0.000111946  -0.000404892  0.000204443  0.00130213  -0.000964685  0.000443447  -0.00246946  -0.00137691  -0.00121704  0.000465179 
455 1.66636e-05 0.604506 0.00263929 0.0372936 -0.00085086  -0.000858323  -0.000513201  -0.000243899  -0.000458608  0.000208112  -0.000687175  -0.00178181  0.00111753  -0.000181049 
457 5.08875e-07 0.501337 5.2163e-05 0.0370696 -2.44066e-05  -1.96084e-05  1.86659e-05  -1.46557e-05  -1.58314e-06  -9.74242e-06  1.06557e-05  2.04216e-05  1.79116e-05  1.51252e-05 
458 -6.55499e-06 0.491643 0.000468129 0.0370627 8.33883e-05  4.49343e-05  -1.7291e-05  -0.000180339  3.4576e-05  3.12564e-05  0.000326626  -0.000129104  -4.07889e-05  -0.00022397 
459 6.77779e-05 2.65719 0.0241822 0.037151 -0.00462723  -0.00399822  0.00836093  -0.0152357  0.00781225  -0.00671127  0.00486972  0.00251674  -0.00911911  0.00510619 
461 -0.000501949 0.153961 0.0263632 0.0362274 0.0108805  0.00496123  0.00152557  0.00952444  -0.0124271  -0.00024238  0.0132634  -0.00816279  0.00591686  -0.00518885 
465 -0.00013022 -0.650815 0.0244835 0.0425969 -0.00964144  0.0150273  -0.0109787  -0.00268517  -0.000425764  0.00356142  0.00865352  -0.00416024  0.0069097  -0.000349749 
466 -9.12844e-06 -15.7641 0.0243685 0.0440991 -0.00764258  0.00211692  -0.00229738  -0.00872234  -0.0107244  -0.0106894  -0.0032013  -0.00383329  -0.00479699  0.013128 
470 7.43168e-05 2.13793 0.0220648 0.0442024 -0.0120857  -0.00260229  -0.00233674  -0.00271926  -0.000371849  0.000865903  -0.00410055  -0.00390664  0.00312076  0.0166872 
472 0.000527147 0.89765 0.0289536 0.0433537 -0.00300789  0.00333024  0.0135922  0.000713592  0.0187955  -0.00851559  -0.00634648  -0.00340557  -0.0113801  0.00507395 
473 -6.92246e-08 0.331476 0.000216019 0.0367768 -2.36637e-06  -2.79145e-05  3.45746e-05  -7.82876e-05  -4.45741e-05  5.20408e-05  -6.71837e-05  -9.04245e-05  6.44089e-05  -0.000130465 
474 -0.000223278 0.397535 0.00956803 0.0367777 0.00156783  0.00305107  -0.00431427  -0.00243687  -0.00408453  -0.000861553  0.000943803  0.00257308  -0.0049734  -0.00235732 
475 -3.76952e-05 0.261802 0.00599308 0.0396977 -0.00280364  0.00176387  -0.00196231  0.00322097  0.0013515  -0.00166937  -0.000227854  -0.00235829  -0.000467492  0.000524105 
477 -0.000352789 0.413434 0.0110562 0.0401697 -0.00174478  0.00522407  -0.00656871  0.0010687  0.00100325  9.40617e-05  0.000194746  0.00174141  -0.00116914  0.00649324 
478 -2.68063e-05 -12.1659 0.0368496 0.0443447 0.0109546  0.0065557  -0.00398793  0.0112111  -0.00559432  0.0103865  0.00885735  0.0146196  -0.00404154  -0.0246094 
479 1.37981e-05 1.57136 0.00768962 0.0446459 -0.00311988  -0.000651989  -0.00288775  0.00140016  -0.00234993  0.00284304  -0.00364578  0.00311652  4.59097e-05  0.00143543 
481 -0.000146527 0.387289 0.0081287 0.0444911 0.000550622  -0.000589863  0.00143282  0.00535306  0.0010107  -0.0023671  0.00270941  0.00205685  -0.00235228  -0.00331466 
483 -8.99057e-06 -0.567661 0.00619641 0.0461086 -0.000104742  -0.000660944  0.00382098  9.5097e-05  -0.00331012  -0.000924295  -0.00255352  -0.000211288  -0.000474531  -0.00217654 
487 -5.07699e-05 -1.11567 0.0181137 0.046206 -0.00549705  0.00164439  -0.00672996  -0.0117455  0.00525475  0.0034743  -0.000450664  0.00112391  0.00403506  0.00738263 
488 0.0012775 0.793097 0.0386949 0.0467521 0.0173409  -0.00645065  0.00662087  0.0190554  0.00556482  0.00180902  -0.0162615  -0.0189096  0.00809493  -0.00512446 
489 -6.83457e-06 0.489019 0.000547937 0.030151 8.44647e-05  0.000339833  2.21394e-05  -7.27864e-05  0.000228446  -0.000216232  0.000195825  5.34709e-05  2.63807e-05  0.000176013 
490 9.23721e-05 0.548754 0.00424469 0.0302641 0.000804903  -0.000516637  -0.000161816  -0.00312209  0.000817944  -0.000359236  -3.08186e-05  -0.000232026  -0.000677439  0.002453 
491 6.51223e-05 1.63937 0.0172271 0.0286975 -0.00605021  -0.00646548  0.000593872  -0.0107934  -0.00304709  0.00615036  0.00173225  0.00469202  -1.38166e-05  -0.00542123 
493 0.000133795 0.805946 0.0127957 0.0275396 0.00175728  -0.00842955  0.00334284  -0.00155862  -0.00612395  0.00292194  0.00140364  -0.00218719  0.00103815  0.00470205 
496 4.16399e-05 0.524416 0.0020168 0.0249928 -0.000485961  0.000119516  -0.000104663  -0.000343627  0.0012149  0.000336607  -0.00039001  -0.000622361  -0.00100022  0.000747568 
498 -1.04529e-06 0.340626 0.000816315 0.0241454 -2.6602e-05  -0.000424797  -0.000350076  1.75849e-05  -0.000294928  0.00023352  0.000113179  0.000284262  0.000141359  0.000327471 
499 -0.000831648 0.230991 0.0299249 0.0241671 -0.0107043  0.000146757  0.0052532  -0.011156  0.00901727  -9.28702e-05  0.00548718  -0.00140853  -0.0226969  0.000531289 
