generation s h r distopt trait[0] trait[1] trait[2] trait[3] trait[4] trait[5] trait[6] trait[7] trait[8] trait[9] 
2 3.1024e-05 1.99207 0.0136071 0.02 0.00895497  0.00131197  0.00132799  0.00484349  0.00177765  0.0053187  0.000967727  0.00354979  0.000799203  -0.00569144 
3 7.2793e-06 0.705809 0.00244798 0.0367804 0.000497715  6.49915e-05  0.000179568  0.00110079  -0.00132464  -0.000389575  0.0011085  0.00054456  -0.000947176  0.00040958 
4 8.44297e-05 0.82828 0.0105292 0.055831 0.000822102  -0.000547344  -0.00123292  0.000543281  0.00465439  -0.00634125  0.000412979  -0.00230724  0.0061329  0.00175833 
6 0.000321669 0.580208 0.0101605 0.0943312 -0.00386242  -0.00639354  -9.28764e-05  0.00186073  0.00384281  4.45889e-05  0.000414336  0.00181778  -0.00116177  0.00493705 
7 0.00160763 0.66233 0.0323138 0.112419 -0.00282096  -0.0185436  0.0111753  -0.0118444  0.0053955  0.00107244  0.0114871  0.00305226  -0.0113231  -0.0112889 
8 0.0060388 0.794465 0.0842811 0.124291 0.0602347  -0.0148977  -0.00587579  0.035139  0.0166642  0.0358824  0.00741016  -0.00548414  -0.00181149  -0.0181759 
9 0.00180919 0.688152 0.0369023 0.111889 0.00508566  -0.00515035  0.00371214  0.00502822  -0.00704977  -0.00539093  0.00401458  -0.0181072  -0.003002  0.0289581 
10 0.00356193 0.665001 0.0485009 0.119639 0.0270682  -0.0131255  -0.0133611  -0.00596622  0.0136241  -0.0217268  0.00817448  -0.00876215  -0.00417962  -0.0203598 
16 0.00563047 0.626812 0.053505 0.205788 0.00808728  -0.0193135  0.0317514  0.0161256  -0.0222426  0.0122155  0.0109981  -0.0027189  0.0190741  0.0044788 
17 0.0100081 0.610235 0.0666195 0.209819 0.0118146  -0.0357848  0.00239657  -0.0138184  0.030576  -0.0226645  -0.00264597  0.00309423  -0.0201408  -0.0308308 
19 0.00291797 0.848596 0.0637576 0.219894 -0.00699131  -0.0251354  -0.0272556  -0.000448511  0.0162981  -0.00316738  0.0144973  -0.0202563  0.0013358  0.0417536 
21 0.0201612 0.603887 0.0921136 0.248799 0.051592  -0.0169212  0.0184853  -0.00971216  -0.0213694  -0.0314909  -0.042296  -0.0194868  -0.000267312  -0.0385194 
22 0.0039212 0.551015 0.0283933 0.222335 0.0142384  -0.00928103  0.00204898  0.00891348  0.00144495  -0.0123023  -0.00388149  0.00667186  -0.000546195  -0.0148441 
23 0.000590701 1.15827 0.0394305 0.230536 0.0179556  0.00352192  0.00934456  0.00919335  -0.00741955  0.00233577  0.0288339  -0.000390676  -0.011649  -0.00451301 
24 0.00166744 0.503571 0.00501885 0.246121 0.00265377  -0.00132633  -0.00111083  -0.00159258  -0.000167864  -0.000501628  0.000349302  0.00294098  -0.00147856  0.00117457 
26 0.0144331 0.655806 0.0949912 0.27771 0.0108256  -0.0241027  -0.0064084  -0.0600183  -0.00215897  0.0201845  -0.0262131  0.0301299  0.0384312  -0.0346114 
30 0.0339299 0.567339 0.0976388 0.323834 0.0370633  -0.0581866  0.0217256  0.0527284  0.00739772  0.0115733  -0.0145795  0.0282305  0.0170214  -0.00580929 
32 0.00453347 0.544134 0.028437 0.303234 -0.00155679  -0.0134412  -0.00140187  0.00759268  -0.00347466  -0.00630407  0.00515371  0.00963413  -0.0198684  -0.000126664 
35 0.0211234 0.560156 0.072422 0.350847 -0.0108493  -0.0412573  -0.0218989  -0.026865  -0.00126073  0.0106632  -0.0147282  0.0122831  -0.00831341  0.0408851 
36 0.0218095 0.64834 0.114077 0.338849 0.0793091  0.0316301  0.0158869  0.00186132  -0.0331103  0.0268236  -0.000557635  -0.0102676  0.0564613  0.0189198 
39 0.0323215 0.610549 0.120608 0.363157 0.0709698  -0.0306979  0.0166797  0.0108009  -0.056835  0.0359008  0.0478011  0.0258387  0.0177633  0.0196273 
41 0.003701 0.513965 0.0146005 0.352252 -0.00428291  -0.00860778  -0.00540667  -0.00186154  -0.00111701  -0.00417618  0.0055961  0.000923035  -0.00383125  -0.00474397 
44 0.0166869 0.531059 0.0468225 0.402534 0.00819001  -0.0232909  -0.0179401  0.0160586  0.00331964  -0.00794816  0.0276365  -0.00419987  -0.00846848  -0.0087035 
45 0.0337846 0.577688 0.104226 0.400095 0.0581559  -0.0193684  0.0422097  -0.0310275  0.0111134  0.011415  -0.00746914  -0.0527194  0.0163698  0.0316932 
47 0.010854 0.517503 0.0285308 0.392489 0.0106079  -0.00767827  -0.00646391  0.0119826  0.00648189  -0.00619686  -0.000999331  -0.0180085  -0.00717182  8.64189e-05 
48 0.0177751 0.524198 0.0431295 0.396905 0.00764313  -0.0232365  -0.0193564  0.00788415  0.0115557  -0.00238742  0.0188865  -0.0124558  -0.0128372  -0.0030167 
50 0.00409115 0.573638 0.0347958 0.411255 0.0123263  0.00431432  0.0195658  -0.00158454  -0.00723609  0.00302897  -0.0133693  0.0174522  -0.00752413  0.00730724 
51 0.00472537 0.531998 0.024788 0.425006 -0.00129044  -0.00966242  0.000504468  -0.00462462  0.00318805  -0.0153355  0.0142614  -0.00423959  0.000844624  0.00550983 
53 0.0259427 0.533501 0.0613058 0.457171 0.000567098  -0.0311367  -0.0240021  0.0104618  0.0421716  -0.0141516  -0.00781675  0.000756133  -0.00015621  0.00791352 
54 0.0311824 0.538437 0.0720369 0.447484 0.0242686  -0.0367488  0.0108644  0.0160279  -0.0211638  -0.0110107  -0.0185044  -0.0347477  0.00677455  0.0266475 
55 0.0267876 0.560807 0.0823023 0.430648 0.00164852  -0.0479195  0.0318478  -0.0403757  0.015478  0.0243413  0.0101347  0.00362284  -0.0292187  0.00534301 
57 0.0667512 0.710939 0.237112 0.436421 0.148599  -0.014093  -0.147003  0.0286292  -0.0141024  -0.081729  0.0520325  0.0131002  0.0349118  -0.0231561 
58 0.0523461 0.637464 0.171033 0.371705 0.0484806  -0.070042  -0.0102292  0.00388786  -0.0201321  0.0278896  -0.100553  0.0154957  -0.0191638  0.0998748 
60 0.003126 0.568444 0.0293133 0.327834 -0.00169824  -0.00743147  8.36426e-05  -0.0107699  -0.00328571  -0.011226  -0.022469  -0.00563423  -0.00341325  0.000303378 
61 0.00428669 0.603011 0.0420866 0.339938 0.00826295  0.00060181  -0.0232875  -0.0094611  0.00698613  -0.00730905  0.0103597  0.0152378  -0.0203161  -0.0147084 
64 0.00442052 0.643532 0.050411 0.386061 0.00408304  -0.00536401  -0.0193327  0.0238018  -0.0146721  0.00652894  0.0115249  0.0185619  -0.0135183  -0.0252495 
67 0.0282897 0.519779 0.0509456 0.434503 0.0187889  -0.030107  0.0113216  -0.00921051  -0.0127833  0.0114096  -0.00662306  -0.0266448  0.0032912  0.00804731 
70 0.0170478 0.513731 0.0327285 0.456189 0.0049184  -0.0160627  0.0130308  0.00983952  0.00524239  0.00518531  0.0163082  0.0129461  0.000559616  -0.00583925 
73 0.114714 0.568954 0.18896 0.493798 0.0957909  -0.0977809  0.0886379  -0.00806886  0.0475834  -0.02382  -0.020772  0.0155102  -0.063957  0.0381189 
79 0.0109544 0.534219 0.039374 0.478802 0.0170375  -0.0085741  0.0128062  0.0148802  -0.00983159  0.0199751  0.00687807  0.00621676  -0.00257289  0.0145897 
89 0.0151934 0.712491 0.11362 0.657116 -0.0138126  -0.0525983  -0.00736284  0.0156594  0.00876523  0.020461  -0.00353903  0.0250824  0.0596385  0.0704196 
92 0.0160562 0.504263 0.019962 0.702185 0.0124482  -0.00587687  0.00715465  0.00799734  0.00114889  0.00651396  -0.00519419  0.00271382  -0.00384066  -0.000996566 
93 0.00168045 0.836042 0.0475151 0.709694 0.0155492  -0.000433774  -0.018612  0.01289  0.0125655  -0.0244522  -0.0117105  0.00305535  0.00989667  0.0224264 
94 0.0433694 0.532887 0.0805068 0.72723 0.0029554  -0.0485517  0.00867456  -0.0237388  -0.028663  0.00545221  -0.00631173  0.015616  0.0462714  0.014161 
98 0.0034263 0.511353 0.0126956 0.772068 0.00159017  -0.00253249  -0.00567752  -0.00213882  0.00556395  0.00593324  0.00548778  0.00342271  0.00198286  0.00187227 
99 0.115852 0.515096 0.112304 0.788652 0.0506717  -0.0468967  -0.0462885  0.0394028  -0.0258478  0.00687451  0.0203044  0.0162702  -0.0173622  -0.0495608 
101 0.00112509 1.27496 0.0590318 0.753553 0.0262455  0.0128108  0.00662329  -0.0286461  0.00116454  -0.0110886  0.00797838  0.0269183  0.0121371  0.0265981 
107 0.0259444 0.505508 0.0298715 0.752806 0.0151384  -0.003099  -0.0091216  1.51233e-05  0.00684429  0.0142626  -0.00143238  -0.00808092  -0.00515697  -0.0150373 
111 0.00365131 1.11752 0.0948636 0.735597 0.0206883  0.0217143  0.031293  0.0480413  0.0158824  0.0248674  -0.0459724  -0.00275293  -0.0229133  -0.0359953 
112 0.00364224 0.69226 0.0529298 0.733116 -0.00318707  -0.0216358  -0.00776582  0.0240689  0.0149493  0.0167644  -0.00258615  -0.0121318  -0.0140883  0.0287542 
113 0.0309292 0.554545 0.0842836 0.730632 0.0116824  -0.0120373  -0.0392007  0.00228161  -0.0112219  -0.00547848  0.002684  -0.067459  0.0149065  -0.0185572 
117 0.0436527 0.527219 0.0745733 0.709481 0.0237368  -0.0298746  -0.0200808  -0.014267  0.0356056  0.0192321  -0.0185785  -0.0373894  -0.00840621  0.00685911 
121 0.0175633 0.731971 0.127569 0.678702 0.0233904  -0.0336493  -0.0476106  0.0317601  -0.0498674  -0.047065  0.0617417  0.0292418  0.00147716  0.0441343 
123 0.0292609 0.511195 0.0413174 0.665752 0.0277979  -0.014548  0.0103472  0.019785  0.00955161  -0.00882455  0.00408895  -0.00382298  -0.00479759  0.000888818 
124 0.0416145 0.563417 0.105636 0.643727 0.0337582  -0.00121905  -0.00548825  -0.0461607  0.0592855  -0.0262166  0.0397688  -0.0298549  0.0215792  -0.0267637 
125 0.0231194 0.529131 0.0540696 0.611238 -0.012313  -0.0361806  0.0120869  -0.00888603  -0.0188531  0.005097  0.0240898  -0.00868822  -0.0130679  0.00546154 
129 0.0354025 0.522693 0.061331 0.592247 0.0162365  -0.0390358  0.017095  -0.00535488  0.017617  -0.00575842  0.0226363  -0.0177753  -0.0212541  0.00543563 
131 0.000893137 0.693025 0.0262606 0.562108 0.0141123  0.000729226  0.00786131  -0.000202399  0.00180504  -0.000197849  0.012571  0.00198996  0.008799  0.0136155 
134 0.0158882 0.532426 0.0465644 0.561314 0.0234302  -0.0131444  -0.013858  -0.00812612  0.0279793  -0.00385959  -0.0119312  0.00561225  -0.0082178  0.0122182 
135 0.0547609 0.541066 0.100832 0.547092 0.0197255  -0.0220919  0.0259966  0.00909815  0.03257  -0.0206621  -0.0111462  -0.0153964  -0.00491272  -0.0815975 
136 0.0155941 0.676846 0.105121 0.49598 0.0272844  -0.018968  0.0305458  0.0672591  -0.0426534  -0.016364  -0.00329557  -0.0364387  0.0173069  -0.0276427 
137 0.0162753 1.13873 0.202893 0.480127 0.0246258  -0.0842553  0.0217714  0.120649  -0.0653185  -0.0543194  -0.0383723  0.0762197  0.0244146  -0.0577501 
138 0.0243738 0.555029 0.0747457 0.46301 -0.0216138  -0.0323059  0.0205126  -0.0236866  0.000358646  0.040142  0.0188514  0.0199436  0.0247237  -0.0108804 
141 0.0127963 0.512999 0.0272376 0.43623 0.00943703  -0.0161324  -0.0102252  -0.00627368  0.00827005  0.00413668  -0.00718098  2.30346e-05  0.00561065  0.0089503 
144 0.0393173 0.676184 0.16681 0.421404 -0.00101454  -0.0472768  0.083452  -0.117244  0.00324922  -0.0196909  0.0399335  -0.0213438  0.0444846  0.0212564 
148 0.0101061 0.546522 0.0438323 0.37285 0.0104309  -0.00622866  -0.0089941  0.00171421  -0.0238524  -0.0158908  0.00529541  0.00831858  -0.0204297  -0.0188087 
152 0.00159271 0.519304 0.0111421 0.359112 -0.00101659  -0.00209036  0.00378644  0.00224585  0.00207028  0.00588094  -0.00288747  0.00219199  0.00160639  -0.00669089 
155 0.0205576 0.77096 0.149 0.35689 0.0401153  -0.104029  0.0434832  0.0110353  0.0138219  0.0621691  0.00803763  -0.0531028  0.0080369  -0.0274229 
157 0.0148734 0.517056 0.0334077 0.327141 0.00869239  -0.0149685  -0.0178272  -0.00437408  0.00465571  0.00541955  -0.010259  0.0129599  -0.0123593  -0.00158677 
159 0.00688807 0.604279 0.0537195 0.303739 0.00676577  0.0039089  -0.0239403  0.019077  -0.000177069  -0.00489132  -0.00636525  0.0329036  -0.0271909  -0.0010914 
160 0.0043342 0.526436 0.0216021 0.292221 0.00672056  -0.0036932  -0.00732747  0.00161972  0.00132156  0.00692971  -0.00951095  0.00190345  0.00877096  -0.0114346 
161 0.0109429 0.545033 0.0449355 0.284724 0.0252469  -0.017763  0.00447171  -0.00667639  -0.0151839  0.016379  -0.00408082  -0.0162726  -0.0148654  0.00066684 
162 0.0149632 0.682152 0.104484 0.264924 0.0598101  -0.00962301  -0.00372499  -0.0440105  0.0518436  -0.017661  0.0113369  -0.00352749  0.00369513  0.0462821 
166 1.82743e-05 0.720926 0.0040186 0.235228 -1.59136e-05  0.00190518  0.00210803  0.00029284  -0.00125625  -0.000911732  0.000383302  0.00206197  0.000717768  -0.000816312 
169 0.0108882 0.527347 0.035257 0.235189 0.00346342  -0.000955516  -0.0161397  -0.00212314  -0.00928262  0.0119453  -0.021091  0.0120122  -0.0107979  -0.00552929 
170 0.00354759 0.53176 0.0213572 0.210914 0.00537849  -0.00109023  0.00172948  -0.0158376  0.00704094  0.006755  -0.00278788  -0.00284645  0.000108638  0.00781684 
171 0.00399234 0.566032 0.0325604 0.202344 -0.00461711  0.00858515  0.000701334  -0.00631495  -0.00246385  0.0133043  -0.0233054  0.00389416  0.0134783  -0.00132031 
173 0.00333499 0.970135 0.0791314 0.192247 -0.0205079  0.020306  -0.022905  0.00257552  -0.0385847  0.00453907  -0.0466007  0.00908592  0.022833  -0.0247528 
174 0.00291425 1.05418 0.0803103 0.183383 0.00784334  -0.0068372  0.000535567  -0.027799  0.0277381  0.0500742  0.0329936  -0.0221214  -0.0224726  0.0144437 
176 0.00742156 0.587065 0.0510058 0.17527 -0.00507325  -0.0016925  -0.0178728  -0.0103851  -0.0112532  -0.0077599  0.0128987  0.0164538  -0.00674471  -0.038422 
180 0.00394002 0.532337 0.022723 0.152726 0.0045855  0.00391415  -0.003415  -0.00680303  0.0064743  -0.0024242  -0.00932308  0.00374048  -0.0150982  0.00673663 
182 0.00307743 0.618463 0.038216 0.139259 0.00959746  -0.00924682  0.00139463  -0.00766706  -0.0268397  -0.0120219  -0.0126331  -0.00603783  0.000518074  0.0126847 
183 0.00085833 2.65384 0.0859372 0.127751 0.0244185  -0.0193188  -0.00292252  -0.0147701  0.0296683  -0.0345482  0.0247005  -0.0233443  0.00156877  -0.0543849 
185 0.00122538 0.873862 0.0427984 0.124348 -0.023835  0.00224324  -0.0195315  -0.00423468  -0.0184065  0.0133776  -0.0160433  0.00780268  -0.00453132  0.00160804 
192 -1.65151e-05 -3.33326 0.0159129 0.119322 0.00327335  -0.00682759  0.000431841  -0.00307319  0.000374753  0.0106313  -0.00484127  -0.0059583  -0.00375085  0.000293949 
193 0.000688139 0.819527 0.0296539 0.119391 0.00717843  -0.00155898  -0.0130045  0.00370503  -0.0150094  -0.00454974  0.00362362  0.0146235  0.00360118  0.0125149 
195 0.00103205 0.558413 0.0155416 0.116474 0.00361834  -0.00303681  -0.00228941  -0.00969656  0.00343109  0.00129426  -0.00111122  -0.00535707  -0.00697237  -0.0052883 
196 0.00239021 0.743094 0.0482036 0.111959 0.0360869  0.0285835  -0.00269484  0.00797185  0.00380311  0.00202132  0.00978403  0.000526557  0.00431406  0.000573052 
197 0.00157613 0.56843 0.0207918 0.100734 -0.00114236  -0.00230819  0.0155459  -0.00420385  0.00218534  -0.00754209  -0.008333  -0.00375965  0.000633746  -0.00454791 
199 0.000647445 0.597295 0.0158774 0.092588 0.010085  -8.38287e-05  0.00781558  -0.000520649  1.53301e-06  -0.00605527  0.00267499  -0.00162069  -0.00650639  -0.000493093 
200 0.00216562 0.630035 0.0335766 0.0890241 -0.00202061  0.0217361  -0.00660945  0.00392428  -0.0140355  -0.000628065  -0.0123529  0.00981205  -0.0120399  0.000735752 
201 0.00147444 0.577208 0.021356 0.0759079 0.00464244  -0.00663514  0.00734594  -0.00714193  -0.00196903  -0.00347823  -0.0086242  0.00686852  0.00336031  0.0116923 
202 0.000548524 0.729635 0.022446 0.0654879 -0.00042176  -0.0018735  -0.00643188  0.00290674  0.00191568  0.0106245  -0.000136011  0.0166138  -0.00737643  0.00182188 
203 -0.000155012 0.491735 0.00226649 0.0611579 -0.00101358  0.000191157  -5.07315e-06  0.00149502  -0.000882488  0.000259406  -0.000315656  0.000427482  0.000771315  -0.000338564 
204 0.000981219 0.573786 0.0170273 0.0624124 -0.000575443  0.00171078  -0.00213968  -0.0131276  -0.000971931  0.00191744  -0.00727658  -0.00592647  -0.00302736  0.00281077 
206 0.000862497 1.04987 0.0435449 0.0539868 -0.00217196  0.0153646  -0.00229244  -0.0251681  0.00914086  0.00190093  0.0120485  0.0195067  -0.0155372  0.0127447 
208 -7.69389e-05 0.223971 0.00921709 0.045304 0.00543062  0.00402715  -0.000128143  -0.000947341  0.00439957  0.00034896  -0.000254921  -0.0017314  -0.00397367  2.27814e-05 
210 0.000659571 0.686047 0.0221556 0.0461453 0.00118373  0.00192193  0.000684975  -0.0116502  0.000988305  0.00492764  -0.0088234  0.00479876  0.0124927  -0.0082081 
214 -0.000371181 0.465556 0.00715668 0.038341 -0.00249138  0.00166413  -0.00199522  -0.00189018  -0.00229745  0.00250277  0.0018925  0.00391366  5.76137e-05  0.00206016 
216 0.000179252 3.92495 0.0495455 0.0429102 0.0132114  -0.0159685  0.0284093  -0.00591902  0.000685831  -0.0312635  0.00205882  -0.00199717  0.013266  0.00458361 
217 0.000109964 1.17694 0.0172549 0.0407682 -0.0133554  -0.00304108  -0.00071229  0.00381986  -0.000355623  -0.00755613  -0.00417672  -0.00347828  -0.00280994  -0.000597707 
218 3.36668e-05 0.794202 0.00629437 0.0393966 -0.000114359  0.00109981  0.00354296  -0.0002037  0.002091  -0.00201487  -0.00203138  -0.00172988  0.00065079  -0.00313494 
222 -3.93142e-05 0.471385 0.0021215 0.038967 2.26775e-05  -0.000311042  -0.000639508  -0.0012665  0.000559329  -0.000360092  -0.000414969  -0.000503579  0.0010446  -0.000656503 
224 2.04004e-05 0.505142 0.000647906 0.0394682 0.000352749  1.67055e-05  -4.29317e-05  -0.000112203  -0.000103192  5.78418e-05  -0.000156641  0.000198178  -0.000443056  8.08378e-05 
225 0.000333083 0.689665 0.0158966 0.0392089 -0.00147387  0.0100789  -0.00497539  0.00626263  0.00586914  0.00597278  0.00173419  -0.000616195  -0.00141767  -0.00307444 
229 -0.000265909 0.370728 0.0117282 0.0347032 0.00344823  0.00117704  0.00558226  0.000756691  0.00539405  0.00170471  0.00717184  -0.0010387  -0.00279872  0.000437515 
231 -0.000166927 0.420855 0.00727074 0.0383439 -0.00181543  -0.00443278  0.00192207  0.000825105  -0.00139945  -0.000464826  -0.000395957  0.00109162  0.00213653  0.00417798 
235 0.00012113 1.36279 0.0204451 0.0404623 -0.00100952  -0.00195524  -0.00879507  -0.012121  -0.00447903  -0.00394047  0.00261644  0.00898621  -0.00566196  -0.00580031 
238 0.000454999 0.59616 0.0132314 0.0389368 0.00349252  0.000770777  0.00270195  0.00188053  0.00330127  0.00763479  -0.000274907  -0.00605919  0.00013559  -0.00674131 
242 0.000267045 0.630903 0.0118255 0.0325758 0.000838056  0.00218711  0.000334036  -0.002916  -0.00378533  0.00188886  -0.00323036  -0.00254798  -0.00952828  -0.000359778 
243 5.66157e-06 0.502529 0.000239341 0.0281811 -3.8425e-07  -3.41619e-05  -9.89772e-06  2.95826e-05  2.6169e-05  3.60802e-05  -0.000202606  -5.13467e-05  1.81766e-05  9.56081e-05 
244 0.000217827 1.81463 0.0338405 0.0280804 -0.0067994  0.00264548  -0.0107321  0.00493846  -0.0241968  0.00972565  -0.015436  0.00225477  -0.00488818  0.00225016 
248 0.000111878 0.852994 0.0125684 0.0238895 5.13967e-06  -0.00621916  0.00121275  -0.00310093  0.00775547  0.00254275  0.00187363  -0.0020776  0.00551492  0.00182892 
249 -3.58022e-05 0.206699 0.00648109 0.0214204 0.00129856  -0.00116141  0.000235633  -0.00115156  0.00117048  -0.000378407  -0.00476477  0.00139136  0.0032048  0.00107932 
251 -4.41018e-05 0.407031 0.0040499 0.0222405 -0.000392036  -0.000943506  -0.00156075  -0.0013552  0.00122645  -0.00219404  0.00103939  0.00179659  -0.000554735  -0.000389206 
252 -0.000282309 0.143241 0.0200734 0.0232108 0.0049348  0.00184128  0.0109209  0.0033446  -0.000893234  -0.00689744  0.0108036  0.00375453  0.0037566  0.0071727 
253 -0.000230038 -0.0631507 0.0227648 0.0286547 -0.00368862  -0.000386679  0.00483172  0.00416177  -0.0153392  -0.00212563  0.00237344  -0.00731803  0.00739618  -0.0104936 
255 -0.000418468 0.387553 0.0137239 0.0324215 -0.00416855  0.00169723  -0.00847021  -0.000443326  -0.00102206  -0.00022321  0.00250689  -0.00060383  -0.000656091  0.00937936 
256 -0.000114075 0.179832 0.0120874 0.0383368 -0.00133553  0.00932474  0.00403741  0.00295939  0.00276634  0.000592618  -0.0021382  -0.00310853  0.00168051  0.00269242 
262 -0.000122429 0.433805 0.00569437 0.0397969 -0.00169699  0.00128977  0.000236217  0.00105969  0.0023235  0.00236569  0.000719218  0.0020497  0.00238045  0.00230728 
264 0.000474613 0.760294 0.0222288 0.0413065 0.00423343  0.0102283  -0.00704892  -0.00608584  0.00123983  -0.00282321  -0.00603177  0.00254293  -0.00638948  -0.0138446 
266 0.000160215 1.2013 0.0211988 0.035096 0.00966413  -0.00869328  0.00340308  -0.00559406  0.00311065  0.0119649  -0.00370547  0.00308161  0.00635941  0.00458705 
271 9.33865e-06 1.216 0.00517162 0.0327342 0.00278789  1.91457e-05  0.000536493  0.000202046  0.00278148  -0.00247778  -0.00161951  -0.00117315  0.000871682  9.65797e-05 
273 -0.000535431 0.252605 0.0230239 0.0325912 -0.00276348  -0.00273723  0.00971097  -0.00169642  0.00933164  0.0040443  0.00979198  0.0136163  0.000806799  0.00569362 
278 -0.000276249 0.26177 0.0162268 0.039972 0.00697373  -0.0103783  0.00300223  -0.000997193  0.00255248  -0.00149161  -0.00340076  0.00599484  0.00502581  -0.00393158 
282 0.000377724 0.748396 0.0193722 0.0432903 0.00949518  0.0064595  -0.00430999  0.00804637  0.00388809  0.00119629  0.000567348  -0.0116496  -0.00251752  -0.00107639 
283 2.51602e-07 0.518473 0.000136349 0.0386833 -1.16022e-05  -2.37951e-05  2.3412e-05  9.08245e-05  8.2114e-06  -8.42426e-05  9.93992e-06  1.03759e-05  4.09896e-06  4.12981e-05 
285 0.000117325 4.76265 0.0447196 0.03868 -0.0167925  0.00941886  -0.00737292  0.0294932  0.00294304  -0.00121348  0.00614501  -0.0209921  -0.0126712  -0.00747079 
286 1.66835e-05 3.98079 0.0152407 0.0371325 -0.00580887  -0.00512648  0.00109592  0.00393106  -0.000630477  0.00430612  -0.00335848  -0.00517864  -0.00777067  -0.00617893 
287 -4.39006e-06 -0.296034 0.00373879 0.0369072 0.00042534  -0.00019117  0.000515272  0.000445246  0.0011142  0.0019864  -0.00246251  0.000337674  0.00126817  -0.000569141 
289 -0.000632678 0.335397 0.0204175 0.0369666 -0.0135198  0.00783688  -0.009045  0.00220633  0.0016609  -0.00445327  -0.000999324  0.000137658  -0.0021362  -0.00760393 
290 -8.44093e-05 0.459657 0.00369128 0.0447148 -0.000635309  0.000192612  0.00301399  0.00140385  0.000450542  -0.000773438  0.000337881  -0.000141577  -0.000856353  0.000679088 
291 0.000169799 0.526696 0.00425966 0.0456489 0.00169977  -0.00105387  -0.00103607  -0.00145944  0.00205927  -0.0010752  -0.00016892  0.00152206  0.00157788  0.000842589 
292 0.000213776 1.34622 0.0268976 0.0437497 0.0079859  -0.000406659  0.000327752  -0.00598309  0.00827886  -0.00115595  -0.0122085  0.0134  -0.010278  -0.0109324 
293 8.24372e-05 0.63748 0.00673315 0.0412345 -0.000185249  -0.00103695  0.000360064  -0.00185256  0.00310169  -0.00171745  0.00268534  0.000727766  0.00401835  0.00205087 
294 0.000261962 1.90476 0.0383608 0.0402225 0.00637513  -0.00292535  -0.00787521  -0.0223617  -0.00363648  -0.0112547  0.0178013  0.0022079  0.00771183  0.0184163 
300 1.76523e-05 0.513539 0.00097781 0.0368229 -0.000204689  -0.000272707  0.000343184  -0.000106578  -0.000111987  0.000376381  0.000473461  0.000258168  -0.000496324  -0.000139124 
302 -0.000483573 0.415531 0.0127883 0.0365824 -0.00581014  0.00571021  -0.00687066  -0.00355624  -0.00305611  -0.00262751  0.000742272  -0.00214026  0.0039742  0.000391637 
303 2.10445e-05 0.689988 0.00399911 0.0426844 2.85044e-05  0.000249355  -0.00108824  0.000872471  -0.00289577  0.0010645  0.00159812  0.000610755  4.4584e-05  0.00123968 
305 -0.000164542 -3.95693 0.0541533 0.0424372 0.0244741  -0.0210657  0.0180436  -0.00358898  0.00269438  0.0163374  -0.016081  0.0142584  0.0252694  -0.0132958 
307 0.000277121 2.03747 0.041276 0.0443337 -0.0181842  -0.0158531  -0.0124099  0.0137155  0.00784589  -0.00906506  0.00111905  -0.0132389  -0.0166264  0.0135246 
308 -2.98822e-05 -4.8605 0.0253119 0.04109 0.00985175  -0.000409722  -0.00265769  -0.00207495  -0.00676843  0.0111706  0.00796222  0.0131939  -0.000459472  -0.0111274 
309 -0.0011128 0.36682 0.0243663 0.041452 0.00562783  -0.0111204  0.00663412  0.00062804  0.0110587  0.0139416  -0.00142808  -0.00618175  -0.00467195  0.00390296 
311 -4.9339e-05 0.0560744 0.00936022 0.0532137 -0.00179384  0.00373793  0.00223796  -0.00183679  0.00545166  0.000387039  -0.00424266  0.00148049  0.000193213  0.00345569 
312 -0.000259999 -0.237204 0.0276902 0.0536753 -0.013967  0.00624069  0.00418776  -0.00756393  0.00569472  -0.0104833  -0.000613091  -0.00472281  0.0170791  -0.00112669 
313 0.000720664 0.617103 0.0183764 0.0560452 0.0063222  0.00394751  0.00626766  0.00798407  -0.00753044  -0.00453156  0.00235227  0.00228846  -0.0022357  0.00927896 
314 0.000226712 1.24412 0.0259749 0.0492002 -0.0108501  -0.0139124  -0.00633086  0.0073494  -0.0103894  -0.00181128  -0.00220396  -0.00361284  -0.00248535  -0.0115765 
319 0.00118521 0.791695 0.0371824 0.0468399 -0.00471575  0.0199649  -0.00679714  -0.0128016  -0.0041488  -0.00759368  -0.00838004  0.0114721  -0.0217408  0.00149737 
320 5.1182e-05 0.5255 0.00228511 0.0317721 0.000602003  0.000856117  0.000362295  0.00130424  -0.000854637  -0.00056672  -0.000398167  0.000738959  -0.000609904  -0.000407332 
324 -0.000449717 0.0506698 0.0284339 0.0309562 0.00846545  -0.0029364  -0.0117454  0.00935929  -0.00506302  0.00133406  0.00656273  -0.00504443  -0.0111208  -0.0168241 
325 -0.000415246 0.103392 0.0256696 0.0375247 -0.00881445  0.0026163  0.0112688  0.00184773  0.0173412  -0.0034404  0.000630737  0.00426627  0.00229699  0.0103711 
326 -0.000259995 -0.416063 0.0308664 0.0427017 -0.00867371  0.00940496  0.00769281  0.000191161  -0.00700803  -0.00932453  -0.0242711  0.00108229  0.00183646  0.000375557 
328 -7.97201e-05 0.439704 0.00438534 0.045645 -0.000707524  0.000720377  0.00036168  -0.000557552  -0.000350784  -0.00226852  0.000492924  -0.00141573  -0.00142963  -0.00286524 
329 0.000387988 0.657524 0.0156362 0.0465101 0.00260444  0.00333556  -0.00290824  -0.00044704  -0.0018183  -0.00504576  0.00945139  -0.00951125  0.00302906  -0.000434937 
330 9.93512e-05 0.563199 0.00501192 0.042134 -3.75578e-05  0.00047008  0.000804527  -0.00133421  0.0015095  0.00182153  0.00310375  -0.0016314  0.00178548  -0.00117915 
331 -0.000108275 -0.537595 0.0211988 0.0409381 0.00343953  0.00059412  -0.00517101  -0.00528268  -8.95851e-05  0.00164381  0.00606722  -0.00962665  -0.014104  0.00717247 
333 -4.78547e-05 0.485231 0.00168175 0.0422399 -0.000728166  -0.000224636  0.000321587  1.37549e-05  -0.000124503  -0.000369688  -0.000805569  -0.000829043  -0.000352053  0.000729113 
334 -1.05842e-05 0.456357 0.00135932 0.0428026 0.000408681  0.000586943  -0.000316284  0.000563069  3.37818e-05  0.000242941  0.000734387  6.15787e-05  -0.000514842  0.000225405 
335 -4.86712e-05 0.350992 0.00538622 0.0429261 -0.000306468  0.000726477  0.00179252  -0.00387109  -0.0011701  -0.00280964  -1.42832e-05  -0.000296315  0.00032326  0.000857567 
337 0.000211434 0.567002 0.00752874 0.0434893 0.00387287  -0.00254287  -0.00100549  0.000864481  -0.00126859  2.27659e-05  -0.00146048  -0.00368029  0.00399002  -0.000500663 
340 2.76747e-06 0.505417 0.000244881 0.0409867 0.000151243  6.58039e-06  6.73191e-05  -8.63474e-05  -2.93028e-05  -1.13414e-05  7.89823e-05  -0.000113494  1.20602e-05  6.93499e-05 
342 4.15084e-06 10.1086 0.0126305 0.0409529 -0.000407417  0.00344497  0.0012446  0.00421958  -0.00898937  -0.00558986  -0.00214254  0.0027512  -0.000499919  -0.00191786 
343 -0.000118052 -1.24419 0.0286983 0.0409022 0.00316731  -0.00703219  -0.000354233  0.0088887  -0.0212348  0.00379226  -0.00356353  0.00647359  -0.0101414  0.00788805 
344 7.2554e-05 0.63359 0.00622663 0.0423208 0.00059934  -0.00101345  -0.00035204  -7.72881e-05  -0.00416152  0.000336377  -0.00213109  0.00182662  0.00329879  -0.00103111 
345 0.00025671 0.548264 0.00704169 0.0414548 0.000717056  -0.000164966  -0.00208043  -0.000252409  0.00405089  0.000123389  0.00373493  0.00202022  0.00299379  -0.00111063 
347 4.65099e-05 0.597585 0.00426091 0.0382338 -0.00207278  -0.00284327  0.00110409  0.000348473  0.000436747  0.00076888  -0.00120618  0.000788102  0.00125393  -6.34953e-05 
349 1.42464e-05 0.580226 0.00213817 0.0376207 -0.000594895  0.000421314  0.00061546  -1.78691e-05  -0.00147653  0.00029447  0.000885218  0.000592956  0.000149963  -0.000486533 
350 2.71973e-05 1.48286 0.0103403 0.0374309 -0.000921583  -0.00173761  0.00306901  0.00108803  0.00377663  -0.00148594  0.000798507  0.00742132  0.00394263  -0.00217294 
351 4.11382e-05 0.781881 0.00681058 0.0370658 -0.0023439  -0.000346757  0.00211849  0.0028499  0.00294487  0.00159452  0.00357771  0.000748018  0.00157425  0.00105233 
352 6.84453e-05 0.93867 0.0109588 0.0365066 0.000309963  -0.00324943  0.00274325  -0.00237956  0.00369175  0.00340794  -0.00563345  -0.000364258  -0.00327638  -0.00532983 
357 0.000130084 0.56295 0.00572374 0.0355569 0.00301048  0.00267898  -0.00233718  -0.000494996  -0.00119238  -0.000344445  0.000788063  0.00175723  0.00230115  0.000518837 
362 0.000334158 0.730887 0.0175671 0.0336781 0.000525187  -0.00147941  0.00600505  -0.00881541  0.0042597  0.00902476  -0.00546987  -0.000481338  0.00308823  -0.00728607 
365 -0.00149396 0.210207 0.0416388 0.0282863 0.020499  -0.000347404  -0.0126207  -0.00965394  -0.00421888  0.0148833  -0.015776  -0.0108937  -0.020978  -0.00374687 
368 0.000279078 0.590409 0.0100473 0.0479082 0.00257896  0.00136358  0.00273707  0.00215943  0.00600689  -0.00103649  0.000357567  -0.000469096  0.00244499  0.00606634 
372 0.000538486 0.600429 0.0147105 0.0449016 -0.00294069  -0.00410032  0.00613815  0.000446955  -0.000784006  -0.00227841  0.00616275  0.00939743  0.00391052  0.00238188 
374 -3.88025e-05 0.308478 0.00545228 0.0384423 0.000372733  0.00239255  0.000836616  0.00311458  0.00216166  0.0021878  0.00016432  0.00183112  -0.000425462  -0.000665857 
375 -0.000442945 0.361 0.0156978 0.0389438 -0.00114507  -0.0016252  0.00975847  -0.00741886  0.00173629  0.00805892  -0.00132434  -0.000567083  -0.00347681  0.00317453 
376 7.77227e-05 4.24567 0.0341216 0.044268 0.00775116  0.021508  0.00178462  -0.00306604  -0.00657049  -0.00137359  0.0160629  -0.0177491  -0.00326977  0.000477226 
377 -0.000610581 -0.377187 0.0462887 0.0433813 0.00516028  -0.00558306  0.0143781  0.0290277  -0.00214692  0.0143704  0.0128173  -0.00374523  0.0214842  0.0135833 
378 0.000833823 0.713495 0.0266843 0.049927 -0.019684  -0.0108096  0.00101987  -0.0123807  0.00220529  -0.000536918  -0.00538204  -0.00303188  0.00283683  0.00143732 
382 -0.000572844 0.331863 0.0196347 0.0407337 0.00815956  0.000614791  -0.00258109  0.00250247  -0.000148596  -0.00800689  0.00436863  -0.00764909  -0.00111596  0.0127541 
383 -0.000445333 0.426291 0.0114642 0.0472466 -0.00534727  -0.00509293  0.0022484  0.00223123  0.00550399  -0.0023073  0.000847612  -0.00130136  -0.00442419  0.00304288 
385 3.35272e-05 0.507 0.000969157 0.0517462 0.000386968  3.49098e-05  -0.000357396  0.000296567  0.000228282  0.000126129  -0.000241686  0.00038492  0.000545854  7.98228e-06 
386 8.45318e-05 0.727278 0.00876632 0.0514212 5.95755e-05  -0.00461773  -0.000485413  -0.00187248  0.00086959  0.00431846  -0.00387673  7.8347e-06  0.00044046  -0.0041414 
387 -9.25173e-05 -2.09488 0.0309874 0.0505927 -0.00274503  -0.00619536  -0.00596032  0.00836604  0.00192676  0.000850886  0.00804446  0.00887569  -0.0168683  -0.0193988 
389 -0.000217673 -2.28286 0.0492196 0.0514989 0.0180485  0.00652832  -0.00929001  0.0114771  -0.001161  -0.0326596  -0.00123342  -0.0118773  0.0222216  -0.0114795 
390 8.31644e-05 1.91409 0.0216878 0.0535708 8.13997e-05  -0.00115629  -0.00961218  0.00455665  -0.00345231  0.00888566  -0.013029  -0.000832462  0.00117525  0.00965187 
391 0.000311641 0.706569 0.0160468 0.052789 -0.00485136  0.00228181  0.00390981  0.00259076  0.00355577  0.00698387  0.00549626  0.00621851  0.00565655  0.00666834 
401 9.51622e-05 0.582658 0.00560951 0.0497502 0.000390854  -0.0022076  0.000415666  -0.0031868  -0.000592932  0.00305689  -0.0014198  -0.00168908  -0.000922325  -0.000834351 
403 0.00029693 1.26736 0.0301862 0.0487845 -0.00155178  -0.00655343  -0.00713513  -0.0226137  0.00933805  -0.00590019  0.00767969  -0.00617578  0.00214816  -0.00893406 
405 0.000487676 0.720963 0.0207611 0.0456403 -0.0147789  0.010345  0.000611408  0.00525011  -0.00298712  -0.0025452  -0.00346101  -0.00136658  -0.0049952  -0.00484258 
406 0.000751197 0.696412 0.0242939 0.0399435 -0.00116064  0.00259841  -0.00144219  -0.00919392  -0.0074677  -0.012863  -0.00307943  0.0130407  0.00210427  0.00950218 
408 -0.000593302 0.401164 0.0153231 0.0290614 0.00397048  -0.000858119  -0.000697744  0.0070965  0.0105678  0.00127861  -0.00294833  -0.00157457  -0.00464095  0.00462883 
410 7.21068e-05 0.804218 0.00936714 0.0379216 -0.00107405  0.000317866  -0.000120417  0.00458347  -0.0061508  -0.000194054  0.00251724  0.00118535  0.00366956  0.00252758 
413 -0.000380112 0.35598 0.0148014 0.0369586 -0.00468933  0.00233444  0.000825993  0.00635224  -0.00785079  -0.0070269  0.000974603  0.000278233  -0.0057402  -0.00237085 
414 0.000615607 0.607262 0.016255 0.0417867 -0.000894439  0.00363565  0.00738836  -0.00271894  -0.00932743  0.00802196  0.00390725  0.00265717  0.000805925  -0.00372774 
415 -0.000229615 0.475025 0.00479244 0.033626 0.00176554  -0.00140676  0.000816313  0.0033202  0.00044471  -0.00101622  -0.000738309  -0.00174237  0.000883316  -0.00076785 
417 1.60145e-05 0.507677 0.000701355 0.0368829 0.000226029  -4.13133e-05  7.91581e-05  -0.000372268  0.000452584  -1.4556e-05  0.000212855  -0.000149744  0.000146503  -3.98061e-06 
418 0.000466015 0.700302 0.019323 0.0366652 0.00780968  0.00881401  -0.00621718  -0.00717388  -0.00180868  -0.00113948  -0.0040205  0.00716565  0.00690123  -0.00498753 
419 6.37196e-06 0.505326 0.000368457 0.0296383 -7.81497e-05  -0.000259343  -6.31701e-05  -5.41324e-05  4.95041e-05  4.43148e-05  -0.000163968  -6.68144e-05  8.43333e-05  0.000112237 
420 0.000352786 1.20602 0.0315603 0.0295306 -0.00774338  0.0074986  -0.0019816  -0.0153411  -0.00826398  0.0158948  0.00916726  0.0140101  0.0016656  0.00604609 
421 6.73953e-05 0.677802 0.00692332 0.0227889 0.00120719  6.66062e-05  -0.00149993  -0.000613385  0.00280683  0.000664266  -0.00334387  0.00430565  -0.00211554  -0.00115306 
422 -0.000945431 0.123532 0.0377434 0.0212589 -1.4359e-05  0.00737224  -0.00238941  0.0128242  0.020403  -0.0051366  -0.0233908  -0.00714793  -0.00325689  0.0121881 
423 -0.000244268 -0.995262 0.038222 0.0373874 0.00136871  -0.00288125  0.00788681  0.000375848  0.0053489  0.0101791  0.0180362  0.0164362  -0.0204423  -0.0155833 
424 0.000395503 0.848846 0.0234906 0.040523 -0.00326332  -0.00166622  -0.0192443  -0.00355713  -0.00251414  0.000231122  -0.00175428  -0.0103183  0.00613304  0.0013624 
425 -0.000172386 0.484064 0.00331723 0.0353085 0.000648447  0.000881355  0.000445572  0.00109799  0.00126865  -6.82825e-05  -0.000928091  0.000865152  -0.00223892  0.000407334 
436 -0.000110878 0.465545 0.00391002 0.0376708 -0.00128612  0.00098949  -0.000449919  -0.000631906  -0.00120643  -0.000443595  0.000842143  0.0021695  -0.0013163  0.00180347 
438 8.97896e-05 0.54366 0.00396034 0.0391149 -0.000857525  -0.00209578  -0.000269925  0.0012255  -0.00193056  -0.00148534  0.00132498  0.000634845  0.000652645  -0.000681235 
439 0.000299866 0.62989 0.0124827 0.0379498 0.00529156  -0.0063719  -0.00233698  0.00105495  -0.00365839  -0.000586988  0.00223011  -0.00118875  0.00532431  -0.00567254 
440 3.72282e-05 0.933302 0.00803263 0.0337693 -0.00100751  0.00144419  -0.00092714  -0.00312305  -0.000591776  0.00282019  -0.000412114  0.00400289  0.00503838  -0.000963051 
442 -0.000246384 -0.227624 0.0267797 0.0332136 -0.00873074  -0.0112111  0.00547828  -0.00112373  -0.0115707  -0.00845658  -0.000446103  -0.00228644  -0.0164581  -0.00150828 
443 1.06587e-05 0.534958 0.00122086 0.0367363 0.000190933  -4.90148e-05  -0.000333248  -0.000228377  -0.000732139  0.000751908  -0.000204907  -4.44523e-06  0.000269224  0.000269338 
444 -0.000181362 0.438526 0.00667955 0.0365909 -0.0017531  0.00232375  -0.000192694  0.00241466  0.000331157  0.000169332  0.002243  0.00270372  -0.000507323  0.00418791 
448 0.000273984 0.536542 0.00633079 0.0389907 0.00328089  -0.000959984  0.00372923  -0.00207581  -0.00200023  0.000295625  0.000185056  -0.00212145  0.000684012  -0.00104212 
449 -0.000264932 0.338603 0.0130802 0.0353034 -0.00249525  -0.00661456  0.00210513  -0.000310478  -0.00801169  -0.0010094  0.0026003  0.00340591  0.0022224  -0.00529877 
452 0.00028392 1.30567 0.0302455 0.0388754 -0.00501991  -0.00144073  0.0239651  -0.0127569  0.00834767  0.00355452  -0.00637856  0.00288392  0.00427442  -0.00092511 
453 6.68761e-05 0.792547 0.00884626 0.0350345 0.00635442  -0.000326822  0.00118755  -0.000594006  0.00430871  0.00018766  -0.0024921  0.00218374  0.000502675  0.00248508 
456 1.35025e-06 2.72325 0.00346522 0.0340667 0.000543013  -0.00171091  -0.000540594  -0.000637824  -0.00116498  -0.00181  0.00113513  -0.00101569  -0.00049234  0.000943799 
459 -2.37787e-06 0.485243 0.000374654 0.0340469 -7.06227e-05  0.000170128  -3.29937e-05  0.000172911  4.91742e-05  -0.000211437  -3.40033e-05  8.80267e-05  -8.88651e-05  0.000107339 
464 0.000200018 1.21354 0.0238916 0.0340818 -0.0048764  -0.00389675  -0.00724052  -0.00514369  -0.0141346  0.00170039  -0.00415065  -0.0106285  0.0107849  0.00194402 
465 3.14497e-06 0.501091 0.000117174 0.0310092 -4.75998e-05  2.73949e-05  2.11483e-06  1.05663e-05  6.8916e-05  -2.73099e-05  -4.69735e-05  -5.24203e-05  7.21667e-06  9.77549e-06 
466 0.000306753 0.650037 0.0135688 0.0309585 0.00211493  0.00457003  -0.00556655  0.00314715  -0.000921137  -0.00231553  0.00899408  -0.00499148  0.0023199  0.000679501 
467 -0.000574294 0.344786 0.0188893 0.0255288 0.00187561  0.00125288  0.00626937  -0.00169876  -0.00254983  9.56905e-05  -0.000664399  -0.00502122  -0.0164671  -0.00248935 
471 -0.000201557 0.0454439 0.0191446 0.0350169 -0.00191225  -0.00234622  0.000311505  0.00218526  0.00204793  -0.0126745  -0.00304852  0.0047967  0.00262566  0.012184 
472 3.40291e-05 1.17807 0.009607 0.0377857 -0.00384573  0.00300484  -0.00118381  -0.00233493  0.00057248  0.0030086  -0.0022409  0.00200781  -0.00217623  -0.00620114 
473 -3.39656e-05 -0.161419 0.00947962 0.0373327 0.00160075  0.00032373  -0.00492022  0.00438629  -0.00479599  0.00241632  0.00342472  0.00087462  0.000388271  0.00150443 
475 -8.6282e-06 0.318717 0.00250133 0.0377849 -0.000908037  -0.000407628  0.000937168  -0.000160971  -7.34576e-06  -3.23219e-05  0.00164326  -0.000651569  0.000195025  -0.00109444 
477 0.000188104 0.624295 0.00967106 0.0378989 0.00459589  0.000637183  0.00143595  0.00391876  0.00256041  -0.000336446  0.00373745  -0.00491259  -0.000899232  -0.00300049 
480 -0.000573321 -0.0334245 0.0349803 0.0353304 0.00189415  -0.00228451  -0.000632789  0.00249928  -0.000134615  0.0256146  -0.0214809  0.00883331  -0.00339929  -0.00101569 
481 8.94718e-05 0.601639 0.00603136 0.0426816 0.00204834  0.00151063  -0.003866  -0.000912386  -0.000606518  -0.00221869  0.00247345  0.00156878  -0.0004508  -0.000220335 
482 0.000556066 0.590333 0.0141781 0.0416204 0.00251276  0.00590858  0.00548893  -0.00195419  0.00437726  -0.00745233  0.00439091  0.00325366  0.00417032  0.00197221 
483 -5.50166e-06 0.439339 0.00115541 0.0342979 0.000701538  0.000161206  0.000164363  -0.00036152  0.000230892  -0.000429484  -0.000154608  0.00030894  -0.000117784  -0.000536769 
484 -0.000321757 -0.0535633 0.0266937 0.034378 -0.011732  0.00861096  0.00678082  -0.00973889  0.00755223  -0.00396356  0.0138773  0.00104789  -0.00165989  0.009527 
485 -0.000122226 0.227 0.0115535 0.038777 -0.000540562  0.00140106  0.00410659  0.000602557  0.00270204  -0.00172507  0.00149438  -0.00157394  0.00444991  0.00890015 
486 0.000200511 0.568487 0.00741241 0.0403223 0.000227099  -0.00112762  0.000121085  0.000786985  0.00262335  2.89181e-05  0.0035491  0.000305627  0.00576579  -0.000412513 
487 0.000163397 1.15592 0.0207041 0.0377544 0.0142915  -0.000413754  -0.00046001  0.00365565  -0.00217878  -0.00516582  -0.00722948  -0.000851861  0.00952614  0.0059576 
488 0.000640796 0.645869 0.019338 0.0355248 -0.000918764  -0.0107586  -0.00306687  0.00558411  0.0034619  0.00542785  -0.00529698  -0.00338063  -0.00544549  -0.0103049 
489 -1.27274e-06 0.496839 0.000126861 0.0249283 1.92784e-05  -6.30407e-05  8.50618e-06  -3.38966e-05  7.95824e-05  9.62113e-06  -3.73964e-06  5.71127e-06  3.35723e-05  5.41005e-05 
490 -0.000424722 0.0628617 0.0272549 0.0249539 0.00212036  -0.00132632  0.00424753  0.00242332  0.00825572  -0.0120644  0.0153658  0.00688704  0.00743596  -0.0126538 
491 3.88518e-05 3.01805 0.0197812 0.0323652 -0.00396145  0.00634566  0.00765535  -0.00413195  -0.00145681  0.0141405  0.00129602  -0.00477747  0.00532888  0.00216342 
492 -0.000741081 0.383846 0.0185663 0.0317594 -0.00193819  0.00421041  0.00300903  0.00684793  -0.00903572  0.00286653  0.000969794  0.00614352  0.00781473  0.00881241 
494 0.000305526 0.566334 0.00900555 0.0418331 -2.09851e-05  0.00327456  -0.00258587  -0.00011186  0.00107195  0.00252936  -0.00137235  -0.00558572  0.00324348  -0.00353936 
497 9.07153e-05 0.637074 0.00705268 0.038007 -0.00301322  -0.00251628  -0.00438487  0.000118919  0.000295639  0.000810858  -0.00154829  0.000800678  0.00291957  0.00166759 
501 -5.73839e-05 0.449519 0.00340427 0.0367943 -0.000862943  0.000407437  -0.000933472  0.0018338  -0.00056758  -0.00182492  -0.00010153  0.000281272  0.00102882  0.00128211 
