generation s h r distopt trait[0] trait[1] trait[2] trait[3] trait[4] trait[5] trait[6] trait[7] trait[8] trait[9] 
1 0.0347304 0.507005 0.0392319 2 -0.00892001  0.00680839  0.00862637  0.0226212  -0.00878983  0.0134481  0.0140289  0.00684931  -0.00809574  -0.0161155 
3 0.0604036 0.49653 0.030095 1.99145 -0.0150207  0.0160458  0.00846862  -0.00954304  -0.00336632  0.00474671  -0.00736717  0.00292965  -0.0123349  -0.0033113 
5 0.0801514 0.518638 0.093342 1.97667 -0.0222823  -0.0580372  0.0324399  -0.000804627  -0.0234031  0.0327689  0.00297713  0.0115484  -0.0450469  0.0014031 
6 0.0100668 0.536659 0.0389701 1.95707 -0.0018874  -0.0136285  -0.00919302  -0.00288232  0.00556722  -0.00852263  0.0186124  -0.0149273  0.0221606  -0.00851961 
9 0.0432711 0.619414 0.14518 1.95451 -0.018769  -0.0405648  -0.0291748  -0.0396481  -0.0794822  0.0820807  -0.0505144  0.0302138  0.00841248  -0.00813558 
10 0.141691 0.561054 0.202379 1.94364 -0.0428053  0.0636771  -0.109149  -0.0553214  0.0181445  0.0462358  0.107841  -0.0250944  -0.0618821  0.0392529 
15 0.0853023 0.496107 0.0455542 1.90925 -0.0218631  -0.00755162  -0.0236774  0.0114342  0.00736961  -0.00258412  0.00199255  0.00276142  0.0141741  0.0239856 
17 0.176744 0.540504 0.198629 1.88769 -0.0521464  0.0753687  -0.0994994  -0.0305062  -0.0273151  -0.045997  -0.109269  -0.0429351  0.0185249  0.0568761 
21 0.0535791 0.500928 0.0394419 1.84407 -0.0133983  0.0126306  -0.00376654  0.0146809  -0.012659  -0.0190081  -0.0131015  0.0106353  0.00858318  -0.0103397 
22 0.0332054 0.539019 0.0750216 1.82987 -0.0154157  -0.0162678  -0.0127647  0.0268941  -0.0422862  0.0436069  -0.0166484  0.00940171  0.0127145  -0.00477655 
23 0.0344965 0.501653 0.028273 1.82092 -0.0105908  -0.0119932  -0.0113712  -0.0026183  0.00376192  0.00554795  0.00378093  -0.00169694  0.0185645  -0.000673081 
24 0.0409396 0.500639 0.0301232 1.81158 -0.0107435  -0.0060853  -0.00713681  0.00447364  0.0170196  -0.000410128  0.00543015  0.0117089  0.0109328  0.0103952 
30 0.0106184 0.499255 0.00492877 1.80048 -0.0027701  -0.000839421  0.00264559  -0.00139625  0.000408051  0.000244265  -0.00162035  -0.000292149  -0.000410242  0.00196488 
31 0.0332407 0.620775 0.12767 1.79754 -0.00760665  0.0539044  0.0477813  -0.0232992  -0.0650883  -0.0525157  -0.0241886  -0.0205301  -0.00697682  -0.0496026 
33 0.0767745 0.500838 0.0546177 1.78842 -0.0207554  -0.00579654  0.0164145  -0.0106635  -0.00497249  0.0202969  0.0219351  0.000926128  -0.015178  -0.0314084 
35 0.00185116 0.624184 0.0303363 1.76762 0.000365624  -0.0144389  0.016557  -0.0172361  0.00223999  0.00650991  0.00420226  -0.00279013  -0.00765637  -0.0029993 
36 0.0607599 0.497826 0.0350232 1.7671 -0.0202775  -0.0124385  -0.0123073  -0.00792362  -0.01732  -0.00672452  0.000824345  0.00519214  -0.000194699  -0.00857926 
39 0.0847537 0.499833 0.0570426 1.75033 -0.0170548  -0.0156148  0.00461612  -0.000587719  0.0311821  -0.0305699  0.0172729  -0.0181672  0.00592066  0.0112794 
40 0.0360013 0.498874 0.0215909 1.72693 -0.0106872  -0.00595332  -0.0126177  0.00268255  0.00486209  -0.00509074  -0.00289804  0.00224223  0.00354296  -0.00863551 
41 0.0515432 0.499744 0.0348053 1.71666 -0.0132131  0.00882  0.00386137  -0.0104288  0.0188758  -0.0127026  -0.00455644  0.000426438  -0.0162806  0.00563083 
43 0.0838101 0.494281 0.0373799 1.70196 -0.0208162  -0.00178274  -0.000756867  0.0114439  0.0172404  -0.00952019  0.00311062  0.00688886  0.0140692  -0.0136489 
47 0.0455457 0.520425 0.0680317 1.67815 -0.017649  -0.00779882  -0.00923428  -0.0271155  0.0026776  0.0166595  -0.0373044  0.0333088  0.0245335  0.00691258 
48 0.0274221 0.514318 0.0437598 1.66483 -0.00886648  -0.00301713  0.0184505  -0.0207817  -0.00493212  0.00372547  0.00215548  -0.0069364  -0.0107057  0.0291432 
53 0.0446005 0.499202 0.0285058 1.65668 -0.01299  -0.0119552  -0.0095465  0.0115253  -0.000684681  -0.00825493  0.000230951  -0.0133747  -7.78102e-05  -0.00542098 
54 0.084688 0.494914 0.0406221 1.64346 -0.0234372  0.00370504  -0.00578893  -0.00125398  0.0190407  -0.00903351  0.0186193  0.00209961  -0.00791708  -0.0139328 
55 0.0557196 0.505827 0.0522799 1.61854 -0.0228608  -0.0067821  -0.0150941  0.00729715  -0.0377311  -0.00422431  -0.0205692  -0.000970499  -0.00335803  0.0025891 
60 0.0821821 0.510354 0.0799131 1.6017 -0.0226029  0.0274915  0.0119691  -0.0113615  0.0244192  0.0337502  0.0513839  0.00490019  0.0197727  -0.00751186 
62 0.0475451 0.501103 0.0358267 1.57685 -0.0174953  0.00343236  -0.0153647  0.00965177  -0.0108368  -0.00493931  -0.0186533  -0.00878028  -0.00440748  0.00708227 
65 0.082742 0.499662 0.0552406 1.56205 -0.0251672  -0.0135702  0.0277259  -0.0148884  -0.0149053  -0.00888664  0.0141301  0.0143066  -0.0175802  -0.0151347 
68 0.0346722 0.516601 0.0533234 1.5364 -0.00962649  -0.0350368  0.011786  0.0227503  -0.0180119  0.00303598  0.011453  0.00501642  0.0156232  0.0115146 
69 0.031974 0.508692 0.0398664 1.52526 -0.0164048  -0.0197897  -0.0133624  -0.00692989  -0.0150861  0.015901  -0.00864879  0.00723024  0.00662438  0.00711418 
70 0.00412639 0.502796 0.00738509 1.51491 -0.00112687  -0.00206777  0.000227989  -0.00171753  0.00167491  -0.00380757  0.0027649  0.00228589  -0.0035844  -0.00172376 
71 0.087283 0.532768 0.120196 1.51355 -0.0334384  -0.0357646  0.0297992  0.0116891  -0.0461888  -0.0418822  0.0223689  -0.0289481  -0.071797  -0.0253891 
72 0.00708254 0.513736 0.0203138 1.48565 -0.00321182  -0.0049962  0.0101737  -0.0059143  -0.00533537  0.0100136  -0.00590401  -0.00524316  0.00684816  0.000951801 
73 0.0682956 0.508975 0.0674677 1.48327 -0.0125882  -0.00595193  0.0341623  0.0342722  0.015718  -0.00110504  -0.012522  0.0106764  0.0333704  0.0195884 
75 0.00549863 0.522745 0.0226694 1.46083 -0.00358701  -0.000957674  0.000766338  0.00207515  -0.0128107  -0.0112742  -0.00979722  -0.00701014  0.00547765  -0.00537316 
77 0.0282699 0.501878 0.024453 1.45896 -0.00914271  -0.0103126  0.0095089  0.00719758  0.00151049  0.00662171  -0.00601207  -0.00564256  0.0103323  -0.00670201 
78 0.0405677 0.50002 0.028174 1.44937 -0.0106248  0.0167992  0.00738462  0.00683106  0.00478195  -0.00728325  0.011857  0.00644167  -5.3688e-05  0.00628327 
82 0.0298811 0.502261 0.0264528 1.43559 -0.00862528  -0.0114823  0.00897423  0.0135561  0.00418893  -0.0142134  -0.00172312  0.00121041  -0.00169776  0.00152312 
83 0.0568754 0.497039 0.0295739 1.42529 -0.0204637  0.000336268  0.00735095  -0.00299399  -0.00129934  0.00640787  0.00239006  -0.00571024  -0.00907544  0.0151428 
85 0.1336 0.503068 0.0969227 1.40576 -0.0491927  -0.00484736  -0.0598917  0.0224401  0.0147192  0.0343515  0.0211977  -0.0116156  0.0248458  0.016179 
87 0.0153517 0.522731 0.0387433 1.36042 -0.00508092  -0.00244163  0.00844494  -0.024128  0.0152031  0.0169892  -0.00143548  0.000208171  0.0116391  0.0125875 
88 0.0253254 0.61466 0.108473 1.35481 -0.0118895  0.0450003  0.0250535  0.0325052  -0.0328446  0.0313006  -0.0441662  -0.0129633  0.0102384  -0.0602798 
89 0.0102576 0.607521 0.0666241 1.34555 0.00177023  0.0130289  0.0414143  -0.0103842  0.00764661  -0.00400581  0.0400715  0.0215757  0.0121385  0.0122396 
90 0.048685 0.552158 0.10504 1.34175 -0.0226218  -0.0151278  0.0325154  0.0419427  -0.0323037  -0.023474  -0.0598634  0.0333927  0.0324247  0.0114738 
91 0.045093 0.505838 0.0447464 1.32392 -0.0140696  0.000350347  -0.00937555  0.00803312  0.0154302  0.00202659  0.0137541  -0.0343488  0.00436812  -0.0046293 
93 0.0283347 0.510433 0.0394468 1.30716 -0.0119696  0.0206869  0.0155472  0.00441253  -0.0135081  -0.00180588  0.00511059  0.0214296  -0.00628793  -0.00360982 
96 0.0641737 0.506076 0.0586943 1.29642 -0.0254727  0.0015485  0.0214107  0.0174584  0.00356839  0.00795008  0.00238458  -0.00309539  0.0130458  0.0420614 
97 0.00865828 0.499839 0.00562256 1.27221 -0.00354889  0.00108652  0.00221663  -0.00241035  -0.000790869  -0.000278217  -0.00159788  0.000719248  -0.00179455  -0.000347919 
99 0.0233358 0.500808 0.0184561 1.26882 -0.00761599  0.00245371  0.000934864  -0.000935352  0.00608538  -0.00716914  -0.000264768  -0.013118  -0.000246217  0.00376996 
100 0.00523896 0.530863 0.0256646 1.25969 -0.00265375  0.0167664  0.000726179  -0.00565997  -0.00648061  -0.00244974  0.00810889  0.00961695  -0.0088241  0.00733805 
106 0.139978 0.497147 0.0841572 1.25762 -0.0473941  -0.00916907  -0.00341951  -0.0158834  0.0376788  0.0086539  0.0469344  -0.0261314  -0.00941029  -0.00440062 
107 0.0448326 0.501944 0.0360904 1.20441 -0.0206961  -0.00293309  0.0035656  -0.00442971  0.00018992  0.0145096  0.0180203  -0.0116999  -0.0121046  -0.00381414 
111 0.0448729 0.512331 0.0559245 1.18606 -0.0144166  -0.0269818  -0.0170937  -0.0110166  0.0102153  -0.0324003  -0.0220363  0.00825037  -0.00747913  -0.00379389 
112 0.0658216 0.509925 0.0675306 1.16741 -0.0274813  -0.0367269  0.0221815  0.00770631  0.0193015  0.0119626  -0.00214654  -0.0149233  -0.00715315  -0.033328 
113 0.0403887 0.506608 0.0427803 1.13978 -0.0141145  0.0025872  -0.00945383  0.000605473  0.0246427  0.00695649  0.0233692  0.0081388  -0.0160003  0.00323705 
122 0.0412016 0.499297 0.0264858 1.12227 -0.016842  -0.0101694  -0.00333638  0.00226984  0.0119569  -0.00504716  0.00543799  0.0086632  -0.00479392  -0.00144833 
127 0.0948556 0.519598 0.10582 1.10414 -0.031181  0.0344116  0.0153163  -0.00635324  0.0642378  -0.0463675  0.00474919  -0.0331768  -0.0358402  0.0090681 
130 0.0300292 0.544179 0.075249 1.06231 -0.0165438  -0.0105992  -0.0458429  -0.00973661  -0.0187653  -0.00222872  0.000421026  0.0449508  -0.0130951  -0.0230363 
131 0.0195812 0.507807 0.0281691 1.04829 -0.0096284  -0.000428259  0.00178913  0.00757714  -0.00341858  0.0071787  -0.0105531  -0.0190385  0.0101141  0.000803277 
133 0.0409649 0.571521 0.110786 1.039 -0.0338281  -0.0148683  -0.0205634  0.000386271  -0.025628  0.00635035  -0.0370858  0.00618098  -0.0914828  -0.00231141 
137 0.0715635 0.51124 0.0741163 1.0195 -0.0258789  0.0128152  0.0362006  -0.00259542  0.048795  0.00501186  0.00228741  -0.0199716  0.0162447  -0.0163706 
139 0.0405862 0.51273 0.0530699 0.985016 -0.0147017  -0.00761341  0.0156601  0.0229659  0.0243964  -0.000203819  -0.0137824  0.0226123  0.0202132  0.00803549 
140 0.0102012 0.638613 0.0753319 0.96461 -0.0128331  -0.036381  -0.0569319  -0.00672233  0.0210222  0.00868771  -0.00608881  -0.00505322  -0.0141806  -0.010913 
141 0.0113063 0.526837 0.0356358 0.959335 -0.00535775  -0.00632766  0.0102134  -0.0151811  0.0126028  0.0118928  0.0157939  0.00797445  0.00615922  0.0146678 
145 0.0626804 0.64625 0.192988 0.953457 -0.0649593  -0.00638569  0.0224937  -0.117521  0.0478337  0.0677154  -0.0624879  -0.0836804  -0.0155357  0.0253938 
146 0.0160354 0.507525 0.0246031 0.921024 -0.0113368  -0.00309621  0.0047832  0.000227806  -0.0065308  0.015096  0.00610478  0.0088326  -0.00212405  0.0073442 
147 0.0487873 0.579136 0.127207 0.912347 -0.0340315  0.0254264  -0.00200803  -0.0340955  -0.0162118  -0.0380335  -0.0159461  -0.0402999  0.0370024  0.0908495 
148 0.0181985 0.514388 0.0346473 0.885857 -0.0080822  0.00306517  0.00775663  0.0241006  -0.00597374  -0.00149427  0.0143191  -0.0126493  -0.00653786  0.00624587 
152 0.0997738 0.51259 0.0964559 0.875619 -0.0469089  0.0202178  0.0116379  0.0556278  -0.0256472  -0.00274633  -0.0065417  -0.0214092  0.0381015  -0.0290939 
153 0.0255017 0.628244 0.114949 0.819514 -0.0318994  0.062002  0.0364842  -0.0105651  -0.000712217  0.0438957  0.0187146  -0.0122681  0.0326633  0.0584273 
155 0.0517242 0.533408 0.0894627 0.804004 -0.039321  -0.0115882  0.0597363  0.0142664  0.0126214  -0.00153345  -0.0107068  0.022466  0.0258436  0.0332008 
156 0.00365742 0.508926 0.0117048 0.772005 -0.00177775  -0.00447469  -0.000797555  -0.000677812  0.00799436  -0.00107808  0.000589602  -0.00336194  -0.0036836  -0.00473616 
160 0.110347 0.50687 0.0913698 0.769636 -0.0738869  0.00532128  0.0186424  0.0131581  -0.00579943  -0.0229857  -0.0248917  0.0156506  -0.0300059  -0.00364743 
163 0.00459031 0.685037 0.0582991 0.698332 -0.0105031  -0.024238  -0.0109736  -0.0342535  -0.0157877  -0.00428436  -0.0183312  -0.00351644  -0.0215595  -0.0180676 
164 0.0239359 0.515921 0.0422584 0.695045 -0.0140118  0.0155416  0.00974875  0.0214592  0.0144486  -0.00557513  -0.0182796  0.0079192  0.0124433  0.000910106 
165 0.0113633 0.545363 0.0459734 0.677815 0.00147719  0.0192006  -0.0138105  0.00676488  -0.0120712  -0.0118199  0.0150054  -0.0120713  -0.0116246  -0.0267354 
166 0.00113377 2.5203 0.0956409 0.669429 0.0162986  0.0270044  -0.044066  0.0167513  -0.00791806  -0.0475422  -0.0362404  0.044092  -0.0182831  -0.00389579 
167 0.0248925 0.599515 0.100385 0.668582 -0.0358671  0.019961  -0.0259263  0.0506783  -0.00615657  0.0440245  -0.0233636  0.00446714  0.0288227  0.0421811 
168 0.00979315 0.507902 0.018855 0.649934 -0.0102231  -0.0025482  0.00422621  -0.00330955  -0.0056197  0.00307069  0.00116596  -0.00807192  -0.00760534  -0.007094 
169 0.00476713 0.527813 0.0232458 0.642393 -0.00534885  0.0112326  0.00321957  -0.0123565  -0.00229663  -0.00439518  0.00458903  0.00302751  -0.0124183  0.00367476 
170 0.00962116 0.502041 0.0111362 0.63868 -0.00502251  -0.00399502  -0.000940831  -0.00302388  0.00182868  -0.00239784  0.00267661  0.000278455  -0.00101537  -0.00744532 
171 0.0523851 0.562428 0.11845 0.63114 -0.0430541  -0.0451092  -0.0274862  -0.0178087  0.0403029  0.0293705  -0.0137651  0.044475  -0.0429707  -0.0506784 
172 0.0265694 0.522125 0.0516113 0.589303 -0.0263587  0.0258382  0.0233957  0.0095233  0.013973  0.00608541  0.0150411  -0.00288109  -0.0126388  0.00606007 
173 0.00553298 0.614486 0.0504107 0.566618 0.00651687  0.0104693  0.0128324  -0.00841875  0.018142  -0.0188038  0.0096717  0.0308938  0.0165772  0.0121707 
174 0.0281095 0.517928 0.0486985 0.561727 -0.0281387  0.0122461  0.00421957  0.00800461  -0.0261025  -0.0211315  -0.0127584  0.00692808  0.000799353  0.00293597 
175 0.0388234 0.522597 0.0645456 0.536485 -0.041929  -0.00697885  -0.00191921  -0.0282567  -0.00416235  0.0179444  0.000184883  -0.00359413  0.0304466  -0.0166732 
176 0.00445096 0.842602 0.0780469 0.499727 -0.0070965  -0.0122933  0.00765437  0.019729  -0.0314205  0.0342884  0.0486687  -0.0194755  -0.0208902  -0.00973299 
178 0.0362487 0.527651 0.067601 0.495264 -0.0521212  0.0106896  -0.0259688  0.0110869  0.016683  0.0051127  -0.00393905  0.00421988  -0.0170283  0.0177191 
179 0.00503771 1.00169 0.100419 0.457907 -0.00122137  0.0183506  -0.0156982  -0.0814051  -0.019738  -0.0207986  0.0094814  0.0189237  0.0286568  -0.0279498 
181 0.000917956 1.55349 0.0621691 0.452387 0.0182674  0.0271748  0.0106369  0.00272553  0.0183215  -0.0332146  0.00769246  0.00239602  0.0340153  0.00338042 
182 0.0315938 0.519585 0.0540334 0.451372 -0.028214  -0.00689759  -0.0273982  0.0107525  0.0124593  -0.0126309  0.0237507  0.00791349  -0.0163236  -0.00133127 
183 0.00315416 0.505671 0.00874035 0.415489 -0.00212212  -0.0041199  2.24981e-05  0.003375  0.00402146  0.00187838  0.00313639  0.00367468  -0.000591906  0.000366895 
184 0.00226855 0.926855 0.0622067 0.411682 -0.00675389  -0.0219094  0.00623237  -0.0310953  -0.023295  -0.0153659  -0.000554764  0.00132126  0.0389155  0.00656054 
185 0.0476382 0.612784 0.148389 0.408921 -0.0298556  -0.0668174  0.00778573  0.0808008  0.036406  -0.0787717  0.0264892  0.0354402  -0.00796668  0.0228572 
186 0.00695563 0.570552 0.0444935 0.347387 -0.0149254  -0.0104293  0.0223973  -0.00295001  -0.0100914  -0.00276903  -0.00866852  -0.0303362  -0.00105116  -0.00563552 
190 0.0130833 0.56995 0.0609897 0.337263 -0.0222831  0.0188288  -0.040001  0.0158623  -0.0154786  0.0156076  -0.00604635  0.0126724  0.015812  0.00930851 
192 0.0222 0.576909 0.0836057 0.317408 -0.0351049  -0.0281752  0.0180721  -0.0109878  0.0378823  -0.00736209  -0.0269618  -0.00855064  0.020927  -0.042298 
194 0.00584669 0.81758 0.0861143 0.280697 -0.0239167  0.0242131  0.0161937  -0.0106894  -0.0397126  -0.0560592  0.00596103  0.0190727  0.020507  0.0184755 
195 0.0067332 0.511639 0.0183011 0.270113 -0.0117979  -0.00336347  -0.00212798  0.00866256  0.00510926  0.00286231  -0.00240687  0.00705943  0.0024085  -0.0030223 
196 0.0084267 0.603155 0.0591281 0.257392 -0.010438  -0.00939342  -0.024065  0.00730812  -0.0133699  0.0312114  -0.00410095  0.010491  -0.0246242  -0.0279335 
197 0.00962133 0.801695 0.107631 0.240539 -0.0523635  0.028594  -0.0215472  0.0494952  0.0314073  -0.0106563  -0.0513976  0.0341781  -0.014151  0.000859502 
198 0.0182742 0.813362 0.150991 0.219736 -0.0110453  0.0437384  0.00222955  0.0273067  0.0278803  -0.0459933  0.0668076  -0.0257842  0.0423154  -0.101001 
199 0.00161999 0.632318 0.0292906 0.173708 -0.00386163  -0.00254928  0.00796907  0.016665  -0.0187905  0.000779931  0.0101751  -0.00257768  0.00540009  -0.00150718 
203 -0.000284767 -0.074765 0.0255886 0.168985 -0.00606701  0.0031893  0.00692282  -0.00195954  0.00612638  -0.000270411  0.000962059  0.00600983  0.0219306  0.000657045 
204 0.00545174 0.650424 0.0573133 0.169825 -0.0103489  -0.0207496  -0.0058764  0.00175356  -0.0216943  7.58508e-05  0.00466957  -0.0190895  -0.0416751  -0.0107648 
205 0.00204159 0.957803 0.0611156 0.152983 -0.0405257  0.00647144  -0.0222022  -0.00354457  -0.0134431  -0.00525449  -0.0125864  0.0236704  -0.0247216  0.00268586 
206 0.00246261 0.812722 0.0554842 0.146165 0.00882164  -0.0237797  0.020834  0.0202942  0.0128225  0.0174106  0.0217758  -0.00585516  0.0169314  -0.0180723 
207 0.00343733 0.531542 0.0209476 0.137494 -0.0104857  0.00255636  0.00196519  -0.00981974  -0.00608077  -0.00187062  -0.00137689  -0.00612503  -0.00433461  0.0111065 
208 0.00214847 1.63693 0.0987453 0.124391 -0.0168297  0.0591337  -0.0155592  0.00181097  0.0466086  0.0126481  0.0350072  -0.0374484  -0.0273454  0.00415165 
209 0.00132374 0.87244 0.0443975 0.115443 0.0147163  0.00588931  -0.00116234  -0.0281994  0.0146161  0.011675  0.000133605  0.0103682  0.0116788  0.0181514 
210 0.000749733 2.30621 0.0735615 0.109563 -0.00311612  -0.0219098  0.0470035  0.0134582  0.00353697  0.0167429  0.000317613  -0.0458753  -0.0101259  0.00557534 
213 0.00177409 0.682623 0.0360024 0.106088 0.00267572  0.00830575  -0.019545  -0.00258239  -0.00425733  0.00871799  0.00478684  0.0175061  0.00757968  0.0187189 
214 3.2517e-06 4.27546 0.00700759 0.0973765 0.000773399  -0.00359589  -0.000983048  0.00210753  0.000218801  0.00291952  0.00119976  -0.00260255  0.00241315  0.00274995 
215 0.00561435 0.666574 0.0611906 0.0973598 -0.0348279  -0.030799  0.00354275  -0.00394689  -0.00214215  0.00933637  -0.0127797  0.0273903  -0.00231342  -0.0233225 
218 0.000426708 0.656978 0.0163695 0.0622918 -0.00854007  -0.00260521  0.00313034  0.000212601  0.00608323  -0.00256747  0.000253595  -0.00891806  0.000874241  0.00737824 
223 7.26117e-05 4.14907 0.0325528 0.0587678 -0.00718046  0.00350495  0.0115925  0.00547847  -0.00507022  -0.0140408  -0.00532836  0.00433073  0.022435  -0.00762349 
224 0.000733634 0.567609 0.0140923 0.0581468 0.00275091  -0.00823842  0.000844047  -0.00022894  -0.00258909  -0.000534022  0.00836828  0.00589482  0.0016541  0.00280831 
227 -0.000194862 0.40235 0.00872577 0.0514556 -0.00265275  -0.00170068  0.00427763  -0.00152681  0.000130211  0.000851932  -0.00386745  0.00194647  0.00477343  -0.00181825 
228 -1.48806e-05 0.419799 0.00218493 0.0533157 -0.000350064  -0.00125632  0.000325763  0.000570408  -0.00020576  -0.000509074  -0.000969951  -0.000706202  3.39013e-05  0.000948363 
230 0.000653406 0.530371 0.00891995 0.053455 -0.00186542  -0.00177218  0.000763719  -0.00285008  -0.00581909  0.00123331  0.00396213  0.00326281  -0.000922802  0.00128845 
231 0.000969785 0.637695 0.0231153 0.0469494 -0.00657745  -0.00747876  -0.00477867  -0.00976185  0.000912853  -0.00256962  0.00577691  0.00999704  -0.0126558  0.00400894 
232 0.000298589 0.70797 0.0157604 0.0351416 0.00244338  -0.00443069  -0.00595483  -0.00981003  0.00432275  0.00511017  0.00252544  -0.00435007  0.00140104  0.00436224 
235 2.04569e-06 10.1309 0.0088773 0.0306005 -0.00026964  -0.0029335  0.00311069  0.000339257  -0.0046833  0.00543616  -0.0011398  0.00045706  -0.00246582  0.00112401 
237 0.000250278 0.797696 0.017263 0.030567 -0.00984742  0.00424983  -0.00541326  -0.00112134  -0.00536607  0.000120511  0.00303489  0.00831775  -0.00657464  0.00140949 
238 -6.55247e-06 0.492481 0.000443959 0.0261553 6.14555e-05  -6.67492e-05  1.4515e-05  -9.94066e-05  8.27569e-05  0.000107322  0.00025462  -2.88188e-05  -1.67395e-05  -0.000307354 
240 -6.28347e-05 0.137972 0.00953915 0.0262802 -0.00340367  0.00386418  -0.000253943  -0.00228761  -0.00117403  0.001316  -0.00152023  0.00185319  -0.0052882  0.00472867 
244 8.33829e-05 0.587462 0.00540126 0.0274497 -0.00132289  0.00303121  0.00299151  -0.00181434  -0.000900263  -0.00193867  -6.53799e-05  -0.000892889  0.000636508  0.000467769 
246 -1.79212e-05 -1.13731 0.0108337 0.0258864 -0.00272891  0.00161868  0.00526457  0.000841794  -0.00450549  -0.00297249  0.00129595  0.00339618  0.00318468  0.00513682 
248 4.31382e-06 0.504957 0.000292488 0.0262303 5.20406e-05  2.35218e-06  -0.000128081  -3.68711e-05  -5.61834e-05  -0.000204222  1.25597e-05  -2.40453e-05  -0.000117731  -7.49111e-05 
249 -0.000391735 0.194779 0.0218725 0.0261479 0.00438367  -0.00512922  0.00431501  -0.00076973  0.00497582  0.00330488  0.0127657  -0.0079389  -0.0104993  0.0064625 
250 5.70522e-05 0.533217 0.00275349 0.0327952 0.000336678  0.000239258  0.00165504  3.0686e-05  -0.000518034  -0.000867108  1.55751e-05  -0.000897337  0.00145662  -0.000850641 
252 -0.000363477 -0.0196422 0.027489 0.0319136 -0.00396817  0.0152036  0.00288168  0.00558984  -0.0120223  -0.0136991  0.000646978  -0.0108996  -0.00418752  -0.000491428 
254 -9.96908e-05 0.481189 0.00273982 0.0371755 -0.000602264  -0.000123199  0.00113793  0.00172415  0.000437601  0.000939963  -0.000788526  -0.000631049  -0.00086115  -0.000156629 
256 -0.000107493 0.405441 0.00637696 0.038493 -0.00247328  0.00150597  -0.00193218  0.0016404  0.000753396  -0.00249025  -0.00385352  0.000582223  -0.00135161  0.00143943 
258 0.000362767 0.55224 0.00870948 0.0398649 0.00386274  -0.00375581  0.000374114  -0.00386721  -0.000435419  0.0042446  0.000411713  0.0016372  0.00277192  0.00173008 
259 -4.17607e-05 0.342054 0.00513663 0.0350216 0.00134994  -0.00278623  -0.000778616  0.00190026  0.000999315  0.0020002  0.00157134  -0.00042226  -0.00137879  0.00174197 
260 0.000303671 0.592734 0.0106146 0.0356128 0.000767868  0.00114221  -0.00595667  -0.00257974  0.000894467  0.00110429  -0.00060779  -0.00744297  0.00206966  -0.00256296 
261 -0.00124036 0.365675 0.0258375 0.0310588 0.00298205  -0.000273402  0.00144016  -0.00780944  0.00619945  -0.00697683  -0.000462864  0.00877307  -0.0121269  0.0168582 
263 -0.000329977 0.0921313 0.0232046 0.0469658 0.000500635  0.0044524  -0.0153316  0.0115025  0.00332046  0.00384711  -0.00399489  -0.00788655  -0.00614481  -0.00304557 
264 0.000837724 0.844115 0.0339528 0.0503569 0.0120074  0.00610032  0.00904943  -0.00639444  -0.0112612  0.00733223  0.0152849  -0.000801893  0.0120743  -0.0169701 
265 -0.000170114 -0.0712573 0.0197166 0.0412121 -0.00625973  0.00370536  0.00191091  0.00959481  -0.0122537  0.00550762  0.000433585  0.000985857  0.00689474  0.00330648 
269 -2.33825e-06 -17.4738 0.0129655 0.0432269 0.00129826  -0.000599162  -0.00598674  0.00587254  0.00709076  -0.00403454  0.00203532  -0.00185527  -0.00143226  -0.00442049 
271 4.09274e-05 1.43107 0.0123459 0.043254 0.00125984  0.000860564  -0.0065564  0.00367844  0.00843238  0.000998047  0.0008451  0.00112089  0.00419199  -0.0013895 
272 7.44313e-05 3.51854 0.0299761 0.0427783 -0.0199128  -0.00556595  -0.0011717  -0.00825255  0.0145607  -0.00605528  -0.0035338  -0.00325062  -0.000365495  0.0113893 
273 0.000567674 1.63289 0.0507055 0.0418993 0.0156551  -0.022516  0.00413699  -0.010789  -0.00326638  0.0192197  0.00784963  0.0123734  0.030596  -0.0124327 
275 0.000102192 1.04113 0.0148724 0.0344679 0.00447695  -0.0016771  -0.00619631  -0.00798173  0.00208326  0.0023148  -0.00842215  0.000994234  -0.00321831  -0.00206206 
276 -8.23563e-06 0.49559 0.000381207 0.0329522 3.69866e-06  0.000116054  -0.00012013  -0.000223751  -7.18207e-05  6.48071e-05  0.000171758  0.000152708  6.134e-05  3.74176e-05 
277 -0.000669082 0.389275 0.0172235 0.033077 0.00388462  0.00409973  0.00505075  0.000315385  0.00344493  -0.00171372  0.0110184  -0.00302215  0.00584655  -0.00772116 
278 8.60529e-05 0.524716 0.00291736 0.0419928 -0.00216892  -9.42709e-05  -0.000426055  0.000507037  0.000539796  -0.00106521  0.00031159  0.000500877  -0.000410232  0.00119036 
280 2.34382e-05 0.997686 0.00683073 0.0409554 -0.00254851  0.000244019  0.00382867  0.00123258  0.0010674  0.000105857  -0.00271411  -0.00150052  0.00361841  -0.000255059 
281 -0.000436121 -0.0303775 0.0304208 0.0406682 0.0079867  0.00263153  0.000715853  0.00392142  -0.00232979  -0.0142633  0.0108533  -0.00731477  -0.0196837  -0.00843843 
285 -0.000205445 0.455341 0.00606006 0.0457178 -0.00114522  -0.00211653  0.000697215  0.000113581  0.00337208  0.00227287  0.00175593  -0.00173494  0.00110498  0.00256572 
292 -0.000256214 0.387795 0.0107257 0.0479123 -0.00308191  -0.00582708  0.00276888  -0.00169677  0.00298349  -0.00144698  -0.00138065  0.0015776  0.000600357  -0.00672982 
294 0.000335835 1.6117 0.0386382 0.0505157 -0.00838464  -0.00765376  -0.00503585  -0.011504  -0.0167515  -0.00516317  -0.00436803  0.0292834  -0.00450118  0.00148383 
295 7.7245e-05 0.581358 0.00501396 0.047075 -0.000155395  0.00116012  0.00143617  -0.000678548  -0.00166995  0.000177799  -0.00108789  -0.00292602  -0.000332822  -0.00292755 
297 7.36297e-05 0.521986 0.00254516 0.0462473 0.00034265  -0.000428229  -0.00105342  9.64723e-05  -0.00104577  0.000795547  -6.04026e-05  -0.000833967  -0.000982692  0.00129101 
298 -9.41139e-05 0.376747 0.00681217 0.0454443 -0.00240741  -0.00212486  0.00291425  -1.72477e-05  -0.00239293  -0.00138827  0.00176178  1.01454e-05  0.00392261  0.00120734 
300 0.000314999 2.97911 0.0558749 0.0464683 -0.00938847  0.0210615  0.0171305  0.0129343  0.0278602  0.00348707  -0.0297304  0.00418011  0.00687966  0.0198112 
305 -1.76843e-05 0.437069 0.00210992 0.042946 -0.000362375  0.000561674  0.000518358  0.000120218  0.000842909  -0.000238706  0.00014171  -0.00170436  0.000170353  1.94279e-05 
306 0.000587541 0.610212 0.0160968 0.0431514 0.00985055  0.00770006  -0.00249566  0.0025223  -0.0084289  0.000236733  0.0020795  -0.00252554  0.000665672  -0.00281827 
307 -0.000209736 0.26543 0.0140296 0.0357025 0.00119379  -0.00129319  -0.00900594  -0.00229054  0.00426065  0.00531114  0.00165594  0.00664566  0.00156953  0.00341275 
308 8.26125e-05 0.627012 0.00647863 0.0385283 0.000559593  -0.00050277  -0.00485073  0.00408331  -0.000560539  -0.000669463  -0.00013627  0.00063258  -3.15567e-05  -0.000146998 
309 5.02978e-05 0.861257 0.00852529 0.0374409 0.0030046  0.000707595  -0.000200024  -0.00270001  -0.00141296  0.00150228  -0.0059294  -0.000244564  2.88386e-05  -0.00404357 
310 0.000389558 0.597832 0.0123486 0.0367631 0.000948689  -0.00284816  0.000934334  -0.0022268  -0.0037306  -0.00714492  0.00444917  -0.00370864  -0.00478389  -0.00403029 
311 7.16096e-06 0.512308 0.000593782 0.0310168 0.000272639  4.17426e-05  -0.000121231  -0.000358939  5.46973e-05  0.000118477  5.67924e-05  -0.000260781  0.000107965  0.000181799 
312 -3.83803e-05 0.492278 0.00108915 0.0309011 1.92254e-05  -0.000635092  0.000203865  -0.00010455  0.000618948  0.000110534  -0.000175921  0.000287236  -6.48089e-05  -0.000465925 
316 -0.000107955 0.429818 0.00550575 0.031516 0.000453018  -0.0020554  0.000448182  -0.0011655  0.00216501  -0.00278636  -0.00304875  0.000160462  -0.000931689  -0.00129784 
317 -0.00115859 0.274644 0.0323345 0.0331847 -0.0098661  -0.00305753  -0.0104227  -0.00815899  -0.00900281  0.00305467  0.00596228  0.0102977  0.00191121  -0.0229783 
318 0.000660259 0.544545 0.0108546 0.0475445 0.0033888  0.00334439  0.00102862  0.00428194  -0.00265628  0.00270195  -4.42593e-05  -0.00597103  0.00296719  0.00411631 
319 0.000676248 0.708816 0.0237664 0.0400055 -0.00574808  6.12443e-05  -0.00703784  -0.000348074  0.0045437  0.000265614  -0.00642686  -0.00547868  0.0048724  0.0191408 
320 -0.000236011 0.289777 0.0140892 0.0304043 -0.00525592  -0.00682258  -0.00161688  -0.0023243  0.00437113  -0.0026685  0.00705052  -0.00417758  0.00386154  0.00283134 
323 -6.18061e-05 0.407522 0.00478178 0.0340655 -0.00168228  -0.00167296  0.00190605  -0.00262789  -0.00184991  0.0011626  0.000178375  0.00101731  0.000751919  -0.000540231 
326 0.000207144 0.870084 0.0175106 0.034961 -0.00191551  0.00728396  -0.00350925  0.00716183  -0.00712779  0.00819068  -0.00236028  0.000208108  -0.00725905  -0.00317627 
327 0.000132538 0.772791 0.0120257 0.0318614 0.00362526  0.000443308  -0.000353554  0.00506086  0.00150411  0.00225268  0.00197358  -0.00614847  -0.00727332  -0.00189858 
332 0.000515416 0.853022 0.0269758 0.0297089 0.0030716  -0.00738478  0.0190038  -0.000715375  -0.0144656  -0.00811043  0.000985876  -0.00450389  0.00236  0.000453351 
333 -0.000195263 0.372982 0.00996168 0.0191659 -0.000210756  -0.00440891  0.00220264  0.00123162  0.0029686  0.00390163  0.00398439  0.000727613  0.0040094  0.00410711 
336 -0.000283233 0.339964 0.0134674 0.0237195 0.00424048  0.00148332  0.00175483  -0.0013546  0.00694762  0.00682409  0.00331663  -0.00652577  -0.00171668  -0.0022146 
339 -0.000125854 0.251928 0.0111757 0.0290842 -0.00429634  -0.00564564  -0.00322869  0.00344093  -0.00238446  0.00057826  -0.00447176  -0.00172225  0.00232054  -0.00423473 
341 -0.000557442 0.166998 0.0272546 0.0311729 -0.000103955  0.00828608  0.0145236  -0.00681928  0.0123964  -0.00464657  0.00675477  -0.00935531  -0.00382836  0.00967661 
343 -0.00105343 0.264082 0.0315444 0.0391069 -0.0170632  0.00473289  0.00523721  0.0160906  0.00511917  -0.0180808  -0.000459471  0.000647969  0.00458702  0.0045129 
344 -5.42106e-05 0.495191 0.00102188 0.0508265 -0.000122456  0.00035177  4.18583e-05  0.000632813  0.000359745  -0.000336695  -0.00013502  -0.000329247  0.000260289  0.000257171 
345 -1.90378e-05 0.0365082 0.00594103 0.051357 -0.00112369  0.00234824  -0.000960875  -0.00109504  0.00280287  0.00145682  -0.00156471  0.00167257  -0.000631036  -0.0032824 
348 0.000365663 0.886863 0.0237859 0.051542 0.00559375  -0.00953861  -0.00366298  0.00711768  -0.00410876  -0.00306936  -0.00514126  0.00200183  -0.0161447  -0.00787533 
350 0.000208142 0.567863 0.00751771 0.0478642 0.00515422  0.00150029  -0.00179954  0.000372748  0.000315057  0.000898026  0.00180571  0.00345685  7.30801e-05  -0.00286363 
353 0.000644713 0.610876 0.0169127 0.0456384 0.00712815  0.00272683  -0.00807754  -0.00671391  0.0021957  0.00499122  0.00311864  0.00835771  0.00132548  0.00253023 
354 0.000681647 1.06254 0.0391565 0.0379257 0.0188899  0.0163099  -0.0105572  -0.0114731  -0.0174091  0.00748033  -0.00269476  -0.0137821  0.0105098  0.000776008 
357 6.17026e-05 1.17796 0.0129352 0.0275126 0.000584816  -0.00354248  -0.00805586  0.00269402  -0.0011913  -0.00355648  -3.85299e-05  -0.00185196  0.00502398  0.00628768 
360 -5.46254e-05 0.130261 0.0089884 0.0263675 -0.00245433  -0.00324255  0.00387842  0.00590684  0.00126327  -0.00141071  0.000908816  -0.000120897  0.00197815  -0.0024456 
362 -0.000303071 0.45273 0.0075736 0.0273838 0.00411264  0.000524268  -0.00373  0.00163774  0.000329533  0.000346345  0.000695642  0.000288602  0.00472135  -0.000699095 
366 8.21073e-05 1.40043 0.0171961 0.0324498 -0.00890399  -0.00365054  0.00467851  0.00371367  -0.00642189  0.00351669  -0.00833251  -0.00437783  0.000242289  -0.00501567 
369 0.000154259 0.539943 0.00496553 0.031159 -0.00062642  0.000532631  3.99628e-05  -0.0024955  0.000280651  -0.00133817  0.00188844  0.00332597  -0.000614566  -0.00093586 
374 7.9173e-05 0.565805 0.00456531 0.0285769 -0.000194985  -0.00127997  0.000303035  -0.0017795  0.000847194  0.00273639  0.0019969  0.0012069  -0.00132796  0.00070284 
376 1.52438e-05 0.528447 0.00131706 0.0271564 -0.000320553  0.000459099  5.95742e-05  -1.03433e-05  -0.000426722  0.000494542  1.9993e-05  -0.000416962  -0.000728739  0.000534301 
377 -6.12303e-05 -0.147624 0.0125945 0.0268742 -0.00311322  0.000661846  -0.0060241  -0.0035426  -0.00380412  0.00410196  0.00195311  0.00166836  -0.00620628  -0.00482049 
378 0.000300475 0.754286 0.0174818 0.0279903 -0.000476428  -0.00104675  -0.00134251  0.00163499  0.00903961  -0.00697581  0.00266612  0.00704645  -0.0027044  0.0102647 
379 0.00015115 0.560819 0.00606464 0.0219779 -0.000256603  -0.00156226  0.00319062  0.000120433  -0.00250016  -0.000148841  -0.00133484  0.00130073  -0.000118842  0.00378391 
381 1.63939e-05 0.521097 0.00117625 0.0182178 0.000380955  0.000177694  -0.000336491  -0.000994151  0.000122761  0.000174455  -9.19224e-05  0.000217122  -4.32305e-05  -4.84268e-05 
383 -3.60893e-05 0.370077 0.00433085 0.0177622 -0.00233682  0.00096532  0.000170405  0.000207826  0.000739337  0.00182957  -0.00103718  -0.00269617  8.30236e-05  -0.000213505 
384 -0.000146436 0.316982 0.0103547 0.0187506 0.00336465  0.00380991  0.00293872  0.000877996  0.00190132  0.00594092  0.000249054  0.00417564  0.00235444  0.00316623 
386 -3.2171e-05 0.419829 0.00321208 0.0223166 -0.000213804  0.000592418  0.000331181  -0.000665771  0.000696502  -0.000162082  0.00138712  -0.00235974  -0.0011631  0.000105663 
389 -7.85672e-05 0.451622 0.00389966 0.0230261 0.000919147  0.000201242  0.000285972  0.00129498  0.00295613  0.00116687  -0.00115083  0.000400257  -0.000587521  -0.000795721 
391 -0.00044316 0.326797 0.0175266 0.0246733 0.00379364  0.00671951  -0.000286147  0.00430705  0.0020797  0.00345331  -0.00278613  0.00953042  -0.0106644  -0.000659192 
394 0.00015136 0.522333 0.00367852 0.032435 0.000624087  -4.99751e-05  0.000207172  -0.00137887  -0.0015614  -0.00134343  -0.00162222  -0.00178863  -0.000814554  0.000676976 
395 0.000282412 0.701629 0.0150921 0.0300114 0.00113513  -0.00919679  0.00624825  -0.00635506  0.00211644  -0.000109092  -0.00522307  -0.00518098  -0.000547812  0.00188677 
396 -4.37118e-06 -5.34751 0.0101114 0.0248658 -0.00421553  0.00620256  -0.0037262  -0.000913386  -0.00124831  0.000200921  0.0020544  -0.00332281  0.00261074  0.00275743 
400 -6.29958e-05 0.0967929 0.0100799 0.0249536 -0.00248182  0.00502174  -0.00361748  -0.00281173  0.00348982  -0.00321784  -0.00151031  0.00114863  0.00291093  -0.00382475 
404 -0.000859413 0.256341 0.0289527 0.0261855 0.00856121  0.0013096  0.0117633  0.0109769  -0.00667005  0.00450708  0.0126015  0.0073992  -0.0105898  -0.0106718 
406 -0.000168415 0.301807 0.0115559 0.0393124 0.00551944  -0.00522155  -0.00436173  0.00267991  -0.00136267  0.00249418  0.0030933  -5.67446e-05  -0.00287886  0.00486466 
407 -0.000103657 -2.20546 0.0334912 0.0413992 -0.0047208  0.00676403  -0.0163237  -0.0175254  0.00372786  0.00179472  -0.0077633  -0.00760451  0.00705375  -0.0171769 
410 -0.000170748 0.469121 0.00459416 0.0426328 0.00088659  0.000569525  -0.00224199  -0.00107563  0.00163602  -0.000846248  0.00128558  0.00257861  -0.00141097  -0.000356229 
411 9.39484e-05 2.06321 0.0242359 0.0445905 -0.00429197  -0.00816114  -0.00112119  0.0120762  -0.00841852  0.0128627  -0.00830367  0.000169281  0.00382385  0.00594476 
415 0.000732987 1.04692 0.0400363 0.0435244 -0.00994147  -0.0142536  0.00235493  0.00115971  0.0161016  -0.0209926  0.00211641  0.00135  0.0212817  0.0116129 
417 -0.000104325 0.264205 0.00992001 0.034083 -0.00590567  0.00312138  0.00047673  0.00201398  -0.00284688  -0.00152757  0.00356943  -0.00335018  0.000922709  -0.00377481 
418 -6.63724e-05 0.433243 0.00421022 0.0355807 -0.00111235  -0.00168257  0.00142323  0.000357996  -0.000214405  0.000152508  0.0021174  0.00253361  0.000631758  -0.000364633 
427 -2.29775e-05 -0.119956 0.00754856 0.0365015 0.00113259  -0.00591945  0.000703234  -0.000737768  0.00146722  -0.00277088  0.000299275  0.000693135  0.001587  0.00258847 
428 0.000183402 1.2795 0.0239118 0.0368149 0.01196  -0.011383  0.00458176  -0.00146686  0.000264399  -0.00741303  0.00032451  0.00343651  -0.0142927  -0.00219007 
429 -7.09709e-05 -1.89059 0.0260503 0.0342338 -0.000811451  0.0136229  -0.000697947  0.0107585  -0.00788743  -1.96661e-05  -0.00814276  -0.0040002  0.0143689  -0.00501582 
431 0.000126348 0.540039 0.00449914 0.0352551 -0.000862252  -0.00212702  0.000952381  -0.00155168  -0.000735323  -0.00195228  -0.00235871  -8.53698e-05  -0.00131037  0.000140919 
434 -0.00026226 0.24544 0.0163433 0.0334153 0.00542479  -0.00191269  -0.00606721  -0.00290743  -0.00239079  0.00405288  0.00168652  -0.00734479  0.00840467  0.00625961 
436 0.000335181 1.05839 0.0273588 0.0371333 0.0071098  0.00993424  0.0054903  0.000675269  -0.00534923  -0.00858862  0.00286218  -0.00454309  -0.0192697  -0.00813216 
440 5.34872e-06 2.97868 0.00728221 0.0323072 -0.00257908  -0.00458534  0.00212557  0.00123031  -0.00183569  -0.000335841  -0.00150858  -0.00295495  0.00106047  0.00192539 
444 0.00028653 0.6683 0.0138889 0.0322243 0.00331093  0.00276551  0.00397118  -0.00994496  -0.000530716  0.00155528  -0.00361823  -0.00261884  0.00258571  0.0055029 
445 1.20275e-05 12.8766 0.0244006 0.0274211 0.00218712  -0.00112078  0.00558779  -0.00702093  -0.00309659  0.0171841  0.000513824  0.000856601  -0.0139392  0.0029419 
448 -4.47029e-05 0.183426 0.00752389 0.0272009 -0.00234436  0.00533588  0.00095496  0.000335011  0.000242854  6.12748e-05  0.00171807  -0.00316703  0.00285104  0.000666422 
451 -5.29582e-05 -0.991952 0.0177776 0.0280106 0.00863693  -0.0019188  -0.000790954  -0.00433859  -0.00557786  -0.00976771  0.00570982  0.00736394  -0.00220507  -0.000319175 
452 7.19439e-05 0.51485 0.00206784 0.0289405 -0.000987478  0.000246465  -0.000630475  -0.000261878  -8.30805e-05  -0.000271748  -0.000966283  -0.000102744  0.00132026  7.694e-05 
454 2.88709e-05 0.762899 0.00551003 0.0276697 -0.0019643  -0.00114565  0.000969099  0.000358213  -0.00113684  -0.00229893  0.00134757  -0.000385718  0.00394299  0.000180611 
457 -0.00101175 0.326658 0.0265013 0.027143 0.0166098  0.00757073  0.00149077  0.012435  0.00634582  0.0107139  -0.00172018  0.00537864  -0.00244133  0.00439992 
459 -6.18216e-05 0.454386 0.00335886 0.0418211 0.0012642  0.0010241  -5.82204e-05  -0.00037845  3.62175e-05  -0.000144305  -0.00219732  0.000554264  0.0014098  -0.00115902 
460 0.000838788 0.653726 0.0227129 0.0425538 -0.0168078  0.00033804  0.0079648  -0.00491682  0.00636668  0.00186247  -0.0060901  0.00614718  0.00468773  0.00218842 
461 0.000451245 0.608783 0.0140144 0.0311832 -0.00647759  -0.000129634  -0.00457967  -0.00134509  0.000220688  -0.00706851  0.00195147  -0.00346068  -0.00617394  0.00526596 
462 1.6211e-05 3.50504 0.013959 0.0228308 -0.0112783  -0.000432574  0.0015203  0.00492827  0.00413253  0.00163664  0.00189748  0.00258719  0.00320826  -0.000723888 
463 -0.000564298 0.395616 0.0153569 0.022473 0.00799284  -0.00431908  0.00220097  0.00136862  0.00564916  0.00575168  0.00149423  -0.000944426  0.00307789  0.00830564 
464 1.67752e-06 0.576462 0.000716287 0.0327031 -6.50415e-05  -0.000126763  0.000448971  0.000115311  -2.59912e-05  -0.000236032  -3.15741e-05  0.00029457  0.000122194  -0.000344689 
465 -0.000157914 0.377318 0.00880402 0.0326774 0.00108661  -0.00167919  0.00115884  -0.00104025  -6.87574e-05  0.000787028  0.00534396  -0.00397146  0.00453273  -0.0023633 
468 -0.000126255 0.423551 0.00621436 0.0350106 -0.00101931  0.00237735  -0.000186819  -0.00137079  -0.00111941  -0.000561647  0.00397424  -0.000342073  0.00131201  0.00328816 
471 0.000842991 1.00388 0.0412112 0.0367696 -0.0192384  -0.00246884  -0.0120641  -0.0187064  -0.0135769  -0.00154507  -0.00680918  0.0178619  -0.00827601  -0.0143545 
472 -0.000302364 0.413134 0.0102529 0.0225692 -0.00578686  0.00237821  0.0020548  -0.00483431  -0.00139706  -0.00508472  0.000639659  0.00247404  0.0015664  0.00126296 
473 3.31259e-05 3.57455 0.0201832 0.0284917 0.000574806  -0.00385061  -0.0113243  0.00115741  0.00224244  0.00662481  0.00550369  -0.012997  0.00357302  -0.00131587 
474 3.70487e-05 1.35465 0.011254 0.0279044 -0.000604904  0.00163494  0.00261292  -0.00111545  0.00533247  -0.00214219  -0.00716131  0.00216293  0.00275234  0.00435645 
476 -1.27973e-05 0.323931 0.00300216 0.0272324 -0.000840528  0.000579718  -0.000446119  -0.000555082  2.02654e-05  -0.000461737  -0.000920523  -0.00248144  2.39459e-05  -0.000494116 
477 0.000235313 0.57418 0.0083571 0.0274664 0.000504346  0.000589205  0.00415152  0.00256945  -0.00192546  -0.00412931  -0.00318821  -0.000276763  -0.00179617  -0.00334312 
480 1.66821e-06 15.2847 0.00993252 0.0227842 0.00207956  0.00292448  -0.00210529  0.00503177  0.00484541  -0.000399409  0.00159378  0.00493951  0.00153403  -0.00175987 
483 2.39542e-05 1.20977 0.00824662 0.0227475 -0.00203545  0.000470721  0.00383254  0.00240876  -0.00283631  -8.59684e-06  0.000639348  0.00241453  -0.0041967  0.00335497 
484 -0.000183326 -0.504577 0.0271418 0.0222148 0.0142148  -0.009136  0.00790755  0.0174997  -0.000875657  0.00574487  -0.00382483  0.00571838  0.000884371  0.000705583 
485 -8.74789e-05 0.14851 0.0110905 0.0260161 -0.000918373  0.00832204  -0.00177492  -0.00163231  0.00497432  0.00136287  -0.00225391  0.00189217  -0.00319633  -0.0012675 
486 -6.483e-05 0.445866 0.00374707 0.0276464 -0.00123017  0.00136181  0.000978306  0.00200338  0.000917601  -6.76093e-05  0.000184846  -0.0013599  -0.00114565  0.00128823 
487 -5.50239e-05 0.202467 0.0080925 0.028795 -0.00477928  -0.000493084  -0.00131531  -0.000557101  -0.00141191  -0.000201159  0.00520239  0.00177816  0.00283086  -0.000298489 
488 1.80225e-05 0.531071 0.00149668 0.0297351 0.000260644  -0.000777378  -0.000308745  0.000363971  9.54869e-05  0.000491072  -0.000113035  -0.000306162  -0.000991496  1.29684e-05 
490 0.000151277 0.695392 0.0108735 0.0294305 -0.00575438  0.00127472  -0.00500184  -4.98276e-05  -0.00235196  -0.00433576  -0.00483037  -0.00326135  0.00038293  0.000171457 
495 -1.37792e-05 0.475765 0.00115579 0.0267374 -0.000227497  3.92375e-05  0.000161066  0.000229106  0.000386599  -8.80405e-05  -0.000147351  0.000174648  -0.000996079  -5.01732e-05 
496 -0.000128441 -0.320224 0.0205284 0.0269939 0.000476963  -0.00267829  -0.00207216  0.00412358  0.000125974  -0.000855882  0.00618234  -0.00828856  -0.0151759  0.00739843 
497 -3.0292e-05 -3.18581 0.0211326 0.0292766 -0.00508173  0.000819733  0.0064501  -0.00635196  -0.00110849  -0.00541289  0.00443267  -0.0118183  0.0117704  0.00312229 
500 1.77005e-06 0.507183 0.000225523 0.0297895 -5.95085e-05  -5.8685e-05  -4.23338e-05  3.45107e-05  6.23047e-05  -8.83464e-05  -0.000149118  4.997e-07  -7.27285e-05  -4.09815e-05 
