generation s h r distopt trait[0] trait[1] trait[2] trait[3] trait[4] trait[5] trait[6] trait[7] trait[8] trait[9] 
3 0.00120452 0.951384 0.0466222 0.1 -0.0168871  -0.0109534  0.0059018  -0.00446567  0.0199568  0.00306633  -0.00375605  -0.0205724  0.0254714  0.0148291 
8 0.0137531 0.513094 0.0284369 0.335935 -0.020287  0.00077368  -0.00795417  0.00674772  0.00506275  0.000739324  -0.00709561  0.00862577  -0.0106266  -0.00488288 
10 0.0151613 1.07476 0.1859 0.414438 -0.069255  -0.0524791  0.043379  -0.0641377  0.0779247  -0.0537845  0.00272984  -0.0636748  0.00858403  0.0889527 
11 0.0394681 1.13638 0.313174 0.439964 -0.182468  0.0446711  0.0191793  0.115963  0.142142  -0.0231585  -0.139315  -0.00697336  0.0674448  -0.065007 
12 0.00671194 1.00929 0.116734 0.422456 -0.00333161  0.0535103  0.0411593  -0.0632745  -0.0104461  -0.0195386  0.0150149  -0.0211786  -0.0497737  -0.0375822 
14 0.0291423 0.681248 0.145544 0.483046 -0.032305  -0.00213395  0.028568  -0.0901124  -0.0418986  0.00473323  -0.00851834  0.0472629  -0.0763323  -0.0358835 
15 0.0523414 0.57961 0.132329 0.489545 -0.0588627  -0.0493763  -0.0205304  0.0239976  -0.0693045  -0.0112191  -0.044153  -0.0442983  0.0044886  0.0418293 
18 0.00523451 0.503105 0.00885875 0.553279 -0.00498607  -0.000926277  0.000305885  -0.000680077  0.00371499  0.000533545  0.00564952  -0.00185732  -0.00107114  -0.00126598 
20 0.00572483 0.514532 0.0186576 0.634997 -0.00281757  0.000346952  0.00371933  0.0110103  -0.00171487  0.000743978  0.00779283  -0.00750477  0.00266618  -0.00879394 
27 0.0842638 0.56566 0.156371 0.954553 -0.0391718  0.00829208  -0.00443352  0.0358896  -0.109713  -0.010544  -0.0334933  0.0722376  -0.0390928  0.0390444 
28 0.172357 0.545822 0.203983 0.959027 -0.0628874  0.0701868  -0.0598667  0.0144583  -0.0325456  0.106727  0.109249  -0.0534193  0.040213  0.00889067 
32 0.105902 0.504325 0.0824854 1.0693 -0.0446769  -0.0203347  0.0059785  -0.0182422  0.0097222  -0.0460511  0.0304389  0.0183734  0.0148255  -0.0180739 
35 0.262239 0.498577 0.160427 1.16999 -0.1126  -0.0279481  0.0811311  -0.0425303  -0.0210021  -0.000122886  0.0330371  0.0204396  0.0302544  0.0319433 
38 0.0386574 0.503885 0.036174 1.21381 -0.0174538  0.0193968  0.00253432  -0.000551988  -0.0110687  -0.0193678  -0.00318691  0.0100065  -0.00312028  -0.00181843 
41 0.219086 0.4919 0.114836 1.34629 -0.0778332  -0.0546524  0.00212743  -0.0279777  0.0405549  0.0268867  -0.0120742  0.00461827  -0.0229083  0.0171924 
43 0.0247065 0.585527 0.0929422 1.27059 -0.0158216  -0.00422278  0.0454775  -0.0148852  0.0375444  0.0443255  0.0506292  -0.00391433  -0.00269696  -0.0109582 
44 0.209732 0.4886 0.0971232 1.26095 -0.0765751  0.00460152  -0.00706053  0.0292689  -0.0266925  -0.00211304  -0.00654379  -0.0361191  -0.0192032  -0.0144345 
45 0.068877 0.510635 0.071059 1.18304 -0.0264126  0.0226519  -0.0262106  -0.00778838  0.00885584  -0.0372572  -0.0266072  -0.00904922  0.0225024  -0.0181185 
47 0.0658063 0.540276 0.110821 1.15455 -0.0356625  0.00917592  -0.0056845  -0.0367507  0.021507  0.0120922  -0.0410514  0.0150886  0.0815568  0.0192119 
48 0.105648 0.548021 0.155788 1.12661 -0.051139  -0.0309257  -0.0928451  -0.0490639  -0.0648592  0.0443292  0.00016459  -0.0275001  0.0121015  0.0509553 
50 0.111712 0.512307 0.10397 1.08112 -0.0440435  0.0532054  -0.0203202  0.0515347  0.0202405  0.0334987  -0.00631001  -0.0208292  -0.030076  -0.00776475 
52 0.0532132 0.56809 0.124244 1.03098 -0.0222009  -0.00709528  -0.0685879  0.0276069  0.0508601  -0.0116031  -0.0531936  0.0208068  -0.0204659  -0.0549929 
53 0.0772115 0.550519 0.133265 1.00552 -0.0428308  -0.0139596  0.0338122  -0.0115038  -0.0167748  -0.0266803  0.040016  -0.0729394  -0.071464  -0.0378534 
54 0.0350514 0.502946 0.0316113 0.967831 -0.0191807  -0.0105596  0.0117761  -0.00767413  -0.00620616  0.00382827  0.000356337  0.00431997  -0.0133122  0.0085515 
55 0.00468238 0.576576 0.0379677 0.949866 0.000550858  0.0125267  -0.0291798  0.0157481  0.00602513  0.00405976  0.00724715  0.00325894  0.00633016  -0.00537262 
56 0.0904356 0.512474 0.0897859 0.947404 -0.0573399  -0.0283782  0.0333747  -0.0149634  0.00648399  0.0239717  0.00217867  -0.032645  0.0252835  0.0174407 
57 0.0389543 0.52514 0.0676065 0.900554 -0.0270207  -0.0169847  0.0338855  0.0242871  0.0247288  0.0122929  0.0146631  -0.0213162  0.0187621  -0.00546975 
58 0.0336718 0.579525 0.105205 0.87908 -0.0174471  0.0328976  0.0160312  -0.0292393  0.0188342  0.0413901  0.00648848  0.0635472  -0.0010084  0.0491964 
66 0.0701148 0.529993 0.102051 0.860038 -0.0423951  0.022012  -0.0455785  0.0142771  -0.0466162  0.0255829  -0.000236981  -0.0193356  0.046232  -0.0226366 
69 0.113273 0.613839 0.232967 0.819695 -0.10956  -0.0627061  -0.0560538  0.0123708  -0.0427097  0.149436  -0.00596381  0.0772457  0.0371081  0.0592328 
73 0.137154 0.553435 0.188665 0.751395 -0.0657597  -0.0821763  0.0152755  0.0393542  -0.0454019  -0.0850693  0.0120928  0.112396  -0.0256072  0.00147072 
74 0.0736897 0.524464 0.0973444 0.660353 -0.0530764  0.0240165  -0.0467069  0.029628  0.0234611  -0.00319007  0.0252709  -0.00369769  -0.0412519  0.0103962 
76 -0.000647662 0.495596 0.00340931 0.604123 0.0005673  -0.000868455  0.00190993  -0.000854337  0.00171076  0.000773219  -0.00081774  -0.000482829  0.000908158  -0.000958357 
77 0.00398366 0.511626 0.0138847 0.604659 -0.000189666  0.0115151  -0.00316733  0.00124681  -0.000653021  -0.00594435  0.000944921  0.00247871  -0.00207848  0.00120191 
78 0.0389281 0.64253 0.1498 0.601363 -0.0842931  -0.0906483  0.0391333  -0.010598  -0.0112125  0.0192885  0.00344271  0.0282405  0.0370788  0.0528389 
79 0.00733417 0.530183 0.0301469 0.568725 -0.00620984  -0.00277026  0.0038917  -0.0039028  0.0164274  -0.0105324  0.0103045  -0.00822496  0.0159178  0.00492156 
80 0.0338612 0.554075 0.0880349 0.562263 0.00602165  0.0323808  -0.000972545  0.0201861  0.0368772  -0.0361132  0.0340282  0.0109905  -0.019814  -0.0438354 
82 0.00603091 0.559349 0.0380162 0.531827 -0.0193615  -0.0194721  -0.00310961  -0.00026492  0.0160199  0.00466494  0.00791857  0.0169176  -0.00492592  0.00546658 
84 0.0238873 0.826946 0.176156 0.526143 -0.0519485  0.0178505  -0.0202802  0.104956  0.0434416  -0.0528027  -0.030459  0.0659686  -0.0577377  0.0574275 
87 0.0274649 1.01639 0.236518 0.50321 -0.0624835  0.0694743  -0.0094835  0.057011  0.0847281  0.0149104  -0.101683  -0.152297  -0.0538417  -0.00598713 
88 0.0357331 0.535146 0.0744893 0.475527 -0.0216666  0.00096385  -0.00956381  -0.0501229  0.00367059  -0.0155451  -0.0155393  0.029304  0.00984775  -0.0319722 
90 0.0121121 0.516828 0.0297112 0.437054 -0.010718  -0.0026186  0.0122823  -0.0127504  -0.00614687  0.0101702  0.00511445  -0.0154996  -0.00135339  -0.00617669 
91 0.0319509 0.56268 0.0914961 0.423057 -0.0368255  0.00226704  -0.0296946  0.00575876  0.0184048  -0.0288394  0.0175096  -0.0154344  -0.0116894  -0.0651418 
96 0.0321122 0.645942 0.137502 0.384091 -0.00767908  0.041598  0.0135746  -0.00949686  -0.0883595  0.0607565  0.0580183  -0.0295396  0.0309175  -0.0122349 
98 0.00512683 0.518992 0.0200386 0.340468 -0.000664632  0.000431852  0.00698195  0.00267636  -0.00475751  -0.0141627  -0.0107714  -0.00035966  0.000822994  -0.00222753 
100 0.00682471 0.678906 0.0699106 0.332874 -0.00177788  0.018642  0.0028411  0.0312172  -0.00337172  -0.0459919  0.00899664  0.0262317  -0.00225311  0.0255634 
103 0.0143835 0.599502 0.0760383 0.322496 -0.0225491  0.0103256  -0.015811  0.0230163  -0.0197632  -0.0157519  0.0450501  -0.00680109  -0.0111464  -0.0393482 
107 0.00462064 0.562012 0.0339701 0.299537 -0.00208932  -0.0033434  -0.00556981  -0.0221841  0.00583956  0.00370874  -0.0090456  -0.0113512  0.00333451  -0.0185909 
110 0.0221191 0.64632 0.114119 0.29174 -0.0332755  -0.0444593  0.00462553  -0.0376605  0.00307699  -0.0665496  -0.0164051  -0.0322587  0.0329042  -0.0408505 
112 0.0225569 0.573395 0.0824124 0.251464 -0.0504363  -0.019616  0.0272606  -0.0146467  -0.0290595  0.0175058  0.0219801  0.00848477  0.0128554  -0.0321597 
115 0.0145399 0.57678 0.0673425 0.202307 -0.0300975  0.0204999  0.0228546  -0.0162882  -0.0291267  0.0154914  -0.0246048  0.00923666  -0.0239204  0.00836794 
118 0.0159493 0.593636 0.077764 0.162767 -0.0294268  0.0206989  0.0164266  -0.0165779  -0.000409283  -0.0487538  0.00609607  0.0300147  0.00704843  0.0290409 
120 0.00163172 0.757271 0.040973 0.103293 -0.014743  0.00230868  0.0137932  -0.0119897  -0.00906914  0.00629398  -0.00343534  -0.00448598  -0.0070994  0.030297 
121 0.00150065 1.79275 0.0880206 0.0950742 -0.0308403  0.0237611  -0.036141  -0.0291297  -0.000933854  0.047175  0.0053314  -0.00224591  0.0256397  -0.0340586 
124 7.67861e-05 3.02017 0.02782 0.0868308 -0.00797163  -0.00931573  -0.00380997  -0.00542673  0.0157478  -0.0148483  0.00434213  -0.00740633  -0.00222941  -0.00570232 
125 0.00125864 0.732335 0.0341992 0.0863875 0.00384986  -0.00331215  -0.00674401  0.0263837  -0.00835082  -0.00691264  -0.00720845  0.0130606  -0.00591905  0.00520742 
127 0.000276471 1.23311 0.0284707 0.0787715 0.00394359  0.00448352  0.00277927  -0.0161523  -0.0116177  -0.0078143  -0.00643886  0.0121009  -0.0107058  0.00278636 
128 0.00189049 0.739903 0.0425887 0.0769969 -0.0183546  -0.00044373  0.00694733  0.00944913  -0.00627367  0.0160341  0.0212315  0.00946731  0.0182117  -0.0130625 
130 0.000126736 21.4601 0.103009 0.0635595 -0.0034174  0.0402779  0.0439184  0.0141742  -0.0119642  -0.0557993  0.00852052  0.0499061  0.0272348  0.0168951 
133 0.000347885 0.963864 0.0254044 0.0625547 -0.00897913  -0.00606907  0.0112722  0.00569638  0.0119209  -0.0112742  -0.00477285  -0.00203952  -0.00822765  -0.00213552 
135 0.00142305 0.621224 0.0262773 0.0597098 -0.00225142  -0.00765181  -0.000912199  -0.0144794  -0.00217988  0.00807937  0.00277548  -0.00533175  -0.0160403  0.00727582 
136 0.00031864 0.592583 0.0108643 0.046295 0.00256316  0.00165649  -0.00304808  -0.00275023  0.00456675  0.0031127  -0.00765755  -0.00129445  0.000845215  -0.000541147 
137 -9.99506e-05 -1.24651 0.0264242 0.0427158 -0.0092714  -0.0176655  0.00239625  0.0136633  0.00797733  -0.000803499  -0.00353588  0.00147775  -0.00445725  -0.00299044 
141 0.000713085 1.2963 0.0476457 0.0438702 0.0265543  0.00379969  -0.0176175  0.00723115  -0.00804055  0.00993987  0.00308469  -0.0288462  0.0129772  0.00379481 
143 -0.000606479 -0.576151 0.0510957 0.0348103 -0.0264051  0.00711456  0.00322011  -0.02455  -0.0152937  0.00808949  0.0141584  -0.0182459  0.0133556  -0.0154523 
144 -0.000233547 0.0803603 0.0198009 0.042643 0.00505291  -0.00439277  0.00385346  -0.00368736  0.0104802  -0.00939505  0.00583234  -0.00869603  -0.000408917  0.00330082 
145 0.000629221 0.582626 0.0144252 0.045299 0.00178604  -0.00617589  -0.000305934  0.0023592  0.00589088  -0.00167321  -0.00853947  0.00310105  -0.00316168  0.00557309 
147 9.2805e-05 0.537869 0.00374986 0.0377223 0.000142387  0.00183598  -0.000353441  0.0017286  -0.00169273  -0.000250621  -0.00157209  0.00142119  1.63131e-05  0.000371071 
150 3.82265e-05 3.18696 0.0202688 0.0364715 -0.00639522  -0.00506361  0.00429921  -0.0074336  -0.00106855  0.00701759  -0.00186651  0.0116887  -2.52762e-05  -0.00894684 
155 0.000183204 0.562194 0.00675196 0.0359437 -0.000996873  0.000570115  -0.00316032  0.00405201  0.00168565  0.00154261  -0.00118085  0.00170599  -0.00014077  -0.0028841 
157 -0.00137128 0.351337 0.0285806 0.0332981 -0.0213883  -0.0127588  -0.00597333  0.00108635  -0.00279189  -0.00807  -0.00582006  0.00416419  0.0059554  -0.000379619 
162 0.000105677 6.81974 0.0516756 0.0498095 0.0387632  -0.000312331  -0.01067  0.00527686  0.0309706  -0.00286688  0.00389155  -0.00366628  -0.00388107  -0.00386608 
164 -0.000279285 0.453722 0.0071934 0.0487372 0.00184894  -0.00364069  -0.00125434  -0.00300274  -0.00179937  0.000773775  0.00399099  0.0015915  0.000553052  -0.00137065 
165 0.000518747 0.590202 0.0136839 0.0515232 -0.00181045  -0.00110627  0.00452828  -0.00324121  -0.00655343  -0.00251425  3.48128e-05  0.00640561  -0.00351558  0.00700536 
167 -0.000192672 0.283389 0.0129217 0.0462171 -0.000211329  0.000555167  0.00112156  -0.00330897  -0.00285789  0.00639152  0.00756734  0.000767967  0.00143785  -0.00674311 
168 7.25993e-05 0.753201 0.00857486 0.0482568 0.00046043  -0.00197905  0.00453925  0.00545443  -0.0033387  -8.84274e-06  0.00104857  -0.00154076  -0.00183479  -0.00102815 
169 0.000832438 0.910951 0.0369853 0.0474986 -0.0196501  0.0078106  0.0157812  0.00842607  0.00227399  -0.000290912  -0.007311  -0.00694114  0.00466442  0.0217277 
170 -6.12451e-06 0.433405 0.00127729 0.0377363 -0.00038471  0.000169771  8.56063e-05  0.000176778  -0.000183001  0.000636483  0.000330109  -0.000712134  0.000310164  0.000514927 
172 0.000178228 1.40249 0.0253634 0.0378173 0.000344817  0.00740352  -0.000807581  -0.0125905  0.00844373  -0.00597315  -0.0108587  0.00353198  -0.0137002  0.00203546 
174 0.000182112 0.601124 0.00858327 0.0353828 0.00468543  0.00384005  0.00201281  0.000669516  -0.00307773  0.000324414  0.0028394  0.0037257  0.000501739  0.00083738 
175 3.14168e-05 0.511029 0.0011775 0.0327085 0.000464558  -7.50221e-05  -5.75742e-06  -0.000129754  0.000125205  0.000761305  0.000325069  -0.000347096  -0.000570394  3.80595e-05 
176 0.00013214 1.00951 0.0164099 0.0322246 -0.00660813  0.00754781  -0.00524933  -0.00708814  -0.00253778  0.00602712  -0.00262795  0.00621951  -0.000963553  0.00125265 
177 -6.72221e-06 -8.28058 0.0153653 0.0301048 -0.000171798  0.00809512  -0.00137029  0.00401266  -0.00943388  -0.00724304  -0.00106132  0.000732075  -0.00164282  -0.00259473 
179 3.39166e-05 0.535797 0.00220385 0.0302162 0.000607193  0.000344783  -0.000524513  -0.000117352  -1.23553e-05  0.000295005  0.000555583  -0.000620189  5.55604e-06  -0.00181659 
181 0.000266611 0.599667 0.0103106 0.0296497 0.00707451  -0.00322376  -0.000176181  0.00088924  0.00141423  0.00450532  -0.00073967  -0.000337322  -0.00413807  0.00222782 
183 -6.51976e-05 -0.50921 0.0162233 0.0247493 0.00596628  -0.00833444  0.000820006  -0.00111199  -0.0058429  0.00731627  -0.00315709  -0.00380047  0.00387439  -0.00539788 
184 -2.42194e-05 -0.141002 0.00788031 0.0260332 0.000654632  0.00413584  0.00104138  -0.00122015  0.00197769  0.00367256  -1.31883e-05  0.00326425  -0.00280288  -0.0024661 
185 0.000155328 0.598829 0.00783647 0.0264943 -0.00431169  0.00116131  -0.00227588  -0.000599361  0.00258628  -0.00221642  0.00345703  -0.00205641  -0.0028297  0.000378909 
186 -0.000375441 0.159433 0.0226183 0.0233802 -0.0105008  0.01131  0.00273615  0.00282421  -0.00315227  0.00470797  -0.00605665  0.0102966  -0.0017741  0.00894362 
188 -0.000505923 0.284744 0.0208765 0.0303668 0.0179386  0.00290965  0.00544258  -0.00199555  0.00058234  -0.00304474  -0.00437281  -0.00103332  0.00641581  -0.00100062 
189 0.000316675 0.698723 0.0158658 0.0377915 -0.00262031  -0.00675823  -0.00496567  -0.000414097  0.00281354  0.00702414  0.00468742  0.00292268  -0.00252708  0.00895551 
190 0.000492702 0.835102 0.0256968 0.0333402 -0.00668984  0.00828674  -0.00660236  0.014736  -0.0015975  -0.0011921  -0.00245978  -0.0132426  -0.00846792  -0.00539103 
192 -0.000563069 0.297317 0.0213719 0.0248795 0.00751328  -0.00719631  0.00294231  -0.00394053  0.00859979  -0.00639003  -0.00475465  0.00430054  -0.0129759  0.000269126 
193 0.000240488 0.658881 0.012363 0.0343834 -0.00355479  -0.0060113  0.00228699  0.000173658  0.00185436  0.00666361  0.00496583  -0.00503956  -0.000780533  0.000549899 
195 -0.000535244 -0.317871 0.0418482 0.0306881 -0.0111656  -0.0278214  -0.0121129  0.014096  -0.0145335  -0.011966  3.74636e-05  0.0070978  0.00116258  -0.0100504 
197 5.95325e-05 0.515657 0.00193132 0.0384336 0.00117704  0.000304525  -0.000157784  0.000513909  -0.000195287  -0.000341242  0.000604617  0.000470543  0.00101697  0.000432468 
203 -0.000109203 -0.284623 0.0185133 0.0376512 -0.00928282  0.00165375  -0.00975518  -0.00144072  -0.00465722  -0.000782502  0.0113869  0.00189323  0.000805546  -0.0006326 
205 -0.000130084 -0.376737 0.021359 0.0390746 0.00140934  -0.0106943  0.00448616  0.00441758  0.000661661  0.00516134  0.00218418  -0.00806634  0.0097423  0.0104109 
207 0.000549781 0.701099 0.0210297 0.0407052 0.00260115  0.00848364  0.00577958  0.000763639  0.00855632  0.00223268  -0.00861842  -0.000434771  -0.00350841  -0.0128278 
208 1.84283e-05 0.518122 0.00115584 0.0332759 -0.000124017  5.18987e-06  0.000462307  -7.94435e-05  -0.000314196  0.000410342  0.000769626  -0.000444166  -4.94123e-05  0.000203424 
209 -1.82665e-05 0.474066 0.00137662 0.0329978 -1.36734e-06  6.95077e-05  -0.000161817  0.000710979  0.000306182  -0.000435413  -0.000275259  0.000967592  9.47683e-05  0.000232909 
212 0.000483535 0.615953 0.0149775 0.0332735 0.00224645  0.00736879  -0.0019538  -0.000727521  0.00216602  -0.00595641  0.00351339  0.00133565  0.0088208  0.00534117 
213 7.85084e-05 1.09389 0.0136562 0.0249741 -0.00646413  0.00694274  -0.00599835  -0.00659743  0.000118667  -0.00208816  0.00139627  -0.00209484  0.00104244  0.00228038 
214 -2.73866e-05 0.291171 0.00478301 0.0233495 0.000289991  -0.000169546  -0.00161446  0.00113486  0.00280605  0.00108314  0.00173284  0.00240305  0.000958321  -0.000356348 
216 -0.000230308 -0.139853 0.0242797 0.0239288 0.0143361  0.0106483  -0.00987856  -0.00214401  0.010902  0.000301918  -0.000203035  0.000355996  -0.00640771  0.00287064 
217 7.19494e-05 0.632184 0.00616791 0.0283359 -0.00134783  0.0012624  0.00331763  -0.00174937  0.00147962  0.00256815  -0.000685742  0.00197848  -0.00262065  -0.000727172 
218 2.20781e-05 13.3839 0.0337289 0.0270366 -0.000805253  0.00759089  0.0263596  -0.0141263  -0.00809296  0.0032209  -0.00345904  -0.00222936  -0.00106984  0.00954116 
221 6.82116e-05 0.527906 0.00275971 0.0266251 -0.000427538  -0.00122649  0.000118196  0.00217623  -0.000363081  -0.000740255  0.000602707  -0.000202059  -0.00029989  -7.16063e-05 
222 4.86786e-05 0.520589 0.00200249 0.0253118 0.000592285  -0.000359257  -0.00107532  0.000641734  -0.000507365  -0.000200291  -0.000729757  0.00035386  -0.000291361  -0.000960095 
228 -7.91184e-05 -0.963869 0.0215237 0.0243313 0.000857371  0.00449761  -0.00818947  -0.000120061  0.00384429  -0.00752047  -0.00612551  -0.00136156  0.013138  -0.00958676 
229 -0.000306575 -0.466703 0.0344314 0.0259062 0.0158128  0.000140417  -0.0165354  0.00644172  -0.00591947  0.0116346  0.0170389  0.0108839  0.00243875  0.00595045 
234 -3.11613e-05 -1.66048 0.01641 0.0312691 -0.00659245  0.00918319  -0.00278852  0.00258216  0.00132538  -0.00289655  -0.00163886  -0.00965359  -0.00442156  -0.00121634 
236 5.53177e-05 0.781126 0.00788698 0.0317634 0.00331121  -0.00186961  0.000371005  -0.000104814  -0.0037216  -0.000641121  -0.00508236  0.000531666  -0.00221194  -0.00152615 
237 -0.00105392 -0.240765 0.0558912 0.0308804 -0.0126464  -0.0171104  0.0230827  0.0221861  9.36323e-05  -0.0156958  -0.00582058  -0.036566  -0.00322775  -0.00428499 
240 -5.0531e-05 0.334182 0.00578946 0.0448116 0.000908687  -0.00328105  0.00240137  -0.0012838  -0.00160195  -0.0023822  -0.000228225  4.81885e-05  0.00239841  0.00068129 
241 3.83813e-05 0.558031 0.00298492 0.0453719 -0.000987615  0.00115429  -0.000248193  -0.00107694  -0.00138943  0.000805089  1.45975e-06  -0.000548249  -0.000284961  0.00155567 
243 0.000606041 0.647954 0.01894 0.044947 -0.00276478  -0.000231858  -0.000276684  -0.0174803  -0.00248438  0.00454148  0.00323706  0.000686666  -0.0023497  -0.00145604 
244 -0.000211708 0.443763 0.00690292 0.0376082 0.000498081  0.000793433  0.00366149  -0.000235612  0.00150691  -0.00467944  0.000560262  0.000265019  -0.000592341  -0.0028996 
248 0.000463622 1.0094 0.0307321 0.040325 -0.00180451  0.00851188  -0.0112026  0.00182391  -0.00516611  -0.00441167  -0.00616954  0.0207398  0.0142725  0.00467638 
251 0.000409924 0.959424 0.027444 0.0340968 0.00716094  -0.0143949  -0.0163606  -0.00476984  0.00114777  0.01162  0.0069663  -7.6491e-05  -0.0031592  -0.00306666 
252 -0.0003322 0.182733 0.020535 0.0274363 -0.00550118  0.00594134  0.00183412  -0.0119724  0.00700381  -0.00181737  -0.00947012  -0.00216162  -0.0057614  0.00543299 
255 -0.000471319 0.339968 0.0173745 0.0329394 -0.0024918  0.00824994  0.00745182  -0.00063772  0.00691931  -7.63227e-05  -0.00694841  -0.00479536  0.0062915  0.00359531 
256 -0.000394325 0.328689 0.0164417 0.0394517 -0.00839471  0.00342144  0.00835515  -0.00843022  0.00330776  0.0028335  0.000767454  -0.00166605  -0.00333656  -0.00371606 
258 5.75423e-05 13.4068 0.0544936 0.0441683 0.0184286  0.0036216  -0.0122179  0.0301976  -0.0166838  0.00751498  -0.0153776  0.0301264  -0.00502459  -0.00717742 
263 -0.000196035 -0.0480612 0.0207315 0.043512 -0.00538671  0.0030711  0.00740263  -0.00322323  -0.0101005  0.0083924  0.000671605  -0.00266189  -0.0116987  0.00305088 
264 -6.67268e-06 -0.140325 0.0041341 0.0457094 -0.00129028  -0.00260097  -0.000704151  0.00108096  -0.0010552  0.000291423  -0.000831773  0.000295388  0.000656576  -0.00214197 
265 7.84562e-05 0.533666 0.0032508 0.0457824 0.000544325  -8.25206e-05  0.00107277  -0.00041069  0.00100605  0.00191514  -0.000205889  -0.00171226  0.00109732  0.000294766 
267 0.000519902 0.657999 0.0181277 0.0449174 -0.00435084  0.00343572  -0.00418047  -0.00287057  0.00165947  0.000838202  0.0116183  0.00384786  0.00684993  -0.00848487 
268 0.000282678 0.724734 0.0159407 0.0387015 0.00473969  0.0025217  0.00621033  0.00293005  -0.000852092  0.00641135  0.00952479  -0.00538894  0.00374976  -0.00157302 
269 0.000157263 0.912077 0.0160997 0.0348592 0.00503743  0.000792651  0.00837607  -0.00340312  0.00986497  0.00382074  0.00186139  -0.00026836  -0.00178958  0.00572737 
272 -0.000280986 0.273879 0.0159441 0.0325256 0.0129978  0.00206771  0.001631  0.000437555  0.00355839  -0.00165858  0.00474462  -0.00254845  0.00200796  -0.0054492 
273 0.000516205 1.10849 0.0354406 0.0365915 -0.0150496  -0.0257905  -0.00646706  -0.00628963  -0.00614523  0.00805563  0.0075859  0.0107396  0.0027194  0.000283162 
274 -0.00113524 0.328101 0.0279571 0.0286857 0.0123363  -0.00801843  0.00530627  0.0177569  0.00443643  0.00953752  0.00641083  -0.00304139  0.00254611  -0.00736052 
275 -6.07947e-05 0.495106 0.00109182 0.0442578 6.28869e-05  6.95923e-05  0.00049236  0.000131316  -0.000176323  0.000322323  0.000143564  -5.53074e-05  -0.000233583  -0.00084285 
276 -0.000411482 0.344944 0.0159794 0.0449394 0.00618915  0.000618448  -0.00431548  -0.00314082  -0.0075529  -0.00420843  -0.00374131  0.00560788  0.000336655  -0.00823697 
277 -7.76381e-05 -6.98743 0.0482147 0.0493064 0.0038283  0.00335498  0.0259526  -0.0251574  0.0141785  -0.0114785  0.0142289  -0.016986  0.00605117  0.0114859 
279 0.000346508 0.648465 0.0143456 0.0500875 -0.00146908  -0.00594525  -0.00330003  -0.000305017  0.00199065  0.00254656  -0.00812141  0.000495196  0.003481  0.00827896 
280 0.000273626 0.654035 0.0129847 0.0465007 -0.0009213  0.000526679  -0.0021761  0.00972352  -0.000958091  0.00327124  -0.00218926  0.0063856  -0.000534226  0.00327436 
287 5.0142e-05 0.605886 0.00460848 0.0434594 -0.00220432  0.0020011  0.000764554  0.000401893  -0.000355142  0.00236217  -0.00193544  -0.000697113  -0.00129509  -0.000116185 
288 1.96564e-05 8.90362 0.0257037 0.0428787 -0.00159229  -0.0030015  -0.00670492  0.0141518  -0.00795441  0.00476333  -0.00914611  -0.0122755  -0.00862377  -0.00303893 
289 -0.000101286 0.476372 0.00309486 0.0426489 0.00114317  -0.00168323  0.000631662  0.00128402  0.00109905  5.23348e-05  0.000211773  0.00132681  0.000123143  0.000599405 
291 2.38867e-05 0.530839 0.00171664 0.0438203 0.000955428  0.00092244  0.000182008  0.000230339  0.000203892  -0.000644241  0.000271003  0.000117594  -0.000414439  0.00061748 
293 -5.04304e-05 -0.270882 0.0124702 0.0435469 0.00308062  0.00516744  -0.00568648  -0.000690705  0.00509179  0.00359693  0.000763166  0.00663306  -9.28978e-05  -0.00174557 
294 -4.33748e-05 -4.21988 0.0286152 0.0441221 0.00533604  -0.0140205  0.0013961  -0.00998618  -0.0131502  -0.014894  0.00536409  -0.0077639  -0.000919262  -0.00273058 
297 -0.000151686 -0.597034 0.0257998 0.044611 -0.00133679  -0.00275912  -0.0152372  -0.0106616  0.00599462  -0.000305636  -0.00412362  0.00341403  -0.0143532  -0.00629929 
303 0.000502814 0.569296 0.0118093 0.04628 -0.00624841  -0.00118203  -0.00187034  -0.00110068  0.00320202  -0.00210021  0.00285272  -0.00382553  0.00563289  0.00501447 
304 -0.000141485 -0.756793 0.0266696 0.0404864 -0.0175763  0.000134765  0.00855374  -0.00746112  0.00739656  0.00421976  0.0048234  -0.00838751  -0.00276397  0.00998589 
306 -0.000221626 0.0236147 0.0205515 0.0421977 -0.00131708  0.00738299  0.0114589  -0.00208531  0.00186688  0.0029838  -0.00350443  -0.0030292  0.00999354  0.00983618 
308 -0.000296556 0.468024 0.00616281 0.044747 -0.000967412  -0.000733961  0.000777559  0.00109624  0.000122711  0.00237499  -0.00109738  -0.00354577  0.00371557  0.00120892 
312 0.00035161 0.824546 0.0213638 0.0479468 -0.00435464  2.73008e-05  -0.0167237  -0.00633134  -0.00636408  -0.00553249  -0.00543562  0.00114264  -0.00396429  2.31705e-05 
315 -0.000238925 0.312388 0.013392 0.0441287 0.00290276  0.000644906  0.00614278  -0.00390064  -0.00417515  -0.00532589  -0.00653051  -0.000643946  0.00519169  0.00132025 
317 0.00145144 0.769851 0.0395764 0.0467579 -0.000350195  0.00968754  -0.000511173  0.00831996  -0.00716177  -0.0142722  0.0180578  0.0265577  -0.00281565  -0.0104175 
320 1.91648e-05 0.503277 0.000501422 0.0271278 -5.34924e-05  -0.000153152  -1.45573e-05  0.000291599  0.000236399  2.35049e-05  -0.000151555  -0.000200466  -9.69047e-06  -0.000142052 
322 0.000208667 0.583232 0.00833578 0.0267722 0.00100377  0.000840513  0.00144324  0.00385937  0.00594611  0.00143821  -7.88719e-05  0.0014257  -0.00256521  -0.00217938 
323 -0.000768556 0.257071 0.0273374 0.0225412 0.00770554  0.00809478  0.00251136  -0.0017188  -0.00875704  0.00270128  -0.00340896  -0.000124618  -0.0225308  0.00314848 
327 -6.50031e-05 0.248584 0.00808547 0.0357346 0.00317895  0.00249662  8.16788e-05  0.00457072  -0.00505565  -0.00033652  -0.000175491  0.00146305  0.00039452  -0.000371529 
328 -0.00016754 -0.138773 0.0206907 0.0366328 -0.000640556  0.0129362  -0.00544488  -0.00313101  0.00557796  -0.00394493  -0.00244788  -0.0125927  -0.00175499  0.00256458 
329 5.42405e-05 0.685321 0.00634095 0.0388525 -0.00176573  -0.00190836  -0.00261978  -0.00222145  -0.00113612  0.000536133  -0.00189262  -0.00334265  0.00194386  -0.00124008 
331 -0.000542254 0.0773147 0.0302837 0.0381481 -0.0111088  -0.009856  -0.0180936  -0.0152216  0.0027598  -0.00773612  0.00281183  -0.000513361  0.00778172  -0.00113731 
332 -7.28618e-06 -0.404396 0.00513404 0.0446954 -0.00078613  -0.00026437  0.0037627  -0.000525553  0.00144979  -0.00137882  -0.00146871  -0.000785113  -0.00198225  0.000728407 
337 0.000613878 1.98715 0.060408 0.0447768 -0.0014601  -0.0294399  0.0162068  0.0314409  0.000712464  0.0226999  -0.0185573  0.0183184  0.0167859  0.0071831 
338 9.92164e-05 0.55687 0.00475114 0.0372998 -0.000229598  0.00137456  -0.00134128  0.0039868  0.000106318  -0.000819267  -0.00043974  -0.00103183  -0.000698988  0.000713062 
346 0.000516654 0.715172 0.0210873 0.0359453 0.0051294  0.00547943  0.00806567  -0.00444707  0.00171069  -0.012052  0.00302971  -0.00639085  0.00649479  -0.00794511 
347 2.33968e-05 0.575526 0.00265865 0.0278486 0.000131205  8.98064e-05  -0.00156911  0.000643456  -0.00027218  -0.000210459  -0.000381467  0.00178421  -0.000647903  0.000547657 
