generation s h r distopt trait[0] trait[1] trait[2] trait[3] trait[4] trait[5] trait[6] trait[7] trait[8] trait[9] 
2 0.0747654 0.50109 0.0539734 2 -0.0187539  -0.0249411  -0.000546592  0.0101398  0.0307434  0.0133091  0.0206217  0.00506013  -0.00946504  0.0131722 
3 0.0121082 0.502332 0.0135901 1.98189 -0.0030936  0.000726003  -0.00196787  0.00810875  0.00373414  0.000731311  -0.00139042  0.00155168  0.00612995  -0.00696943 
5 0.0304617 0.565212 0.0909349 1.97885 -0.0106269  -0.0545764  0.0221486  0.0336811  0.0162742  -0.017388  -0.0252934  0.0446175  0.0146059  -0.0119018 
9 0.0059711 0.546449 0.0335212 1.97126 -0.00106205  0.00234692  0.00138698  0.00346848  0.0034507  0.00516432  0.0109318  -0.0299203  -0.00512375  -0.00484998 
10 0.0394897 0.512497 0.0518198 1.96975 -0.00916938  0.034215  0.0128249  -0.0029349  -0.00669927  -0.0175525  0.00793525  0.0136245  0.0167269  0.0193934 
14 0.0331405 0.498787 0.0193199 1.95989 -0.00872016  -0.00196418  0.0125568  -0.000208614  -0.00542873  -0.00448107  -0.00231333  0.00893819  -0.000754276  0.000529766 
19 0.0161976 0.500346 0.0123014 1.95156 -0.00422711  0.00363787  0.00197078  0.00251068  0.00142602  0.00176134  -0.0074594  0.00519855  -0.0046815  -0.000561154 
21 0.063955 0.495368 0.0278016 1.94743 -0.0158601  0.0111773  -0.00937458  -0.00354217  0.00477716  -0.00506383  -0.0130448  0.00357431  0.0030139  0.00745187 
22 0.00988383 1.03093 0.144503 1.93145 -0.00998912  -0.00458229  0.028413  0.0713361  -0.0168621  -0.0124621  0.1083  0.0109603  -0.030462  0.0405918 
24 0.134292 0.501661 0.0936478 1.9289 -0.0369977  -0.0175388  0.0105843  -0.0149485  0.045637  -0.0333524  0.043051  -0.0347945  0.0216031  -0.005667 
26 0.038646 0.551441 0.0922631 1.89596 -0.0139338  0.00834879  -0.0416411  0.0532314  0.0413871  -0.00614971  -0.00381384  -0.0113422  0.0165695  -0.0388923 
27 0.0288813 0.509385 0.0383923 1.88593 -0.00715224  -0.0220021  -0.019514  -0.00144587  0.00340221  0.00190397  -0.0166839  0.00416649  0.0145561  -0.00574812 
28 0.0182151 0.536759 0.0530674 1.87837 -7.43416e-05  0.00378288  0.00271562  -0.0229082  -0.022182  -0.000677522  -0.0225675  -0.026274  -0.0145192  0.0191508 
29 0.043827 0.507735 0.0473979 1.87356 -0.0111993  0.0202118  -0.00572391  -0.00651572  -0.0251313  -0.020403  0.00855518  0.0105985  0.0190087  0.00653365 
32 0.0248707 0.530459 0.0573893 1.86208 -0.00850943  0.015948  0.00155374  0.0118592  0.0348224  -0.00336447  -0.0195836  -0.0273527  0.015436  -0.0151607 
33 0.151014 0.495872 0.0869655 1.85547 -0.0416834  -0.022356  0.00746202  0.0378676  -0.024926  -0.00466037  -0.0318055  0.00520343  0.0356558  -0.0297161 
34 0.0149962 0.501159 0.0134081 1.81717 -0.00463274  0.000277746  0.00274225  0.00116859  -0.000677433  -0.00479537  0.00146288  -0.00201706  0.0013284  0.0108593 
35 0.066791 0.521202 0.0869902 1.81307 -0.026466  -0.0122106  0.0269317  0.0290033  -0.0235897  -0.0188226  0.0517306  -0.037625  0.0118811  -0.00276342 
36 0.119154 0.49286 0.0558584 1.79515 -0.028168  0.00556318  -0.0100853  -0.0337047  0.000654142  -0.0136467  0.00948051  0.0204865  -0.0162294  -0.00992084 
38 0.244754 0.497694 0.14801 1.76352 -0.0827088  -0.00271706  -0.040802  0.065848  0.0374118  -0.0575576  0.03565  0.0520972  0.0050896  -0.0182949 
41 0.128197 0.496112 0.0734603 1.70031 -0.0443928  -0.021213  -0.00779595  0.00447246  0.0142687  -0.0420084  -0.00324878  0.00343604  -0.0176897  -0.0243173 
43 0.0704847 0.558442 0.134921 1.66447 -0.0193626  -0.0538006  0.0133249  -0.0498921  0.0795548  0.00998615  -0.0385835  -0.0272066  -0.00646399  0.0597338 
45 0.134908 0.513248 0.121219 1.64388 -0.0519972  0.0203937  0.0459959  -0.0215127  0.0395429  -0.0163727  0.069785  -0.0337998  -0.00665387  -0.0332829 
48 0.024099 0.499045 0.0138763 1.60492 -0.00848375  -0.0027582  0.00412526  0.0032894  0.0021481  0.000472937  0.00123324  0.000370812  -0.00606031  0.00647377 
49 0.0931512 0.510336 0.0874245 1.59749 -0.0265352  -0.0304442  -0.0609275  0.0144033  -0.0235047  0.00995935  -0.0189967  -0.0126911  0.0193783  0.0233096 
50 0.00841367 0.507676 0.0170975 1.56936 -0.000864446  -0.00198304  0.000854835  -0.00379906  1.57824e-05  0.00539315  -0.0118486  -0.00394053  0.00493124  -0.00794737 
52 0.0667223 0.558697 0.131213 1.56669 -0.00456726  -0.00157928  -0.0291413  -0.0106769  -0.0732791  0.0373115  -0.0851445  -0.0377499  0.0281561  0.000949519 
53 0.230737 0.504737 0.159471 1.54594 -0.0816002  -0.00335582  -0.046523  0.0231805  -0.0388627  -0.0126104  0.014642  -0.0856201  -0.0589563  -0.0580436 
54 0.0271836 0.502791 0.0256721 1.47727 -0.00496166  -0.00518022  0.00984964  -0.016629  0.00086496  0.0106812  0.00198796  0.00940198  -0.000921633  -0.00510174 
57 0.167083 0.50602 0.125044 1.46816 -0.0560808  -0.00224647  0.00485331  0.00145361  0.0311462  0.0678713  0.0677324  0.0281844  0.0106193  -0.037268 
58 0.0611113 0.54044 0.106489 1.41457 -0.036414  -0.0256501  0.0592829  0.0421412  0.000741573  0.0070403  -0.0263973  -0.0453315  0.0271483  -0.0229499 
60 0.127559 0.503185 0.0934325 1.39344 -0.0484074  0.0215579  0.0133591  0.0407267  -0.0109598  -0.0411209  -0.0292731  0.024093  -0.0265246  -0.0115104 
61 0.0758955 0.498905 0.0485264 1.34968 -0.0273141  -0.0136049  -0.0125254  0.00842182  -0.0101297  0.00562973  0.00726988  0.0309983  -0.00628183  0.00288622 
62 0.0274182 0.504671 0.0295151 1.3223 -0.00739979  0.0044444  -0.0078322  -0.00977926  0.00867286  0.0112478  -0.00973904  -0.0104896  0.0107028  0.0108854 
65 0.0396552 0.522314 0.0650027 1.31203 -0.0250385  -0.0401962  0.0248103  -0.000304689  -0.00281755  -0.0213233  -0.0234184  -0.018474  -0.00382942  0.000222237 
66 0.100139 0.497464 0.0598726 1.29712 -0.0265906  0.0130838  -0.00180664  -0.0308051  -0.000873291  0.00832567  -0.0279875  0.000420732  0.0121965  0.0274218 
69 0.02213 0.535882 0.0581364 1.2598 -0.018546  -0.0107227  -0.0216688  -0.000426888  0.00480568  -0.0189123  -0.0297403  -0.0328548  0.0081175  0.00637168 
70 0.0348076 0.53345 0.071835 1.25108 0.00355071  0.0403862  -0.0125504  -0.0344263  0.0140226  0.0439956  -0.0029996  0.00544209  -0.00168847  0.000471161 
71 0.0060789 0.527254 0.0260574 1.23733 0.00172175  0.000690935  0.00443686  -0.00638852  -0.00788439  0.000809742  0.0148367  0.00517001  -0.0169208  0.00436576 
73 0.0245701 0.847655 0.184136 1.23488 0.00512272  0.080071  0.0653685  0.0214839  -0.0973911  0.0471824  0.0917715  0.0227915  -0.000744203  0.0456133 
75 0.0242659 0.508688 0.0334734 1.22501 -0.0116938  0.019933  0.0117035  0.00601178  0.018157  -0.00427913  0.00657029  0.000995527  -0.00459545  0.000138512 
78 0.0454119 0.508596 0.0501256 1.21519 -0.0173697  0.0235339  -0.00186608  0.0208978  0.0127255  0.0180688  -0.0108562  0.0137228  -0.0153354  0.0136768 
82 0.0374879 0.505222 0.0380232 1.19678 -0.0117647  -0.00207402  -0.0140157  -0.0107969  -0.0165694  -0.0122349  -0.0103124  0.0104931  0.0165737  0.00864062 
83 0.0976274 0.498398 0.0611595 1.1813 -0.0377636  0.00909937  -0.00117527  -0.00960775  -0.0108895  -0.000719481  0.00853731  0.0342235  0.0256428  0.0108223 
85 0.00835886 0.814106 0.10237 1.14119 0.00261175  -0.00742389  -0.00600696  -0.020057  0.00867245  0.0445069  -0.0815812  -0.0311857  0.0158154  0.00670938 
86 0.0749065 0.565133 0.146202 1.13754 -0.053519  -0.052794  0.0548304  0.00500542  0.0474956  -0.0305672  0.0544272  0.0387944  0.0679051  -0.0205807 
88 0.0278373 0.50567 0.0316157 1.10533 -0.011785  -0.00178857  0.00329059  -0.00485147  0.00591267  0.0144243  -0.00217921  -0.000100341  -0.00715317  -0.0228944 
91 0.0317539 0.511986 0.0445745 1.09284 -0.0194855  0.00795019  0.025773  0.00271277  -0.0145789  -0.0154378  0.0199023  -0.00253325  0.00176684  0.00398472 
94 0.00422498 0.500041 0.00309628 1.07844 -0.00159324  0.000964361  -0.00137105  -0.00109721  -8.97388e-05  -0.00143387  -0.000454385  0.000489662  0.000114057  0.000715278 
97 0.0264963 0.610399 0.108963 1.07649 -0.0306209  -0.0289717  -0.0317143  0.03042  -0.0283615  -0.0434748  -0.0156162  -0.0646892  0.000260958  -0.0322752 
99 0.04637 0.519436 0.0674456 1.06427 -0.0277277  -0.00461038  -0.0406593  0.0132409  -0.00241175  -0.00989803  -0.00101192  -0.0194697  0.00597981  0.0375592 
101 0.0113072 0.571682 0.0573219 1.04276 -0.0109482  -0.0363758  -0.0149807  -0.00314242  -0.00850546  -0.021807  0.0257955  0.0151841  -0.0105111  -0.00735645 
102 0.122406 0.529882 0.142923 1.03735 -0.0584598  -0.0671576  0.00514121  -0.0648126  -0.055446  0.0568118  -0.00777864  -0.0401771  -0.0153498  0.0077412 
103 0.0659539 0.517441 0.0805684 0.980117 -0.0268276  0.00605139  0.0202355  -0.00873015  0.0371719  0.0116044  -0.0441669  0.0332569  0.0259191  0.00207288 
104 0.0415339 0.501066 0.0316459 0.946974 -0.0210305  0.000979117  0.00654841  -0.0112761  -0.0064882  0.00213606  -0.00955535  0.00622269  0.00806963  0.0120991 
107 0.0309057 0.582288 0.102316 0.925238 -0.0231266  -0.00215686  -0.0330103  0.0371143  -0.0277252  -0.00412454  -0.00813418  0.00224394  -0.0339622  -0.0738352 
109 0.0484036 0.508621 0.0524056 0.90864 -0.030471  0.00688903  0.0262627  -0.0141771  -0.0136036  0.00621325  0.00976288  0.00444933  0.0184319  -0.0141836 
110 0.0484567 0.508397 0.0520398 0.882246 -0.0304195  0.00548008  0.000195961  0.00862095  -0.0165825  -0.000527283  -0.0359878  -0.00626795  -0.00812234  -0.00166307 
111 0.0538349 0.501929 0.0421793 0.855008 -0.0185737  0.0166771  0.00758001  -0.0217931  0.00174178  0.000442818  -0.011239  0.0106479  -0.0179225  0.00771049 
112 0.022559 0.51183 0.0361149 0.823774 -0.0168623  0.0082863  -0.00425197  0.00938134  0.000613166  0.0097329  -0.0122126  -0.0214332  -0.00284799  0.0115521 
113 0.0111629 0.650648 0.08213 0.81012 0.00574313  -0.0130244  -0.0209713  0.00624199  0.0191792  0.0316565  -0.0360838  0.0253245  -0.0500177  0.0157748 
114 0.0143182 0.518741 0.0341565 0.80324 -0.0127276  0.00538637  -0.00228481  0.009605  -0.00847093  -0.0150675  0.0179487  -0.00216025  0.0144197  0.00668202 
115 0.0198315 0.5269 0.0480126 0.794341 -0.0166028  0.0111665  -0.00389858  0.00860852  -0.0256232  -0.0128214  0.025347  0.00759276  0.0166878  -0.00400244 
118 0.00674446 0.525098 0.0264072 0.781882 -0.0075315  -0.00388418  0.00830583  -0.00425843  -0.00486701  0.0065568  -0.0051598  0.0067601  0.0199103  -0.00172748 
121 0.00953806 0.502767 0.012253 0.777572 -0.00359586  1.32767e-05  -0.00269423  -0.00273172  0.000645322  -0.00106729  0.00302895  0.000598859  -0.0104302  0.00161433 
123 0.0311276 0.503803 0.0305942 0.771444 -0.0234691  -0.00345574  0.00638367  0.00723816  -0.006089  0.00582151  0.000387672  0.00236609  -0.00549454  0.0131612 
125 0.0212262 0.522968 0.0463653 0.751314 -0.0103178  0.00524558  0.00554671  -0.00539583  0.00762249  -0.0241031  0.00750738  0.0148464  -0.0233173  -0.0222789 
128 0.0345895 0.521576 0.0592584 0.737203 -0.0115629  0.0319961  0.00411839  -0.0138082  0.0157996  -0.0220782  0.0295397  0.0140603  -0.00287233  0.0181897 
131 0.0518997 0.527385 0.0825676 0.713767 -0.0385454  0.0205711  0.0426363  0.0046433  0.0132312  -0.00783737  -0.0043856  0.0216534  -0.0380128  -0.0299918 
132 0.00384391 0.537633 0.0241836 0.677396 -0.00542389  -0.005016  0.00420864  0.0048352  0.0138377  -0.00461839  0.0087803  0.00243803  0.00399271  0.0133185 
133 0.0200893 0.513769 0.0359593 0.674559 -0.0157301  0.0108838  -0.0225413  0.0113851  0.00267399  -0.0135269  -0.00260801  0.00642156  -0.00715643  -0.000258085 
136 0.0282822 0.559572 0.0838372 0.659651 -0.0256899  0.0128661  0.0245513  0.0294059  0.0159184  0.0309976  0.0223117  0.0457075  0.00560677  0.0300504 
137 0.0126519 0.519088 0.0322312 0.638161 -0.00882651  0.0145215  0.00607816  0.00302166  0.00774407  0.0134493  -0.00285133  -0.0150921  -0.0145261  -0.00402916 
143 0.00293722 0.502997 0.00628207 0.628233 -0.00174009  -0.000452319  0.000668625  -0.00261443  -0.00435759  0.00156644  0.00170839  0.000366426  -0.000879072  -0.00191875 
145 0.0387816 0.517515 0.0582091 0.625895 -0.0155348  0.0138148  -0.00953825  -0.0406648  -0.00227896  -0.0187445  -0.0214441  -0.0067668  0.00621699  0.0176261 
146 0.050732 0.562441 0.11646 0.594723 -0.0339154  0.0569099  0.0378659  -0.0359683  -0.0376236  0.03407  -0.00223689  -0.0299927  -0.0318192  0.0441925 
148 0.00215606 0.554213 0.0216641 0.551551 0.000417213  0.010465  -0.0102232  -0.00173127  0.0070093  -0.00824055  0.0056179  0.0018912  0.00896137  -0.00443287 
149 0.00042664 0.521658 0.00608631 0.549595 -0.000508527  -0.000930397  -0.0013606  0.000955456  0.000232142  0.000636243  0.00433072  -2.91425e-05  -0.0026278  0.00265232 
151 0.0392988 0.554672 0.0957211 0.549207 -0.0453989  0.0326728  0.00440386  -0.0276777  -0.00798173  -0.0275811  -0.0369348  -0.0269298  0.0156441  -0.0457161 
152 0.0406987 0.562045 0.103357 0.512915 -0.054233  -0.00319301  0.0159339  -0.00869934  0.0153848  0.00186709  0.0757964  0.0263247  0.00561165  -0.0263033 
153 0.0566932 0.570866 0.130833 0.472429 -0.054985  -0.0350099  0.0156013  -0.0377676  -0.0338909  0.0133115  -0.0940028  0.0238344  -0.0200305  0.00816988 
155 0.0476279 0.541992 0.094279 0.409933 -0.0711669  0.0121773  -0.00898834  0.0180414  0.0101427  -0.00422665  0.0136895  -0.0142739  -0.02813  0.04434 
156 0.00551327 0.538464 0.0293418 0.348593 -0.00614118  -0.000740218  0.00592012  -0.00559923  0.0115076  0.00185959  -0.00478314  0.0190195  -0.0130659  -0.00806606 
157 0.0118023 0.551803 0.0499934 0.340615 -0.014908  -0.00481907  -0.00608527  -0.0286845  -0.00388616  -0.0117749  0.0164313  0.0139413  -0.027609  0.00369843 
161 0.0216887 0.521473 0.0455268 0.322933 -0.0298317  0.00112303  -0.0175729  -0.00104914  -0.0102632  0.0160439  0.00354203  0.0103097  -0.00927513  0.0174353 
162 0.00155636 0.51125 0.00843731 0.2878 -0.00387374  0.0015722  -0.00153686  0.00261796  0.000122313  0.00144831  0.00409976  0.00154344  -0.0042736  0.00222001 
163 0.027651 0.70927 0.15211 0.285085 -0.0739478  0.015373  0.00234203  -0.000162258  0.0510054  0.0689769  -0.0206086  -0.031754  0.0362321  0.0855699 
168 0.00394164 0.833051 0.0724227 0.232374 -0.0130496  0.0246809  0.0131572  0.0162749  0.0012367  -0.0131619  -0.00662766  0.0166594  -0.00279766  -0.0593597 
169 0.00783861 0.558227 0.0429957 0.22375 -0.0087065  0.0114427  -0.0297268  -0.000226204  0.0147269  -0.00318078  0.0121918  -0.00536579  -0.0173535  -0.00725142 
173 0.00364887 0.529622 0.0209324 0.205562 -0.00899503  -0.00200461  -0.00611436  -0.00321287  0.00513248  -0.00597918  0.0029261  0.00758852  0.000128868  0.0133143 
174 0.0135146 0.552331 0.0538428 0.196503 -0.0191864  -0.0218959  -0.035979  -0.0141054  0.00302424  0.0152237  0.00602304  0.00899057  -0.0101387  0.00986109 
175 0.00186423 0.517507 0.011496 0.158712 -0.00244988  -0.00100825  -0.00625347  0.00115986  0.00138134  -0.0036893  -0.00444854  0.00428915  0.00556586  -6.01501e-05 
179 0.00479944 1.36298 0.128472 0.152732 0.00985923  0.0135954  -0.0244662  -0.0624027  -0.0466439  -0.0256591  0.00169899  -0.00864741  0.0351061  -0.0870984 
184 0.000578905 0.507457 0.00417492 0.136158 -0.00237895  0.00118522  -0.000684818  -0.000276519  0.000265566  -0.00198309  -0.000563361  0.000971526  0.000639009  0.00203657 
190 0.00541901 0.585881 0.0432515 0.134016 -0.0243095  -0.0223693  0.00213085  -0.00850322  0.0102434  0.0105243  0.0089064  -0.0137774  0.00551258  0.0136856 
194 0.0021444 0.579684 0.0261726 0.112053 -0.00563168  -0.0103673  -0.00439332  -0.00934279  -0.000206464  0.0125008  0.00711494  0.0137165  0.00290219  -0.00597647 
195 0.00293904 0.691364 0.047435 0.102048 -0.0119019  -0.00896398  -0.010792  0.0141511  -0.00862249  -0.000185061  0.0177339  0.0149473  0.00767989  0.0322502 
196 0.0008696 0.525107 0.0093633 0.086482 -0.00619576  0.00465954  -0.000138679  -0.00337922  0.0025511  0.000538275  0.000515784  0.00243152  0.000790701  -0.00159152 
197 0.000911361 0.938575 0.0399771 0.0813014 -0.0158009  0.0139981  0.00134926  0.00667535  0.0146568  0.0123258  0.00641104  0.0207596  -0.00111032  -0.0163134 
198 0.00103692 0.784573 0.0343521 0.0754915 -0.0250013  -0.0122637  -0.0106323  0.00134314  -0.00820019  -0.00780422  -0.00350387  -0.00466773  -0.00218958  -0.0110791 
201 0.001322 0.726227 0.034586 0.0682831 -0.0108893  0.00582164  -0.0104356  -0.000690279  0.0061456  -0.00735374  -0.0134966  -0.00159081  -0.0253428  0.00394383 
202 0.000318914 1.20943 0.0300797 0.0578054 0.0115693  0.00856411  0.00678028  -0.000393584  -0.00198893  0.000625483  0.00295376  -0.0126534  0.0030482  0.0216563 
203 2.71892e-05 0.501636 0.000422309 0.0549782 -0.000120792  -8.53314e-05  -0.000142028  -0.000103761  -0.000259855  0.000158886  -0.00016595  -4.94304e-05  -9.73219e-06  -5.18454e-05 
205 -6.26245e-05 0.332501 0.00647775 0.0547303 0.00147925  -0.00224619  0.00344483  0.000342237  0.0038134  0.00026462  -0.00141778  0.00158048  -6.64121e-05  -0.00190243 
206 -8.60905e-05 -19.3409 0.0826251 0.0552995 -0.0174331  -0.0103886  -0.0207468  -0.0308287  0.0313784  0.01632  -0.0494463  -0.00680163  0.0091077  0.0347727 
210 0.000374593 0.563202 0.00973401 0.0560725 0.00356676  -0.00277306  0.00458107  -0.00106701  -0.00425582  0.003613  -0.00111037  0.00339645  -0.00202761  -0.00204179 
211 -0.00026646 -0.816316 0.0374561 0.0526271 0.00114252  -0.00600949  -0.0026603  -0.0217176  -0.0217263  0.00821551  0.0119311  0.014265  -0.00065849  -0.0010021 
212 -0.000262111 -0.54787 0.0331461 0.0551008 -0.00984515  -0.00675355  0.0017003  0.00498508  0.00317683  0.00942043  0.00140358  -0.0193169  0.00117863  -0.0212848 
213 0.00129225 0.72621 0.0341934 0.0574304 0.00165043  0.00669079  0.00212298  0.0115397  -0.0167605  -0.00791067  -0.0155458  0.0167597  -0.0073016  0.00804118 
215 0.000141775 0.576208 0.0065745 0.0447977 -0.000238865  0.000531747  -0.00132135  0.00359808  -0.000498364  -0.00342063  -0.00138378  0.000249919  0.000119456  0.00377512 
219 -7.16503e-05 0.359452 0.00634704 0.0431865 -0.0016442  0.00105822  0.00459978  -0.000622875  -0.00225689  0.00165356  0.0013897  -0.00106657  0.00200451  -3.38973e-05 
221 3.07494e-06 0.500675 9.11699e-05 0.0440082 2.43641e-05  -7.66999e-06  -3.07273e-05  4.00223e-06  -8.35211e-06  -1.69119e-05  4.67901e-05  5.03241e-05  1.24688e-05  3.82919e-05 
222 5.42418e-05 4.29897 0.0287079 0.0439733 0.00853237  -0.000784776  0.0117136  0.0101343  0.0122037  -0.00970544  -0.00126766  -0.0117293  0.0104255  -0.00445151 
224 -2.10335e-05 0.36659 0.00335032 0.0433521 -0.00118454  0.000235738  0.000653476  0.000345044  0.00121873  -0.000884839  0.00154712  -0.00127121  7.12995e-06  -0.00171522 
226 -0.000146462 -0.21534 0.0204719 0.0435941 0.00457329  -0.0108736  -0.00531354  -0.00557312  0.00705604  0.00760158  0.00412311  0.00659178  0.000892235  -0.0071997 
227 -0.000153553 0.0954416 0.0157641 0.0452428 0.00104939  6.25346e-05  -0.00159159  0.00356691  0.00253247  0.00623326  0.0014858  -0.00696546  -0.00207335  0.0114828 
229 -0.000234222 0.157251 0.0179212 0.0469093 -0.00323196  0.00259174  0.00546504  -0.00143587  0.00384303  -0.00347802  0.00293818  0.00404085  -0.0132045  -0.00677433 
230 1.01738e-05 0.558986 0.00154935 0.049343 0.000621452  0.000109492  -3.42797e-05  0.000603648  0.000333631  -0.000375518  0.000838509  -0.000338977  -0.000467939  0.000589436 
231 -0.000518056 0.365604 0.0166942 0.0492398 0.00121491  0.00348536  0.00115899  0.0018082  -0.00331553  0.00906326  -0.00647823  -0.00135299  -0.0110788  0.000886577 
232 1.98751e-05 0.819629 0.00504088 0.0542471 0.000400191  0.000588294  0.00269677  -0.000635146  -0.00357771  0.000397977  0.000125848  -2.96056e-05  0.00129388  0.00160592 
234 -0.000312274 0.392102 0.0116121 0.0540636 0.000329781  -0.000879793  0.00375028  -0.0042796  0.000285157  0.00642301  -0.000824505  -0.000244022  0.00726296  -0.00259869 
235 0.000452961 0.782986 0.0226424 0.0568788 0.00502779  0.00456918  -0.00603196  0.000569779  -0.0130686  0.00477499  0.00465144  0.00294746  -0.0025673  -0.0141178 
236 0.000180985 5.56642 0.0605457 0.0527478 0.00875465  0.0412847  -0.0141795  0.0123894  0.00774129  -0.00463239  0.00893783  -0.0155234  0.0335564  -0.00137157 
239 0.000804109 1.20809 0.0477105 0.0510036 0.0146503  -0.0126293  -0.000935312  -0.00600009  -0.0214033  -0.0200646  -0.00167833  0.0155834  -0.0246702  0.0122605 
240 -6.7585e-05 0.439606 0.004041 0.0423979 0.00105425  0.00146799  0.000288096  0.000899673  0.000517594  -0.000109226  -0.00310091  0.000620194  0.000614884  -0.00122987 
241 -0.000697973 -0.144857 0.0424363 0.0431876 -0.00772907  0.00909849  -0.0203767  0.00537394  0.0135209  0.00752615  0.0158489  -0.00355832  -0.000108327  -0.0266629 
242 -2.49473e-05 0.482045 0.00133868 0.0506299 5.81729e-05  0.000571546  -0.000107805  -0.000530246  -0.000412731  -0.000526303  -0.000251547  0.000712476  0.000153626  -0.000356927 
245 0.000581215 0.917309 0.0311441 0.0508756 -0.0218037  -0.00640492  0.0026841  0.0099286  -0.000396994  0.00639593  -0.0117954  -0.0103406  -0.00448261  0.00636622 
246 1.83313e-07 0.927619 0.000559957 0.0448027 9.72845e-05  -0.000176526  9.94363e-05  0.000152688  0.000367916  2.27536e-05  -0.000141826  -0.000246774  -7.9175e-06  0.000150899 
248 0.000289658 0.571986 0.00913427 0.0448007 0.00262511  -0.00649449  0.00201474  -0.00253438  -0.00146881  -0.00446564  -0.000689458  0.000709333  0.000271476  -0.000855235 
249 0.000467123 0.830927 0.0248646 0.0414426 -0.0137548  -0.00286809  -0.00676066  -0.00595589  -0.000566367  2.1127e-05  0.0104524  0.00415852  0.0115431  0.00891851 
251 -2.21939e-06 0.49358 0.000238733 0.035362 -9.33524e-05  -4.67922e-05  -0.000117789  -2.49516e-05  -9.0364e-05  4.97189e-05  -9.03819e-05  -1.79895e-05  2.76752e-05  0.000108149 
252 -0.000133798 0.325478 0.00966522 0.0353934 -0.0054095  -0.00164908  0.00110236  0.00179309  -0.00157436  -0.00100458  0.00381256  0.0041127  0.000452919  -0.0046756 
253 -0.000248198 0.400228 0.00995461 0.0372357 -0.00527385  -0.00441583  -0.000253752  2.86736e-05  0.000866691  0.00271465  -0.00300377  -0.00492199  -6.30217e-05  0.00321604 
258 -0.000249986 -0.0909937 0.0243109 0.0404318 0.00453171  -0.00282845  -0.00530543  -0.00388861  -0.00218341  -0.000858145  0.0111774  0.0132232  0.0126837  -0.00728361 
259 0.000340471 0.648891 0.0142405 0.0434136 0.00072142  -0.00188562  0.00225815  0.00792842  -0.00529632  -0.00433399  -0.004212  -0.00631615  0.000829645  0.0050595 
260 -4.13538e-05 0.451962 0.00281908 0.039298 0.000935939  0.000513162  0.000200764  0.00135617  -6.01692e-05  0.00164351  0.00138733  -0.000312217  6.57031e-05  -0.000444039 
261 -8.48698e-05 0.327767 0.00764691 0.0398207 -0.000770745  0.00425954  0.00260404  -0.00111282  -0.00103026  0.00175726  0.00142425  -0.00318298  -0.00389921  0.000452685 
262 0.00019669 0.751096 0.0140552 0.0408725 0.00174306  -0.00345075  0.00969513  0.00360288  -0.000923955  -0.00555749  -0.00382764  -0.00506349  -0.00125523  0.00142149 
263 0.000202054 0.534466 0.00527957 0.0383913 0.00210049  0.00124801  0.00123323  0.0012931  -0.00195374  0.000429727  -0.00278789  0.00139183  -0.00163096  0.00152968 
264 6.94823e-05 1.29538 0.0148677 0.0356631 -0.000979093  0.000677652  0.00576244  -0.00294804  0.00189334  -0.0023569  0.000943175  -0.00237315  0.004024  0.0120781 
266 6.6271e-06 0.5063 0.000408681 0.0346753 -0.000135904  7.06856e-05  0.000187778  9.88504e-05  0.000118584  0.000215271  2.38967e-05  0.00018581  -4.84741e-05  -2.59287e-05 
267 0.00026988 0.827026 0.0187884 0.0345796 0.00486432  0.00233266  -0.00503236  -0.00224278  -0.00323106  0.0105936  -0.00496204  0.00837968  -0.00280484  -0.00825675 
268 -1.55445e-05 0.47565 0.00123051 0.0304287 4.03601e-05  -0.000710145  6.81559e-05  0.000286198  7.82552e-05  0.000278669  0.000190676  -0.000571723  -0.000688656  -2.06503e-05 
269 -0.000190976 0.3811 0.00953172 0.030683 0.00271319  -0.000601965  0.00421802  -0.00472664  -0.00497909  -0.00188695  0.00185997  -0.000693036  -0.00327185  2.1107e-05 
271 -0.000364716 -1.17403 0.049416 0.0336518 0.010808  -0.0209616  -0.004604  0.0115571  0.0144712  0.00324407  -0.0314646  0.0133554  0.0178387  0.00494254 
273 0.000124612 1.1847 0.0184732 0.038694 0.000986579  -0.00274979  0.000484678  0.00316765  0.0032218  0.00390393  0.010328  -0.00909118  -0.0044868  0.00934813 
274 -7.10701e-05 -1.32871 0.0228003 0.0370489 0.00269001  0.00263654  -0.00943732  0.00761074  0.013591  0.00122446  0.0104882  -0.000685039  -0.00777432  -0.00124697 
275 0.000382165 0.898809 0.0246891 0.037996 -0.00271728  0.0104346  -0.00947859  -0.00636631  -0.00769688  -0.00798637  -0.00151811  0.000278605  -0.0108517  0.010943 
276 0.000254626 0.753482 0.0160675 0.0325822 -0.00169519  0.00546381  0.00919054  0.00181771  0.000889785  -0.0021061  0.00692098  0.00398978  -0.00818851  0.00125262 
277 0.000162077 0.586521 0.00749001 0.0284079 -0.000654418  0.00122403  -0.000495032  -0.00328536  0.000315661  -0.0045008  0.00403627  0.00100701  0.00113328  -0.00204655 
280 2.50523e-05 0.588247 0.00297377 0.0253958 -0.000285717  0.00110754  -0.000388304  -0.000197352  0.000114107  -0.00134051  0.00163645  0.0015382  0.000643106  -0.000278771 
281 6.20074e-06 0.624512 0.00175735 0.0248976 -0.000243196  -0.000194762  -0.000243596  -0.000350588  0.000449718  -0.00110363  -0.000533869  0.000950131  -0.000383891  0.000231469 
282 4.68214e-05 0.930735 0.00898159 0.0247728 -0.00524396  -0.00111999  0.00213721  -0.000909844  -0.00154457  -0.00523214  0.00241361  0.00104199  -0.000605494  -0.00307914 
283 0.000110609 1.35813 0.0194842 0.0238091 0.00525023  -0.00456878  0.00716781  0.00198411  -0.00298688  0.00202215  -0.00603171  0.010459  0.0081427  0.00712695 
285 -5.12347e-05 0.374512 0.00507142 0.0213604 0.000166157  0.000231394  0.000151973  -0.00053188  0.00154772  0.00288433  -0.00140753  0.00133261  -0.00320681  0.0007594 
287 -7.80658e-05 -1.0623 0.0220871 0.0225279 0.00214997  0.00661686  -0.0148802  -0.00409688  0.00171157  0.00721234  -0.000913744  -0.00217641  -0.00451574  -0.010969 
288 2.54426e-05 2.58862 0.0145791 0.0241986 -0.0034113  -0.000398568  -0.00289824  -0.0058715  -0.00803227  -0.00179431  -0.00453553  0.00451804  0.00641491  -0.00283014 
290 -0.000552345 0.212345 0.0252154 0.0236671 -0.00533627  0.00976844  -0.00456815  -0.00740256  0.0128212  0.000315296  -0.0122118  -0.0103665  0.000785431  -0.00381553 
291 4.71101e-05 0.538548 0.00269536 0.0333561 0.000715951  -0.00114529  0.000260181  0.000421222  0.000962503  -0.0010223  0.000230069  0.000306358  0.000706957  -0.00160545 
295 0.000330449 0.636546 0.0134353 0.0326423 0.00320028  -0.00823825  0.00285122  -0.00116532  -0.00656271  -0.00202338  0.0026047  0.00252998  0.00441953  -0.00360936 
296 -3.048e-05 -5.27239 0.0265277 0.0271132 0.00223665  -0.00783111  0.0101686  0.0117333  0.00803865  0.0081636  0.00506432  -0.00215168  -0.0152263  -0.00171359 
298 -0.000503585 -0.467425 0.0441459 0.0276696 -0.00286995  0.0298954  0.0051033  -0.00547273  -0.00686022  -0.0261165  -0.00853017  -0.00835238  0.00165999  0.0107927 
303 0.000181667 0.975747 0.0185925 0.0356275 0.000988088  -0.00852412  0.00692883  0.00249815  -0.0101666  0.00524644  -0.00458939  0.00195646  -0.00176089  0.00767571 
304 0.000273063 0.568076 0.00862451 0.0329798 0.00178847  0.000661703  0.000270166  -0.00190706  0.00478659  0.00309133  0.00360655  -0.00230098  0.00376402  -0.00144861 
307 -0.000565558 0.27947 0.0223419 0.0285419 -0.00223403  0.00733035  -0.00224495  0.012886  0.00184489  0.00254524  0.00391175  0.00177313  0.00442286  0.0148815 
312 0.000327817 0.77682 0.0190516 0.0371532 -0.00344499  -0.00246353  -0.00147853  0.0056047  -0.00467223  0.00253089  0.00462517  0.00545681  0.0141246  -0.00570256 
313 -2.63905e-06 0.398496 0.00103514 0.0324437 -0.000530462  -0.000181102  -0.000221167  7.29678e-05  0.000420415  0.000191623  0.000350423  -0.00054983  -9.48297e-05  0.000235603 
314 -0.000164256 0.423262 0.00710185 0.0324844 -0.000622354  0.00367308  -0.00164721  0.00225883  0.00216231  0.00362761  0.000999186  -0.00208491  -0.00194824  -0.00132881 
316 -0.00092299 0.405296 0.0187141 0.0349214 0.00569996  0.00282455  -0.00227389  0.00643929  0.00715266  -0.00682564  0.000895306  -0.00108962  -0.00646227  0.0110279 
319 0.000168308 0.922334 0.0168615 0.0462917 0.00200568  -0.00166604  0.0117209  -0.00217987  -0.00591233  0.000161447  0.00644924  -0.0074923  -0.000770702  -0.00144102 
322 -0.000316417 0.482243 0.00474635 0.0444368 0.00086239  0.00097014  0.000954192  0.00223038  0.000208981  0.00147779  -0.00115784  -0.00306609  0.00035028  0.00136608 
324 8.72291e-05 1.36886 0.0174109 0.0478654 -0.00244111  -0.00458607  0.00830502  0.00299469  0.006703  0.00988947  0.00381138  0.00134379  -0.00318422  -0.00538551 
326 0.000498326 0.546485 0.00963113 0.0469454 0.000917011  0.000670414  -0.00221863  -0.00315166  -0.00398859  -0.00089355  0.00176944  0.00707747  0.00112637  -0.00232712 
328 2.53482e-05 1.10552 0.00783548 0.0412997 0.00255801  0.00140501  -0.0012529  0.000351602  -0.000876843  0.000875933  0.00361447  0.00549323  -0.000557851  -0.00246913 
329 -6.40093e-05 -0.497063 0.0159777 0.0409917 0.00401919  -0.00693513  -0.0062084  0.00370964  0.00453193  -0.00593948  -0.0040054  -0.000367765  -0.00764922  0.00286827 
332 -0.000182615 0.435905 0.00684397 0.0417652 -0.00111834  0.00198423  0.00100594  -0.000637874  -0.00250258  0.000744726  -0.00294147  -0.00237531  0.000463839  0.00434813 
336 0.00060848 1.29594 0.0440043 0.0438972 -0.0201796  -0.0186862  0.00468702  -0.00448412  -0.00191987  0.019277  0.00141408  0.00517684  0.0187139  -0.019586 
338 -0.000364745 0.300893 0.017047 0.0363135 -0.00562239  -0.00930342  0.000578913  4.65517e-05  -0.00749606  -0.000762562  -0.000999659  -0.00500525  0.00301903  -0.00895325 
339 -0.000121033 0.450644 0.00488913 0.0410302 0.000575756  -0.003833  0.000980348  0.000263899  -0.00213769  -0.000128918  0.000474605  -0.000597773  -0.00159314  -0.000377537 
341 -5.26223e-05 0.43826 0.00360517 0.0424796 -0.00100568  0.000625429  -0.000975317  0.000828958  -0.000440124  -0.000980362  0.000490842  -0.0029251  6.44858e-05  1.31757e-05 
346 -0.000190501 0.471822 0.00463591 0.0430946 0.00182239  -1.48194e-06  0.000722447  0.00239808  -0.00229979  0.000983423  0.00161307  -0.00156042  -0.00012211  0.000768012 
347 0.000238778 0.539571 0.00614969 0.0452511 0.00149472  0.00197763  -0.0021582  -0.000575833  -2.98573e-05  -0.00415818  0.000487056  -0.00128285  0.00196516  -0.00190994 
350 0.000608278 0.657259 0.0195622 0.0425313 0.00227277  -0.000979075  -0.00449447  -0.00611162  0.01059  -0.00891622  -0.0104169  -0.00329134  0.00155245  0.00236654 
352 -0.000160363 0.233202 0.0130829 0.0346528 0.00266383  -0.00268138  0.0043895  -0.00480359  -0.00444658  0.00558404  0.000728852  0.00311361  0.00701265  0.0020437 
354 0.000151055 1.36978 0.0229232 0.0368944 -0.00292383  -0.0016679  -0.00850158  -0.00494845  -0.00494026  -0.011083  0.00640936  -0.00143572  -0.00685975  -0.0134142 
355 -0.000506654 0.197309 0.0247725 0.0347872 0.00279248  -0.00941834  -0.00547509  -0.0139708  0.00399131  -0.0145639  -0.00247607  0.00324898  0.00678854  0.00109743 
356 -0.000494975 0.273523 0.0211804 0.0414359 0.0077109  -5.68103e-06  0.00337371  -0.00448003  0.00294188  -0.0139124  0.00357463  -0.00897368  -0.00782152  0.00100393 
357 2.55122e-05 1.31855 0.00913952 0.0470322 0.00113078  0.00179869  -0.00344316  -0.00141357  -0.00708318  0.00246949  0.00131973  -3.20453e-05  -0.000487181  -0.00262935 
358 0.00020787 0.536766 0.0055307 0.0467602 0.00296122  0.00341379  -0.000606016  -0.000305595  -0.00235776  0.000827956  -0.000663108  0.000961791  0.000601925  0.00131663 
360 6.342e-06 0.501974 0.000223841 0.0444823 -9.54531e-05  2.25676e-05  -1.28417e-06  -7.53841e-05  0.000156759  5.00147e-05  8.41223e-06  -4.5704e-05  -2.75247e-05  6.93399e-05 
361 0.00032504 0.606627 0.0117754 0.0444109 -0.000783038  0.0032967  0.000827426  0.00351023  0.00703821  0.00326435  0.00556218  -0.0020723  -0.00396656  -0.00173623 
362 -2.01105e-06 -1.18014 0.00367632 0.0405875 9.58085e-05  -0.000517555  -0.000408896  -0.000319773  0.00134944  -0.00109634  -0.00106182  0.000161925  0.00184122  0.00232424 
363 -6.07148e-05 -14.4782 0.0602996 0.0406122 0.0160949  0.0325255  0.0168143  0.00341564  0.01378  0.0385257  -0.00252622  -0.00466425  -0.00425393  0.0174458 
364 0.000587667 0.638632 0.0180538 0.041353 0.000400421  -0.000105633  -0.00106824  0.0070237  -0.00365197  -0.0127875  -0.000289755  0.0042559  -0.0050147  -0.00742254 
365 6.70783e-05 5.56102 0.0368465 0.0335049 0.0031675  -0.0193096  0.0105048  -0.00419773  -0.0098165  -0.000651195  -0.0163441  0.0216872  -0.00229931  -0.00269425 
366 0.000118374 0.644879 0.00828263 0.0324884 -0.00304354  -0.000394982  -0.00117814  -0.00262009  0.00195395  0.00216521  0.00417363  -0.000566966  -0.00115585  -0.0048319 
367 -1.19366e-05 -3.05139 0.0130216 0.0306126 -0.00062468  0.00298618  -0.00303047  0.00173779  -0.00112204  -0.00643446  -0.00249412  0.00907582  0.00123567  -0.00390805 
368 -0.000488874 0.200848 0.0241911 0.030807 0.00871483  0.00646951  -0.00125914  -0.00588161  0.00479449  -0.0133506  -0.000853246  0.00122486  -0.0060563  0.0138237 
369 -0.000113497 -0.0299674 0.0155116 0.0379218 -0.0019182  -0.00233104  0.000656542  0.00246943  -0.00620632  -0.00400258  0.00593106  -0.00636623  -0.0096112  -0.00153229 
371 -0.000112823 0.194812 0.0117363 0.0393899 0.0063724  0.00205899  -0.00419671  -0.0054591  0.00262911  -0.000409502  0.000528303  -0.0014693  0.00591056  0.00101338 
372 2.56006e-05 0.522052 0.00150282 0.040797 -0.000332668  -0.000175608  -0.000689589  0.000340931  -0.000705999  -0.000433389  0.000627619  0.000508263  -3.84369e-05  0.000430369 
373 -0.000145121 0.466843 0.0043885 0.040482 0.00139324  0.000296336  0.000581708  7.5515e-05  0.00171841  -0.0017396  -0.00203163  -0.00128308  0.00121376  -0.00191304 
374 1.86042e-05 0.688344 0.00374379 0.0422365 -0.000460294  -0.00121822  0.000529121  -0.00247952  0.000369315  0.00105876  -0.000291418  0.000275682  0.00130971  -0.00166086 
375 4.16653e-05 0.529135 0.00220375 0.0420157 -0.00100497  0.000225312  7.09597e-05  -0.000518006  0.00137648  7.95259e-05  -0.000129554  -0.00107298  -0.000403438  0.000539022 
376 9.48842e-08 3531.08 0.0366027 0.041517 -0.0221526  -0.00770455  -0.00145003  0.0103124  0.00906768  -0.00289225  0.00810325  -0.0164492  -0.00858099  -0.0134445 
377 0.000661014 0.59952 0.0162253 0.0415158 -0.00530913  -0.0040307  0.000807734  -0.00104965  -0.00720289  0.00969717  0.00159733  0.000275393  0.00825277  0.000647693 
378 -0.000161369 0.458929 0.00515031 0.0326001 0.00241297  0.000903471  0.0029545  -0.00181577  -0.000496679  -3.86343e-05  -9.86367e-05  -0.00214174  0.00149077  -0.000890841 
381 0.000498912 0.592662 0.0136013 0.0349878 -0.00464142  -0.000465004  -0.00507358  0.00184502  0.000532984  0.000777917  -0.00731762  0.00846514  0.000332401  0.00280793 
385 -0.000177702 0.426331 0.00723771 0.0269325 -0.00127213  0.00240005  0.000190383  -0.00395177  0.000317508  -0.00135765  0.00130483  -0.00338947  -0.00370548  0.000698226 
388 -1.24999e-05 0.483062 0.000920317 0.0300513 -9.21743e-05  0.000234708  -0.000475895  -1.17269e-05  -0.000349949  -0.000572975  -4.04618e-05  -8.55942e-05  -5.55652e-05  -0.000306547 
389 -0.000504721 0.419489 0.0127557 0.0302585 0.00235505  -0.00176453  -0.000578284  0.00363613  0.00611048  -0.000436659  0.00051458  0.000227375  -0.00916629  -0.00431576 
391 -0.000274912 0.270698 0.0158813 0.0376886 0.00739025  -0.00493851  0.00698845  -0.000205835  0.00786492  -0.000968147  -0.000242735  0.00594013  0.0015123  0.00488924 
392 -1.03004e-05 0.483574 0.000822699 0.041175 0.000166949  -1.49523e-05  -0.000555641  -3.01402e-05  0.0002121  -7.94174e-05  6.77391e-05  -0.000159593  1.00911e-05  -0.000507582 
393 0.000265099 1.19759 0.0271954 0.0412998 -0.0141787  0.00339722  0.00110603  0.00669635  0.00406755  0.00629859  -0.0154692  -0.00150435  0.00995459  0.00916935 
395 0.000245926 1.6854 0.0341438 0.0379554 0.0198418  0.00385738  -0.00740897  0.0121984  -0.00828859  0.0197545  -0.00161407  0.00222787  0.00914752  -0.00182682 
399 -0.000146724 -1.72294 0.0361182 0.0345647 -0.015903  -0.00678421  -0.00391748  -0.00242607  -0.00315406  0.0181532  0.024065  0.00573309  0.00486386  0.00303741 
400 -7.01048e-05 0.360543 0.0062538 0.0366258 -0.00123714  -0.0047234  0.000700273  -0.000211524  0.000375255  -0.00216801  0.000417587  0.00226022  -0.000676382  -0.00203774 
402 3.71235e-05 2.67523 0.0179719 0.0375707 0.00384905  0.00996286  0.0112252  0.00208632  -0.00194461  -0.00263003  -0.000421717  0.00287666  -0.00659608  -0.00398743 
403 -5.7042e-06 -0.851039 0.00555215 0.0370734 0.000829323  0.000116812  -0.000273066  -0.000497812  0.00148999  0.000368994  0.00028687  -0.00465981  -0.00229733  0.000610338 
407 0.000388911 0.8805 0.0243278 0.0371502 0.0103171  0.00597426  -0.00793004  0.00598384  -0.0043012  -0.00926595  0.00103104  -0.000762353  -0.000499438  0.0156449 
410 9.60946e-05 0.622151 0.00685231 0.031485 0.00136215  0.000386445  0.00202697  -0.00357102  0.0018757  -0.00246693  -0.00138326  -0.000769666  -0.00289883  -0.00275237 
411 -0.000358875 0.241528 0.0192653 0.0299201 0.00227693  0.00601203  4.66874e-05  0.00188655  0.00364869  -0.00264082  5.55746e-05  -0.0143716  0.0087986  0.00469175 
412 -0.000163503 -1.93481 0.0399026 0.035414 0.00919949  -0.0188946  -0.00422626  -0.0115889  -0.0214649  -0.018618  -0.00660376  -0.00255355  0.00860472  -0.00817728 
413 -0.000440263 -0.46771 0.0412831 0.037652 -0.0224109  0.0245919  0.0155466  -0.00742121  -0.0144228  0.00178326  -0.00306017  -0.00257936  0.00274662  -0.0081088 
414 1.76291e-05 2.3421 0.0113972 0.0431049 0.0068377  -0.00527337  -0.00252557  -0.00208001  0.000936333  0.00222663  -0.00557972  -0.00244728  0.000257144  0.00126682 
417 -2.24898e-05 0.483706 0.00121082 0.0428999 4.95597e-06  4.78733e-05  0.00041722  -0.000173922  0.000362659  -0.000603964  0.000362613  -0.000439302  0.00032704  0.000575953 
418 0.000113674 0.860527 0.0128033 0.0431612 -0.0041337  0.000442439  -0.00585189  -0.00419736  0.00396664  -0.00379945  -0.00418357  0.000699084  0.00594622  0.00335548 
420 -0.000244067 0.353417 0.0119645 0.0418237 0.000961971  0.00430658  -0.00284596  0.00195542  0.00387252  -0.00421846  -0.00663825  0.000505558  0.00162007  -0.00565823 
421 -0.000190355 -1.3605 0.0376367 0.0446466 0.00442781  -0.00315951  0.000140366  0.00935152  -0.0159308  -0.00317341  0.0262902  -0.00234226  -0.0153214  0.0102075 
422 -0.000407869 0.44446 0.00952434 0.04673 -0.000997769  -0.0022549  0.00163379  -0.000655089  -0.00194147  0.000836364  -0.00495003  -0.0060246  -0.000187635  0.00402887 
424 0.000411973 0.802914 0.022341 0.0509082 -0.00222332  0.00390061  0.00654436  0.0024481  0.00617261  -0.000855396  -0.00567496  0.0114939  0.0128854  -0.00780759 
426 -7.62249e-05 -0.299571 0.0156139 0.0466879 0.000150179  -0.00664761  -0.00153417  -0.00148461  0.00527836  0.00585832  -0.00503027  -0.00999183  0.00271004  0.000597551 
427 0.000485042 0.591847 0.0133518 0.0474972 -0.00367666  -0.00285242  -0.00632821  -0.00339946  0.0022014  -0.00385305  -0.0059776  0.0068891  -0.00100853  0.00105458 
429 -0.000347813 0.37911 0.0129721 0.042084 -0.00193655  -0.00768025  0.00237495  0.0027255  -0.00147538  0.00122414  -0.00627525  0.00342253  0.00163268  -0.00591913 
431 0.000104493 0.51034 0.00208014 0.0460319 -0.000163749  -0.000113954  0.000291908  0.000884495  0.0010056  0.000243255  0.00104966  -9.88818e-05  -0.00101693  -0.000451116 
439 -0.000113662 0.487962 0.00234091 0.0448826 0.000246611  -0.000515169  -7.087e-05  -0.000360303  -0.00171197  7.25141e-05  -0.00084707  -0.000201693  0.000264226  0.00112012 
443 3.48389e-05 1.06607 0.00888164 0.0461315 0.00200079  0.00174608  0.000473452  0.00101212  0.00158768  -0.00289554  -0.00338207  0.00367818  -0.00420345  -0.00412816 
446 4.74052e-05 0.511702 0.00148997 0.0457524 -0.000411424  -0.000273954  0.000486641  -0.000549176  -3.76753e-05  -7.97502e-05  0.000433342  0.000323066  -0.00064048  0.000852717 
447 0.000515493 1.11015 0.0354645 0.0452313 -0.000128156  0.0047978  -0.0167845  -0.00811176  -0.00706197  0.0157683  0.00929422  -0.00829604  -0.0157407  0.0136267 
448 -1.76198e-06 0.198294 0.00145822 0.0391218 -0.000232807  -5.91944e-05  4.62472e-05  -0.000643038  -0.0007285  -0.000459262  0.000718943  0.000542546  0.00025207  0.000191454 
449 0.00019539 0.546373 0.00602149 0.0391443 0.000477996  0.0023802  0.00118627  -0.000416707  0.00236086  0.000274702  -0.00015472  0.0014132  0.00420032  -0.00186297 
450 -0.000142545 0.43752 0.00596969 0.0365637 -0.000701019  -0.00090312  -0.00227626  -0.00208017  -0.00207444  -0.00270614  -0.00208432  0.00147025  -0.00258488  8.72068e-05 
452 1.23147e-05 3.48281 0.0121213 0.0384638 0.00352022  -0.00052274  -0.000377136  -0.00673177  0.00735966  0.00225668  0.00113736  -0.0038754  -0.000315999  0.00362384 
454 -4.12308e-05 0.43298 0.0033248 0.0383033 -9.54345e-05  0.000483824  -0.000124233  0.000267718  -0.00166708  -0.00185991  0.00149511  -0.000647321  -0.000862314  -0.00104287 
455 -0.000116179 -1.08736 0.0271598 0.0388378 0.0108918  0.0065456  -0.00981907  -0.000115973  0.00206323  -0.00393628  0.00844123  0.00935242  -0.0167534  -0.00453889 
456 -8.84199e-05 0.215253 0.0100358 0.0403059 0.00151468  -0.0021163  -0.00343073  0.000961376  -0.00071372  0.00758162  0.000245064  0.00180746  -0.000369987  0.00444917 
458 0.000560561 1.23001 0.0404502 0.0413883 -0.0179575  -0.0199641  0.00479107  0.0138709  0.00552437  0.00113568  0.00191378  0.0256568  0.00149948  0.00195714 
459 -0.000115478 0.444909 0.00504531 0.0339497 -0.000788543  -9.99763e-05  -0.00038088  -0.00300374  -0.00176338  -0.00185209  0.00219511  0.00203319  0.000203367  0.000349859 
460 -5.88474e-05 0.169549 0.00881974 0.0356099 -0.000294801  -0.00302445  0.00180302  -0.00103484  -0.00216019  -0.00515602  0.00451046  -0.000951956  0.00324594  -0.00109287 
461 9.71179e-06 0.880516 0.00384472 0.0364269 -5.10447e-05  -0.000370016  0.00197991  0.00159062  0.00111493  -0.000607673  -0.00132729  -0.000377786  -0.00195818  0.000917073 
463 -2.8198e-05 -5.28525 0.0255438 0.0362933 0.00697931  -0.0023225  -0.00499566  -0.010163  0.00258138  0.0131711  -0.00516939  -0.00495245  0.00589124  -0.0142843 
464 0.000109556 0.547053 0.00454142 0.0366798 0.000469507  0.000254891  0.000904373  0.000188321  0.0017267  0.00132542  0.00013636  -0.00382917  7.47299e-05  -0.000246628 
466 -0.000399525 0.359462 0.0149904 0.0351547 -0.00191814  0.00234286  -0.00462816  0.00261135  4.71288e-05  0.00878101  0.00638112  -0.000501142  -0.00829182  0.000687097 
468 -6.9156e-05 0.465455 0.00309173 0.0404408 6.38897e-05  0.000389376  -0.00258321  -0.000767745  0.000670198  -0.000373447  -0.00113388  -7.609e-06  -0.000515719  -1.76749e-05 
473 -1.84598e-05 -4.57661 0.0193608 0.041287 0.000657876  0.00197366  0.00258591  -0.000295555  0.00201409  -0.0142289  0.0019572  0.00244568  -0.0107741  0.00559696 
475 0.000680404 0.69377 0.0229648 0.04151 -0.008359  0.00197251  -0.00677673  0.00565035  0.00133286  -0.00541976  -0.000513635  -0.00409416  0.0180495  -0.00134513 
476 0.00014197 0.981047 0.0165275 0.0322941 0.00398495  0.00535302  -0.0026185  -0.000426397  0.00306725  -0.00249757  -0.0059269  -0.000635137  0.0121043  -0.00488812 
477 -0.000507268 0.0804133 0.0291826 0.0300158 -0.0148268  -0.00405167  0.00987107  -0.00441455  -0.0094659  -0.000836976  0.00630822  -0.0119897  0.0144982  0.00379474 
480 9.04915e-05 1.41795 0.0182275 0.0375279 0.0144019  -0.00449402  0.00349485  -0.000936679  -0.00152135  -0.000356834  -0.00264963  0.00195492  -0.000298633  0.00884118 
484 0.000559708 1.17311 0.0388127 0.0363023 -0.0100645  0.0123448  0.0184611  0.00542905  0.00684369  0.0233913  -0.00999466  0.0106022  -0.00751889  -0.00443072 
485 3.77822e-05 0.578096 0.00343556 0.0275373 -0.000382302  0.0010144  0.00177748  -0.00125507  0.000104668  -0.000759906  0.000580721  -0.00103938  -0.00188626  -0.000573865 
486 -3.9428e-05 -0.220929 0.010663 0.0268425 -0.004784  -0.00172431  -0.00231064  0.0028191  0.00532603  -0.00114648  0.00298651  -0.00114638  0.00583448  0.000773684 
487 -0.000186466 0.063678 0.0180408 0.0275672 0.00607185  0.000970897  -0.00750748  0.00621652  0.00671347  0.00358765  0.00397528  -0.00796221  0.00741156  -0.000761818 
489 -0.00024232 0.318666 0.0132594 0.0307642 0.00960183  -0.00290377  -0.000273574  0.00212676  0.00282068  -0.00137812  -0.00362678  0.000460644  0.00544646  0.00420719 
492 8.06574e-05 1.81978 0.0206341 0.0344787 -0.00511617  -0.00948201  -0.0036908  0.00108918  -0.00104489  -0.0102463  0.00194378  -0.00964688  -0.00778466  -0.00559931 
494 5.08121e-05 1.98401 0.0173668 0.0332886 -0.00188982  0.00805439  0.00261  -0.00886776  -0.010161  0.00235565  0.00512988  -0.00244195  0.00166686  -0.00196435 
495 0.00029429 1.20128 0.028729 0.0325164 -0.00797624  0.0060649  0.00893662  -0.00247958  0.00440129  -0.00917313  -0.0121469  0.000270473  -0.0193207  -0.00380939 
498 -0.000104291 0.434252 0.0052378 0.0276237 0.000159766  0.00275269  -0.00125928  0.0013636  0.000961737  -0.00155358  -0.00111301  -0.00332177  0.000861713  0.000180147 
500 0.000281624 0.63063 0.0121314 0.0294511 0.00238173  0.000835956  0.00193992  0.00315503  -0.00213054  0.00744947  0.00147726  0.00639586  -0.00427591  0.00238217 
