generation s h r distopt trait[0] trait[1] trait[2] trait[3] trait[4] trait[5] trait[6] trait[7] trait[8] trait[9] 
1 0.0166068 1.46851 0.251868 2 -0.0165563  -0.025118  -0.0526697  -0.169446  0.0197416  0.00275667  0.0786481  -0.142273  0.0616773  -0.0204434 
2 0.0936298 0.496876 0.0537227 1.99588 0.00834553  -0.0197465  -0.000299528  0.024922  0.0182282  -0.00284342  -0.0343217  -0.0156902  0.00511901  0.00382585 
4 0.181563 0.487251 0.0735125 1.97333 0.00690227  -0.0442069  0.0105832  -0.0153701  0.0328909  0.0120122  -0.0113817  0.00959381  0.0102074  0.0387565 
5 0.0560438 0.499406 0.0368371 1.93059 0.00698354  -0.0112151  0.00239855  0.0220384  0.0101534  -0.0173561  0.00655336  0.010143  0.00697588  0.00960018 
6 0.117136 0.505118 0.0916311 1.91642 -0.039291  -0.0458815  -0.0233472  0.0163876  -0.00314883  -0.000332086  0.0247557  -0.00127795  0.0574877  -0.0020914 
7 0.0345634 0.513831 0.0495639 1.8873 0.00382013  -0.00963564  0.00314099  0.00880476  -0.0191952  -0.00493519  -0.019014  -0.0234823  0.0178364  -0.0252558 
9 0.017392 0.502998 0.0188526 1.87827 0.00625732  -0.00295802  0.00193318  0.0093908  0.00583923  0.00672137  -0.00901696  -0.00101077  0.00634447  0.00370665 
11 0.0486542 0.502097 0.0390729 1.87368 0.0239822  -0.00714375  -0.0113947  -0.0133134  -0.007674  0.00502078  0.00162185  0.00730349  0.00345957  0.0210092 
12 0.160904 0.512672 0.136606 1.86096 0.0499545  -0.0385881  0.0371811  -0.0656027  0.0822923  0.0276525  0.014683  -0.0202987  -0.0233012  0.0168347 
13 0.0283985 0.710271 0.154512 1.82043 -0.0233181  -0.0229914  -0.0250777  -0.0250186  0.069155  0.045673  0.00792937  0.00762868  -0.104607  0.0601239 
14 0.0352058 0.528013 0.0668829 1.81272 -0.000930901  -0.0104017  0.00611894  -0.025984  -0.00261904  -0.0220532  0.00197553  -0.00379553  0.00163451  -0.0560131 
15 0.383622 0.50155 0.233412 1.80315 -0.00608757  -0.0788383  -0.0487257  0.128793  -0.092416  -0.0157052  -0.0624838  0.0079895  -0.127081  -0.0190213 
18 0.0464111 0.622618 0.152363 1.71075 0.0182362  -0.00791053  0.0209388  -0.0563353  0.0518391  -0.0526538  0.0421355  0.102137  0.02963  -0.0257313 
19 0.0907624 0.492863 0.0359631 1.69744 0.0157378  -0.024013  -0.00443961  -0.00542949  0.00411923  -0.0057268  -0.0118439  0.000158034  -0.0113207  -0.0100811 
20 0.0319809 0.526182 0.0615683 1.67165 -0.00260196  -0.00976566  0.0410754  0.000820646  -0.00184922  -0.038214  -0.000888818  -0.0105404  0.0134702  0.0156075 
22 0.0948561 0.511017 0.0899644 1.66221 0.0207848  -0.0272839  -0.00544654  -0.0508659  -0.0261416  0.0181231  0.0324326  -0.00152561  0.0267706  0.0389547 
23 0.0214659 0.505171 0.0257841 1.63472 -0.0132377  -0.00943937  -0.00493353  0.0105365  -0.000770197  0.00124342  -0.00830094  -0.0109582  0.00803111  -0.00308262 
26 0.0451167 0.54082 0.0903954 1.62821 -0.00648758  -0.0244437  -0.0434896  -0.0458014  -0.0179129  0.00236191  0.012939  -0.0135898  0.0338528  -0.0414495 
31 0.152133 0.676727 0.329746 1.6146 -0.00260067  -0.0829198  0.211777  -0.0660156  -0.113949  -0.094621  -0.0336422  -0.148292  0.0610883  -0.0620585 
33 0.235944 0.512839 0.182261 1.57014 0.127884  -0.0219794  -0.0416404  0.0424907  -0.0376076  0.0758908  -0.0235749  -0.0191371  -0.059863  0.0341001 
34 0.0152024 0.515157 0.0320694 1.50116 -0.00121666  -0.00616641  0.00102336  0.00129448  -0.00531231  -0.00259065  -0.0287504  -0.00114303  -0.00476159  -0.010036 
35 0.00142828 0.50042 0.00184764 1.49613 0.000346944  -0.000369508  0.000220952  0.000603269  0.000828398  -0.000762049  -8.31173e-06  -0.000248604  0.000893902  0.000785003 
36 0.0539652 0.546094 0.105156 1.49565 0.018513  -0.0362176  0.00831841  -0.0461556  -0.0438925  -0.0437295  -0.00254541  -0.0231328  -0.00395641  -0.0529887 
38 0.0703134 0.529177 0.101133 1.47798 0.0424393  -0.00884577  -0.0346376  0.0377749  0.0270378  -0.00399977  0.000761866  -0.0202161  -0.0633711  0.0234425 
40 0.141087 0.498057 0.0876296 1.45481 0.029923  -0.0263709  -0.0215427  0.0367197  -0.0388564  0.0244266  -0.0107855  0.0386381  0.00890989  0.0219228 
41 0.0871192 0.521871 0.103848 1.40872 0.0343663  -0.0256493  0.0381169  -0.0243775  -0.0315692  0.0276933  0.0604451  0.0380303  -0.00437167  -0.00396648 
42 0.143316 0.565509 0.209409 1.37875 0.071312  -0.0518465  -0.0162943  0.0693902  -0.0780902  0.0458945  0.0348099  -0.0620737  0.0836164  0.103621 
44 0.0107617 0.825311 0.11816 1.32929 -0.00037834  -0.0118426  0.0231763  -0.0326261  -0.0400929  -0.0269977  -0.0187511  0.0377483  0.0694107  -0.0573505 
46 0.0254178 0.500472 0.0190364 1.32526 -0.00058162  -0.0100904  -0.00624559  -0.00896002  0.00578475  0.0051808  0.000667614  0.00435292  0.00702876  0.00344098 
52 0.159893 0.502062 0.110507 1.31576 -0.0132719  -0.037596  -0.0686909  0.0340463  0.0310374  0.0110102  -0.021777  0.0402193  -0.0395914  -0.00086255 
53 0.0564049 0.51609 0.0709539 1.25813 -0.0299415  -0.0381434  0.00922701  -0.0149843  -0.00732483  -0.0244343  0.00451004  -0.0132114  0.0383962  0.00731607 
55 0.0142319 0.605545 0.0778551 1.23613 0.0455926  -0.00088916  0.0283493  -0.0167453  0.0282543  -0.013138  -0.0202941  -0.021015  -0.0280479  -0.0169341 
56 0.024032 0.507749 0.0319055 1.2304 -0.00559596  -0.0117768  -0.0171542  -0.0159618  -0.0034372  0.00153349  -0.0102071  0.0103438  -0.00855312  0.000638736 
59 0.0683782 0.509635 0.0688067 1.22071 -0.0249253  -0.032712  -0.0158969  0.0209619  0.0164862  -0.00902841  -0.0294142  -0.0217014  0.0140205  -0.0215609 
63 0.0337979 0.67974 0.156131 1.19331 -0.0510568  -0.0236758  0.0777508  0.0513708  -0.00514284  0.0943013  -0.01119  -0.01504  0.0317618  0.0473912 
65 0.0558543 0.510768 0.061777 1.1793 -0.00322935  -0.0333513  0.0249616  -0.0126741  -0.0215334  -0.0165728  0.0149513  -0.00275984  -0.0157378  0.0263205 
69 0.0253919 0.50024 0.0183967 1.15603 -0.00142469  -0.0109572  0.00439321  -0.00141202  0.00427487  0.00032241  0.00420198  0.00792479  0.00484079  0.00853131 
71 0.00646848 0.502558 0.00931378 1.14513 -0.00186557  -0.00374585  0.000315172  0.00176759  -0.0037437  -0.00192476  -0.00393054  0.00295229  0.00491181  1.10216e-05 
73 0.050751 0.539691 0.0952655 1.14232 0.0644833  -0.0130357  -0.0455313  0.00507523  -0.0106549  -0.012109  -0.0391105  -0.0183228  -0.0190714  -0.0126259 
74 0.0667332 0.79842 0.280069 1.12044 0.0872826  -0.0116793  -0.0532985  0.182874  -0.0823651  0.0522092  0.121786  0.0761285  0.0431111  0.0490359 
75 0.0510725 0.576675 0.128395 1.09123 -0.0349888  -0.0285518  -0.0412801  -0.0082628  0.0650335  0.00797184  -0.0258202  -0.0828683  -0.0288454  -0.00383741 
76 0.172132 0.528865 0.175662 1.06816 0.0322708  -0.106273  -0.0141175  0.0516876  -0.0574008  -0.00494267  -0.0682044  -0.0466033  -0.0605496  -0.0429154 
77 0.0433082 0.50812 0.0476989 0.991031 0.00578823  -0.023587  -0.0275969  0.0182138  0.00677333  0.00195967  0.00743953  0.000759192  0.00557586  -0.0213371 
78 0.0208145 0.547721 0.064362 0.969405 -0.0110886  -0.0193181  0.0286484  -0.00910086  -0.0450886  -0.000970904  -0.0172202  0.0196135  -0.00444728  -0.00279983 
80 0.126133 0.597281 0.230123 0.958721 -0.026741  -0.0933743  0.000671715  -0.0850992  -0.0832916  -0.0228696  0.0987213  0.0691668  -0.0458358  -0.110405 
82 0.0426796 0.506237 0.0437693 0.894626 -0.000278935  -0.0203572  0.0109715  -0.017438  0.00195681  0.0115207  -0.0177689  0.0245151  -0.00131707  -0.0046678 
84 0.0873954 0.50472 0.0713424 0.870954 0.0201175  -0.055884  0.00372022  0.0232451  0.0139492  0.0149113  0.012527  -0.0115472  0.00548141  -0.0164497 
85 0.0162636 0.670251 0.105363 0.821448 -0.0241337  -0.0262585  -0.0307509  -0.0123693  0.000307482  -0.0142333  -0.0116924  0.0286456  -0.0337369  -0.0802037 
89 0.199717 0.546966 0.224774 0.811568 -0.0784942  -0.0831478  -0.0269798  -0.0472269  0.139112  0.0385059  -0.00990891  0.0796605  0.0801028  0.0281935 
96 0.0416494 0.635866 0.151474 0.690332 0.0362068  -0.0440818  -0.0666854  0.0260847  0.0257406  -0.0362143  -0.0268995  0.0405715  0.0924112  -0.0409815 
101 0.0454191 0.873278 0.258365 0.660115 -0.040205  -0.0400287  0.0561099  -0.101706  0.147514  0.154761  0.0133043  0.00302101  -0.00832753  0.0638335 
102 0.00689695 0.629594 0.0598745 0.625567 -0.0225487  -0.0041474  -0.0122386  -0.000656435  0.022346  -0.016718  -0.0367146  0.0248235  -0.0128736  -0.00060034 
104 0.0420114 0.543235 0.0891989 0.620049 0.0187249  -0.0369575  0.00910954  0.0122604  0.0229943  0.0415954  0.0550388  0.0152409  -0.0129453  0.0178499 
106 0.059349 0.530263 0.0929141 0.585925 0.00805134  -0.0150844  -0.0141844  0.0293533  -0.0137522  -0.0652412  -0.0365255  0.0171884  -0.0243448  0.0247 
107 0.0185642 1.14159 0.217019 0.534466 -0.00714588  0.00818059  0.0441765  0.130054  0.118184  -0.0740844  -0.0273062  0.0544476  -0.0396532  -0.058095 
108 0.0693773 0.576038 0.150304 0.516972 0.0193931  -0.0825775  0.0399595  0.0182482  -0.0403056  0.0536709  0.010642  0.0560271  0.0529269  0.0539224 
110 0.0132887 0.701423 0.103484 0.447418 -0.00531216  -0.029993  0.0397685  0.0307986  0.0402897  0.0328784  -0.00442071  0.00697371  -0.0278194  0.0608668 
111 0.0245806 0.57013 0.0842656 0.432414 -0.00537162  -0.0321112  -0.040514  -0.010381  -0.00519979  -0.0131722  -0.00294272  0.0190364  -0.0584233  0.0175125 
115 0.0666178 0.581485 0.151782 0.403359 0.0301397  -0.0827023  -0.0511454  0.0318139  -0.0450087  -0.0709613  -0.0379639  -0.0475462  0.0166436  -0.0249323 
116 0.0229174 0.720272 0.142023 0.313378 0.0549349  -0.0753077  -0.0897268  0.0202202  0.000619914  -0.0466585  0.00093072  -0.0230655  -0.0163188  0.00671745 
120 0.00156067 4.64133 0.160471 0.274858 -0.0257233  0.00119827  0.0579122  -0.0430555  0.0647982  -0.0179941  -0.00752858  -0.0350254  -0.114772  0.0300263 
121 0.00815059 0.524227 0.0286275 0.272007 0.00544934  -0.00155166  0.00898281  0.00305344  -0.00416182  -0.0201476  0.010369  0.00454233  0.0106704  -0.00567109 
123 0.00759862 0.719102 0.0815931 0.256652 -0.00570856  0.0243245  0.00250858  -0.0175676  -0.0483499  0.00342553  0.0392946  -0.0168091  0.023056  0.0317901 
127 0.000848194 4.82411 0.120988 0.241454 -0.000945993  -0.0629718  0.0145984  0.0120228  -0.0240926  -0.0186351  0.0309753  0.0352738  -0.0773362  -0.034666 
129 0.0103893 0.68861 0.0885629 0.239692 -0.0180568  -0.0259519  0.0276048  -0.0514677  -0.0177926  0.0317186  -0.00704641  0.0235704  0.0340523  -0.0185871 
130 0.00493056 1.3402 0.128483 0.217064 0.0146336  0.0127104  0.00417509  0.0279302  -0.0380609  -0.0442615  -0.0764168  -0.0234553  0.071619  -0.0201997 
132 0.0215631 0.909339 0.187098 0.205422 0.0436108  -0.0712366  0.0302034  -0.0748891  0.0736418  0.0180306  0.041077  -0.0807548  -0.00377635  0.0868184 
137 0.00097845 2.42365 0.0867093 0.144445 0.0257565  0.0157492  0.0381271  0.00590078  -0.0583297  0.00401677  -0.0354665  0.00913575  -0.00193832  0.0188414 
138 0.0149402 0.776148 0.128285 0.141019 0.0363649  -0.0103179  -0.0281871  0.0368878  0.022847  -0.00397662  0.0557329  0.0526992  0.0800851  -0.00617612 
142 0.000892166 1.24772 0.0516399 0.0711105 0.00700629  0.00847329  0.0135646  0.0114663  -0.0285007  0.00659424  0.0091594  -0.0172308  0.0086455  -0.0303151 
144 0.000516134 1.79269 0.0516466 0.0645363 -0.0114086  -0.000373631  -0.00346622  0.00842797  0.00934436  0.0194711  0.0307694  0.00518886  -0.0234927  -0.0214942 
145 2.89583e-05 0.502849 0.000574872 0.0604064 0.000270337  6.02024e-05  -2.9346e-05  -0.000341087  -0.000193557  -0.000145826  -4.43731e-05  0.00027424  4.47572e-06  2.53802e-05 
147 0.000547303 0.928136 0.0306115 0.0601663 0.00954245  -0.0182874  0.0169055  0.00715061  -0.000245192  0.000807103  0.00162826  0.00459206  -0.0112203  -0.00493017 
148 0.00144569 0.749004 0.037943 0.0554331 0.00400114  0.016476  0.00135994  -0.0136714  0.0121691  -0.0110372  -0.0194417  0.00306794  -0.0156924  -0.00773894 
151 -3.74626e-05 -0.356764 0.0113308 0.0403508 -0.00106779  -0.00220855  -0.00272969  0.00304047  -0.00441148  -0.00283697  0.00770646  0.00108154  0.00348862  0.00233124 
152 0.000545925 0.66452 0.0189551 0.0408123 0.00306109  -0.00727587  -0.00185119  0.00436437  0.00938155  0.00399346  0.00256595  -0.00505781  0.00128745  0.0116931 
153 0.000327346 1.11019 0.0282633 0.0334645 0.00460826  -0.00102024  -0.020121  -0.010136  -0.0086733  -0.00102499  -0.0134034  0.000136646  0.000833466  0.00350749 
154 0.000152166 0.548847 0.00545351 0.0281528 0.00159832  0.0014646  0.0014981  0.00323709  0.00297156  -0.00041224  -0.000888473  0.00102638  0.000912064  0.00080201 
158 -5.97922e-06 0.473572 0.000795038 0.0253066 -0.000160401  0.000454947  0.000158918  4.56434e-06  3.08823e-05  0.000129306  -0.000150669  -0.00032662  -0.000381867  -0.000285002 
159 -0.000144704 0.425654 0.00656093 0.0254245 -0.00154619  0.00283701  -0.00207283  -0.00271433  -0.000977621  -0.000872555  -0.00158569  0.0021125  0.00295433  -0.0018762 
161 -0.000273921 0.0116559 0.0231332 0.0281268 0.0113165  0.0023684  0.00313705  -0.00171425  -0.0105039  0.00967776  0.000397953  -0.00755944  -0.010147  0.00494338 
163 -0.000696054 0.366256 0.0193061 0.0326355 0.0038141  -0.00135342  -0.0104034  -0.00641208  0.000994609  0.00791965  0.00581432  0.000293521  0.00320471  -0.00995637 
164 0.000215619 0.524514 0.00460039 0.0419687 -0.00131087  0.000637411  0.00208716  -0.00187567  0.00152946  -0.00148252  0.000661904  0.000467051  0.00189111  0.00154752 
165 -2.69034e-05 0.308595 0.00453855 0.0393164 0.00284524  0.000774947  -4.70834e-05  -0.000804354  -0.000557637  -0.000336135  0.00129678  -0.00146314  -0.00237069  0.00117759 
166 4.9533e-05 0.554442 0.00328447 0.0396571 -0.000465929  -0.000734485  0.00077648  -0.00106952  -0.00073029  -0.00123198  -0.000104147  -9.61772e-05  -0.00194552  0.00155824 
167 -1.91282e-06 -10.1982 0.00904731 0.0390276 0.00431733  -0.00374097  -0.00052832  0.00446899  0.000966115  0.0016904  -0.00172573  0.00152676  -0.0043925  0.000758063 
168 0.000309329 0.55834 0.00849827 0.0390521 -0.000570344  -0.000139584  0.00411561  -0.00474487  -0.00035652  -0.00376129  -1.53213e-05  0.000652366  0.00370338  0.00200216 
170 -0.000218687 -0.344291 0.0271768 0.0348681 0.0177154  0.0106897  0.0031156  -0.000601312  0.00459803  -0.00805417  0.00841568  -0.00898301  0.00747738  0.00263926 
172 0.000235221 0.633514 0.0112086 0.0378747 -0.00316171  0.00314798  0.00289113  0.000745527  1.11139e-05  -0.000324685  -0.0024586  0.00762825  0.00483693  -0.00301256 
176 4.47864e-05 1.80858 0.0153106 0.0346309 0.0090083  -0.00517477  0.00521779  0.000606011  0.00311962  -0.00623047  -0.006267  -0.00107195  0.00131788  -0.00286061 
178 0.00013415 0.732963 0.0111806 0.0339781 -1.53937e-05  0.00424237  -0.000839437  0.00246939  0.00515547  -0.00641806  -0.00184947  -0.00201181  -0.0037972  0.00324794 
179 -0.000132599 0.479348 0.00331107 0.0319433 0.00243443  0.00021018  0.000356611  -0.00163805  0.000380008  0.000654374  0.000350015  0.00115125  6.43882e-05  0.000396994 
182 -8.80162e-06 0.498811 0.000204706 0.0339556 0.000160216  2.79358e-05  -2.38434e-05  -6.17424e-06  2.54039e-05  -2.43967e-05  6.98633e-05  4.8625e-05  4.0816e-05  6.85328e-05 
183 2.71449e-05 0.504367 0.000688873 0.0340849 -0.000371345  2.66599e-05  -2.10623e-05  1.26814e-05  0.000197361  0.000339939  0.000131459  0.000198243  -0.000245492  0.000252934 
184 0.000327769 0.924744 0.0235965 0.0336844 -0.01397  -0.000799494  0.0132874  -0.0037806  0.00399429  0.00815309  -0.00783985  -0.000838346  -0.000552105  0.00502489 
186 2.76435e-05 0.620975 0.00365744 0.0284064 0.000956081  0.0005332  -0.00176909  0.000593287  -0.0008929  -0.00118681  0.00134241  -0.000464006  -0.00134553  0.00163194 
188 -4.96692e-05 0.455287 0.00298075 0.0279156 0.00123218  0.00034206  -2.23616e-05  0.000281427  0.000587294  0.000264981  0.00109729  -3.95532e-05  0.00210966  0.00104809 
190 -6.61891e-05 0.4677 0.00292472 0.0287915 0.00058601  0.000191539  7.42814e-05  -0.00198121  -0.00117232  -0.000538559  -0.000505901  0.000461411  0.000796842  -0.00121451 
192 -0.000297911 0.410167 0.0103493 0.0299189 0.000794161  0.00680044  0.00166072  0.00142768  -0.000392714  0.00217753  0.00079899  0.00515086  0.00414045  -0.00249509 
193 5.53732e-05 0.900523 0.00941865 0.0345412 -0.00380505  -0.00146195  -0.00490674  -0.00208413  0.00146249  0.00439015  -0.00359915  -0.00188891  -0.000675146  0.00229904 
194 0.000316363 0.627533 0.0127047 0.0337302 0.00388493  -0.00644399  0.000580442  -0.00102895  0.00274925  -0.00824876  0.00262987  -0.000947069  -0.00426154  -0.00134928 
196 -0.000132065 0.0267593 0.0158117 0.0286603 0.000288213  -0.00150953  0.00200498  -0.00155632  0.00627322  -0.000470543  0.0102066  0.00386573  0.000148499  -0.00908252 
199 -0.000260699 0.319541 0.0137199 0.0308786 -5.29566e-06  0.000333005  0.003905  0.000269805  -0.00317273  -0.00331606  0.00896565  0.000785669  0.00719981  0.00434777 
200 6.10029e-05 0.625546 0.00553493 0.0348456 -0.000135474  0.00158723  -0.000816994  0.000272  0.00144743  -0.0011098  -0.00147511  -0.00192648  -0.00350589  -0.00241889 
202 0.000168761 0.569072 0.00682911 0.0339591 -0.00222604  0.00154415  -0.00143338  0.00249018  -0.00250489  -0.00245789  -0.00169821  0.00322414  0.00209874  0.00102082 
203 -0.000107476 0.459492 0.0041739 0.0313763 0.00260264  0.000849  -0.000583901  -0.000660616  -0.00156363  0.000587852  0.000443969  -0.000987246  -0.00181322  -0.0013782 
208 -0.000305112 0.336702 0.0141198 0.0330447 -0.00311079  0.000550076  -0.00484519  -0.0032127  -0.00837433  -0.00479378  0.00450833  -0.00190301  0.0061915  0.000448487 
211 7.06585e-06 0.502854 0.000284076 0.037378 -4.41563e-05  -0.000116086  2.73492e-06  2.47394e-05  -0.00022879  1.69163e-05  -6.81311e-05  -1.62518e-05  -6.27175e-05  5.64228e-05 
213 0.000372298 0.88684 0.024 0.0372833 0.00164364  -0.00832706  -0.00734752  -0.00395101  0.014799  0.00694851  -0.00344104  0.00170118  -0.00989923  0.00737145 
214 0.000152394 1.3811 0.0231739 0.0319033 -0.0003394  0.00762097  -0.0030726  0.0114364  -0.0102136  -0.00256207  -0.00332573  -0.00182681  -0.0145809  -0.000848336 
215 1.44557e-08 3.26473 0.00039983 0.0294183 9.60668e-05  -0.000117134  8.3885e-05  -0.000122525  5.0191e-08  -0.000257855  9.66649e-05  -0.00010839  0.000162769  -2.81082e-05 
217 -8.51113e-05 -2.09461 0.0297198 0.029418 0.0119953  -0.0172567  5.3294e-05  0.0118547  -0.00100389  -0.00904441  -0.00740803  -0.000354427  0.0127711  -0.000368505 
219 -0.000384805 0.170878 0.0225107 0.0308308 -0.000715827  -0.0013465  -0.00420067  0.00165519  -0.0111685  0.00735749  -0.00306935  0.0162455  0.00298154  -0.00478823 
221 3.18006e-05 2.6485 0.0165312 0.0365433 -0.00653353  0.00419597  -0.00203412  -5.72441e-05  -0.00117608  -0.00194382  -0.00821888  -0.0058514  0.00904335  -0.00448492 
223 0.000199337 0.693155 0.0124102 0.0361056 6.1518e-05  0.000107396  -0.00406132  0.0042714  0.00809197  -0.0028614  0.00471164  -0.00194813  -0.00442262  0.000192814 
225 0.000220237 0.568325 0.00775937 0.033231 -0.00361216  0.00202992  0.00158742  -0.00390012  -0.00266469  0.000754551  -0.000266484  -0.00353541  -0.00201811  -0.00099794 
230 -0.000639104 -0.0952241 0.0390134 0.0297335 0.00748221  -0.0101489  0.0263756  -0.00707437  -0.0136156  0.000451179  0.00209319  -0.00482778  -0.0119368  0.0161733 
232 0.00072331 0.809617 0.0299271 0.0390307 -0.0195189  0.0032667  -0.0141454  0.00130174  -0.00025919  0.00487777  0.00120403  0.00370457  0.0147717  -0.00670442 
235 -0.000403486 0.406032 0.0123194 0.0282903 -0.00118482  -0.00537725  -0.00204367  0.00330458  -0.0011524  -0.00480969  -0.00407411  0.00385354  0.00667381  0.00242966 
236 0.000239778 0.765769 0.0159653 0.0346974 0.0061927  -0.00382738  0.00564696  -0.00215288  0.00487271  -0.00153112  0.00781718  0.00220081  -0.00778586  0.00356536 
237 0.00025274 0.63714 0.0117752 0.0310509 0.00328989  0.00520134  -0.00427385  0.00468028  0.00430933  0.00065677  0.00360658  -0.00148615  -0.00450967  -0.00246013 
240 -0.000137646 -0.33053 0.0213843 0.0266731 -0.010633  0.00335454  -0.00120643  -0.00743049  -0.00412138  0.00314254  0.00393174  0.00685793  -0.0106779  -0.00854051 
241 -0.000651462 0.422796 0.0141935 0.0291395 0.00618842  -0.000934762  0.00292459  0.0037404  -0.00838536  0.000293013  0.000821973  0.00455826  0.00569929  -0.0039249 
244 -0.000153609 0.431666 0.00648087 0.0387399 -0.00214334  -0.00127542  0.00052652  0.000736397  -0.00303344  -0.0022741  0.000853813  -0.0036269  -0.000800145  -0.00246266 
246 0.000505445 0.647259 0.0172559 0.0406744 -0.00453602  -0.00279925  -0.00630823  -0.00542135  0.0100259  -0.000882791  -0.00164303  -0.0065942  0.00585947  -0.00428448 
247 -9.63051e-05 0.457085 0.0040666 0.0338982 0.00140644  -0.00114197  6.01891e-05  -0.000717809  -0.00244178  -0.00120501  -0.000764947  0.000464737  -0.000777689  0.00197886 
249 0.000689038 0.646428 0.0200912 0.0352902 -0.00420316  0.0026986  0.002551  0.0086911  0.0128922  0.00549801  0.00072025  -0.00875444  -0.00479015  -0.000351661 
250 -0.000855439 0.319388 0.0248716 0.0235923 -0.00406286  0.00515518  -0.0193554  0.000483536  -0.00102388  -0.00274846  -0.00541926  -0.00459717  -0.010256  -0.0060296 
253 0.000233181 0.727647 0.0145715 0.0375819 -0.000192036  -0.00214179  0.00182679  0.00969837  0.00617861  0.000227208  0.00281995  0.00143924  -0.00105102  0.00780729 
254 -0.00148649 0.253302 0.0383247 0.0343402 -0.00134463  0.000198111  -0.00848931  -0.0191577  0.008798  -0.0138681  0.022215  -0.00891138  0.0134877  -0.00181337 
255 6.61796e-05 0.665939 0.00662779 0.0516415 0.00502223  0.00152805  0.00101284  0.0031985  -0.00137376  5.00362e-05  0.000269306  -0.00112019  0.00121581  -0.000646783 
259 0.000518092 0.788632 0.0244558 0.0509967 0.0105637  0.00548798  -0.000292299  -0.00122462  -0.00836999  0.00797805  -0.013832  -0.00355029  0.0102569  0.00345714 
262 0.000331933 0.793355 0.0197349 0.0456367 -0.00707727  -0.00958655  0.00822063  -0.000247922  -0.000109044  0.00421837  -0.00765622  -0.00958011  -0.0031363  -0.00134123 
263 0.000847386 0.832178 0.0335508 0.0418429 -0.00429092  0.00967673  0.0101336  0.000215952  -0.00676985  0.0134135  0.0111578  0.0188972  -0.00949873  0.0106438 
267 2.96117e-05 6.69264 0.0270817 0.0300633 0.0139089  -0.00733335  0.0143992  0.00277439  0.000243624  0.00588868  -0.00316547  0.012849  -0.00621037  0.0047676 
270 -9.55339e-05 0.204083 0.0106343 0.0295668 -0.0077554  0.00419043  0.00399059  0.000387218  -0.0022833  0.00223798  0.00160265  0.00218722  0.00098446  -0.000874529 
274 1.13758e-05 37.2073 0.040865 0.0311405 0.000693456  -0.00504244  -0.00829934  -0.015285  0.00342139  -0.0232153  -0.0119175  -0.0229577  0.00871225  0.00677365 
275 8.74874e-06 9.18286 0.0174311 0.0309573 0.00491156  -0.00289549  -0.00558905  0.01112  0.00377766  -0.00871162  0.00010364  0.00130207  0.00194215  -0.00456106 
276 -3.87375e-06 -0.362087 0.00365486 0.0308157 -0.00107884  -0.000726952  -0.000175956  -0.00147405  -0.000946809  0.00198943  -0.000623193  -0.00158891  -0.00109548  0.000703239 
280 -9.02493e-05 0.470813 0.0032467 0.0308785 0.00215265  5.62511e-05  0.00124685  -7.43933e-05  0.000555461  -0.000229286  0.00050755  -0.00176515  -0.000539354  0.000564299 
281 -0.000127305 -0.144452 0.0181158 0.0323069 0.00983744  0.00659386  0.00069608  -0.00395291  -0.00284402  0.00997337  0.00256823  0.00223619  -0.0068573  0.00237547 
283 -6.97452e-06 0.44474 0.00124164 0.0342206 0.00018182  -0.000274568  -0.00012222  -2.93883e-05  -0.000642594  0.000880018  0.000131329  0.000411328  -0.000167868  -0.000124255 
288 -0.000138838 -2.38562 0.0400291 0.0343223 -0.0253043  -0.0100525  -0.00207497  0.0135073  -0.0130309  -0.0122653  -0.00480541  0.0126514  0.00867734  -0.00977404 
289 -0.000457124 0.0856143 0.0275301 0.0362887 -0.0167425  0.0016301  -0.0086567  0.00309419  0.000780804  0.0120923  -0.0123561  0.00144992  0.00306795  0.00891096 
290 9.48045e-05 1.15397 0.0157475 0.04212 0.00740914  -0.000590601  -0.00036363  0.00736142  0.00188317  -0.00476141  -0.0021828  -0.00627613  -0.00820391  -0.000860445 
292 -0.000243534 0.466909 0.00568052 0.0409792 7.84786e-06  0.000322632  0.000270414  0.00129816  -0.00335149  0.00166751  -0.00246432  -0.000445367  0.0031774  -0.000160299 
293 -7.50407e-05 0.324372 0.00726095 0.0438504 -0.00373312  -0.000729318  -0.00375946  0.000847843  0.00447138  -0.000689541  0.00133899  -0.000709762  0.000242428  0.000759444 
294 0.000754075 0.593718 0.0168181 0.0446979 0.00854449  -0.00237255  0.00369995  -0.00716281  0.0102828  -0.000779129  0.00128572  -0.00236199  0.00502962  -0.000586186 
295 0.00059835 1.17459 0.0401737 0.035272 0.011933  0.0234608  0.0168233  0.00280914  0.000429839  0.0162299  0.00663086  0.00130312  -0.0177929  -0.00208748 
298 -0.000152323 0.365709 0.0090465 0.0254154 -0.00139391  -0.000735413  0.00104522  0.00571997  -0.00218819  -0.00445848  0.000546941  0.000664115  -0.000803333  -0.0044151 
302 -0.000390201 0.341759 0.0157194 0.0282538 -0.0100213  0.00107682  0.00191845  0.0031325  -0.00330435  0.00554261  -0.0019862  -0.0025124  0.00813484  -0.00373472 
303 -6.47789e-05 -1.65843 0.0236487 0.0344754 0.00101106  -0.0144991  -0.00755634  -0.00178301  0.00753356  -0.000741119  -0.00569964  -0.004567  0.0109926  -0.00750021 
305 0.000297062 0.798104 0.0188201 0.0354025 0.00264037  0.00807299  0.000517157  0.00447328  0.00242917  -0.00821019  0.00434926  0.00793071  0.00337284  0.00976106 
307 -0.000123966 -0.0763562 0.0169059 0.0309244 0.00161965  -0.00985892  0.0101985  0.00354697  -0.00133476  0.000698374  0.00644121  0.0043621  -0.00170394  -0.00192585 
309 -0.00034383 0.224858 0.0194555 0.0328678 0.00492737  0.00177648  0.000872697  -0.00684745  -0.00601746  0.0072132  0.00798339  -0.00808919  0.00609575  -0.00699025 
314 0.000481698 1.0183 0.0315975 0.0377383 0.00217374  -0.00858937  0.00100284  -0.00362395  0.018053  -0.0126795  -0.0034074  0.00683834  -0.00196315  0.0188905 
317 -0.000128749 0.485206 0.00276181 0.0307018 0.000153609  -0.00117801  0.000473188  0.000859809  -0.000159194  0.00116761  0.000853178  -0.00102005  0.000905509  0.00112964 
318 9.21527e-05 1.00783 0.0136814 0.0327316 -0.00296359  -0.00164955  -0.00121392  -0.00786514  0.00688812  0.00486493  -0.00296193  0.0027111  0.00382786  -0.00323337 
320 -0.00040547 0.396367 0.0129689 0.0312923 0.00339821  -0.00281761  0.00440984  0.00112991  -0.00567665  0.00707272  -0.00277495  -0.00396401  0.00401486  -0.00249054 
329 2.15267e-05 0.746838 0.00461025 0.0372123 -0.0013188  0.000742263  0.00227501  -0.00220685  -0.00212726  6.76537e-05  -0.0012685  -0.00107915  -0.000445982  0.00118993 
330 0.000171538 0.71985 0.0122821 0.036922 0.00321552  0.0040837  -0.00230674  -0.000380116  0.00709414  -5.12628e-05  -0.00104097  0.00702372  0.000444817  -0.00417422 
331 0.00025316 0.943496 0.0211908 0.0345211 -0.0054899  0.00643967  -0.0106851  -0.00409198  -0.000661481  -0.00765767  -0.000900905  -0.0129226  -0.00120616  -0.00426497 
333 -4.255e-06 0.408789 0.00124597 0.0306363 0.000638712  0.000184565  0.00055462  -0.00013368  0.000386714  0.000529199  -0.000368987  -0.000330176  -0.000286534  0.000167544 
334 -0.000448806 0.364181 0.0156196 0.0307056 -0.000377206  -0.00289105  0.00849596  0.00540088  -0.00854698  0.00170486  -0.00139279  -0.00743516  -0.000349161  -0.000905989 
336 0.000862058 0.729915 0.0281559 0.0373061 0.00983909  0.0143513  -0.00639033  -0.0027674  -0.00116555  0.00404117  0.0027364  0.0071151  -0.0170091  0.00873955 
339 2.74613e-05 0.799682 0.00573746 0.023023 -0.00105709  7.21575e-05  0.000411535  -0.00384864  -0.00243523  -0.00114077  -0.00137365  -0.00135023  -0.00202878  -0.00132543 
340 -0.000130997 0.451405 0.00504713 0.0224186 0.0022713  -0.0017835  -0.000334596  0.00126106  -0.000100982  0.0027574  -0.00254085  -0.000508896  0.000188428  0.0010333 
344 7.55252e-06 0.510319 0.000558349 0.0251714 -0.000180837  3.06432e-05  -0.000320615  -0.000125059  -9.25929e-05  -0.000270951  -0.000166245  -7.0441e-05  6.00728e-05  -0.000203675 
346 -0.000207838 0.308764 0.0126103 0.025021 0.00400601  -0.00247922  -0.0047172  -0.00457879  -0.00493176  0.00445225  0.0015566  0.000653087  0.00273729  -0.00625465 
347 2.84627e-05 0.540033 0.00213499 0.0288775 -0.00048962  -0.000796792  -0.000186735  -0.000185524  0.000867422  -0.000488736  0.000869076  -0.000607959  -0.000753834  -0.000964279 
350 -1.38231e-05 -20.7373 0.0342651 0.0283804 -0.0140474  -0.0191699  -0.0116715  -0.00107214  0.01016  -0.00150921  0.0139266  0.011982  -0.00329394  0.00424685 
