generation s h r distopt trait[0] trait[1] trait[2] trait[3] trait[4] trait[5] trait[6] trait[7] trait[8] trait[9] 
1 0.0873567 0.491583 0.0262084 2 0.0211091  0.00959455  -0.00129527  -0.00075762  0.00434584  0.00406221  -0.00156939  0.00552818  -0.000164593  -0.00886226 
5 0.418503 0.470689 0.141486 1.97895 0.0935344  0.0593934  -0.0106006  -0.000599923  -0.00161331  0.0580005  0.0413426  -0.0100058  -0.0173704  0.0463856 
6 0.0533153 0.506908 0.0527595 1.88856 0.0154403  0.010473  -0.0222882  -0.00834924  -0.00551027  -0.0112098  0.0326423  -0.0206278  -0.0141147  -0.00476754 
8 0.0659892 0.560291 0.131977 1.87475 0.0234972  0.0526553  -0.0158942  -0.0490067  0.0893403  -0.0358349  -0.0222164  -0.00440176  -0.0114386  0.039106 
9 0.0647112 0.499379 0.0425409 1.85763 0.018556  -0.00339418  0.015783  -0.0265649  0.00492457  0.0133712  0.00411036  -0.001138  -0.0166086  0.00141938 
14 0.0256412 0.505634 0.0298491 1.84068 0.00639102  -0.0113817  -0.00362968  -0.00525593  -0.0161815  0.0112961  -0.0099745  0.00246088  -0.00577788  0.0123049 
17 0.140432 0.49059 0.0607082 1.83379 0.0344938  -0.0258286  -0.0333781  0.0169791  -0.000174878  0.00172182  -0.00806627  -0.0123562  0.0119387  -0.00793036 
18 0.0754188 0.506037 0.0663135 1.7976 0.021855  0.0214328  0.0358093  -0.00328018  0.0254204  0.0273186  -0.00748625  -0.00095998  0.0257346  -0.00746181 
19 0.153047 0.490644 0.0693357 1.77726 0.0407853  -0.0119972  0.010055  0.0228505  -0.00144023  0.0309119  -0.0240933  0.0143535  0.012851  0.0216225 
24 0.106897 0.516372 0.108604 1.73674 0.0285687  -0.0274157  0.0385744  -0.0746348  -0.0390748  -0.0355797  -0.00918366  0.0132443  0.0103475  0.00303831 
25 0.0699851 0.499975 0.0477577 1.70725 0.0224867  0.000372538  0.020446  -0.0139378  0.00602018  -0.00697696  -0.00302104  -0.0159154  -0.0272609  0.00849753 
28 0.139743 0.503241 0.1012 1.68732 0.0363548  -0.0747551  -0.0142388  0.0216331  -0.0136898  0.0116788  -0.0477236  0.00185616  0.00583164  -0.00467667 
32 0.0745472 0.508576 0.0710548 1.6481 0.0246265  0.0274519  -0.0233568  0.00244845  0.0215056  -0.019003  0.00613005  -0.00360585  0.0283931  0.0381684 
33 0.0471228 0.549377 0.100711 1.62615 0.00759894  0.0112183  -0.00226456  0.0399577  -0.0629244  -0.00555626  0.0431476  0.0270202  0.0329266  -0.0262863 
34 0.0123462 0.499809 0.00811989 1.61192 0.00355803  -0.00481815  0.000192486  -0.00201876  -0.000303795  0.00197476  0.00148239  -0.000460208  -0.00171629  -0.0040742 
39 0.0930459 0.495354 0.0479969 1.60811 0.0280728  -0.00615902  0.0180728  0.00344175  -0.00349411  -0.00202498  -0.0334571  -0.00144748  0.000110439  -0.00119254 
40 0.150808 0.490493 0.0672346 1.58021 0.0458364  0.0239651  -0.0138874  -0.012238  -0.0158896  0.00352619  0.0315819  -0.0107555  0.00662958  -0.00897774 
42 0.110044 0.500788 0.0759997 1.53512 0.0324715  -0.0473029  -0.0126553  0.0108837  0.0353509  0.00977617  0.0051412  -0.00656941  0.00634932  -0.0273901 
44 0.241462 0.487867 0.113469 1.50073 0.0766485  -0.05846  -0.0154369  -0.0301173  0.014875  0.002804  0.0175621  -0.0163198  -0.0278934  -0.0292472 
45 0.00478362 0.507244 0.0122337 1.42685 0.0011247  0.000489419  0.00548997  0.00333213  -0.00208108  -0.00753521  0.00265667  -0.00266575  0.00558268  -0.000690312 
46 0.0701639 0.497358 0.0397774 1.42518 0.0236315  -0.00276656  -0.00176787  0.0239823  0.0129675  -0.00290663  0.00152808  -0.0126901  0.00981029  -0.00128275 
49 0.129361 0.499303 0.084001 1.40119 0.0465194  -0.029597  0.00122375  -0.00650194  0.0199105  -0.0480104  0.0266342  -0.00369859  -0.00937607  -0.0214467 
51 0.0310127 0.500698 0.0234873 1.35708 0.0102389  -0.000585883  0.00889181  0.0122028  0.00071128  -0.00628876  -0.00985146  0.00519524  0.0058979  0.00442951 
55 0.0220683 0.508097 0.0307432 1.34578 0.00678756  -0.0043968  0.00380826  0.0160624  -0.017499  0.00593001  0.0117749  0.00598445  -0.00927256  0.00232762 
56 0.0494399 0.521576 0.0729798 1.33765 0.021356  0.00620119  0.0066736  -0.00902905  0.00414613  0.0488366  -0.0172443  -0.0367092  0.0255971  -0.00176067 
57 0.078769 0.552822 0.13731 1.31949 0.0359427  0.0844382  -0.0247523  0.00628845  0.0517701  0.0356931  -0.0313101  -0.0553165  -0.0376062  0.0192733 
58 0.0143605 0.559094 0.058911 1.29044 0.0118601  0.0130509  0.019755  -0.0256232  0.0313226  0.0120544  -0.00698747  -0.00542034  -0.0295174  0.00606723 
62 0.0187055 0.532852 0.0510513 1.2849 0.0101004  -0.0236073  -0.00654789  -0.00695561  0.0267049  0.00665064  0.01597  0.0210175  -0.0200006  0.00121291 
63 0.0467628 0.499671 0.0313719 1.27767 0.0195568  0.0153607  0.0033918  0.00322553  0.00802482  -0.00179316  -0.0119185  0.000888435  -0.0088448  0.00742862 
64 0.0207592 0.509724 0.0317828 1.25966 0.00450544  -0.00352656  0.018383  0.0119333  -0.00422576  -0.018567  0.00144772  0.00799822  0.00775505  0.00287731 
65 0.195551 0.502396 0.132801 1.25147 0.0779712  0.00917198  0.00883392  -0.033146  -0.0643622  0.00222804  -0.0651667  -0.0337403  -0.00658937  0.0268278 
67 0.0140392 0.516166 0.0316002 1.17796 0.00581775  -0.00150369  -0.0205099  0.0162537  0.00594318  0.0139657  -0.00367642  0.00307956  -0.00177369  -0.00459552 
69 0.0479719 0.500478 0.0344558 1.17202 0.0213216  -0.00747229  0.00195932  -0.00387112  -0.0128239  -0.0131933  -0.00276788  -0.012337  -0.0122937  0.00290183 
70 0.02442 0.514068 0.0406002 1.15186 0.0125425  0.010529  0.00629185  -0.00852145  -0.0075036  0.0141246  0.0149037  -0.0193045  0.00961987  -0.0180239 
78 0.0133932 0.592731 0.0708538 1.14134 0.0109761  -0.0195163  -0.0166609  -0.0163694  0.0507301  0.00418012  -0.0210493  0.0267016  0.0132505  0.00712102 
80 0.0847439 0.529063 0.112904 1.1355 0.0373339  0.00810481  0.0244983  -0.018273  -0.0145009  -0.0172981  0.090647  -0.0330526  0.00480965  -0.022624 
82 0.0100214 0.515072 0.0255111 1.09909 0.00476208  0.000361904  0.00350104  0.00206821  0.00112264  -0.00623092  0.011308  -0.00111737  0.0166687  0.0128227 
89 0.0200009 0.53673 0.055718 1.09455 0.0175696  0.00462655  0.0276043  -0.00488146  0.00938526  0.0136707  -0.0223847  -0.0253924  0.0238044  -0.00105253 
91 0.210479 0.50278 0.142594 1.08546 0.0803787  -0.0264811  -0.00286672  0.0743686  -0.00186185  0.0142787  -0.0151233  0.0623963  -0.053543  0.020878 
93 0.0152111 0.517849 0.0345201 0.993587 0.0095111  -0.00762515  0.00358885  -0.00108036  -0.00268456  -0.0139292  0.0163782  -0.00339755  -0.011732  0.0202566 
94 0.0106631 0.529725 0.0362929 0.985961 0.00361567  -0.0220135  -0.00979216  -0.00556546  -0.00903321  0.00576888  -0.0188844  0.013454  0.00630732  -0.000597944 
97 0.0739996 0.565139 0.145251 0.980567 0.0668196  -0.0254696  -0.00543108  -0.0490859  0.0105886  0.0145291  -0.0421329  -0.0579053  0.07859  0.0437886 
98 0.06404 0.553968 0.123691 0.943463 0.0208848  -0.00277158  0.0404607  0.0706423  0.00685938  -0.0722102  0.0244708  0.00983717  0.0433983  -0.0196933 
99 0.00887431 0.504705 0.0143278 0.909972 0.00449176  0.0066704  0.00988658  0.000601882  -0.00346463  0.00427449  7.99351e-06  0.00171168  0.00215415  -0.00215973 
100 0.0231561 0.565835 0.0792818 0.905105 0.0272929  -0.0430787  -0.00792478  0.0143714  -0.0187017  -0.00726898  -0.0328362  -0.0383882  -0.00941117  0.0193015 
101 0.0955095 0.505003 0.07735 0.892369 0.047552  0.00656474  -0.0291402  -0.0161144  -0.00370798  -0.00627992  0.00399202  -0.00258091  -0.0390149  -0.0311765 
103 0.0192886 0.501981 0.0182724 0.839704 0.0147211  -0.00533763  0.0084626  -0.000492758  0.00347888  0.00161388  0.000434657  -0.00111883  -0.000105162  0.000814318 
105 0.00750803 0.579504 0.049051 0.82825 0.00751079  0.00955456  0.00218497  0.0403489  0.0186316  -0.0117538  -0.00644518  -0.00848735  -0.00510374  0.000760146 
107 0.0445365 0.546956 0.0955177 0.823722 0.0246025  -0.0427651  0.0336529  0.0139509  -0.0239923  -0.0592854  -0.00297875  0.0347319  -0.000811516  -0.00749108 
112 0.0317184 0.502355 0.0279567 0.796834 0.0169883  0.00314929  -0.00777037  -0.00691813  0.00346457  -0.00322334  0.00110833  0.011055  -0.0144349  -0.00454011 
113 0.0410699 0.576658 0.11459 0.776994 0.0242979  0.0273329  0.0586459  0.0118367  0.0198293  -0.0307676  -0.0259893  0.0782793  0.00801373  -0.00260943 
114 0.00642005 0.859383 0.0959656 0.750646 0.0208064  -0.0330858  -0.0230039  0.0106411  0.000276757  -0.064597  -0.00751795  -0.0188178  -0.0484096  -0.0106039 
116 0.0338059 0.510967 0.044842 0.746372 0.0237635  0.00747829  -0.0260642  0.0152678  -0.010853  -0.0105105  -0.00993858  -0.000211105  -0.00548515  0.0109803 
117 0.0372702 0.540217 0.0809382 0.723756 0.0251014  -0.0120389  0.00590938  -0.0178965  0.0383355  0.0600662  0.0098204  0.0109915  -0.00300579  -0.0108132 
119 0.0212771 0.556523 0.0705604 0.698019 0.0126178  0.0337443  -0.0171837  -0.0282105  0.0150055  -0.0265147  0.0306056  0.013198  0.0035451  0.0231975 
121 0.0114894 0.509182 0.0220179 0.682772 0.0109176  0.00184547  -0.00649352  -0.00333095  0.0019411  0.000574828  0.00587618  -0.0125833  0.00946923  0.00472165 
122 0.0181126 0.628877 0.0969731 0.674354 0.0187851  -0.0520534  -0.00318733  -0.044688  -0.0110681  -2.72074e-05  0.0481509  -0.00811296  0.0154004  -0.0398767 
123 0.019977 0.531166 0.0515815 0.660911 0.0174877  -0.0286627  0.0130629  -0.00416999  -0.0272146  0.00666279  -0.00362407  -0.000558576  0.00507994  -0.0228247 
129 0.0436259 0.570528 0.113746 0.645773 0.0247495  0.0043088  -0.0419958  -0.0003827  -0.00448082  0.0682103  0.0723705  -0.00245367  0.023199  -0.0094245 
132 0.0546452 0.516238 0.0697751 0.611818 0.0312791  0.0280352  0.0101925  0.0132444  -0.0344013  0.00434054  0.0244634  0.00693398  -0.00657989  -0.0305415 
133 0.00629125 0.504401 0.0114048 0.566672 0.0043726  0.00221312  -0.00736316  -0.00438354  -0.00381686  0.00222085  0.00181079  0.00150857  0.00207508  -0.00180556 
135 0.0128512 0.505331 0.0188096 0.561111 0.0114557  -0.00264247  0.0103271  -0.00103753  -0.00676753  -0.000563381  -0.00451293  0.00581864  -0.00247235  0.00118617 
136 0.029561 0.651946 0.1345 0.549615 0.0588586  -0.0047522  0.00252733  -0.00969055  0.0215172  -0.0239053  0.0398121  0.0291731  -0.0084507  0.104695 
144 0.0187435 0.692221 0.120103 0.52244 0.0161239  0.0138524  0.0340565  -0.0270117  -0.00296356  0.0366469  -0.0837715  -0.0510752  -0.00694135  -0.0325137 
145 0.0156562 0.523064 0.0394152 0.504355 0.0179433  0.00278012  -0.00164587  0.00988052  0.00306793  -0.0006279  -0.020044  -0.00933413  -0.0224746  -0.0109422 
149 0.0153033 0.628083 0.0888178 0.488711 -0.00380873  -0.00339595  -0.013163  0.0356694  -0.0647719  -0.0306203  0.0015687  0.00843789  -0.0263649  -0.0226985 
150 0.0270892 0.68938 0.143362 0.472918 0.00953357  -0.00727384  -0.0934302  0.0135385  -0.0777286  0.0109243  0.0166552  0.0281135  0.0520441  -0.0394816 
151 0.0439315 0.519945 0.0659711 0.44376 0.0429237  0.02984  0.0106077  0.0176904  0.0194733  -0.00601255  -0.00882292  0.00397242  0.023676  0.0111492 
152 0.0425524 0.662073 0.166701 0.392338 0.0822288  0.0587522  0.0329725  -0.00677067  0.000700912  0.0975017  0.0199419  -0.0545802  -0.047634  0.0359151 
154 0.00464536 0.511429 0.0149199 0.335048 0.00735939  0.00619892  0.00815142  -0.0031821  -0.00529758  -0.00114632  -0.00405078  0.000683026  -0.00259214  -0.000686009 
155 0.00798243 0.574926 0.0491299 0.328058 0.0311338  -0.0123961  0.00632621  0.00213176  -0.0182223  0.0129014  0.025551  -0.00435033  0.00102753  -0.00865276 
160 0.0117299 0.569493 0.0575176 0.315708 0.0302764  0.024273  -0.0192446  0.0200548  -0.00678443  0.0108125  -0.0112353  -0.0110945  0.0124729  0.0214952 
162 0.0181012 0.588342 0.0805912 0.296665 0.0369846  -0.0239693  0.0177004  -0.0202808  0.0168021  -0.0162249  -0.00322158  0.0415026  0.0146194  0.0365487 
163 0.0128335 0.548468 0.0505244 0.264709 0.0245613  0.0261013  0.0292745  0.00388913  -0.00131358  -0.00219154  0.00754133  0.00862976  -0.0081398  -0.0138539 
164 0.00992187 0.676671 0.0837834 0.239413 0.0229633  0.00474815  -0.00437447  -0.0245158  0.0197878  0.0270352  0.00166264  0.0586838  -0.0357824  -0.000505211 
165 0.00299116 0.516853 0.0143455 0.21782 0.00434682  -0.00143117  -0.0061462  -0.000640245  -0.000667267  -0.00366224  -0.00732018  0.000810237  -0.00720208  -0.00516693 
166 0.00524235 0.648216 0.0557884 0.210853 -0.00429888  -0.0146356  -0.00686646  -0.00933577  0.0146583  -0.00794068  -0.000985502  0.0296323  -0.00849184  -0.0389394 
167 0.00415311 0.572823 0.0348665 0.198067 0.0148897  0.0145343  -0.00793283  -0.0129469  -0.00273331  -0.000864852  -0.00696231  0.00413872  -0.0139192  -0.0168703 
169 0.00336682 0.637386 0.0430386 0.187312 0.00897133  -0.025881  0.00969558  0.0172793  0.00954369  -0.014836  0.00561069  -0.00465798  0.0178734  -0.00506061 
170 0.00278454 1.65948 0.113488 0.178114 0.0282963  0.0776643  -0.000376144  -0.0163684  0.00400613  0.0421914  -0.0193318  0.0545664  -0.0133046  -0.0213239 
173 0.00381175 0.581372 0.0352897 0.17013 -0.00885314  -0.00100177  -0.0109758  -0.00664976  -0.0214566  -0.0145654  -0.000202062  -0.0107535  0.00952129  -0.0110644 
176 0.00193604 2.06448 0.109943 0.158555 0.0217116  0.00113232  0.0224084  0.0392269  -0.0666673  -0.0340041  -0.00649896  -0.00580577  -0.00988387  0.0616401 
178 0.00268394 0.969765 0.0709715 0.152333 0.00662176  0.00838064  -0.00159562  -0.0194889  0.0419878  -0.0157931  0.041041  0.0115769  0.000165029  -0.02664 
181 0.0046322 0.530247 0.0238703 0.143266 0.00715882  -0.0078754  -0.00764847  0.00706129  0.00586811  -0.000705209  0.000738151  -0.0100038  0.0142612  -0.00303691 
182 0.0018442 0.568298 0.0224727 0.126109 0.00825857  0.00455845  -0.0124592  -0.00948929  -0.00493765  -0.00631434  -0.00433372  0.00600768  0.0071106  0.0010367 
183 0.00115956 1.20799 0.0572825 0.118579 0.01095  -0.0216653  -0.0162794  0.00960075  0.0260988  0.00292536  -0.000201513  0.0391227  0.00915373  -0.00553902 
184 -0.000138743 0.0781615 0.0153012 0.113588 -0.000363357  0.00152452  -0.00951619  -0.00453199  0.00312775  -0.00561672  0.00168684  0.00454148  0.00134889  -0.00734533 
185 -0.000205878 0.494712 0.00209207 0.114197 0.000109985  -0.000917243  -0.000387309  -0.0015299  0.000714423  5.7027e-06  -0.000448547  0.000374516  -4.69477e-05  -0.000422632 
187 0.00146796 0.613778 0.0258577 0.115095 -0.00140412  0.00160271  -0.00969941  -0.00663849  -4.45765e-05  0.00670759  -0.00844413  -0.0054105  0.0130169  -0.0145232 
189 0.00228862 0.867232 0.0579584 0.108535 0.0260249  -0.013512  -0.0275188  0.0315654  0.00433771  -0.000207025  -0.0135738  0.0121422  0.0171413  0.0100641 
191 0.00256985 0.838369 0.0589538 0.0974366 0.0101346  -0.00140111  -0.0206072  0.00618382  0.00510766  -0.0179453  -0.0137838  -0.0392573  0.0247145  0.0147625 
193 0.00222165 1.02264 0.0681111 0.0832306 -0.010327  -0.0082509  0.0343349  0.0179821  0.0100629  -0.00918032  0.00996875  -0.0425414  -0.0238381  -0.0172979 
194 0.00194402 0.840955 0.0514754 0.068616 0.0205931  0.0340242  0.0211124  0.00623206  -0.0128459  -6.53485e-05  -0.00602829  0.0145385  -0.00185881  0.0129322 
195 0.000682892 0.68222 0.0223109 0.0525931 -0.00251863  -0.00627865  0.00040098  -0.000609639  -0.0185902  -0.00691293  6.29541e-06  -0.000837274  0.00243952  -0.00717238 
198 -1.43741e-05 -0.0401175 0.0055727 0.045644 7.37181e-05  0.00244648  -0.00174259  -0.000542922  -0.00125056  -0.00281558  0.00292643  0.00143881  0.000746876  -0.00102447 
199 -0.000189995 0.463184 0.00529154 0.0458011 -0.000772647  -0.00167426  -0.000152689  0.000273575  -0.000492093  -0.00262526  0.00126964  -0.00344032  0.000233241  0.00196616 
201 0.000482291 0.862475 0.0264416 0.0478305 -0.00425647  0.00753854  0.00801555  -0.0114696  0.00825184  -0.000308265  -0.0148109  -0.000582314  -0.00571181  -0.0103874 
202 0.000446943 1.42338 0.0406225 0.0424922 -0.0194757  -0.00967422  0.00741424  0.00249555  0.00620748  0.0158688  -0.0205288  0.0113858  0.0110812  -0.0123242 
203 0.000455619 0.628273 0.0152911 0.0368611 0.00448307  0.00503532  -0.00643178  0.00670677  0.00499013  -0.00205165  0.00318603  0.000436994  0.00772039  0.0017208 
204 1.58802e-05 0.537552 0.00154448 0.0300537 -0.0010612  0.000568628  0.000472226  0.000369685  0.00028682  -0.000172547  -0.000340925  -0.000408557  -0.000175852  0.000387515 
205 -0.000151482 0.0171553 0.0171053 0.0297883 0.000617882  -0.00618164  -0.00953939  0.00327054  0.0061683  0.00107043  0.00875591  -0.00451392  -0.00157197  0.00368705 
208 0.000105525 0.529536 0.00353158 0.032231 1.29219e-05  0.00213969  -0.0015435  0.000610934  -0.000701447  -0.00045187  0.0010808  -0.00134011  0.000690501  0.00100048 
209 -0.00061341 0.169799 0.0284702 0.0305503 -0.00710469  0.00732371  0.00482657  -0.0119817  -0.00570402  0.0148193  -0.0109707  -0.00863167  -0.00939395  0.00207955 
210 -2.59583e-05 0.494062 0.000785462 0.0393309 0.000178739  -0.000253647  -0.000370275  -0.000242982  0.00031273  -3.48803e-06  -0.000272949  2.88e-05  -0.000387281  3.73276e-05 
213 8.82123e-06 0.504537 0.000400162 0.0396595 2.75806e-06  -0.000277889  -6.55698e-05  2.93243e-05  -0.00017998  5.51418e-05  4.89183e-05  8.3415e-05  0.000175209  -4.75178e-05 
214 1.60507e-05 1.41533 0.00766587 0.0395481 0.00189886  -0.000758225  -0.00239429  0.00452533  -7.60556e-05  0.00200751  0.00312691  0.000448034  -0.00357499  -0.00125664 
218 -0.000649555 0.134733 0.0308132 0.0393447 -0.00104712  -0.00353805  -0.0122164  0.00310131  0.0153521  -0.0137833  -0.00202266  -0.013499  0.0126176  -0.00240733 
219 0.000993433 0.675322 0.0263964 0.0468804 -0.0111561  0.00908949  0.00878505  0.0110732  -0.00760948  -0.00148126  0.0123093  0.00865093  -0.00181169  -0.000400118 
220 -6.27325e-05 0.457557 0.00326381 0.0347107 0.000862543  0.000956749  0.00017252  -0.00194957  0.000501681  -0.00048378  0.000899152  -0.00155759  0.00110323  0.000474454 
224 1.15058e-07 0.500038 4.18498e-06 0.0356029 7.90858e-07  2.45575e-07  2.13983e-06  3.02744e-07  -2.64541e-06  2.35634e-07  -1.96717e-06  -1.10803e-06  -5.0907e-09  8.1195e-08 
226 -0.000494749 0.283998 0.0206803 0.0356013 -0.00501852  0.0100722  -0.0154451  0.000668464  0.00290514  -0.00436551  -8.19384e-05  -0.00167115  -0.000546426  0.00560751 
228 -2.89604e-05 0.311194 0.00467678 0.04198 -0.00293675  -0.000562596  0.00271396  -0.000853286  5.37407e-05  0.00109044  -0.000419431  -0.000160974  -0.00132728  -0.00129699 
229 9.40896e-06 0.526293 0.00099479 0.0423235 -0.000179118  0.000372619  0.000390374  0.000451019  0.000144489  -0.000274796  -7.64768e-05  0.000358861  0.000367026  -0.000311673 
235 0.000211811 0.527282 0.0048098 0.0422122 0.00265759  8.14058e-05  0.00213937  -0.000189913  -0.00216471  0.00154404  0.00039684  0.000255925  0.00118357  0.00166069 
236 -0.000576115 0.334786 0.0195189 0.0396243 0.00250799  -0.00541959  -0.00025541  -0.00788921  -0.00485466  0.00607431  -0.000559025  -0.011522  0.00154628  0.00933237 
237 -0.000710526 0.352187 0.0205056 0.0463289 0.00441712  -0.00545828  0.00136853  -0.0106063  -0.00512378  0.0123399  0.00575388  0.000996106  0.00132934  0.00651277 
238 0.000275402 6.77675 0.0831121 0.0534523 0.00288598  -0.00882343  -0.00551822  0.0287476  -9.81908e-06  -0.0462862  -0.011153  0.0597408  0.00946142  0.0062679 
242 0.000376573 0.623912 0.0136631 0.0508112 0.000762621  5.31255e-05  0.00123971  -6.65635e-05  -0.0109032  0.00322253  -0.00157181  -0.00439393  -0.00233151  0.00529875 
243 -0.000409748 0.10771 0.0253599 0.0469604 -0.0150106  -0.00330587  -0.0107247  0.00399617  -0.0028202  0.00682378  -0.0055793  -0.0132328  0.00270871  0.00279272 
245 0.000263675 1.27369 0.0285632 0.0511381 -0.00180972  0.0110232  0.00164601  -0.0185381  0.000363067  0.003964  0.00432208  0.00399411  0.0151479  -0.00804743 
247 2.43714e-05 6.47218 0.0241278 0.048492 -0.00191793  -0.0144889  0.00302001  0.00540075  0.00243603  0.0132073  0.000586904  0.00791475  -0.00532119  -0.00765438 
248 -5.01998e-05 -0.407662 0.0135004 0.04824 0.000962347  0.00492735  -0.00417384  0.00810967  0.00618492  -0.00463874  -0.000212005  -0.00145639  -0.00246804  0.0024163 
249 -9.38212e-05 -0.136108 0.0154509 0.0487576 0.00822535  -0.0027688  0.00267189  0.00121078  0.00234523  0.00163746  0.00833993  -0.00184916  0.00839095  -0.00179985 
257 -1.40415e-05 -0.613703 0.00790901 0.0497104 0.00239786  -0.00497445  0.00349678  -0.00165229  -0.0017941  -0.00147691  -0.00228354  -0.000644547  0.00109426  0.00220739 
258 0.00015412 0.905974 0.0158196 0.0498514 -0.00239181  0.00898402  0.00746257  0.0025142  0.0020752  -0.0042166  0.00856224  0.00180187  -0.000783097  -0.00159898 
259 -9.12136e-05 0.441168 0.0046336 0.048281 -0.00194827  -0.000418215  -0.00132881  -0.00203275  -0.000969982  6.49474e-06  0.00157615  0.00243092  -0.000294677  -0.00147662 
263 -0.00011977 -3.25029 0.0423839 0.0492166 0.025506  0.00981592  -0.0147102  -0.00725433  0.00680315  -0.0114715  -0.00965229  -0.0200606  -0.0037683  0.00963333 
264 -0.000133709 -6.17919 0.0597573 0.0504188 0.0158137  0.0131549  0.0263353  0.00450618  -0.0129552  0.0364571  -0.000769289  -0.0273666  -0.0117041  -0.00710574 
267 7.11284e-05 0.530673 0.00295453 0.0517279 -0.000943451  -0.000184695  -0.000728569  -0.00117208  -0.00111155  -0.000472941  0.00184623  0.000447896  0.000695853  0.000589761 
268 0.00115848 0.746959 0.0338265 0.0510357 -0.00351122  -0.0136167  0.000442773  0.00546943  -0.00848812  -0.00357199  -0.00916081  0.00712693  -0.00301137  -0.0262257 
273 -2.67063e-05 0.0910692 0.00660945 0.0380373 0.000144375  0.00071495  0.00187958  -0.00176653  0.000339756  0.00030816  -0.00109605  0.000397452  -0.0030663  -0.00505248 
275 -0.000153718 -2.89755 0.0457022 0.0383868 -0.0182221  -0.0194569  0.0172365  0.00181069  -0.0178887  -0.0154437  -0.000351079  0.0169797  0.00416619  0.0146081 
276 1.97242e-05 0.89003 0.00554724 0.0403395 -0.000130401  0.00205654  0.00100968  0.00243268  0.00230984  0.00326181  0.00157689  -0.000608506  0.000777521  0.000389941 
278 0.000178239 1.57475 0.027679 0.0400943 -0.0063657  -0.000405602  0.000800077  -0.00297651  0.0177433  0.000534204  0.0179232  -0.00592261  -0.0060432  -0.00282632 
280 0.000185617 1.02885 0.0198145 0.0378064 0.00235601  0.00393651  0.00184299  -0.00577673  0.00262065  0.00310466  -0.00731098  0.00889647  -0.0112429  0.00770033 
281 -0.00014693 0.401098 0.00762506 0.0352665 0.00161374  -0.000583004  0.00204031  0.00124026  -0.00560906  0.000869729  0.00183846  0.000282273  0.00342191  -0.0014524 
284 0.000128883 0.580858 0.0064568 0.0372917 -0.000642228  -0.000419087  -0.00351739  0.000837389  0.000318913  -0.00029623  -0.00291589  0.00112887  -0.00186085  0.003821 
286 -0.000183751 0.395393 0.00876983 0.0355217 0.000341189  0.00278761  0.00275362  -0.00144928  -0.00289314  -0.00128322  -0.0026601  0.00447496  -0.00380322  0.00278517 
287 -2.42466e-05 -0.255677 0.00856101 0.0380205 -0.00464166  0.00297136  -0.000168322  -0.000721126  -0.00596559  0.00109636  0.000296342  0.00156013  0.00155077  -0.000807172 
290 0.00057432 0.649568 0.0185378 0.0383381 -0.000503445  0.00273092  -0.00687579  0.00112399  0.00241415  -0.0116949  0.00571769  0.00308556  0.00498453  -0.00881719 
294 5.3069e-07 0.500187 1.99204e-05 0.0299274 5.57663e-07  8.57231e-06  -3.15633e-06  -2.9287e-07  -2.09315e-06  -8.26894e-06  -2.78494e-06  -1.24463e-05  -7.11544e-06  5.18881e-06 
296 -0.000333276 0.223008 0.0192187 0.0299186 0.0141545  0.00179372  0.00735243  0.00469419  0.00158372  -0.00345554  -0.00687672  -0.0037275  0.003602  0.00104406 
297 0.000340161 0.570485 0.00979518 0.0350493 -0.00443907  -0.000257983  -0.00257062  -0.00315699  0.00147363  -0.000130597  -0.00603046  -0.00290052  -0.00352673  -0.000439315 
298 2.65353e-05 0.550633 0.00231831 0.0298052 -0.00069147  0.000154845  -0.000688911  -0.000468787  -0.000745517  0.000565597  0.00101787  0.000914419  0.000425512  0.00111764 
299 -0.000334151 -0.123896 0.0288792 0.0293567 0.00201678  0.0188033  0.00136928  -0.00992344  0.00396344  0.00548495  0.0136417  -0.0100253  -0.00581041  0.00314197 
300 3.20898e-05 0.645525 0.004322 0.0345835 -0.00209826  0.00247152  -0.00131709  0.00113219  -0.000399005  0.000174687  -0.000104137  -0.00175935  0.00134172  0.00023634 
302 0.000483385 0.803452 0.0242212 0.0341164 -0.00475461  -0.00224541  -0.0167206  -0.000161702  0.0101558  0.000696812  -0.00922689  -0.00820004  0.00103207  0.00472762 
304 1.99509e-05 0.506985 0.000746729 0.0260895 3.53518e-05  -0.000246143  -0.00011606  -1.05733e-06  -0.000444456  -0.000220179  2.10754e-05  -3.2294e-05  0.000482452  -4.50506e-05 
311 -0.000158302 0.403361 0.00782366 0.0257043 -0.00128133  0.00419197  0.00284884  -0.000954863  -0.00231228  0.00375382  -0.00157861  0.00217367  -0.00251234  3.19217e-05 
312 0.000202145 0.622403 0.00994894 0.0286186 -0.00574318  -0.00651088  -0.00330364  0.000778372  0.000457706  0.00164417  -0.00233345  -0.000926062  0.00130278  -0.0010832 
313 2.102e-05 11.8662 0.0309119 0.0248375 0.00744272  -0.00366987  -0.0101954  0.014485  -0.00270945  -0.0140825  0.0143855  0.00884522  0.00903347  -0.000692155 
314 -0.000640884 0.363869 0.018689 0.0244107 -0.00140418  0.00518075  -0.00285109  -0.00943502  0.00441405  -0.00993747  0.00213129  -0.00190685  0.00638305  0.00749405 
315 2.68142e-05 0.721211 0.00487098 0.0351706 0.00175263  0.00134828  0.000384827  -0.002416  0.00212355  0.00143326  -0.00122728  -0.000742853  -0.00196945  0.000592582 
319 -2.93048e-05 0.0195101 0.0075049 0.0347873 0.00346568  0.000667242  0.000140035  0.00366453  -0.00374679  0.00317222  -0.000340675  -0.000242915  0.0013168  0.00209964 
321 -9.41981e-05 -0.1407 0.0155377 0.035206 0.00365407  0.00257295  0.00916167  -0.00298249  -0.00274653  0.00703433  -0.00577882  0.00154193  0.00514749  0.00305316 
322 -0.000279091 0.160005 0.0194841 0.0365194 0.00219955  -0.00578805  0.00901323  0.00940613  -0.00406863  0.00217554  -0.00764753  0.00190561  -0.00675498  0.00652274 
325 0.000552156 0.854629 0.027984 0.0401596 -0.0122931  -0.014158  -0.0061134  0.001436  0.00823317  -0.00205928  0.000856603  0.0147082  -0.0075461  -0.00678703 
326 0.000279195 0.782962 0.017776 0.0325698 -0.00577141  -0.002796  6.14383e-05  0.00360533  -0.00883424  0.0029334  0.00402026  -0.00131604  -0.0061488  -0.010932 
327 0.000273462 0.615823 0.0112566 0.0279578 -0.00212091  0.000912904  -0.00244556  -0.00230615  0.0054398  -0.00375945  -0.00400257  -0.00221868  0.00425037  -0.00522935 
331 -0.000124253 0.39765 0.00713302 0.0225436 -0.00119733  0.00291868  2.15728e-05  0.00352015  0.0046923  0.000617646  -0.00187107  -0.000314046  0.00143941  -0.000681967 
332 0.000114493 1.1192 0.0168392 0.025149 0.00477984  -0.000814073  -0.00202646  -0.00448269  -0.00575748  -0.00367007  0.000720452  -0.00641487  -0.012106  0.00100222 
333 8.16006e-05 0.581049 0.0051436 0.0227593 0.00256559  0.00117181  0.00144749  -0.00177002  0.00245413  0.000799439  0.000188365  -0.00248805  0.000514367  -0.000347474 
335 -3.24035e-05 0.117099 0.00704488 0.02089 0.000615027  0.00196958  -0.000660193  0.000804942  0.00199433  -0.00102044  -0.000290968  0.00133157  0.00485932  0.00371478 
337 -1.34146e-05 -4.62217 0.0165783 0.0216517 -0.000862474  -0.00340004  -0.0123169  -0.00556725  0.00549252  0.004593  -0.00317064  -0.00332536  0.00269672  -0.000434839 
338 -0.000156738 0.372132 0.00895462 0.0219593 -0.00508292  0.0023012  0.00140724  0.00137108  0.00038895  -0.00235545  0.000496204  -0.00282373  -0.00556536  -0.000548757 
339 -0.000104874 -0.647016 0.0219356 0.0252776 0.00521125  0.00428785  -0.00978936  7.08923e-05  -0.0100722  0.00530902  -0.00224175  -0.0101295  0.0100145  -0.00149503 
341 7.19467e-05 1.03922 0.0124569 0.0272734 -0.00294684  -0.00476075  0.00866598  0.00327447  -0.00338495  -0.00374072  -0.00119715  0.000700735  -0.00145028  0.00291998 
342 -2.67002e-06 0.392115 0.00107342 0.0259209 0.000874723  0.000304461  -0.000176061  0.000244707  -0.000404201  -0.000144401  2.6089e-05  -4.93487e-05  -0.000123499  3.01645e-05 
343 -2.91387e-05 -0.655086 0.0116031 0.0259724 -2.31493e-05  -0.000506564  -0.000903657  0.00247439  -0.00211371  0.0017471  -0.00572629  0.00907256  -0.00207398  0.00071508 
344 0.000161296 0.995148 0.0178728 0.0265274 0.0070318  0.0111701  0.00909709  0.000421122  0.00429425  0.00307694  0.000608872  -0.0023387  4.83371e-05  -0.00534166 
345 -6.41825e-05 -2.35871 0.0270901 0.0232899 0.00716252  0.000587799  0.00889083  -0.0165763  -0.00324638  -0.00634813  0.0138023  7.55268e-05  0.00669441  0.00649975 
352 3.59093e-05 0.670451 0.00494806 0.0246294 -0.00174814  -0.00138156  -0.000938694  0.000354873  0.0027456  -0.000415209  -0.00249444  -0.000653356  0.00195495  0.000574333 
353 -5.81393e-05 -2.53607 0.026571 0.0238893 -0.0111358  -0.00140064  -0.00370047  0.00662841  0.0184146  0.00310025  -0.00542202  -0.0020239  0.0014611  -0.0117508 
354 -0.000306262 0.396709 0.0112517 0.0250766 0.00352293  0.00399848  -0.00327639  0.00166247  0.000909674  -0.00700547  2.75975e-05  -0.00532859  -0.00136299  -0.00213243 
355 9.53364e-05 0.514185 0.00232673 0.0305802 0.000976764  -0.000562878  0.000122781  -0.00025144  -0.00128329  0.00146648  0.00023359  0.000208894  0.000369987  0.000178847 
361 6.81837e-05 0.560368 0.00405784 0.0289796 0.000266516  0.000306961  -0.00131235  0.00150319  -0.00273651  -0.000618912  0.00181438  0.000441216  0.000840633  0.000504128 
367 0.000152093 0.781931 0.0130963 0.0277783 0.00364953  0.00150747  0.00688439  0.00153302  -0.00537319  0.00137421  0.00431353  0.00191154  -0.00729063  -5.85982e-05 
369 -0.000135879 0.423965 0.00642944 0.0248908 -0.000766039  -0.00142604  0.0025959  0.000688823  0.00242047  -0.00175251  0.00396358  -0.000600418  -0.00174603  -0.00185879 
373 3.08824e-05 1.31124 0.0100105 0.0274853 -0.0032228  -0.00107572  0.00565454  -0.00371673  0.000308216  0.00185367  0.00354595  0.00452361  -0.00187702  -0.00166967 
374 0.000203902 0.622903 0.0100125 0.0269176 0.00210702  0.00386386  -0.0029668  -0.00330303  -0.00259085  0.00326772  -0.0059835  0.000941943  0.00266162  6.76461e-05 
376 -0.000130728 0.448064 0.00521233 0.0228183 0.00154645  0.00220826  -0.00104674  7.55839e-05  0.0038771  0.000712664  0.00123692  0.00095872  0.000810346  0.000391786 
377 -0.000248054 0.421084 0.00885105 0.0255228 0.00537304  -0.000847471  0.00469245  0.000933204  0.00308555  0.00347984  -1.94138e-05  0.000362431  -0.000919385  -0.00180456 
380 6.45793e-05 0.632473 0.00584987 0.0299916 -0.00205724  -0.00323161  -0.000176377  -0.00330237  0.00123496  -0.00140134  0.000327978  -0.000818414  0.000940341  -0.00185962 
385 -4.56939e-05 0.447836 0.00308797 0.028895 -0.00109342  0.00216529  0.000857211  0.000994281  -0.000799863  0.00049187  4.30535e-05  -0.000340399  -0.000946056  -0.000183312 
386 0.000134554 1.72863 0.0257134 0.0296752 0.0016128  -0.00725703  -0.0133264  0.0092792  -0.00631397  0.000477837  -0.00383282  -0.00315772  0.0157168  -0.00551725 
387 -0.000277789 0.434771 0.00851632 0.0273143 0.00241486  0.00376212  0.00187521  -0.000316138  0.00123207  -0.0044667  0.00392009  -0.0028659  -0.000942628  -0.00172855 
388 0.000264775 1.88061 0.0382332 0.0319984 -0.00775903  -0.0246289  -0.00132676  0.00702172  -0.00802184  0.0133943  0.00841082  0.0136296  -0.0141499  0.00659103 
390 -6.11525e-05 0.381707 0.00537944 0.0275528 0.00368284  0.00170842  0.000721825  0.00155661  0.000866549  -0.00181876  0.000157418  -0.000207751  0.00058488  -0.00224577 
392 -2.10229e-05 0.486912 0.00104919 0.0286411 0.000489436  0.000144106  0.00041049  -0.000202436  -0.000127914  0.000203253  0.000693541  -7.87814e-05  -0.000241631  -0.00016653 
395 -0.000367761 0.431584 0.0100363 0.0290058 0.00082025  -0.00202791  0.00173429  0.00344993  0.00218932  0.00289642  0.00164314  4.70695e-06  0.00800466  0.00103698 
398 -1.47897e-06 0.337005 0.000981967 0.0347731 9.04824e-05  -0.000298749  0.000596363  -0.000149168  -0.000196338  9.97208e-06  0.000146511  -0.000222161  -0.000453754  0.000416605 
401 -0.000125372 -0.186515 0.0185552 0.0347943 -0.000860409  -0.00879311  -0.00135282  -0.00634894  0.00246262  0.00442075  -0.00657282  0.0118741  -0.00247684  0.00285609 
403 -0.000180874 0.312216 0.0116571 0.0365517 -0.00498414  -0.00236151  -0.00294442  -0.000401766  -0.00570513  -0.000411997  0.00716105  0.00268754  -0.00174866  0.00153554 
404 0.000289969 1.84582 0.039503 0.0389476 0.000714886  0.00705577  0.00992998  -0.0238574  -0.00958663  0.00463129  -0.00449888  -0.0265392  0.000228339  0.00210734 
407 2.45353e-05 0.720303 0.00464981 0.0350284 -0.00325269  0.00182008  0.000436303  0.000392788  0.00162593  0.000244714  0.0010618  -0.00119013  -0.00142388  -0.000329617 
408 -0.000499154 -0.0192961 0.0322038 0.0346764 -0.00435577  0.00745079  0.00755992  -0.0043322  0.026422  -0.00570536  -0.00364123  0.0014021  0.00570967  -0.0104008 
410 0.000591523 0.764466 0.0250138 0.041252 -0.00152206  0.0046818  -0.00131131  0.0156581  -0.00593213  0.00439474  -0.0152404  0.00208606  -0.00386724  0.00696272 
413 -0.000214461 -0.57331 0.0303438 0.0333224 -0.000221255  0.0164695  -0.0199409  0.00846569  -0.00220412  0.00614988  -0.00519781  0.000182612  0.00189157  0.0103363 
414 0.000106169 1.02001 0.0148601 0.0363987 -0.00615507  -0.00680227  0.00546531  0.00380189  -0.0073376  0.00124576  0.00426773  -8.21113e-05  -0.00372226  -0.00220776 
415 -6.05014e-05 0.417867 0.00445859 0.0349099 -0.000612439  0.0019768  -0.000882055  0.000287316  0.00168469  0.00114081  0.00208975  0.00160118  0.00143565  -0.00126651 
418 -0.00085437 -0.405471 0.055632 0.035766 0.00651894  -0.00686735  -0.00394198  -0.0256174  -0.0265806  -0.00647286  0.0345805  -0.00551776  -0.00329456  -0.0186531 
419 -0.000379775 0.183217 0.0219399 0.0461946 0.00517205  0.000774137  0.00421063  0.00992409  0.00513984  -0.0052218  0.00953389  -0.00223994  0.013671  0.00114009 
420 0.000651632 0.959925 0.0346186 0.0501377 -0.0108169  -0.0180106  0.00889941  -3.21271e-05  0.015219  0.00280083  -0.0119577  0.000593999  -0.0134311  0.0107082 
421 0.000711811 0.676403 0.0224122 0.0431552 0.00583835  0.0114416  -0.00429684  -0.00763089  0.00619721  -0.0140608  -0.00267615  0.000650875  -0.00399048  -0.000997752 
423 -0.000438445 0.241437 0.0212986 0.0339236 -0.0107377  -0.0105484  0.00836193  0.000766063  -0.0107183  -0.000124643  -0.00315481  0.000778969  -0.000690197  0.00553382 
424 0.000612235 0.58171 0.01415 0.0398667 0.00710212  -0.000994829  -0.00908941  -0.00029231  0.00200033  0.000836903  -0.00773503  -0.000843675  -0.00023702  -0.00088923 
425 0.00028977 0.632017 0.0123707 0.0312619 0.00291256  0.00492015  0.000802717  0.00170667  0.00225522  -0.00248245  -0.000240937  0.00263932  0.00888971  0.00441445 
427 -0.000154797 0.254597 0.0123277 0.0262217 0.00514546  -0.000732774  0.00309558  -0.00327829  0.00286365  0.00696539  -0.00235931  0.000549335  -0.00329849  0.00558243 
430 8.60581e-05 0.738676 0.00906418 0.0290239 -0.00118369  0.00252268  0.000816122  -0.00277082  -0.00640097  0.00187101  0.000288018  0.00332922  -6.7223e-05  -0.00322593 
433 -0.000169188 0.207058 0.014081 0.0275015 0.0024018  -0.00319874  -5.90319e-05  -0.00293418  -3.73682e-05  -0.0106064  0.00431744  0.00149241  -0.00607389  -0.00184519 
434 6.43279e-05 0.642276 0.00605061 0.0304226 0.00143512  0.000129393  -0.000894908  0.0020241  -0.0014844  -0.00308356  -0.00035391  -0.00182293  0.00379043  0.000329068 
438 -0.000435272 0.279127 0.0196143 0.0293463 -0.000928579  -0.00016004  0.00598746  -0.00132132  0.0141053  -0.00638431  0.000569478  0.00373287  -0.00748556  -0.00601869 
440 0.000413962 0.701159 0.0182508 0.036008 -0.00308042  0.00338553  -0.00761  0.00793398  0.00898079  0.00444289  -0.0028748  0.00754438  0.00496346  0.00103346 
442 -0.000305004 -0.335886 0.0319353 0.0297102 -0.00764652  -0.00620309  -0.00413722  -0.0176206  -0.0153522  0.00268611  -0.0178091  0.0047187  -0.0027501  0.00232774 
444 -6.83324e-05 0.460429 0.00328915 0.0344637 -0.00179496  0.000592808  -0.000183565  -0.00124307  9.51278e-05  8.38791e-05  0.000184563  5.34568e-05  0.000395198  -0.00233605 
446 4.35364e-05 1.08726 0.0101127 0.0354413 0.00481992  -0.00214661  0.00120783  0.0034318  0.00647283  -0.000406421  0.00324826  0.00259665  -0.000233714  0.00133422 
447 0.000333683 0.725415 0.0173454 0.0348217 0.0122734  0.00817258  -0.00446514  -8.79409e-06  -0.00180408  0.00417042  0.00561699  0.000166462  0.000350741  0.00333905 
450 -0.000136282 0.388756 0.00778816 0.0296466 0.00201892  -0.000269714  -0.00171626  -0.00222984  0.00267732  0.00177591  -0.00328045  0.00139161  0.00381598  -0.00331774 
455 2.12489e-05 0.698443 0.00410692 0.0318624 0.00027812  -0.000600261  -0.00150876  0.000708247  -0.00186078  0.00168806  0.0003893  -4.89202e-05  -0.00259339  0.000677849 
456 2.66284e-05 0.507936 0.000919612 0.0315272 5.94895e-05  0.000528482  5.14552e-05  0.00013687  -0.000156933  0.000421663  -0.000367535  -0.000408531  -8.0192e-05  -0.000175032 
457 -0.00014927 0.243167 0.0123843 0.031102 -0.00118059  -0.00205177  0.000374186  -0.00282563  0.00272222  -0.00924183  -0.00281213  -0.00379598  0.00379567  -0.00317735 
460 3.09841e-05 0.51367 0.00130179 0.0334158 -0.000470414  0.000383942  0.000505422  0.000435945  -4.97236e-05  2.75862e-05  -0.000173906  0.000532452  0.000283582  -0.000695018 
463 -8.39293e-05 0.369031 0.00663125 0.032949 -0.00208142  -0.0035668  0.00130696  -0.000491652  0.00129959  0.00278522  0.00161539  -0.00262814  0.000711065  0.00234535 
464 -1.56208e-06 0.499436 5.93524e-05 0.0341989 -5.6803e-06  -2.66667e-05  2.60466e-05  -1.28049e-05  -4.14265e-06  -1.04882e-05  -3.4864e-05  4.90194e-08  -1.05522e-05  2.19754e-05 
467 -6.37161e-05 0.476899 0.00242689 0.0342218 0.000429477  -0.00165641  0.00096212  0.000239166  0.000205174  2.66869e-05  -0.000870428  0.000751962  -0.000760599  -0.000185411 
468 -0.000277773 0.281927 0.015568 0.0351404 0.00142528  0.00520715  0.00274588  -0.00290489  -0.00169934  -0.00664032  0.000532963  0.00174935  -0.0121127  0.000444068 
469 0.000151165 0.543323 0.00511909 0.0388929 0.00198308  -0.00040815  -0.00300202  0.0021555  -0.00162968  0.000787164  0.000656205  0.001899  0.000825422  -0.000673775 
471 0.000389687 0.605395 0.0128189 0.0368986 -0.00506106  0.00132074  0.00452297  0.00531898  -0.00646602  0.00250312  -0.00100577  0.00494054  0.00328488  -0.00198266 
472 8.91688e-05 0.706365 0.00857936 0.0311752 0.00290227  -0.00143165  -0.000888472  0.000974293  0.00314244  0.00186324  0.00327962  -0.00114695  0.00566698  0.00196501 
475 -4.61466e-06 -0.38187 0.00403462 0.0297107 -0.00126994  -0.00051965  0.0010424  0.000319163  0.00130066  -0.000329304  -0.00180426  -0.000778998  0.000323275  -0.00272764 
477 -0.000110215 0.120215 0.01294 0.0297883 0.00552411  0.00454596  0.0034506  0.00236225  0.000597625  -0.00386197  -0.00463527  -0.00105397  -0.00766682  -0.00145819 
482 -0.000183648 0.230678 0.0140667 0.0315842 0.00242356  -0.0060793  -0.00204883  0.00497397  0.00437926  0.00193087  0.00144776  0.00217682  -0.00161332  0.00968293 
484 -0.000520686 0.451804 0.010027 0.034369 -0.00099192  5.03486e-05  0.0027231  -0.00557901  0.0030336  0.00107226  -0.00523864  0.0021208  -0.00425304  -0.000794368 
485 0.000160549 0.699722 0.0113252 0.0412559 -0.00613824  0.00166913  -0.00643973  0.00403411  0.00524104  0.000921804  -0.000616142  -0.00101223  -0.000535732  -0.000208717 
486 -6.02359e-05 0.248746 0.00778083 0.0392621 -0.00502593  0.00036041  0.00121118  0.0021177  0.00292044  -0.000265898  0.00201001  0.00207323  0.00228378  0.00265443 
487 7.41825e-05 0.514175 0.00205151 0.0400219 -7.53905e-05  0.000695879  -5.30388e-06  -0.000502299  -0.00117472  0.000375255  0.000593214  -0.000845841  -0.000907683  -0.000233202 
489 0.000136985 0.604905 0.007582 0.0390842 -0.00113677  0.00158742  0.00132305  -0.000294307  0.00112597  0.00468992  -0.00238752  -0.00320464  0.00279007  -0.00219541 
491 -2.81302e-05 0.234266 0.00546821 0.0372907 0.00311318  0.00169027  -0.00169464  -0.00263182  -5.05886e-05  0.00142343  -0.000154764  -0.000760802  0.00024579  0.00220505 
492 4.79252e-05 0.55615 0.00328099 0.037666 0.00115298  0.00221219  -0.00035565  -0.000217863  5.12305e-05  -0.000160112  0.000407665  0.000190683  0.00161684  0.00123403 
495 -0.000356609 0.316192 0.0161954 0.0370243 0.0070964  0.00613362  -0.00695542  0.00633586  0.00170939  -0.000881283  -0.00126018  0.00809395  -0.00343857  0.00177992 
497 0.000439954 0.887213 0.026102 0.0415629 -0.00522193  -0.000640736  0.0135446  0.0103271  -0.00330442  0.000680245  0.00329694  -0.0155882  -0.00766295  -0.00629002 
