generation s h r distopt trait[0] trait[1] trait[2] trait[3] trait[4] trait[5] trait[6] trait[7] trait[8] trait[9] 
3 0.000119115 3.42132 0.0373037 0.04 -0.0188835  -0.0144094  0.0151521  0.00187664  -0.00382703  -0.0112059  0.00601762  0.00735965  0.0182572  -0.00550709 
4 0.000135885 0.526988 0.00383106 0.0522068 -0.000552699  0.00168317  -0.000320512  -0.00208459  -4.42281e-05  0.000236626  -0.00199878  -0.00075759  -0.000425252  -0.00151077 
6 0.00100556 0.600877 0.0201502 0.0862252 -0.00637322  0.00304311  -0.00033644  -0.00187508  0.00674129  -0.00370601  0.0125694  -0.00717968  -0.00914148  0.000487513 
7 0.00211789 1.80931 0.1052 0.0989816 -0.0505379  0.035295  -0.0491931  0.00520003  -0.00790652  0.019716  -0.0481698  -0.0130494  0.0429961  0.00545687 
8 0.00159172 0.708203 0.0364088 0.0991353 -0.00613418  -0.00681928  0.0128145  0.00851725  -0.00299079  -0.0142072  -0.00774266  -0.00125202  -0.0126568  0.023921 
9 -9.59058e-07 0.499792 2.82665e-05 0.104585 -7.51461e-07  -4.8959e-06  -3.68491e-06  1.7534e-05  -1.40429e-05  5.17656e-06  -6.49717e-07  -1.03354e-05  -3.56027e-06  1.04652e-05 
10 -0.000134759 -11.7968 0.0813842 0.120166 0.00225891  -0.034574  0.00169126  -0.0514418  0.00327943  0.00297648  0.0519614  0.00666378  -0.00123338  0.00287624 
11 0.00350246 2.48459 0.166329 0.137716 -0.0802281  0.0526164  -0.0233726  0.0468486  -0.0134819  -0.06548  0.00595045  0.0408251  -0.0970659  -0.0112258 
13 0.00264498 0.622391 0.0360063 0.142243 -0.00285673  -0.0149474  0.0113273  0.00416324  0.0033642  -0.00997926  -0.00517885  0.00088907  0.0166735  -0.0224211 
15 0.00801675 1.46815 0.175598 0.159145 -0.105358  -0.000465865  0.0505938  -0.0367987  0.0383999  0.0766704  0.0893378  -0.00763342  -0.0202331  0.00431385 
18 0.00752559 1.31971 0.156638 0.149339 0.0122517  -0.00431665  0.0343142  0.039955  -0.0538798  0.0338006  -0.115868  -0.0417305  0.0293839  0.0389492 
19 0.00702735 0.613884 0.0566856 0.136192 -0.0226133  0.0188513  -0.0165806  -0.0124423  0.0310113  0.00404107  -0.0053718  0.00251529  0.00597943  -0.029459 
21 0.0052332 0.813557 0.0809615 0.140083 -0.0283439  -0.0379216  -0.0103635  0.0167957  -0.0506572  0.00731434  0.0236471  0.00557246  0.020121  0.0175814 
22 0.00276407 0.69466 0.0463948 0.136047 -0.00862408  0.0231203  0.00361358  -0.00379021  -0.00534486  -0.0308665  0.00497647  -0.00212448  0.000399783  -0.0224808 
23 0.00154331 0.618557 0.0270636 0.142509 -0.0027937  -0.0131304  -0.00462216  0.00506201  0.00241464  -0.0050335  -0.0114697  0.0150691  0.00251113  0.0104466 
25 0.00763756 0.813986 0.0978438 0.173388 -0.0467713  -0.0416243  -0.0157112  0.0237392  0.00808315  0.0378468  -0.00839659  0.00661736  -0.0118556  -0.0555907 
26 0.00425077 1.06446 0.0978511 0.165628 -0.0317592  -0.000731624  -0.0186776  -0.0221221  0.0547027  0.0130476  0.0466982  -0.0398923  -0.0045515  -0.0277842 
27 0.00758515 1.33091 0.15832 0.166427 -0.0701882  0.00968582  0.0334159  -0.0454423  0.0383244  0.04009  -0.00105815  0.0139827  -0.007243  0.116354 
29 0.00444416 0.869415 0.0809745 0.161062 -0.0312882  0.0262221  0.0451845  0.0217751  -0.020934  -0.0274212  0.0338803  -0.00271407  0.00539388  0.000185581 
31 0.0100253 0.659763 0.0801211 0.16734 -0.0246983  0.00383928  -0.0359475  -0.0377334  -0.0402439  -0.0114249  0.000628833  0.0307927  0.0120335  -0.0153335 
34 0.00408136 0.803531 0.0703593 0.175522 -0.0434003  -0.0219307  0.0035626  0.00112102  -0.00763098  0.00934285  0.0171808  -0.0199349  0.0401051  0.0111993 
36 0.00292872 0.65665 0.0428522 0.189165 -0.00396465  0.00477776  -0.00733324  0.00141305  -0.0279019  -0.0228166  0.00304866  0.0122614  -0.0155269  -0.00649301 
37 0.00576182 0.724287 0.0718856 0.196022 -0.0251469  0.0153113  0.00543384  0.0104409  0.0117207  0.0197861  -0.0166542  0.0567719  -0.00437087  -0.0106683 
39 0.0205339 0.77954 0.151226 0.210235 -0.0665056  0.00356331  0.0143085  -0.0225804  -0.0313261  -0.0588626  -0.0648997  -0.0862704  0.00454628  0.0399691 
41 0.00149188 0.514528 0.00936695 0.182406 -0.0048873  -0.0042019  0.000341431  -0.00196447  0.00443422  -0.00299759  0.00167627  0.000987382  0.00286163  0.00126524 
42 0.0126162 0.589724 0.0676431 0.193611 -0.0423883  -0.00130493  -0.0196921  -0.00837496  0.0144773  0.0248347  0.0211176  0.0116062  0.0255013  -0.0161821 
43 -3.39392e-05 0.488346 0.00125807 0.1725 -0.000113814  -0.000113052  0.000682336  -7.26027e-05  -0.000437782  0.000604567  -0.00070203  0.000141599  -1.03228e-05  -0.000126517 
44 0.00689749 0.583247 0.0480818 0.188134 -0.0165222  -0.00806838  -0.0100851  0.0285484  0.00695308  0.00843447  -0.00463623  -0.00458789  -0.0210527  0.021256 
45 0.00920057 1.19073 0.158954 0.185104 -0.0705515  0.0368967  -0.0161648  0.0752733  0.0132944  0.0652722  -0.0753694  0.0343313  -0.0294734  -0.0288976 
46 0.00485473 0.630434 0.0503755 0.169782 -0.00136459  -0.0141766  0.0194057  0.0103575  0.018607  -0.0240367  0.0129246  -0.0108184  -0.0253016  -0.00166084 
47 0.00564877 0.557161 0.0361049 0.168669 -0.0242638  0.0132375  0.00296359  -0.00378377  0.000937473  -0.0119136  -0.004719  0.00730591  0.0118901  0.0125169 
48 0.00442645 0.761061 0.0679646 0.164658 -0.00896926  0.0240303  -0.0161465  0.0137059  0.0177904  -0.0217731  -0.000693381  0.00051651  0.0227022  -0.0469683 
52 0.00965105 0.704079 0.0887632 0.215509 -0.0367724  -0.0243709  -0.0317028  -0.0262961  -0.00432632  0.00761315  -0.0310651  -0.00269196  -0.0555503  0.0100701 
53 0.0141319 0.993424 0.166432 0.2081 -0.0741726  -0.0972854  -0.0274959  -0.0705615  -0.00992922  -0.0583711  -0.0286894  -0.0405116  0.0317033  -0.00482864 
55 0.00981528 1.54252 0.201425 0.196649 -0.0844846  0.0257415  0.0814964  0.0215051  0.0773869  -0.0585209  0.066256  -0.0640929  0.0852292  -0.0221945 
57 0.00417772 0.85945 0.0774494 0.186396 -0.00818398  -0.00741109  0.00776357  -0.0352903  -0.030979  0.0311996  0.0400125  -0.0157133  -0.0112773  0.0257416 
58 0.01097 0.97529 0.144041 0.185383 0.00481645  0.043477  -0.0543321  0.0232633  0.0289729  0.0198989  0.0487963  0.0826278  -0.0391287  -0.0580199 
62 0.0117447 0.582667 0.0626676 0.21771 -0.0404919  0.000264542  0.0159653  -0.0181444  -0.0232238  0.0157277  0.0131594  -0.00942843  0.0247076  -0.00664968 
63 0.0046907 0.856959 0.0817757 0.205151 -0.0252374  0.0375189  0.0107165  0.013436  -0.0397776  -0.0116454  -0.0189165  -0.0418957  0.0223556  -0.00407018 
65 0.0305584 0.719067 0.163526 0.224765 -0.103384  -0.0590262  -0.0393376  -0.0393363  -0.00797977  -0.0408885  -0.0231822  0.0469339  -8.36229e-05  0.0706965 
70 0.0283691 0.901853 0.212376 0.215689 -0.116199  0.0909096  0.032778  0.0576568  0.0744888  0.0780083  -0.0109513  -0.020572  -0.0589695  -0.0573025 
76 0.00716037 0.677099 0.0712498 0.219964 -0.0164937  0.0168814  -0.0234785  0.0319803  -0.0285694  0.000967566  -0.0128004  0.00156427  -0.0298786  0.0327011 
80 0.00188924 3.34084 0.146261 0.272949 -0.0444959  -0.0724898  -0.0250632  -0.053481  0.0359214  0.0765533  0.0211645  -0.0259144  -0.044191  0.0211243 
84 0.00801936 0.515459 0.0229296 0.333986 -0.0150882  -0.00548101  -0.00143217  0.000910389  -0.000871364  0.000247322  -0.0116951  -0.00367228  -0.00252933  -0.0103785 
85 0.0493361 0.583674 0.13131 0.338657 -0.0614595  -0.00104846  0.0668907  -0.00851188  -0.0184905  -0.0782154  -0.0252182  0.0295975  0.00240561  -0.030655 
86 0.00874087 0.817985 0.105319 0.275685 -0.0294359  0.0668138  -0.0319221  0.00280859  -0.004593  -0.0360558  -0.00226941  -0.0456231  0.0348074  0.0107383 
89 0.0138877 0.618118 0.0812781 0.311417 -0.0449081  0.0137669  0.0181698  -0.00260987  0.0185058  0.0215081  -0.0479283  -0.00925824  0.0152902  0.0253222 
90 0.00665242 0.610662 0.0543675 0.304772 -0.00241449  -0.0264239  -0.0237716  0.0269232  0.0118583  0.0066518  0.010674  0.00888063  -0.00165485  -0.0241127 
91 0.0107535 1.71475 0.227364 0.310897 -0.115211  0.0684662  -0.0480105  -0.0667245  -0.00555383  -0.090704  0.0400817  0.039622  -0.120853  0.030591 
93 0.0060378 0.899644 0.0981295 0.316142 -0.0542622  -0.00332232  -0.0119576  0.00957241  0.0330309  -0.00504875  -0.0319865  -0.0214473  0.0155485  0.0599829 
94 0.0060957 0.63054 0.0564841 0.316145 0.0249145  -0.0122426  -0.0194388  0.000612382  -0.0312051  0.011766  0.00432993  0.0275223  0.0118206  -0.00366835 
97 0.0301976 1.44582 0.333819 0.346015 -0.133326  -0.0835545  0.00232008  -0.0632886  -0.184216  -0.0565135  -0.0374038  0.182487  0.0934774  -0.0458131 
98 0.0161701 0.551651 0.0586627 0.307995 -0.010002  -0.0175599  0.0231759  0.0235689  0.00839721  0.0315202  0.0135433  0.0218449  0.00760984  0.0125595 
100 0.0138275 2.64061 0.340563 0.300318 -0.0884882  -0.0691025  0.195016  0.0256577  0.0384906  0.00808829  -0.07293  -0.178797  0.0996602  -0.126183 
101 0.0273979 0.7553 0.166947 0.282497 -0.00745315  -0.0357783  -0.0109965  0.0185587  0.00749539  -0.0127028  0.125063  0.0707809  -0.0672636  0.0260316 
103 0.0220347 1.06116 0.221047 0.229728 -0.13165  0.0683312  -0.0654963  0.0209931  -0.0201306  0.0678024  0.115144  -0.0573233  -0.00160556  -0.0241084 
106 0.000852115 1.61144 0.0615244 0.17601 -0.0131637  -0.01205  -0.0329542  0.0292696  0.0223698  0.0206055  0.0174599  0.00697962  -0.0154932  -0.00234063 
108 0.00684328 2.20504 0.2151 0.173573 0.0488305  0.128418  0.0543085  -0.0331284  -0.0263372  -0.0134046  -0.109248  -0.0500949  -0.0044572  0.0894866 
109 0.00734459 0.561976 0.0429004 0.152669 0.0148249  -0.0104715  -0.0156432  -0.00219025  0.022011  -0.0113773  -0.00458008  0.0231902  -0.00935698  -0.00112259 
111 -0.00062537 0.35888 0.0187963 0.126452 0.000569902  -0.00180853  -0.00485448  0.00358501  -0.0143965  0.00377811  -0.0066733  -0.00204481  -0.00650913  -0.000818766 
113 0.00227294 0.542014 0.0195986 0.128902 0.00962092  -0.0019056  -0.00581629  -0.00319369  0.00900522  0.0116391  -0.00206323  0.00426136  0.00171906  0.00139643 
115 0.00580072 0.575049 0.041865 0.119772 -0.00517694  -0.0192478  -0.0329176  0.00903392  0.00162305  0.00428066  -0.00937526  0.00584512  0.0041225  -0.00549586 
116 0.00167875 0.941642 0.0544375 0.0925271 -0.00309899  -0.019481  -0.0216413  -0.0192871  0.0182591  0.0233358  -0.0102646  0.0264881  -0.000497419  0.00698647 
117 0.00145376 0.571771 0.0204471 0.0829695 0.00430368  -0.00442682  0.00259509  0.0129349  0.00550035  -0.00479364  -0.00193246  0.00958651  -0.00598856  -0.00460285 
121 -0.000336434 -2.96879 0.0683095 0.0736968 -0.0349149  0.0222278  -0.00202997  0.0350033  0.000554072  0.014458  -0.00581072  -0.025746  0.0253787  0.0131785 
122 0.00199803 0.970996 0.0613248 0.0759455 0.0392081  -0.0145835  -0.0153223  0.0127645  -0.0024775  -0.0291751  0.017844  0.0114256  -0.0175151  0.000140123 
124 -2.9724e-06 0.497632 0.000167804 0.0614139 -3.27672e-05  9.84775e-05  -2.29735e-05  -9.45116e-06  5.81513e-05  -7.01939e-05  -3.231e-05  2.35813e-05  7.30713e-05  -3.90046e-05 
125 0.000833339 1.2613 0.0503603 0.0614381 0.00767789  -0.0254248  0.00808696  -0.018924  -0.00424725  0.00164583  0.0167442  -0.00863074  0.0173081  -0.0270574 
127 -0.0003648 0.247172 0.0192105 0.054237 -0.0104999  -0.00274135  0.00122802  -0.000457341  0.000519062  -0.00262572  -0.00253381  -0.0074118  -0.00233311  -0.0132514 
128 -0.000749763 0.338161 0.0220408 0.0575023 -0.000488969  -0.00692761  -2.75806e-05  -0.00756906  0.00278415  -0.00618001  -0.0141908  -0.000640532  0.010841  -0.00387505 
129 6.50742e-05 0.860152 0.00968217 0.0636912 0.00222714  -0.000959181  0.000923934  -0.00175475  0.00421135  0.00101561  -0.00684073  0.00427513  0.000267217  0.000143906 
131 -0.000124041 -0.307059 0.0200111 0.0631783 -0.00519837  -0.0073102  -0.00798912  -0.00265991  0.00344324  0.00353085  0.0133122  -0.00242402  -0.0036594  -0.00531768 
134 -0.000352408 0.0143497 0.026167 0.0641525 0.00640537  0.002173  -0.00355509  0.00896564  -0.00270933  -0.0110033  0.0127408  0.00591655  -0.0148178  -0.000789978 
135 0.000477608 0.553688 0.0101319 0.0668432 -0.00478996  -5.13489e-05  -0.00543611  0.000541105  0.00465934  0.00144188  -0.000799849  -0.000763136  0.00319837  0.00382424 
140 -0.00025317 -0.549876 0.0326069 0.0631705 -0.0147732  0.00604188  0.00828359  -0.0219909  -0.00479957  0.0038036  -0.000229582  0.00826311  0.0092244  0.00808182 
141 0.000722054 1.07859 0.0408705 0.0651438 -0.0156089  -0.0168494  0.0193852  0.00636796  -0.00317733  0.0166607  -0.0139806  0.00684914  0.0104638  0.00932697 
143 0.00100979 0.925662 0.0414558 0.0593458 0.0132636  -0.00501807  0.00254661  0.00421754  0.0181744  -0.0220929  0.017286  -0.00201136  -0.0191223  0.00250768 
144 -0.000265353 0.182092 0.0183711 0.0501263 0.000454265  0.00105123  -0.00517463  -0.00512168  -0.00524853  -0.0013871  -0.00816384  0.000315894  -0.004978  0.0127349 
146 0.001129 1.35226 0.0620115 0.0527071 -0.00903243  0.0252931  0.0186245  0.0336954  0.0145063  0.0133483  0.00166825  -0.0353252  -0.00114601  -0.00113196 
149 -0.000106074 0.382243 0.00706907 0.0406161 0.000727918  -0.000986023  0.000982511  0.00582039  0.00187787  -0.00243864  0.00169765  -0.000702022  -0.000417508  0.000777787 
150 0.000424596 0.953503 0.0277502 0.0419016 0.00186171  -0.00926921  0.00137174  -0.0104076  -0.00189856  -0.00823948  -0.0132756  0.0136779  0.010639  0.00474152 
152 0.000340939 0.699576 0.0164977 0.0364862 -0.0027988  -0.00686114  -0.00602078  -0.00414388  -0.0025292  0.00998667  -0.000548865  0.00544702  0.00506265  0.00145349 
153 -0.000171264 0.0931366 0.0166959 0.03147 0.00317133  0.00235465  -0.000395938  0.00744605  0.0023024  -0.00294138  -0.00841909  0.00280099  0.00489693  0.00953371 
154 -0.000291972 0.361628 0.0127148 0.0340828 -0.00063668  -0.00498217  0.0060622  -0.00296107  -0.0066705  -0.00245782  0.0030617  -0.00226567  -0.00243106  -0.00446838 
158 -0.000258431 0.354128 0.0122818 0.0381268 -0.00702107  -0.000358867  -0.00933492  -0.00142812  0.000365531  -0.00209088  -0.00171725  -0.00149909  0.000451369  0.00152696 
159 -0.000102553 -4.95238 0.0472876 0.0413777 0.00488573  -0.00295274  -0.00837484  -0.00462792  -0.00666614  0.0288585  0.0304989  -0.000997468  -0.012054  0.0125797 
160 -0.000124075 -0.182857 0.0184097 0.042599 -0.00871717  0.00588137  -0.00741702  -0.00647362  -0.000481742  -0.00236113  0.00198223  0.00877061  -0.000525296  -0.00666947 
161 -0.000134577 -2.96238 0.0431686 0.0440313 0.00256359  -0.00633119  0.0273641  0.00654146  -0.00146348  0.00204937  -0.0244062  -0.014153  0.0101719  -0.0109317 
162 -0.000258661 -0.113753 0.0252008 0.045534 0.00832058  -0.00436368  -0.00392318  -0.00903667  0.0149616  -0.000135271  -0.00113766  -0.00696339  0.00453979  -0.0124698 
163 0.00121196 0.864394 0.0420213 0.0482912 0.0103194  0.0198979  -0.0237839  0.0128332  0.0104392  -0.00890565  -0.000881111  0.0140658  0.000848799  -0.0120574 
165 -0.000307187 -0.692353 0.0382767 0.0334786 -0.0170765  0.0105623  0.0148324  0.000409777  -0.0148125  0.004548  0.0148003  -0.000392246  -0.019493  -0.00157836 
166 -7.08668e-05 0.467521 0.00303472 0.0377895 -0.000879771  0.000532379  0.00147774  0.000638619  -0.00116004  0.000817158  0.000623815  -0.00146573  0.000310145  0.000955724 
167 7.55778e-05 0.539016 0.00343474 0.0387159 -0.000412184  -8.97541e-06  -0.000947485  0.00148565  0.000578471  0.00114322  -0.00112653  -0.000754006  -0.000739882  0.00212037 
168 1.6721e-05 0.506551 0.000662022 0.0377272 0.000108915  0.000202233  -0.000104275  -0.000164297  0.000177003  -0.000218731  -0.000271087  -0.000212818  4.05931e-05  0.000384765 
170 -0.0008561 0.211851 0.031423 0.037505 0.00491727  0.00135129  -0.00718795  0.022595  -0.00178968  -0.00917933  0.0139126  -0.00898715  0.00370783  -0.00486373 
171 0.000362082 3.05016 0.060755 0.0475719 0.0303306  -0.00805561  0.0230668  0.00965371  0.000347119  -0.000783056  0.00207197  0.0301124  0.00323804  0.0340409 
172 8.0184e-05 0.932223 0.0117739 0.0436013 -0.00483242  -0.00036509  6.23675e-05  -0.00231888  -0.000845263  -0.00239146  0.00290765  -0.00806517  -0.00524537  -0.00151961 
173 1.32923e-05 1.29845 0.00651557 0.0426719 0.00371773  0.000278031  -0.00102367  -0.00182809  0.00230184  -0.00262139  0.00128546  -0.000405091  0.00318961  6.13714e-05 
174 0.000518112 0.931883 0.0299142 0.0425159 0.00541818  -0.00952259  -0.00852605  0.00266701  0.00766646  0.00515519  -0.0165748  0.00156494  0.0143221  -0.0112857 
179 0.00019556 1.52306 0.0282867 0.0359113 0.00106799  -0.00340343  -0.0164775  -0.0140428  -0.0110856  -0.00142992  -0.006813  -0.0119632  -0.000195484  -0.00204845 
180 0.000667111 0.620709 0.0179501 0.0330769 -0.00456526  0.00466165  0.00707678  -0.00810368  0.00366129  -0.000329269  -0.00214458  0.00580035  -0.00994987  0.00362318 
182 -9.08539e-05 0.41235 0.00564436 0.0206686 -0.000189971  -0.000298398  0.00234056  0.00193104  8.23786e-05  -0.002772  0.00150232  -0.00250017  -2.18592e-06  0.00251555 
185 6.19876e-06 0.591676 0.00150768 0.0227607 -0.000825008  -0.000312411  -0.0002392  -8.3354e-05  0.000498697  -0.000456205  0.000283769  -0.000891857  4.16899e-05  -0.000310187 
186 -0.000142787 0.406055 0.00732598 0.0226241 0.00177078  -0.00387912  0.00271345  -0.000315763  0.00385582  0.0013595  -0.00193983  -0.00251664  0.00101801  0.00041939 
188 -0.000281943 0.305716 0.0148045 0.0255861 -0.00093311  0.00495572  -0.000337077  0.00676298  0.00315397  -0.00500108  -0.000581613  -0.00280213  0.00331461  0.00968276 
190 -0.000351119 -0.175013 0.0307921 0.0306044 0.00362808  -0.0133619  0.00131653  -0.00358474  0.00326014  0.00876404  -0.0138471  0.0121206  -0.0168511  -0.00564087 
191 -0.000500608 0.404154 0.0138598 0.0358861 0.00274778  -0.00677079  -0.00445829  -0.00805669  -0.00458136  0.00187524  -0.00355035  -0.00383647  -0.00061289  0.00130718 
192 0.000653261 0.885734 0.0317442 0.0422912 0.00423557  0.0150229  0.00935048  -0.000567184  -0.00528502  0.00523966  0.0104385  0.0131733  0.0161681  -0.00877645 
197 -1.70628e-07 -82.2755 0.0075163 0.0336971 0.000495586  0.00251893  -0.0020195  -0.00259693  -0.00296813  0.00116549  0.00163131  0.000591485  0.00187734  0.00473054 
198 7.59126e-05 1.15971 0.0141532 0.0336997 0.000937046  -0.00267831  0.000312267  -9.03672e-05  0.00975493  -0.00659236  0.00372767  0.000627002  -0.00506555  -0.0036864 
200 4.1586e-06 0.593286 0.0012457 0.0325539 0.000157771  0.000359617  9.33826e-05  0.000606436  2.91116e-05  0.000653433  -0.000348318  -0.000188165  0.000405138  0.000521898 
201 0.000353263 0.787513 0.0201554 0.03249 -0.0110472  0.00305909  -0.00370891  0.00703131  -0.00134489  0.00192553  -0.0020899  0.000547967  0.0133038  -0.00494669 
202 0.000146639 0.740743 0.011883 0.0265028 -0.00825058  0.00268039  -0.00144196  0.000310878  0.00122906  -0.001557  0.00214334  0.0071779  -0.00017649  0.00192152 
203 -0.00020237 -0.663828 0.0306937 0.0235748 0.0034824  0.0191403  0.00480784  -0.00743291  -0.00909086  -0.011323  0.00409454  -0.0092295  -0.0115018  0.00633759 
206 -7.49198e-05 0.274367 0.00822328 0.0275347 0.00351657  -0.00315347  0.000634013  -0.00423248  -0.000742785  0.00288881  0.00291872  0.00300946  0.000181464  0.000700085 
207 -0.000170223 0.417286 0.00750589 0.0288632 0.000118602  -0.00160736  0.00234921  -0.00203326  -0.00251918  -0.00162096  -0.00394417  0.00115202  -0.00426962  2.56218e-05 
210 0.000169775 0.911371 0.0167136 0.0316752 -0.0011063  0.000191819  -0.00830821  0.00283942  0.00618276  -0.00544921  0.00712496  -0.00431015  -0.00631694  -0.0048813 
211 -0.000160633 -1.44105 0.0353144 0.0288714 -0.0184228  0.0140068  -0.0142474  0.0159235  0.00292896  0.00621122  0.00199536  -0.0114467  0.00801746  0.00291937 
214 1.78729e-06 0.505724 0.000202288 0.031531 -1.54253e-05  -3.75712e-05  -0.000130876  -6.83198e-05  -4.39813e-05  9.45586e-06  -0.000110291  -1.3369e-05  5.50614e-05  8.75587e-06 
218 -0.000127723 -0.599822 0.0237043 0.0315027 0.0019639  -0.0127769  -0.0160636  -0.0023892  -0.000568609  -0.00101756  0.00332005  0.00877511  0.00294114  -0.00574498 
221 -0.000281504 0.198188 0.0184369 0.0334686 0.00795706  -0.00284809  0.00261614  -0.00444476  -0.0105924  -0.000999355  0.00152652  -0.00456166  0.00515669  -0.00888618 
222 -3.32247e-06 -0.659886 0.00392616 0.0374392 -0.00020263  -0.000886083  -0.00163763  0.00101887  0.00154649  -0.000647311  -0.00228929  0.00154309  6.34516e-05  -0.000657278 
224 2.38988e-05 25.8941 0.0492625 0.0374836 -0.0225788  -0.00310868  0.00436485  -0.0164528  0.0320235  0.011446  -0.00955195  -0.00647385  -0.0144084  0.0109688 
225 0.000348684 0.871637 0.0227656 0.0371634 -0.0018574  -0.000750336  0.0148704  -0.00838151  -0.0125056  0.00264961  -0.0017059  0.00698401  -0.000796527  -0.00267395 
228 -0.000521697 0.307068 0.0200706 0.0321325 0.00320684  -0.00321951  0.00117428  -0.00978505  -0.00174518  0.001845  -0.000179936  0.0135394  0.00970184  -0.00106399 
231 -0.000499267 -0.544324 0.0456693 0.039425 0.000793939  -0.0128499  0.00485407  0.0295197  0.00945157  0.0169557  0.00774247  0.0143429  0.0124422  0.0150885 
232 2.98177e-05 7.45438 0.0287986 0.045318 0.00200314  0.0113691  0.0125838  0.0125122  -0.00303409  -0.00257276  -0.00481677  -0.0123112  0.0134349  0.00317711 
233 -0.000361492 0.152222 0.0224277 0.0449878 0.00174784  0.00931916  -0.000314524  0.00566146  0.0102327  -0.00868788  0.00818937  0.00732972  -0.00801904  0.00395786 
236 0.000152538 1.77694 0.0279106 0.0488412 -0.00700774  -0.000175397  -0.00870281  0.000212743  0.00500061  0.0125766  -0.00115283  -0.0200987  -0.00793067  -0.00164935 
238 0.000187751 3.31389 0.045962 0.0472539 0.0215823  0.00594803  -0.0218534  -0.0202552  -0.00290588  -0.0189893  -0.00793321  -0.00895812  -0.00114425  0.0144898 
239 0.000549063 0.603945 0.0151119 0.0452239 -0.000315265  -0.000878884  0.009507  -0.00293034  0.00372674  0.00150152  0.00102716  0.00249273  -0.00117837  -0.0101847 
240 -0.000799191 0.205348 0.0307004 0.0386819 -0.023061  0.00889801  0.00266304  -0.0032631  -0.00245493  0.00313611  -0.00541082  -0.00250925  -0.0155195  0.00463731 
241 0.00104608 1.28749 0.0573809 0.0479145 0.00660356  -0.0124445  0.00898523  0.0156326  -0.0226661  -0.0203364  -0.0122005  0.0209272  0.0211495  -0.0284177 
242 0.000467122 0.669914 0.0178186 0.035359 0.000785414  -0.00379297  -0.000289433  0.00698028  -0.000205745  0.0050563  -0.00109443  -0.00912536  -0.0100883  0.00646839 
243 -3.4817e-05 -3.32861 0.0230906 0.0279866 -0.00482438  0.00173118  -0.00949686  0.00158112  -0.00393212  0.0143622  0.00625811  -0.0116023  -0.00255096  0.00349234 
245 -0.000432088 0.230779 0.0215749 0.0286019 0.00181457  -0.00449398  0.00145614  -0.00435462  0.00584771  -0.00838219  -0.00881933  -0.00258967  0.0101017  0.0113981 
249 -0.000217331 -0.442152 0.0286193 0.0353588 0.0154324  0.0126818  -0.00627447  -0.00349753  -0.0104914  -0.00300086  0.0053322  -0.00979434  -0.0099808  0.00504213 
250 6.68134e-06 28.8524 0.0275255 0.0383093 0.0096481  -0.0108315  0.000808554  -0.00015184  0.012753  -0.00995797  0.00489566  0.0137411  -0.00137695  0.00837191 
