generation s h r distopt trait[0] trait[1] trait[2] trait[3] trait[4] trait[5] trait[6] trait[7] trait[8] trait[9] 
3 0.0881424 0.504569 0.0714792 2 0.0223953  -0.0131191  0.0192278  0.00747855  0.00451384  -0.0254331  -0.0135169  -0.0200895  -0.0152724  -0.0502316 
4 0.0937068 0.504271 0.0744252 1.97877 0.0238751  -0.0263875  -0.0396466  -0.0109238  0.0125278  -0.0092149  -0.018734  0.0331448  0.0265419  -0.0136281 
6 0.110299 0.505081 0.0871497 1.956 0.0308614  -0.0132161  0.00065868  -0.0434837  -0.0150888  -0.0526858  0.00473699  -0.0163235  0.0078034  -0.034978 
7 0.151854 0.559002 0.207742 1.92907 0.0506187  -0.0146187  0.0871969  0.109635  0.00835069  -0.0589277  0.0781921  0.0346531  -0.0395897  -0.0912874 
8 0.151517 0.893282 0.474968 1.89208 0.0786517  0.186343  0.168459  -0.302762  -0.18524  -0.0248718  -0.0145875  -5.46668e-05  -0.136942  0.103651 
10 0.0519269 0.497444 0.0276366 1.85442 0.0117875  -0.0137583  -0.0114895  -0.0040998  -0.00185164  0.0043563  0.00647768  0.00035421  -0.00170855  0.0148095 
11 0.137794 0.504283 0.102637 1.84072 0.0283691  -0.0242266  -0.0884262  -0.00356448  0.0205745  -0.0172487  0.0179762  0.00963471  -0.00729579  -0.0109825 
12 0.0874195 0.52579 0.11019 1.80531 0.0308151  -0.00511854  -0.0283156  0.0215207  0.0391611  -0.0540691  0.0162091  0.0328017  -0.062939  0.0120071 
16 0.0514742 0.498968 0.0324417 1.78195 0.00884589  0.00739589  -0.014019  0.018565  -0.000576126  0.00654194  0.00295505  -0.011599  0.0138291  -0.00082489 
17 0.0188235 0.725209 0.130144 1.76781 0.00057842  -0.0169113  -0.0593152  -0.0154199  0.0383323  0.0157165  0.0742064  -0.0551314  0.0432785  -0.0275616 
18 0.0159857 0.746572 0.125446 1.76253 0.0281133  0.00496461  0.0222912  0.00114371  0.0313533  -0.0688313  0.0683654  -0.0339615  -0.024006  -0.0479506 
19 0.0261747 0.497951 0.0110459 1.75802 0.00736975  -0.00107331  0.0035201  -0.00111429  0.00261586  -0.000276961  -0.00606033  0.00100354  -0.000355917  -0.00285179 
20 0.0580559 0.549316 0.112721 1.75066 0.0239606  0.0189062  -0.0126714  0.00225714  -0.0998065  -0.0166497  -0.0170877  -0.0325991  0.00392065  0.000463737 
24 0.0921768 0.569525 0.168274 1.73447 0.0377351  0.0264425  -0.0526908  -0.0447767  -0.0611754  -0.0480013  -0.00764498  0.0272875  0.119139  0.0191854 
25 0.029256 0.515775 0.0472729 1.70886 0.0118857  -0.0237019  0.00380154  0.00409871  0.0218578  -0.0232292  0.0159407  -0.0091452  0.00805529  -0.00896851 
28 0.0677805 0.513853 0.0760344 1.7004 0.0199663  -0.037118  0.0174361  0.00921614  -0.0337858  0.0115025  0.012013  0.0254791  -0.031481  0.0236123 
30 0.0542538 0.704053 0.210423 1.68101 0.00156301  0.0345613  0.0966789  -0.0695948  0.134829  0.045817  -0.0659797  0.0512184  0.0334504  0.0227422 
32 0.102439 0.503732 0.0787917 1.66522 0.0255635  0.00173737  -0.0531892  0.0256706  -0.00230927  8.57315e-05  -0.00615678  0.0162064  -0.0418604  -0.00231465 
35 0.0517113 0.506371 0.0505494 1.63567 0.0113869  -0.0145076  0.000391654  -0.00568606  -0.000684241  0.0153701  -0.0209204  0.00458478  0.0327414  -0.0203773 
36 0.0710164 0.499074 0.0458152 1.62019 0.0255126  0.00945905  -0.000958569  0.00829723  -0.0147961  -0.00397902  0.0197565  0.0238885  0.00939024  -0.00223489 
42 0.0411732 0.500889 0.030942 1.59888 0.00969727  -0.00841255  0.0188363  0.0131339  0.00479314  0.000879923  -0.00677834  0.00517427  0.0127142  0.00267916 
46 0.0371154 0.497761 0.0183762 1.58621 0.0099914  0.0063928  0.00544343  0.005041  -0.000639896  0.0102251  -0.00321469  0.000426279  -0.002476  -0.0045097 
48 0.0440297 0.504843 0.0419835 1.57468 0.0111563  -0.00642126  -0.011208  0.0297942  -0.00747005  -0.0037124  0.0147253  0.00716478  -0.0125899  0.0093457 
49 0.0443371 0.55389 0.101391 1.56094 0.0251769  -0.0531343  0.0076768  -0.0579461  -0.0267831  0.00155683  0.0199472  0.00171502  0.00381747  0.047656 
50 0.0297584 0.692124 0.15133 1.54698 0.015083  -0.0198087  -0.052054  -0.0756825  0.0333909  0.0180139  -0.0214708  0.002039  0.0960865  0.0520202 
52 0.276291 0.52148 0.224695 1.53747 0.0806414  0.0325875  -0.0335895  0.121042  -0.0338905  -0.012022  0.0445176  -0.0115398  0.140324  0.0635974 
54 0.0425318 1.21949 0.34491 1.45597 0.0604129  0.223296  0.0237176  -0.0572348  0.091218  0.0379326  -0.120853  0.00979561  0.0915206  0.169637 
55 0.0423279 0.520204 0.0648676 1.4416 0.0218535  -0.0148091  -0.0116722  0.0126405  -0.00221171  -0.0386825  0.0405116  0.00840683  -0.000231261  0.00132444 
56 0.0292063 0.660776 0.137419 1.42715 0.0454424  0.0177745  0.0324305  -0.0373143  -0.0613215  0.0242658  0.081941  0.0116003  0.0530819  -0.00657086 
59 0.112176 0.573019 0.191189 1.41703 0.00516726  0.0545909  0.0250836  0.101456  0.0152277  0.0296404  -0.0497489  -0.0559313  0.0214233  -0.124302 
60 0.0689105 0.501082 0.0500826 1.379 0.0201704  -0.0162121  0.0243778  0.0119275  -0.0241504  0.00161209  -0.00369434  -0.0191394  -0.00708643  -0.00927482 
62 0.0583552 0.499978 0.0400399 1.35462 0.0189901  0.00689944  -0.0167165  0.021138  0.00560391  0.0177461  0.00505427  -0.00676755  0.00701578  0.00134871 
64 0.0925313 0.568469 0.16752 1.33352 0.0482666  -0.0785114  -0.061002  -0.0557464  -0.0676262  -0.0531112  -0.0293458  -0.0421142  0.022331  -0.047041 
65 0.170062 0.493405 0.0904647 1.29992 0.0503806  -0.0198003  0.00681927  0.00767478  0.0231647  0.0334046  -0.0395099  -0.0264021  -0.00578935  0.0347001 
67 0.106587 0.506324 0.0876672 1.23804 0.0434398  -0.0181958  -0.0371019  0.0160212  -0.016007  -0.0128694  -0.0555816  0.0103359  0.00547161  -0.0136482 
68 0.0312552 0.519378 0.0534631 1.19643 0.0163909  0.00467967  -0.0266456  -0.0225679  0.0121401  0.0149635  -0.0202286  0.023725  0.00153604  -0.00165001 
69 0.0480915 0.558787 0.11014 1.1835 0.0367479  0.0504465  0.0260251  0.0252203  0.0120313  0.045929  -0.0379798  -0.0228273  0.0516105  0.00639285 
71 0.102583 0.501798 0.073947 1.16349 0.0236183  -0.000319365  -0.0113149  -0.00448141  0.00939166  0.00428467  -0.003654  -0.00020834  -0.0670763  0.0119557 
73 0.162728 0.543 0.192756 1.12074 0.0870609  0.0633076  -0.0537121  -0.0572059  0.0435732  0.121062  0.00564774  -0.0391458  -0.0324421  -0.0154454 
75 0.155667 0.551803 0.200679 1.05132 0.129484  -0.00285966  0.0210164  0.0111137  -0.118554  -0.00210549  -3.87983e-05  -0.0502766  0.0573684  -0.0552661 
76 0.0630534 0.512607 0.0703592 0.980104 0.045201  0.00774976  -0.0339018  0.00188787  0.0164019  -0.0233773  -0.00820309  0.00231503  -0.00250956  0.0282819 
79 0.0485262 0.533792 0.0867258 0.948397 0.0385277  -0.0478479  -0.0252988  0.00423124  0.0166296  0.0128175  -0.00710093  0.00585838  0.0505073  -0.00361626 
82 0.146271 0.620678 0.273075 0.923077 0.0834517  -0.0293803  -0.0673294  0.0412842  0.101151  0.14178  0.0374669  0.105106  0.0174013  -0.131977 
83 0.0288731 0.503107 0.027546 0.845907 0.0139075  -0.00541478  -0.0112032  0.00395928  0.000577658  -0.00693071  0.0121255  0.00653982  -0.0119831  0.0036191 
84 0.0511018 0.729318 0.216077 0.828911 -0.0444214  -0.00270277  0.0251549  0.0121384  -0.119722  -0.0423855  -0.0172989  -0.0132432  -0.154817  0.0579298 
86 0.0846395 0.723466 0.274287 0.798283 0.0776553  -0.091911  -0.0613217  -0.00317262  -0.135944  -0.0432765  -0.0335408  0.086974  -0.166255  0.0173625 
87 0.0449775 0.593041 0.131549 0.745659 0.0364003  -0.0736577  -0.0355209  0.0526335  0.00290797  0.00670811  0.0111809  0.0477435  0.019278  0.0607706 
88 0.0126145 0.529866 0.0396968 0.71555 0.0154888  0.0123892  -0.00373777  -0.00455886  0.00268865  -0.00217144  0.0221224  0.00498955  -0.0121779  0.0217519 
90 0.0263545 0.524206 0.0534425 0.706736 0.00733095  -0.0343763  -0.00685474  0.0129098  0.0305641  0.0108216  6.8878e-05  0.00133756  0.0117134  0.0147208 
92 0.115096 0.594407 0.216379 0.688087 0.107461  -0.0393343  -0.0793888  0.0739317  0.0712354  0.0270509  -0.0164274  -0.0264928  -0.1106  0.0542778 
94 0.0980916 0.838206 0.359046 0.603757 0.174816  -0.000305998  -0.0141441  0.202072  0.188978  0.095175  0.0201746  0.0458585  0.097028  0.0249921 
97 0.0660928 0.625478 0.184475 0.520527 0.0936412  0.00126983  0.098232  -0.00245156  0.0903997  -0.0386032  -0.0266648  0.0278534  0.000774948  0.06675 
99 0.00300168 0.638623 0.0408174 0.454916 0.0198864  0.012578  -0.0186763  -0.00877933  0.00631789  -0.0135166  0.0125273  -0.00783457  0.00874977  -0.0130008 
100 0.0230026 0.534569 0.0583257 0.451609 -0.00313723  0.023855  -0.00360071  0.00510713  -0.00872897  -0.00199684  -0.00284725  -0.0259205  -0.0336548  -0.0298519 
103 0.01621 0.572997 0.0694378 0.425687 -0.00850249  -0.00224227  0.0510502  0.011846  -0.0325414  0.0186243  -0.0086702  -0.00217688  0.0192782  0.0118524 
104 0.0527184 1.17857 0.37197 0.406361 -0.0380648  -0.0458248  0.236807  -0.0127265  -0.0688727  0.0626641  -0.0751402  -0.164164  0.110587  -0.15836 
107 0.01182 0.770774 0.11303 0.337273 -0.0418401  0.0409341  -0.0203406  -0.0196184  0.0234448  0.00607563  0.077664  -0.019018  -0.0302082  -0.025662 
112 0.0252554 1.25955 0.274548 0.319378 -0.0535155  0.0431047  0.113575  -0.114915  0.077665  -0.0871237  0.05006  0.0168592  -0.164286  -0.0338714 
113 0.023386 0.611549 0.102801 0.277598 0.0504149  -0.0213219  -0.0280476  -0.0301913  -0.0236486  0.0254805  0.00880952  -0.00826249  -0.0414718  0.0529082 
115 0.0132144 0.72621 0.109302 0.232259 0.0621967  -0.0426272  -0.0295846  -0.00222646  0.00941564  0.0103645  0.0116165  -0.0229786  -0.0636801  -0.0216122 
117 0.00178436 1.63381 0.0898819 0.20203 0.0369052  0.0312981  -0.00734595  -0.026803  0.00956911  -0.0331354  0.0218278  -0.0207045  0.014772  -0.0514972 
119 0.00113329 1.14163 0.0539123 0.197569 0.0115324  0.0159154  -0.0155701  0.0299107  0.0275573  -0.00060379  -0.0107365  -0.0194464  0.00833426  0.0077778 
123 0.00184173 2.82025 0.130548 0.194681 -0.0276284  -0.0516821  0.0503598  -0.00347212  -0.0604174  -0.0638486  -0.0473333  -0.00697119  -0.000735513  -0.0323063 
124 0.00312518 0.736663 0.0543841 0.189897 0.0270315  -0.0204504  0.0228728  0.0180455  0.00417243  -0.0249388  0.00834905  0.00141928  -0.0115384  0.010756 
125 0.000867712 0.508909 0.00559328 0.181495 0.00267902  -0.0017291  0.000324038  -0.00172053  -0.000656751  0.00173632  -0.00196703  6.32031e-05  0.00131088  0.00300247 
126 0.00298274 0.544907 0.0232247 0.17909 0.0022848  0.00168706  0.001342  -0.00446368  -0.0151553  0.000771545  0.000786499  0.00392456  0.00308523  0.0159303 
127 0.00122368 0.656082 0.027644 0.170572 0.0110224  -0.00621878  0.0113393  -0.00828902  0.0117052  0.00367129  -0.00868455  0.0103963  0.0083114  -0.00191376 
128 0.00239968 0.627251 0.0349667 0.166949 -0.0121762  -0.00939083  -0.0186129  0.00501611  -0.0197629  0.00712466  0.00495921  0.00636715  -0.00808942  0.00653569 
129 0.00279532 0.817141 0.0595267 0.159609 0.00239788  -0.0142126  -0.0252612  -0.00438171  -0.0249924  0.0186967  -0.0200991  0.0220226  -0.0138963  0.0249418 
136 0.00599525 1.2373 0.132693 0.150611 -0.0157783  0.0562535  0.0192453  0.0572817  0.0113548  -0.0269901  0.0146154  0.0554641  0.0615846  -0.0510159 
137 0.00277354 0.567366 0.027388 0.129253 0.00683433  0.00315511  0.00212676  0.003896  0.0113547  0.00711458  -0.00754062  0.000276367  0.0184954  0.00975558 
138 0.00101361 0.772892 0.0332599 0.118053 0.00722185  0.004099  -0.0102271  0.00586856  0.000437169  -0.0104937  0.0182697  -0.00161046  -0.0212191  -0.00114017 
139 0.00203224 1.16527 0.0734907 0.113682 0.0129599  -0.00705104  0.00467141  -0.0248639  -0.0254476  0.0313446  0.00430642  -0.00352485  0.0518836  0.0137922 
140 0.00297109 1.16198 0.088613 0.104371 0.0104588  -0.0174683  -0.0434696  -0.00211428  0.021812  0.0355409  0.033212  0.00514168  -0.0506397  0.0105301 
141 0.000184287 3.59349 0.0477443 0.0890316 0.0307613  0.0067761  0.0055439  -0.0303026  0.000768939  0.00743473  -0.002104  -0.00714862  0.00211885  0.0149155 
146 0.00125748 0.679961 0.0300883 0.0879906 -0.000777581  -0.00211584  0.00491443  0.00384932  0.01547  -0.00749668  -0.0148019  -0.0185877  -0.000795436  0.000708814 
147 0.000884497 1.20932 0.0500807 0.0805336 -0.00618287  0.00801609  -0.00320393  0.00772159  0.0154197  -0.01853  0.00230429  0.0121605  -0.00527569  0.0396681 
149 0.000236617 0.516159 0.00391413 0.0748435 -0.000697995  -0.0010301  -0.000507044  0.000937795  -0.00128838  -0.00129937  -0.00150178  0.000429868  -0.0020998  -0.00156139 
150 0.000580074 2.29779 0.0645614 0.0732459 0.0228977  -0.0100188  0.00296288  0.0104271  -0.043074  0.0220875  -0.0081178  0.00830183  0.0289555  0.0104655 
152 0.000621841 1.04551 0.0368298 0.0691741 -0.0119683  -0.00541384  0.00344968  0.0132667  -0.0203232  -0.0148098  -0.0035324  -0.00760946  -0.00184019  -0.0170249 
155 0.00200648 0.664826 0.0363778 0.0645245 -0.00357169  0.004635  -0.00669972  -0.0106994  0.0140377  -0.0243923  -0.0122361  0.00632147  0.00844794  -0.00875479 
161 -3.03511e-05 -0.573084 0.0114139 0.0464644 -0.00388965  -0.00369633  -0.00439743  -0.00226478  0.00362741  0.00284982  0.000713397  -0.00584022  -0.000280122  -0.00458731 
162 6.08886e-05 5.00209 0.0331107 0.0467899 0.0158056  0.0138594  -0.0119604  0.00106806  -0.0094169  -0.00467845  0.00381364  0.00866344  -0.0119865  0.0128992 
163 -0.00017698 0.12044 0.0163929 0.0461347 0.00931527  0.00235313  0.00042417  -0.00586967  0.00257279  -0.00395065  0.00666755  0.00207342  0.00474142  -0.00695132 
164 5.25146e-05 2.98096 0.0228276 0.0480146 0.00864985  0.00247467  -0.00831409  -0.00269877  0.00651646  0.0106879  -0.00567882  -0.00388354  0.00874604  -0.00912308 
165 8.3419e-05 0.509812 0.00181034 0.0474646 -0.000186742  0.000103734  0.00109623  0.00106348  -0.000307674  -0.000751196  -0.000411992  0.000211941  -4.3303e-07  -0.000159266 
167 0.000864717 0.639341 0.0219568 0.0465776 -0.0116547  0.00565363  0.00690274  0.0101966  0.00889032  0.000493853  -0.00344522  -0.00685509  -0.00238403  0.00434263 
171 -6.62224e-05 0.492615 0.00139943 0.0361266 3.59929e-06  0.000286721  -1.43822e-05  -0.000722722  -0.000897966  -0.000280635  -0.000386485  9.93257e-05  0.000128241  0.000541167 
173 1.49598e-05 1.3375 0.00707921 0.0370318 0.000522837  -0.000259957  -0.0015824  -0.000293082  -0.0006075  -0.0015252  0.00320009  0.000754305  -0.00578326  0.000483116 
175 -0.000145476 -1.84972 0.0369756 0.0368293 -0.00807275  -0.00738314  -0.0136006  -0.00138859  0.0116156  -0.0200374  -0.016844  -0.00214714  0.00300961  -0.0150599 
176 0.000228938 0.672046 0.0125522 0.0387542 0.00162671  -0.00654223  0.0035096  0.00084818  0.00483036  0.000472929  -0.00708115  0.000739356  -0.00245954  0.00433339 
177 0.000698167 0.765321 0.0272189 0.0356787 0.00133974  -0.00699766  0.0119051  0.0149583  0.00805546  0.00402904  0.0136232  -0.00050871  -0.00478626  -0.00589419 
180 -0.000142136 0.274177 0.0113317 0.0239802 -0.00667753  -0.00508539  0.000920583  0.00261152  -7.37641e-05  0.00119873  0.00671297  0.000220589  0.00165652  -0.000994856 
181 -3.05905e-06 -14.2449 0.013432 0.0267805 0.00314754  0.00508966  -0.00267246  -0.00240121  0.00494326  -0.00774002  -0.00122156  0.00481859  0.00202841  0.00430455 
184 -8.8217e-06 0.493204 0.00048974 0.0268376 -0.000204139  -0.000186408  0.000121594  0.000125941  8.80587e-05  -0.000250845  -0.000208548  4.45617e-05  9.43121e-06  0.000128584 
188 -2.78061e-05 0.469442 0.00184371 0.0270014 -0.000897473  4.64062e-06  0.00077462  0.000258722  0.000569538  0.000273467  2.31207e-05  0.000570293  0.000890871  -0.00063892 
190 8.16862e-05 0.991764 0.0126758 0.0275115 0.00829447  -0.00532871  -0.00127024  -0.00219367  -0.000558367  0.00316603  0.00301797  0.0053879  0.0029289  -6.57485e-05 
191 -0.00026813 0.302063 0.0145723 0.0259846 0.00146495  -0.00586197  -0.00227408  0.00102945  0.00529106  0.00283892  -0.00230703  0.00382793  -0.010149  -0.00325243 
192 0.000125256 1.46821 0.0220237 0.0307143 0.00591222  0.0108724  0.0101713  0.00883051  -0.00725897  -0.00874884  5.13054e-06  -0.0042181  0.000369671  0.00181171 
194 -0.000100412 0.194219 0.0110827 0.0286028 0.00141299  -0.00324743  -0.00515992  -0.00313438  -0.00270698  0.0016301  -0.00319939  -0.00188268  -0.00160035  -0.00689258 
197 4.48184e-05 0.535493 0.00252267 0.0303073 -0.000823659  -0.000100969  -0.0012218  -0.000621448  -0.000605279  0.0010639  -0.000808114  0.0010874  -0.000561039  -0.000384436 
198 -3.41486e-05 0.493194 0.000964494 0.0295587 -5.31147e-05  0.000207295  -0.000137668  -0.000280561  -0.000247459  -0.00049186  5.98345e-05  5.91286e-05  -0.000596773  -0.000347005 
201 -0.000427895 0.403668 0.0128454 0.0301308 0.00267824  -0.00216589  0.00167429  0.00443369  -0.00527535  -0.000373157  0.00235406  -0.00711656  0.000512119  -0.0068015 
203 -2.43041e-05 0.496834 0.000555074 0.0365493 9.20831e-05  -7.50893e-05  -8.59874e-05  8.55444e-05  -0.000208788  -8.81431e-05  -5.23547e-05  -0.000356755  0.000126166  -0.000286326 
204 -5.64224e-05 -5.99099 0.0382717 0.0368803 0.0110506  0.00754546  0.00130207  -0.00132073  -0.0215505  0.0179808  -0.000417242  -0.00870557  -0.00538202  0.0197376 
206 3.32946e-05 0.546652 0.00249269 0.0376375 -0.00112429  -0.000637585  0.00061649  -8.03322e-05  0.000120059  0.00141295  0.00116701  -0.000530281  0.000508335  0.000494089 
207 1.98612e-05 0.632882 0.00324913 0.0371926 0.00203533  0.000583781  -8.01066e-05  0.000450161  0.000522488  -0.000422548  2.37406e-05  0.00103006  0.00207741  -0.000188808 
208 -2.28621e-06 0.499317 7.9039e-05 0.0369246 1.48736e-05  3.70149e-05  -1.89113e-05  -1.29554e-05  2.58145e-06  -3.07062e-05  2.08487e-05  -3.50706e-05  -1.29572e-05  -3.67196e-05 
209 -0.000469277 0.212631 0.0232298 0.0369555 0.00233959  -0.00208188  0.0136218  0.00917158  0.0115791  0.000446798  0.0102388  -0.00176131  -0.00193941  0.0037644 
210 0.000170448 1.3417 0.0239539 0.0428381 -0.00534553  -0.00282301  -0.00392057  0.00495068  0.00178623  -0.00523479  -0.0079998  -0.00588589  0.0129974  0.0141138 
211 0.00113544 0.754501 0.0339957 0.0408003 -0.0141205  0.0103164  -0.00653617  -0.0157398  -0.00373024  -0.00450694  -0.000643659  0.0227441  -0.00129391  0.00241062 
213 -2.58032e-05 0.216178 0.00541245 0.0230189 -0.000449685  0.00151405  -0.00280602  -0.00331482  0.000443336  0.000721708  0.00233309  0.000614669  0.000711514  0.000945277 
214 -0.000269804 0.375172 0.011609 0.0235727 -0.00549529  0.00766946  0.00126228  0.000445838  0.00214142  0.000674946  0.00373258  -0.0024236  -0.00362043  0.00245004 
215 4.46916e-06 0.830645 0.00243122 0.0287317 -0.000640734  -0.00149183  -2.48629e-05  -0.00102909  0.00046916  0.000271162  -4.39699e-05  0.00024357  0.000788631  0.00111276 
217 9.22515e-05 3.4223 0.0328353 0.0286539 -0.00216783  0.00324378  -0.00267028  -0.00504402  0.00162675  0.0179063  -0.0171829  -0.00780594  0.00583328  -0.0178008 
220 6.16292e-05 0.568953 0.00412303 0.0269962 -0.00120767  -0.00122035  -0.000979273  0.00102758  -0.000854777  -0.000532883  -0.00133837  0.00191179  0.00143368  0.00187631 
221 -9.08682e-05 -0.0576957 0.0142378 0.0258296 -0.00306391  0.0015418  0.00682868  0.00860827  -0.00619902  -0.00257304  0.00365949  0.00311615  0.00142635  0.000180372 
222 0.000211353 0.651546 0.0113193 0.0275326 0.00213554  -0.00266405  -0.00298314  -0.00320173  0.000574101  0.00058648  -0.00192997  0.00786492  -0.00548986  -0.000961357 
223 2.70198e-05 0.620231 0.00360481 0.0233819 -0.000701049  -0.00124935  0.000775511  0.00132577  0.000881506  -0.000269145  -0.000308265  0.00121055  -0.00183116  0.00167933 
224 -0.000267574 0.209385 0.0176383 0.0227967 0.00311461  -0.00488636  0.00025773  -0.0099685  -0.0057612  -0.0023282  -0.00208388  -0.00502602  -0.00632848  -0.00835645 
226 0.000181234 0.672362 0.0111783 0.0280589 0.00383755  -0.00346067  -0.00147096  -0.00392272  0.00408352  -0.00293558  -0.000263909  0.0011888  0.0056174  0.00472963 
227 -1.81443e-05 0.488823 0.000900759 0.0246188 0.000229818  0.000704316  6.93859e-05  -0.000281418  7.38945e-05  -0.000238791  -0.000315277  0.000109979  -5.73887e-05  -3.47531e-05 
229 -8.66465e-05 0.384514 0.00632701 0.0249846 0.00137238  -0.00147555  0.00307522  -0.00278295  0.000951082  -0.00100351  0.00327646  -0.00135462  -1.56711e-05  0.00207039 
231 -2.97014e-05 0.37531 0.00384896 0.0266623 -0.00133746  -0.000835624  -0.000177356  0.000178693  -0.00171312  -0.00268227  -0.00022731  2.08581e-05  -0.00122529  -0.000762396 
232 -2.12803e-05 0.319305 0.0039219 0.0272136 0.000424177  -0.00111905  -0.000557819  -0.00141513  0.00125512  0.00238697  -0.00111985  0.00057553  0.000656375  -0.00153176 
233 -0.000429687 -0.296704 0.0370066 0.0276018 -0.0198793  0.00979127  -0.0112662  0.00744257  0.00994856  -0.00219759  0.0148776  -0.0186478  0.00058669  -0.0047832 
234 0.000162015 0.637156 0.00942816 0.0345201 -0.000550647  -0.00317226  0.00230583  0.00185411  0.0030486  0.00374085  -0.00478615  0.00191823  0.00261625  -0.00361246 
235 0.000230489 0.648064 0.011684 0.032088 0.00503119  -2.62588e-05  0.00175507  0.00580676  0.00240492  -0.00228995  -0.00720193  -0.00201805  0.000835397  0.00259589 
242 9.79628e-05 0.839493 0.0115337 0.0282697 0.00073728  0.00050766  0.00469296  -0.000660597  0.00183252  -0.00265356  -0.000671013  0.00807688  0.00379406  -0.00439144 
243 -8.38936e-05 0.301959 0.0081525 0.0264805 -0.00061524  0.00486558  -0.00111143  0.00474081  -0.00157443  0.000183048  -0.00220262  0.00158685  -0.00135805  -0.00264087 
244 -0.00103877 0.17486 0.0367694 0.0280199 -0.00643789  -0.00679769  -0.00342835  -0.0144219  -0.0107707  0.00498279  0.0259654  -0.00576459  -0.013767  -0.00260619 
246 2.91482e-06 2.3669 0.00466546 0.0427132 -0.00220023  -0.00143928  -0.00109474  -0.000381498  0.00111168  0.00121004  -0.00257888  -0.00147349  6.24681e-05  0.00140866 
247 0.000276073 0.5666 0.00857746 0.0426791 0.00492077  0.000442969  0.000912324  -2.68856e-05  0.00227245  -0.00240053  -0.000356895  0.00268348  0.00407494  -0.00367008 
248 0.00048981 0.774556 0.0231921 0.0393125 -0.00100953  0.00205629  -0.00195417  0.00767549  0.0073044  -0.0114197  -0.00105805  0.00126409  0.0014124  0.0167755 
249 4.23084e-05 0.558767 0.00315374 0.0324928 0.000516656  -0.000301366  -0.00241251  0.00160098  0.00061575  -0.000218473  0.000380112  0.0003538  0.000354472  0.000618669 
251 0.000209891 0.719 0.0135596 0.0318351 0.000240298  -0.00367976  0.00187966  0.00792474  -0.00135097  -0.00256068  -0.00267608  0.00344968  0.00745384  0.00457451 
254 0.000194913 1.16979 0.0228504 0.0283479 0.0112688  0.00566488  0.00725059  0.0100037  -0.0015074  0.00670871  -0.00110556  0.00463679  0.0044028  -0.0110015 
255 -1.93346e-05 0.448033 0.00200481 0.024672 -9.18317e-05  5.50514e-06  -0.000398562  0.000187465  -0.000125828  0.000178823  0.000678302  -0.000414595  -0.00128989  -0.00121376 
257 1.50292e-06 26.5198 0.0125068 0.0250608 -0.00345548  -0.00664571  -0.00265263  -0.00340134  -0.00110581  5.07736e-05  -0.00175249  -0.000639645  0.0081441  0.00326735 
261 7.97229e-05 0.781433 0.0094734 0.0250308 -0.00338821  -0.00426239  0.00139364  -0.00515245  -0.00119032  0.00348805  -0.00224443  -0.000737057  -0.00201329  0.00289655 
262 -0.000429533 0.301969 0.0184498 0.0233842 -0.00417107  -0.00397905  0.0061879  0.00456595  0.0127588  -0.00512372  0.00310085  0.00145144  -0.0047766  0.00494466 
263 0.000248315 0.894278 0.0197885 0.0312482 0.00271451  -0.00210033  -0.0131003  -0.00837563  0.00394036  -0.00197731  -0.0106575  -0.000438466  -0.00157865  0.00152723 
264 -0.000314164 0.0504067 0.0237715 0.0269845 -0.00209519  0.013453  0.0113073  0.00372336  0.00629258  0.0108339  -0.00440842  -0.0021763  -0.000821095  -0.00749521 
270 0.000177296 0.887711 0.0165813 0.0322859 0.00291859  -0.00374224  -0.00573568  0.00530545  -0.00464965  -0.00584308  0.000412166  -1.05579e-05  0.0069237  0.00935431 
271 0.000123452 0.941011 0.0147568 0.0294125 0.0105493  -0.00300468  0.00370194  0.00611887  0.00100345  0.000562425  -0.00304705  0.00414706  -0.00418895  -0.000973411 
273 -6.16258e-05 0.38828 0.00524804 0.0272333 -0.00143587  0.000138556  0.000817432  0.00179649  -0.00070526  -0.00294895  0.00282242  0.00176721  0.00112694  -0.00011258 
274 -0.000418117 0.449182 0.00922472 0.0283422 -0.00466576  -0.000384344  0.00200449  0.00235008  0.00268961  -0.00532522  0.00375525  -0.000111738  0.00198213  4.87085e-05 
275 -1.11991e-05 -0.504507 0.00670809 0.0349497 -0.00513608  0.00288128  -0.000199994  0.000412619  -0.00224836  0.000547381  -0.00154001  0.00105202  -0.00108191  -0.000321541 
276 -7.86155e-05 0.214178 0.0094808 0.0351096 -0.000218593  -0.00100947  4.16781e-05  -0.00572467  0.00466405  0.000111386  0.00432865  0.00176575  0.000269149  0.00351453 
278 0.000396624 0.755096 0.0201168 0.0362119 0.00583733  -0.000456797  -0.00282896  -0.0105705  -0.0016055  0.0014545  -0.00825211  -0.0119448  -0.00282002  -0.0052193 
281 0.000187441 0.661323 0.0109981 0.0302449 -0.0047264  0.00040495  -0.000942841  0.000522069  -0.00587949  0.000456221  0.00146451  0.00156954  -0.00660405  0.003781 
282 -0.000403285 0.43241 0.0104467 0.0269691 -0.00416145  -0.00201898  0.003716  0.0030608  0.00183555  0.00145813  -0.00209177  -0.00425098  -0.00603521  -0.000444687 
284 -0.000141079 0.457366 0.00490618 0.0336259 -0.00224507  0.000327087  -0.000248162  -0.000226373  0.00120222  0.000448648  0.00157095  -0.00239206  0.00247385  -0.0016894 
285 0.000268871 0.541884 0.00671381 0.0356621 0.00186124  0.00123736  -0.00163548  -0.00384529  -0.00394258  0.00121274  0.000469966  -0.000627368  0.00174488  -0.0013947 
288 -0.000522458 0.410615 0.0136741 0.0316694 -0.00205969  -0.00455161  0.00382543  0.00269208  -0.0029235  -0.00341333  0.007598  -0.00749796  0.00175816  0.00170363 
290 -0.000266646 -0.106969 0.0254451 0.0390583 -0.00135757  0.0012757  0.00730903  -0.00375718  -0.0151485  -0.00845172  0.007314  0.0103042  0.0103806  0.00284745 
291 0.000580248 0.930705 0.0316136 0.0423347 0.0194191  0.0146076  -0.00118522  -0.00892269  -0.0017973  0.0109343  0.00264251  -0.0035139  -0.00725452  -0.0115397 
295 3.79198e-05 0.636088 0.00454335 0.034816 -0.00110023  -0.000316919  -0.000833881  0.000764342  -0.00124161  0.0027205  0.00220118  0.00117494  0.000266052  0.00167701 
298 -0.000130579 -0.449392 0.0222686 0.0342671 -0.00429055  -0.00897368  -0.000183342  0.0075418  0.00559792  0.000456211  -0.00394515  -0.00702259  -0.00472259  0.0148767 
300 -0.00116336 0.31926 0.0290197 0.0361223 -0.00126059  0.0150679  -0.00512801  0.00197402  -0.00773844  -0.0141887  0.00277026  -0.011953  -4.09673e-05  -0.0130984 
301 0.000140009 0.579764 0.00668412 0.0496876 -0.000528032  -0.000637158  -0.000853721  -0.001594  -0.00291783  0.000820592  -0.00525175  0.000212963  0.000816206  -0.00180097 
304 0.000469501 0.961551 0.0294382 0.0482582 0.016398  -0.000303406  -0.00652885  0.00444301  0.00333731  -0.0148451  -0.00391849  0.0163782  0.00438668  0.000946342 
305 0.000159162 0.54187 0.00516403 0.0431215 -0.00087061  0.00128728  -0.00076499  -6.60311e-05  0.0018112  0.00104637  0.00139742  0.00363364  0.00188973  0.000748356 
307 0.000553843 1.19386 0.0391994 0.0412349 -0.0092504  -0.00528571  -0.00506006  -0.0109691  0.0129007  0.0265628  -0.00812906  -0.000270419  0.0169959  -0.00708006 
308 0.000275675 0.646871 0.0127266 0.0338619 -0.000802993  -0.00592865  -0.00517912  -0.000638064  -0.00436565  0.00580116  0.00158692  0.00369372  -0.0034446  -0.0042665 
309 -0.000458359 0.367547 0.0155884 0.0295126 -0.00770638  0.0018743  -0.00591619  -0.00116319  0.0102498  -0.00239182  0.00409833  -0.002934  -5.36978e-05  0.0027488 
311 0.000145911 0.606879 0.00789843 0.0364617 0.00632813  0.00170514  -0.00201307  0.00114211  -0.000420448  7.98656e-05  -0.00020578  0.00103136  -0.0025677  -0.00248863 
312 0.000575209 0.697277 0.0213052 0.0344028 -0.000906642  -0.00516743  0.00881089  0.00138078  -0.0121008  0.000120086  -0.00546927  0.0106263  -0.00506236  -0.00565194 
313 1.05612e-05 0.896435 0.00409235 0.024668 0.000575496  -0.000168003  0.00189816  -0.000616661  -0.000836458  -0.00150569  0.00284984  0.000407176  -0.000897691  -0.000587028 
314 -0.000160583 0.109953 0.0158292 0.024453 -0.00357579  -0.000466757  -0.00195617  0.00729144  0.00659435  -0.00861914  0.000429546  0.00743037  0.00213982  0.00167911 
315 -8.75498e-06 0.39363 0.00193006 0.0275417 0.000784611  -0.000604744  -6.67863e-05  -0.000375697  -0.00021111  -0.0002025  0.000809044  -0.000740632  -0.000379212  -0.00107968 
320 1.70905e-05 0.752335 0.00415332 0.0277002 0.000814666  0.000645064  -0.000137189  0.00224376  -0.00016218  0.00176887  -0.00145236  0.00123683  0.00183878  0.000970352 
321 6.22012e-05 1.49161 0.0157068 0.02739 0.0020681  -0.00149511  -0.00600565  -0.00630894  -0.00658468  0.00645479  -0.00804119  0.00231059  -0.00301513  0.000455055 
322 -7.61834e-05 0.26011 0.0085503 0.02623 -0.00242306  0.00156916  -0.00128524  0.00116846  -9.54804e-05  -0.0040376  -0.0043949  -0.00334919  0.00129542  0.00363804 
324 -0.000389919 -0.581908 0.0410789 0.0276441 0.000482386  -0.0151919  0.0210997  0.0161589  0.00926144  0.00696428  -0.00983234  0.00644747  -0.0215557  0.00360203 
326 -1.95384e-05 0.480278 0.0012416 0.0339734 0.000202412  0.000337757  0.00106317  -6.73701e-05  0.000169921  -0.000123759  -6.89912e-05  0.000229558  0.000191803  -0.000336479 
327 -0.00015963 -0.539128 0.0257587 0.0342598 0.00936179  0.0037287  -0.00260407  -0.00673493  0.0139431  0.0100853  0.00902833  0.00902698  -0.00333897  0.00628942 
328 0.000178353 0.947944 0.0178758 0.0365154 -0.00534474  -0.00955427  0.00255518  0.00720259  -0.00417768  -0.00281629  0.00693599  -0.00685022  0.00449417  0.000819358 
330 -0.000611937 0.401482 0.0155371 0.0339858 -0.0111663  -0.00663503  0.00202387  -0.000491141  -0.0045574  0.00236882  -0.00135731  0.00615218  0.0014328  -0.000478647 
332 0.000280507 0.532915 0.00607988 0.0420376 0.00357715  0.00144924  0.000675715  -0.0032211  -0.00209448  0.00184339  0.000726163  -0.00142644  -0.000342248  -0.000878878 
335 7.93422e-06 0.504438 0.000375333 0.0385577 2.25996e-05  7.1483e-05  -0.000243486  7.33042e-05  0.000120852  4.94408e-05  -9.8012e-05  -8.05328e-05  0.000188696  -4.29821e-05 
337 -0.00107093 0.279951 0.0307181 0.0384546 -0.00516189  0.00534345  0.0236916  -0.00455009  0.00995696  -0.0113344  -0.00163212  -0.00335505  0.00401178  0.00698441 
340 0.00092516 0.762033 0.0311376 0.0505002 0.0027942  -0.00644008  -0.0230458  0.000697687  -7.56093e-05  0.0127301  0.00814539  -0.00682023  0.00358029  -0.0100465 
342 0.000639797 1.50153 0.050613 0.0403179 0.0166753  0.0247252  -0.0216264  0.0102096  -0.00684902  -0.0256864  -0.0153359  -0.00221962  -0.0107308  0.00619416 
344 -6.79037e-05 0.472263 0.00274524 0.0313997 -0.000795053  0.00137855  0.00104652  0.000821979  0.00151969  0.000112154  -0.000596503  -0.000712383  -0.000208923  6.28538e-05 
345 -4.31468e-08 -3.85096 0.000866556 0.0324631 0.000264459  -0.000387801  0.00019673  0.000319715  -6.26594e-05  0.000430591  -0.000324204  7.90922e-05  0.000291378  6.38138e-05 
348 -4.05435e-05 0.393839 0.00414943 0.0324637 -0.000982018  0.000878552  0.00116769  0.000535356  -0.000105555  -0.00122509  0.0015814  -0.000518684  -0.00288835  -0.00109866 
350 0.000153967 0.921665 0.0161144 0.0330823 -0.00412106  0.0043911  -0.00351302  -0.00290152  0.00334053  0.0114404  0.00682938  0.00112848  -0.000544984  0.00352068 
