generation s h r distopt trait[0] trait[1] trait[2] trait[3] trait[4] trait[5] trait[6] trait[7] trait[8] trait[9] 
2 9.12701e-05 0.881371 0.0117994 0.02 0.00221649  -0.00531898  0.00484082  -0.00365409  0.000221318  0.00669218  -0.00355951  -0.0010007  -0.00236946  0.00226188 
3 -6.70302e-05 0.452515 0.00356853 0.0357525 -0.000845273  0.000568764  -0.00152652  0.00217221  0.00124707  0.000990028  -0.000550803  -0.000537238  -0.000974824  0.000755018 
5 0.00172731 0.636314 0.0306984 0.0758433 0.00171044  -0.016153  0.00168854  0.00985498  -0.00713187  -0.00552949  0.0131886  0.00768524  -0.00279414  -0.0160102 
6 0.000749979 0.518374 0.0074419 0.0825029 0.00332808  -0.00467522  0.0023157  -0.00132108  -0.00138257  0.00227579  0.00183421  -0.00065795  -0.00193078  -0.000851145 
7 0.0035801 0.7164 0.0556649 0.097024 0.0207035  -0.0285921  -0.00754121  0.0115538  -0.00689815  0.00666316  -0.0148644  0.0336832  0.0124967  0.00764331 
9 0.00887418 0.849629 0.111247 0.110481 0.0571938  -0.0766708  0.00580727  -0.0164553  0.00339582  0.0166896  -0.0242441  -0.0364162  -0.019607  -0.0182589 
13 0.00101981 1.05946 0.0477585 0.10425 -0.0227612  -0.0253519  0.0219576  0.0040872  0.0150723  -0.00552526  -0.0113416  0.0102572  -0.00316102  -0.0109413 
14 0.00506536 0.90036 0.0899776 0.114605 0.0476972  -0.0153632  -0.0457891  -0.0404037  -0.0124069  -0.0124497  0.0277511  0.0196817  0.00823735  0.0179317 
15 0.00321231 0.576161 0.0313379 0.104258 0.00515362  -0.0158962  -0.00047665  0.00219689  0.00784065  -0.00353256  0.00531611  -0.0218467  -0.00569184  -0.0092666 
17 0.00787519 0.665186 0.0721837 0.119606 -0.00718713  -0.0630654  0.00045867  -0.0026206  -0.0275573  0.00296311  -0.0140963  0.00974387  0.00990327  -0.00382164 
22 0.0112713 0.622146 0.0743986 0.16114 0.0114899  -0.0438957  -0.00230672  0.0479507  -0.0175062  0.00665481  -0.0102025  -0.0240917  0.00134434  0.0116037 
24 -6.46891e-05 0.136719 0.00969564 0.156728 0.000668105  0.00131988  -0.00414526  -0.00374156  0.000652134  -0.00108081  0.00224289  0.00699007  0.000259403  0.00225437 
28 0.00542816 0.827729 0.0842909 0.232367 -0.00163195  -0.029771  0.0299944  0.0158163  0.00458947  -0.0191937  -0.00114498  0.0582473  -0.0219436  -0.0283042 
29 0.0132932 0.587841 0.0687344 0.238426 -0.0254243  -0.052299  -0.0223887  -0.00587803  0.0157483  9.10234e-05  0.010301  0.0113564  -0.00216762  0.0178673 
34 0.0200849 0.665987 0.115666 0.298756 0.0254974  -0.0351397  -0.0523698  -0.0701794  0.0410221  -0.00987574  0.0332467  -0.0306255  0.00101407  -0.00118883 
39 0.00331569 0.706781 0.0523688 0.355722 0.0193672  0.000142642  -0.00573293  -0.0265655  -0.00130122  0.0287984  -0.0113256  -0.0188534  0.0139444  -0.0109352 
40 0.00296181 0.545897 0.023394 0.369825 -0.00152864  -0.00490808  0.0138577  -0.0015906  0.00290882  -0.000238124  -0.0139427  0.00927709  -0.00462071  -0.00399433 
41 0.00292502 1.50098 0.108082 0.384705 -0.00226088  -0.00620704  0.00688242  0.0913723  -0.00916618  0.00853123  0.0329863  0.0257714  -0.0279678  -0.0234625 
43 0.0112426 0.519746 0.0307479 0.418876 0.006899  -0.0132116  -0.00306553  0.0143871  0.0170516  -0.0110676  0.00453617  -0.00644267  0.00495777  -0.00264442 
44 0.0168535 0.543602 0.0552581 0.42435 0.00354344  -0.0163473  0.0039835  0.00504206  -0.00185571  0.0235135  0.0197329  -0.0283415  0.0118515  0.0290337 
47 0.00200033 0.506583 0.00739005 0.46214 -0.00452799  -0.00472373  7.86623e-05  0.000861998  -0.00195483  0.00135353  -0.000740254  -0.00135106  0.00172266  -0.000230267 
48 0.017467 0.533168 0.0494631 0.479382 0.0123432  -0.0116849  0.00264019  0.0173333  0.00766676  -0.0227554  -0.0194953  -0.0142617  0.0258479  0.00470405 
50 0.0213877 0.558623 0.0719931 0.500114 -0.00225771  -0.0286622  -0.00341289  -0.0195261  -0.0145577  0.023671  -0.0266019  -0.0143338  0.0439049  -0.0187207 
51 0.0133876 0.515117 0.0298748 0.497935 0.00694768  -0.0109211  0.017  -0.000612598  0.00947395  -0.00417807  -0.00425488  -0.0160101  0.00620323  0.00393317 
54 0.0270059 0.521058 0.0509795 0.543021 0.00700506  -0.0293951  0.00661047  -0.00305317  -0.0254958  0.0214154  -0.0149453  -0.00775449  0.0138311  -0.00702148 
55 0.0104079 0.55585 0.0486418 0.537315 0.00192504  -0.0158874  0.010058  -0.00588781  0.0259302  0.0161586  0.0109124  0.00337484  -0.00555272  -0.0296531 
62 0.0373449 0.575955 0.108604 0.663191 0.0218204  -0.0210038  -0.0192215  0.0664279  -0.0371782  -0.0230781  0.00639153  -0.0347417  -0.0296502  0.0453168 
63 0.0353665 0.523567 0.0622779 0.654457 -0.000272817  -0.0325944  0.0226028  -0.0125641  0.0298313  0.0305303  0.0171767  -0.00493016  -0.002157  0.00114908 
64 0.0187899 0.593456 0.0844155 0.646773 0.0206638  -0.0172405  -0.00767966  0.0164618  -0.0383284  0.0212997  0.015468  0.019076  0.0595174  -0.00188882 
68 0.00350616 0.802191 0.0650737 0.709162 0.0178322  0.0034848  0.00599288  0.00786627  -0.00904273  0.0225836  -0.0137607  0.043988  0.00367766  0.0328183 
74 0.0273191 0.504386 0.0289131 0.823021 -0.00688048  -0.0217862  -0.00240562  0.00814781  -8.69103e-05  -0.00843339  0.000599376  0.00565171  -0.00259675  -0.0114735 
77 0.00759228 0.514536 0.0216416 0.864921 0.00704771  -0.00192151  0.010893  -0.00317027  0.00892406  0.00191247  0.0115693  -0.0065572  0.00500781  -0.00103371 
78 0.0222965 0.531687 0.0551096 0.88006 -0.00907431  -0.0196834  -0.0143194  -0.00765974  -0.040524  -0.00799574  0.0159504  0.0169574  -0.00309496  -0.00677458 
80 0.109245 0.501422 0.0772092 0.906442 0.031375  -0.0519855  0.0106941  -0.0192284  -0.012854  0.00648212  -0.00945969  -0.0305573  -0.00494605  -0.0231375 
81 0.0201502 0.518796 0.0412135 0.866803 0.00291781  -0.0136835  -0.00171504  0.0137948  0.018204  0.00784681  0.0157402  0.0237161  -0.00630289  -0.00816523 
84 0.0207426 0.506465 0.0272321 0.913628 0.00736433  -0.00839011  -0.0118741  0.00521994  -0.00190854  -0.00145311  -0.0118663  0.0105722  -0.00405594  0.0131883 
85 0.00144773 0.554891 0.0178515 0.921848 -0.0098891  -0.00358541  -0.000514214  -0.00257845  0.00775349  -0.00338635  -0.00281564  0.00101714  -0.0104121  -0.00348637 
87 0.0338689 0.502463 0.0297122 0.960223 0.00228489  -0.02056  -0.00897243  0.00845259  0.00994459  -0.000293814  0.0103097  0.00926916  0.00337923  -0.000568504 
90 0.0426777 0.513327 0.0556796 1.00142 0.00408239  -0.0236182  -0.000925062  -0.00159442  -0.020078  0.0205297  -0.00212315  -0.027486  -0.00826477  0.0294863 
91 0.00075764 1.11473 0.0431524 0.999879 0.0162172  0.0120092  0.000708724  -0.01608  -0.00433554  -0.014901  -0.0166755  -3.13459e-05  -0.0184177  -0.0183772 
92 0.0188548 0.516099 0.0371098 1.01917 0.00244313  -0.0105556  0.00445298  0.0175265  0.0156414  0.0095704  0.0094726  -0.00204721  -0.020673  0.00867175 
93 0.0543848 0.511017 0.0611115 1.02961 0.0257475  -0.0160122  -0.0226521  -0.00120089  0.0189519  -0.0245781  5.53573e-05  0.0224295  0.00946852  -0.0272899 
94 0.0386819 0.518037 0.0587969 1.02324 0.0294406  -0.00887428  0.0322431  0.00333555  -0.0293117  -0.00980716  0.017778  -0.00749783  0.00416381  -0.0107641 
96 0.167524 0.539909 0.191266 1.04388 0.0688592  -0.0679477  -0.0448153  -0.00589385  -0.0420359  -0.0671458  -0.0698629  -0.0904277  -0.0164086  -0.0746874 
97 0.0955921 0.59298 0.194817 0.986283 0.00112314  -0.045572  0.124995  0.0213308  0.106505  -0.0707487  0.0474836  0.00925014  -0.0299002  0.0146232 
98 0.0317206 0.542163 0.0758313 0.958385 0.0281274  -0.00318504  0.0136754  -0.022974  -0.00696651  0.0114605  -0.0092601  -0.011963  0.0565513  0.0250498 
99 0.0145954 0.502882 0.0164935 0.961545 0.00830148  -0.00542452  0.00779295  -0.00193049  0.00695641  -0.00239089  0.00158754  0.000490753  0.00521417  0.00501821 
100 0.131745 0.504523 0.0994429 0.973574 -0.000538239  -0.0736219  0.0103531  0.00252218  -0.00350477  0.0214246  -0.0348964  -0.0204906  -0.0473251  -0.00250758 
102 0.0206401 0.569931 0.0769363 0.92733 0.0660068  0.00299997  0.00473611  0.0272251  -0.00840028  -0.00432028  0.010551  -0.00869207  0.00324559  -0.0224282 
105 0.0112473 0.518219 0.0296232 0.916248 0.00103387  -0.00244297  -0.00207724  -0.020038  0.00455065  -0.0194787  -2.75989e-05  0.00312545  0.00155482  0.00723512 
107 0.00874168 0.511789 0.021173 0.910124 -0.00239589  -0.00540992  0.00445332  -0.00418951  -0.00615408  0.00479451  -0.0108797  0.00385082  0.0134542  0.000911825 
110 0.042468 0.50738 0.0457415 0.90533 -0.00743259  -0.0245865  0.0123049  -0.00734145  -0.00896156  0.0087197  -0.0213048  0.0183455  0.00434186  0.0161737 
113 0.0446024 0.503627 0.0398116 0.882061 0.0043087  -0.0216766  -0.0166378  -0.00409185  -0.00159999  -0.0129473  0.00338631  0.0215563  -0.0121251  -0.00310078 
115 0.023265 0.513317 0.0385912 0.856968 -0.00103004  -0.0130674  -0.00119941  0.000630714  0.0109809  -0.0156615  -0.0176312  0.0124126  -0.00949375  0.0198671 
117 0.0482497 0.549605 0.102213 0.843443 0.0542001  -0.0240355  -0.014676  -0.010098  0.0158548  -2.5191e-05  -0.0482902  -0.0499459  -0.0285635  -0.0268514 
118 0.0185015 0.638655 0.101599 0.81503 0.0234615  -0.010589  -0.02001  -0.0524067  0.023431  0.000209563  0.0386218  -0.0502578  -0.0413303  -0.0154347 
119 0.00909892 0.505919 0.0159833 0.803705 0.00855797  -0.00406034  0.0030481  0.00124451  0.00257234  0.00544228  -0.00670006  0.00697562  -0.000673178  -0.00496612 
120 0.0876668 0.530423 0.117206 0.79805 0.052216  -0.0648389  0.0165093  0.0142823  0.0409828  -0.0302014  0.0469612  -0.017245  -0.0131736  -0.0325885 
121 0.0297959 0.539597 0.0712628 0.743538 0.00570438  -0.0123411  -0.0286139  0.007773  -0.0172107  0.00580182  0.0405816  0.00752553  0.0441331  -0.00576777 
126 0.0421615 0.519344 0.0636109 0.723525 0.00668487  -0.0286322  -0.0163715  -0.0464009  -0.00069651  0.0217549  -0.00637797  -0.0154821  0.00125629  0.0022517 
127 0.0468679 0.520816 0.0697138 0.6944 0.00290814  -0.0234987  -0.0429866  0.0154802  -0.00379145  -0.0113176  0.0156193  0.0191089  0.0201154  0.0324911 
128 0.0797382 0.57383 0.159761 0.660597 0.130032  -0.0737911  -0.00725825  0.00589755  0.0313946  -0.00602379  -0.0158628  -0.0195127  0.0119487  -0.0358558 
129 0.0297512 0.512569 0.0436273 0.599725 -0.000227267  -0.0349509  0.00775536  -0.00675931  0.0123048  -0.00239051  0.0177968  -0.00992216  -0.000255103  -0.0018794 
132 0.0437568 0.511817 0.0542259 0.574763 -0.0189329  -0.0255474  -0.0136902  0.0075408  -0.0123372  0.0267072  -0.00652943  0.0202321  -1.14835e-05  0.0191724 
133 0.0541505 0.599875 0.149659 0.536215 -0.0388005  -0.047904  0.0410407  -0.0783096  -0.0162459  0.004852  -0.0936187  0.00847033  0.00838012  0.0398367 
134 0.026678 0.516291 0.0454065 0.484553 0.0015348  -0.0350924  0.0199346  0.000959207  -0.00682855  0.00611075  0.00392669  -0.0132408  -0.0120837  0.00298066 
136 0.0487774 0.558961 0.111123 0.456577 0.00103419  -0.0603951  -0.0287916  0.0152086  -0.0323718  -0.0165237  -0.0185312  0.0260984  0.072101  -0.00976209 
140 0.0091673 0.517379 0.0259992 0.401046 -0.00620907  -0.0120861  0.00821483  0.0153748  -0.00785934  0.000150931  0.00250976  0.00631879  -0.00418436  -0.0078699 
148 0.00576033 0.531592 0.0272445 0.389503 -0.00680659  -0.0117266  0.00716695  -0.0208579  -0.00134637  -0.00491598  0.00480273  0.00133371  0.00425219  0.0017594 
151 0.00689892 0.548754 0.036935 0.382058 0.00991497  -0.0220621  0.000781033  0.00871274  -0.00613321  0.00646523  -0.0184842  -0.00486897  0.0118182  -0.0108707 
152 0.0115663 0.654533 0.0846655 0.372952 -0.0054397  -0.048428  0.0466643  0.0348782  0.0156597  -0.00903742  0.0156438  -0.0115185  0.0211385  -0.0157546 
153 -0.000101735 -0.282345 0.0178431 0.357202 0.0049992  0.00988769  -0.000249268  -0.00489476  0.000981162  -0.00326604  -0.00216572  0.00317546  -0.00346592  0.0115404 
154 0.0124532 0.634109 0.0819151 0.357345 -0.0230958  -0.0133305  0.0128198  0.0335351  0.0135756  0.0334091  -0.0378749  0.0220806  -0.026392  0.028124 
156 0.00329956 0.566205 0.0296256 0.339586 0.0157759  -0.0100014  0.00673318  0.00712211  0.0109065  0.00926125  -0.0124464  0.00755934  -0.00395875  -0.000509242 
158 0.00254963 0.69989 0.045152 0.334701 0.0301247  -0.00630203  0.00532142  0.00955484  0.00760515  -0.00435585  -0.00358875  -0.0142705  -0.0239149  0.0103258 
160 0.0141132 0.556924 0.0573405 0.330875 0.0129649  -0.0113293  0.0126593  0.0187593  0.0153314  0.0156653  0.0334065  0.00947439  -0.00782711  0.0270525 
161 0.00935185 0.633208 0.0707108 0.308972 0.00432253  -0.0286388  -0.0099425  0.0129929  0.0192494  0.00459016  0.0405796  -0.00549078  0.04236  0.00553602 
164 0.01556 0.527164 0.0423849 0.293522 -0.0189036  -0.0217684  -0.0132313  0.000983362  -0.00292392  0.0114954  -0.00163893  0.018212  0.000526693  0.0177173 
166 0.0113539 0.54973 0.0480507 0.265923 0.0103198  -0.0164375  -0.0248367  0.0039669  -0.0045399  0.0147572  0.00255577  0.0178967  0.0162751  0.0216679 
167 0.00561807 0.64108 0.0563556 0.243773 0.0375865  0.0100737  -0.00572721  -0.0119635  -0.0132611  0.0234084  0.00400463  0.022383  -0.010132  0.0119288 
169 0.0112472 0.626278 0.0755505 0.231998 -0.00689129  -0.0484566  0.00380787  -0.0242422  0.0144906  -0.0238808  -0.0113209  -0.0069003  0.00698972  0.0412948 
170 0.0110811 0.662989 0.0850813 0.206491 0.0179293  -0.0475518  -0.00184964  0.0191967  0.012897  0.00248511  0.0081232  0.0585991  -0.0234922  0.00774692 
171 0.0096756 0.561525 0.0491461 0.177816 -0.02293  0.00976242  -0.0155865  -0.0183415  -0.014609  -0.0159857  0.0103107  0.0143275  -0.0188306  0.00893065 
172 0.00331507 0.723677 0.0544564 0.148288 -0.00692006  -0.0330227  -0.00168192  0.0125645  -0.0053786  0.0212515  0.0146881  -0.000361509  0.0110306  -0.0291259 
173 0.00111207 0.808399 0.0370333 0.136674 -0.00909512  -0.0198406  -0.00288531  -0.0111019  0.0100941  0.000132478  0.000716435  -0.000648801  -0.00660603  -0.0248401 
181 0.000223283 20.4709 0.133398 0.132546 0.0102791  0.0270904  -0.105745  -0.0454449  -0.0257632  0.00510731  0.0517227  -0.00145447  0.011672  0.0143109 
182 0.00027475 1.04164 0.0243961 0.131701 -0.00502014  0.00159174  -0.00228301  0.0138314  -0.0126846  -0.0088281  -0.00116013  0.00503597  0.00982635  0.00296917 
183 0.00374547 0.923453 0.0795879 0.130654 0.00891509  -0.0339413  0.031206  -0.0354224  -0.0333066  0.0206784  -0.0171934  -0.0260766  0.0132546  0.0136375 
185 0.00183539 1.21378 0.0723447 0.115464 0.00435386  -0.000527223  0.0350302  -0.00297219  -0.00413346  -0.042261  -0.0206514  -0.0364667  -0.00911647  0.0183325 
188 0.00185374 1.20769 0.0723941 0.10723 -0.0109158  0.0197833  -0.00765846  0.0116848  -0.0443965  -0.0379084  -0.0105244  0.0299482  -0.00918232  0.00592542 
190 0.00185048 0.961545 0.0584245 0.0982149 0.000108438  -0.0109889  0.0112127  0.0252245  -0.00291954  0.0289055  0.0073064  -0.00932681  0.00298952  -0.0392083 
193 0.000930775 0.568666 0.0159986 0.0883029 -0.00727545  0.000912438  0.0028383  0.00203138  -0.00488691  -0.0082911  -0.00123708  0.00520154  -0.00809116  -0.00182501 
196 0.00313398 0.574277 0.0305689 0.0828677 0.0108408  -0.00356245  -0.010942  -0.00999426  0.012198  0.00830039  0.0071526  0.0119332  -0.0125972  0.00383352 
198 0.000386151 0.812094 0.0219548 0.061139 0.00632261  -0.00506151  0.0091291  0.00592072  0.00455628  -0.00136526  0.00916274  -0.0108989  -0.00748198  -0.00408406 
204 8.40194e-06 1.49386 0.00577938 0.0578956 0.00136082  -0.000878526  -0.00100943  0.00155182  0.00113002  -0.00182802  -0.000715662  -0.00104167  -0.00168379  0.0042778 
205 0.00165483 0.625295 0.0288091 0.057823 -0.00929376  -0.00365797  -0.00610525  -0.00836191  -0.00658529  0.00754661  -0.00101365  0.00837211  -0.0212422  -0.000586548 
207 -0.000585897 0.36972 0.0174806 0.04111 -0.0119978  0.00673286  0.00130064  0.00542224  0.00337647  0.00259311  -0.00552482  -0.0055627  0.00201755  -0.00124006 
208 0.000121641 6.38523 0.053501 0.0477085 0.0147972  -0.0159927  -0.017329  -0.0107718  0.021635  -0.00827165  0.0159608  0.0280053  0.0172723  -0.00987113 
210 0.00075628 0.77071 0.0286151 0.0464163 -0.00419738  0.00416766  0.0261483  -0.00354042  -0.00298141  0.00681429  0.000159708  -0.00014252  -0.00258278  -0.0050523 
212 -0.000383866 0.424715 0.010756 0.0373962 -0.000290116  0.00569399  -0.00623004  -0.000900868  -0.00252362  -0.000895758  0.00431788  0.00162083  0.00382309  -0.000708907 
215 6.17639e-05 0.749441 0.00785018 0.0422186 -0.000759835  0.00237262  0.00294014  -0.00124782  -0.00484802  -0.00302624  -0.00118744  -0.00321019  -0.000779483  0.000482477 
216 0.000160088 0.61468 0.00856983 0.0414807 -0.000443625  -0.000312196  0.00125159  -0.00230053  -0.00236014  -0.00263224  -0.00111016  0.00583517  -0.00346309  -0.00255249 
217 -0.000328396 0.393128 0.0118516 0.0395041 -0.00200605  0.00211425  -0.00232747  0.000248216  0.00101001  0.00774607  0.00625557  -0.00372048  -0.000539602  -0.00349277 
219 -0.000235967 -0.907559 0.0364488 0.0434629 -0.000899961  0.0177108  -0.00392526  -0.0111725  0.0132851  -0.011828  0.00646785  0.0139784  -0.00811804  0.0159459 
220 -5.75807e-05 -12.1206 0.0539059 0.046098 0.0257583  -0.023868  0.0150951  -0.00621352  0.00109022  0.0186344  -0.00193995  -0.0260198  -0.0136298  0.0138281 
223 0.000312863 1.04439 0.026099 0.0467183 -0.0160847  0.00214766  0.00635431  0.0138444  -0.009583  -0.00142349  0.00447144  -0.00747527  0.0032029  0.00240649 
231 0.000607074 1.01475 0.0353494 0.0432411 -0.0109443  -0.0159207  -0.011933  0.00539879  -0.000128297  -0.0222761  -0.0102993  0.00390898  0.00903807  -0.0023462 
232 -7.35746e-05 0.487747 0.00189974 0.0355373 5.85837e-05  -0.00117249  0.000196626  -0.000209932  2.03786e-05  0.000322942  0.00138069  0.00010011  0.00032372  0.000149294 
233 -1.27019e-05 0.497108 0.000383441 0.0365579 -5.00277e-05  -0.000125103  4.05954e-05  0.000137029  8.42418e-05  -0.000200245  -0.000106648  -4.97201e-06  0.000168235  0.000146806 
235 -6.19088e-05 -0.164917 0.012832 0.0367312 -0.0013659  -0.000707474  -0.00601192  0.00738171  -0.0039748  -0.00510034  -0.00530813  0.00125172  0.000202223  0.000255248 
236 4.11169e-05 0.600794 0.00407159 0.0375645 0.00125134  -0.00073276  0.00258007  0.000552251  -0.000235201  0.000936072  -0.00162811  -0.00158384  -0.00103098  -0.000599625 
238 0.000281721 0.743321 0.0165586 0.0370132 -0.0066902  -0.00472451  0.00556722  -0.00567462  0.00211444  -0.000284416  -0.0014844  0.00205004  -0.0115106  -0.000678438 
239 -0.000112864 0.306416 0.00934904 0.0329893 0.000856101  0.00134725  0.00283465  0.00325452  0.000817464  -0.00255064  0.00303298  0.00290225  -0.000983921  0.00636124 
241 2.46911e-05 1.6656 0.0107293 0.0346578 -0.00126128  0.0035822  -0.00773465  0.0022803  0.0025081  -0.000489181  0.00118145  0.00331779  0.000943785  0.00398062 
245 0.000409213 0.938947 0.0268023 0.0342997 0.00175025  0.00324728  -0.00726488  -0.000860073  0.00626654  0.0117635  -0.0201538  0.00712854  -0.00353716  -0.0020205 
246 -0.000316818 0.312844 0.0154032 0.027701 0.00425267  -0.0066056  0.00624753  0.00879413  0.00313421  0.00275358  -0.00520978  -0.000209114  0.00179473  -0.00337022 
248 -2.95594e-05 0.494533 0.000804271 0.0329274 -0.000112798  -0.000616152  -0.00013156  0.000123116  6.97248e-05  -8.50264e-05  -0.000346455  6.87913e-05  -6.76764e-05  -0.000283876 
250 6.19839e-05 4.57511 0.0317838 0.0333732 0.0224352  0.00481127  0.0117492  -0.00484813  0.00292754  0.000848751  0.0123833  0.011997  -0.0010944  -0.00379607 
253 -3.38438e-05 -0.368275 0.0108418 0.0324313 -0.0047871  -0.0041182  0.00231774  -0.0048483  -0.00333193  -0.000534201  -0.000899578  0.00228875  0.0051264  -0.00225279 
254 3.59568e-05 1.24509 0.0103519 0.032949 -0.00405872  0.00337079  0.00260472  -0.00327892  0.00597253  -0.000552323  0.00308535  0.00338246  -0.00171604  -0.00138159 
257 -2.24303e-05 -17.2642 0.039919 0.0323987 0.00608062  0.020237  -0.000125397  0.0101848  -0.0088374  -0.0198277  0.00421934  -0.014341  -0.0131038  -0.0132989 
259 0.000133405 0.597806 0.00722469 0.0327431 -0.00190412  -0.000155645  -0.00269222  -0.00290116  -0.0024548  -0.000137246  0.00223529  -0.00101765  -0.0045608  6.03714e-05 
260 5.69558e-05 0.707756 0.00687979 0.0306384 -0.000229456  0.000287642  -0.000836298  0.000673239  0.00112387  -0.000343144  -0.00277112  -0.00365635  0.00435527  0.00215554 
265 -0.000231728 0.286008 0.0140853 0.0296944 0.00168539  -0.00645278  -0.000168258  -0.0035316  0.00847157  -0.00194149  0.000882669  0.00483204  0.00170061  -0.00623384 
270 -0.00110995 0.293374 0.030305 0.0333693 0.000423358  -0.0173571  0.0161717  0.0111555  -0.00689986  0.000376245  0.00626506  0.000298022  -0.0101715  0.00635844 
273 -0.000289094 0.285805 0.0157404 0.0471601 0.00546878  0.00398501  0.0032878  0.0064705  0.00111249  0.00829476  0.000344685  0.00325411  0.00445064  -0.0069812 
275 -0.00045701 0.417126 0.0123139 0.050132 -0.00253875  -0.00536269  -0.000306955  0.00272396  0.00480961  -0.00500633  -0.00664056  0.000200311  -0.00277069  -0.00298418 
276 0.000120557 0.72099 0.0103232 0.0545007 0.000619268  -5.78841e-05  0.00446345  -0.00461013  -0.000118593  0.00495851  -0.00401329  0.000834507  -0.00192272  0.00446143 
278 0.000817461 2.04941 0.0711435 0.0533833 0.00221374  0.0304455  -0.0313031  -0.0286915  -0.0269871  0.032868  0.00397662  -0.0219297  -0.00165981  -0.00428938 
279 0.000131164 0.557831 0.0055089 0.0450849 -0.00195104  -0.00112222  -0.00218537  -0.00178295  0.0025087  -0.00187359  0.000569059  -0.00241928  0.000647426  -0.000963039 
281 0.000432438 1.66906 0.0449592 0.0436061 -0.0226688  0.00778034  0.0160974  -0.011626  0.0136036  -0.0187552  -0.0066745  0.0201145  -0.00436265  0.00690216 
282 0.00021726 0.930446 0.0193401 0.0383295 0.000202868  -0.0130006  -0.00651732  -0.00612375  0.00688021  -0.00652902  0.00390877  5.36415e-07  0.00199713  0.00397176 
283 0.000337958 0.929952 0.0241068 0.0353824 -0.00843702  -0.00343367  -0.00910798  0.0107669  -0.00949825  0.0124759  0.00360426  -0.0013924  -0.00620109  0.000187836 
284 0.000451718 0.834058 0.0245667 0.0302326 -0.00195433  -0.0030161  0.00368671  0.0107919  0.00221745  0.00380515  -0.0091309  0.00556284  0.0173998  -0.00490717 
286 -1.49904e-05 0.199599 0.00424413 0.0215034 0.000787915  0.00207082  -0.000123123  -0.000906124  -0.00193687  -0.00120659  0.000274617  -0.00110501  -0.00193866  -0.00141605 
287 -0.000361131 0.29892 0.0170462 0.0218492 0.000613698  0.000773287  0.00558295  0.00494362  -0.000443376  0.0084507  -0.00924181  0.003445  0.00726126  0.0035176 
288 0.000366024 0.990864 0.0268057 0.0289583 0.017331  0.00124774  -0.00662783  0.0123596  -0.00755472  -0.00974312  0.00794937  -0.00211503  -0.000114833  -0.000502287 
293 -0.000144786 0.178234 0.0136517 0.02174 0.00433917  -0.00543602  0.00240863  0.00639631  0.0031464  0.00394786  0.00660505  -0.00154334  -0.00234764  0.00377759 
300 -0.000261133 0.154359 0.0190026 0.024848 -0.00271244  -0.00239171  -0.00421213  0.00603636  0.000133398  -0.00846924  0.0122001  -0.00170105  0.00828176  0.00133017 
303 -5.69203e-05 0.36981 0.00544465 0.029641 -0.00405125  -0.00116842  0.00170638  -0.000272518  -0.00167381  -0.000727861  0.00124761  0.000193423  0.00180071  0.000844057 
309 1.31501e-05 3.01239 0.0114956 0.0305862 -0.00268402  0.00628441  -0.00514481  0.00276133  0.000360268  -0.00141086  -0.00239155  -0.00169658  -0.00350501  -0.00532485 
310 -0.000213868 0.437436 0.00731781 0.0303704 0.00267972  -0.0039696  -0.000134328  0.00237999  -0.00157644  0.00200689  -0.00228129  0.00202975  0.00241275  -0.00180861 
311 -4.33684e-05 0.0812794 0.00852284 0.0337084 -0.00604919  -0.00289579  0.00145307  -0.00144808  -0.00299023  0.000322879  -0.00269442  0.000470596  8.0132e-05  -0.00263034 
315 -0.000481235 0.344187 0.0173236 0.0343456 0.00503829  -0.0103144  0.00125066  -0.00269202  -0.00646335  -0.00616433  0.00516367  0.00670826  -0.000533857  0.00279319 
316 0.000333342 0.538006 0.00712201 0.040755 -0.00268853  0.00137542  -0.00250666  -0.0030642  0.0018342  0.00188677  -0.00119841  -0.00046535  -0.00400328  -0.00115208 
318 -6.54659e-05 0.483529 0.00207735 0.0364375 -0.00106812  -0.000118545  5.9294e-05  -0.000561158  -0.00114893  0.000269771  0.00104741  0.000521963  0.000114985  -0.000257885 
323 -4.3787e-05 0.187525 0.00739805 0.037325 0.00126614  -0.000302033  -0.00172339  -0.00463705  -0.00376462  0.00135216  0.000395775  -0.00137691  -0.00221349  -0.0023689 
325 -7.50168e-05 -0.33973 0.0158739 0.037907 0.0086026  -0.00761147  0.0037106  0.00158089  0.00638104  -0.00402539  -0.000799865  -0.00428097  -0.00512664  0.00126592 
327 0.000154427 0.827066 0.0142134 0.038884 0.000690164  0.0103856  -0.00528604  0.000604789  -0.00232583  -0.000165274  -0.00149387  -0.00585469  -0.000331999  -0.00482922 
330 2.17766e-05 0.783869 0.00497259 0.0368449 -0.00376948  0.000877325  0.000655983  -0.000383905  -0.00181626  -5.12158e-05  -0.000209005  -0.0023022  0.000708658  0.00015123 
331 -2.75767e-06 0.49564 0.000219308 0.0365482 -6.39385e-05  3.54469e-05  0.000153061  6.16295e-05  -7.33423e-05  5.46689e-06  1.99145e-05  -6.21114e-05  7.65519e-05  1.40526e-06 
332 -3.05298e-05 0.206682 0.00598503 0.0365859 -0.00154334  -0.000398704  0.000503638  0.00110269  -0.00254622  0.00302767  -0.000577719  -0.00183706  0.000737637  0.00345073 
333 0.000307033 0.571495 0.00937221 0.0370008 -0.00129714  0.00683341  0.0029657  -0.0020784  0.000876438  -0.00271214  0.000743274  0.00115749  -0.00172491  0.00365427 
335 -5.78674e-05 -2.52323 0.0264527 0.0325895 -0.0113133  0.00111612  -0.000886619  0.00383249  0.00255963  0.0154656  -0.0149504  0.00689761  -0.00283928  0.0054904 
336 5.07095e-05 1.41019 0.0135873 0.0334656 -0.00850948  -0.00215878  0.00339076  -0.0058346  0.00193909  0.00111264  0.000936958  -0.00422213  0.00340002  0.00517107 
337 -0.000312863 0.219089 0.0187519 0.0326992 0.000668204  -0.00925434  -0.0138976  0.00249448  0.00212812  0.000264697  0.00735562  -0.00185376  0.00139631  -0.00144508 
338 0.000357601 0.853411 0.0224825 0.0371772 0.00478886  0.0103515  0.0116849  -0.00125522  0.00459111  0.0075649  -0.00401303  0.0100715  -0.00640946  0.000582024 
340 -1.14916e-05 0.446948 0.00156163 0.0320095 -0.000477222  -0.000549696  0.000288933  6.60923e-05  -0.00037942  -0.000462456  -0.000466078  0.000626148  0.000664821  -0.000641748 
346 0.0002186 2.36798 0.0404089 0.0321885 -0.00448201  0.00663422  -0.00755076  -0.0296383  0.00627303  -0.0155505  0.00907431  -0.00680764  0.0083809  0.0123789 
347 -5.31254e-05 0.427475 0.003926 0.0285924 0.000587562  -0.000238002  0.000657672  0.000771066  -0.0011843  0.00252006  0.000257196  -0.00066175  -0.000887525  0.00222251 
348 0.000240198 0.713036 0.0143067 0.0295068 0.00490678  -0.00467685  -0.00242641  0.00638533  -0.00196802  0.00564672  -0.00517712  -0.00430518  -0.000384044  -0.00555242 
349 -3.63201e-06 0.189595 0.00212358 0.0251094 0.0011957  0.000464118  -0.000422537  -0.000570816  -0.000527902  -0.000438969  -0.000689609  0.000430155  0.000286094  0.00107065 
351 1.07287e-05 0.536979 0.00125977 0.0251816 0.000198188  0.000335232  0.0003361  5.83127e-05  -0.000159035  0.000626557  -0.000245694  -0.00034817  -0.000190277  -0.000826638 
352 -4.50151e-07 0.497119 7.20264e-05 0.0249677 -3.67316e-05  -2.79352e-05  5.51514e-06  3.32007e-05  -8.42182e-06  2.64104e-06  2.0956e-06  1.39732e-05  4.05344e-05  2.22042e-06 
353 -0.000117842 0.448742 0.00491629 0.0249767 0.000461641  0.0002551  -0.00304044  0.00144452  -0.0024153  -0.000631119  -0.000759709  -0.000991057  0.00160691  0.00147895 
358 0.000225419 0.6647 0.0121865 0.0272339 0.00733406  0.00452156  0.00269608  0.00163897  0.00635972  0.00370209  0.00079403  -0.00176684  -0.00126641  -0.00219463 
359 -0.000112257 0.301808 0.00943418 0.0227221 -0.00117141  0.00231655  0.00551178  -0.00265917  -0.00426928  -0.000314824  0.000443015  0.00213956  -0.00147  0.00442194 
361 -0.000133928 0.445053 0.00542649 0.025071 0.00294565  -0.000255535  0.00115613  -0.0012631  -0.00265864  0.00260438  -0.000210795  0.00173842  -0.000923533  -4.34782e-05 
362 3.74995e-06 0.529426 0.000664368 0.0276133 -8.74203e-06  -4.56667e-05  -0.000497176  -0.000261538  0.000101121  -0.000205809  0.000142948  0.000178157  0.00013627  -1.76082e-05 
367 6.94299e-05 0.80831 0.00925322 0.0275453 -0.00329536  -0.00035813  0.000162219  -0.00263478  0.00223424  -0.00230753  0.00203611  0.00720114  -0.000610014  -0.000987561 
368 -1.20333e-05 -0.252021 0.00601641 0.0262548 -8.22708e-05  0.000704611  -0.00184612  0.000294265  0.000158288  -0.000768515  0.00479512  0.00182376  0.00103569  -0.00204733 
369 9.78331e-05 0.800691 0.0108475 0.026483 0.00965344  0.000543825  -0.00126129  0.0010019  0.00362881  0.000384377  -0.000646647  -0.000363628  0.00108524  -0.00255813 
370 -1.53431e-05 0.149413 0.0046386 0.0245666 0.00100271  0.00113667  -0.00193769  0.00113049  -0.000465764  -0.00224649  0.00246704  0.000650868  -0.0011093  -0.00108738 
373 -0.000417048 0.237469 0.020931 0.024877 0.00184381  -0.00515248  -0.0130724  0.00339373  -0.00279044  -0.00257977  1.67079e-06  0.00105077  -0.00712954  -0.0126244 
374 -0.000301523 -0.175587 0.0285465 0.0321869 0.011474  -0.000388786  0.0121295  0.00592169  -0.00296247  0.00983562  -0.0158743  0.00204402  -0.0032759  0.0113353 
375 8.83799e-05 0.734899 0.00911266 0.0365728 -0.00469576  -0.000793733  0.000613417  0.00213054  -0.00195057  -0.00176041  0.00112474  0.00543609  0.00303317  0.00291975 
376 1.30728e-05 0.587946 0.00214449 0.0353439 -1.55931e-05  0.0001926  -0.000415532  -4.35623e-05  -0.000266034  0.000290723  -0.000595158  -0.0018602  0.000191114  0.000616913 
377 -0.000197397 -2.63881 0.0497781 0.0351585 -0.0194289  -0.0119211  -0.00959318  -0.000748905  0.0307246  -0.00594649  0.0258264  -0.0143683  0.0035863  2.77238e-05 
383 0.000279014 0.643191 0.0126421 0.037862 -0.00339668  0.00748597  0.00160246  0.000302723  0.00350529  -0.0061902  -0.00518899  -0.0020355  -0.00272218  0.000707521 
386 -9.84581e-05 0.248135 0.00995997 0.0339788 -0.0043495  0.00380157  -0.00473162  0.00102865  0.00100542  -0.00278224  -0.0039207  0.00320376  -0.000513452  -0.00278087 
387 0.000212013 0.937637 0.0192641 0.0353981 0.0103511  -1.92235e-05  -0.00286788  0.00192468  -0.0111587  -0.00723157  0.00198431  -0.00713981  0.00438344  0.0010426 
389 0.000560418 0.811097 0.026406 0.032265 0.00594169  -0.000211019  0.0151373  -0.00246641  0.00167219  0.00241264  -0.0052122  0.0126803  -0.00752236  -0.0131738 
392 2.16273e-05 0.511271 0.000987567 0.0219265 -0.000391257  0.000215064  0.000622175  0.00037502  -0.000209356  5.59547e-05  0.000220368  0.000188082  0.000312853  0.000139424 
393 2.19913e-05 0.860717 0.00563296 0.0214277 0.000999833  -0.00291411  -0.00231124  0.000440055  -0.000254796  0.00190822  -0.00210787  -0.000578738  0.0017597  0.00226324 
398 -5.34699e-05 0.352944 0.00560842 0.0209082 -0.00103864  9.05499e-05  -0.0012286  -0.0012712  -0.00174102  -0.000662769  0.00411412  0.00208622  0.00150271  -0.000484922 
400 -0.000528543 0.394278 0.0149568 0.02215 -0.00611383  -0.00342658  -0.00299823  0.00117519  0.00603132  -0.000738401  -0.00220154  0.00169075  -0.00789039  -0.00757165 
404 0.000346857 0.599642 0.0117592 0.0319266 0.00294069  0.00460913  0.00677205  -0.00190611  -0.0058117  0.00386778  -0.000592707  0.0027837  0.00143358  -5.3054e-05 
406 -0.000214123 0.297905 0.0131579 0.0259328 0.00397083  -0.00342657  -0.00441626  0.000573999  -0.008358  -0.00256493  0.00237447  0.00538126  0.00369189  -0.00106197 
407 2.29162e-05 3.05029 0.0152893 0.0297768 -0.00423729  0.00490691  -0.00420398  0.0031223  -0.002554  0.00351049  -0.00307398  -0.0105291  -0.00449193  -0.0022298 
408 -3.59161e-05 -2.70584 0.0214604 0.0293895 -0.00902632  -0.00662004  0.00421061  -0.00411328  0.00459715  0.00858535  0.00820302  -0.00492753  0.0106734  0.00051592 
409 -4.09961e-05 0.455386 0.002705 0.0299943 0.000777879  -0.001594  -0.000726063  -0.000220259  4.21122e-05  -0.0011721  0.0010898  -0.00055602  0.000844214  -0.000101626 
410 -1.82096e-06 0.495391 0.000183237 0.0306701 2.29465e-05  -3.75485e-05  3.39958e-05  3.77456e-05  8.36889e-05  -1.10893e-07  0.000118612  4.13472e-05  5.73185e-05  5.46923e-05 
414 -0.000348948 0.462128 0.00727542 0.0306998 -0.000331661  -0.00526188  -0.00148718  0.00079289  0.0012935  -0.000442251  0.000727765  -0.000830489  -0.000202065  -0.00437779 
417 -0.000543753 -0.917775 0.055529 0.0359372 -0.00495868  0.0241113  0.0381036  -0.023835  0.00594562  0.000796351  -0.0162569  0.0111035  0.00509598  0.0028309 
418 -0.000261021 0.0330381 0.022082 0.0428414 0.00431791  0.00744305  -0.0109725  -0.00102056  0.000115143  -0.00132458  -0.00144477  -0.0054906  -0.00999422  -0.0125797 
419 0.00017364 0.533492 0.00482446 0.0457869 -0.00218922  -0.00155636  -0.00249684  0.00142312  0.000632823  -0.00146469  -0.000623572  0.000452475  0.00215465  0.000138061 
420 -0.000264897 0.316125 0.0139602 0.0438499 0.00413937  0.00366955  -0.00499909  -0.0030762  0.0107082  -0.002111  -0.00084869  -0.00169745  0.00101078  0.00246735 
421 7.0561e-05 0.643557 0.00636545 0.0467733 0.00037736  -0.00125553  -0.00373675  0.000705174  0.00139464  -0.00243921  0.0014271  0.00219707  -0.00283072  0.00125229 
422 0.000377386 0.810507 0.021649 0.0460129 0.00420401  -0.00402119  0.0141238  0.00513033  -0.00179362  -0.00073523  0.0038909  -0.00742182  -0.00848011  0.00794619 
425 -8.5474e-05 -0.273662 0.016264 0.0417118 0.00399974  0.00783529  -0.00884968  -0.00027148  -0.00199956  -0.00637308  0.00675785  -0.00337207  0.00244021  -0.00106278 
427 -0.00011462 0.394187 0.00696579 0.0427241 -0.00548197  0.000942654  0.00347372  -0.00106919  -0.000720244  0.000401722  0.000156987  0.000378822  -0.0014044  0.00124545 
428 -0.000171851 0.470784 0.0044833 0.0440452 -0.000462385  -0.00118768  0.000479844  -0.00202293  0.000258926  0.0026702  0.000332826  0.000481149  -0.00227979  -0.00119011 
429 4.2027e-05 0.559084 0.00315169 0.0459548 0.000570467  0.00168012  4.3864e-05  0.000815573  -0.000605126  -0.000486677  -0.000786538  -0.000874066  -0.000535604  0.00196094 
431 0.000534071 0.801369 0.0253718 0.0454952 -0.00176306  0.00561931  -0.00203835  0.00849591  -0.00862664  -0.00988086  -0.00235771  0.0118916  0.0145338  0.00156781 
432 5.34386e-05 0.685486 0.00629671 0.0391904 -0.000542653  -0.00199937  0.00035516  -0.000736728  -0.000223448  -0.00211624  -0.00326511  -0.00186906  0.00355774  -0.0018296 
435 -0.000161205 0.221172 0.0134096 0.0385026 -0.001657  0.00807266  -0.00168783  0.00263359  0.001159  0.00517384  -0.00368791  0.000631396  0.00400382  0.00663155 
436 0.00094064 0.616023 0.0208987 0.0405422 0.000524008  -0.0158199  -0.00249528  0.00990631  0.00420104  0.0029588  -0.00370756  0.00281556  -0.00413023  0.00408873 
438 0.000173725 0.607761 0.00865396 0.026523 -0.004623  -0.00585179  0.00210026  5.54012e-05  -0.00241572  -0.00030052  0.00150952  -0.00128803  -0.000222802  0.00222443 
441 0.000171497 0.637916 0.00972697 0.0230165 -0.000802879  -0.00450604  -0.00471242  -0.0032596  -0.00233703  0.00136055  -0.00281563  -0.00363012  0.00202466  0.00288366 
442 1.52477e-06 47.2154 0.0168793 0.0189282 0.00864803  -0.00257181  -0.00291981  -0.000564231  -0.000576513  -0.00856195  0.00185382  -0.0100792  0.00398044  0.000391047 
443 5.97279e-06 0.793344 0.00264732 0.0188879 0.000370674  0.00123185  -0.000320299  0.000516341  0.000362326  0.00132247  -0.000383588  0.000168311  0.00102371  -0.00137134 
445 -6.43367e-05 -0.263482 0.0140172 0.0187291 0.00152834  0.00216888  -0.000330526  0.0024016  0.00435805  0.00248561  0.00386851  0.00520874  -0.00410516  0.00997231 
446 -9.74839e-06 0.461092 0.00123175 0.0203745 -0.000127956  0.000101271  -0.000140139  0.000314211  0.000158572  0.00045219  0.000844058  0.00038825  0.000210683  0.000484797 
448 2.95971e-05 0.517698 0.00144764 0.0206123 -0.000638072  -0.000651928  0.000279153  -6.68425e-05  0.000125045  0.000969224  -9.39568e-05  6.27111e-05  -5.00963e-05  -0.00045915 
452 -0.000337868 0.230601 0.0190837 0.0198814 -0.00128589  -0.00335131  -0.00113831  0.00454808  0.0061723  0.0029819  -0.00778442  -0.00486819  -0.014072  0.000119885 
454 -0.000200972 0.427139 0.00765491 0.0270776 0.00279523  -0.000232172  -0.00221355  -0.00400282  0.00327912  0.00361705  -0.0011252  -0.00183179  -0.000976044  0.000630954 
459 0.000428551 0.674632 0.0173024 0.0305645 0.00446275  -0.00695733  0.000132646  0.00323376  -0.0066455  0.00138047  0.00710691  -0.000329297  0.0109887  0.00177231 
460 1.3521e-05 0.542585 0.00151764 0.0224884 -0.000474477  0.000410652  0.000687285  -0.000818963  0.000440712  -0.000247519  -0.000332564  0.000185995  -0.000268205  -0.000542024 
462 -0.00052325 0.375854 0.0161256 0.0221858 0.000726038  0.0043595  0.00784975  0.00603013  0.00772185  -0.00801115  0.00140078  -0.000929866  -0.000233782  0.00397924 
463 0.00015917 0.867797 0.0153022 0.0318684 0.00394408  0.0084287  0.00709658  -0.000642126  -0.00892904  -0.000793213  -0.00285116  0.00189753  0.0018592  -0.00111384 
465 5.33705e-06 0.579945 0.00130641 0.029265 0.000705884  -0.000142945  0.000415209  -0.000802343  -3.59419e-05  -1.62655e-06  -0.000258358  -2.07842e-05  -0.000155465  -0.000528392 
467 9.10486e-05 0.527438 0.0031617 0.0291736 -0.00061279  0.000561787  -0.00167262  -0.00157542  -7.38586e-05  0.000649837  -0.000631132  -0.000161055  0.00097159  -0.00149319 
469 0.000288077 0.787479 0.0182001 0.0275691 -0.00823512  0.00207847  -0.00321518  -0.00211351  -0.00525058  0.0120336  -0.00169874  0.00469445  0.0060874  -0.0031537 
472 -6.05941e-05 0.0353009 0.010613 0.021726 -0.000634857  0.000168907  -0.00591879  0.00221566  -0.0025122  0.00102119  0.00570761  -0.00396172  0.00177427  0.00367273 
473 -0.00010568 0.338593 0.00826065 0.0230785 -0.00270409  0.00274292  0.00348957  -0.00044413  0.00163181  -0.00543466  0.00134832  -0.0011021  0.00175208  -0.00165154 
475 0.000208909 0.67186 0.011984 0.0252646 0.00383046  -0.00240374  -0.00339727  0.00351691  -0.00135944  -0.00586196  0.00325182  0.00316699  -0.00432614  -0.00487095 
483 -0.000592744 -0.034117 0.0355911 0.0207223 -0.0070013  -0.00324988  0.0098556  -0.0269858  -0.010643  -0.0050513  0.0026067  0.0150771  -0.00250926  -0.00160641 
485 9.6256e-06 0.785495 0.00331545 0.031974 0.00119075  0.000487217  -0.000967616  0.000489739  0.000529269  0.000886171  0.000955522  0.000150195  0.00108639  0.00223149 
490 -8.85062e-05 -0.0251017 0.0136348 0.0318231 -0.00273551  -0.00197697  0.00748536  0.00196095  0.00777758  0.00549933  0.00218244  0.000235263  -0.00435151  -0.000389985 
492 -0.000373026 0.32801 0.016023 0.0331846 0.00813141  -0.000853347  -0.00406216  -0.00680557  -0.00317679  0.0015345  0.00266974  0.0087601  -0.000795997  -0.0054886 
498 0.0004802 0.768702 0.0227174 0.0383968 -0.00702432  0.00146239  0.00071311  0.0146804  -0.0124636  -0.00190421  9.89551e-05  -0.00626963  -0.00171992  -0.00688006 
500 -0.000507871 0.148769 0.0267164 0.0315314 -0.00502163  0.0016667  -0.00377765  0.0029446  0.0056888  -0.0110869  -0.00699897  0.00156886  0.0189154  -0.00991503 
501 0.000325283 0.61765 0.0123735 0.0387586 0.00141013  -0.00234632  -0.00289854  -0.00716684  -0.000669848  0.00422642  -0.00463899  -0.00477065  -0.0045122  -0.00170109 
