generation s h r distopt trait[0] trait[1] trait[2] trait[3] trait[4] trait[5] trait[6] trait[7] trait[8] trait[9] 
1 -0.000190376 0.250018 0.0137984 0 -0.00402096  -0.00324204  -0.00248616  0.00708274  0.00274992  -0.00401307  0.00327478  0.00566777  0.00272536  0.00578163 
7 6.4571e-05 0.509084 0.00153241 0.0653675 0.000580508  0.000807931  1.24022e-05  6.92827e-05  0.000198865  -7.93019e-05  0.00029341  0.000631787  0.000848372  -0.000320558 
8 0.000974387 0.593987 0.0191468 0.0746803 0.00886043  0.00305078  -0.00227391  0.00104339  0.000639756  -0.00382529  0.00540817  0.00394178  -0.00230206  -0.0144013 
12 0.000132698 1.29778 0.0205769 0.106629 0.00425646  0.00208204  -0.0115936  -0.00444016  -0.00577505  -0.00570015  0.012804  0.00242166  0.00247184  0.00225191 
13 0.000249939 0.519655 0.00443607 0.115514 0.00142533  -0.000457617  -0.00199322  -0.000253616  -0.00132994  -0.00160697  -0.00080475  0.000407249  -0.000346395  0.00284884 
14 0.00501675 0.571383 0.0379621 0.123982 0.0264679  0.0138974  0.00828392  0.010566  -0.000289165  -0.00101706  -0.00695055  0.0145423  -0.00626375  0.00818678 
15 0.00288477 0.584711 0.0313066 0.110977 0.0174358  -0.0139377  0.00156974  0.00127342  0.00202498  -0.00273189  0.00786476  -0.00137201  -0.0127643  -0.0154765 
17 0.00824047 0.682071 0.0774983 0.115044 0.0548141  -0.00393475  -0.00851056  -0.0223337  0.0334058  -0.00159907  0.000465893  -0.0344361  0.00226937  0.0102453 
19 0.00210844 0.547335 0.0200248 0.0862296 0.0138237  0.00729792  -0.00204534  -0.00592954  -0.00660525  0.000788954  -0.0068606  -0.00242646  -0.00115424  0.00433061 
20 0.00141421 1.24946 0.0650795 0.0809719 0.028872  -0.0182262  0.0267449  0.0114495  0.00470189  0.0165154  0.0333645  0.0192574  0.019403  0.00823411 
21 -0.000201604 0.376057 0.00999896 0.0774141 -0.00141814  -0.00103066  0.00552469  -0.000394646  0.0017776  0.00459397  -0.00131462  -0.0057585  -0.00233734  0.00126953 
22 0.00196014 0.805957 0.0489666 0.0852796 0.0215087  -0.00909753  0.0109571  -0.0168144  -0.00110477  -0.00543542  -0.0214736  -0.0187895  -0.0244599  -0.00251925 
23 4.3942e-05 0.616856 0.00453211 0.0785002 0.000800578  0.000608829  -0.00205449  -0.000574606  -0.000468592  -0.00179357  0.000245139  -0.00266227  0.000231493  0.00208313 
24 0.000915377 0.791682 0.032677 0.0845589 0.000575515  0.00431605  -0.0129126  -0.013297  -0.00360909  0.0119223  -0.0190806  -0.00262022  0.0123172  0.00524049 
28 0.00120082 3.70239 0.123871 0.110981 0.0520135  0.00936429  0.0242537  0.06154  0.00541543  -0.068056  -0.0414327  0.0374708  -0.0182061  -0.0078971 
29 0.00194971 0.659686 0.0352968 0.109985 0.00544259  0.00184344  -0.0257361  0.00455941  0.0014483  0.00596639  0.00278179  -0.0205543  -0.00491638  0.00613358 
30 5.41183e-05 3.2136 0.0242356 0.105925 0.000490659  0.00762812  -0.00190783  -0.00273182  0.0100519  0.00878438  0.00444042  0.0134187  -0.00100662  0.0117828 
35 0.00121309 1.46879 0.0685279 0.139546 2.07305e-05  -0.00101226  -0.00669684  0.0155384  -0.0351805  0.0194743  0.00417299  -0.0496063  0.0165854  0.00621075 
37 0.00815355 1.00757 0.128397 0.151601 0.0514295  0.0214563  -0.0773564  -0.0392684  -0.0278945  0.0457146  -0.00178143  0.0173041  0.00295318  -0.0517215 
40 0.00224243 0.643708 0.0359148 0.142687 0.00974712  0.00399663  0.0170203  0.0112485  -0.00461918  0.0127688  -0.00193141  0.0107875  -0.0213609  -0.0013827 
41 0.00187325 0.554067 0.0201613 0.141976 0.00435599  -0.00820391  -0.00195142  0.00398506  -0.00017934  -0.0123224  -0.00538888  0.00190447  0.00697718  0.00820309 
43 0.0055847 0.857339 0.089263 0.150951 0.052551  -0.0186931  -0.0131924  -0.0244678  -0.017028  -0.00622768  0.0213504  -0.0550524  0.0147473  0.00716274 
44 0.00352579 0.572498 0.0320424 0.136808 0.00330109  0.0143518  0.0224929  0.00870167  0.00555392  0.0085134  0.00544146  -7.41509e-06  0.00229226  0.00948716 
46 0.000553566 0.526032 0.00760128 0.136615 0.000322535  -0.000307025  0.00405557  -0.00048361  -0.000686213  0.00270851  0.00516009  0.00170255  0.000211601  0.00187687 
48 0.00225909 0.717678 0.0443493 0.149546 0.00734344  -0.0359143  0.0042167  -0.000161033  -0.00589531  -0.0117829  0.00447495  0.0110111  -0.0168159  -0.00276745 
50 0.000488799 0.522226 0.00660035 0.157694 0.00201111  0.0013646  -0.000469482  -0.00225287  0.0042243  0.000831185  -0.00169125  -0.00286727  -0.00143541  0.000827432 
52 0.00810673 1.31599 0.16217 0.172795 0.077814  0.0116766  0.0331185  -0.0831955  -0.00883081  0.0656664  0.00340322  0.0480153  0.0733653  -4.06493e-05 
56 0.0085868 0.922313 0.120224 0.170053 0.0651905  -0.00168656  0.0141885  0.00636498  0.0394159  -0.0146083  0.0194236  -0.0574816  -0.0206641  -0.0639055 
58 0.00661869 0.564968 0.041662 0.150091 0.0063227  -0.00372307  0.0123944  0.016721  0.00892335  -0.0193417  0.0167752  0.0163529  -0.0146768  0.00554196 
59 0.000628078 0.508259 0.00457586 0.131087 0.00268127  -0.00207287  -0.00132045  0.00262376  -3.83365e-05  0.000321491  -0.000596853  8.67328e-05  -0.000560252  -0.000205862 
61 0.00612138 0.863483 0.0942428 0.139839 0.0143276  -0.0495108  0.00890296  0.0344023  0.00584603  -0.0216825  0.00595688  0.0473477  -0.019852  0.0422685 
62 0.00172407 0.674413 0.0346852 0.122333 -0.00816062  0.0166265  0.00157337  0.0159785  0.000747363  -0.00916272  -0.00696106  0.0176335  0.0124594  0.00175782 
64 0.00117292 1.52951 0.0694627 0.131131 0.018722  0.00899966  0.0353091  0.0267966  -0.00436946  -0.0195099  -0.033884  0.0277379  0.0105486  -0.00050432 
66 0.00241996 0.630171 0.0355139 0.141516 0.0138607  0.0187904  0.00685848  0.0029446  -0.0175781  0.0149367  -0.00557848  0.00646646  -0.00722878  0.00174349 
67 0.00496345 0.91696 0.0908928 0.140123 0.0700446  -0.00751763  0.0214637  -0.0315934  0.0113766  0.00887244  -0.0136783  -0.0015453  0.0329476  -0.0188871 
69 0.000280114 3.97319 0.0623632 0.128571 0.0219356  0.0241446  0.00950954  -0.00332551  0.00584577  0.0418661  0.00920897  -0.0191378  -0.0213062  -0.00562015 
70 0.00453214 0.561679 0.0335513 0.13052 0.00741573  -0.0225576  -0.0122496  0.00286061  -0.00725186  -0.0142845  0.00138554  -0.00700395  -0.00357098  0.00912447 
71 0.00634614 0.600033 0.0505022 0.115544 0.0189479  0.010254  -0.0274716  -0.0174788  0.00379738  -0.010435  -0.0133549  -0.0245035  0.00926416  0.0061809 
79 0.00422567 0.59743 0.0406436 0.133739 0.00681709  -0.000562552  -0.0165889  0.0215439  -0.00486443  -0.00803022  0.0268988  0.00260728  -0.0062876  -0.00278491 
80 0.00452784 1.44104 0.130304 0.125661 0.0815804  -0.0353426  -0.0268127  0.0498521  -0.00502776  -0.0512332  -0.00634159  0.0559082  0.00657681  -0.00335773 
83 0.00377858 0.670203 0.0507339 0.118078 0.00916404  0.0025883  0.0117456  -0.0302654  0.016817  0.00157139  -0.0115651  -0.00352349  -0.0315797  0.000754671 
84 0.0011572 1.7237 0.0752175 0.106196 0.0309281  0.00685898  -0.0262219  0.0103337  0.0401043  0.030398  -0.0261978  -0.0140878  -0.0205859  -0.00432919 
85 0.00327783 0.910084 0.0732782 0.103966 0.0399921  -0.0164813  -0.00541936  -0.00876334  -0.0358516  0.00120752  -0.00690839  -0.0198427  0.0401897  -0.00700489 
87 0.00591446 0.664633 0.0624411 0.0889532 0.0180211  0.0363183  0.00056208  -0.0180282  -0.00143676  0.0125481  0.0293858  -0.02034  -0.0201025  0.00942905 
92 0.00118985 1.16521 0.0562459 0.0682204 0.0142916  0.0168683  0.00758672  -0.0266468  0.0149373  -0.00791877  0.0316584  0.00356964  -0.00114362  0.0245979 
93 0.000270338 0.991757 0.0230584 0.0656256 -0.000970447  0.00766069  0.00392552  -0.000751918  -0.00581682  -0.0171495  0.00225045  0.00137817  0.00774289  0.00782494 
96 0.000390164 2.19726 0.051454 0.0884318 0.00435439  -0.0119193  0.0135761  0.0208697  -0.0245453  -0.00880064  -0.0224881  0.00438655  -0.0150979  0.020828 
98 0.000932226 0.756318 0.0309137 0.103819 0.00626569  0.0119543  -0.00417753  -0.00625596  -0.021017  0.0106927  -0.00116844  -0.0119426  0.00405919  0.000626938 
100 0.00154105 0.626223 0.027903 0.117236 0.0167507  -0.0048027  0.00617296  -0.0120084  0.000667191  -0.00609439  6.22608e-05  0.00808881  -0.00834016  0.0109561 
102 0.00227072 0.566858 0.02468 0.127405 0.0154898  0.00605703  -0.00053756  -0.00124205  0.00134247  -0.00273904  -0.00501783  -0.010063  -0.0139413  0.000735942 
104 0.00159999 1.34367 0.0734357 0.134804 0.0417584  0.0153744  0.0141243  0.00393184  -0.0115114  0.00905522  0.0486945  -0.0157283  -0.0143217  0.0126312 
105 0.00273938 0.589745 0.0313952 0.134693 -0.000502632  -0.000417417  -0.0243965  0.00239753  0.00438568  0.00114448  -0.0177715  0.002859  -0.00453381  -0.00438126 
106 0.00122566 0.516861 0.00913032 0.131094 0.00223161  -0.00286501  0.00110373  0.000915193  -0.00304777  0.000428858  -0.00626282  0.0017795  0.00234936  -0.0032767 
107 0.00457022 1.65768 0.145155 0.133772 0.0843652  0.0448978  -0.0358394  -0.00492991  0.0492229  0.0227132  0.0156684  0.0574711  -0.0147078  -0.0626456 
111 0.00841569 0.812307 0.102423 0.127762 0.0708357  -0.0389757  0.0548011  -0.00694226  -0.0191291  -0.0171509  -0.00210126  -0.00301432  0.0144883  0.00434206 
112 -0.000190469 0.492996 0.0023141 0.0881639 0.00107956  0.000413656  0.000603145  9.07622e-05  -0.000734046  -0.000363127  5.99002e-05  0.000353874  -0.00116979  0.00121596 
115 0.000906674 0.693763 0.0265094 0.092679 -3.0731e-05  0.00237138  0.003137  0.0127428  -0.0111557  0.00415031  -0.00020322  -0.0145189  0.00430378  -0.0124044 
116 0.00133225 0.707619 0.0332626 0.0910628 -0.00264518  -0.0183137  -0.016349  0.00473125  -6.18981e-05  0.0115745  0.0107878  -0.0122557  0.00808541  0.00290005 
118 0.00181915 0.575329 0.0234363 0.0942628 0.00807252  0.00470306  0.00243438  0.00393222  0.00628595  -0.000193424  -0.0118875  -0.0130878  0.00275794  -0.00899036 
120 0.00321376 0.536759 0.021838 0.0973113 0.0146221  -0.00438734  -0.000187541  0.00561226  0.00142584  -0.00576084  -0.00789008  -0.00166138  0.00100769  0.0105386 
123 0.00456803 0.689571 0.0588631 0.1024 0.0338516  0.00851617  -0.00728411  0.0172086  0.0376878  0.0027582  0.00491386  0.0020649  0.0208508  -0.00246442 
126 0.00203528 0.969971 0.0618259 0.0996092 0.0269136  -0.0133431  0.00911729  -0.0175683  0.0206627  -0.0353598  0.00858719  0.00839627  0.00294242  0.0264222 
127 1.62439e-05 0.59196 0.00244443 0.0952984 6.7428e-05  0.000345438  0.00130043  -0.00157306  -0.000441104  -0.000754962  -0.000829553  -0.000344162  -0.000325993  -9.10225e-05 
133 0.00627443 0.620797 0.0551422 0.142883 0.0230884  0.00723632  0.00988604  0.0107649  0.000475232  0.0176527  -0.0319816  -0.024293  0.0163655  -0.00699694 
134 4.05614e-05 1.14635 0.0102403 0.127634 -0.000985018  0.000953611  -0.00282743  0.00126878  -0.00133035  0.000608429  -0.00592278  0.000646557  0.00711687  0.00225679 
135 0.0048403 0.610826 0.0463856 0.13638 0.0292986  -0.0211749  -0.0126083  0.0135243  0.0119788  0.0158148  -0.00487492  0.00189899  -0.00241277  -0.00872758 
139 0.00223059 0.593279 0.0288745 0.151081 0.00407134  0.0147454  -0.00192897  0.00279695  -0.0108025  -0.0186845  -0.00717979  -0.00188245  0.00799941  -0.00181717 
140 0.00193049 0.533442 0.0161196 0.152576 0.00949076  0.00209967  -0.00842637  0.00649973  0.0048059  0.00350195  0.000577268  -0.00108405  -8.41686e-05  0.00390302 
144 0.0036962 0.582099 0.0349027 0.182539 0.00890362  0.0151711  -0.0152648  -0.00566784  -0.00356324  -0.00868094  0.0062762  0.0212096  -0.00642293  -0.00500752 
145 0.00408797 0.531223 0.0227554 0.181508 0.0127634  0.00560599  -0.00642333  -0.00853924  -0.00186947  -0.00902305  -0.0043671  -0.00871217  -0.00542297  -8.39808e-05 
146 0.00421619 0.510868 0.0138473 0.179234 0.0118171  -0.00436809  0.0015999  -0.00130371  -0.00213657  -0.00184681  0.00204428  -0.00369194  0.00171215  -0.000217206 
147 0.00451833 0.567772 0.035101 0.176465 0.0104884  0.00514613  0.0141776  -0.0259662  -0.0133954  -0.00073367  -0.00235822  -0.000221888  -0.00436633  0.00396096 
148 0.000924807 0.530733 0.0106799 0.172756 0.00134257  -0.00297058  -0.000846025  -0.00192327  -0.00440546  0.00705719  -0.00387838  0.00183917  0.00258347  -0.00217 
149 0.00727792 0.845464 0.100172 0.17974 0.0448091  -0.0454329  -0.0613696  0.0221665  0.00197943  -0.0128866  0.0119566  -0.000313449  0.00505177  -0.0369621 
150 0.00253431 0.689308 0.0438108 0.166568 -0.00165489  -0.00395568  0.0195535  -0.0206912  -0.0191221  -0.00579339  -0.0173899  0.0121769  -0.00808766  0.0132371 
153 0.00613554 0.824748 0.089199 0.185964 0.0471029  0.0338575  -0.0267347  0.023157  0.0117749  0.00268034  0.00681763  0.0335366  0.030706  -0.032872 
155 0.00209642 0.657661 0.0363687 0.183923 -0.00733526  -0.0045998  0.00982997  -0.0177665  -0.000400341  0.0138656  0.000910071  -0.0228738  0.00379438  0.010227 
156 0.00701098 0.67006 0.0690946 0.186711 0.0286887  -0.0348291  0.0174431  -0.018963  0.00937915  0.0338239  0.00397923  -0.00236676  -0.0239879  -0.0156594 
160 0.000200639 0.503001 0.00155834 0.200225 0.00067477  -0.000294092  -0.000373666  -0.000537739  -0.000300271  0.00085792  0.000420696  0.000194086  -0.000548336  0.000341044 
162 5.12278e-05 22.9326 0.0677786 0.217187 0.0164236  -0.0031553  0.0172754  0.00403299  0.00921425  -0.0456389  -0.0285628  -0.00615959  -0.010097  -0.0295975 
163 0.00898775 0.573054 0.0515151 0.225235 0.0121738  0.0148068  -0.0220678  -0.00394377  0.00221087  0.00117379  0.011056  -0.000727947  -0.0241488  0.0327356 
164 0.010929 0.945134 0.139162 0.212959 0.0830498  -0.0199363  0.0678703  -0.0364877  -0.00403888  0.0357227  -0.043216  -0.0457923  -0.0138783  -0.0261548 
165 0.00402807 0.510072 0.0130398 0.191284 0.00547189  0.00481041  0.000794796  0.00174284  -0.00530788  0.00224109  0.00394952  -0.000617667  0.000424089  0.00799559 
168 0.00297722 0.676758 0.0458882 0.199408 0.0131345  0.0104807  -0.00448825  0.0220067  -0.002615  -0.00751398  -0.0217234  -0.00359375  0.0264864  -0.00832357 
170 0.00417923 1.05547 0.096252 0.205088 0.0639811  0.00676194  -0.00678471  -0.00350851  0.0334261  -0.0319172  0.0230236  0.0167142  -0.00692138  -0.0455349 
171 0.000112885 0.68181 0.00906065 0.198862 0.000867867  0.0014241  0.0063622  0.00165846  0.00439609  0.00353896  0.000812706  0.00165195  0.000761765  0.00051618 
173 0.00257322 0.63106 0.0367469 0.208111 0.0264151  0.00310588  -0.0128775  0.00262268  0.018627  0.0099516  -0.00279935  -0.00241015  -0.00316773  0.000737855 
174 0.0051386 0.740812 0.0703359 0.206034 0.00802786  0.0457694  -0.0211037  0.00221167  -0.0252778  -0.0376118  0.0119476  -0.00655053  -0.00488303  0.00863033 
175 0.00111048 1.41481 0.0637167 0.197672 0.00609511  -0.00829444  0.00734454  -0.0116511  0.00167207  0.0293658  -0.0108287  -0.0326163  -0.0329534  0.0251399 
176 0.00747453 0.551722 0.0395988 0.199479 0.00274111  -0.0135175  0.000923433  0.0142654  0.00930605  0.00128231  -0.00236551  0.000675671  0.0126062  0.0303359 
178 0.00542842 0.701278 0.0661131 0.191025 0.0116498  0.0408934  0.0115451  0.00146861  0.0138625  -0.00580337  0.00896744  0.0425852  0.00368832  0.0171507 
180 0.000254537 0.5261 0.00515779 0.188564 -0.00121786  -0.00124279  0.00125933  -8.30568e-05  -0.00086858  -0.00153109  0.00147292  0.00321628  -0.00168118  0.00188238 
183 0.00305629 0.827981 0.0632943 0.208792 0.0229251  0.00137606  0.0307872  -0.0409556  -0.0115275  -0.00264436  0.0145873  -0.0153506  -0.012075  0.0109263 
186 0.00384571 0.717417 0.0578277 0.221944 0.00639679  0.00395829  0.031325  0.0342628  0.00225678  0.0151869  -0.0134083  0.00998665  0.00366862  0.0245674 
187 0.00672477 0.997506 0.11549 0.220451 0.0425254  0.0330152  -0.0168694  0.0256866  0.0316808  0.0361958  0.0664593  0.00279014  -0.00266377  0.0524364 
188 0.00512109 2.80014 0.216184 0.210769 0.00709768  -0.0659067  -0.0307754  -0.00926218  -0.0659721  -0.12683  -0.0440919  0.0561303  0.123082  0.0250318 
190 0.000688638 0.635281 0.0193062 0.21139 0.00793235  -0.00171838  -0.0089714  0.0101899  0.0034599  -0.00560691  0.000250855  0.00504365  -0.00341362  0.00647862 
191 0.0156838 0.676152 0.105219 0.216388 0.00574315  -0.0179684  -0.0583941  -0.00551286  -0.00839907  0.0471033  0.00319869  -0.00968048  -0.0209525  -0.0666537 
193 0.00292813 0.777328 0.0569774 0.193094 0.0207051  0.00180531  -0.0158889  0.0178392  -0.00062386  0.0269534  -0.0269916  0.00342463  0.0126716  -0.0248204 
194 -0.000192148 0.293491 0.0125997 0.193026 0.00129194  -0.00793511  0.00365004  0.00300319  0.00348768  -0.000351002  -0.0060423  -0.00422125  0.00225135  0.000301294 
196 0.0100532 1.05214 0.148597 0.209271 0.0781162  -0.0621546  0.0120899  0.00432837  0.0489262  0.000465901  0.0675021  0.0549967  -0.00981102  0.0433536 
201 0.00166606 2.04452 0.101354 0.212929 0.0365868  -0.0218541  -0.0176003  -0.0418626  0.0128334  -0.0105461  0.0437818  -0.0602843  0.0145162  -0.0188829 
205 0.00946756 0.520491 0.0285772 0.208983 0.00916576  0.00668546  0.0167659  -0.00480689  -0.0123559  0.00397725  -0.0072932  -0.00241017  -0.0120291  0.00339975 
206 0.00808652 0.65666 0.0712473 0.18507 -0.011959  0.0246025  0.0428178  -0.0055368  -0.0219399  -0.0022497  -0.0417002  -0.00963349  0.00122851  -0.0120086 
208 0.00168264 0.971145 0.0562899 0.161855 -0.000980036  0.0294693  -0.0256281  0.00613559  -0.00947045  0.00253757  -0.0244868  -0.00857253  -0.0041099  -0.0286111 
213 0.000386262 2.01064 0.0483007 0.156575 0.000583121  0.0339216  0.0111729  -0.00534752  0.00209689  -0.000404329  -0.0141469  0.0257225  -0.0125266  0.00229221 
214 0.00244522 0.570628 0.0263226 0.155337 0.00402831  -0.0175166  -0.0083541  0.00349408  -0.0164068  -0.0016954  0.00199288  -0.00240113  -0.00194014  -0.00150525 
216 0.000621605 0.840657 0.0291008 0.147266 0.0123124  0.00367774  0.00830358  0.00445442  0.00126342  -0.0182411  0.00851323  0.00961492  0.00931071  0.00264558 
217 0.00163569 0.542539 0.016716 0.145141 -0.00203786  -0.000409406  -0.00385424  0.00765572  -0.00165671  0.00152961  -0.00355683  -0.00735544  -0.0090812  0.0068798 
221 0.00153395 3.13615 0.127008 0.139397 0.0400243  0.0242745  0.00239591  -0.0171508  -0.0406442  0.0174794  0.0418128  -0.0831652  -0.0149457  -0.0528619 
222 0.00259037 1.17014 0.0832586 0.133786 -0.00405236  -0.00845756  0.0160035  0.0216031  -0.0195181  0.0477997  0.0490795  -0.0119898  -0.00600534  0.0294424 
223 -4.94706e-05 0.137553 0.00846902 0.12374 0.00125267  -0.0070582  -7.62285e-05  0.000616652  0.00396246  0.000346335  0.000383534  -0.00114424  0.000813614  -0.00141826 
226 0.000791365 0.827294 0.0321839 0.12394 0.00382472  0.015645  -0.0139744  0.0107924  0.00619745  0.0086435  0.00765321  0.00371308  0.00772135  0.0148174 
227 0.00298863 0.571946 0.0293795 0.120707 0.0140024  0.00452156  0.00908984  0.0171123  0.0097437  -0.00865683  -0.00319649  0.00879819  0.00369843  -5.68157e-05 
229 0.00160825 0.544717 0.0169917 0.107638 0.00366847  0.00323226  0.00120204  -0.0087311  0.00252199  0.00857783  -0.00272177  0.00875877  -0.00444215  0.00182706 
230 0.00116304 0.686332 0.0294436 0.0998949 0.00852721  -0.00246821  -0.0159508  -0.0100344  -0.00190397  -0.00414015  -0.011678  0.00697563  -0.00957298  -0.0116431 
231 0.00090014 0.513189 0.00691893 0.0938969 0.00142251  -0.00244173  0.00183102  0.00293586  0.00140348  -0.00210563  -0.00211368  -0.000624692  -0.00081921  0.00399771 
234 0.000384031 0.514572 0.0047386 0.0889769 0.00194598  0.000352861  0.00153591  0.00145198  0.000310156  -0.00167491  0.000607789  0.00283449  -0.00166273  -7.62069e-05 
236 0.000875006 1.39477 0.0559419 0.0867925 0.0166123  0.00702567  0.0108646  -0.015274  -0.0173914  -0.00898446  0.0181974  0.0209729  0.00721163  0.0353077 
239 0.0023778 1.21795 0.0825682 0.0815985 -0.0439622  -0.0238311  0.00525409  0.0106985  0.0181131  -0.0245542  -0.0540358  0.00735124  -0.0122768  -0.010919 
242 3.81957e-05 0.501745 0.000517005 0.0654471 0.000209466  0.000169437  0.000161494  0.000117525  8.2098e-05  1.48264e-05  -0.000278217  0.000158611  0.000192353  9.10779e-05 
243 0.000670454 0.922774 0.0336673 0.0651547 0.0161552  -0.010679  0.00513887  0.00864308  -0.0174096  0.00205086  0.0114727  -0.0118809  0.00843725  0.00246568 
244 0.000170082 1.224 0.0221923 0.0597905 0.00665849  0.0068189  -0.0031336  0.00314212  0.00285565  -0.0142751  0.000683182  0.00905155  -0.00545226  0.00761024 
247 2.90153e-05 1.11988 0.00848191 0.058351 0.00528573  0.00201804  -0.00152379  0.00158827  0.000125775  0.00150351  0.00532589  -0.000501428  -0.00109361  -0.00173149 
249 0.0013435 0.604945 0.0237583 0.0581018 0.00461267  -0.000898817  -0.00389427  0.00209148  0.0133793  0.0139453  -0.0104872  -0.00274315  -0.00295381  -0.00480877 
250 -0.000182881 0.463743 0.0051519 0.0450913 -0.000572244  -0.00312991  0.000256591  -0.000350896  0.00105778  -0.00165901  -0.00186772  -0.000428055  0.00113529  -0.00271986 
251 -0.000160701 0.423353 0.00702038 0.0470757 -0.0017347  0.00438839  -0.00142146  -0.001547  0.00314227  -0.000535788  -0.00105555  0.000427511  0.00328111  -0.000617432 
252 0.000747314 0.62169 0.0190759 0.0487528 0.00649289  0.00499582  0.00329849  -0.0132408  0.000676575  0.00709523  -0.00157239  0.0069037  0.000541255  0.00305724 
253 9.89107e-05 5.72084 0.0454418 0.0403708 0.0122991  0.00242943  0.00762444  -0.0163084  -0.0123832  0.0123056  -0.0180383  -0.0106035  -0.0174297  0.0231799 
257 -0.000399037 -1.36095 0.054497 0.0391266 -0.0122876  -0.0145568  -0.0125193  0.0176432  -0.0156504  -0.0103372  0.00379489  0.0169584  0.0383652  -0.00365421 
258 0.000255025 0.645454 0.0121815 0.0439319 0.00390261  0.00688248  -0.00320609  0.00347663  0.00444864  -0.00467534  0.00161824  0.000629898  -0.00426659  0.000744741 
259 8.3709e-05 0.758102 0.00929627 0.040927 -0.000183753  0.00544026  0.00269486  0.00418562  0.0049882  -0.00166516  -0.000402509  -0.00188731  0.000532568  -0.000588442 
260 7.67493e-05 0.533289 0.00319719 0.0398913 0.000140546  0.000735243  0.00172218  -0.00124181  -0.000148115  0.000317872  0.00147554  0.00134381  -0.000784408  0.000657537 
262 -2.0848e-05 -21.0425 0.0423803 0.0389174 0.00404858  0.00291948  0.00147807  0.000126546  -0.0220078  0.0137153  -0.0110151  0.0131434  -0.0275342  0.00665663 
264 0.000231759 0.775989 0.015995 0.0391844 0.00373629  -0.00644181  0.00941715  0.0010397  -0.000987901  -0.00302239  0.00684482  -0.0063005  -0.00262904  -0.00265519 
265 7.01108e-05 0.519819 0.00235807 0.0361065 0.00128999  -0.00025399  -0.000438491  0.00122802  0.000672303  0.000329414  0.000498783  -0.00110401  -4.70267e-05  -0.000318188 
266 -8.12479e-06 -1.13646 0.00729271 0.0351223 0.000786792  0.00510448  -6.92729e-05  -0.00471699  0.00143138  -0.000102303  0.00126944  -0.000354501  0.000149456  -0.000659747 
267 4.64013e-07 524.012 0.0311696 0.0352377 -0.0105439  -0.0163955  0.0196116  0.00692538  0.0057126  0.00419739  0.00406197  -0.00912943  0.00236871  -0.00181047 
268 0.000211759 0.591962 0.00882656 0.0352312 5.29288e-05  -0.00116793  0.000716711  0.00400454  0.00526772  0.000991157  0.00199185  0.00267173  0.00276054  -0.00354034 
270 7.87337e-05 0.790538 0.0095655 0.0320858 -0.00364285  0.0025426  -0.00244524  -0.000965494  0.000977911  0.00373675  0.00131982  0.00185323  -0.00353745  0.00567827 
274 -4.95773e-05 0.395151 0.00456008 0.0308345 -0.00253188  -0.000972486  -0.00134441  0.00116998  0.000122046  0.0025928  0.000576667  -0.0015145  0.000653619  0.000686209 
275 0.000124428 0.976064 0.0153925 0.0316283 0.00846356  -0.000339603  0.000339808  0.00828936  0.000240874  -8.92334e-05  -0.00231516  0.000683928  0.00864547  -0.00396413 
280 0.000580039 0.661439 0.0193548 0.0295961 0.00429611  0.00398611  -0.0104512  -0.00634948  0.00542226  0.00635029  -0.0106091  0.0022393  0.00158268  0.000957403 
283 3.08548e-05 1.80123 0.0126725 0.0172063 0.00684773  -0.000223341  -0.00255127  0.00160535  0.00901553  0.00166075  -7.47926e-05  -0.000121533  0.00440689  -0.00104199 
289 3.04861e-05 0.689648 0.00480901 0.016285 0.000570862  0.0026237  -0.000887669  0.00068899  -0.00222383  -0.000215977  -0.000172766  0.0020773  -0.00203893  -0.00107701 
290 -5.09946e-06 -8.9184 0.0138604 0.0153204 -0.00418547  -0.00040161  -0.00208682  0.00280355  0.000982803  -0.00321554  0.00283955  -0.0101345  -0.00568723  -0.00279193 
292 -0.000594663 0.207743 0.0263723 0.015486 -0.0117671  0.00565551  0.0146341  0.00838674  0.0017789  0.00113872  -0.00501863  0.0123677  -0.00593548  -0.00476624 
294 -0.000499883 0.436644 0.0112622 0.0288904 -0.00343138  -0.00371933  0.000856776  0.00350917  -0.00429062  -0.000385071  -0.00346676  0.00552641  -0.0046637  -0.00230528 
295 1.04786e-05 0.519537 0.000904952 0.036533 -0.000130853  -0.000109789  -8.46751e-05  -0.000205223  0.000186375  -0.0005427  -0.000238468  4.5822e-05  -0.000332821  0.000491405 
297 -7.56219e-05 -0.447456 0.0169292 0.0363893 0.00325028  0.00483676  -0.00237321  -0.00628891  0.00171995  0.0040802  -0.0114958  -0.000857901  -0.00589546  0.00449478 
299 0.000129431 1.09852 0.0176024 0.037414 0.00331103  0.00221651  -0.010881  0.00271785  0.0031007  0.0108611  0.00452687  -0.00163725  0.003636  -0.00205345 
302 -2.35217e-05 0.336458 0.00392269 0.0356425 -0.00272369  -0.000270408  -0.000585987  -0.00128851  0.000863847  0.00149808  -0.000414273  -0.00076181  0.00135867  0.00055122 
304 7.7227e-06 0.759468 0.0028311 0.0359709 0.000416448  -0.00181832  0.000564943  0.00116984  0.00055476  -0.00116291  4.74718e-05  0.00064184  -0.000118576  -0.000871413 
305 -0.0001205 -0.382917 0.0206295 0.0358634 0.00679439  0.00252641  0.0025078  0.0104772  0.0105658  -0.00534594  0.00924033  -0.00354141  -0.000997286  0.00422306 
306 5.85586e-05 0.581842 0.00437851 0.0375059 -0.0010041  0.000807052  -0.00220172  -0.00144643  0.000275357  -0.000446786  -0.000629002  -0.00159378  -0.00100104  0.00252166 
307 -1.85009e-05 -0.22699 0.00733486 0.036717 -0.000859505  0.00451029  -0.00191104  -0.00016875  -0.00104885  -0.0025361  0.00278551  -0.00300554  -0.00199683  -0.000852465 
312 0.000155345 0.634609 0.00914594 0.0369681 -0.0039137  4.20229e-05  0.00060807  -0.0062913  0.00129664  0.00113529  0.00330384  0.00278363  -0.00259298  -0.000146862 
315 -1.13907e-05 0.494227 0.000512925 0.0348038 4.00043e-05  -3.02583e-05  2.4842e-05  0.000160987  -5.63614e-05  5.79975e-05  0.000309591  -0.000221749  -0.000236433  -0.000163039 
318 8.10346e-05 1.61721 0.019029 0.0349671 0.00630404  -0.00246493  -0.0072214  0.000787962  -0.00232031  0.00362606  0.00135139  -0.012231  0.00866104  0.00430679 
319 -0.000638837 -0.107877 0.0394175 0.0337885 -0.0265896  -0.00511804  0.0139024  -0.00610289  -0.0210684  -0.00301914  0.00270246  0.00651445  -0.0080877  -0.00467623 
321 -1.38563e-05 0.432363 0.00193621 0.0421984 -9.31953e-05  0.000771417  -0.00140361  0.000392514  -0.000289405  -0.000206517  0.000558476  0.00057618  -0.000200454  -0.000458783 
329 -0.000116373 0.474485 0.00344741 0.0423623 -0.00148421  -0.000102096  0.000439349  -0.000496943  0.000678112  0.00161305  0.00162764  -0.00157674  0.000244946  0.000987039 
331 1.96053e-05 19.1992 0.0382901 0.0437143 -0.00709458  -0.00630783  -0.0021782  -0.0207578  0.00340093  -0.00289183  -0.0107152  0.01609  0.02318  -0.00307126 
333 0.00085537 0.643212 0.0221387 0.0434895 0.0143201  0.00404317  0.00633662  0.00900129  -0.00232743  0.00198416  0.00511023  -0.0036387  -0.00601716  0.00791337 
334 3.99299e-06 0.634537 0.00146588 0.0321921 -0.000430594  -3.6371e-05  -0.000194404  0.000671721  0.000523742  -0.000275869  0.000569214  -0.000289163  -0.00077988  -0.000326855 
335 0.000151786 1.04244 0.0181469 0.03213 0.00564631  0.00534808  -0.00251028  -0.00769299  -0.00118445  -0.00598479  -0.000294577  -0.00538986  0.00837675  0.00817408 
339 -0.000188787 0.392711 0.00900245 0.0296743 -0.0024259  -0.00243225  0.00603301  0.000901904  0.000328219  -0.0012182  0.00308692  -0.00391241  0.00196136  -0.00132585 
341 0.000135776 0.64756 0.00895229 0.0327012 0.00156511  -0.00583211  -0.00106049  0.000713665  0.000849912  0.00341115  0.00256193  -0.0036652  -0.00276443  -0.00143139 
344 0.000112319 0.535274 0.00398159 0.0305549 0.00327244  -9.78838e-05  -0.000366544  -0.00022232  0.000203928  -0.000474053  0.000909546  -0.00180193  -0.000777563  7.56805e-05 
345 -7.34574e-05 0.455943 0.00359837 0.0286581 -0.00148234  -0.0027385  -0.000771422  -7.05378e-05  -0.000268696  0.000540941  -0.000575044  0.000214103  3.85585e-05  0.00138155 
350 -0.000224503 0.068439 0.0196875 0.0299124 0.00295177  -0.0118368  -0.0105323  0.00630141  0.00313472  0.000164099  0.000723245  -0.00149187  0.00844698  0.00204524 
351 -0.000310769 0.459965 0.0070585 0.0334556 -0.00315118  -0.00172561  -0.00150957  0.00208269  -0.00221673  0.000199229  -0.00394508  -0.00126636  0.000154426  0.00285544 
353 -5.26469e-05 0.228209 0.00756559 0.0378166 0.000533479  -0.0034402  0.000968693  0.00103099  -0.00216746  0.00342746  0.0025379  0.00103651  -0.00372514  -0.00229781 
354 -0.00034691 -2.97243 0.0694009 0.0385064 0.0309981  0.0246481  -0.007825  -0.0322601  0.000373193  -0.0140626  -0.0178037  -0.00038699  -0.017819  -0.0362436 
356 0.00117272 0.937241 0.0452769 0.0427751 -0.00549042  -0.0206032  -0.00635383  0.0279789  0.00839985  0.00417157  0.0118103  -0.000727237  0.00398968  0.0229844 
357 -3.9672e-05 0.260512 0.00616483 0.0256454 -0.00043832  0.00158497  -0.00192125  0.00178959  0.00209451  0.00339589  -0.0020039  0.000599418  0.000553601  -0.00279403 
358 -8.22467e-05 0.138243 0.0109096 0.0264075 -0.00213009  -0.0031764  0.00191755  -0.00682319  -0.00441945  0.000728165  0.0014715  -0.000920576  -0.005159  -0.00211431 
362 0.000188162 0.6594 0.0109534 0.0279214 0.00293379  0.00218946  -0.000544474  0.0018424  0.0042747  -0.00272001  0.00641503  0.00450953  0.00200475  0.00342141 
363 -0.000591574 0.21353 0.0260421 0.02432 0.00145962  -0.000841258  0.00580138  -0.00672012  0.000245153  0.0210379  0.00790553  0.00796568  0.00279507  0.00448574 
364 -0.0008306 0.219054 0.0305621 0.0343979 -4.41708e-05  -0.0021337  -0.0156647  0.00403694  0.00984928  -0.0102707  0.00375172  -0.000316963  0.0162726  0.0136505 
365 -0.000219379 0.480834 0.00410416 0.0448794 0.00122592  -0.000506055  -0.000768488  -0.0011902  0.000822294  0.00132214  0.00096059  -0.000114576  0.00280865  -0.00135255 
367 -0.000106622 0.456451 0.00431045 0.0472606 -0.000820682  0.00100945  -0.00124471  0.000300422  0.00158602  -0.0011168  0.0025211  -0.00221206  0.000412533  -0.000256642 
370 1.78349e-05 1.50501 0.00846734 0.0483755 -0.000833219  0.000892585  0.0036171  -0.00181356  -0.00500119  0.0033682  0.00381875  0.001615  0.000527015  8.31435e-05 
372 0.000795382 1.52395 0.0570563 0.0481908 0.0149809  0.0154321  0.0108414  -0.00539955  0.00164172  -0.0321146  -0.0353052  0.0122797  -0.00908802  -0.0115011 
373 -0.000325704 0.41374 0.0106043 0.0390805 -0.00337122  0.00227382  -0.000281065  -0.00541688  -0.000108962  -0.00311918  -0.00355879  0.00557024  -0.00114226  -0.00342862 
375 0.00104961 0.781063 0.034348 0.043047 4.47008e-05  0.00936053  0.00936974  0.00844894  -0.00623551  0.0139143  0.00497969  -0.0241557  -0.00888739  -0.00363604 
376 0.000140839 0.904378 0.0150929 0.0283545 -0.0025286  0.000444508  0.00462676  0.00141227  0.00350773  0.0105986  0.00449863  0.000842477  0.000478268  0.00721069 
377 -0.000114128 0.454867 0.00453997 0.0257517 0.00112589  0.000921532  -0.00079364  -0.00330034  0.00114191  -0.00122332  -0.000262281  -0.00108052  -0.000348503  -0.00167756 
378 -0.000615541 0.183772 0.0279098 0.0278798 0.000294329  -0.00509084  0.00085455  0.0186793  0.00943354  0.0100234  0.00191388  -0.00828788  0.00854866  -0.00827138 
379 -8.09754e-05 0.460771 0.00356511 0.0373231 -0.000488483  0.00133643  0.00184331  0.000573918  6.71522e-05  0.00114824  -0.00122147  -0.000463978  0.000536585  0.00190787 
380 0.000106926 1.85533 0.0240751 0.0383926 -0.00263755  0.00581412  -0.00525992  -0.0170434  -0.0109134  0.00154015  -0.00866826  0.00428908  0.00147841  -0.00187328 
381 -4.81023e-05 0.352101 0.00533468 0.036974 -0.000755602  0.0012454  -0.000659017  -4.99361e-05  -0.0028141  -0.00228966  -0.00104423  -0.00113503  0.00148596  -0.00285511 
385 0.000254828 0.574953 0.00874202 0.0376189 -0.00316406  9.88807e-05  0.00243122  0.00414952  -0.00260097  0.00078821  0.00453657  -0.00232587  -0.00225525  0.00219312 
387 -0.000187851 0.454363 0.00585772 0.0340644 -0.00198947  0.00295947  -0.00273291  -0.00100517  -0.000557818  0.00182596  -0.000770621  -0.00198143  0.000311945  0.00220334 
393 -7.06869e-05 -0.741071 0.0187326 0.0367185 -0.00333094  -0.00705386  0.00229078  0.00705922  0.00827322  0.00563957  -0.00712696  0.00281116  -0.0060419  0.00628688 
399 7.10428e-05 1.04023 0.01239 0.0376688 -0.00106756  -0.00880196  0.0016455  0.000462152  -0.00288074  -0.0024492  0.00175327  -0.00711762  0.001056  0.00168218 
401 0.00021523 0.858305 0.0175628 0.0367138 -0.00195432  0.00215985  0.00673465  -0.000320201  -5.74953e-05  -0.00180399  0.0149064  -0.00153865  0.00400079  -0.00326761 
403 -3.10113e-05 0.389447 0.00370327 0.0336555 -0.000470307  -0.000120471  -0.00135322  -0.00156923  -0.000702558  0.00090555  0.00245203  -0.000778641  0.000347164  0.00106391 
404 0.000220287 0.927793 0.0194142 0.0341131 -0.00818166  -0.00834072  -0.0118084  0.00687305  0.00178604  -0.00115382  0.00284487  0.0040953  -0.00484617  -0.000925745 
406 -8.81485e-05 0.303666 0.00832062 0.0307155 -0.000417811  0.00458368  -0.00161147  -0.00090428  -0.00475647  0.000158249  0.0033263  -0.00180483  0.001812  0.0020927 
407 0.000412223 0.573936 0.011044 0.0321185 -0.00196703  0.00311985  0.000195746  -0.00570084  0.00148464  -0.00716903  0.000613681  0.00436196  0.000349378  -0.00164492 
408 0.000154331 0.85529 0.0148094 0.0248889 0.00502439  0.00025685  -0.00130319  0.000524349  -0.0039184  0.000962611  -0.00201727  0.00802382  -0.00185057  -0.0101921 
411 -0.000240687 0.456713 0.00645823 0.021567 -4.87058e-05  0.000333463  -0.00155795  -0.00148263  -0.00274923  0.0044459  -0.000264972  -0.000239146  0.00276325  -0.00137206 
412 3.12371e-05 0.635294 0.00411157 0.0265679 0.00064166  -0.00239442  0.000271419  -0.00128019  -0.00169293  -0.000395729  0.000942603  0.000257863  -0.00219496  -0.000501992 
413 -0.000393077 0.226583 0.0207373 0.0259734 0.00915941  0.0139634  0.00110166  -0.00187395  -0.00555896  -0.00563611  0.00462129  -0.00118683  -0.00681409  -0.00381772 
414 -0.000223721 -0.00964633 0.0213571 0.0326768 0.00634222  -0.00630228  -0.00151371  -0.00400646  0.0122543  0.0102903  -0.00940571  -0.00136506  0.00327858  -0.000837525 
415 -0.00075041 0.309151 0.023944 0.0359377 0.00947137  -0.00304138  -0.00586788  0.000248404  0.00154608  0.0078975  0.00979745  0.0145777  -0.00644412  0.00500777 
416 -0.000482741 0.273473 0.0209192 0.0451908 0.00551198  -0.00493805  0.00243532  0.000273899  -0.0049429  0.00223092  -0.017395  0.00260827  -0.00440329  -0.00431882 
419 0.000754268 1.08644 0.0420543 0.05025 0.00166476  -0.0182729  0.00832063  0.000333766  -0.0038457  -0.0218952  0.00736798  -0.023667  0.00658109  0.0145132 
420 0.000411607 0.889019 0.025306 0.0420842 -0.00932325  0.000446543  0.00140509  0.00383059  0.012757  -0.00994162  0.00853351  0.00288353  -0.0138744  0.00118748 
422 -0.000549989 0.170196 0.0269414 0.0368722 -0.0109619  0.000453529  0.00593501  0.00215002  0.00912757  -0.00255865  0.000935272  0.0123667  -0.0178694  0.00162514 
423 0.000117408 1.31145 0.0195205 0.0437001 0.00293329  0.00520427  -0.00226536  0.00285011  -0.0048251  -0.0112961  -0.00369371  0.012097  0.0020258  -0.00414008 
424 0.000534471 0.823136 0.0262817 0.0423356 -0.00994513  0.00425501  0.00856427  -0.0127075  -0.0101528  -0.00343377  0.00280798  -0.0011248  0.00957135  0.0111022 
425 2.55599e-05 1.32669 0.00919338 0.0354679 0.00679869  0.00285339  0.00303663  0.00247714  0.000715233  0.00091182  0.000284296  0.00155436  0.00328553  0.000403017 
426 0.000365433 0.576102 0.0105492 0.0351057 -0.0037381  -0.00332239  -0.0026577  -0.000588871  0.000972409  0.000452842  -0.00144655  -0.00316125  0.00293982  -0.00754884 
427 -0.00145004 0.190467 0.0423945 0.0294456 -0.0137527  0.0215968  0.00758643  -0.0154412  -0.0183581  0.00794925  -0.0140679  -0.00705329  -0.0129318  -0.00553665 
428 2.00709e-05 2.27855 0.0119492 0.0481471 -0.000192636  -0.00100935  0.00085227  -0.00634528  0.00235522  -0.0011432  -0.00152866  0.00644946  0.00702997  -0.000729794 
431 3.09534e-05 0.528176 0.00186788 0.0479382 -0.00020587  -0.000395383  0.00065707  0.000704126  -0.000252726  0.000750295  -0.00044761  -0.000896385  0.000165135  -0.000839506 
432 0.000327147 0.762899 0.0185475 0.0476142 0.000292465  -0.000866719  -0.00930172  0.00612069  0.00375187  -0.000571565  0.0043321  -0.0111415  -0.00696663  -0.00365358 
434 9.60166e-05 3.62838 0.0346594 0.0440457 0.0238616  -0.0131232  -0.0112214  0.00337985  0.00602576  -0.00553269  0.00703525  -0.0131706  0.00569634  -9.04112e-05 
436 -5.46441e-05 0.45767 0.00304205 0.042942 -0.000352144  -9.96992e-05  -0.000454415  -0.00108938  0.00174351  -0.00185507  0.00102875  0.000184312  0.000387487  5.7448e-05 
437 -0.00026672 0.448889 0.00738727 0.0435736 0.00329098  -0.00139752  -0.00158825  -0.00161665  0.00458297  0.00281444  0.00056416  -0.000521936  -0.0026628  0.000215009 
438 -1.16889e-06 0.499509 4.79417e-05 0.046534 -2.562e-05  -2.29542e-06  -1.13776e-05  1.70872e-06  9.99973e-06  7.2223e-06  1.30516e-05  -1.17463e-05  -3.14301e-05  -7.48713e-06 
440 -4.98626e-05 0.0263267 0.00971992 0.0465466 -0.00177546  -0.0030474  0.000479329  -0.00225172  0.00630803  0.00144506  -0.000857606  0.00478072  -0.00292921  0.00163936 
443 0.000129898 2.87721 0.0351414 0.0470791 -0.0152923  -0.00797278  -0.00270556  0.00367165  -0.00815688  0.0149157  0.00554445  0.0151315  0.00228197  -0.0190467 
444 -9.38564e-05 -2.39045 0.0329402 0.0456788 -0.00233209  -0.0163697  0.00192386  -0.00398484  -0.0144015  -0.012366  0.000119614  0.00489918  0.0112398  0.0167751 
445 0.000659991 1.21694 0.0434953 0.0466949 0.0105498  0.0124081  0.0213181  0.0123722  0.021826  0.00410575  -0.00393876  0.0147415  0.0169165  -0.0026107 
447 8.24266e-05 2.63699 0.0265423 0.0389954 0.0107796  0.00875518  -0.00427254  0.0142009  -0.01027  0.00376216  0.0044115  -0.0079715  0.0033205  -0.00883513 
448 -0.000239448 -0.346778 0.0284795 0.0379239 -0.00208511  0.0031675  5.77076e-05  0.0179715  -0.00926678  -0.00391852  -0.0114565  -0.0113255  -0.0106186  -0.000469321 
450 -0.000247321 -0.435497 0.0304222 0.0409597 -0.0189406  0.01794  0.00990088  0.00643073  0.00282064  -0.00381647  0.00210796  -0.00172757  0.00809031  0.00318352 
452 -0.000202372 0.484335 0.00356399 0.0438754 0.000462115  0.00184865  0.000104981  0.000973955  -0.000244631  -0.000892695  0.000531173  -0.000536223  -0.00166056  -0.00198179 
455 0.000584109 0.668631 0.0198502 0.0461242 -0.00137419  -0.00119184  -0.00892057  -0.00536586  -0.00909514  1.8784e-05  -0.000981878  0.00892621  -0.00597024  0.00912941 
457 0.000369858 0.893801 0.0241355 0.0392874 0.000265668  -0.00735134  -0.0188563  -0.00373942  0.00622753  -0.00740478  0.00402554  0.00157315  0.00574781  -0.00367918 
458 0.000164715 0.661245 0.0103073 0.0342595 -0.00271215  -0.00288509  0.00559304  -0.00288325  0.00367159  0.00117412  0.000848671  0.00272392  0.00528211  0.000258651 
460 0.000166201 0.731164 0.0123966 0.0317649 0.00638849  -0.0022455  0.00312318  0.00182383  0.00262594  0.00527146  -0.00248582  -0.00152323  -0.0071567  -0.000582176 
461 0.000171263 0.697654 0.0116363 0.0290315 0.00490212  -0.00414225  -0.00245296  -0.00316525  0.00717632  1.13131e-05  -0.000652443  0.00101815  -0.00172497  0.00471612 
463 5.32748e-05 0.686035 0.00629636 0.0259148 0.00126374  -0.00408477  -0.00041416  -0.000920231  0.000206342  -3.57452e-05  4.54004e-06  -0.00183027  0.00319054  0.00260194 
466 -7.585e-05 0.19732 0.00958323 0.0248657 -0.00204507  0.00138409  0.00458682  0.00106545  0.00225231  -0.00403965  -0.000437355  -0.00531068  0.00355665  -0.00106305 
467 -0.000255692 -0.0305042 0.0232948 0.0263468 -0.0101377  -0.00121961  0.00171657  -0.00273853  0.00813859  0.00416595  -0.0134525  0.0111226  0.00233186  0.00585078 
468 -0.00010646 -0.639635 0.0220296 0.0308201 0.00735768  -0.00510701  -0.00504819  0.00187924  0.000931859  0.00453041  0.0121273  -0.00254839  -0.00124265  -0.0141268 
469 4.97335e-05 2.16154 0.0181801 0.0325015 0.00266134  0.00620874  -0.0137451  -0.00491783  0.00387007  -0.00560761  0.00109185  -0.00207253  -0.00141073  0.00422741 
475 -0.00018796 0.133173 0.0166081 0.0317272 0.00679069  0.00295227  0.00132754  0.00111121  0.00398729  0.0118933  0.00503472  -0.00196964  0.00559578  0.000335466 
479 5.40815e-05 2.83769 0.0224868 0.0345629 0.00404691  0.00834071  0.00592699  -0.0115367  -0.000239935  0.0120891  -0.00756174  -0.00558359  -0.00410784  0.000230488 
482 0.000247717 0.699982 0.0140768 0.0337715 -0.00482659  -0.00281212  -0.00551972  -0.00647305  -0.00425362  -0.00617177  -0.00265727  -0.00313381  -0.00342699  -0.00312649 
483 5.20621e-06 1.47729 0.0045113 0.0298802 0.000420376  0.0027815  0.0013854  0.000630199  -0.000701561  0.00110014  -0.000914633  0.00268287  -0.000431049  0.0004464 
487 -0.000125763 0.389432 0.00745872 0.0297929 -0.00151769  -0.000200263  0.000915545  -0.000586506  0.0063095  -0.00191775  0.000421143  0.00228203  -0.000389389  0.00175572 
490 2.55044e-05 1.55551 0.0103768 0.0318338 -0.00479215  -0.00357963  7.29291e-05  0.00247034  0.00307546  0.00283562  0.00394161  -0.00385965  -0.00417022  0.000684887 
491 8.34672e-05 0.529409 0.00313399 0.0314307 -0.00125271  -0.000856845  0.00107724  -0.0012443  -0.00072589  -0.000137645  -0.000178439  -0.000761764  0.00179818  0.000646747 
492 0.000136428 0.731202 0.0112324 0.0300736 -0.00963565  4.85552e-05  -0.00175728  0.00105999  -0.0044142  0.00148444  -0.000839391  -0.00135878  -0.00122408  -0.00183582 
493 8.23894e-05 1.12515 0.0143531 0.0277129 0.00583327  -0.000219083  0.00882918  0.00317099  0.00404241  -0.00473905  -0.000661354  0.00348795  0.00309936  0.00478735 
495 -0.000273754 -0.491611 0.0329525 0.0261843 -0.000705574  0.00679632  0.0216265  0.00218298  -0.0124513  -0.0125817  0.0154774  0.000470791  0.000335783  0.00367305 
497 1.65758e-06 0.950767 0.0017288 0.0309743 0.00103779  -0.000247065  -0.000552362  -0.000308071  0.000377628  -0.00046343  0.000311634  -0.000533763  0.000828402  0.000158236 
