generation s h r distopt trait[0] trait[1] trait[2] trait[3] trait[4] trait[5] trait[6] trait[7] trait[8] trait[9] 
2 -0.000157789 0.349591 0.00974423 0.01 0.0019029  0.00274353  -0.00211136  -0.00496953  -0.0045156  0.00136272  -0.00358544  -0.00244298  0.00317326  -0.00187272 
3 4.42909e-05 2.49505 0.0187997 0.0249129 -0.0118788  -0.00259113  0.000853166  -0.000821852  0.00370927  0.00467853  -0.00162315  0.00813442  -0.00692733  0.00719488 
5 6.74585e-05 7.04217 0.0420101 0.0409753 -0.0240906  -0.019689  0.0183381  -0.00306026  -0.00602883  -0.0142593  -0.0057679  -0.00135038  0.0113999  -0.00681632 
7 -0.000142819 -2.77421 0.0432456 0.05004 0.0187021  -0.0198745  -0.00114328  -0.00862638  -0.014981  -0.0111838  -0.00263269  0.0106486  -0.005859  0.0233568 
10 -0.000564232 0.415799 0.0137929 0.068001 0.00285888  -3.73543e-05  0.00986594  0.00246294  -0.004294  0.00340846  -0.00100614  0.00154703  0.00663109  -0.00111058 
11 0.00192577 0.669014 0.0360876 0.079131 -0.00534421  -0.00582237  0.00358137  0.0190961  0.0105501  -0.00421557  0.0167239  -0.00952006  -0.0123835  -0.0144783 
12 3.91671e-05 0.596387 0.00388604 0.073965 0.000638355  0.000508126  -0.00164436  -0.000105567  -0.00194475  0.00248229  0.000493722  0.00104394  0.000533688  -0.000397889 
15 0.00010499 0.522244 0.0030572 0.10035 -0.000774239  -6.797e-05  -0.0014834  0.000150591  0.000917365  -0.000606192  0.00193402  0.0010752  0.000491502  -0.000414947 
18 0.00295566 2.05051 0.135154 0.128014 -0.0234458  -0.0807836  0.00335254  -0.046796  -0.0488878  0.0390882  -0.0211132  -0.0499691  -0.0438345  0.0144164 
20 0.00285705 0.565442 0.0274011 0.123912 0.000143967  0.00298436  0.00300559  0.0167436  0.000348104  0.00193616  0.00991882  0.0118766  0.0118099  -0.00835037 
21 0.000264035 0.715985 0.0151033 0.117551 -0.00235249  0.00103892  -0.00298358  0.0037597  -0.00547451  -0.00400122  -0.00605424  0.00287382  0.00659127  -0.00800753 
23 0.00872376 0.588945 0.0559176 0.129633 -0.0107104  -0.0344577  -0.0282345  -0.00868872  0.02606  0.00944001  0.00288873  0.00343599  0.00817972  0.00983659 
24 0.000199076 0.549075 0.00625254 0.0965543 0.00173635  -0.00232275  0.0015079  0.00212386  0.000901749  -0.00105062  -0.00121519  -0.00258708  -0.00345074  0.00138037 
30 0.0025272 0.522495 0.0151754 0.142592 -0.0051477  -0.00813988  0.0014612  0.00506785  0.000755319  0.00297993  -0.00644018  0.00589247  0.00124574  -0.00474523 
33 0.0095053 0.743887 0.0962452 0.159879 0.0210046  -0.0311447  -0.0182556  0.0255606  0.0448131  -0.0415495  0.0480401  0.0115195  0.0258164  0.00487092 
34 0.00316249 0.635245 0.0413856 0.136353 0.0057677  -0.0198718  0.0193142  -0.012331  -0.000975138  -0.0254191  -0.00951491  0.000643286  -0.00462822  0.000258293 
35 0.0035499 0.56549 0.0305689 0.133312 -0.00380891  -0.0126639  -0.0098038  0.00228228  -0.00428496  0.0168496  -0.00132398  -0.0174193  -0.00699946  -0.00134335 
36 0.000315174 1.20419 0.0297924 0.128457 0.00779016  -0.00627862  -0.00189754  -0.0152611  -0.0128753  0.0136619  -0.0019404  0.0119993  0.00236148  0.00672531 
38 0.00795447 0.618612 0.0615521 0.145499 -0.0159759  -0.0358624  0.00475784  -0.000906497  -0.00204166  0.00305354  -0.0289697  0.0298685  -0.00466972  0.0213819 
39 -0.00014599 0.188161 0.0134952 0.123545 -0.00670586  0.00209938  0.00560138  -0.00797141  -0.00284896  0.00198485  -0.00298873  -0.00013102  0.00376763  -0.00162044 
40 0.00697558 0.62456 0.0590432 0.132785 0.00718828  -0.0457462  0.0164985  0.00347697  0.0194596  0.00773286  0.0131983  -0.0191578  0.00480337  0.00739337 
41 0.0037546 0.866158 0.0741084 0.110707 -0.0370444  -0.0233692  0.0248962  0.00511675  -0.0137412  0.0354359  -0.0103737  -0.0132877  0.0206611  -0.0277861 
47 0.000680923 0.551149 0.0118109 0.135291 -0.000852948  -0.0030662  0.000318014  0.00312076  0.00166108  0.00456601  -0.00524893  0.00388037  -0.000884328  -0.00724771 
48 0.0017882 0.635879 0.0311853 0.141039 0.00557913  -0.00665303  -0.00868256  -0.00239829  -0.00422302  -0.00667179  0.0208458  -0.0028934  0.0118091  -0.0130871 
54 0.00201054 0.538998 0.0177572 0.187938 -0.00772058  -0.00285087  -0.00606095  -0.000707375  0.00958655  0.000668793  0.00534288  0.00417258  0.00599879  0.00600463 
55 0.00271535 0.603365 0.0335363 0.191798 -0.0034095  -0.0130624  0.0205808  0.0035468  0.0119536  0.00249026  -0.0173686  -0.00143455  0.0013982  0.00717709 
56 0.00521587 0.590444 0.0435333 0.193595 -0.00894824  -0.0150234  0.0145003  0.00199851  -0.00952733  -0.0236957  0.0202791  -0.00656151  -0.0081871  0.0141963 
61 0.0153905 0.659514 0.0992463 0.224977 -0.0446927  -0.0469722  0.00715422  0.0125658  -0.0129812  0.0191221  -0.0679946  -0.01033  -0.00855367  -0.00998126 
64 0.00465348 0.764752 0.0701739 0.212904 0.0275246  -0.02336  -0.0383841  0.0100578  0.00113166  0.0319868  -0.00662393  0.018884  0.0158461  0.0192502 
65 0.000629819 0.648955 0.0193732 0.210013 -0.0056866  -0.000456981  0.00250046  0.000336414  -0.0118289  -0.00205479  0.00744071  -0.00689374  0.00814144  -0.00480566 
66 0.00290003 0.561317 0.0267279 0.216928 -0.0011558  -0.00676711  0.0011286  0.021568  0.0070465  -0.00443918  0.00694188  0.00665172  0.00304193  0.00545452 
67 -0.000127832 0.486579 0.00262131 0.218648 0.00130505  0.000170464  -0.00164293  -0.000156592  0.00110937  0.000953987  -0.000303049  -0.000101444  -0.00016319  -0.000381793 
69 0.00765044 0.576967 0.0487308 0.236315 0.00134925  -0.0229742  0.00141141  -0.00233322  0.00448667  0.0268659  0.0057417  0.0158009  -0.0236683  -0.0159026 
70 0.000814343 0.903916 0.0362668 0.228127 0.0050634  0.00468865  -0.00198679  -0.0125655  0.0161806  -0.00131108  0.0249041  -0.00143327  -0.0142354  -0.0041684 
71 0.000381976 1.00942 0.027896 0.235293 0.0136644  -0.00300517  -0.00970953  0.002663  -0.0124135  -0.00535815  -0.00623704  -0.00218529  0.00239647  -0.015775 
74 0.00288356 0.521053 0.0157043 0.261962 -0.000321776  -0.0069166  -0.00967279  0.000161029  0.00464455  0.0028634  -0.00171355  -0.00528056  0.00665024  -0.000524675 
75 0.0109402 1.18778 0.172863 0.265626 0.0408666  -0.0885427  -0.0500193  -0.082397  0.0262364  -0.0203304  0.0560317  -0.00703272  0.0822483  -0.0050191 
77 0.00253386 0.526789 0.0165639 0.258657 -0.00358629  -0.00344372  -0.00471593  0.00750764  0.000536366  -0.000922268  0.00812892  -0.000731119  -0.00245732  -0.00986143 
80 0.0123278 0.595718 0.0690172 0.276511 -0.0409868  -0.00531894  -0.0263903  0.00665963  -0.00306011  0.00150215  0.0294133  0.000251737  -0.0314655  0.0211534 
82 0.00021101 0.548304 0.00638654 0.269505 0.000815703  -0.000612592  0.000524026  0.000742752  0.00114225  0.00392443  -0.00286586  -0.00130013  -0.00207914  0.00282643 
85 0.00728222 0.637002 0.0632502 0.294176 -0.00581207  -0.0230462  -0.00549912  -0.0168302  -0.0458317  -0.00891798  -0.0125919  0.00124006  0.0166381  0.0224766 
86 0.0106952 0.57826 0.0581843 0.289679 -0.0173804  -0.00445501  0.0217253  0.00393045  0.0147182  -0.0422804  -0.00589606  0.0140512  0.0175911  -0.0054909 
88 0.0076529 0.528937 0.0301892 0.287723 -0.00488617  -0.0145096  0.00802657  -0.00204807  -0.00436778  0.00201497  -0.00061645  -0.0189801  0.00179184  -0.0148793 
90 0.0148075 0.61528 0.0829466 0.291305 -0.0124338  -0.0277806  0.0215302  0.0245206  -0.0205916  0.0526996  0.00766588  0.0347668  -0.0178625  -0.0100569 
92 0.0132726 0.529777 0.0407069 0.281879 0.00359039  -0.0341758  -0.0110748  0.00915918  0.0125236  -0.000772369  0.00124005  0.00878727  0.00575172  0.000602146 
94 0.0231161 0.611268 0.102073 0.274013 -0.00382086  -0.0540777  -0.00337997  0.0391393  0.0216858  0.0403585  -0.0230906  -0.0128819  -0.0499782  0.0253106 
95 0.0083386 0.566436 0.0473351 0.236372 0.00601744  -0.0177795  -0.0221341  -0.00109191  -0.000635949  -0.0219841  -0.0113664  -0.00655067  0.00231574  -0.0271295 
96 0.0018086 0.584302 0.0247166 0.226047 -0.00405402  -0.00771204  -0.0132205  -0.00378967  -0.00159015  -0.00541115  0.0107246  -0.00094007  0.000792091  -0.0140541 
97 0.0111667 0.762142 0.108115 0.229891 -0.0600208  -0.0156624  0.00389564  -0.0149567  0.0578492  -0.0289605  0.0152276  0.02235  -0.0110642  -0.0506265 
99 0.00415978 0.548942 0.0286564 0.21963 0.00733067  -0.0100209  0.010214  -0.00477193  -0.00940713  -0.00652569  0.008467  0.000943312  -0.0177028  -0.00478416 
101 0.0041295 0.55324 0.0297657 0.225981 -0.00398307  -0.00761607  0.0133211  -0.00895132  0.0162618  0.000812917  -0.016278  -0.00403551  -0.00282784  0.000431872 
102 0.00545551 0.697533 0.0656607 0.224876 0.0097764  -0.0216429  -0.0120653  0.0258856  -0.0253822  0.0345929  -0.0154753  -0.0265018  0.00835769  0.00889374 
105 0.00600864 0.59363 0.0475492 0.236843 -0.0191998  -0.00211996  0.000876244  -0.00056948  -0.00698201  -0.0172612  -0.0103937  -0.0303878  0.0209442  0.00836084 
106 0.0102047 0.765384 0.103994 0.23242 -0.00447731  -0.0295958  -0.00494468  0.0528785  0.0420317  -0.032205  -0.000424993  0.0516294  0.00593035  0.0399173 
107 0.00374797 0.527725 0.0205389 0.217683 -0.00598962  -0.00774002  0.00105829  -0.000139705  -0.00609188  0.0043857  0.00882661  0.00217565  -0.00158958  0.0135428 
108 0.00251782 0.505763 0.00781822 0.21722 0.000169698  -0.00413316  0.00525014  -0.000865291  -0.00282223  -0.000676699  0.00153476  9.15808e-05  -0.00201408  -0.000925679 
111 0.0126649 0.685734 0.097048 0.237174 -0.0362943  -0.0429209  -0.019341  -0.00933059  0.0161228  -0.0667065  0.0268713  0.0181788  0.0057633  -0.00149509 
112 0.0112527 0.62015 0.0737347 0.216587 -0.0391647  -0.00949263  -0.00503044  -0.00129781  -0.0180588  -0.00680147  -0.0279403  -0.0422034  -0.0284647  0.00643681 
117 0.0011296 0.504814 0.00473027 0.230232 -0.000188697  -0.00254277  0.00122766  -0.00120457  0.00148223  0.00133601  0.0002347  0.00245948  0.00145323  0.000847383 
118 0.00209307 0.545228 0.0195047 0.236401 -0.00899716  -0.00503358  0.00261427  6.93148e-05  0.00215308  -0.00447325  0.000861226  -0.013134  -0.00448734  -0.0070202 
119 0.005103 0.692583 0.0627059 0.240537 0.0321819  -0.0212113  -0.0010084  0.0196501  -0.0205411  -0.00160487  0.000871005  -0.0318098  -0.00756928  -0.0237669 
121 0.00120034 0.834991 0.0400979 0.246999 -0.00567263  -0.0157996  -0.0249502  0.0054239  0.001804  5.46735e-05  -0.00881494  -0.0156274  -0.0135288  0.0128803 
126 0.00852016 0.589779 0.0555121 0.286771 -0.0347993  -0.00286924  0.0114129  -0.0243758  -0.00686136  0.00905581  -0.00533688  -0.0042637  0.0267309  0.0157367 
127 0.00856128 0.512176 0.0212484 0.280363 0.00509723  -0.0156429  0.00871205  -0.00286134  0.00245972  -0.00368843  -0.00558769  -0.00235098  -0.00417039  0.00478867 
129 0.030974 0.58427 0.103602 0.282537 -0.0159601  -0.0658286  0.0349797  -0.0177323  0.0134123  -0.00180098  0.0355382  -0.00111011  -0.055051  0.0113749 
130 0.00919655 1.12285 0.150945 0.230529 0.0206581  -0.0197593  0.068709  0.0248636  -0.0663423  0.0691947  0.0242018  0.0557426  0.056062  0.0245568 
131 0.00277879 0.565884 0.0271123 0.218481 -0.00988012  -0.00819695  -0.00618808  0.00699447  -0.0113664  -0.00924834  0.0093945  -0.00654095  -0.00966495  -0.00662375 
132 0.0188274 0.789663 0.1474 0.220669 -0.0276672  -0.0819245  -0.0286244  -0.0585141  -0.0848341  -0.0453874  -0.0100023  0.0214883  0.00754576  -0.0114379 
137 0.00356449 0.683228 0.0511204 0.207586 -0.0222945  -0.0141863  0.00885863  0.00659977  -0.00285655  -0.00357404  -0.00858801  0.0368945  0.00472338  -0.0177415 
138 0.00678703 0.62146 0.0575134 0.205801 0.0115843  -0.00285111  0.00489462  -0.0186987  0.0323098  0.0392  -0.00464756  -0.00209162  0.0127932  0.00465498 
139 0.00156659 0.520166 0.0112912 0.196508 0.00148814  -0.000572351  -0.00574099  0.00459921  0.00460412  0.00374733  -0.00471361  0.00115218  -0.00280805  -0.00204118 
140 0.00260288 1.13107 0.0809928 0.200679 -0.00909166  -0.00303806  0.00991705  0.0322945  0.000781464  -0.0420879  -0.0397923  -0.0361158  0.0252616  0.00536067 
142 0.000711795 0.65414 0.0209509 0.210961 0.00236395  -0.0056993  0.00714423  -0.00214817  -0.000271647  -0.00737559  0.0109248  -0.011681  0.0050202  -0.00312128 
144 0.000342534 0.570199 0.00980937 0.22634 0.00286412  -0.00022635  -0.00298149  -0.00119209  0.00164978  0.00692607  -0.000218452  -0.000914566  0.00354114  -0.00368008 
145 0.0036764 0.600282 0.0384508 0.234342 -0.00570345  -0.00185172  0.00649696  -0.00418805  0.00239219  0.0297795  -0.00209142  -0.00879065  -0.0196052  -0.00491948 
147 0.0248798 0.666497 0.128975 0.244486 0.0168879  -0.0736941  -0.052605  0.0469554  0.0279959  0.0124759  0.00672521  -0.03097  -0.0542804  0.0325011 
150 0.00260696 0.510786 0.0107569 0.21326 -0.000684003  -0.00505538  -0.00414535  -0.00193267  0.00011482  -0.00640417  -0.000171581  0.00349642  -0.00114668  -0.0037645 
153 0.00181858 0.572096 0.0229257 0.233782 0.0055777  -0.00480041  0.0120921  -0.0139906  -0.00782203  -0.0040318  -0.000166596  -0.00596644  -0.00352253  0.0020007 
154 0.00220655 0.614616 0.0318247 0.238955 0.00144233  -0.0104619  0.00101632  -0.00784264  -0.0177251  -0.00623547  0.000336782  0.0102828  0.0110647  0.0160439 
156 0.0057189 0.534603 0.0283813 0.252251 0.00048159  -0.0147264  -0.00459085  -0.0025678  -0.00490817  0.0019591  0.0153469  -0.0027246  0.000989119  -0.0169962 
157 0.0105411 0.546612 0.0448282 0.249626 -0.0157033  -0.0242369  0.00471122  0.012804  -0.0149041  -0.0185114  -0.00861446  0.0122554  -0.00876893  -0.0111047 
161 0.010698 0.71136 0.0950941 0.263005 -0.0583066  -0.00409865  0.0296576  -0.029254  0.0354064  -0.00408789  -0.0356238  -0.0294132  -0.0215344  -0.00477679 
162 0.0167168 0.54571 0.0562799 0.250969 -0.0239737  -0.0454282  0.000432676  -0.00683686  -0.00967569  0.0036572  0.0123549  -0.00287317  -0.0145988  0.00101284 
164 0.0115791 0.562075 0.054072 0.232193 -0.00144374  -0.026387  -0.00222417  -0.00713927  0.0352596  0.0254904  0.00213543  -0.01632  0.00166129  -0.00168507 
165 0.00980969 0.771038 0.103039 0.214329 0.0152655  -0.0196968  -0.0195889  -0.0452698  0.00499437  -0.0433134  -0.0204396  0.0314563  0.0503138  -0.0415106 
166 0.00289643 0.545573 0.0230518 0.199022 -0.00716438  -0.00646097  0.00982409  0.00588176  0.00909437  -0.00334196  0.00487413  -0.00849866  -0.00269394  0.0104922 
167 0.00683331 0.729441 0.0791727 0.200475 -0.00168739  -0.0438755  0.00986503  0.0171742  0.000747017  -0.0522454  0.025224  -0.013387  0.0194761  0.00481795 
168 0.00579225 0.728235 0.0727043 0.190253 -0.00531947  -0.0394505  0.0089218  -0.0122046  -0.0172825  -0.00481395  0.0248701  -0.00100555  -0.0502934  0.00137927 
171 0.00803781 0.561576 0.0447591 0.194167 -0.0185547  -0.0270634  -0.00976722  0.0068196  -0.00705467  0.00315305  0.00944423  0.0106486  0.0132381  -0.0186338 
172 0.00335675 0.586439 0.0341191 0.178614 0.0204654  0.00147555  0.0039709  0.0118949  0.0100459  0.0139241  0.00923605  0.0142401  0.000116852  -0.00171672 
173 0.00754646 0.581678 0.0498375 0.176335 -0.0148639  -0.0177209  -0.0226585  0.0144818  0.00641305  0.0102633  -0.010558  0.0152681  0.0162194  -0.0217155 
176 0.00701838 0.534841 0.0316075 0.176479 -0.00283534  -0.0196892  -0.00516942  0.0106479  0.00718911  0.0106383  -0.011311  -0.00535697  0.0118636  -0.000995971 
177 0.00768476 0.844153 0.102732 0.163337 0.00683164  -0.0235786  0.00959125  0.0375863  0.0287662  0.0530637  0.0179013  0.0177224  0.0162903  0.0624768 
178 0.00110189 0.975916 0.0457879 0.146053 -0.00826429  -0.00331111  -0.00260758  -0.00628625  -0.00242151  -0.0412057  -0.00988972  0.010379  -0.00389741  0.00681627 
180 0.00293357 0.564882 0.0276486 0.158846 -0.0156831  -0.0103727  -0.00353731  -0.00807748  0.00952068  0.0020006  0.00227874  0.0150616  0.00251194  0.000368629 
183 0.00111158 1.37262 0.0622617 0.174532 0.00603991  -0.0273844  -0.00256323  0.00758646  0.0334101  0.00432294  -0.000459048  -0.0274759  0.0232324  0.0244172 
185 0.000195249 0.515212 0.00344945 0.186531 0.000645358  -0.0012049  0.000101999  0.000257554  -0.00112131  -0.000595997  -0.000206641  0.00134618  0.00254563  -7.76109e-05 
189 0.0145306 0.613412 0.0815045 0.218645 0.00621921  -0.0599594  0.0120576  0.0200199  0.0264725  0.0130508  -0.00798154  -0.0108067  -0.0331069  0.0177568 
192 0.00396413 0.56751 0.032803 0.204955 -0.00654487  -0.00117896  -0.0169621  -0.00430074  -0.00742027  -0.00186391  -0.0240805  -0.00286443  0.00202713  -0.00865345 
195 0.00839955 0.597504 0.05741 0.219789 -0.00575107  -0.0414788  -0.00984992  0.0115913  0.0207531  0.00485156  0.0245219  0.0156962  0.000181552  -0.00300135 
196 0.0068896 0.543745 0.0349969 0.207197 -0.00855135  0.00370408  0.0063107  -0.0100863  -0.0274251  0.00203606  -0.00753282  0.00836842  0.00471351  -0.0095449 
197 0.0176491 0.567086 0.0696051 0.198192 -0.0155136  -0.0495329  0.00469347  -0.00651904  -0.00929349  0.000344661  0.00411475  -0.0240191  -0.0267004  -0.0263235 
198 0.00149229 0.511586 0.00837964 0.155444 -0.00377361  -0.00384254  0.0052853  0.000158967  -0.00216874  0.000879802  -0.000834963  -0.0002946  8.16762e-05  0.00264296 
201 0.00351936 0.584052 0.0344551 0.175283 -0.00819474  -0.00708228  0.00948547  -0.00959685  -0.00261575  0.000513956  -0.0180568  0.000198043  -0.0127333  0.0198101 
202 0.000581947 1.06197 0.0361624 0.164958 0.016973  0.000568345  0.00290083  -0.0140733  -0.0139025  -0.0090819  0.0150879  -0.000347622  -0.00779115  -0.0157674 
203 0.00235767 0.809052 0.0539708 0.163185 0.00462254  -0.0126549  -0.00145927  0.00699867  0.0094181  0.0285353  0.0197828  0.0238359  0.00452994  -0.0282352 
204 0.0151119 0.613951 0.083325 0.155803 -0.0235134  -0.0656463  0.000669839  -0.0123404  -0.0247837  -0.0106107  -0.00965648  -0.0281423  -0.0168612  0.00562559 
205 0.00134131 0.626452 0.0260544 0.0963099 0.0105094  -0.00289976  -0.00574892  -0.00574301  -0.012013  0.0119785  -0.0058527  0.0099018  -0.000405897  -0.00858382 
207 0.00209693 1.99553 0.111864 0.0890797 -0.0378969  -0.0764377  0.016508  0.00900267  -0.0410183  -0.0182725  0.0017015  0.026226  0.0280125  -0.037274 
213 0.00130725 0.780305 0.0382798 0.0764228 -0.00806803  -0.00715597  -0.00750664  -0.00373107  0.00356157  -0.00852034  -0.0286213  0.00730618  0.0168968  0.00595183 
214 0.000674713 0.941413 0.0345103 0.0673354 0.014808  0.00210769  -0.0136319  0.0122545  0.0180879  0.0099972  -0.00994618  0.00257733  0.00897876  0.0042346 
215 0.00123482 0.956339 0.0474629 0.0621254 0.0171577  0.0113933  0.0210781  0.00483213  0.018975  0.0205262  -0.00649151  -0.00984639  -0.019109  0.00867653 
216 0.000244268 1.04205 0.0230119 0.0512397 -0.00224117  -0.00147099  -0.00290617  -0.00625271  0.00524086  -0.0189335  0.00542627  -0.0012939  -0.00738285  -0.00180312 
218 -2.67476e-05 -18.1269 0.0446367 0.0487982 -0.00435159  -0.000598655  -0.00402892  -0.0199887  -0.012203  -0.0054514  0.0353056  -0.00873793  0.00445822  0.00600118 
219 0.000914499 0.793005 0.0327352 0.0490715 -0.0047201  -0.000660674  -0.00550524  0.0119491  -0.00987825  0.00768896  -0.017094  -0.00723076  0.00197337  0.0192538 
220 -0.000515565 0.377399 0.0159067 0.0386514 -0.00811628  -0.00374103  -0.00164701  0.00953641  0.00523201  0.00615189  -0.000992478  0.00140703  0.00125097  -0.00312254 
222 0.000155297 0.696695 0.0110537 0.0448289 0.00253504  0.00236286  -0.00173402  -0.00383566  -0.00226145  0.00507851  -0.0039658  -0.00556441  -0.00378573  -0.000727417 
223 -0.000441933 0.481261 0.00576456 0.0430621 -0.00110571  -0.00011218  -1.62984e-05  0.00391248  -0.00115485  0.00173443  0.000114344  -0.00305946  0.00120773  -0.00123014 
224 0.000188811 3.38225 0.0466479 0.0479205 0.0174653  0.0015016  0.00811703  -0.0115099  0.0202032  0.0129796  -0.0131567  0.00540329  -0.00730988  0.0289483 
228 -0.000172886 0.0967849 0.0166994 0.0459084 0.00398375  -0.00347864  -0.00389008  -0.00850814  -0.0037791  -0.00698385  -0.00747792  -0.00382806  -0.00357741  0.00411722 
229 0.000105008 1.27355 0.0180247 0.0477544 0.00318454  0.00097895  0.0115237  0.00182008  -0.00495822  -0.00285686  -0.00573527  0.00629992  -0.00737789  -0.0042333 
230 0.000892788 0.888331 0.0372335 0.0466421 -0.00417676  0.0102085  0.0135927  -0.0156461  -0.00701248  -0.00190844  -0.0018977  0.0106674  0.00272396  -0.0256413 
232 -0.000261839 -2.45587 0.0556336 0.0358203 -0.00452289  0.0226896  -0.025708  0.00916054  -0.0102548  -0.00911867  0.000591992  0.0124259  0.0383423  -0.00134413 
233 0.000253484 0.63435 0.011672 0.039306 -0.00590715  -0.00604639  0.00165474  -0.00164392  -0.001803  -0.00142333  0.000927921  0.0056937  -0.00301769  -0.00341744 
240 -0.0010581 0.393426 0.0212565 0.0359376 -0.0141592  -0.00145594  0.00035996  0.0079996  -0.00808359  0.00420557  -0.00156647  0.00145449  0.00817888  -0.00553329 
241 0.00102279 0.952561 0.0430191 0.0484786 -0.0160215  0.000577257  -0.00368498  -0.0109541  0.0125304  -0.00672206  0.0201006  -0.0242465  -0.0134746  0.00918483 
243 0.000109991 0.546707 0.00453368 0.0364405 0.00111645  0.000189126  0.00267228  -0.00252899  -0.000347568  0.00109647  -0.000331046  0.000875747  -0.000650089  -0.00176438 
244 -9.01783e-05 0.0154951 0.0132203 0.0348988 -0.00252758  0.00129314  -0.00329511  0.00601724  0.005704  0.00548062  0.00386268  -0.000380638  -0.00019198  0.00647879 
246 6.98419e-06 0.507289 0.000451268 0.0361678 3.86795e-05  8.89785e-06  8.41627e-05  0.000148097  6.70863e-05  -0.00017633  -0.000177816  0.000276598  0.000108056  -0.000132883 
248 0.000569252 0.813097 0.0266987 0.0360711 0.0216325  -0.00265938  0.00975593  -0.000865517  -0.00367119  -0.00430257  -0.00835067  0.000500257  0.00550093  -0.00310204 
251 1.32731e-05 1.99971 0.00892314 0.0270561 0.00301164  -6.71071e-06  -0.00135511  -0.00424388  -0.00218139  0.00338408  0.00451299  0.00353112  0.0012133  -0.000432715 
254 -8.66908e-05 -3.7035 0.0381762 0.0268097 -0.000513063  -0.0132576  0.002196  -0.0119905  -0.000284153  0.0133971  -0.00797297  0.00549886  -0.0154593  0.0249087 
255 -9.53192e-05 -0.131423 0.0155163 0.0283805 0.00336393  0.000515716  -0.00408391  0.00451955  -0.0103047  -0.00507764  -0.000299808  0.00170798  -0.00752457  -0.000687588 
258 1.41895e-05 1.18394 0.00623044 0.030013 -0.00019848  0.00340401  -0.00217016  -0.0020167  0.00207537  0.000497196  -0.00267867  0.00169198  -0.00188716  -0.000511092 
260 -0.000254014 0.443181 0.00760069 0.0297756 0.00165477  0.00299627  0.00284114  -0.00217308  -0.00553778  -0.000999243  -0.000982511  0.000221902  0.000368786  -0.000666536 
262 0.000175938 0.564994 0.00676393 0.0337733 0.00223459  0.00310526  -0.00139315  -0.000643084  0.00152548  -0.000357386  0.0021138  -1.92381e-05  0.00193977  -0.00425138 
263 -0.000147288 0.376147 0.00854306 0.0310598 0.00242978  0.00168561  -0.00156165  0.00340366  -0.00209924  -0.000547265  0.00284435  0.00366101  -0.00488774  0.000354317 
266 0.000370649 0.662809 0.0155369 0.0333468 0.00525548  -0.000321528  0.00496093  -0.00157458  0.0066705  -0.00382896  0.000595676  -0.00473512  -0.00192425  -0.0100473 
267 -0.000128966 -1.05786 0.0283483 0.0272292 -0.0036747  0.00231157  -0.010408  0.0175623  0.00640577  0.0143547  -0.00786366  0.000885859  0.00637921  -0.00419651 
268 -8.12507e-06 0.21211 0.00305885 0.0295026 0.00102612  -0.000780444  -0.000164291  0.00108235  -0.000819035  -0.00154198  -0.000104009  0.00148306  0.00111224  1.44094e-05 
269 -0.000115625 0.357932 0.00810654 0.02964 0.00214629  -0.000228605  -0.00366973  -0.00551013  -0.000252074  -0.000681387  -0.000867896  0.00394144  -3.06056e-05  0.000641788 
270 -0.000764125 0.322834 0.0232802 0.0315303 -0.00836157  0.00649296  -0.00229604  -0.0108233  -0.00192912  0.00348676  -0.0127337  -0.00516835  0.00988159  0.00225756 
272 0.00013232 1.3752 0.0215215 0.0419354 0.00611968  -0.00384276  -0.00546501  -0.00579319  0.00495649  -0.00834584  0.00670973  -0.0101419  -0.000661052  0.0102467 
275 0.000131205 0.703714 0.0103399 0.040327 0.00119944  0.00292228  0.00350503  0.00375048  -0.00073934  0.000819957  0.00600915  -0.00484762  0.00302484  -0.000778704 
279 -1.64217e-05 -4.64833 0.0183893 0.0386661 -0.00480395  -0.00892071  0.00698636  0.00369698  0.00744754  0.00685332  -0.00314667  -0.00486893  0.00513585  0.00325773 
280 3.48985e-05 3.83939 0.0215899 0.0388779 0.000438759  -0.00335266  0.00522408  0.00045966  -0.000784828  -0.0150167  -0.0128216  0.00161858  -0.000192404  -0.00583269 
281 0.000200126 0.742102 0.0139212 0.0384265 -0.00131441  -0.0061222  -0.00540065  -0.00147688  -0.005195  0.000744334  0.0089367  -0.00188433  -0.00259596  0.00235501 
285 6.06353e-05 0.611227 0.00519405 0.035728 0.000206404  0.00291401  -0.000859933  3.949e-05  -0.00149001  -0.00255395  0.00269565  0.000733095  0.00107499  2.68621e-05 
288 0.000104511 1.24132 0.0176035 0.0348691 0.00332587  -0.00355576  -0.00515097  -0.00499643  0.00800201  -0.00181452  0.00527245  0.0109747  -0.00138873  0.00414551 
289 0.000274758 0.878203 0.0203867 0.0333369 0.00162854  -0.00631838  0.00309469  0.00866174  -0.00753012  0.00553251  0.00412964  0.00492401  0.00100395  -0.0126024 
290 -4.87317e-05 0.168016 0.00804455 0.0289245 5.7882e-05  0.00447898  -0.000347015  -0.00322014  8.2812e-06  0.00252702  0.00121801  -0.00477161  0.00168928  -0.000818009 
291 9.58391e-06 30.8326 0.0340976 0.029755 -0.0109817  -0.00171157  0.0182982  0.00484908  0.00214444  -0.0090418  -0.0155875  -0.00158045  -0.0132814  0.0131363 
292 -0.000434129 0.28398 0.0193721 0.0295935 -0.00393345  0.00233502  -0.00682227  -0.0137386  -0.00377543  0.00681313  -0.00439534  -4.65618e-05  -0.00589344  -0.00208213 
293 -7.33248e-05 -0.304191 0.0153582 0.0361939 0.00605726  -0.00627824  -0.00737499  -0.000163383  0.0053289  -0.00172343  -0.00192596  0.00276979  -0.00290345  -0.00736007 
294 2.04677e-05 1.87496 0.0106097 0.0371931 0.00267606  0.00192129  -0.00438286  0.00117488  0.00501575  0.00281494  0.000361208  0.004272  -0.0010397  -0.00534611 
296 -1.82777e-05 0.498738 0.000304035 0.0369169 4.09188e-05  -0.00012983  -0.000125343  -9.33567e-05  9.84629e-05  -6.67775e-05  -0.000148782  6.08722e-06  -0.000111283  2.77422e-05 
297 2.28168e-06 39.0407 0.0187546 0.0371637 -0.00234229  -0.0015379  1.41036e-05  0.00172095  -0.00820691  -0.0129472  0.00208465  0.00808355  0.00590514  -0.00117324 
300 -5.95906e-06 0.498433 0.00019329 0.037133 -1.98048e-05  0.00010898  -5.27982e-05  4.16321e-05  -5.70743e-05  -3.21909e-05  -0.000124585  2.28885e-05  4.56632e-06  -1.4533e-05 
302 0.000411378 1.10905 0.0316536 0.0372131 -0.0121246  -0.0079687  0.0152867  -0.000522129  0.0159473  0.0012739  0.0165299  0.00368474  -0.00267135  0.00275692 
303 0.000479369 0.636794 0.016197 0.0312013 0.00516205  0.00192589  0.0029155  0.00679943  -0.009718  0.00388396  0.00412244  -0.00622038  0.0015551  0.00310215 
307 -0.000124964 -0.0992884 0.0173082 0.0222321 0.0028099  0.000304918  -0.0073446  0.00988178  -0.00700068  -0.000165818  -0.00564409  -0.00103491  0.00721852  -0.00243358 
309 -8.05041e-05 -0.0945759 0.0138372 0.0248845 -0.00206025  -0.00069461  -0.00418248  -0.00871349  0.00177089  0.00516815  0.00148464  -0.00350794  0.00412668  -0.00565148 
310 -0.000205329 -0.0473597 0.0212037 0.0264527 -0.00685351  0.00860125  0.0113919  -0.00368324  -0.00650561  -0.0018886  -0.00326109  -0.0111403  0.00205263  -0.000678372 
313 0.000189401 0.685002 0.011839 0.0300848 0.0063469  0.00570373  0.00378481  -0.00035377  0.00231415  0.000246756  -0.00346045  0.000381883  -0.00348906  0.00481508 
316 -0.000167283 0.158262 0.0151226 0.0267528 -0.00151453  -0.000249226  0.00486185  -0.0087633  0.00471932  -6.78113e-05  -0.0021167  0.00813628  -0.00554801  0.00147266 
318 -6.40222e-05 0.463006 0.00307832 0.0297155 -0.000121663  0.00120152  -0.00085642  -0.000833837  -0.0018662  0.0013781  -0.000512356  -0.000758236  0.00060388  7.01214e-05 
319 -0.000462818 0.406945 0.0131307 0.0307739 0.00340317  -0.00325051  0.00234845  -0.0104142  0.00276183  -0.00103846  0.00167869  -0.00255864  -0.00392114  -0.00168813 
321 1.20942e-05 2.89096 0.0107547 0.0375494 0.00580508  -0.00192413  -0.00409306  -0.00135431  -0.00105919  0.0059361  0.00328106  0.00239911  -0.00260171  -0.000163551 
322 -0.000109252 -1.36999 0.0285861 0.0373881 0.0161531  -0.00152869  -0.0138048  0.0104379  0.00788505  0.00653575  -0.000513311  5.57268e-05  -0.00669732  0.0102164 
327 -1.60112e-05 0.0979371 0.00507448 0.0388217 -0.000113779  -7.77184e-05  -0.000540799  -0.000437654  0.000239597  -0.00156614  -0.00317375  0.00205908  0.00290208  5.04196e-05 
329 0.000914745 0.666745 0.0247024 0.0390274 -0.0131295  0.00519612  0.00122966  0.00200501  0.0037972  -0.00564057  0.00929468  -0.00801816  0.0102025  -0.0102121 
330 -0.000263403 0.150986 0.0191779 0.024674 -0.00918757  -0.00206994  0.00867784  -0.00803263  0.00168711  -0.00469287  0.00809949  0.00375518  0.000818373  -0.00583303 
331 -0.00076916 0.251392 0.0276657 0.0295338 0.00185631  0.0133405  0.00879384  -0.000368843  0.015596  -0.000521481  0.011739  -0.00114567  -0.0109016  0.00224535 
332 0.000425335 0.684457 0.0177154 0.0405179 0.0043293  -0.00609637  -0.00408507  0.0113044  0.000271325  0.000257511  0.00109399  0.00748249  -0.00480909  -0.00574428 
334 -3.07105e-05 -0.695331 0.0121176 0.0348777 -0.00504696  -0.00105978  -0.000838706  0.00962023  0.00291516  0.00272754  0.00218188  -0.000970637  -0.00223004  0.000613405 
335 7.73524e-05 0.669446 0.00724078 0.0353153 0.000254937  0.00151593  -0.00385863  -0.000305527  -0.00196185  -0.000203734  0.000388669  0.00142868  0.00214119  -0.00494128 
341 -7.71932e-05 0.40808 0.00532789 0.0342026 0.000937278  -0.00193334  0.00270715  -0.000805096  -0.00142061  0.00131143  -0.00127152  -0.000565613  -0.0025446  -0.00190885 
342 -0.000135394 0.462787 0.00449044 0.0353131 -0.00157403  -0.000595945  0.000295513  -0.00122262  -0.00125668  -0.00071154  0.00207526  -0.000231322  0.000103477  -0.0030484 
343 -3.11734e-05 -5.46324 0.0272676 0.0371809 0.019837  -0.00689844  -0.00735412  0.00235318  -0.00978452  0.00464649  0.00321307  0.0083648  0.0019972  0.00641855 
345 -5.54575e-06 0.489449 0.000483818 0.0375978 -0.000165107  -0.000207278  -8.2361e-05  3.21293e-05  0.000144708  6.02354e-05  -0.000183892  0.000196171  -9.64924e-05  -0.000223296 
348 -0.000109855 0.475139 0.00330618 0.0376714 -0.000645342  -0.00179455  0.000410099  0.00109702  -0.00032581  0.000503794  0.00204381  -0.00017034  -0.00110999  0.000352247 
349 -0.000193188 0.423063 0.00771216 0.0391024 0.00171275  -0.0023011  0.000382396  -0.00425288  0.000754613  -0.000806631  0.00231539  8.80621e-05  0.00502036  -0.00110575 
352 -0.000303193 0.449915 0.00779723 0.0414995 -0.000210874  -0.00112892  -0.000744708  -0.000379631  -0.0027578  0.00398556  0.00125202  0.00316904  -0.00485528  0.00032393 
356 9.10585e-05 0.610532 0.0063452 0.0450049 -0.0010412  -0.0032517  0.000712904  0.00356192  -0.00159142  0.00262284  -0.00205055  -0.000415566  0.000716497  0.0010515 
357 -7.12233e-05 0.158955 0.00985729 0.0439817 0.00398146  -0.00393555  -0.00365038  0.00040659  0.00168326  -0.00100178  -0.00245491  -0.0025997  -0.00118052  0.00585827 
358 -1.7534e-05 -0.935317 0.0100333 0.0447841 -0.00360477  0.000896278  -0.00491031  0.00629611  -0.0013682  0.0014912  0.003614  5.68442e-05  -0.00011393  0.00243813 
361 0.000542375 0.574153 0.0126876 0.0449794 -0.00500457  0.0060038  0.00435531  0.0043779  -0.00368085  -0.00252481  -0.00405755  0.00088126  -0.0037657  0.00322555 
362 0.000166378 3.43276 0.044172 0.0384827 -0.0032417  0.0118778  -0.000614298  -0.019706  -0.00504113  -0.022969  6.28945e-05  0.00415827  0.0252227  -0.014297 
363 -3.21418e-05 0.347266 0.00443141 0.0362568 8.1631e-05  -0.000804632  0.000797339  0.00179648  0.00276108  0.00168287  0.00156973  0.00123158  -0.000578264  -0.000591043 
364 -2.93855e-05 -3.10557 0.0205862 0.0366974 -0.00368917  0.00207361  -0.00604767  0.013658  0.00961536  -0.00143286  -0.00362254  0.000791055  -0.00610331  -0.00610386 
365 0.000459639 2.01089 0.0526912 0.0370956 -0.0108834  0.00833832  0.0101412  -0.0206134  -0.00516938  0.01242  -0.0162056  -0.0199246  -0.0184284  0.0296721 
366 -3.76778e-05 -5.61917 0.0303667 0.0302746 0.0179028  -0.00990302  0.00307618  0.0114883  0.00230244  0.00427151  0.00652837  0.016396  0.000459768  -0.00518734 
368 -0.0001113 0.424984 0.00577972 0.0308906 -0.00190449  -0.00182388  -0.001328  0.000928939  -0.000763876  0.00337764  -0.000867614  0.000498136  -0.00316517  -0.000902088 
372 5.55235e-05 0.855145 0.00888111 0.0326426 0.00338916  -0.00331514  -0.00382545  -0.00014309  0.00226586  -0.0020562  0.000172754  -0.00447087  0.00240911  0.00256098 
377 -3.37411e-05 -2.57558 0.0203735 0.0317807 -0.00640632  0.00423628  -0.000420969  0.00537487  -0.000259771  0.00722221  -0.0135274  -0.00375373  -0.0008845  0.00877125 
379 -0.000138722 0.316514 0.0100911 0.0323072 -0.00347307  -0.00319583  0.00054209  0.0047908  -0.00341291  0.00357439  -0.000857072  -0.00530843  -0.00121739  0.00122008 
380 0.000548657 0.616969 0.0160242 0.0343873 0.00139386  0.00161455  -0.00805403  0.00207758  -0.00307385  -0.00378846  -0.000105682  -0.000440322  0.00934419  -0.00846894 
383 -5.79046e-05 0.258575 0.00747807 0.025179 -0.00120573  -0.00108358  0.000887035  -0.00235386  -0.000528831  0.00214267  -0.00448911  0.00336064  0.00326327  -2.13521e-05 
384 -3.89245e-05 -2.1389 0.0202697 0.0263037 -0.00378929  -0.00226438  0.00609213  0.00144293  -0.00905392  -0.00464597  0.00636677  -0.0104745  0.001015  0.00986601 
386 5.86204e-05 0.742618 0.00754249 0.0270335 -0.000985574  -0.00198252  -1.25047e-06  -0.00066695  -0.00129109  0.00171042  5.06165e-05  -0.00153637  0.00440201  -0.00502091 
387 -8.56153e-06 -2.37858 0.00992872 0.0259267 -0.00171376  -0.001484  -0.00175367  0.00563366  0.000822937  -0.00537506  -0.00303522  0.00379618  0.00063779  0.00224231 
389 -0.000104954 0.0665471 0.01349 0.0260913 0.00737903  0.00342515  -0.00588146  0.000697124  -0.00045834  0.000412394  0.000660812  0.00790309  -0.00401128  0.00116436 
390 -0.00104353 0.258493 0.0317651 0.0280306 0.00860256  0.0116357  -0.0100446  0.00194289  0.0162759  0.00255766  0.0050157  -0.0132622  -0.0144932  0.00352404 
394 -0.000355174 -1.89206 0.0582891 0.042776 -0.00470467  0.0119773  0.0157478  -0.0171139  -0.0280755  0.00222953  -0.00164994  0.0352321  0.0250877  0.00495304 
396 0.000443558 0.809566 0.0234346 0.0467442 -0.00133689  -0.011146  0.00491532  0.0108119  0.00289537  -0.00515802  0.0049816  -0.00768872  -0.0110542  0.00640202 
397 4.28081e-05 1.10731 0.0101975 0.0417321 -0.00197178  0.00517012  -0.00355371  -0.000122159  0.000558278  -0.00647843  -0.00249024  0.00286836  0.00164195  -0.00114887 
401 -1.10267e-05 0.250092 0.00332005 0.041216 0.000918055  0.000358732  0.00133007  -0.00141929  0.00123319  -0.000446573  -0.000894179  0.000181139  -0.00189238  0.000366201 
402 -0.00105143 0.24175 0.0329712 0.0413495 -0.000419519  0.018856  0.0105729  0.0136228  0.00212186  -0.00699331  -0.00915432  -0.00821625  -0.0145313  -0.00425822 
403 -0.000310903 0.414583 0.0103097 0.0525525 -0.000972471  -0.0004185  6.62737e-05  -0.0010102  -0.00398378  -0.00674543  -0.00470134  -0.0010737  0.00302967  0.00321535 
404 -0.000163013 0.413744 0.00750073 0.0554321 -0.00105937  0.00181276  0.00351442  -0.00191087  -0.00141722  0.00450101  -0.000843171  -0.00290911  -0.00203474  0.000518034 
405 1.60372e-05 2.24843 0.0105904 0.0568836 0.00626262  -0.00321077  -0.000246591  0.000750502  -0.00153782  -0.00672404  0.00113613  -0.00224064  -0.00131355  -0.00252781 
406 0.000157224 1.24597 0.0216584 0.0567425 -0.000958531  -0.00770686  0.0109576  0.0033392  -0.00788549  -0.00335408  0.000494532  -0.00211505  0.00866049  -0.0111536 
407 -0.000114053 0.417167 0.00614803 0.0553398 -7.58583e-05  0.00250042  0.00266228  0.000461136  -0.000105284  2.15133e-05  5.11731e-05  -0.00262278  0.000796492  -0.00408809 
408 0.000820173 0.659353 0.0228665 0.0563609 0.0014436  -0.013638  0.000911575  -0.00579262  0.00242685  0.00784514  2.56055e-05  -0.00903792  -0.00223518  -0.0120953 
409 0.000162344 0.589248 0.00761338 0.048546 -0.00412513  -0.00252155  -5.77675e-05  0.00384058  0.00147159  0.00258224  -0.000808441  0.000696697  0.00249285  0.00191007 
411 6.18299e-05 0.628473 0.00563689 0.0468443 -0.00260829  -0.000628241  0.00294026  -0.00220485  0.000977971  -7.37318e-05  0.00265088  0.00104287  -0.000418259  0.00134856 
416 -0.000793183 0.215413 0.0300581 0.0461796 0.00918391  0.0105131  -0.00802405  -0.0166377  -0.00273578  -0.00759627  -0.00439857  0.00421771  -0.016185  0.00177325 
417 -0.000356681 -0.156453 0.0306055 0.054093 -0.0153672  -0.007185  -0.00699651  -0.00157234  -0.00459543  -0.00949821  -0.0158293  0.0095638  0.0117278  0.00256746 
418 0.00156638 0.609204 0.0261696 0.0572957 -0.00185907  -0.0124178  -0.000969984  0.00621155  0.00951652  0.000588304  0.0169365  -0.00140851  0.00342738  -0.00980725 
419 0.000154199 1.72122 0.0274431 0.0414445 0.00262068  -0.0162508  0.00685737  0.000658905  0.00885886  0.0072221  0.00115964  -0.00310855  0.0171189  9.48081e-05 
420 0.000257655 0.582124 0.0092011 0.0395406 0.00171402  0.00373188  -0.000445508  -0.000558924  0.0057544  -0.00353556  0.00337304  0.000164009  -0.00320163  0.000128621 
423 -3.73515e-05 0.182892 0.00688325 0.0361364 -0.000612718  0.00113925  -0.00224707  0.00155424  0.00263  -0.0036595  -0.000562409  0.000222109  -0.00418953  0.000119086 
424 -4.48368e-05 0.317038 0.00572846 0.0366496 0.00230131  -0.00131273  -0.000875141  -3.09149e-05  -0.00149005  0.00214465  -0.00176304  0.00229775  -0.00113818  -0.00291992 
426 -1.03075e-06 0.370274 0.00073134 0.0372563 -0.000163366  0.000212337  -0.000141643  -1.57855e-05  -0.000352872  -0.000309609  0.000210483  0.000388865  0.000163691  -9.01994e-06 
427 -5.51325e-05 0.473464 0.00241942 0.0372701 -0.00166398  -9.25775e-05  0.000365996  -0.000780528  0.000638215  -0.00108588  -0.000499433  -1.67733e-05  -0.000456522  0.000537034 
428 -0.000442119 0.279433 0.0197543 0.0380025 0.00529189  -0.00239275  -0.00428718  0.00333077  0.00152005  -0.00203462  0.00822189  0.0143103  0.000296971  -0.00693593 
429 -0.000677414 0.171426 0.0298455 0.0434328 -0.00420849  -0.0163637  -0.00132361  -0.0124065  -0.00486291  0.00399943  -0.0101536  -0.0067867  0.0150417  0.00587781 
431 -1.67245e-05 -9.5927 0.0259833 0.0506365 0.0125643  0.00289128  0.00138283  0.00359755  0.0055543  0.0109713  -0.00104106  0.000994009  0.0095131  0.0158197 
432 0.00023592 0.718581 0.0143621 0.0508014 -0.0031787  0.0078858  0.0029457  -0.000846534  -0.00292041  0.0047474  -0.00775857  -0.0055842  0.000943846  0.0011175 
433 0.00181609 0.801753 0.0468093 0.048424 -0.00371864  0.0103627  -0.0164031  -0.00510192  -0.00311495  0.00448754  0.0346796  -0.00719659  -0.0198602  -0.00980146 
438 -0.000458644 0.288153 0.0197186 0.0230313 -0.0133999  -0.00360387  -0.00440056  -0.00169102  0.000548249  0.000170111  0.00934332  -0.00498391  -0.00758072  -0.00203019 
441 0.000131105 0.765833 0.011807 0.0314514 -0.00119474  0.0019789  -0.0012916  0.00237122  0.00427905  -0.000864139  -0.00315006  0.00687029  -0.00562217  0.00435678 
445 3.59769e-05 0.519455 0.00167342 0.0292932 -0.000298989  0.000351035  0.000518483  0.000335715  -0.000519386  0.000382426  -0.00115469  0.00058567  -0.000332554  -5.72707e-05 
447 -0.00033521 -0.188057 0.0303756 0.0286726 0.00690752  -0.00198276  0.014529  -0.0101669  0.0125598  -0.000278377  -0.00546185  -0.01567  0.00221058  -0.0108848 
448 -0.000182008 0.145043 0.0160764 0.0340203 0.0046928  0.00274579  0.00253356  0.00287873  0.00554895  0.00629165  0.00323119  0.00302971  0.00651144  -0.00904374 
449 -0.000132479 0.468536 0.00408452 0.0365979 -0.00129938  -0.000796115  0.000731246  0.000954893  0.00130784  4.57632e-05  0.00232971  -0.00115871  -0.00204245  0.000510182 
457 7.11633e-06 0.505853 0.000408215 0.0383653 0.000132406  -2.94501e-05  -3.19725e-05  -6.83256e-05  -0.000219949  -3.96833e-05  0.000116511  0.000236851  -0.000109745  0.000104312 
458 0.000166478 1.63934 0.0275423 0.0382724 -0.00526765  0.00833393  0.0125571  0.00678504  0.00510007  -0.0042512  -0.00887718  0.0144069  -0.00336017  0.0107666 
459 0.000103109 0.728352 0.00970464 0.0360321 -0.00137151  -0.00329852  -0.00207526  -0.00275697  -0.00123966  -0.0028205  -0.0035662  0.00360761  0.00571428  0.00127812 
460 -9.18087e-05 0.291675 0.00874706 0.0345718 0.00213918  0.00266999  0.00328698  -0.00250925  -0.00366574  -0.00143636  0.00495515  0.00100625  0.00257658  4.37946e-06 
461 -0.000101648 0.486061 0.00238184 0.0358751 -9.00656e-05  -0.000205878  0.000812982  0.000270361  0.0017396  0.000120944  0.00108516  -0.000643568  -0.000488094  -0.00013337 
465 2.74474e-06 0.553393 0.000765635 0.0372649 0.000386905  -1.4901e-05  0.00010834  0.000375493  0.000103559  -0.000419655  4.52893e-05  -0.000284458  5.51809e-05  0.000103442 
468 0.000257252 1.07332 0.0242871 0.0372281 -0.00227147  0.00763463  -0.00418778  0.000700819  -0.0110604  0.0149256  -0.00512367  -0.00242058  -0.00291396  -0.011076 
470 0.000501509 0.793353 0.0242572 0.0335963 -0.00416206  -0.00301348  -0.0182525  0.00751789  -0.00166207  -0.0090914  -0.00324724  -0.00124232  0.00598387  -0.00624711 
472 -0.000721587 0.278812 0.0252758 0.0250465 -0.00192025  -0.00225441  0.00339379  0.000929597  -0.00353334  0.015809  -0.0140632  0.011168  0.00413365  0.00396477 
473 -0.000326261 -1.84902 0.055362 0.0367311 0.0153742  0.00897013  0.0146111  0.018124  -0.00944728  -0.0385634  0.00881875  -0.0094597  -0.0197456  0.00852236 
474 0.000342498 1.31752 0.0334621 0.0409328 -0.0119834  0.008104  -0.0211486  -0.0053628  -0.0176636  0.0097884  0.000728948  -0.00415966  0.0020334  0.00215055 
475 2.56526e-05 0.683838 0.00434325 0.036511 0.000663143  0.00192938  -0.00213468  0.000887321  0.000265599  0.00146418  0.000830528  0.00164989  0.000941495  0.00168659 
477 -4.85049e-05 0.468413 0.00247586 0.036158 -0.000579323  -0.000864679  -0.000288579  -0.00132012  -0.0013487  -0.000147192  0.000694631  0.000704892  -0.000621326  0.000120364 
479 3.9462e-05 1.28233 0.0111124 0.0368226 0.00136597  -0.00403448  -0.00336458  -0.00160644  0.00331298  0.00151951  -0.00209349  0.00390302  -0.00259343  -0.00719828 
481 -2.53136e-05 0.285391 0.00466161 0.0362828 0.000599383  0.000433399  0.00128441  -0.0022396  -0.000514166  2.03002e-05  -0.00147202  -0.000647414  0.00170102  -0.00296206 
485 0.000125082 0.594316 0.00686975 0.03663 0.00264629  -0.00177457  -0.0017418  6.12739e-05  0.000386925  0.00298398  -0.00357767  -0.0012934  0.00321002  0.000416273 
489 -1.88048e-05 -23.1575 0.0421796 0.034881 0.0110487  -0.0118625  5.36668e-05  -0.0194126  0.000700471  0.0125199  0.0196476  0.00287054  0.0064353  0.0233785 
490 2.7118e-05 3.16779 0.0170108 0.0351495 -0.00412991  0.00759934  -0.0067217  -0.000198858  0.00586001  -0.000344145  0.00515221  -0.00623659  0.00400874  0.00730559 
492 -0.000553481 0.388274 0.0157342 0.0347616 0.00231781  0.00591505  0.00534559  -0.00717141  -0.00476529  0.00557141  -0.00105721  -0.000722435  -0.00845739  -0.000535276 
493 -0.000353774 0.328542 0.0155797 0.0419762 -0.00275761  -0.011114  0.00070797  -0.00489732  -0.00337632  -0.00567141  0.00484124  -0.00319039  0.00248212  0.00194301 
494 -0.000193181 0.479202 0.00401143 0.0459983 0.00154999  0.00194902  -3.83267e-05  -0.000938234  -0.00130836  0.00149021  0.00081223  -0.000632115  -0.00194442  -0.000485913 
496 -0.000267886 0.382356 0.0112299 0.0480525 -0.00034874  0.00125992  0.0039337  -0.00525803  -7.50141e-05  0.00249157  -0.00539162  -0.00540904  -0.00407363  0.000382812 
497 -0.000254368 0.235885 0.0163947 0.0507638 -0.00273087  -0.00578429  0.00578333  -0.00147022  -0.000147376  -0.0099929  -0.00190711  -0.002909  -0.0089538  -0.000337728 
501 -0.000131903 0.215372 0.0122551 0.0532106 -0.000253385  0.00790355  -0.000888395  0.00028685  -0.00252492  0.0026165  0.00371249  0.0065035  -0.00238435  -0.00343543 
