generation s h r distopt trait[0] trait[1] trait[2] trait[3] trait[4] trait[5] trait[6] trait[7] trait[8] trait[9] 
3 0.00316356 0.621167 0.0391862 0.1 -0.0198907  -0.0133018  -0.00921272  0.00189907  -0.00545908  0.0110595  0.0139607  0.0079179  -0.019377  -0.00945098 
5 0.00571614 0.565888 0.0389636 0.179297 -0.0115946  -0.0172725  -0.0139347  -0.0169107  0.0172082  0.0129672  -0.00299274  0.00869365  0.00611899  0.00435858 
8 0.015325 0.519724 0.0362678 0.309488 -0.0114178  -0.0252655  0.0115008  -0.00706206  -0.00160128  -0.00121938  -0.00935553  0.00852045  0.013085  -0.00539554 
9 0.00186346 0.504663 0.00603832 0.333304 -0.00272697  -0.000952302  0.00166841  0.00209388  0.00313979  0.000386597  -0.000464593  -0.00231242  -0.00227311  -0.000460646 
12 0.00913555 0.550829 0.0434728 0.479586 -0.0153302  -0.00385842  -0.0136825  -0.0144273  0.0263869  0.0155214  0.00061354  0.00280369  -0.00803012  0.0153207 
14 0.0102853 0.529668 0.0355881 0.568956 0.00349169  -0.0163092  0.0144216  0.0115556  -0.00478236  0.00733305  -0.00769329  -0.004571  -0.00435666  0.0217051 
15 0.0151573 0.513855 0.0307693 0.609485 -0.00487075  -0.0117591  -0.00622745  0.0103626  -0.00165487  -0.00145114  0.0199869  -0.00407032  0.00849678  -0.0120624 
17 0.00416119 0.514933 0.0160204 0.696467 0.00234061  -0.00557437  0.00373123  0.000754272  -0.00495507  -0.00628032  0.00150722  -0.00434164  0.000992629  -0.0109319 
20 0.0560783 0.504187 0.0490072 0.84302 -0.0274091  -0.0198796  0.0160399  0.00721007  0.0165215  -0.00307258  -0.0110306  -0.0146925  0.00177135  0.0179695 
21 0.0153065 0.65834 0.098614 0.859864 -0.054613  0.0347448  -0.00247092  -0.012956  0.000669618  0.0273947  0.0402072  0.0364058  0.0394111  -0.0107154 
24 0.0867925 0.499757 0.0581542 0.99985 -0.0292788  -0.0326402  -0.0125195  -0.0116425  0.0164284  -0.00360811  0.00780479  -0.0125136  -0.00169746  -0.0257624 
25 0.0306583 0.547946 0.0790111 1.00694 -0.00926415  -0.0230678  0.018362  -0.0171561  0.027515  0.0253497  0.0352401  -0.037774  0.00128209  -0.0303851 
26 0.120144 0.514936 0.114883 1.04111 -0.0342607  -0.0552003  -0.0011939  0.0227286  0.0097871  -0.051597  0.0435238  -0.0371864  -0.000816389  -0.0492268 
27 0.152187 0.499078 0.0974876 1.03407 -0.0644246  -0.0281807  -0.0341038  0.0193512  0.0039277  -0.00693235  -0.0381824  0.0193877  0.00223658  0.0334567 
31 0.0490052 0.530459 0.083474 1.16054 -0.0332817  0.00305584  -0.0232391  0.0146445  0.0300815  -0.0160112  -0.034201  0.0145888  -0.0334804  0.0378371 
32 0.0502079 0.499271 0.0325126 1.18919 -0.0202748  -0.0103079  -0.0173329  -0.0010193  -0.00273858  -0.00088579  -0.0118776  0.00332643  -0.000923137  -0.00877503 
34 0.0758191 0.520592 0.0931786 1.26736 -0.0267221  -0.0155846  0.0318102  0.0170919  -0.0122613  -0.0360311  -0.0387405  -0.00199729  0.0255412  -0.0530616 
35 0.0217725 0.706846 0.134211 1.28768 -0.038532  0.0236147  -0.0496173  -0.0333141  -0.0287225  0.0781661  0.0296326  0.0172516  0.00778288  0.0650179 
37 0.0398542 0.510061 0.0483305 1.37822 -0.0133916  -0.00995292  0.00293712  -0.0337629  0.0126111  0.00433958  0.014003  -0.00823731  0.00238659  0.0214798 
38 0.0221572 0.511403 0.0352079 1.41341 0.00749731  -0.0161609  0.0151526  -0.0137585  0.00240517  0.00872955  -0.0189232  0.00274841  0.00380213  -0.00642067 
40 0.00440779 0.591153 0.0401615 1.50472 -0.00475511  0.00505173  0.0313982  0.00271449  -0.0157248  0.00387853  -0.0127422  -0.0108647  -0.00108011  0.00526479 
42 0.00606404 0.550569 0.0352278 1.5529 0.00531237  -0.00899131  -0.00598773  0.0131318  0.00560491  0.0165783  0.00138364  -0.0188626  0.00161538  -0.016033 
43 0.0590408 0.56523 0.128765 1.55096 -0.000705146  -0.0357963  -0.050069  -0.0431638  -0.00917934  0.0755153  -0.00264108  0.02026  -0.0682141  0.00842868 
44 0.117861 0.65125 0.27015 1.53235 -0.0745635  -0.0149374  -0.0153146  0.0467252  0.011295  0.0390682  -0.137611  0.00815913  0.13065  -0.164481 
45 0.00785324 0.502946 0.0110803 1.49555 -0.000742517  -0.0023941  -0.000589746  -0.00224942  0.00595819  0.00176251  0.00397371  0.00336613  -0.000181308  0.00673214 
46 0.022359 0.499056 0.0126874 1.49294 -0.00518057  -0.00491206  -0.0045879  0.000229651  -0.000145768  -0.000222132  0.00918971  0.00166074  -0.00120327  0.000416886 
48 0.00511154 0.526669 0.0235976 1.48551 -0.000888204  -0.00400398  -0.00488893  0.00235397  0.001852  -0.00315071  -0.00237366  -0.0187769  0.00190356  -0.0116359 
49 0.0201647 0.511319 0.0332124 1.4838 -0.00748342  -0.00775481  0.00176605  0.00468452  0.00353728  -0.00334882  -0.00201372  0.0128383  0.0126622  -0.0246765 
51 0.334136 0.483548 0.150083 1.47705 -0.0985019  -0.0575872  0.0365745  -0.011671  -0.0551105  0.00844229  -0.0613478  0.0111562  0.0278568  0.0161114 
53 0.0583077 0.499161 0.0376226 1.37601 -0.0154514  -0.0134036  0.013739  0.00671923  0.00656106  0.0115369  -0.00746745  -0.00821713  -0.00949053  0.0193299 
56 0.0874191 0.502584 0.0661541 1.35526 -0.00373771  -0.0368764  0.0149854  0.00375466  -0.0150507  -0.00296791  -0.0278105  -0.023409  0.000492591  0.0347403 
58 0.0498976 0.506243 0.048998 1.32398 0.00615911  -0.0361805  -0.00193548  0.00876772  -0.0204798  0.0148466  -0.00361011  0.00126918  0.017846  -0.000500363 
59 0.0277421 0.509058 0.0369557 1.30546 -0.0121661  0.000406166  0.00437795  0.00418606  -0.019872  -0.0252967  -0.00214337  -0.00534585  -0.00227383  -0.0103774 
60 0.0811866 0.509419 0.077358 1.29494 -0.039955  -0.00998737  0.0133351  -0.00749189  -0.0360108  0.0159943  0.000704407  0.0292249  0.0194593  0.0356132 
61 0.0499165 0.501809 0.0392264 1.26444 -0.0118999  -0.0168673  0.00800942  -0.000627187  0.0111721  -0.0128656  0.00853318  0.00348187  0.0250371  -0.00677643 
62 0.0385392 0.545165 0.0868335 1.24503 -0.0166974  -0.0019447  -0.0289908  -0.0229514  0.045046  0.0151841  0.0507188  -0.000289753  -0.0221569  -0.0238144 
67 0.036828 0.509334 0.0447646 1.22975 -0.0111179  -0.0150578  0.0264232  -0.00180801  0.0130885  -0.00193704  -0.0134125  0.00597758  0.0215137  0.00992718 
71 0.105811 0.520212 0.114771 1.21495 -0.0112458  -0.0624424  -0.0363808  0.0343084  -0.0149937  0.0112292  -0.0650712  -0.0423812  -0.0144844  0.00743027 
72 0.115915 0.595289 0.218074 1.17283 -0.00366527  -0.0870301  -0.15145  0.0260336  -0.0972473  0.0340846  0.0704652  0.0269881  -0.00457733  -0.00448071 
74 0.0176352 0.534365 0.0505476 1.1251 -0.00629538  0.00752233  0.00502903  -0.0294364  0.0186109  -0.0023335  0.010383  0.0172502  -0.0206071  0.0196266 
75 0.112068 0.516687 0.112764 1.11731 -0.035203  -0.0374372  0.0626697  -0.0048735  0.0104781  -0.0127251  -0.0683288  0.0331725  -0.00309048  -0.00855543 
76 0.0208956 0.544398 0.0623272 1.06872 0.00999406  -0.00900631  -0.00206635  0.00767198  0.019688  -0.0255095  0.012686  -0.0467529  0.00699191  0.0143715 
77 0.029853 0.499985 0.0207573 1.059 -0.00908443  -0.013239  -0.000458451  -0.0093919  -0.0017927  -1.00213e-05  0.00214054  -0.0041479  0.00058585  -0.00770105 
79 0.0061609 0.503689 0.0104638 1.04502 -0.00447228  0.00267098  2.37478e-05  0.00704541  0.000135347  -0.00232568  0.00233825  0.000514565  -0.0044396  0.00135969 
80 0.0383016 0.503733 0.0356015 1.04207 -0.00409441  -0.0242769  -0.00987734  -0.00730116  0.012199  -0.00225573  -0.00909819  -0.00216659  -0.00290006  0.0161457 
81 0.0551446 0.553844 0.113938 1.02388 -0.0618871  0.0214175  0.0249895  0.0420728  -0.0295652  -0.0454737  -0.0179097  -0.0250877  0.037601  0.0315065 
82 0.0118554 0.508166 0.0213169 0.997324 -0.0148629  0.00371339  0.00414092  0.00608464  -0.00358011  0.00238803  0.000867864  0.00837095  -0.000208114  -0.00872682 
83 0.0286085 0.510782 0.0401757 0.991398 -0.00794743  -0.00381717  0.00787375  -0.00431491  0.0130643  -0.000511532  0.0149012  -0.00123182  -0.00122766  0.0325535 
84 0.0532087 0.513923 0.0650319 0.977069 0.00824793  -0.0424462  0.0119937  0.00343569  0.0257659  0.00346665  -0.00697816  -0.0331395  -0.0188647  -0.005009 
86 0.0240731 0.501797 0.0213059 0.950169 0.000988015  -0.0175127  -0.000553836  -0.00363868  0.00797353  -0.00303962  0.00331039  -0.00540832  -0.00116584  -0.00428269 
87 0.00647771 0.529491 0.0279722 0.937568 -0.00165952  -0.00311363  0.000468601  -0.0165025  -0.0124063  -0.00381878  -0.0111457  -0.00351721  -0.0118661  0.00717923 
91 0.00888637 0.501263 0.00915587 0.934118 -0.0024541  -0.00163868  0.00370186  0.00409043  -0.00138911  -0.00348519  0.00446794  -0.00222349  -0.00137859  -0.00195031 
94 0.00504791 0.507635 0.0129011 0.929371 -0.00746232  0.000282125  -0.00276188  -0.00477794  -0.00172355  0.004243  -0.00399286  -0.0037376  -0.00331055  0.00428609 
97 0.0946156 0.502353 0.0702515 0.926658 -0.0295972  -0.0459521  0.0167405  -0.0231367  0.0169435  0.002846  0.00626644  0.0081244  0.0195702  0.0186729 
98 0.0627322 0.540785 0.10845 0.876522 0.0063082  -0.0719715  0.0388114  -0.0327309  -0.0147523  0.0299485  -0.0259319  0.0381708  -0.0139385  -0.0229276 
99 0.0234762 0.521088 0.0471813 0.841099 0.00370127  -0.0177657  -0.00193686  -0.00998556  0.00830695  0.00881531  0.034159  9.99635e-05  -0.000967061  -0.0218813 
100 0.0164291 0.524251 0.0413902 0.82719 -0.0205504  0.00582311  0.00300226  0.00014407  0.0242076  0.01159  0.0142545  -0.012157  0.003699  0.0127628 
104 0.0303879 0.509613 0.0399863 0.817281 0.00684372  -0.0245631  0.00237395  0.00415341  -0.002776  -0.0099652  0.0265964  0.00514154  0.00910243  0.0014721 
105 0.104481 0.521829 0.116604 0.798757 -0.00970304  -0.0724389  -0.00428897  -0.0339381  0.00501799  -0.0517774  0.0326592  0.0571992  0.00444741  0.00452066 
107 0.0276082 0.544387 0.0721315 0.733919 -0.0170918  -0.0126315  -0.0167039  0.0433643  0.00432563  0.0133875  -0.00574379  0.023431  -0.0216781  -0.036632 
109 0.035766 0.71972 0.177146 0.715124 -0.0882758  -0.0124169  0.0297164  0.0452655  -0.0160332  0.0680183  -0.0592923  -0.0689625  -0.0174593  -0.0839162 
110 0.0346464 0.688045 0.161601 0.690117 0.0144085  -0.0441805  0.0634011  -0.033054  -0.0243772  -0.107953  0.0129751  -0.0282312  0.000213898  -0.0750307 
118 0.15419 0.529442 0.164609 0.664983 -0.0795102  -0.069178  -0.0482379  0.0577105  -0.0290512  -0.0757411  0.0392022  0.0369593  0.0133803  0.0258622 
120 0.00754555 1.00937 0.123754 0.546628 -0.0710406  -0.0193054  -0.027937  -0.00610504  0.016814  -0.0174166  -0.0123566  -0.00153998  0.0881054  -0.0239627 
123 0.0350502 0.527763 0.0664602 0.539709 -0.0261775  -0.015077  0.0332481  -0.00101662  -0.0228082  0.000417661  0.00983936  0.0357817  -0.0221808  -0.00289779 
125 0.00277086 0.577839 0.0294153 0.506789 0.00150957  0.0109463  -0.00741281  0.00189112  -0.00634569  -0.000342868  -0.00685469  -0.0033756  -0.0235881  0.00542843 
126 0.0189321 0.512947 0.0338679 0.504052 -0.00891278  -0.00722572  0.00939951  0.0055878  -0.0190711  -0.00581693  0.0179681  0.00430975  -0.010405  0.00696964 
128 0.030256 0.516146 0.0486695 0.485091 -0.0211276  -0.00695922  0.00528779  -0.0151882  0.00918304  0.00202551  -0.00927057  -0.0214318  -0.0186871  0.0251469 
130 0.0537892 0.600546 0.149611 0.453328 -0.0501239  -0.0677212  0.0344168  -0.0517031  0.0377615  -0.00733614  0.0879409  -0.0183403  -0.00838933  -0.0425113 
134 0.00395422 0.514922 0.0155989 0.391297 0.00132493  -0.00377337  -0.00234261  -0.00228289  0.00286449  0.00383939  0.00470338  -0.0102969  -0.00781786  0.00210273 
139 0.013295 0.594809 0.0713633 0.386222 0.0289447  -0.000412968  -0.0293465  0.00321264  0.033014  -0.00503134  0.0107978  -0.00783791  -0.0352532  0.029106 
141 0.00311048 0.511778 0.0122937 0.368727 0.00131268  -0.00754795  0.00213111  0.000297286  -0.00612691  -0.00391975  0.00507014  -0.00270738  -9.73277e-05  0.00136388 
142 0.0120534 0.624832 0.0777808 0.364492 -0.00219568  0.0115905  0.00141058  0.000387067  0.00896778  -0.0555771  -0.00357915  -0.0227514  -0.0380061  0.0276482 
143 0.00738256 0.529464 0.0298972 0.347668 0.00356921  -0.0135753  0.000647426  0.016693  -0.00648485  0.000606709  0.00631023  -0.00104857  -0.0182809  0.000451382 
144 0.0125028 0.550424 0.0508182 0.336923 -0.0243734  0.0156438  0.000498196  0.0107259  -0.00628919  -0.0282465  0.010485  0.0133958  -0.0137364  0.0176894 
146 0.00401553 0.504912 0.00931511 0.31795 -0.00318669  -0.000826884  -0.00442356  -0.000176045  -0.00068883  0.000884301  -0.000233689  0.00218828  -0.00139143  0.00694968 
148 0.00659347 0.519051 0.0228552 0.311584 -0.00637366  -0.00950624  -0.00989381  -0.0100726  0.000873402  -0.00851945  -0.00211919  -0.00116249  -8.77363e-05  0.010622 
149 0.0160603 0.571906 0.0686064 0.300853 0.0162678  -0.0389003  -0.00502558  0.0119365  0.0233976  0.0221683  -0.0108831  0.0297229  -0.0153873  0.021993 
150 0.00405361 0.721738 0.0599555 0.273094 -0.0116831  0.00408514  0.00601899  0.0223233  -0.00229074  -0.0293654  -0.0282533  -0.00678763  0.00638507  0.0339744 
152 0.0298225 0.592515 0.106259 0.265584 -0.0870628  0.00103138  -0.0173359  0.0113493  -0.022323  0.0251774  0.00379387  -0.0276889  -0.0101497  0.0355579 
156 0.00199268 0.657108 0.0353949 0.20285 -0.00650966  -0.003497  0.00196796  -0.0186999  -0.021224  0.00458484  -0.00590835  0.000781932  0.0128323  0.0131518 
158 0.00584507 0.653635 0.0599746 0.197882 -0.00960107  -0.0163831  0.0202072  -0.000487842  0.0161358  0.00707828  -0.0285066  0.0259422  0.00998509  0.0305288 
163 0.00709664 0.652086 0.0657619 0.182563 -0.022392  -0.0271467  -0.0164711  0.020704  0.00666126  0.0172979  -0.000424686  -0.0304588  -0.0312933  0.0116424 
167 0.0130533 0.592186 0.0697379 0.162043 -0.0197167  -0.0228405  -0.0055201  -0.00108309  0.0248846  0.015184  0.0291902  0.0394357  -0.0253938  0.00440465 
171 0.00158502 0.536616 0.0152712 0.115278 -0.00616888  0.00023847  0.00794029  -0.000160181  0.00641877  0.00673904  0.00617561  0.0011254  0.00219339  0.00109264 
172 0.00140488 0.948079 0.0501638 0.108191 0.00551094  -0.00737477  0.00811843  -0.0355172  0.000403188  -0.0160212  0.00346928  0.0258848  -0.00375174  -0.0123004 
175 0.000843274 0.661511 0.0233427 0.101496 0.0107222  -0.00735019  0.0058663  -0.00744094  0.00131239  -0.00619253  0.0122902  0.00875569  0.00413075  -0.00112359 
183 -9.09636e-05 0.0637508 0.0125992 0.0972545 -0.00432458  0.00531234  0.00408755  -0.00096354  -0.00298059  -0.00150822  -0.00346022  -0.00665125  0.00513933  0.00062957 
185 0.004216 0.75477 0.0655282 0.097721 -0.0378521  -0.0403985  0.0247836  0.00794638  0.00575935  0.00965516  0.00119266  0.0128115  0.0151793  -0.00542191 
186 0.000641715 0.933426 0.0333502 0.0730908 -0.010088  -0.00881963  0.011908  -0.0114579  -0.00928166  -0.003161  0.0171272  -0.00450214  -0.00230287  -0.015638 
187 -5.06334e-05 0.444732 0.00334593 0.068562 0.000135526  7.89631e-05  0.000137524  -0.00121464  -0.000795159  -0.000537216  0.000948839  -0.00170632  0.00176978  -0.00134592 
191 9.54931e-05 3.52633 0.0339964 0.0689303 0.010792  0.00944689  0.000650633  0.00165545  -0.0231744  -0.00189498  0.00759598  0.0104106  0.0153341  0.00224181 
192 -0.000288342 -2.82091 0.0618789 0.0682341 -0.0169768  -0.00596447  -0.0313153  0.0297838  0.0198789  0.0166894  0.0217871  0.0080054  0.0130829  -0.0159326 
194 0.000199474 0.517095 0.00369574 0.0703156 0.00134425  0.000556155  0.000282341  0.000295615  -0.000613604  0.00140062  -0.000164659  -0.00232117  -0.00151428  -0.00115275 
199 0.000996015 0.711181 0.0290059 0.0688827 -0.00386283  -0.00786794  0.0181855  0.00710346  -0.0162049  -0.00655441  0.00509316  -0.000649724  -0.00362079  0.00619002 
200 0.00116956 0.766141 0.0352822 0.0612316 0.0109474  0.00566926  0.0091734  6.82745e-05  0.0042156  -0.00475284  -0.0226547  -0.00733325  -0.0160902  0.0119343 
202 -0.000271284 0.252742 0.0163821 0.0507979 -0.00178115  -0.00469685  -0.00572384  0.0053889  0.00989547  -0.00537609  -0.00300175  -0.00280254  -0.00549891  -0.00272249 
203 0.000511671 2.63792 0.0661231 0.0534018 -0.0120818  -0.00492507  -0.0271171  0.000348906  0.00588426  -0.00326052  0.0210544  -0.000970046  -0.0176533  0.0516281 
205 -0.000112736 -0.833602 0.024523 0.0483757 -0.0065257  -0.00160343  -0.00057997  0.0126318  -0.00972626  0.0119941  0.00770635  -0.00223287  0.00949343  0.00183447 
206 0.00134889 0.716863 0.0342059 0.0495273 0.0129613  0.0201583  0.00291182  -0.00633379  -0.00587546  -0.0018832  0.00309258  -0.00706692  -0.0142535  -0.0156959 
207 -0.000466632 0.324224 0.018118 0.0332412 0.00311905  -0.00379542  -0.00242014  0.0023609  0.000268673  -0.00108735  0.000702935  -0.00601032  0.00152432  0.0158903 
209 0.000249251 1.33369 0.0288276 0.0396449 0.021429  0.00193344  0.0169945  -0.0066868  0.00191551  -0.000683262  -0.00212188  0.00150544  -0.00392621  -0.00287095 
210 -3.49483e-05 0.309036 0.00516687 0.0363662 0.000787095  -0.00109874  -0.00114599  -0.00215976  0.00191632  0.00103795  0.00185202  -0.000287804  -0.00317538  -0.00073921 
213 0.000187057 0.560002 0.00670138 0.0368435 2.21468e-05  -0.00534744  0.000737138  0.000922195  -0.00338678  -0.000448845  -0.000587187  -0.000539888  0.00138546  -0.000831625 
214 -0.000305912 0.25874 0.0171842 0.0342112 0.00087434  -0.00809515  -0.000316682  -0.00745507  0.00214542  0.00187953  -0.00815887  0.0075414  -0.00627625  0.00153518 
216 0.000227995 1.5172 0.0304544 0.0384235 -0.00420683  -0.0183999  0.00936717  -0.00365678  0.00144063  0.00800954  -0.0043966  -0.0118469  0.0142791  -0.00634867 
219 0.000140099 0.589269 0.00707333 0.0353327 0.000674219  0.00519438  0.00100878  -0.00159123  0.00114533  -9.16562e-06  0.000626019  -0.00204942  0.00340323  0.00124909 
221 -9.78129e-05 0.312315 0.00856969 0.0332912 -0.00117492  0.00133285  -0.00149309  0.00374935  -0.000445564  -0.000733768  -0.00092273  0.00516907  -0.00240697  0.00446034 
222 -5.36342e-06 0.499118 0.000137616 0.0347293 4.07569e-05  -2.86881e-05  1.80851e-05  6.12546e-05  -8.43486e-06  4.39238e-05  3.87974e-05  -2.63449e-05  1.30127e-05  8.94748e-05 
223 2.38342e-07 373.414 0.018855 0.0348064 -0.00298374  -0.00186997  0.00810806  0.00380451  0.00361455  -0.00544683  0.00641363  -0.00735283  0.00302316  -0.0107621 
225 -0.00013317 0.190919 0.0128319 0.034803 -0.00845122  0.00266196  0.0042886  0.00217601  -0.00188085  0.0039717  -0.000881487  -0.00366716  -0.00539326  -0.000630367 
227 1.77792e-05 0.511326 0.000897554 0.0366665 0.000375321  0.000454442  9.86045e-06  -0.000193307  0.000307283  -0.000284948  -2.94849e-05  -0.00018528  0.000316857  -0.000330969 
229 0.000331718 1.04043 0.0267761 0.0364232 0.00690711  0.000157396  -0.0128978  -0.012817  -0.0114985  0.000438822  0.00671429  -0.00950977  -0.00642225  -0.0054247 
231 0.0001681 0.790437 0.0139743 0.0315434 -0.00374136  0.00331133  -0.00485908  0.00397682  0.00159285  0.00191526  0.00571155  0.00796401  -0.00495264  0.00202797 
238 1.1962e-05 0.61211 0.00231609 0.0287559 -0.000310313  -0.000322874  0.00144294  0.00029161  0.000454907  -0.000124751  0.000342963  -0.000575871  0.00143959  -0.000502439 
239 -0.000413124 0.00883571 0.0284924 0.0285471 -0.00454021  0.00605984  -0.00622549  -0.0061918  0.0112959  0.00246267  -0.0104072  -0.0126443  0.0118534  0.0116205 
240 -9.07837e-05 0.474409 0.00304916 0.035045 -0.000868076  3.78362e-06  0.000404919  -5.67012e-05  0.00125431  0.00156679  -0.000952236  -0.00109478  0.00147158  -0.000278694 
242 -0.000591926 -0.469725 0.0479188 0.0363172 -0.00342753  0.0119188  0.00203059  0.000666071  -0.043982  0.0103525  -0.000697828  -0.000960655  0.00169503  -0.00958989 
244 0.000127471 0.530188 0.00392418 0.0437154 -0.000865008  0.000103516  0.000163592  0.000953194  0.00018993  -0.002693  -0.000176306  0.000469387  -0.00102175  -0.00226301 
245 0.000364684 0.883021 0.0236358 0.0422324 -0.00325889  -0.00855813  0.00456456  0.0106284  0.00101095  -0.0141131  -0.00727569  0.00892806  -0.00176068  0.00224624 
248 0.000701782 0.69521 0.0234093 0.0376691 0.0091788  -0.00286848  -0.00534997  0.00656891  0.0125163  -0.009135  0.00927088  0.00720189  0.000715477  0.0023046 
250 -0.000466271 0.404047 0.0133831 0.0267847 -0.00390381  -0.00295228  0.00534425  -0.000439933  -0.00155355  0.00526294  0.00151636  -0.00709712  -0.00457272  0.00476504 
251 0.000119693 0.568913 0.00574445 0.0344064 6.06964e-05  0.00288667  -4.07273e-05  -0.00255492  -0.00099398  -0.00206651  0.00202884  0.00173672  -0.0010996  -0.00212908 
252 0.000710486 0.65988 0.0213175 0.0326208 0.00226648  0.00108915  -0.00291027  -0.0132859  0.0060642  -0.000820271  -9.28044e-06  0.00766877  0.0119073  -0.0050086 
255 2.72088e-05 1.17923 0.00859786 0.0188117 -0.0031998  0.00210176  -0.00510116  0.00294357  0.000432963  0.00163915  0.0015209  0.00322059  0.00115117  0.00277413 
257 -4.10859e-05 0.457271 0.00265014 0.0180741 -0.000576595  -0.000978974  -0.000690457  -0.000633744  -0.000467238  0.000170924  0.00059467  0.00134968  -0.000972135  0.0012191 
258 -5.9532e-05 0.0669876 0.0101546 0.0191771 0.000794957  -0.00125752  0.00211377  -0.00709548  -0.00403245  -0.000109053  -0.00179224  0.00136372  -0.000470735  -0.00495204 
260 -0.000611927 0.284028 0.0229989 0.0206711 -0.0103962  -0.0113317  -0.0049242  -0.00229611  0.00804785  -0.0131289  -0.00367534  -0.000764214  -0.00154878  -0.00305188 
267 2.98592e-05 0.706208 0.00496275 0.0322399 0.0020076  -0.000754874  -0.00246701  -0.00243727  0.0015115  0.00128427  -0.00107941  0.00167851  -0.000231711  0.000178879 
268 7.33963e-05 0.55224 0.00391649 0.0317734 0.000330568  0.000120478  -0.000160143  0.00065926  -0.000178436  0.00212174  0.00144438  -0.00152366  0.000325581  0.00238903 
269 0.000202745 0.889225 0.0177659 0.0305967 0.00183652  0.00398879  0.00323646  -0.00670082  0.00364173  0.0138315  0.000755329  -0.00384231  -0.00408416  -0.00209388 
271 -0.000271614 0.226395 0.0172431 0.0270819 -0.00298638  0.00562251  0.00934065  0.00030543  -0.000260781  0.00192438  -0.00879313  -0.00865889  -0.00234177  -0.00281121 
273 0.000117219 0.621474 0.00754714 0.031703 -0.00323594  -0.00133393  0.000226272  0.00360099  0.000659947  0.00211521  0.000205285  0.00363553  0.00354083  -0.00099197 
274 -3.92279e-05 -0.0290338 0.00911116 0.0297971 0.00266843  -0.0018826  -0.00344316  0.00119661  -0.00043552  -0.00462098  -0.00203993  -0.0033753  -0.00467756  0.000290906 
275 -8.39655e-06 -0.418609 0.00555451 0.0304483 -0.00280129  -0.000325409  0.000514482  0.00140924  -0.00103689  -0.000844624  0.000107827  0.00411685  -0.00136903  -0.000161349 
277 -6.95952e-05 0.339092 0.00669309 0.0305859 -0.00264711  0.00289262  0.00154051  -0.0015705  0.00102021  -0.00185143  0.000809005  0.000604353  0.00266909  0.0034599 
279 -0.000108947 0.446102 0.00484719 0.0317032 0.00106653  -0.00136728  0.00230267  -0.00105893  0.000471243  -0.000515616  -0.00236228  -0.000121163  0.000895006  0.00267968 
284 -2.4962e-08 0.499994 7.76114e-07 0.0333773 -2.65511e-07  1.52708e-07  -4.35329e-08  -5.70677e-07  -3.47605e-08  2.55546e-08  3.00555e-07  -2.63057e-07  -1.30127e-07  5.14083e-08 
285 -3.15914e-05 0.488047 0.00122921 0.0333777 -0.000104064  4.13529e-05  0.00010575  -0.000213281  0.000221097  0.000201209  0.000242199  -0.000807873  -0.00079566  8.93778e-05 
287 -0.000408369 0.442178 0.0097238 0.0338476 -0.00255437  -0.00211585  -0.00473037  -0.00355367  0.00211411  -0.00255942  -0.00338536  -0.00186494  0.00254673  0.00401263 
290 -0.000241994 0.475705 0.00485272 0.0394223 -0.00152925  0.00155339  0.00252623  -0.00101609  -0.00171587  -0.00119608  -0.00187318  -0.000445034  -0.00064812  0.0016974 
291 -0.00053936 0.147568 0.0275795 0.0423809 -0.0133613  -0.00223956  0.00878278  0.0076108  0.00538557  -0.00264346  0.0164895  0.0107341  -0.00421777  -0.00105963 
292 -0.000673237 -0.221836 0.044094 0.0483285 0.00614241  -0.00788757  -0.00651861  -0.00708442  -0.0324654  0.00621868  0.0181005  0.000477207  0.0162939  -0.00810143 
295 0.000508765 0.948482 0.0302073 0.0548553 -0.00013711  0.0080973  -0.0132989  -0.00221349  0.00495001  0.00481553  -0.0150603  -0.00873425  -0.000592596  -0.0177198 
296 0.00020231 2.67472 0.0419443 0.0500047 0.0193794  0.000231414  0.00793243  0.023854  -0.00508863  0.0177772  -0.00371451  -0.0144689  0.0112043  0.00782113 
298 0.000517024 0.593482 0.0139072 0.0479394 -9.00919e-05  0.00654533  -0.00136452  0.000128554  0.0095906  0.00426076  -0.00458586  0.0023698  -0.000657596  0.00338661 
299 -0.000957721 -0.0309028 0.0451081 0.0422054 0.00786636  0.0124313  -0.0181911  -0.0246475  0.0149426  0.00069398  -0.0100521  0.000606373  0.000990155  0.023532 
300 -3.02475e-05 0.33901 0.00441349 0.05234 0.00144498  0.00245984  0.000125807  0.000908243  -0.00131031  0.0021888  0.000280035  0.00127318  -0.00130289  0.00077119 
302 0.000764566 0.629475 0.019902 0.0526281 -0.00849254  -0.00684683  0.0101782  0.00745419  0.00431258  -0.00640636  -0.00517736  0.00172728  -0.0053329  0.000241487 
303 0.000371068 0.568011 0.0100496 0.0447822 0.00282608  -0.00267323  0.0053109  0.00102489  -0.0018829  -0.0010738  0.00382346  -0.00334274  -0.000499645  -0.00508581 
305 0.000409415 1.46605 0.0397681 0.0404283 -0.00662104  -0.00519679  -0.00796614  0.021317  0.00228192  -0.00950676  0.0110153  -0.00130825  -0.0244878  -0.0132097 
307 0.000137278 0.589178 0.0069982 0.0350017 0.00249972  -0.00300733  0.00312277  -0.00145252  -0.00035183  0.00101265  -0.00234605  -0.000283071  0.00331237  -0.00202867 
308 0.000100608 1.91417 0.0238545 0.0329825 0.0130964  -0.00254535  -0.00143879  -0.0174078  0.00215421  0.00259995  0.00632161  0.00353763  -0.00463899  -0.000737237 
310 -9.34898e-05 0.438879 0.00478142 0.0314205 -0.000206497  -9.88968e-05  3.93959e-05  -0.000839956  0.00018678  -0.00301192  0.00160131  -0.000785373  -0.00294404  0.00107122 
313 -0.000692796 0.449206 0.0118763 0.0328746 0.00425689  0.00193545  -0.00516518  -0.00459238  0.00172397  0.00388081  -0.000992255  -0.00319109  -0.00620776  -0.00191682 
314 0.000172778 0.536156 0.00500007 0.0421162 -0.000772434  -0.00146709  0.0015937  -9.73767e-05  0.00177761  0.000511927  -0.00129851  0.00261604  0.00175641  -0.00216 
315 -2.44617e-05 -3.22245 0.0190845 0.0400127 -0.00761608  0.00762454  0.00529721  -0.00597055  -0.0111183  0.00183754  -0.00634362  0.00412247  3.89708e-05  0.000375937 
318 -0.00013839 -1.66865 0.0346466 0.0403172 0.0136543  0.00750188  0.00497763  0.0166016  -0.00320878  -0.00311968  0.0209761  -0.00943133  0.00273458  -0.0100413 
320 0.000166524 1.08279 0.0197017 0.0419985 -0.00901835  -0.0075789  -0.00565059  -0.0083579  3.84573e-06  0.00261978  -0.00527827  0.00540322  -0.00454676  0.00793795 
323 4.04716e-05 0.718964 0.00595375 0.039967 0.00289474  0.00368298  0.00114417  0.00164101  -0.00090148  0.00199204  -0.00132921  -0.000534852  0.00160133  0.000321329 
324 6.86004e-07 0.578796 0.000464993 0.0394575 0.000203245  -6.42423e-05  -0.00010861  -0.000212428  0.000201959  -7.38087e-05  1.61852e-05  -0.000157023  0.000163737  0.000126088 
326 -0.000157943 0.11434 0.0156101 0.0394488 -0.00133133  0.00576287  0.00319965  -4.09704e-06  0.00877957  -0.00483643  -0.00491791  0.000724937  -0.00795749  0.00315405 
327 7.1648e-05 1.0684 0.0127629 0.0414025 -0.00607837  -0.00665359  7.56076e-05  -0.00109796  -0.000334101  -0.000202238  0.00347066  0.00321351  -0.00023159  0.00760831 
328 0.00010013 0.540838 0.00404484 0.040528 0.00210865  0.000256508  0.000460795  0.000534124  -0.00121381  0.00172927  -9.64886e-05  -0.000914242  0.00244542  -0.000248851 
329 -0.00025793 0.251766 0.0160052 0.0392733 -0.00099064  -0.000693309  0.0105378  0.00960116  0.00310041  0.0017525  0.00511145  -0.00123759  -0.00175461  0.00283801 
330 -3.85063e-05 0.492498 0.00107532 0.0424306 4.87536e-06  -0.000447342  -0.000102941  -0.000477285  -0.000225046  -0.000214249  0.000318292  -0.000388031  -0.000478254  -0.000375005 
331 0.000193729 0.540235 0.00558522 0.042882 -0.00184778  -0.000997194  -0.00247133  0.000341302  0.00118671  -0.00210767  0.000970123  7.51489e-05  0.00299828  0.00218519 
332 0.000159499 1.55127 0.0258961 0.0405605 0.00284846  -0.0131669  -0.00211076  -0.0139886  0.00301639  -0.00320489  -0.0149166  0.00433617  0.00422662  -0.00323248 
333 0.000131953 0.595598 0.00710371 0.0385443 -0.00202699  -0.000149652  0.00316878  0.00188973  -0.00053651  0.00161657  0.00364759  0.00287156  0.0004594  -0.00283836 
334 9.46698e-05 1.25724 0.0169331 0.036793 0.00248014  0.0101147  0.00422719  -0.00405099  0.00445463  0.00234941  0.00206904  0.00402418  0.00357357  -0.00924033 
337 -7.45531e-05 0.0702946 0.0113203 0.0354832 -0.00139284  -0.001577  0.000510819  0.000495699  0.00321384  0.00745624  0.000767104  0.00367526  0.00544199  0.00368509 
345 0.00011654 0.569613 0.00569697 0.0365187 0.00322628  -0.0024618  -0.00259211  0.0006617  0.000759499  -0.00111309  -0.00251395  0.000436933  0.000698718  0.000119862 
346 0.000103271 0.569323 0.00535164 0.0348867 0.000705612  0.001552  4.94232e-05  0.00252281  -0.00175191  -0.00102596  -0.000383002  0.00115265  -0.00302236  0.00215283 
349 -0.000114302 -0.0966832 0.0165173 0.0333738 0.00135325  0.00276032  -0.000882978  -0.00692856  -0.00559704  -0.00257096  0.00655137  -0.00593222  0.00370412  -0.00920958 
350 -8.52219e-05 -0.0961027 0.0142552 0.0350446 -0.000610048  -0.008283  0.00232407  0.0050943  -0.00216441  0.00123661  0.00426381  0.00760616  -0.000942145  -0.00444323 
351 0.000442665 0.694802 0.0185724 0.0362401 0.000710129  0.00794445  7.59287e-05  0.00829833  0.00419272  -0.0135046  0.00229818  -0.00234931  -0.00122389  -0.000442587 
354 3.3811e-05 0.546445 0.00250638 0.029509 0.000383839  -0.000537998  0.000709558  0.00126285  0.000665605  -0.000937157  -0.00118231  0.000839408  0.000478008  -0.000307624 
355 -3.88236e-05 -0.0497807 0.0092401 0.0289304 0.000987876  -0.00508893  0.00376042  -0.000226124  -0.00261807  -0.00220318  -0.0026871  -0.00243605  0.00429777  -0.000990168 
357 -0.000279432 0.453764 0.00719201 0.0295938 0.00176835  -0.00108297  0.00324453  -0.00106106  -0.00107086  -0.00382623  -0.00148125  -0.00198871  -0.00370031  -0.000379713 
358 0.00014884 0.643578 0.00924579 0.0339892 -0.00422859  0.00366946  -0.00339698  0.000551033  0.00160278  -0.00202849  -0.00374585  -0.00423315  -0.00119222  0.00149656 
365 1.23597e-05 0.885112 0.00436341 0.0317244 -0.00183929  0.00104149  0.000109959  -0.00104185  -0.00166216  -0.00262443  0.000100442  0.000406628  0.00178737  -0.000673471 
369 -0.000142775 0.477411 0.00359327 0.031529 0.000951376  -0.000454327  0.000555424  -0.000286697  0.00225938  -0.000798113  0.00157411  -0.00103777  -0.00143543  0.000228788 
370 0.0003146 0.572405 0.00954716 0.0337174 -0.00101941  -0.00408557  -0.00229204  0.00449144  0.000301229  0.00228588  -0.000122636  0.00531674  0.000459821  0.00376569 
371 0.000122671 0.659991 0.00886043 0.028676 -0.00115678  -0.000438882  0.000415104  -0.00432156  -0.00292362  0.00254299  -0.00327976  -0.00067756  0.00267504  0.00497413 
372 -0.00128136 0.349628 0.0277843 0.0264509 -0.00288181  -0.00510411  0.00963616  0.0101587  -0.00383712  -0.00330276  0.00477767  0.00777945  -0.0110508  -0.0176198 
373 5.41423e-05 0.505332 0.00107523 0.0445177 0.00019493  -3.57364e-05  -0.000263808  5.57949e-05  -0.000597647  0.000384722  -0.000392614  -0.000384109  0.000288204  0.000392671 
376 9.61558e-05 0.629168 0.00704862 0.0439055 0.000505948  -0.00040938  -0.000685787  -0.0021354  -0.00203547  0.00415139  0.00432276  -0.000129745  0.000688883  0.0019169 
379 2.18252e-05 0.520117 0.00132532 0.0427965 0.000522636  -0.000256407  0.000547889  2.47997e-05  9.18049e-05  8.91835e-05  -0.000215843  0.000574398  0.000782161  0.000334799 
380 1.71295e-05 0.554393 0.00193055 0.0425407 0.00012167  0.000409213  0.00055087  -0.00107343  0.000919967  -0.000168568  0.000447296  -0.000432864  0.000217435  0.00088295 
381 -3.34851e-05 0.392486 0.0037949 0.0423389 -0.00116703  0.000441131  -0.000244272  -0.000419034  0.000767916  0.00162783  0.00155356  0.00197388  0.000914704  -0.00149113 
382 5.58372e-05 0.623695 0.00525622 0.0427325 0.000406103  0.00198456  -0.0020529  0.00192336  -0.00131684  0.00139025  -0.000707081  0.00193733  -3.39762e-05  -0.002773 
383 8.96693e-05 0.557739 0.00455112 0.0420741 -0.000426669  0.00193312  -0.00107143  0.000673439  0.00137512  0.000756345  0.00178958  -0.00304913  0.000364981  0.000310271 
384 8.40772e-05 5.95683 0.0428332 0.0409947 -0.00377527  0.00314368  -0.0127592  -0.0205424  0.00969135  -0.00495032  -0.0300921  0.0111091  0.00538708  0.00702621 
386 0.000125437 0.553523 0.00518276 0.0399562 -0.00089543  -0.00103126  0.00104486  0.0034703  0.000796998  0.00290859  -0.00030637  -0.00124089  -0.000192241  0.00104656 
390 -0.000503368 0.411006 0.0133923 0.0383545 -0.000199791  0.00262851  0.000315725  0.00189604  0.0012983  -0.00303315  -0.00667409  -0.00721547  -0.00550962  -0.00555542 
391 0.00076682 0.732127 0.0266825 0.044436 0.0078247  0.00788699  -0.00857736  -0.00626633  0.00127426  0.0150435  0.0106454  -0.000364377  0.0058563  0.0100002 
392 -4.35812e-05 -0.244565 0.0113929 0.0347568 -0.00223701  0.00563977  0.00448714  0.000913036  -0.00467914  -0.000615335  0.00350202  -0.00131474  -0.00594955  0.000596381 
396 -1.96691e-05 -0.247602 0.00766936 0.0353782 -0.00113194  -0.00316065  0.000471862  -0.000391465  0.000623767  -0.000686298  -0.00306206  0.000494386  0.00421506  -0.00435026 
397 -0.000214002 0.447794 0.00668702 0.0356551 0.00286699  0.000366446  -0.000441746  -0.00165254  0.00505957  0.000416302  -0.000205967  -0.00204227  -0.00176066  0.000592071 
400 0.000647688 0.90543 0.0324053 0.0385397 0.0222968  -0.00367598  -0.00292435  0.0122064  -0.00475791  -0.0100134  0.0107954  0.00628478  0.00395893  0.00934219 
402 8.668e-05 0.710509 0.00854329 0.0289453 -0.00439448  0.00112266  -0.00249401  0.00226376  0.00524531  -0.0020541  0.00195484  -0.000161555  -0.000526637  0.00228338 
404 9.17896e-05 0.726692 0.00912313 0.0274072 -0.00488929  -0.00145519  0.00323681  -0.0015104  0.00187348  -0.000287912  0.00498731  -0.00179575  0.00276099  0.00226643 
407 0.000176277 0.600926 0.00843636 0.0256782 -0.0012867  0.00162892  0.00463198  0.00394375  -0.00196851  0.000900328  -0.00228936  -0.00296005  0.00253283  -0.00217965 
408 -4.8979e-05 0.162825 0.00812775 0.0219797 0.00195329  0.000314317  0.00496653  0.00379547  -0.00167383  0.00283659  0.00150314  -0.00197895  0.00238704  -0.000593763 
412 -0.000142305 0.47861 0.00349094 0.0230671 0.00158904  0.00138869  0.00132859  -0.000383279  0.00152039  -0.000704048  0.00146978  -0.00046937  0.000121459  -0.000786441 
415 4.64871e-05 0.698946 0.00608225 0.0259693 -0.00263774  -0.000792599  0.00116092  0.00106125  -0.00235695  -0.00102403  0.00285771  -0.000979909  -0.000771573  0.00325699 
416 -5.2859e-05 -0.188145 0.0120624 0.0250583 0.00388502  -0.000808834  -0.00334494  -0.00461644  -0.000784223  -0.00175777  -0.000648593  0.00457815  0.00286249  0.00799842 
417 1.86777e-07 0.500081 7.80031e-06 0.0260917 -1.78886e-06  -1.10303e-06  -8.1279e-07  2.84036e-06  -2.1328e-06  2.32412e-07  7.50413e-07  5.49098e-06  2.25452e-06  -2.70187e-06 
420 0.000164379 1.03076 0.0186802 0.0260882 -0.0135778  -0.004621  -0.000655712  -0.000328705  0.00199547  0.000750467  -0.002483  -0.00968881  0.00614183  -0.000630036 
425 7.77065e-06 0.672114 0.00231296 0.0227206 0.0010042  0.00070495  -0.000483386  -0.00019548  -4.22241e-05  0.00143356  -7.45628e-05  0.000372903  0.00108296  0.000445199 
434 4.56834e-05 1.7862 0.0153304 0.022549 -0.00367251  -0.000288742  0.00407618  0.00920506  -0.00203927  -0.00182124  -0.00699664  0.00723295  -0.00316747  0.00115066 
435 2.39494e-06 5.79479 0.00712196 0.0215122 -0.00323049  -0.00158502  0.000861875  -0.00149178  2.72786e-05  0.00256931  0.000464526  -0.00263299  0.0014194  -0.00436354 
438 1.93581e-05 0.550831 0.00198396 0.0214564 0.00141917  0.000407377  -0.000149988  0.000665613  0.000108701  0.000698938  -0.000169925  -0.000481613  7.2557e-05  -0.000723971 
439 -0.000173237 -0.31719 0.0237969 0.0210005 0.000353639  0.0112661  -0.00452223  -0.016782  -0.005084  -0.00519609  -0.00389988  -0.00662747  -0.00430183  -0.00258345 
442 -0.000635252 0.116305 0.0312308 0.0247845 0.0161944  0.00721863  -0.00416256  0.0109727  0.00723026  -0.0165112  0.0117522  -0.00199645  0.00712653  -0.00234234 
443 0.000349315 0.830599 0.0214915 0.0353515 -0.00657864  -0.0110385  -0.00699277  0.00163513  0.00606373  0.00488749  -0.0090286  -0.00101337  -0.0076086  -0.00664056 
444 0.000266572 0.916095 0.0210625 0.0300079 0.00490825  -0.00126856  0.00222539  0.00196736  -0.0072848  0.000633292  0.0103888  0.0101501  -0.00310026  0.0116221 
445 -1.99148e-05 0.478908 0.0012963 0.0251781 -0.000428404  -0.000378134  0.000519159  0.000531435  0.00068195  -0.000380007  0.000289397  0.000191415  0.00026645  -3.30812e-05 
447 -0.000146099 -0.990289 0.029511 0.0255705 -0.0185511  0.00369589  -0.0034005  -0.00833751  -0.0168232  -0.00423487  -0.00455231  -0.00363571  -0.00683808  -0.0070968 
448 8.59037e-05 0.527046 0.00304907 0.0282836 3.21214e-05  -0.00151913  -0.000459423  0.000106348  0.00137665  0.000106994  -0.000883054  6.97971e-05  0.00201106  0.000173354 
449 -0.000339611 0.300597 0.0164612 0.0267219 -0.00328709  0.00665737  -0.00478221  -0.00114078  0.00117476  0.0018656  0.00341985  -0.0115797  0.00584591  0.00261826 
451 -7.93623e-05 0.344169 0.00703371 0.0324612 -0.00067861  -0.00345554  -0.000825538  0.00199888  0.000686418  0.000602014  0.00419264  -0.00267705  0.000540538  -0.00255425 
452 -9.25409e-05 0.482521 0.00254457 0.0336615 -0.0014666  -0.000297079  -0.000804926  -0.00101065  -0.000275491  -0.000370937  -0.000667871  -0.000968431  0.00098282  -5.47558e-05 
454 -0.000368777 0.199446 0.0210588 0.0350092 0.00960722  0.00572076  0.00210751  0.0076914  0.0122878  -0.00725147  -0.00529607  -0.00294427  -0.000473928  -0.00378611 
455 0.000164245 0.524806 0.00403849 0.039931 -0.00145718  -0.000153513  -0.00133267  0.00157311  -0.00122823  0.0021153  -0.00140451  0.000873629  -0.000318785  0.00104462 
457 -5.23021e-05 0.00520613 0.0101744 0.0378187 -0.00289221  -0.0039125  -0.00499198  0.00232894  0.00114182  0.000942898  -0.00235851  0.000723705  -0.00584615  0.00265421 
459 -5.49903e-05 0.11439 0.0092099 0.038504 -0.00274532  -0.00244611  0.000507023  -0.00174735  -0.00332736  0.00297555  -0.00324052  -0.00526265  0.00259523  -0.0017705 
460 1.73647e-05 0.509913 0.000829887 0.0392116 0.000427391  -0.000114485  7.34379e-05  0.000302352  9.72054e-05  0.000487131  0.000151536  -0.000259584  0.000242788  -9.6898e-06 
461 1.49234e-05 0.543393 0.00160947 0.0389895 0.000548457  0.000108845  2.04051e-05  0.000153965  -0.000491156  0.00100422  -0.000414506  -0.00074235  0.000200717  0.000490665 
469 -2.7351e-05 0.327145 0.00434875 0.0387977 0.00216172  -0.000746315  0.00197601  0.000391284  0.00244856  -0.000811853  -0.000263804  -0.000916083  0.00138442  -0.000379418 
470 0.00042147 0.558557 0.00993913 0.0391486 -0.000482987  0.000315967  0.00109503  -0.000203884  -0.00628257  0.00552106  0.00143054  0.00257966  0.0039661  -0.0016819 
472 -9.61116e-05 -0.404119 0.0186438 0.0333351 0.00500099  -0.00605668  -0.00440875  -0.011799  0.00326218  -0.00463594  0.00237252  0.0053396  -0.00775603  -0.00090257 
473 0.000130243 0.889778 0.0142497 0.0347469 0.00534559  0.000903839  0.00147109  -0.00273338  0.00827082  0.00909868  -0.00168254  0.000987239  0.00138251  0.00266773 
474 2.8653e-05 0.864387 0.00646241 0.0328194 0.00437039  -0.000472016  0.000699262  -0.000247546  -0.000927771  -0.00294015  0.00240723  0.00186132  0.000395713  0.00172288 
475 -0.000368573 0.385392 0.0130024 0.0323799 -0.00720512  0.000268258  -0.00915394  -0.00200091  0.00252425  0.00287143  0.00211551  -0.000920206  -0.000201968  -0.00304921 
477 0.000299728 1.07112 0.0261651 0.0376444 0.000309246  -0.0080159  0.015534  -0.00051675  -0.00627202  0.0113448  -0.00347741  -0.00318901  -0.00219653  0.0135484 
478 0.000102015 1.93251 0.024176 0.0334278 0.00787133  0.00148667  0.00184841  -0.00179947  -0.00314912  0.0141393  -0.00943559  0.00944508  0.00897209  -0.0067142 
479 -4.82374e-05 0.0144988 0.00967882 0.0318655 -0.0029446  -0.00503601  -0.00322876  0.000631295  0.00270579  -0.00287822  -0.00028881  0.000486055  -0.00457049  0.00346548 
481 -0.000136517 -0.447575 0.0227476 0.0326136 -0.00940518  -0.00425109  -0.00136477  0.00213588  -0.00690409  -0.00729161  0.00546571  -0.00613565  -0.00717833  -0.0135874 
482 -0.000559823 -0.114255 0.0370918 0.0346435 -0.00880415  0.0141564  0.00672009  -0.00264325  0.0182101  -0.0105843  -0.0158293  0.00951894  0.0128726  -0.00975837 
485 0.000359205 0.603113 0.0121733 0.0419542 0.00809322  0.00147055  1.77986e-05  0.00163815  0.00353116  0.000474165  0.00625283  0.00286655  -0.00383052  0.00177799 
489 0.000539222 0.737782 0.0226461 0.0374301 0.000381091  -0.00276123  0.001052  0.0130376  -0.000502242  0.00966733  0.0084103  0.0116557  -0.00195179  0.00546628 
490 -0.000390165 0.18612 0.022136 0.0293588 -0.00270419  0.000700679  -0.00683992  -0.00816126  -0.00114621  -0.0126835  -0.00522635  0.00741066  0.0106089  -0.00344109 
491 0.000408555 1.60252 0.0424391 0.0353861 0.000524995  0.0210402  -0.00168862  0.0110221  -0.0238638  0.00275153  0.0149778  -0.00726224  -0.0191315  0.00369205 
493 -0.000261576 0.0932256 0.0206319 0.0290466 0.0161056  0.00171725  0.00456537  0.00577205  -0.0056473  -0.00103284  0.00484759  0.00517426  -0.00181002  0.00476146 
494 -0.000166527 0.386087 0.00871195 0.0332463 0.00247491  0.000208462  0.00121926  -0.00645185  -0.00100886  -0.00175195  -0.00135101  0.00445739  -0.000875647  -0.000262671 
499 -7.73178e-06 0.408239 0.00168462 0.0356631 -0.000167459  -0.000232138  0.000700773  0.000151905  -0.00085358  -0.000537924  -0.000500025  -0.000229772  -6.11749e-05  -0.000957766 
500 -0.000162062 0.4138 0.00747639 0.0357713 -0.00252683  0.000546355  -0.00152038  -0.00495814  0.000142531  -0.000464329  -0.00176461  9.37129e-05  -0.00424867  -0.00095317 
