generation s h r distopt trait[0] trait[1] trait[2] trait[3] trait[4] trait[5] trait[6] trait[7] trait[8] trait[9] 
2 -0.000360798 0.082589 0.0245466 0.01 0.00306877  -0.0118079  0.00272166  -0.00607316  0.0125077  0.00314262  -0.00949377  -0.00417067  -0.0105547  0.00491441 
3 -0.00015398 -0.834627 0.0286708 0.0227858 -0.00103865  -0.00472605  0.00983153  0.0131687  -0.0089881  -0.0192019  0.0034419  -0.00265823  0.00219142  -0.00743718 
4 9.91682e-05 2.95179 0.0311833 0.0291914 0.0126136  0.000199933  -0.00238029  -0.000413619  -0.00785691  0.00968421  0.011583  0.0164097  -0.00223581  0.0156032 
5 -8.12966e-05 -3.87574 0.0377192 0.0322348 0.0117725  -0.0105455  -0.00677222  0.0114925  0.00361672  0.0258682  -0.000174603  0.00135243  0.0145204  -0.0100025 
6 -0.000184412 0.0794067 0.0176149 0.0363529 0.00354261  0.0074171  -0.00119583  -0.00212202  -0.00110877  -0.00886276  -0.00299695  0.00117582  0.00502889  -0.0110162 
7 8.75157e-05 1.83505 0.0216173 0.0449116 -0.00554294  -0.00787626  -0.00263633  -0.00158217  0.00586424  -0.00602337  -0.00866082  0.000334593  0.0137199  -0.00557388 
8 0.000492749 0.836095 0.0257361 0.0503737 0.00937796  -0.00686441  -0.00330676  0.00682657  0.00801765  9.87272e-05  -0.00505816  -0.0167591  -0.00950082  0.00295527 
9 0.000255626 0.765106 0.0164639 0.0515194 0.0065635  -0.00467645  0.00404531  -0.00165445  -0.00888495  -0.00416931  -0.00633973  0.0067278  0.00108964  -0.00201057 
11 -7.72722e-05 -7.02559 0.0482233 0.062802 -0.0159419  -0.0167801  -0.0167522  -0.0177349  0.0157309  0.00717763  0.00864327  -0.0222866  0.0171447  -0.00550373 
13 9.54747e-05 4.25501 0.0378644 0.0773997 0.00973363  -0.00920477  0.00918509  -0.00348645  0.0220639  -0.00526141  0.0235  -0.00476095  -0.00711732  -0.00420107 
16 0.00425988 1.01826 0.0938693 0.0980588 0.014287  -0.0287256  -0.0173184  0.0159776  -0.038746  0.00157904  0.0146293  0.0209295  -0.0614214  0.0360357 
17 0.000751199 0.569702 0.0144789 0.0797789 0.00364065  -0.00654682  -0.00662369  0.000174096  0.00481603  0.00390217  -0.00184466  -0.00518268  0.00639699  0.000116368 
21 4.34488e-05 0.504673 0.000901692 0.104968 6.01092e-05  -0.000327702  0.000167356  0.000467588  0.000174321  -0.000364861  -0.000279885  -4.20642e-05  -0.00031846  0.000332216 
22 0.0014583 1.34957 0.070357 0.113223 0.0276547  -0.0181977  -0.0241391  0.01464  0.00276778  0.000185499  -0.0103242  0.0356342  0.0194277  -0.0359949 
23 0.000734284 3.478 0.0934575 0.113397 0.00111682  -0.053161  -0.0286977  -0.0563272  -0.0109741  0.0320541  -0.0230093  -0.00336627  -0.01488  -0.000754713 
24 0.00366115 0.628452 0.0434042 0.113273 0.0201575  -0.000267181  0.0324126  -0.00718586  -0.000120835  0.00586686  0.0131998  -0.00559016  0.00961138  -0.00655907 
25 0.00263618 0.634076 0.0376185 0.0996142 -0.00806915  0.00133342  0.0107378  0.0194019  0.0078615  -0.0132528  -0.014441  0.011206  -0.00813107  0.0147937 
27 0.00254105 0.605785 0.0328167 0.0977568 -0.00138106  -0.0175376  0.00134323  0.0033208  -0.00715369  0.012234  0.00897616  -0.0205226  0.00721287  6.84997e-05 
30 0.00329923 1.57331 0.118834 0.104773 0.0337477  -0.0287596  0.0323694  0.0310125  0.045203  -0.0665206  -0.0259694  0.0022052  0.0250293  0.048702 
31 0.000369644 0.801051 0.0210971 0.0928081 -0.00626076  -0.0144707  0.00291321  0.0049019  -0.0017272  -0.0028965  -0.00917524  0.00205032  0.00625376  0.00501017 
33 0.00217867 0.700708 0.0418234 0.101314 -1.48195e-05  0.0113872  -0.00813214  -0.0170269  -0.0226544  0.0172788  0.00614385  -0.00118602  -0.01678  -0.0114447 
35 0.000537107 0.768729 0.0240269 0.106443 0.00291762  -0.00064088  0.0118094  0.00193872  0.000377749  0.000267538  0.011251  -0.00264785  -0.0169525  -0.00198798 
36 0.00146798 0.850811 0.0453759 0.112605 0.0180399  -0.0187877  -0.0109974  0.0269766  0.0050071  -0.0165065  0.000798719  0.011864  -0.00211117  -0.00940703 
38 0.00586831 1.04754 0.113188 0.120897 -0.0279854  -0.0904467  -0.0151243  0.0238648  0.00440589  0.0466684  0.021081  -0.00267063  -0.0169963  -0.0105654 
40 0.00041215 5.08417 0.0868842 0.100269 0.0423822  -0.036855  0.0259028  -0.0209824  0.0301476  0.0107093  -0.0426091  -0.011775  -0.00167178  -0.0173943 
42 0.00454398 0.573268 0.0365889 0.0985903 0.0161235  -0.00220177  -0.00774892  -0.0130717  -0.0147283  -0.0171655  0.0112577  -0.0100167  0.010193  -0.000685811 
47 0.00257961 0.692234 0.0445401 0.0897858 0.00480791  -0.0248944  0.013161  -0.000648993  -0.00565902  0.0203257  0.0116406  -0.00597942  0.02119  -0.0100951 
48 0.000953186 1.60485 0.0648747 0.0785076 -0.026933  -0.0173923  -0.0289669  0.0181039  -0.0163074  -0.0382027  -0.00413257  -0.00457888  0.00870608  0.0132209 
49 0.00126776 0.585215 0.0207998 0.0772898 -0.00478846  -0.0091625  0.0056193  -0.0125295  0.00640934  0.00172853  0.0036724  0.00546517  0.00579378  0.0040247 
50 4.83926e-05 2.0311 0.0172151 0.0744118 -0.0011719  0.000950929  -0.00285325  -0.00412342  0.00146839  0.000976764  0.00958738  -0.000983324  -0.00894477  0.0096402 
51 0.000345091 0.55006 0.0083155 0.080905 0.00380834  0.00211383  0.000959322  -0.00305439  -0.00178274  0.00174278  -0.00496625  -0.00222756  0.0015265  0.00132472 
55 0.00221647 1.39278 0.0888883 0.111659 0.00452968  -0.0449514  0.0509373  -0.0318096  0.0108291  0.0110796  0.00515231  -0.0158227  0.015599  0.0386428 
59 9.71836e-05 0.769784 0.0102407 0.127515 0.00347421  0.00372171  -0.00311938  0.000806559  0.00123265  0.00220284  0.00416067  0.00545983  -0.00308441  0.00235878 
60 0.00187605 0.534387 0.0161107 0.134932 0.00451761  -0.00193205  -0.00538314  -0.00581672  -0.000248943  -0.00300944  0.00386522  0.00610819  0.00758897  -0.00732389 
61 0.000263646 23.143 0.154288 0.136036 0.0882651  -0.0620518  0.0404893  0.0151667  -0.0214062  0.00821948  -0.0176976  0.0107111  -0.0849955  0.0460028 
64 0.00366511 0.685955 0.0522203 0.143165 0.0020281  -0.012915  -0.0245484  0.00589164  0.00440196  -0.0259076  -0.0104208  -0.0282947  0.0172329  0.00468734 
67 0.00618702 0.643493 0.0596463 0.141877 0.0152092  -0.0028709  -0.0317937  0.00167157  -0.0144699  -0.00798766  0.0127972  -0.0219286  0.029925  -0.0221623 
68 0.00374965 0.681074 0.0521235 0.123648 -0.0203264  -0.0243882  -0.0213482  0.00472054  -0.00168324  0.0138545  0.00497963  -0.000949266  -0.0250662  -0.0195472 
71 -0.000265842 0.448519 0.00740175 0.125874 -0.000803896  0.00428949  0.00314016  0.00275864  -0.00234311  -0.000138779  0.00226192  0.00197684  0.00176999  -0.000776358 
73 0.00439811 0.555931 0.031485 0.141937 0.00660461  -0.0109639  0.0105191  0.0161178  0.00609018  -0.000723381  -0.000491634  0.00376909  0.0116998  -0.0163738 
74 0.00160168 0.999399 0.0565417 0.133502 -0.00384547  -0.0278236  0.0198344  0.00743928  -0.0206288  -0.00712803  -0.0358916  0.0040261  -0.0133351  0.000819507 
75 0.0014741 0.784943 0.0409833 0.134174 -0.0086536  0.00576284  -0.0117415  -0.00957756  0.0159584  0.000409553  0.0179353  0.0120402  0.0190535  0.0160446 
76 0.0122637 0.619393 0.076754 0.136684 0.0221393  -0.0514316  0.00028938  -0.0288147  0.00171479  0.00838956  0.0160663  -0.0122848  -0.000311657  -0.0379867 
81 0.00285663 0.837572 0.0620806 0.121075 0.0289108  -0.00898401  -0.0143432  0.0366311  0.000524102  0.0144739  0.0267859  0.0113785  0.0112147  -0.0144012 
82 0.00119571 2.80175 0.104824 0.116844 0.0441132  -0.0561592  -0.0129845  -0.000167376  -0.0199852  0.0151927  -0.0437917  -0.0351028  0.00762811  0.0433727 
85 0.00382995 0.620785 0.0430551 0.122757 -0.0177891  -0.00451456  -0.00968775  -0.0137879  0.0168244  -0.00460009  -0.015758  0.0188558  0.0012568  -0.0179804 
88 0.00608906 1.22426 0.132539 0.125764 0.0205002  -0.0814018  0.00690655  -0.0265659  -0.0146995  -0.0460622  0.0754954  -0.0288389  0.0297947  -0.00313157 
89 0.00160451 1.50779 0.0803671 0.100042 0.0249421  0.00643466  -0.00347341  -0.0497856  -0.0144457  -0.0152837  -0.00968957  0.0521095  -0.0064767  0.00334382 
90 -0.000475711 -2.04699 0.0696049 0.0937844 -0.0382958  -0.0288878  -0.0137131  0.000865936  0.0153906  -0.00203259  0.00236041  -0.00143444  -0.0451393  0.00829379 
94 0.00151862 0.668506 0.0319974 0.108949 0.00592047  -0.00175129  0.00293543  0.00786957  0.00156317  -0.00233807  -0.00565999  0.0109422  0.0210586  0.0176642 
98 0.00347217 0.54663 0.0255433 0.125858 0.0145785  -0.0014247  0.00124359  0.00154867  0.00585902  0.00780095  -0.0148957  0.000932526  0.00162595  -0.0106476 
100 0.000819645 1.42114 0.0549364 0.126658 -0.019885  -0.0241529  0.0190066  -0.00699074  -0.00465072  -0.0210586  -0.0284163  0.012283  0.0142153  -0.00189246 
101 0.00306465 0.550104 0.0248576 0.130625 0.00833928  -0.0109336  0.010889  0.00307031  0.00180174  -0.00240937  -0.00264239  -0.00522781  0.0106136  -0.0120334 
102 0.00135052 0.813909 0.0411724 0.125607 0.00314043  -0.00829134  0.017259  0.00674161  -0.0122711  0.000378108  0.0040424  0.0301684  -0.00719332  0.0120124 
103 0.00648032 0.738728 0.0786401 0.127375 0.0457672  -0.022595  -0.0029474  1.43441e-05  0.0105796  0.0408644  0.0161275  0.00233541  -0.0260583  0.0290515 
104 0.000842179 0.590677 0.0174837 0.104852 0.0073031  0.00181599  0.00138464  -0.00174098  -0.00315365  -0.00792253  -0.00173421  0.000867627  0.00674164  -0.0110534 
105 0.000482418 0.600104 0.0139008 0.107512 -0.00611643  -0.000739258  -0.00371079  -0.00502096  0.00412834  0.00501659  0.00492947  -0.00284804  0.00422865  -0.00487789 
106 0.000261159 0.516765 0.00418869 0.112768 0.00148599  -0.000833702  -0.000477727  -0.00109203  0.00127134  -0.000111858  0.00175481  0.00168057  0.000679796  -0.00228615 
107 0.000566748 5.12884 0.102357 0.119451 0.00536984  -0.0580937  0.0283699  -0.041655  -0.0245118  -0.00851868  -0.0367298  -0.0142934  0.029269  -0.0380768 
108 0.00040642 0.5194 0.00562261 0.120833 -0.000977399  -0.00300987  0.00349216  0.00156938  0.0011687  0.000470251  0.00156564  0.000914082  -0.000159484  0.00142889 
111 0.00390731 0.647678 0.0480681 0.133961 -0.00365742  -0.0192708  -0.00433486  0.0295257  -0.00428562  -0.0237588  0.00465598  -0.0109445  0.00833282  0.0155401 
115 0.0061799 0.700771 0.0704529 0.143302 0.0288655  -0.0197172  -0.0274838  0.011247  -0.0109758  -0.00182782  -0.0200536  0.00849738  -0.0474685  -0.00288877 
116 0.00379342 0.770899 0.0640922 0.126141 -0.00342752  -0.02162  -0.0239753  0.0365605  -0.00306099  -0.00732285  0.025798  -0.00924271  -0.029254  -0.00688543 
120 0.00551618 1.05637 0.110629 0.137043 0.0117421  -0.00324748  0.0442599  -0.00888899  0.0179067  0.0545958  0.0588846  -0.0131976  0.0336649  -0.0444534 
121 0.00486854 0.555861 0.0331188 0.123668 -0.00135918  -0.0159747  -0.00624878  0.000806321  0.00580563  -0.00348098  -0.0173499  0.0205155  0.000163093  0.00568885 
122 0.00333439 0.569848 0.0305856 0.111204 0.00860758  -0.0157141  0.00989881  -0.00279716  0.00923134  0.00702247  -0.0119733  -0.00876718  -0.0104226  0.00672726 
124 0.000932018 0.511381 0.00654539 0.113064 0.000115728  -0.00550036  0.00017265  -0.000365147  0.000276852  0.000519624  0.00258438  -0.000618331  -0.00171387  0.00143747 
128 0.00562088 1.10251 0.116196 0.14606 0.00199967  -0.0540064  -0.0807336  -0.0210409  -0.00792326  0.0413111  -0.0323623  -0.00671646  0.0271439  0.00463573 
129 0.00363315 1.2879 0.106863 0.132611 -0.00798584  -0.0701306  0.00361772  0.0319793  -0.0089856  0.0200507  0.0529004  0.0023473  -0.0275737  0.0368088 
131 0.00284043 0.70316 0.048045 0.125715 -0.000870824  -0.0152345  -0.00214241  0.0119619  -0.000576796  -0.0162209  0.00581799  0.0127996  0.0308384  -0.0227084 
132 0.00449609 0.656476 0.0530743 0.117964 0.0100913  -0.0312606  0.0210386  -0.00807951  -0.00886331  -0.0149611  -0.0158  0.0252199  -0.00611614  -0.00210763 
135 0.00311726 0.668498 0.0458479 0.107275 0.00861004  0.00857959  0.0242215  0.0274627  0.00900099  -0.00861149  -0.00392996  -0.0185944  -0.00967591  -0.00184699 
138 0.00462127 0.903021 0.0862347 0.112036 0.0356788  -0.0157513  0.0305247  -0.0324882  0.0168145  -0.00430471  -0.00413842  -0.0566449  0.0176821  0.00940316 
139 0.00284517 0.865315 0.0644477 0.0957222 0.0238617  -0.0156966  -0.0147029  -0.00152475  0.0278194  0.0186997  0.0197048  0.0222752  -0.0316492  0.0104646 
140 0.00276574 0.903471 0.0667738 0.085266 0.0129452  -0.0314753  -0.0261586  -0.00940609  -0.00158451  -0.00618667  -0.0252042  0.037116  -0.021522  -0.00330047 
145 0.0028422 0.711559 0.0490415 0.0940663 0.0203753  -0.0124286  0.0128186  -0.00275312  0.0266282  -0.0218149  0.0109528  0.00250107  0.0187584  -0.000706266 
146 0.00295531 0.645648 0.0415112 0.0842183 0.00102845  -0.0188655  -0.00755933  0.0137928  -0.025268  0.0041638  0.0120867  -0.0170866  1.82013e-05  0.00499832 
151 0.00176315 0.578233 0.0235112 0.103786 0.0164363  -0.00169188  0.00367297  0.00743472  0.000808114  0.002499  -0.00130168  -0.00760716  0.012008  -0.000583856 
152 0.00389652 0.813275 0.0698415 0.103821 -0.0155635  -0.0399668  -0.00421213  0.00823501  -0.0328762  -0.0261338  0.000103866  -0.0228677  -0.000987143  -0.025787 
160 0.00216614 0.625313 0.0329667 0.152598 0.00350567  -0.00900322  0.00943773  0.0084304  0.012471  0.0108124  0.0167202  0.00783261  0.0135344  -0.00606493 
161 0.00335052 1.12317 0.091295 0.154527 0.00783568  -0.022494  -0.00631051  -0.0118547  -0.00365292  -0.0523746  -0.00734244  0.0664072  0.00391151  0.0187478 
163 0.00385252 0.949628 0.0831679 0.160297 0.028759  -0.0102271  0.0306888  0.0106251  0.0153  0.00462984  -0.0621684  0.0198295  0.0157373  -0.0130086 
167 0.00825556 0.637981 0.067594 0.181485 -0.0141984  -0.044237  0.00678126  0.0118843  -0.0237799  -0.00824883  -0.0181255  -0.0290707  0.00696615  0.0191708 
168 0.0143042 0.634002 0.0877857 0.16516 0.0286165  -0.0438414  0.00713732  0.031179  0.0189173  0.0466453  0.00832947  -0.0258499  -0.0256556  -0.00358251 
171 0.00721336 1.13428 0.134981 0.137392 0.0489391  -0.0690613  -0.0327878  -0.0021065  -0.043348  0.00930712  0.0429499  -0.0480385  0.0620179  0.00340166 
172 0.00149354 1.00347 0.0548231 0.111231 0.0113398  -0.0127992  0.000368916  -0.0193664  -0.00196403  0.0200488  -0.0234718  -0.00789676  -0.00550068  -0.0358972 
173 0.00173641 0.548898 0.0184615 0.106957 0.00827112  -0.00897528  -0.00959608  -0.00729592  0.00372291  0.00229937  -4.53501e-05  0.00193786  -0.000994367  0.00475928 
175 0.000248041 0.603009 0.0101103 0.10472 -0.0066609  -0.00277572  -0.00295245  0.00516144  0.00211973  -0.00111328  0.000513112  -0.000451964  -0.00267001  0.00120815 
177 0.00335459 0.586155 0.0340523 0.113045 0.00227286  -0.00587994  -0.00176282  -0.0087842  0.0178754  0.0126553  -0.0130541  0.0130338  -0.0110449  0.00987863 
178 0.00105147 0.594909 0.0199875 0.103124 0.00035614  -0.00455081  0.00215119  0.00385562  -0.00690874  0.00526496  -0.0036371  0.00623885  -0.015044  0.00229017 
180 0.00219396 0.529228 0.0160813 0.111439 0.00441196  -0.00476481  0.00850791  -0.00573005  -4.98329e-05  -0.00314142  0.00499849  0.00109779  -0.00519838  0.00693821 
182 0.00190746 0.715469 0.0405452 0.116699 0.00098539  -0.0154267  -0.00259727  0.00883499  0.00882322  -0.0307218  -0.00805377  -0.0102156  0.0113669  0.000221515 
184 0.00204281 2.6 0.130796 0.123772 -0.0102648  -0.0697914  0.00725237  0.0301586  0.0285698  0.00836208  -0.0154876  0.0713963  -0.0551113  0.0436858 
185 0.00536127 0.875622 0.0896657 0.119041 0.0175831  0.0114099  -0.0310337  -0.0104313  -0.0431642  -0.0274433  0.0320728  -0.0471718  0.0189214  -0.017336 
186 0.000744065 0.631192 0.0197629 0.0999615 0.00325577  0.00484271  0.00842286  0.00209654  0.00687023  0.000775293  -0.000458268  -0.00355027  0.00209491  -0.014703 
190 0.000190032 0.526308 0.00447364 0.127202 0.00116899  0.000430399  0.000790253  -0.000284632  0.000341452  0.000319809  0.00221437  6.72004e-05  -0.00349664  0.000634691 
191 0.00336309 0.588751 0.034603 0.13499 0.0187917  -0.00166513  0.00733943  -0.00716691  0.00949863  -0.00787657  0.0157696  0.0117944  0.0132106  0.00465434 
192 0.0016735 0.526817 0.0134446 0.130852 0.00194558  -0.00317015  0.00266834  -0.00137419  0.0050593  0.00561492  0.000475003  0.00302985  -0.0050899  -0.00809179 
193 0.00133143 1.95436 0.087942 0.133544 0.00814564  -0.0119623  0.00240591  -0.0513149  0.0241517  -0.0186904  -0.0295906  0.0435919  -0.0222365  -0.0261225 
194 0.00165114 1.3403 0.0744495 0.137128 0.0242965  -0.0396471  -0.0284681  0.00639495  0.034817  0.0129376  -0.0134592  0.0257426  0.000779811  -0.0174684 
195 0.00529955 0.671275 0.0602783 0.136881 0.0276097  -0.00574671  0.00338485  0.0243964  -0.0378669  0.00375252  0.0052364  -0.0226277  -0.0149062  -0.00467895 
197 0.0024632 0.638158 0.0369102 0.128762 0.0156708  -0.0153341  0.000713114  -0.0015213  -0.000790558  0.0039779  -0.0138878  0.00732031  0.0124505  0.0214688 
199 0.000392399 0.741529 0.0194702 0.131309 0.00239879  0.00144034  0.00256676  -0.00911269  -0.00632888  -0.00990044  -0.00221004  -0.00867743  0.0054118  -0.0058383 
200 0.00273909 1.80785 0.119532 0.136818 -0.0287304  -0.0269054  0.00668249  0.0607991  -0.0546489  0.0203155  0.0629953  -0.0237926  0.0161083  0.0283575 
201 0.00518592 0.732785 0.0694752 0.133327 -0.00738768  -0.0270071  0.0305037  -0.0123845  0.0313525  -0.0407044  0.0014147  0.0159771  0.00321643  -0.0071794 
202 0.0017519 0.658555 0.0333391 0.112266 0.0179768  0.00103446  -0.00293005  -0.0196432  0.0131814  -0.00760253  0.00441767  0.00669349  -0.00622462  -0.00762923 
204 0.0035673 0.628576 0.0428642 0.104179 -0.0104693  -0.0249066  -0.0229476  -0.00605591  -0.0137626  0.00572957  0.00157879  -0.0103527  -0.00126247  0.014513 
207 0.00233623 1.00639 0.0687498 0.0853947 -0.0089555  -0.0498898  0.0030826  -0.0264091  -0.000251897  0.00982925  -0.004392  -0.000420375  -0.0156322  -0.0330136 
210 0.00161348 0.714962 0.0372463 0.0704184 -0.00789623  -0.00775118  0.00274531  0.00111635  0.00290033  0.0212511  0.00845265  -0.0160181  0.00552549  0.0209163 
212 0.000946799 1.01411 0.0441145 0.0578495 0.0266375  -0.014989  0.0106442  -0.0139715  0.0180488  0.0133434  -0.000680166  0.000380176  -0.00296558  -0.0137895 
215 0.000828807 0.892021 0.0360449 0.048992 0.0190771  0.0086164  0.0162349  0.0147658  -0.00258476  0.0044122  -0.000655301  -0.00279059  0.0080353  0.0167489 
217 -0.000407162 0.136668 0.024329 0.0396453 -0.0124992  -0.00468489  -0.00119581  0.000876669  0.00172519  -0.0166243  -0.00219381  -0.00224693  0.0033291  -0.0105468 
218 0.000219702 1.43696 0.0286924 0.0444859 0.00730385  0.0120958  0.0129791  -0.00778343  -0.0154404  -0.0012972  -0.0105824  -0.00545567  0.00301379  0.0019078 
219 -9.70331e-05 -3.95809 0.0415938 0.0419442 -0.00433679  0.0198852  -0.00726007  -0.0145674  0.0173581  -0.00212146  -0.0111706  0.0186908  0.015938  0.00411653 
227 0.00077282 0.757332 0.0282028 0.0430855 0.00011851  0.00864728  -0.00657136  0.000488253  -0.00866021  0.00855217  0.0149583  -0.0173321  -0.00164946  0.00147436 
228 5.59624e-05 0.529279 0.00256036 0.0329216 0.00155857  -0.00135151  -0.000590189  0.00057198  -0.000586789  -8.86429e-05  -0.000711282  0.000606279  0.000627915  -6.55453e-05 
231 8.83752e-05 3.46606 0.0323779 0.0320605 0.00129161  -0.0166277  -0.0214084  -0.00265607  -0.0032008  -0.011946  -0.00350865  0.00754793  -0.00854585  0.00308873 
235 4.50478e-05 1.09982 0.0103961 0.0306513 0.000622988  0.00265555  0.00262063  0.00404357  0.00334693  -0.000286079  -0.000973794  0.00138122  -0.00131397  -0.00784572 
238 -7.66944e-05 0.485309 0.00212365 0.0299075 -0.000862396  -0.000525001  -0.00121957  -9.56549e-05  -0.000435522  -0.000103601  0.000419343  0.000603422  0.000865449  -0.00071039 
239 -0.000145906 -0.386942 0.022752 0.0311633 0.00357654  0.0147984  0.00012529  0.00861458  0.001067  0.00354709  0.000929509  0.00209981  -0.0126489  -0.00571463 
240 -0.000111684 -0.485179 0.020979 0.0334226 -0.00415324  0.000248727  -0.00164493  0.00171363  0.00985854  -0.00871608  -0.000646542  0.000967427  0.00930539  0.0124925 
241 -0.000184503 0.310575 0.0118248 0.0350537 -0.00127012  0.00106201  0.00692806  -0.00110559  0.00402718  -0.00333883  -0.000922322  -0.000985826  -0.00764756  -0.000436411 
242 -0.000143354 0.480202 0.003371 0.0375936 -0.000766065  0.000718609  8.628e-05  0.00111156  -0.00118821  -0.00131753  0.00162014  0.000914016  0.00116445  -0.00102635 
244 -0.000151726 -5.39062 0.0597806 0.0394543 -0.00143359  -0.00605394  0.0277152  0.0166949  0.00251266  0.0419717  -0.0129569  -0.0227366  0.00593601  -0.000399322 
245 0.000448265 1.4121 0.0404333 0.0413326 0.0167226  -0.000287449  -0.0123749  -0.0220654  -0.0164328  -0.000153311  0.0151654  -0.00369658  0.000327811  -0.0141873 
246 0.000339638 0.779754 0.0194945 0.0354995 -0.00334952  -0.00142304  0.000666006  0.00689658  0.00477428  0.00293656  0.00442727  0.00511104  0.00286231  0.0152791 
248 2.77937e-07 0.501261 3.74367e-05 0.030342 1.38182e-05  4.45039e-06  -1.05953e-05  2.08035e-05  1.31874e-05  -1.68387e-05  7.37911e-06  5.32199e-06  1.01735e-05  1.40934e-06 
251 -0.000112665 0.43718 0.00532148 0.0303374 0.000399295  0.000949063  -0.000112193  0.00272203  -0.00133048  0.00207868  -0.00239624  0.000563479  0.00130468  -0.00244607 
253 1.13539e-05 0.537067 0.0012975 0.0321408 0.000438572  0.000273717  -0.000315536  -0.000191494  0.000225906  -0.000485068  0.000862949  0.0002278  -7.95342e-05  0.000436772 
255 0.000275583 0.803193 0.0182811 0.0319637 0.00292064  -0.0104838  -0.00311726  -0.000464136  -0.000165959  -0.00296031  -0.000670636  0.00953846  -0.007027  0.00749813 
257 -2.77588e-05 -0.585084 0.0109765 0.0273154 0.000583027  0.00415229  -0.00313964  -0.00172193  -0.00261534  -0.0042512  0.00559805  0.00147365  -0.00429725  0.00363179 
258 0.000438037 0.665655 0.0170374 0.0278189 0.000961449  0.00245552  -0.010205  -0.00169282  0.00587274  -0.00367222  -0.0112681  0.000250616  0.000932053  -0.000661671 
263 -0.000930709 0.255334 0.0301928 0.0183289 -0.0149318  -0.00611694  0.0149732  0.00803187  -0.00335974  0.00158138  0.00994892  0.0129481  0.00714952  0.00556642 
266 0.000188152 0.661119 0.011012 0.0355962 -0.00234162  0.00114558  -0.00171545  0.000796096  0.00482376  -0.0066872  0.00172692  -0.00314837  -0.00547688  0.000118181 
267 -0.00017952 -0.934603 0.0320957 0.0328475 -0.00100784  0.00758702  -0.0190676  -0.000971204  0.0151703  -0.0139547  -0.00164969  -0.0100873  -0.00165639  0.00865718 
269 -0.000588807 -0.302186 0.0434697 0.0354753 0.0120506  1.0943e-05  -0.0255362  -0.0154132  -0.0163935  0.00847478  -0.0155886  0.00701555  -0.0147975  -0.00172503 
270 -0.000553025 0.0999212 0.0297542 0.0429823 0.000836076  0.0150474  0.000116696  -0.00607103  0.00537081  0.00893077  -0.0135615  -0.011911  -0.00650494  -0.0120256 
276 0.000331899 2.33524 0.0493494 0.0489965 -0.0110989  -0.0123679  0.00796846  0.00883668  -0.0154658  0.00350741  0.0361607  0.0195149  0.00858312  -0.00201011 
279 4.30518e-05 1.00734 0.00934693 0.0454842 -0.00681264  -0.00305913  -3.27276e-06  0.000271356  0.00433819  0.00115479  -0.00238419  0.000380742  -0.000369177  0.00232422 
282 -0.000285531 0.208024 0.0182633 0.0450084 -0.00505402  0.00772266  0.00069624  0.00166914  0.00400208  0.00949363  0.00376484  -0.00469857  0.00971003  0.00290052 
283 -0.000206437 0.484694 0.00355835 0.0480763 7.31057e-06  0.00137286  -0.000344267  0.000195549  0.000220238  -0.000398291  0.00297201  0.000844763  0.000410806  -0.000835406 
284 2.43618e-06 0.501309 0.000112946 0.0501776 -1.73088e-05  -4.14845e-05  7.58341e-05  1.47987e-05  1.31568e-06  4.10365e-05  8.98001e-06  6.72365e-06  5.36237e-05  -8.90331e-06 
286 0.000305867 4.63153 0.0710696 0.0501533 -0.010624  -0.0402566  0.0229965  0.0170895  -0.00241356  -0.0145531  -0.0450989  -0.0077962  0.00906109  -0.0101054 
287 2.9737e-05 0.530668 0.00191005 0.0470057 0.000348362  0.000503132  0.000761642  0.000791851  0.000102804  -0.000316236  0.000598461  0.000245749  -0.000778176  -0.000965385 
288 -9.0156e-05 -2.94737 0.0352572 0.0466883 0.00278731  0.0165526  0.0121486  -0.00101258  0.0130657  -0.00854623  -0.00793352  -0.0155224  -0.00977566  -0.0130192 
289 -1.3319e-05 -3.83159 0.0151909 0.047644 0.00448742  -0.00162005  0.000543126  0.00490467  0.00239523  0.00400245  0.00780004  0.00783778  -0.00400311  -0.00485791 
294 0.000940421 1.37143 0.0572329 0.0477836 0.0283865  0.013584  -0.00875981  -0.0282487  -0.011798  0.00883262  0.0317785  -0.00475326  -0.012208  0.00344303 
295 -0.000259615 0.198801 0.0176874 0.036651 0.00232081  -0.00365881  0.00928422  0.00151686  -0.00262185  0.00833242  -0.0102637  0.00206552  -0.00283804  0.00340692 
297 4.54305e-05 0.576753 0.00373475 0.0400368 -0.000824492  9.82103e-05  0.00125084  -0.000215269  0.000482688  0.000801057  -0.00131751  -0.00191885  0.000206832  0.00230493 
298 6.17237e-05 0.514353 0.00188293 0.0394654 -0.000123004  -0.000778155  0.000296287  9.11721e-05  0.000735914  -0.00108101  0.000743494  -0.000339592  0.00033481  0.000581649 
299 2.81317e-06 0.50536 0.000245599 0.0386755 0.000113022  4.43146e-05  2.87264e-05  -1.04056e-05  -5.78324e-05  -5.14019e-05  0.000131976  -0.000110449  8.4993e-05  4.26672e-05 
302 -0.000208848 0.48662 0.00334675 0.0386391 -0.000290452  0.000141499  0.000959335  -0.00142597  -2.96568e-05  0.00174735  0.000611021  -0.000622576  -0.00206344  0.000264127 
304 -0.000194042 0.347646 0.0108757 0.0412535 -0.00615882  -0.00237954  0.00530327  -0.00331807  0.00448114  -0.00240896  0.00295446  0.000239242  -0.00092826  0.000149244 
305 0.000348396 0.708117 0.0170302 0.0435421 -0.000671173  0.00167691  -0.0127547  0.00194605  -0.00561004  -0.00304048  0.0013421  -0.00240227  0.00194931  -0.00825886 
307 0.000389212 1.22051 0.0334877 0.0393392 0.00624449  -0.0139461  -0.00827033  -0.00399596  0.0179887  -0.0050723  -0.00874869  0.0112053  0.0117485  0.010683 
310 -0.000165424 0.422415 0.00716626 0.0340358 0.00487209  0.000220841  0.00145484  -0.00121681  0.00158618  -0.00417415  -0.000538036  0.0017881  0.000571646  0.000467841 
311 0.00036226 1.30007 0.0340445 0.0363851 -0.0220526  -0.0074735  0.00141295  0.000802681  -0.00784574  -0.0052378  -0.00878626  -0.00657109  0.0137156  0.0147217 
313 -7.62106e-05 0.189479 0.00972962 0.031011 -0.00279172  -0.000775877  0.00437558  0.00532352  0.00121863  -0.00292053  0.0035374  0.00254548  0.00231589  0.00210089 
315 0.000127925 0.677245 0.00952352 0.0322164 -0.00160742  -0.000704128  -0.00513329  0.00275899  -0.00452751  0.000728083  -0.00214966  -0.00517897  7.21819e-05  -0.00108566 
316 -7.99997e-05 0.474276 0.00286969 0.0301658 -0.00123128  -0.000300215  -0.000559897  -0.000701134  0.00104516  0.000799172  -0.00109975  -0.00158306  0.000603206  0.00011602 
317 -0.000896518 0.266026 0.0289782 0.031464 0.00656308  -0.0098652  0.00114192  0.00514277  -0.00169089  0.00417374  -0.00140241  -0.0133855  -0.0208593  -0.00592114 
320 -0.000489339 0.113483 0.0275097 0.0434385 -0.00198768  -0.00998334  -0.0138461  -0.00539124  0.00262722  0.00346051  0.00446743  0.00613544  0.0169427  0.00829785 
322 -3.38488e-05 0.492047 0.00103799 0.0487479 0.000168506  -0.000283829  -0.000557887  0.000387844  0.000586864  0.000261215  0.000198536  0.000171763  0.000132928  -8.70454e-05 
324 0.000462458 0.703417 0.0193982 0.0490939 0.00553486  0.00904413  -0.00710082  4.92226e-05  -0.00949945  -0.00428054  0.00289063  -0.00924825  -0.0033091  0.000190368 
325 8.07104e-05 7.67918 0.048135 0.0441345 -0.00301369  0.0327597  0.00742326  0.00629908  -0.00089143  -0.0222348  -0.0196234  0.000192922  -0.0156897  -0.00366692 
329 0.000901249 0.573301 0.0162643 0.0432105 0.00410967  -0.000280178  -0.00254641  -0.00429633  -0.000316058  0.00737936  0.0082182  0.00916008  0.00388494  0.00123397 
331 0.00029648 0.893503 0.0216012 0.0310855 0.0116811  -0.000991946  0.0023423  1.39632e-05  -0.000734659  0.0154385  -0.00218515  0.00539882  0.00693749  0.00166035 
332 -0.000178097 0.34929 0.0103628 0.0258819 -0.00296864  -0.00313959  0.00123126  -0.00529898  -0.00128148  0.00504692  -0.00134878  0.00295749  0.00101015  0.00451919 
334 7.47831e-07 3.8505 0.00316582 0.0291202 0.00201923  -0.000368532  0.00106344  -0.00034577  0.000418169  -0.00162334  0.000829924  0.000718684  -0.000395462  0.000622143 
337 0.000175992 0.912002 0.0170298 0.0291073 -0.008251  -0.00387349  -0.00391159  0.0101934  -0.000976383  -0.00270741  0.00534397  0.00599432  -0.00133855  -0.00362803 
340 -5.83354e-05 0.221663 0.0080592 0.0259087 -0.000255648  0.000162536  -0.0016729  -0.00314608  -0.00166679  0.00298138  0.000170956  -0.0044593  -0.00344222  -0.00295504 
341 -0.000135912 0.471668 0.00392591 0.027011 0.00116408  -0.00266346  -0.000169476  -0.000824628  -0.00190858  0.000917735  -4.85086e-05  0.000495818  -0.000107663  0.00122891 
342 6.10729e-05 1.03064 0.0113853 0.0294197 0.00119864  -0.00165772  0.00156292  0.000454576  0.00518082  0.00381411  0.00225624  -0.00462423  0.00517166  0.00530877 
345 9.77311e-06 12.4883 0.0216477 0.0283628 -0.0103898  -0.000744838  0.0151436  0.00810749  -0.00111767  0.00562978  0.0047781  0.00167108  -7.65098e-05  -0.00254743 
348 8.15735e-05 1.29089 0.0160638 0.02819 0.00486214  0.00354579  0.00260502  -0.00574919  0.00361144  -0.00109717  -0.00326295  0.00518448  0.0103967  0.00470419 
350 -0.000311121 -0.172517 0.0289314 0.026704 -0.0035391  0.0028543  -0.0134303  -0.00170517  0.00280415  0.00756236  0.0142098  -0.00719004  0.0154308  -0.00873492 
