generation s h r distopt trait[0] trait[1] trait[2] trait[3] trait[4] trait[5] trait[6] trait[7] trait[8] trait[9] 
1 0.0619541 0.510417 0.0656463 2 -0.0105012  -0.0138594  0.040542  0.0216745  -0.0225243  -0.000896212  0.0294489  0.0107588  -0.00592146  0.0191685 
8 0.0745655 0.496696 0.0404369 1.98492 -0.0199243  -0.0143759  0.0244713  -0.0165469  -0.00386815  -0.00323039  0.00714132  -0.00647048  -0.00637106  -1.82797e-05 
9 0.139876 0.59292 0.238457 1.96672 -0.0104455  -0.0470261  -0.050744  0.0538612  -0.0994476  -0.0283863  0.0371741  -0.182935  0.0373696  0.0461101 
10 0.0632286 0.505249 0.0562656 1.93315 -0.0173991  -0.00941045  -0.00382667  -0.00528144  -0.00711452  -0.0253034  -0.0267689  0.0271346  0.0131372  -0.0203881 
13 0.0148966 0.505665 0.0210806 1.91722 5.19422e-05  -0.00429417  -0.0134211  0.00740339  -0.00669236  -0.00137387  0.00226524  0.00945333  0.00250093  0.00660202 
18 0.0855651 0.514597 0.0903181 1.91336 -0.00350725  -0.0238877  -0.00105449  -0.0412167  -0.0529793  -0.00553848  0.023654  0.0209023  -0.0346831  -0.028943 
21 0.0285695 0.53793 0.0683226 1.89179 0.00288251  -0.0090304  0.0188532  -0.0231907  -0.0117057  0.0228492  -0.0437144  -0.0186858  -0.0141256  -0.0237932 
22 0.142488 0.50327 0.102981 1.88433 -0.0197994  -0.0296818  0.035225  -0.0204505  0.0380822  -0.0257208  -0.060969  0.00731434  0.0274693  -0.0321856 
23 0.155915 0.656743 0.31648 1.84864 0.139332  -0.0915031  0.0346423  -0.00514481  0.104855  -0.0288411  0.152765  0.0493507  -0.0722538  -0.168308 
24 0.0506238 0.503666 0.0440817 1.80903 -0.0320136  -0.00344829  -0.017852  0.00340876  -0.0118216  0.00916455  -0.00890705  0.0111093  -0.0063638  -0.0104469 
26 0.144289 0.504927 0.108296 1.79533 -0.0671429  -0.0197493  -0.001065  -0.0178399  0.0549656  -0.0355933  0.00894551  -0.00189499  -0.0364054  0.0285194 
28 0.280927 0.485581 0.127821 1.75739 -0.0540779  -0.0707957  0.0692879  0.0298978  0.0169368  -0.0206345  0.030918  -0.0285936  0.0118288  -0.00900407 
31 0.419106 0.480588 0.184267 1.68548 -0.0827604  -0.109918  -0.014919  -0.0215077  -0.0762224  0.0122813  0.0807141  -0.00625423  -0.0181988  -0.0386275 
32 0.220498 0.563985 0.265197 1.57823 0.110504  -0.0683121  0.0233395  -0.0368317  0.0302433  0.104917  -0.0966796  0.155296  0.0377889  0.0688227 
36 0.122923 0.518018 0.122696 1.51379 0.0730428  -0.0645429  -0.00490983  0.00441887  0.0274057  0.0312846  -0.025453  0.0326022  0.045188  -0.00520975 
38 0.205808 0.494999 0.117272 1.475 -0.0022482  -0.0564662  -0.0523841  0.0228185  -0.00344356  -0.0250154  -0.0365586  0.0103059  -0.025445  0.0675775 
41 0.0285902 0.502484 0.0260267 1.41013 0.00353045  -0.0116468  0.0056787  0.00738376  0.010226  -0.0146951  -0.0023533  -0.00545895  -0.00302025  0.00880524 
45 0.00783524 0.50007 0.00571244 1.4001 -0.00296476  -0.001784  -0.0025036  0.00158918  -0.00262736  -0.00051143  0.0020143  4.02704e-05  -0.000787673  0.000148047 
47 0.023032 0.50025 0.0167937 1.39731 -0.000328623  -0.0083449  -0.000787974  0.00312822  0.0111489  0.00334211  0.00397386  0.00123618  -0.00111845  0.00691653 
48 0.287988 0.581227 0.336016 1.38914 0.0367005  -0.1334  -0.169231  -0.100122  0.133154  0.149541  -0.0370317  -0.113663  0.0134191  0.0231773 
49 0.0111169 0.507728 0.0200706 1.29484 -0.00418534  -0.00298307  0.00889152  0.00105163  0.011183  -0.00124163  0.00373574  0.0112865  0.00523356  0.000956751 
51 0.0224604 0.815733 0.167928 1.29057 -0.103275  0.0322558  -0.0902506  -0.00900866  -0.0399263  -0.0370218  -0.0431277  -0.0539205  0.0210927  0.00949867 
53 0.28386 0.542187 0.269936 1.28193 -0.0714151  -0.0824238  0.0241344  0.045207  -0.031518  -0.0611229  -0.0371136  0.223732  0.028361  -0.0371319 
54 0.162852 0.513787 0.14024 1.18046 -0.0512298  -0.0431837  0.0544903  -0.0311818  -0.0504342  -0.0151874  0.0335762  -0.0603574  -0.0596137  -0.0117492 
56 0.0195636 0.721059 0.131462 1.11472 -0.0405007  -0.00770354  0.019135  -0.0347307  -0.0401781  -0.00600002  -0.0822399  0.00578978  -0.0700263  0.0256804 
57 0.034254 0.514144 0.0497193 1.106 0.0166835  -0.0211096  -0.011042  0.00078567  0.0273801  -0.00625324  -0.00081528  0.00554677  0.0244139  -0.014466 
64 0.054998 0.498005 0.0317163 1.09066 -0.0135532  -0.02076  -0.000742708  0.0129459  0.00184736  0.00324938  -0.0113833  -0.000647021  0.0015004  0.0087686 
65 0.0501564 0.519878 0.0713159 1.06584 -0.0465094  -0.0116342  0.0109692  -0.00516382  0.0191  -0.0163351  -0.0281576  -0.0327081  0.0111001  0.00479145 
66 0.0211786 0.528165 0.0507923 1.04263 -0.00512384  -0.0112467  0.0073011  0.00554948  0.0234507  0.0384816  2.04969e-05  0.00647723  -0.00800156  -0.0143622 
68 0.0477291 0.515297 0.0627557 1.03253 -0.0193175  -0.02088  -0.0390906  0.00988043  -0.0277181  0.0266548  -0.00284123  -0.00116961  0.00196862  0.00336906 
70 0.0760142 0.5326 0.110549 1.0097 -0.00394769  -0.0434888  0.0292322  0.028383  0.0603726  0.0153877  0.0216233  0.0226402  -6.68234e-05  -0.0615827 
71 0.106239 0.516936 0.109193 0.972741 -0.0239132  -0.060835  0.00204196  -0.0576649  -0.0283549  0.00203808  -0.00070341  0.00601229  -0.0499109  0.0313873 
74 0.135638 0.51134 0.11765 0.91938 -0.00313013  -0.0729929  0.0444644  0.0466858  0.0329395  -0.00692247  -0.0317096  0.0150882  0.0420135  -0.0146974 
75 0.0671744 0.580526 0.151632 0.847386 0.0379175  -0.0580061  -0.0121746  -0.0340734  -0.0538153  0.0898165  -0.0181751  -0.0470769  0.0529969  0.0237152 
76 0.0608976 0.560031 0.126146 0.808115 0.025788  -0.0547438  0.00833988  0.0674938  -0.074703  0.00575548  -0.0311129  -0.00523622  -0.00494944  -0.0315037 
79 0.0224887 0.614674 0.102152 0.770671 -0.0177123  -0.00572244  0.0115607  -0.0250536  0.00165741  -0.0849685  -0.0240537  0.00517521  0.0385393  0.00377363 
81 0.0339419 0.812388 0.20505 0.756105 0.0930281  -0.0715632  0.0236444  -0.0333698  0.149072  -0.0344894  0.0101107  -0.0506426  -0.0147283  0.0173662 
84 0.00234617 5.42568 0.214266 0.7337 0.0462057  -0.0495754  -0.0902566  -0.0199339  -0.020152  0.154813  0.0690157  0.0547033  0.0207892  0.0145925 
85 0.0333118 0.744629 0.180198 0.732102 0.0242961  -0.0677824  0.0417493  -0.0639414  -0.0318917  -0.01082  0.013509  -0.105775  -0.0918204  -0.0227808 
86 0.177412 0.509706 0.140154 0.709368 -0.0673891  -0.0721877  0.0112385  0.0731605  -0.0125754  -0.0133909  0.0550893  0.011282  0.0284993  0.0100096 
90 0.0277885 0.574611 0.0924499 0.582997 -0.00978186  -0.0138179  0.00902085  -0.0290398  0.00107247  -0.0752308  0.0228455  -0.0177667  -0.024206  0.0158539 
91 0.0315664 0.512291 0.0448378 0.558995 -0.0159282  -0.0297528  0.0259249  0.00195935  0.000410703  0.0088337  -0.00678279  0.00421939  0.00631188  -0.00370158 
92 0.018997 0.806584 0.152277 0.530469 -0.0236826  0.0130719  -0.0467938  0.0745413  -0.0453464  -0.0267631  0.0480903  -0.0510167  0.0626304  -0.055678 
93 0.0122378 0.514688 0.0280808 0.512424 -0.00381099  -0.0184737  -0.0120636  -0.00733839  0.00806274  0.00304183  -0.00892111  0.000636993  -0.00878452  0.00138894 
99 0.0263725 0.652846 0.127362 0.500415 -0.0101995  -0.0350057  0.070612  0.0189446  0.023313  0.0805202  0.0104396  0.0173  0.0389146  0.024435 
104 0.0910201 0.632597 0.222942 0.473692 -0.152382  -0.0400697  -0.0586304  0.0715936  0.0275662  -0.0269298  0.0168238  0.114423  0.0290099  -0.0247361 
105 0.0356838 0.645368 0.144735 0.370501 -0.0360116  -0.0438246  0.0728107  -0.0149586  -0.0632082  0.00802364  -0.041408  0.058982  -0.0102418  0.0533637 
107 0.0143066 0.768352 0.123773 0.319701 -0.0419296  0.004381  -0.000587055  -0.0551288  -0.0438829  -0.0237001  0.0263336  -0.0243767  -0.0546538  0.0611618 
109 0.00939266 0.865324 0.116969 0.296654 -0.0414902  -0.0311326  -0.0489331  0.00360199  -0.0682033  -0.0032985  -0.0241347  -0.0278333  -0.0293889  0.0412329 
111 0.0304698 0.612164 0.117869 0.280455 0.0255205  -0.0610385  0.020795  0.0571332  0.00659065  0.00822315  0.027973  -0.00665169  0.0686835  -0.0128158 
112 0.0170155 0.731541 0.125451 0.220545 -0.0185694  -0.0618519  -0.0047967  0.016688  -0.0132812  -0.0366459  -0.0592431  -0.0415753  -0.0640699  0.0200892 
114 0.00786167 0.630305 0.0641109 0.178235 -0.0154341  -0.0368978  -0.027038  0.00593758  -0.00223319  -0.03571  0.0151358  0.00269617  -0.00714125  -0.0132924 
115 0.00280939 0.989156 0.0740904 0.154715 0.0105564  -0.00626254  0.00943753  -0.0304244  0.00389517  -0.0219143  0.0131073  -0.0513828  0.0302818  -0.00998145 
116 0.00112134 0.6898 0.0291785 0.145366 -0.00221758  -0.0191287  -0.00453081  0.0126306  -0.00331594  0.00245681  0.00952893  0.00346854  -0.00932148  0.0096823 
121 0.0144718 0.75878 0.122262 0.141459 -0.0117757  -0.0158042  0.00625917  0.0397481  0.0838529  -0.0542853  0.0228654  0.0163003  0.00909275  0.0457285 
122 2.0556e-06 2.66181 0.00421606 0.0751168 -0.00137268  -0.000670586  -0.00139598  0.000252705  -0.000341536  -0.000123095  -0.00231462  0.00246644  0.00119568  0.000652955 
123 0.00104475 0.866537 0.0391306 0.0751031 0.0192322  -0.0119201  0.0158638  0.00697817  0.00133193  0.0156623  -0.0191214  -0.00496496  -0.0040138  -0.00808784 
124 -0.000370414 0.487439 0.00432232 0.0677958 0.00086314  -0.000345362  -0.00123787  -0.00170141  -0.00276186  -0.000632645  -0.00163082  8.60571e-06  -0.000274428  0.00162109 
127 -0.00100272 0.393519 0.0206828 0.0704752 0.00226508  0.00555747  -0.000668013  -0.00281581  0.00702844  -0.00171053  -0.00269216  -0.016344  -0.000394415  0.00751893 
129 0.00107198 0.543854 0.0137299 0.0772657 -0.00437349  -0.00456979  0.0015338  0.00227635  0.00560045  -0.00255972  0.00676138  0.0020124  0.00201196  -0.0070168 
130 3.52204e-05 22.5219 0.0556887 0.0699898 -0.0168779  0.0404175  0.0101013  -0.00223869  -0.0173035  -0.0035489  0.00948054  0.0162886  0.0119763  -0.016282 
131 0.00160827 1.05252 0.0595925 0.0697378 0.0291243  0.00409595  -0.0292483  -0.0113888  0.00977794  0.0141881  -0.00293612  0.0260745  0.00837862  -0.0254064 
132 -7.29832e-05 0.454921 0.00362809 0.0570647 -0.00235055  0.00121823  -0.000522125  -1.57819e-05  -0.000565957  0.000321481  -0.000188599  0.00192668  -0.000568397  0.00117753 
134 -0.000446934 -0.272085 0.0371545 0.0577007 -0.0131622  0.00482606  0.0186102  0.0181404  0.00767388  -0.0162667  -0.0102858  -0.00135049  -0.00666184  0.0057457 
136 0.000683553 0.651112 0.0203284 0.0614525 -0.0050145  0.0028072  0.00940716  0.000646296  0.00857401  0.0115454  0.00349976  -0.0043321  -0.00289933  0.00671373 
137 6.59674e-05 0.586204 0.00476949 0.0556155 0.00212519  -0.0010771  -9.58582e-05  0.000308998  0.00183963  0.000428569  -0.00270499  0.00186032  -0.00159866  -0.000255569 
139 0.000332729 0.737821 0.0177907 0.0550193 0.00639827  -0.00697774  0.00865672  -0.00150987  0.000607974  -0.00536101  0.00949927  -0.00417369  0.000486406  0.00355846 
141 0.00050422 1.0218 0.0324367 0.051908 -0.00476956  -0.00189777  -0.0036211  -0.019076  -0.010278  0.0129775  -0.010974  0.00285046  0.0119776  -0.0101348 
142 8.71022e-05 2.6014 0.0270564 0.0468012 0.00447085  -0.0160357  0.00769412  0.00491624  -0.00679973  0.0167334  0.0054186  0.0005255  0.00245791  -0.00310313 
143 -5.55506e-05 -9.67326 0.0475389 0.0458612 0.0116103  -0.0255858  -0.007667  -0.00784829  0.0114645  0.00760905  0.00495969  -0.0111841  -0.0159265  0.0275222 
144 0.000482457 0.669914 0.0181088 0.0464629 -0.011817  0.000297368  0.000470567  0.00315778  0.00546661  -0.00524621  0.00561869  0.00285138  0.00630165  0.00641774 
148 0.000192368 0.607615 0.00910034 0.0409447 -0.00432002  0.00230806  0.00296668  0.00446932  0.00171424  0.00154589  0.000601455  0.00323951  -0.000166665  -0.00371997 
151 -0.000220296 0.47295 0.00488499 0.0385242 0.000771279  -0.000408387  -0.00113536  0.00100439  -0.00248387  0.00023674  0.00115942  -0.00134016  0.00164592  0.00295442 
152 0.000293976 0.531567 0.00609571 0.0412848 -0.000697827  -0.00082972  -0.00142711  0.00019925  0.00210442  -0.00136224  -0.0038384  0.000669557  0.00264138  -0.00233734 
153 -0.000127597 -0.126099 0.0178765 0.0375567 -0.00841059  0.000127274  0.00503166  0.00344427  -0.0037268  -0.00469336  0.00807289  0.0079667  -0.000284203  -0.00685538 
154 -0.000197634 -0.884243 0.0330797 0.0392187 -0.0112619  0.0116707  -0.00685034  0.00770761  0.0132169  0.00145866  -0.0226259  0.00578539  0.00123683  0.00107483 
155 -0.00010615 -0.993927 0.0251855 0.0416625 0.00721782  -0.00771383  -0.0121961  0.00314958  0.000890325  -0.0123917  0.00964215  0.00487102  -0.00142121  0.00953837 
156 0.000619007 0.658136 0.0197889 0.0429176 0.00140702  0.00527071  -0.00317864  -0.00520458  0.00694713  -0.00208994  0.00469599  -0.0146814  -0.00502217  -0.0030332 
158 0.000131225 0.831681 0.0131944 0.0349729 0.00579129  0.0100387  0.00268713  -0.00428283  0.000849831  0.000342389  0.00347052  -0.000896754  -1.0583e-05  0.000726112 
160 7.3522e-06 0.507152 0.000458634 0.0330437 7.03457e-05  4.96262e-06  -2.33838e-05  0.000175067  0.000149956  -0.000159336  0.000131933  1.23247e-05  0.000302421  -0.000131473 
162 -0.000233093 -1.19776 0.0397849 0.0329322 -0.01179  0.00469439  0.011041  -0.0194983  -0.00098543  0.00330343  0.0191235  -0.00894393  0.0119845  -0.0178464 
164 5.76398e-05 3.4212 0.0259506 0.0362995 0.00313544  0.00417678  -0.00834439  0.0125122  0.0132076  0.00050302  -0.00909065  -0.00920892  -0.0051699  -0.00714906 
165 -0.000125826 0.319624 0.00952874 0.0354967 -0.00218018  0.00506397  0.00367476  -0.000492549  -0.00412688  0.000607382  -0.00285151  0.000211062  0.00453561  0.00071138 
166 -0.000198684 0.397154 0.00904227 0.037227 -0.00378079  -0.00432621  0.00255321  -0.00150902  0.00453772  -0.00246639  0.00214712  -0.00105037  0.00217808  -0.00168065 
172 2.78381e-05 0.509858 0.00104791 0.0398064 -9.77519e-05  -0.000559231  0.000491148  -0.00047113  -0.000204606  -9.12277e-05  0.000144601  0.000447924  0.000190261  6.86054e-05 
177 0.000121069 1.32815 0.0200254 0.0394552 -0.00781212  -0.00329457  -0.00251578  0.00426446  -0.00289578  0.00595134  -0.00445557  0.0111593  -0.00719291  -0.00804325 
178 0.000344288 0.649576 0.014353 0.03789 0.00404929  -0.00297893  0.000340158  -0.003508  -0.00979586  -0.00787243  -0.00173842  -0.00226397  -0.00124125  -0.000832134 
180 -0.000375885 0.293603 0.0176194 0.0330367 0.000206637  0.00574263  -0.00574844  -5.24477e-06  0.00456787  -0.00183498  0.00732723  0.00264152  0.0119694  -0.00402662 
183 -4.3087e-05 0.14933 0.00777426 0.0383064 0.00185607  0.00192677  -0.00260705  -0.00224528  0.00393639  -0.00391078  -0.00246649  0.000726972  -0.00189804  -0.000663035 
184 -2.12021e-05 -1.47256 0.012934 0.0388647 -0.00162681  0.00262144  0.00445484  0.0057078  0.00152757  0.00498739  -0.00326735  0.00588753  0.00432359  0.00375574 
185 1.24986e-05 1.41548 0.00676523 0.0391366 0.00213866  0.000269684  0.000101095  0.00146809  -0.000514575  0.000223602  0.00094168  0.00601923  0.0010187  -0.000696982 
186 0.000448989 0.719191 0.0198406 0.0389766 0.00740918  -0.00258828  0.00407982  0.00665937  -0.0104256  0.00111249  0.00483693  -0.00401482  -0.0061405  0.00916037 
188 -0.000265612 -0.434611 0.0315122 0.0327152 0.0119946  5.09589e-05  0.0187317  -0.00816251  -0.0102633  0.013652  -0.00599224  0.00149597  -0.00704232  -0.00722446 
189 -0.000161562 0.271979 0.01214 0.0365504 -0.00118738  -0.00119458  -0.00258558  0.0026728  -0.0014052  0.00256234  -0.00257114  0.00151355  -0.0101553  -0.00318487 
192 -0.000258543 0.314872 0.0138386 0.0386976 -0.00615352  0.00545044  -0.00510867  0.0053881  0.000177777  -0.00199662  -0.00545101  0.00556565  0.00155913  -0.0012903 
193 0.000507069 0.863618 0.0271549 0.0419056 0.0145706  -0.0115231  -0.00394072  0.00173675  0.0124138  -0.00267737  -0.0130685  0.00573066  0.000820994  0.00286192 
194 -0.000425389 0.362634 0.0152928 0.0353432 0.0117463  -9.66036e-05  0.00448676  0.00272039  0.00494341  -0.00355503  -0.00121151  -0.000861324  -0.00168594  0.0051211 
198 0.00061576 0.595162 0.0153133 0.0409221 -0.00531536  -0.00486357  -0.00225272  0.0019162  -0.00511442  -0.00536262  0.00757623  -0.00271978  0.00731601  -0.000780071 
201 -8.55295e-06 0.464031 0.00110933 0.0325431 -0.000235583  0.000179812  -0.000338949  -3.87436e-05  0.000246194  -0.00022899  0.000269264  0.000881434  -7.61638e-05  -0.000241063 
207 4.19683e-05 0.665913 0.00527756 0.0326742 0.000509154  -0.00144792  -0.00135246  0.000513272  -0.000205119  -0.00285526  -0.000915062  -0.00217394  -0.00144023  0.00275174 
208 -3.87922e-05 0.451693 0.00273801 0.0320256 -0.0010613  0.00051984  -0.000426751  0.000393231  -0.000286708  -0.000945649  -0.0012449  0.00127993  0.0012233  0.000320032 
211 3.7335e-05 3.32017 0.0205216 0.0326256 -0.000776416  -0.00703936  -0.00745147  -0.00172909  -0.000228335  0.0118819  -0.00786607  -0.00212331  0.00607355  -0.00824389 
212 1.139e-05 1.37074 0.00629846 0.0320483 -0.000690513  0.00166306  -0.0007893  -0.000791211  -0.0011082  0.00218893  0.00222652  0.00470562  -0.000572797  0.00131571 
213 -0.000623982 0.0705496 0.0327454 0.0318701 0.0157716  -0.0176741  -0.0100842  -0.00468046  0.0041332  -0.0113007  -0.000725083  -0.00613281  0.013671  0.00421049 
215 9.75353e-05 4.80549 0.0409795 0.0404955 -0.0136347  -0.00896914  0.0157838  -0.00545015  -0.00196291  0.0142571  0.0151629  -0.00707693  -0.00290309  0.0252704 
218 -4.75631e-05 -0.305352 0.0123783 0.0392728 -0.00311101  -0.00504833  -0.00733986  -0.00331798  -0.000538913  0.000346873  -0.0026771  -0.00645532  -0.000591513  -0.00189126 
219 4.77214e-05 8.34056 0.0386825 0.0398738 -9.98619e-05  0.00868402  -0.0125285  -0.00973918  -0.0191476  -0.0155216  -0.00724267  0.0210397  -0.00419317  -0.0069887 
221 0.00011174 1.64606 0.0226316 0.0392708 -0.00869315  0.0045092  0.0163226  0.00490692  0.000213265  0.00701469  -0.00558982  0.000110897  -0.00569169  0.00358829 
222 0.000215198 0.658598 0.0116845 0.0378214 -0.00339208  -0.00445618  -0.0012348  0.000267311  0.00694213  -0.0015922  0.00180086  -0.00237109  0.00543925  -0.0037931 
223 0.000563031 0.826352 0.0271085 0.034861 0.00117159  0.0111153  -5.55333e-05  0.00412285  4.3247e-06  -0.00485884  0.0229836  -0.00612803  0.00183932  0.000391267 
228 4.51556e-05 6.07943 0.0317431 0.0255424 -0.00530757  0.017919  0.00947128  -0.0003037  -6.41282e-05  0.00692239  -0.0127215  -0.00590586  -0.00427432  -0.0174829 
229 -0.000825146 0.257277 0.0283146 0.0246426 0.0071179  0.00435234  0.0120987  -0.00589219  0.00403325  -0.0230043  -4.84567e-05  0.000864255  -0.00135385  0.00172313 
230 4.49377e-05 0.550607 0.00301619 0.0378516 -0.000296597  0.000340062  -0.00106404  -0.000333384  -0.00173348  0.000332687  0.00061095  0.000763338  2.90427e-05  0.00189158 
231 -0.000214931 0.307049 0.0128811 0.0372533 -0.00643419  0.00109874  0.0038482  -0.00272069  0.00484274  0.00421479  0.00226038  0.00512938  0.00092011  -0.00525565 
235 -7.72272e-05 0.479944 0.00248974 0.0400345 -0.000110003  0.0012571  0.000605311  -0.00177347  -0.000131337  0.000322676  0.000768464  -1.7459e-05  0.000434467  0.000440295 
236 -6.404e-06 -1.78341 0.00764798 0.0409877 0.000485803  -0.000657636  -0.00149323  0.000440924  0.000739454  -8.74147e-05  -0.00299653  -0.00209466  0.00126422  -0.00631502 
237 4.73701e-05 0.792899 0.00744971 0.0410658 -0.0007643  -0.000711028  -0.00177774  0.00298055  0.00402176  -0.00188228  0.00304182  0.0034985  -0.00105097  -0.000223822 
238 -7.93341e-05 0.108439 0.0111473 0.0404849 0.00373332  -0.00119233  -0.00176586  0.00157896  0.00582027  0.00206865  -0.00456973  0.00269688  0.00151598  -0.00588926 
240 -7.79253e-05 0.401275 0.00554769 0.0414532 0.00224653  0.00269997  0.00139276  0.00207587  -0.00042114  -0.0016607  0.00131816  0.0006266  -0.00139308  0.00227706 
241 -7.02195e-05 0.439231 0.00413177 0.0423827 0.000359439  0.000846883  0.000405114  0.0014054  0.00257984  -0.000497345  0.00144158  0.000854995  0.00127753  0.00165581 
244 0.000132512 0.517121 0.00301378 0.0432032 -0.000289418  -0.000128434  -0.000669022  -0.00119483  -0.00219234  0.000505205  0.000449816  -0.000936168  -0.000963019  0.000199224 
245 -0.000186532 -0.0909943 0.0209998 0.0416415 0.00332226  0.000114519  0.000863748  0.012981  -0.000202484  0.00682471  0.0132881  -0.00102267  -0.00563839  -0.00215869 
247 0.000763888 0.598279 0.0173339 0.0438242 0.00460065  -0.00209675  -0.00723388  0.0013422  -0.0018196  0.00857861  0.00133826  -0.00794633  -0.00389161  0.00798669 
249 -0.000925012 0.202589 0.0331847 0.0340142 -0.0101285  0.016032  -0.0103117  0.00236063  0.00379194  0.0109359  -0.01286  -0.010279  -0.0138325  -0.00577571 
250 -2.53402e-05 0.495975 0.000638967 0.0456334 -0.000196206  6.31563e-05  -0.00013431  -6.10499e-05  4.84162e-05  6.22607e-05  -0.000223574  -5.29587e-05  -0.000532793  -3.38815e-05 
251 0.000795887 1.07745 0.042866 0.0459102 -0.0114089  -0.0206462  -0.00158802  -0.0217862  -0.0241087  -0.00527965  -0.00360938  -0.00413498  0.0122521  -0.00381579 
252 -0.00029699 0.364599 0.0126853 0.036224 -0.00672179  0.00147216  -0.000311914  0.00129476  -0.000829525  -0.00483735  -0.00407281  0.001667  0.00824539  -0.000592479 
254 0.000257026 0.585431 0.00937298 0.040115 0.00621418  0.00213991  -0.000480852  0.00196372  -0.000478886  -0.00155969  -0.00301291  -0.00257142  -0.000432773  0.00469372 
255 -0.000177752 0.440439 0.00650903 0.0367725 0.00134966  0.00329663  -0.000404713  0.00212421  -0.00383976  0.00170382  0.00234726  -0.00111768  0.000697802  -0.000330848 
256 0.000139093 0.728985 0.0112871 0.039115 -0.00183183  0.00274983  -0.000803972  0.00108285  0.00578672  -0.00229847  0.00746124  0.00359398  0.00182581  -0.00199346 
260 -0.000128816 0.199587 0.0124422 0.0372948 0.00353083  0.00413055  -0.00485947  0.00130306  -0.00416343  0.00427711  0.00629867  -0.0017238  -0.00398788  0.00240658 
264 0.000628729 0.71217 0.0230995 0.0389837 0.00854006  -0.00453511  -0.00348987  0.0074405  0.00329501  -0.00504308  -0.00452614  0.000918994  0.00204448  0.017628 
268 1.70291e-05 0.864495 0.00498276 0.0298529 0.00425084  -0.000888447  0.000160719  0.000321218  -0.000489245  0.000900148  -0.000892182  -0.00125194  0.00147767  -0.000493423 
271 -0.000604269 0.184668 0.0276138 0.0295663 0.0103817  -0.00993222  -0.0144327  -0.00691725  -0.0108134  0.0118893  -0.00188115  -0.00250412  -0.00431135  -0.00364145 
279 -0.0001905 0.474905 0.00437524 0.0384528 0.0015027  -0.00164083  -0.000582305  0.000357468  -0.00118794  0.000173574  -0.00179221  -0.00266141  0.00140195  0.000153185 
280 -0.00118008 0.359169 0.0258031 0.0408551 -0.000443274  0.00807642  -0.00963316  0.00325899  -0.00297735  0.00156849  -0.0170667  0.00689812  0.000919417  0.0120802 
282 0.000925882 0.623478 0.0213891 0.0533846 -0.00259877  0.00579769  0.012437  -0.010016  0.00479569  -0.00795819  0.00698514  -0.00482377  0.00186737  0.000499584 
283 4.93842e-05 0.541093 0.00284926 0.0438687 0.00095145  -0.000422011  -0.00116994  0.000863216  0.00097294  0.000500967  0.000263922  0.00164162  0.000363204  0.000909385 
284 5.81594e-05 0.810491 0.00849887 0.0433022 0.00303515  -0.00301739  0.00233268  0.00458377  -0.000602294  0.000348125  -0.00231766  0.00300006  0.00337225  -0.00111075 
287 0.00052042 1.96917 0.0552857 0.0426254 0.00890537  -0.0119677  0.00481339  -0.0130066  0.0412056  -0.00579715  0.0211371  0.017419  0.0125531  -0.00153197 
289 0.000371401 0.968445 0.0263781 0.0360088 -0.00747698  0.00378243  0.00319513  -0.00275679  -0.022575  0.00771379  -0.000852991  -0.00391862  -0.00310992  0.00359081 
290 0.000193456 2.00952 0.0341736 0.0304188 -0.00351488  -0.0169983  0.0187382  0.0118154  0.00326025  0.00336042  0.00938706  0.0047635  -0.0136113  -0.00760382 
291 3.69781e-05 5.78569 0.0279594 0.027053 -0.00281334  0.0161188  -0.00452558  -0.00934162  0.00960389  -0.00335687  -0.014023  0.00490527  0.0065976  0.00620608 
292 -3.3899e-05 -8.40772 0.0347519 0.0263608 0.0141755  -0.0105443  -0.0138829  0.00492264  -0.0120587  -0.0158013  -0.00279112  -0.0148972  -0.00163254  -0.00715026 
294 1.34297e-05 0.951463 0.00492463 0.0269961 0.00155731  -0.000525986  0.00249721  0.000142247  0.00253999  0.00191316  -0.000228441  0.000617158  -0.00108261  0.00189129 
300 -2.88943e-05 0.0330948 0.00734605 0.0267462 -5.57182e-05  -0.0021219  -0.00146756  0.00523038  0.000180147  2.25295e-05  0.000514588  -0.00240378  0.00282783  -0.00242401 
301 -0.000570572 -0.135207 0.0380794 0.027281 -0.0190961  0.0047318  -0.000674953  -0.0303825  3.39546e-05  -0.00224573  0.00319032  -0.00561979  0.00283554  -0.00919742 
303 -0.000292837 0.318912 0.0145666 0.0362628 0.00620563  0.00125553  0.00573561  -0.00340915  -0.007308  0.00358319  -0.00675005  0.00313938  -0.000682978  0.00233431 
304 0.000428554 0.571579 0.01108 0.0400982 -0.00378325  -0.00437452  -0.00292309  0.00493556  0.00329406  -0.00207964  0.00328071  0.0022884  0.000220578  0.00501873 
309 0.000204776 0.604027 0.00923151 0.0343425 -0.00121798  -0.00083888  0.00171995  0.00546433  -0.00276344  -0.00305157  -0.00178313  -0.000538177  -0.0046243  0.00290077 
310 -8.99537e-05 0.245637 0.00956716 0.0312194 -0.000179584  -0.00151944  -0.000928188  0.00253789  0.000969387  -0.00390648  -0.00280852  0.00229526  -0.0034955  0.00634921 
311 -0.000307585 -0.720227 0.0387465 0.0326284 0.00304625  0.0173436  -0.00864722  0.0154488  -0.00926757  0.000870469  0.00348202  -0.0157423  -0.0086817  -0.0213497 
312 7.19022e-05 0.619955 0.00587379 0.0370438 0.000662004  0.00206127  0.00323189  0.00392348  1.1048e-05  -0.000445289  0.000993985  0.0011722  -0.000209114  0.00117105 
317 -0.000765003 -0.658485 0.0595404 0.0360603 -0.0189019  -0.0136155  0.00171057  -0.0162345  0.0186383  0.0106616  0.0103959  0.0117862  -0.014241  0.0427207 
318 2.04067e-07 0.503429 5.29094e-05 0.0454493 -1.86113e-06  -3.25298e-05  5.34736e-06  2.47745e-05  -1.54588e-05  -1.62432e-05  -3.00215e-06  -1.73506e-05  -1.57472e-05  -5.87604e-06 
320 -0.000257432 -0.0652591 0.0241273 0.045447 0.00658059  -0.0118978  -0.00899246  0.0102677  -0.00197609  -0.00943207  0.00439257  0.00839572  -0.0043977  -0.00299764 
326 -8.96559e-05 -4.27171 0.0413638 0.0481965 -0.00347972  0.0169089  0.00617624  -0.019283  0.00197953  0.000688239  -0.0235903  0.00426641  0.0203041  0.00340707 
327 0.000115729 2.24118 0.0283883 0.0491178 0.00284143  -0.0196244  -0.00336264  0.0146568  0.00585403  0.00279715  0.00494024  0.00766354  0.00752999  0.00215625 
328 -0.000343759 -1.83236 0.0566251 0.0479253 0.00927664  -0.0127563  -0.00181675  0.0126774  0.0204558  -0.00793834  -0.00410915  -0.0224675  -0.0250492  -0.034103 
330 0.000206368 2.07737 0.0360798 0.0513873 -0.0152026  0.00496527  3.83137e-05  -0.0218471  -0.00507831  0.0195204  -0.0101903  0.00247924  0.00621313  0.00364063 
332 -0.000121093 0.461868 0.00429865 0.0493387 -0.0010663  -0.000734058  -0.000611761  0.00135059  0.00125545  0.00229466  -0.00169866  -0.00093385  0.00184248  0.000781236 
333 0.00126951 0.923764 0.0463762 0.050551 -0.00118788  0.0182415  -0.000634327  -0.00473303  -0.0156121  -0.00797777  0.0286209  0.0103555  0.0235041  0.00275092 
334 1.23116e-05 0.507628 0.000612958 0.0358706 3.41113e-05  0.000122375  0.000174176  3.73436e-05  0.000129506  -1.67445e-05  -0.000318649  -0.000433513  0.00014502  -1.7119e-05 
338 0.000319746 0.692422 0.0156879 0.0356986 0.00245194  0.00169362  -0.00410343  0.00718394  0.00409237  0.00714219  -0.00386895  -0.00216952  0.000537684  -0.00900325 
339 -3.78105e-05 -0.562167 0.0126746 0.0308981 0.00175976  0.00274942  0.0088751  -0.00160069  0.00441319  0.00255989  -0.00152884  -0.00270827  0.00573594  -0.00023862 
341 8.16737e-05 0.528198 0.00303566 0.0315041 0.00162198  -0.00112919  -0.000871803  -0.000133219  -0.00151723  -0.000143887  7.83051e-05  -2.02996e-06  -0.00121524  0.000852006 
343 -1.84497e-05 0.49395 0.000668341 0.03018 0.000105835  -0.000183229  -0.000231922  -0.000162547  0.000271477  -2.6786e-05  -0.000398893  -0.000175174  2.46819e-05  0.000238471 
345 0.000305024 0.644944 0.0132989 0.0304842 0.00317959  -0.00402163  0.00140621  0.00379619  -0.00721463  0.00058184  -0.00229073  -0.00765608  -0.00381827  0.00183229 
347 -0.000438262 0.37254 0.0149527 0.0249862 0.00512698  0.0022339  -0.00862007  -0.00022026  0.00313014  0.00272232  -0.00331956  -0.00855833  -0.00256333  -0.00314779 
348 -0.000153354 0.406911 0.00755765 0.0325986 -0.000186208  0.00295985  -5.90037e-05  -0.004413  0.00173304  -0.000668479  0.00378409  -0.000509627  0.000176139  0.00328394 
349 0.000133476 0.687709 0.010011 0.0348716 -0.000982435  0.00493598  0.00334433  0.00204905  -0.00285839  0.0043303  0.00044041  -0.000449874  -0.00324809  0.00465177 
