generation s h r distopt trait[0] trait[1] trait[2] trait[3] trait[4] trait[5] trait[6] trait[7] trait[8] trait[9] 
2 -0.000112795 0.0741384 0.0138619 0.01 0.00120097  -0.00378574  0.00538851  0.00700619  -0.00866165  0.00114862  0.00249936  -0.00312058  -0.000154983  0.00242984 
3 2.2745e-06 0.505705 0.000227831 0.0208195 2.13692e-05  -0.000148755  0.000108751  -5.95499e-05  -9.51419e-05  -5.53618e-06  -8.63037e-06  -6.21918e-05  2.31306e-06  3.0316e-05 
4 -0.000457216 0.371641 0.0153265 0.0291349 -0.00573511  0.00379467  0.0038516  -0.00641525  -0.00216035  -0.00338092  -0.00922322  0.000475407  -0.00320385  0.00446821 
5 0.000384426 0.649332 0.0151543 0.0450202 0.00187188  -0.00198475  -0.00109951  -0.00433681  0.00878014  -0.00132619  0.00588187  0.0082172  0.00188836  -0.00420201 
7 0.00137582 0.741193 0.0364303 0.0598976 -0.00400207  -0.0227407  -0.0190528  -0.00607902  -0.0121522  -0.00180022  -0.0101067  -0.00504546  0.00553843  -0.00921168 
11 0.00114933 0.533944 0.0125148 0.0826374 0.00646047  -0.0044288  0.0070035  0.0032473  0.00078352  -0.00156717  0.00126244  -0.00504635  0.00211363  0.00103792 
13 0.00113186 0.573321 0.0182317 0.0946062 0.00116376  -0.0090404  0.0099697  -0.00609958  -0.000358057  0.00489722  -0.0069038  -0.00158552  0.00107679  -0.00610464 
15 0.00293855 0.843766 0.0635377 0.107368 0.0483412  -0.0219069  0.0211794  0.0116646  -0.000210944  0.0162912  -0.0139107  0.000434093  0.00113132  -0.013236 
17 0.0011993 4.4996 0.138313 0.108422 -0.0719275  -0.096619  -0.0336339  0.0223982  0.000569708  -0.0162207  0.0132241  -0.0353034  0.000672463  -0.0361047 
19 0.00137136 1.54889 0.0758058 0.107379 0.00373228  0.00473797  -0.0195032  -0.0333896  0.022038  0.00445447  -0.0372562  0.0420429  0.0024059  0.0234086 
20 0.0042849 0.621721 0.0457207 0.10497 0.0317497  -0.00679125  0.00753357  0.0113707  -0.0166375  -0.00772132  0.00343281  0.0157366  -0.0159164  -0.000995725 
21 -3.92113e-05 -102.83 0.127179 0.0866391 0.0348606  -0.0139443  0.0597461  -0.0285436  0.031558  -0.0371781  0.0498728  -0.00549395  0.0450966  0.0587455 
22 0.00164057 0.65796 0.0322015 0.0897724 -0.00884884  0.00076951  -0.0190686  -0.0043566  -0.0166489  0.00116446  0.00235922  -0.00751246  0.00195531  -0.0152015 
25 0.00142681 2.31293 0.101623 0.0966564 0.0295501  -0.0112479  -0.0153256  0.0636071  0.0174778  0.0265015  0.0115462  0.0502934  -0.0319265  0.0188906 
26 0.000163705 13.1386 0.0909219 0.094449 7.78003e-05  -0.0241901  -0.00330623  -0.0430011  -0.0264297  -0.00741082  0.0262746  -0.00589276  0.0344901  -0.056156 
28 0.00211975 0.660232 0.0368671 0.102124 -0.00403081  -0.00426242  -0.0203077  -0.00858687  0.0104731  0.00392647  -0.00432175  -0.0171869  0.00407141  0.0195674 
29 -0.000690182 0.32769 0.0218191 0.0968846 -0.0112508  0.00544721  0.0116992  0.00206685  0.000301991  -0.00928035  -0.00336134  -0.00493773  0.00249663  0.00710986 
30 0.00046594 0.795381 0.0234619 0.107309 -0.00893497  -0.00872538  -0.00178153  2.87805e-05  0.00306065  -0.00104845  -0.00535262  0.014768  -0.00750348  -0.00882081 
31 0.00175118 0.822315 0.0475042 0.112095 0.0138294  -0.0215297  -0.0176098  -0.00259587  -0.0196567  0.0112153  -0.0118869  0.000962946  0.00858972  -0.0235976 
32 0.000605283 0.766306 0.0253909 0.109746 -0.00231297  -0.0143528  0.00349314  -0.0111093  -0.00151124  0.00897951  0.0141585  -0.0031066  0.00189044  -0.00105962 
34 0.00241962 0.533916 0.018187 0.118174 0.00668109  -0.00745287  -0.00937095  0.00800086  0.000532857  -0.00171394  -0.00391521  -0.00541913  -0.00146034  0.00535767 
36 0.00115591 0.520178 0.00969061 0.120489 7.14145e-05  -0.00625933  -0.0035594  -0.00131511  0.000970987  0.000989273  -0.00286374  -0.00177545  -0.00416465  -0.00311542 
40 0.00434113 0.614302 0.0446026 0.145655 0.0277537  -0.0135485  -0.0100018  0.00859262  -0.00568708  -0.00650398  -0.0237406  0.00506125  0.00147242  0.0139873 
43 0.00536194 0.575048 0.0402404 0.153809 -0.0215183  -0.0228438  0.000883514  -0.00381825  0.0132885  -0.00224195  0.0106851  0.00237654  -0.0178154  0.00048564 
45 0.0107607 0.597704 0.0651001 0.152202 0.0041487  -0.0369582  0.023792  0.00285574  -0.0140061  0.0290303  -0.00188449  0.00335295  -0.0348196  0.00381541 
47 0.00164691 0.552766 0.0186723 0.129024 0.00577538  -0.00595827  -0.000497435  -0.00375314  0.00763557  -0.00324993  -0.00368438  0.00483874  -0.00412815  0.0119403 
48 0.00434117 0.650909 0.0512185 0.131336 -0.0013713  -0.039327  -0.0137166  -0.00176777  -0.0197681  -0.00179861  -0.00520227  0.00709069  0.0108542  -0.0171579 
49 0.0045221 0.614019 0.0454688 0.12088 0.00144743  -0.0340407  0.0085963  0.00350137  -0.0039834  -0.00225111  -0.0220978  -0.0055649  0.0166633  0.00158585 
53 0.00241633 0.605038 0.031887 0.127354 0.0118829  0.00149471  0.004292  -0.000839551  0.000451898  0.0119541  0.00955058  -0.0217134  -0.00412734  -0.0114627 
54 0.00242107 0.5157 0.012441 0.125709 0.00111924  -0.00808844  0.0013518  0.00402079  0.00021617  -0.000627733  -0.00128437  -0.00242352  -0.00102611  0.00781608 
56 0.000651718 5.57048 0.114857 0.132871 0.00939867  -0.0520181  0.0118227  -0.0558897  -0.0427612  -0.0418088  0.0336627  -0.0389912  0.000432982  0.0300732 
57 0.000519967 1.14038 0.0364894 0.13559 -0.00782176  -0.0156361  -0.0180142  -0.00512448  0.0103121  0.00396317  0.00979941  -0.00206018  -0.0110063  0.0182094 
62 0.00340294 0.978394 0.0806301 0.162678 0.0145455  -0.0627126  -0.0125076  -0.00747411  -0.00466058  0.0111665  0.0408089  0.00865719  0.0151486  0.00531668 
66 0.000457534 4.45316 0.0850103 0.168521 0.0263235  -0.020891  -0.0251368  -0.00613131  0.00685378  -0.00553615  -0.0394303  -0.055483  0.0265106  -0.00379363 
67 0.00438199 0.63233 0.0482005 0.170983 0.0196071  -0.0207984  0.0161519  0.000574491  -0.000480922  -0.0113398  0.0258811  0.0188033  0.00374735  -0.00887702 
68 0.00890892 0.569356 0.0499917 0.160788 0.0104739  -0.0148029  0.0095265  0.0127307  0.0216879  0.0250851  -0.0180562  0.0111844  0.00211847  0.0190336 
69 0.00330055 0.608696 0.0379187 0.133541 0.000361712  0.0162289  0.010843  0.01367  0.0199658  -0.00794996  -0.0182387  0.00660024  0.00316371  -0.00467153 
70 6.2586e-05 0.509896 0.00157455 0.126093 0.00011577  -0.000184486  0.000388544  -6.56663e-05  0.000392495  0.00085289  -0.000844529  0.00039832  0.000188979  0.000698156 
72 0.00300741 0.534805 0.0205559 0.138388 -0.0122323  -0.0115262  0.00354075  0.00301014  0.000115758  0.00485513  -0.00372119  0.00755749  -0.00311375  -0.00377077 
74 0.00178224 0.675751 0.0354006 0.141224 0.00461966  -0.00560339  0.00117073  0.0172002  0.0157443  0.00193279  -0.0135768  0.0128063  0.0146798  0.00937017 
77 0.00273259 0.625653 0.0370816 0.15799 0.0144512  -0.017069  -0.0238092  0.00466642  -0.000863205  -0.00697605  0.011784  -0.00431578  0.00682001  -0.00572638 
78 0.00554615 0.568993 0.03926 0.156503 0.0103509  -0.0249515  -0.0140229  0.0128275  -0.00992529  -0.0140666  -0.00381069  -0.00235689  -0.00450412  -0.010663 
79 -0.00057889 0.492293 0.00424478 0.144526 0.000139964  0.00138347  -0.00217125  -0.00296772  0.000177723  0.00116647  -7.80787e-06  -0.000781906  -0.000454707  -0.000593658 
80 0.00245009 3.45255 0.169705 0.153683 0.051727  -0.0459178  0.0911918  -0.00676586  -0.0122026  0.0159531  0.0505728  0.0664779  -0.02374  -0.0878062 
81 0.00266988 0.72025 0.0484963 0.14956 -0.00793954  -0.0242611  -0.0191574  -0.0176913  -0.0211102  -0.0164691  -0.0147922  0.00240428  0.00202532  0.0086429 
83 0.00579322 1.42993 0.146445 0.147784 -0.0446603  -0.01125  0.000341163  0.0851612  0.0175416  -0.0372625  -0.0636451  -0.0792208  -0.000126447  0.00704406 
84 0.00218513 0.616498 0.031928 0.132086 -0.00422961  -0.00646259  -0.0125041  -0.0186406  -0.00385709  0.00351201  -0.0129214  -0.00850144  -0.011296  0.0078655 
86 0.00135647 0.638971 0.0274659 0.135735 0.00239639  0.000691635  -0.022049  0.00232758  -0.000375372  0.00778474  0.000724613  0.00403983  -0.0133714  -0.000440948 
88 0.010439 0.655971 0.0807934 0.145019 0.0105697  -0.00615633  0.0196243  -0.00841122  0.0204909  0.0498699  0.0259281  0.0284307  -0.0246405  0.0304545 
90 0.000742569 0.534392 0.0101188 0.122721 -0.00137191  -0.00349713  0.00471978  -0.00532044  0.00388646  0.00142266  0.00255794  0.000292284  -0.00328348  -0.00177659 
94 0.00213201 0.508504 0.00864339 0.159078 0.00287889  -0.00615072  0.000428408  -0.00131842  -0.00115114  -0.000862488  0.00446358  0.00119616  0.00100603  0.00149384 
95 0.00759758 0.561827 0.0435894 0.16214 0.00631506  -0.029123  0.00970556  -0.0043003  -0.017361  -0.0212352  0.0064673  -3.18569e-05  -0.00101331  0.0102041 
97 0.00689211 0.654694 0.0653556 0.156065 0.0070758  -0.04411  0.0161546  0.0107056  -0.0270054  -0.0123936  -0.0164092  0.0266461  -0.00304182  -0.00534691 
99 0.00319431 0.556057 0.0268354 0.148815 0.00260439  -0.010697  -0.0188121  -0.000212854  -0.00195766  -0.000874799  -0.00810209  -0.0117234  -0.000454816  -0.00609135 
103 0.00753 0.677872 0.0732256 0.172606 0.00627672  -0.0426394  -0.00384383  -0.0109634  0.00923387  0.010306  -0.0164351  0.0125115  -0.0511527  -0.0116093 
104 0.00321856 1.27176 0.0995626 0.156983 0.00451349  -0.0308521  -0.0537819  0.0168178  -0.0307399  0.00861633  0.031296  0.0273825  0.054032  0.00986353 
105 0.00719526 0.571981 0.0457102 0.152852 0.00139435  -0.0210477  -0.00405302  0.00555747  0.0265618  -0.00184213  0.00112404  -0.0050194  0.011737  0.0269077 
106 0.0053935 1.04359 0.108135 0.133842 0.0244554  -0.0107014  0.0679073  -0.0256696  0.0206887  0.021755  -0.0480194  -0.0227374  0.0424434  -0.0135913 
107 0.00387607 0.670593 0.0514434 0.118832 -0.0124652  -0.0271076  0.00794112  -0.0107621  0.0100174  0.00374785  0.0363987  -0.00334595  0.0088247  -0.00700019 
109 0.00143723 1.22675 0.0646055 0.114484 0.00983354  -0.00928541  -0.0107492  0.00598795  -0.03802  0.00329519  0.0276767  -0.0145425  -0.0291777  -0.0235446 
110 0.00122553 1.44996 0.0682056 0.114748 0.0195703  -0.0429311  0.00600035  -0.0205783  -0.0044753  -0.0280162  0.0281828  -0.0148855  0.0120142  -0.00115478 
115 0.00139911 0.545431 0.0159702 0.133315 0.00414854  -0.00424172  0.00885552  0.00975934  0.00335694  -0.00510989  0.000390134  0.00267348  -0.00121818  0.00012073 
116 0.00165359 4.02898 0.1525 0.134304 0.0591039  -0.117321  0.0304852  0.0204439  -0.0133185  -0.0126078  0.0246285  0.00262655  -0.0450807  0.040859 
117 0.00145354 1.44484 0.0740725 0.125203 0.0258184  -0.0341057  -0.0374195  0.00386528  0.0153101  0.0310074  -0.0104672  -0.0107059  -0.0264045  -0.0111606 
120 0.00170979 0.601491 0.0263613 0.104482 -0.00926968  0.000826603  0.000867658  -0.0052901  0.0124274  -0.00342309  0.00297539  0.0100687  0.0015218  0.0173454 
121 0.00267703 1.28168 0.0914002 0.092574 -0.0411486  0.0282907  0.00880524  0.015564  0.00674605  0.0415595  -0.0581808  0.00658797  -0.0136301  -0.0124004 
130 0.00522958 0.613056 0.0486998 0.126443 -0.000750633  -0.0405732  -0.00195221  0.00280312  0.00145086  -0.011066  -0.0112009  -0.00765233  -0.0131109  -0.0152571 
131 0.00498614 0.947611 0.0943805 0.11006 0.0171635  -0.0653895  -0.0271357  0.00424144  0.0226034  -0.0314817  -0.0227836  0.0312263  -0.00770311  0.0229659 
135 0.00322431 0.841069 0.0662914 0.0953762 0.00199001  0.00648692  -0.0102527  0.00270619  0.0305196  0.00256148  0.00177641  -0.0210394  0.0413325  -0.0338211 
136 0.00091103 1.52084 0.0609677 0.083557 0.00400605  -0.034838  -0.0121272  -0.0165182  -0.0112172  0.00357007  0.000819456  0.0114999  0.0325582  -0.0271271 
137 -0.000171827 -12.1532 0.0932093 0.0817416 0.0136479  -0.0513418  0.0106739  -0.00260232  -0.0314284  -0.0523821  0.0217912  0.0210901  -0.00781073  0.0321364 
141 0.00256174 0.668041 0.0415044 0.0839385 0.0253392  -0.00617555  -0.000762389  0.0254293  0.00789236  0.00974735  0.00363628  -0.0090829  0.00549324  0.0105817 
142 0.000966065 0.741875 0.0305708 0.0691721 -0.0033004  0.00114304  -0.0051616  -0.00795075  0.0163693  0.000355488  -0.0149654  -0.0167747  0.0061639  0.00459238 
143 0.000969102 0.559667 0.0152198 0.0659993 -0.00380872  -0.00778331  -0.00139652  9.87169e-05  -0.00307343  0.00955658  -0.0014471  -0.00597014  0.00172582  -0.00362043 
144 0.00121611 0.811239 0.0389042 0.0631931 0.0252214  0.000177763  0.0184218  0.000236539  0.0130499  0.00923717  0.0131449  -0.00805587  0.00200862  -0.00637346 
145 0.000194434 1.35502 0.0257853 0.0587959 0.000826777  -0.00532067  0.00509486  -0.000847837  0.00332141  -0.00331601  0.0218589  -0.00532522  0.00132418  0.00890292 
147 0.00138933 0.769845 0.0387202 0.0707555 -0.0108988  -0.000810719  0.00174004  -0.00866008  -0.0142598  0.0166006  -0.0120047  -0.011604  -0.0205764  0.0109871 
151 0.00112244 1.49071 0.0666613 0.098329 -0.00975186  -0.0227568  0.00937859  -0.025906  -0.00921612  0.0337225  0.0151344  0.0272523  0.00726096  0.0287241 
152 0.00599762 0.674028 0.0646394 0.100848 0.0273245  -0.0355996  -0.0116025  0.0191584  0.0041316  -0.0296276  -0.00555224  -0.00268641  -0.0265863  0.00478384 
154 0.0024955 0.584469 0.0290712 0.0798702 -0.00078966  -0.0185918  0.00172661  0.00320041  -0.000526434  -0.0110374  -0.0157821  -0.00671295  0.00715901  -0.00425874 
155 -0.000100721 0.458135 0.00410762 0.0701862 0.00179375  0.00117896  -0.000740498  0.000257599  -0.00204248  0.000909006  0.00100154  0.00233545  -0.000335732  -0.000286766 
159 0.00193295 1.34035 0.0805463 0.106008 -0.015133  -0.0485705  -0.0237401  -0.00393826  0.00217074  -0.0448673  0.0201896  0.0142061  -0.0119443  -0.0234652 
160 -0.000167163 0.110338 0.0161423 0.102467 0.00648549  -0.00424056  -0.0076835  -0.00337998  0.00333638  -0.00371023  -0.00624654  0.00684337  -0.00372208  -0.00233842 
161 0.000435319 0.510097 0.00420384 0.109288 0.000682483  -0.00154365  0.00239544  -0.000443254  -0.00135006  -0.00033562  -0.00209702  -0.000719457  0.00082851  -0.00116286 
162 0.00262528 0.999172 0.0723533 0.11381 -0.00726486  -0.0227021  0.00817287  0.0229709  0.00598965  0.0151836  0.0430896  -0.0262107  0.0352896  0.00410968 
165 0.00378762 1.09318 0.0946947 0.121077 0.0160986  -0.0203652  0.0341452  0.0191135  -0.0463593  0.0582819  -0.0211919  -0.0167353  0.015298  0.0159002 
167 0.0029232 0.983261 0.075118 0.117523 -0.0213757  -0.0252491  -0.043856  -0.0451931  0.0143709  -0.0111772  0.000131446  -0.014945  -0.00144096  -0.00505963 
169 0.000814106 0.572283 0.0153497 0.117774 0.00532409  -0.00450546  -0.00788884  -0.00040591  0.00773498  0.00350455  0.00564505  -0.00126373  -0.00317204  0.00298875 
170 0.00132592 0.651984 0.028396 0.121373 -0.000341793  -0.0108131  -0.00814587  0.00519897  -0.0117468  0.00546509  -0.00381646  0.0134103  0.00534941  -0.0143191 
171 9.8897e-06 4.58042 0.0127048 0.122775 0.00188986  -0.00251408  -0.000868392  -0.00583862  -0.00190394  -3.81737e-05  0.00816278  0.0014921  -0.006503  0.00137979 
172 0.00271675 0.699858 0.0466048 0.129896 0.0270872  -0.00399128  -0.0184549  0.0048737  0.0275623  -0.00121959  0.00867611  0.00361983  -0.0142177  -0.00251672 
174 0.00843268 0.661117 0.0737793 0.133952 -0.00442194  -0.0463628  0.0359567  -0.0039391  -0.0228115  -0.0263857  -0.00602569  0.0252583  -0.0085898  0.00113412 
176 0.00169141 0.738261 0.0401463 0.111282 -0.00012959  -0.0211913  -0.0225389  0.00058943  0.018696  -0.00134523  -0.00377138  -0.00145334  -0.0136444  -0.0100215 
180 0.00396285 0.579776 0.0356327 0.130899 0.00867106  -0.0249682  -0.00461211  0.0191338  0.000773701  0.00205551  -0.000189081  0.00745482  0.00136917  -0.0110185 
181 -0.000333036 -1.99021 0.0575895 0.121501 0.01113  -0.0265612  0.00916444  0.00411445  -0.0209226  0.0118672  0.0223442  -0.0157407  -0.028471  -0.0158129 
182 0.0014773 0.572587 0.0207287 0.127702 0.00724644  0.000747236  0.00781507  0.00728442  0.0120835  -0.000331364  0.00445446  0.00487239  0.00775791  -0.00354711 
184 0.00314025 0.674636 0.0468452 0.133453 0.0175478  -0.00870204  0.00879871  -0.00338002  0.0248394  -0.0280602  -0.00670431  -0.0134951  0.00498535  -0.00810535 
185 0.00437825 0.541247 0.0270232 0.127298 0.01151  -0.00540121  0.00833111  -0.00135163  0.0119711  0.00494361  -0.00706819  -0.00157534  0.0120187  0.0115208 
186 0.00471966 0.709541 0.0628941 0.115768 0.0290797  -0.0324492  0.00878671  -0.0224915  -0.000569435  -0.0073281  -0.0144149  0.00933514  -0.0295127  0.0159391 
187 0.00107077 0.535795 0.0124016 0.0984 0.00325815  -0.00490232  -0.00242055  0.00516697  -0.0061013  0.00282713  -0.00162906  0.00584057  0.00124328  0.00175023 
188 0.000609539 0.971715 0.0339085 0.0984362 -0.0154327  -0.0059124  -0.0138467  -0.0106207  0.00280658  -0.00580958  -0.0214826  -0.000449301  0.00284223  -0.00779226 
191 0.00140018 0.801135 0.0410611 0.115798 0.0085309  -0.0232852  -0.0102714  0.0216556  -0.000102288  0.0060015  -0.0051198  0.00912128  -0.00994327  -0.0158829 
192 0.00105745 2.33978 0.0881518 0.115581 0.0240533  -0.0199444  0.0533909  -0.012272  0.0218961  -0.0160895  0.0190006  0.0259392  0.00603992  0.0445485 
194 0.00482011 0.95487 0.0935469 0.12075 0.014157  -0.00739185  -0.0117818  -0.0221211  -0.0358552  0.0466663  0.00658593  -0.0228107  0.0393796  0.0478541 
196 0.00169664 0.528731 0.014009 0.111437 0.0029922  -0.00273557  -0.00404788  0.00279398  -0.00381807  -0.0048284  -0.00445436  -0.00582916  0.0029552  -0.00742829 
197 0.00385924 0.954254 0.0836666 0.110805 -0.00932886  -0.0416742  0.00803507  0.0502701  -0.0135938  -0.0362321  -0.016252  -0.0267921  -0.00192346  -0.0100742 
198 0.00108068 0.539646 0.0131097 0.0970767 0.00497214  0.0015041  0.00211707  -0.0024188  0.00754776  0.00714074  -0.0019729  0.000493585  0.00458991  -0.00117687 
199 0.00055653 0.699354 0.0210664 0.0976989 -0.00783061  -0.0131229  -0.0072192  0.00587183  0.0030985  -0.00190117  0.0020764  -0.00131651  0.00661088  0.0077913 
201 0.00382802 0.663848 0.0501057 0.107542 -0.0195084  -0.00425677  -0.0191678  -0.0277081  0.00534885  0.0248626  -0.00340053  0.00899189  0.00805081  -0.0131435 
202 0.00122646 0.540487 0.0141155 0.0880034 -0.000394448  -0.00692914  -0.00288807  -0.00782696  0.00310427  0.000813341  -0.00192638  0.00760237  -0.00108932  -0.00291301 
203 0.00117559 0.65196 0.0267353 0.0807396 0.00564921  -0.00979636  -0.00995307  -0.00682201  0.0111045  -0.00362937  0.00195275  0.0101431  -0.00855557  -0.0111767 
204 0.000417931 0.846341 0.0240606 0.0731025 0.00508636  -0.00416916  -0.0112361  0.00332161  -0.00291076  0.00479781  -0.0166979  -0.00454436  -0.00712803  -0.00407465 
214 -0.000991584 0.459102 0.0127586 0.0701865 0.000524858  0.00275467  -0.00266903  -0.0100337  0.00269657  -0.00413268  -0.00270402  0.00146555  -0.0031529  0.00183537 
215 -0.000188863 0.0707416 0.0180089 0.0769299 0.00388346  0.00780815  0.0125157  -0.00338136  -0.00644804  -0.00317273  0.00342064  0.000139305  -0.0011021  0.00395182 
216 0.00154239 0.542536 0.0162298 0.0781479 -0.00239733  -0.0133242  -0.000201014  0.000843519  0.00385851  0.00382077  -0.00148477  0.00447315  0.00519522  -0.000825905 
218 0.0011731 1.27068 0.0601106 0.0675714 0.00551431  -0.0408845  0.00874515  0.0304473  0.0117657  0.00882697  -0.0108613  0.0171523  0.0106736  0.0128598 
220 0.00101889 0.631466 0.0231518 0.0582536 -0.00163412  0.00705723  0.0130592  -0.00104122  -0.00845794  0.0113093  -0.000653317  -0.00784835  0.00667348  -0.00243097 
221 4.18839e-06 0.532693 0.000740091 0.0487351 -0.000184188  -9.72095e-06  0.0001708  0.000130353  -0.000113024  -0.000290416  0.00057416  0.000194692  5.05499e-05  1.77222e-05 
225 -1.46909e-05 0.488942 0.000806194 0.0486921 0.000453632  0.000395839  -4.01233e-05  0.00029729  -0.000161146  0.000183314  7.93316e-05  -0.000162158  0.000101169  0.000308369 
227 -0.000388855 0.460851 0.007809 0.0488428 0.00272378  0.002179  -0.000195517  0.000766325  -0.000599476  0.00213108  -0.00260864  0.0060335  -3.23521e-06  -0.00028087 
229 0.000556731 0.590958 0.0142356 0.052674 -0.00581361  -0.00468266  0.00846019  -0.000638902  0.000661997  0.00102559  0.00161355  -0.00546533  -0.00574418  -0.00282556 
230 0.000379014 1.60822 0.040982 0.0470953 0.00888931  0.00284627  -0.0180518  -0.00758765  -0.0158167  -0.0142936  0.00301422  -0.0216355  -0.016647  -0.00042732 
231 -1.77026e-06 -16.0763 0.010834 0.0428839 0.00442132  -0.00324219  -0.00250301  0.00216966  -0.00283041  0.000703209  -0.00114211  0.00756892  0.00280785  -0.00116626 
232 0.000261324 0.964383 0.0220309 0.0429045 -0.00863875  -0.010344  -0.00176632  0.00585167  0.00125653  -0.00140948  0.00283826  0.00699082  0.00644822  -0.0128179 
233 3.92942e-05 5.99842 0.0293958 0.039743 0.0126377  0.00350967  0.0125714  0.00859956  -0.0096694  0.01139  0.0144037  0.00503135  0.00101786  -0.00174527 
234 8.96294e-06 0.52475 0.000941997 0.0392456 -8.75058e-05  0.000161779  -0.000349707  0.00012607  0.000327886  0.000367474  2.23852e-05  -0.000497085  -0.000352591  0.000317615 
235 3.37664e-05 0.581422 0.00331628 0.0391312 0.00210285  0.000674626  3.37656e-05  -0.000780686  -0.000463711  -0.000101699  0.000648386  -0.00158625  -0.00133746  0.000747837 
237 -0.00011313 0.481491 0.00289527 0.0386974 -0.000407817  -0.000715209  -0.00129681  0.00100382  -0.00137892  -0.00103118  -0.000769375  0.000347319  0.00115558  -5.21836e-05 
238 -4.87725e-05 -2.4015 0.0237914 0.0401326 -0.00152805  -0.00159012  -0.00680827  -0.00852565  -0.00686825  -0.0102497  0.00883245  -0.00589403  0.00105683  -0.0132676 
239 -0.000129471 -1.41538 0.0314943 0.0407357 -0.00443145  0.0052683  -0.00493334  -0.01739  0.011444  -0.000452421  0.0169392  -0.0119479  -0.00730126  0.00189294 
240 0.000570153 0.848576 0.0281926 0.0422951 0.0106272  0.0034599  0.015993  0.00696191  0.00569939  -0.0123256  -0.0100263  -0.000503489  0.0080408  -0.00397906 
241 4.28814e-05 0.57019 0.00346988 0.0349125 0.000777002  -0.00180121  -0.000142257  0.00139798  0.00114729  0.000624666  -8.24646e-05  -0.0016884  -0.000670937  -0.00109694 
243 -0.000253267 -1.20691 0.0415824 0.0342929 -0.0168601  -0.00175313  0.00891606  -0.00619961  -0.0197822  0.0102552  -0.0196111  0.0139276  0.0157119  0.00137431 
244 2.56246e-05 0.776405 0.00532269 0.0378061 0.00215185  -0.00153507  -0.00119542  -0.00362411  -0.000638178  0.00152201  -0.00101745  0.00150418  -0.000864522  -0.000109348 
246 -6.83956e-06 -77.807 0.0462793 0.0374657 -0.00837041  0.0198161  -0.00360491  0.000360944  0.0207794  0.0185229  0.00981147  -0.0249312  0.00106212  0.0131174 
248 0.000166886 0.562219 0.00644548 0.0375569 0.00125765  -0.00326547  0.00377823  -0.00242386  -0.000654549  0.00180937  -0.000688487  -0.000543008  -0.00214439  0.000282094 
250 -0.000167694 0.0290564 0.0177743 0.0352654 -0.00852345  -0.00267646  -0.000529804  -0.00243077  -0.0019804  -0.00809229  -0.00792022  -0.000654872  0.00405362  -0.00899585 
251 -0.000538455 -0.224791 0.0395137 0.037568 0.00753649  -0.004692  -0.00354754  0.0164677  0.0276921  -0.0110518  -0.0143418  -0.0026903  0.00891639  0.0041625 
255 0.000188226 0.863367 0.0165398 0.0441583 -0.00571826  -0.005437  -0.00188356  -0.00123925  -0.00467919  0.00526439  -0.00748952  0.00670107  -0.00606409  0.00434075 
257 0.000414762 1.64224 0.0435233 0.0419732 -0.00136489  -0.00483839  -0.0109188  -0.00658141  0.00650279  0.0129093  0.0193572  0.00385218  -0.0290055  -0.0163303 
259 -0.000708895 -0.535368 0.0541856 0.0367025 -0.00724636  0.00793626  0.0252088  -0.00696948  -0.0258429  0.00667139  0.00952417  0.00116318  0.0228076  0.0284942 
260 6.76595e-05 0.506027 0.00127804 0.0453455 0.000519269  -0.000147066  -0.000378824  0.000825142  0.000543737  0.00010603  -0.000417558  -7.31681e-05  -9.84456e-05  -0.000146469 
265 -0.000184508 -1.22493 0.035679 0.0445933 0.0135624  -0.0283224  -0.00768157  -0.00676244  -0.0102346  0.00156042  -0.00256472  -0.00564627  0.00460213  0.00391592 
266 0.000152799 0.517853 0.00330488 0.0466164 0.000427468  0.0021064  -0.000176179  0.000530004  0.0010759  -0.00128612  -0.00138598  -0.00035709  -0.000818006  0.000679292 
267 -0.000199423 0.35148 0.0108859 0.0449477 0.00572248  -0.00195449  0.00578895  0.000775619  0.000614985  0.00379433  0.0041451  0.00113004  -0.0021602  0.00314992 
268 0.00031315 1.22208 0.0300713 0.0471141 -0.00902929  0.0100224  0.00607394  -0.00910242  -0.0059535  -0.00931676  0.00478818  -0.00510982  -0.00520398  -0.0201046 
271 0.000287427 0.717501 0.0158133 0.0436651 0.000515252  0.000359391  -0.0121864  -3.6939e-05  0.00385659  0.00243312  0.00390957  0.00748774  0.00199153  0.00224587 
272 0.000347797 1.53814 0.0379974 0.0402399 0.00451644  0.0100399  0.00517482  0.00706304  0.0109596  0.0149761  -0.0201506  0.00159018  -0.0141424  -0.017116 
273 -9.46213e-06 -0.627977 0.00653393 0.0356583 -7.65682e-05  -0.000500969  -0.00316436  0.00152901  -0.000510701  0.00170232  -0.000156262  0.00517542  -9.80299e-05  0.000326704 
275 -5.57432e-05 0.426637 0.00404474 0.0357908 -0.00178246  0.000379316  -0.00199996  -0.00111308  -0.000707079  -0.000515079  0.00144828  -0.000523772  -0.00215822  7.09175e-05 
276 -3.39788e-05 0.364954 0.00428434 0.0365612 3.65882e-05  0.00254735  -0.000754067  0.000377551  0.00303712  0.000602598  -0.000182306  0.000465371  -0.0011393  -0.00013801 
282 -5.35528e-05 -1.87484 0.0225544 0.037023 -0.0036734  -0.0133588  7.1213e-06  0.00858424  0.0108801  -0.00171436  0.00201698  -0.00808328  -0.00579221  0.00433434 
284 -4.46468e-05 0.4493 0.00300925 0.0377393 -0.00049924  -0.000477382  0.00134572  -0.000855236  -0.00128355  0.000522574  0.000550326  -0.000400489  0.000328219  0.00188269 
286 6.67436e-06 0.504965 0.000364124 0.0383263 9.40841e-05  0.000203546  0.000169168  8.21447e-05  0.000176744  -7.19152e-05  9.24534e-06  -8.78499e-05  -1.45578e-05  -5.01283e-05 
288 0.000516439 0.579999 0.0128586 0.0382391 0.00624366  0.000761243  0.00522246  0.000204902  -0.00301855  -0.00490965  -0.00383408  0.00589635  0.00323716  -0.00230289 
289 0.000610116 0.600471 0.015662 0.0307559 0.00325457  0.00304792  -0.00444469  0.00373233  0.00133845  -0.0119867  0.00662277  -0.00117418  0.00100715  -7.78787e-05 
291 -7.77268e-05 0.301583 0.00785456 0.0183302 -0.00152699  -0.00219099  0.00314148  -0.000157474  0.000324229  -0.000857783  0.00634373  0.000785223  0.00170456  -0.000249674 
294 -0.000348789 0.173213 0.0213549 0.0203402 0.00447142  0.00273541  -0.000269601  0.00243152  0.0117527  -0.00317067  -0.00859453  -0.00572886  -0.00745524  0.010589 
297 1.75611e-05 4.99367 0.0177663 0.0276148 0.000595346  -0.00118038  -0.000819322  -0.000256539  -0.00498805  0.00982867  0.0121377  0.00427833  0.00500559  -0.000993781 
298 -0.000602788 0.206772 0.0265961 0.027295 0.00947791  -0.00777669  0.00929264  -0.00241714  -0.0101131  -0.00993151  0.00955045  -8.09401e-05  0.000508327  0.0131324 
300 0.000179411 0.559649 0.00654363 0.0367149 0.00286487  -0.000309412  0.000990883  0.00100104  -0.000948256  0.00138289  -0.00311339  -0.00105092  -0.00014412  -0.00434763 
302 0.000429273 1.13453 0.0330039 0.0341846 -0.00710732  0.00992978  -0.0156674  -0.0116401  0.018329  -0.00647164  -0.00497167  0.00519018  0.0105282  -0.00434156 
304 -0.000423998 -0.236961 0.0353559 0.0271921 0.00571581  -0.00120689  0.0199811  0.0104909  -0.00572022  0.00399588  -0.00898452  -0.0217875  0.00682667  -0.00747662 
305 -4.67152e-05 -3.86049 0.0285437 0.03411 0.00358845  0.00870548  -0.0114162  0.011643  -0.00498011  -0.00698739  0.00634661  0.00435647  -0.00594821  0.0170858 
307 -0.000841 -0.173792 0.0476162 0.0347881 0.00154756  -0.0101298  -0.0221366  -0.0192334  -0.00473517  -0.00980208  0.017659  -0.0028835  0.0196943  -0.0218131 
308 8.68959e-05 0.617975 0.00640374 0.0452942 -0.00237307  0.00224692  0.000361405  -0.00141668  0.00230528  -0.00287139  -0.00289696  0.00179363  0.00172775  0.000190554 
309 -0.000316263 0.411003 0.0106137 0.0443246 -0.00356372  0.00433181  -7.98374e-05  0.000147824  0.00506443  -0.00193265  -0.00274388  -5.4071e-06  0.00664579  0.000281845 
310 0.000486391 1.62933 0.0468632 0.0477597 0.0016115  0.00227971  0.0197491  0.0316681  -0.000607609  0.00237176  -0.0249844  0.00282359  -0.0062261  0.0108867 
311 -1.57619e-05 0.485419 0.000958861 0.0423641 -0.000208738  0.000207814  -0.000100897  -0.000524146  -2.03659e-05  -0.000299618  0.00031953  -0.000327518  0.000492608  7.43644e-05 
315 0.00113964 0.837394 0.0392111 0.0425497 -0.000723911  0.00267807  -0.00894274  -0.00723608  -0.0127059  0.00401529  -0.00847131  0.0241859  -0.0231516  -0.00521535 
316 -0.000146192 0.424746 0.00663474 0.0259131 -0.00115311  0.00226471  0.00181058  0.00398389  0.00184502  0.00194896  0.000777789  0.00316694  0.000304595  -0.000694206 
318 -0.000119301 0.431014 0.00573841 0.0285953 -0.00061275  0.0012124  0.00234265  0.00162555  0.000411829  0.0018773  -0.000793437  -0.000394698  -0.00256749  0.00344707 
319 1.54779e-05 0.811429 0.00439101 0.0306104 0.000308548  -0.00161106  0.00140242  -0.000162295  -0.00160046  -0.00235867  0.000279122  8.62303e-05  0.00216329  -0.00130659 
321 0.000205481 0.659681 0.0114565 0.0303565 0.0004313  -0.00552998  -0.00332729  -0.000426711  -0.00215869  -0.000485289  0.00355766  -0.00615634  0.00581189  -1.70762e-06 
322 -0.000150044 -0.0968332 0.0189269 0.0267593 -0.0044337  0.00950732  0.00297746  0.00407153  -0.00475183  0.00391219  0.00499049  -0.00612555  -0.00752102  -0.00811534 
323 -1.34425e-05 0.27783 0.00345633 0.0294298 0.000210139  0.00125035  0.000178021  -0.000624397  0.000211118  -0.00102498  0.00113082  -0.000749265  0.00181552  -0.00191981 
324 -0.000249766 0.379149 0.0109901 0.0296573 0.000533102  -0.00206575  0.00564949  0.00192054  -8.31402e-05  -0.000482086  -0.00733135  4.517e-05  0.000707856  -0.00511221 
327 -0.000274119 0.346908 0.0129584 0.0336059 -0.00611588  0.00469984  0.00729724  -0.00101033  -0.00373037  0.00181702  0.00402771  2.02556e-05  -0.00340347  0.003022 
328 2.78165e-05 0.674843 0.00441068 0.0374635 0.00106764  -0.00114691  -0.00101738  0.0019714  0.00158995  0.00111053  0.00144812  -0.000995177  -0.00228238  -0.000139748 
330 -0.000388452 0.411536 0.0117284 0.0370904 -0.00108323  0.00116536  0.00365975  0.000572992  -0.00199123  -0.00655219  0.00137337  0.0041181  -0.00511148  0.00542537 
331 0.000517105 1.04705 0.0336334 0.0420026 -0.00975834  -0.017096  -0.00419087  -0.0191485  0.00475224  -0.00914343  0.00930019  -0.0106823  0.000564346  0.00723632 
332 -7.6125e-05 0.145112 0.0103956 0.0353164 0.00125002  -0.00716158  -0.00104933  -0.000157336  -0.00299336  0.00158871  0.00324627  -0.00382771  -0.000248226  -0.00416615 
333 -6.78031e-05 0.430336 0.00434701 0.0363783 -0.000543942  -0.00165072  0.000492145  0.00096592  -0.000473534  -0.000711776  -0.00158002  -0.00141798  0.00299257  -0.000712111 
336 0.00057471 0.707649 0.0218483 0.0372986 -0.000597606  0.00143394  -0.00393272  -0.00484008  0.00152218  0.0065707  -0.0102602  0.00679621  0.014847  -0.0043199 
341 3.4145e-05 0.658377 0.00465094 0.0285769 -0.00132709  0.00153121  -0.00207674  -0.00104506  -0.000466414  -0.000530496  0.0022183  0.00252795  -0.000183314  -0.000525862 
345 -0.000149473 0.346005 0.00959632 0.0279731 -0.00166603  -0.00341728  0.00330521  0.00264651  0.00263781  -0.00114965  0.00264992  -0.0025576  -0.00602177  -0.00126596 
346 9.3006e-05 1.32624 0.0175316 0.0305283 0.00567091  0.00602076  -0.00688052  0.00364177  -0.00199675  0.000622013  -0.00743074  -0.00629862  -0.00833309  -0.00310528 
347 1.6549e-05 0.753576 0.00409703 0.0289651 -0.00010736  -3.08899e-05  0.00115075  -0.000110898  0.000722891  -0.000801885  -0.00274461  0.0018752  0.00176472  0.000328073 
348 7.23814e-05 0.55368 0.00394255 0.028678 -0.0013609  0.000689496  0.000722023  0.000268576  0.000698331  0.000753292  0.00143453  0.0018254  0.000541103  0.00242589 
350 -3.65437e-05 0.479321 0.00173883 0.027387 -0.00108189  -0.000502141  -0.000187583  0.000308969  0.000963561  -0.000255993  -0.00040845  5.02994e-05  -0.000553835  -1.26536e-05 
