generation s h r distopt trait[0] trait[1] trait[2] trait[3] trait[4] trait[5] trait[6] trait[7] trait[8] trait[9] 
7 -0.000262276 0.478674 0.00473393 0.06 -0.000997937  0.00182931  -0.00136807  0.00158168  -0.00191302  0.00208662  0.00167651  0.000515669  0.00110575  0.00117542 
8 0.00020274 9.37688 0.0848033 0.0721269 0.0520072  -0.0179694  -0.00241173  -0.00541069  0.029497  0.0133558  -0.0384925  0.0129856  -0.0144705  -0.0349388 
10 0.00107848 0.596896 0.0204532 0.0793744 0.000233838  -0.0146801  0.000801981  0.0103318  -0.000281448  0.00739901  0.00187769  0.00521409  0.00151313  0.00274893 
11 0.000593864 0.659785 0.0194836 0.0772131 -0.00986251  -0.00718628  -0.00318044  -0.000994335  0.00670191  -0.00745935  0.00352397  -0.00277213  0.00909657  0.00402306 
14 0.00202183 1.04501 0.0663538 0.0943401 0.0255211  -0.0311095  -0.0131437  0.0159928  0.030827  -0.0237576  0.0253036  0.000586787  0.00942438  0.0105362 
15 0.00169298 1.00003 0.0581663 0.0875025 0.0121024  0.0220025  0.0145163  -0.012042  -0.0265915  0.0358895  -0.0133648  -0.0109171  -0.00878008  0.00519149 
18 0.00216961 0.595693 0.0288414 0.0995712 5.30822e-06  -0.0110375  -0.00266404  -0.0105629  -0.0161579  0.0105775  0.0068062  -0.00285768  0.00793055  0.0100491 
22 0.00159202 0.625141 0.0282393 0.12324 0.0125524  -0.011471  0.0075219  0.0043867  0.00507804  0.0182554  -0.000739402  -0.00679405  -0.00447545  -0.00258996 
23 0.00516396 0.626369 0.0511464 0.124972 0.00643875  -0.0129381  0.0114369  -0.0155691  -0.0276882  -0.0254238  0.0102843  -0.0163806  -0.0125806  0.00940956 
24 0.00391452 0.944662 0.08337 0.111417 0.0296689  -0.0474899  0.0447002  0.0272875  -0.00830378  0.0191035  0.00394821  0.0241152  0.00118769  0.00631437 
25 0.000503093 3.29316 0.0749377 0.0977865 -0.00681608  -0.0246055  -0.011803  0.0133023  0.0336293  -0.0381969  0.0148863  -0.0332271  -0.0126647  0.0239067 
26 0.000406872 0.534147 0.0074596 0.100314 0.0014265  0.00350131  0.00286897  -0.00327421  -0.00186741  -0.000235918  -0.000374812  0.00142049  0.00305118  -0.00271829 
28 0.00135565 0.719325 0.0344854 0.111006 -0.0017598  0.00859371  -0.0117737  -0.00421859  0.00293129  0.00157555  -0.00294884  0.027874  0.0123431  -0.00260705 
29 0.00394692 1.00776 0.0894442 0.112903 0.0673779  -0.00435392  -0.00273146  0.0042869  -0.026312  0.0348571  -0.0221843  0.0318719  0.000578595  0.000232922 
31 0.00124123 0.880803 0.0434718 0.104585 0.00156148  0.0109421  -0.0125402  0.0104903  0.0129085  -0.0210736  0.0147344  -0.0220035  0.0128478  -0.0048251 
34 0.0018417 0.575653 0.0236318 0.121617 0.00749305  -0.00927468  -0.0151785  0.00503205  0.00355146  -0.000251518  -0.00361362  0.00377307  -0.0090778  0.00618169 
37 0.00252579 2.73761 0.150061 0.138319 -0.0107444  -0.0714405  -0.0526611  -0.0897031  -0.00544111  -0.0589647  0.0295976  0.0435035  -0.00689945  -0.0125122 
39 0.00202405 0.658145 0.0357899 0.141471 0.00845056  -0.00491133  -0.0124211  0.00832305  -0.00601454  -0.0113767  0.0110587  -0.0221629  0.0107896  -0.00814362 
41 0.00391758 0.813788 0.070087 0.147711 0.00776116  -0.0566559  0.00640756  -0.00292833  0.00886384  0.0192723  0.00446521  0.0209837  0.0235549  -0.0112846 
44 0.00319341 0.540531 0.0228463 0.149717 0.00897098  -0.00803757  0.00955118  0.0065849  -0.0114414  -0.00368603  0.00838319  -0.00410672  -0.00132734  -0.00298194 
47 0.00179493 0.819406 0.0478763 0.157518 1.26389e-05  -0.0297336  0.00246835  -0.0176392  -0.0105619  -0.0176625  -0.0212799  -0.013825  -0.000373546  0.00481619 
49 0.00157346 6.74514 0.197698 0.164015 0.0960052  0.0948995  0.0905211  0.0197443  0.00634813  0.00230438  -0.0213688  -0.0706419  -0.0822575  0.00436587 
50 0.00562396 0.632358 0.0546239 0.165994 0.0244599  -0.0141553  -0.0124282  0.00211972  -0.00589526  0.00284212  -0.0354969  0.00547093  0.00546448  0.0257587 
54 0.00594981 1.84736 0.178498 0.175108 -0.0275168  -0.124682  0.0159233  -0.0470713  -0.0320433  -0.00874366  0.0222101  0.0959141  0.0153691  -0.0453567 
55 0.00945017 0.584067 0.0566201 0.161356 0.0194285  0.0111018  -0.0168604  0.00461709  0.0273448  0.00234501  0.00398445  -0.0400258  -0.005035  0.00173127 
56 0.00705097 0.580612 0.04785 0.134229 0.020535  -0.00735834  5.9271e-05  0.0115069  0.0312272  0.0151571  0.00135966  -0.00312898  0.0214347  0.00232803 
57 0.00116566 0.784733 0.0364321 0.110382 0.00563293  0.00152011  -0.00488519  -0.00362232  -0.0102365  0.0216572  0.0187547  0.00477853  0.0128974  0.0118968 
64 0.000987491 0.506318 0.00504284 0.156724 0.0011355  -0.00186824  -0.00274972  0.00253612  0.00201608  0.000407009  0.00042734  6.79054e-05  9.00752e-05  0.00149403 
67 0.00861094 1.23473 0.158606 0.179589 0.0730247  -0.0302362  0.0182753  0.0258139  -0.0567689  -0.0128508  0.00513244  -0.112931  0.000780971  -0.0417205 
68 0.00134896 0.732252 0.0353986 0.159719 0.0159815  0.00561026  -0.00617007  0.00132228  0.0051092  -0.021113  0.00341887  0.0172995  -0.00627068  -0.0102084 
69 0.00306142 0.895892 0.0695867 0.161392 0.0290935  0.0144232  -0.0278866  0.0208701  0.00379443  -0.00272922  -0.00933278  -0.00283791  0.0363721  0.0336852 
71 0.00884193 0.534616 0.0354605 0.164153 0.0103557  -0.0281424  -0.0126176  0.00749575  0.00336008  0.00505738  0.00226397  0.00872603  -0.00161534  -0.00469886 
73 0.00265936 0.635111 0.0379288 0.147682 0.0170559  -0.0112106  -0.0217744  0.00704385  0.00766453  -0.00618935  0.00105909  0.00756315  0.0173435  0.00648865 
75 0.00120694 0.519162 0.00965299 0.151067 0.00546945  -0.00467627  0.00334588  -0.00067492  -0.000747784  0.00179267  0.00281843  -0.00234007  0.000789872  0.00345415 
76 0.00763139 0.611096 0.0583598 0.15364 0.0202411  -0.0272664  0.0104813  -0.0177626  0.0265293  0.000353543  0.00234549  0.0265086  0.0176907  0.0101113 
79 0.00670048 0.742592 0.0806057 0.145457 0.0312494  -0.0257947  -0.0238778  -0.0143122  0.0191903  0.00265958  0.015589  0.0356563  -0.0464651  -0.00562764 
80 0.00291776 0.564767 0.0275494 0.125663 -0.00381057  -0.000130679  0.0114329  0.00503433  -0.0134112  0.0124294  -0.0106882  -0.0089547  0.0068742  0.00351382 
82 0.00522116 0.574119 0.0394612 0.127298 0.0208315  -0.0144961  0.0106038  0.0155648  -0.0028174  0.0202179  -0.00301211  0.00692171  0.00681375  0.00618717 
83 0.00293926 0.540556 0.021918 0.11163 -0.00853655  -0.0134588  0.000884038  0.00424077  -0.00120232  0.00261258  -0.000788996  0.000585769  -0.010979  -0.00882314 
84 0.00182199 1.71872 0.0941579 0.105454 0.0214415  -0.0543582  -0.00539002  0.0184279  -0.0517274  -0.00766114  0.024912  -0.0371405  -0.00181376  0.0185683 
85 0.00195505 0.792912 0.0478503 0.100113 0.0267813  0.00693604  0.0109845  -0.0171706  0.0212964  -0.0161926  -0.0136665  0.00964261  0.00995131  -0.00378047 
90 0.00308631 0.72071 0.0521953 0.115231 0.0201669  -0.024482  -0.0152941  0.0242385  -0.00713197  0.0121812  0.009825  -0.00351317  -0.0121964  -0.020976 
93 0.00140076 0.559619 0.018297 0.117591 0.00326145  -0.0103109  0.00841782  0.0100008  -0.000541954  -0.00215428  0.00295336  0.00438322  0.00225613  0.0029985 
94 0.00703485 0.876333 0.102778 0.11767 0.0366621  -0.0424926  -0.0242929  -0.0118983  0.0165035  0.0123714  -0.061364  -0.0256377  -0.0403245  0.0144071 
95 0.0023957 0.675085 0.0409671 0.0856449 -0.00361912  -0.012509  0.0180998  0.0146091  0.0260553  0.00115209  -0.00779157  0.00840637  -0.000522922  -0.0124839 
98 0.00188641 1.03207 0.0633309 0.085217 0.0100461  -0.00727329  -0.0259374  -0.025798  0.0134656  -0.000146289  0.0225397  0.0165637  0.0390636  0.00538438 
99 0.00062705 0.548433 0.0110289 0.0794078 -0.00646675  -0.00449296  0.000923031  -0.0046355  -0.0026009  0.00330191  -0.000133851  0.00424114  -0.00126617  0.000125419 
100 0.00284284 0.932256 0.0700669 0.0826739 0.0018932  -0.0387336  0.0227191  -0.0283201  -0.030758  0.0298538  0.00535541  0.00885791  0.0118391  -0.00164566 
104 0.00166254 0.684158 0.034998 0.0912296 0.00167652  -0.0114588  0.0156089  -0.00434465  0.015219  0.00645406  -0.0137331  0.000692008  -0.0189456  -0.00263487 
107 0.000158392 0.508685 0.00234834 0.107002 0.0010177  -0.000238625  -0.000321944  0.000132874  0.000416663  0.000132154  0.00175937  -0.000493136  -0.000427666  -0.000766961 
109 0.000789231 0.535234 0.0105592 0.124287 0.000804559  -0.00420522  0.00451158  0.00526257  -0.00138051  0.00327165  0.000410545  -0.00467629  -0.00127212  0.00297529 
113 0.00139392 0.597116 0.0232819 0.158391 0.00109044  -0.00451181  -0.00150806  0.0136846  -0.00548334  -0.00387566  -0.00496623  -0.0104812  -0.00873502  -0.00866317 
114 0.00170183 0.582376 0.0237 0.163471 -0.000494621  -0.0110156  0.0111778  -0.00077793  -0.00987038  0.00139873  -0.0108153  0.00721078  0.00673067  -0.000951146 
116 0.00839473 0.612445 0.0615887 0.177146 0.0436148  0.00678517  -0.012397  0.00081737  0.0126915  -0.00865295  0.024434  0.0115391  -0.00980071  -0.0250669 
118 0.0040341 1.24228 0.109288 0.170699 0.0217733  -0.0276137  0.00946156  0.00699054  0.0348945  -0.0404096  0.0353274  0.0617892  -0.0267383  0.0440172 
119 0.00724795 0.725821 0.0808955 0.166649 0.0136234  -0.00414768  0.0146464  -0.00253869  -0.0388041  0.00614282  -0.00990909  -0.045089  0.0305444  0.0388931 
120 0.00421754 0.555949 0.0308322 0.15218 0.0151069  0.00163848  -0.00186354  0.00606521  0.00505209  0.00101009  -0.0183889  -0.000210864  -0.00970131  -0.0148529 
121 0.00773552 0.795171 0.095485 0.146862 0.0112745  -0.0666161  -0.0481379  -0.00309381  0.000495154  -0.0304464  -0.012764  0.0158787  -0.0288485  0.0071569 
123 0.00155601 0.770566 0.0410311 0.132272 0.0167197  -0.0146367  0.00744494  -0.00452876  -0.0203109  -0.0205694  -0.0142665  -0.00693112  -0.000966428  0.00506951 
124 0.00118151 0.927615 0.0449434 0.132719 -0.0108397  -0.00379634  0.0254276  0.0172571  0.00596311  0.0258829  0.0129466  -0.00424194  -0.00638628  0.00342874 
125 0.00139252 0.694283 0.0328975 0.13567 0.0112812  -0.00475408  -0.00309905  -0.0138307  0.0205976  0.00355974  0.00186851  0.0143351  -0.00854052  -0.00355295 
127 0.0122219 0.724596 0.104748 0.145282 0.0380721  -0.0637863  0.037045  -0.00169868  0.0125902  0.0167538  -0.0441911  -0.024973  0.0319  -0.00674102 
133 0.00757612 0.765579 0.0896568 0.13188 0.0445547  -0.0275637  -0.01931  -0.0181865  -0.0101647  -0.0459363  0.0214032  0.00305991  0.04369  0.000294014 
135 0.000764405 1.65543 0.0594159 0.110526 0.00865064  0.0177762  -0.0221958  0.0311531  0.0035007  0.0215449  -0.0270446  0.0207195  0.00361755  -0.00510157 
136 0.00286127 0.931177 0.0702058 0.11431 0.0278753  -0.0196002  -0.00910046  0.0362431  -0.0175259  0.0312454  -0.0179325  0.00917426  0.00684053  -0.0252052 
137 0.000439392 0.573758 0.0113886 0.106549 -0.00371234  -0.0010581  -0.00354529  -0.00666839  -0.0047171  -0.00274863  0.00032459  -0.00392472  -0.00201019  -0.0028995 
139 0.00126106 0.794807 0.0385572 0.117793 -0.00391947  -0.00396743  -0.00443204  -0.0084989  0.0199099  0.00456602  0.00567371  -0.0254628  0.0155796  0.00481233 
140 0.00370849 0.689124 0.052973 0.119979 0.0151617  -0.017908  -0.00683338  0.00920206  -0.013056  -0.0021596  0.00458091  -0.0324687  -0.0137326  -0.026178 
143 0.00372349 1.31952 0.110325 0.125821 0.043515  -0.0717598  -0.0183946  0.0440255  0.00159611  0.0329971  0.0247404  0.00673063  0.0145854  0.0298417 
144 0.00243304 0.622861 0.034598 0.112234 -0.00555139  -0.00753534  -0.00551536  -0.0203096  -0.00313607  -0.00352078  -0.000744185  -0.0112531  -0.022033  -0.00562598 
145 -0.000127876 0.43541 0.00574875 0.104022 0.00218555  -0.00376232  -0.0018235  0.0012432  0.00157515  -0.00205712  -0.00146977  -0.000359299  0.000252418  0.000423954 
148 -2.73263e-05 -3.52818 0.0209829 0.117723 -0.00145164  -0.00353967  -0.0074707  -0.0133928  0.0051048  -0.00353575  -0.0099485  0.00135197  -0.00505572  0.00505455 
150 0.00353102 1.26497 0.103813 0.129488 0.0194727  -0.0264107  -0.00411593  -0.0307758  0.00840841  -0.013292  0.0887419  0.00103737  -0.0205988  0.0137262 
153 7.13937e-06 23.872 0.0258338 0.130833 0.00720231  0.00897667  -0.00994352  -0.00820357  -0.0101034  0.012751  -0.00884139  -0.00487847  0.00143286  -0.000268354 
155 0.00572643 0.609916 0.0502596 0.144026 0.0315887  -0.0158066  -0.00227784  -0.00684919  0.00872867  0.0102334  -0.0282719  -0.0124865  -0.00796219  0.00516843 
159 0.0112711 0.98889 0.148056 0.148389 0.0911753  -0.00276384  0.0590952  -0.039777  -0.00857602  0.0150873  -0.0215042  0.0783305  -0.0338472  -0.0219258 
161 0.00072158 0.597064 0.0167424 0.113346 -0.00361614  -0.00680877  -0.00660923  0.0116224  0.000928207  0.0057549  -0.00132796  0.00152561  3.31054e-05  -0.00200939 
163 0.00395073 0.548393 0.027766 0.121949 0.00591439  -0.00438356  0.0139854  0.00917985  0.00900309  -0.00643892  0.00981214  -0.00153324  0.0146839  -0.000361235 
164 -3.00799e-05 -1.72681 0.0163684 0.111606 0.00229714  -0.00484296  -0.00353175  -0.0136262  -0.000175625  0.0010964  0.000586021  -0.00408532  -0.00259287  0.00400717 
165 0.00148781 0.551574 0.0175441 0.118794 0.00126023  -0.00784391  0.0123502  0.00330715  -0.00381486  -0.000391018  0.00761737  0.00253393  -0.000203761  0.00142308 
167 0.00185226 2.05126 0.107088 0.127359 0.0526238  -0.0580735  -0.0119934  -0.0603556  0.0282647  -0.0142562  0.00741735  -0.00580078  -0.00415017  -0.0207723 
169 0.00985143 0.994043 0.13919 0.125035 -0.0278125  -0.0303976  0.0583555  0.0961843  -0.0113333  -0.0232063  -0.0119076  -0.0250208  0.042698  0.0419727 
175 0.00106552 0.518572 0.00892632 0.119176 0.00172281  -0.00209476  -0.00300473  -0.00270369  -0.00544156  0.00359767  -0.00198862  -0.000959997  0.00268378  -0.00116279 
177 0.00253047 0.788471 0.0540214 0.131988 0.00529582  -0.0126824  -0.00864536  0.0068632  -0.0160712  0.0117221  -0.0211403  0.00825912  0.0322157  -0.0256693 
178 0.00335527 0.555189 0.0272947 0.130693 0.0192493  0.0066309  -0.0161049  -0.00391519  0.00430951  0.00558015  0.00172844  -0.0007922  -0.000683717  0.00141628 
179 0.0059836 0.841837 0.09037 0.126253 0.0193011  -0.0248553  -0.0433512  0.00710228  -0.0269812  -0.00374353  0.0180929  -0.0211234  -0.0525204  -0.0311882 
185 0.0098046 0.609329 0.0656666 0.153881 0.0198021  -0.0526968  0.0135232  0.0108822  0.0025524  0.0163242  0.0228468  -0.00363486  0.00557332  -0.0015782 
187 0.00293024 1.61142 0.113978 0.134315 0.0427683  -0.028336  0.00112535  0.0686938  0.0602339  -0.0300243  -0.0199715  0.00573763  0.0241214  0.00977918 
188 0.00197091 1.476 0.0876437 0.128327 0.0274012  0.000539875  -0.0229262  -0.0126884  -0.0508723  -0.0278375  -0.0336767  0.0104092  0.0403983  -0.00251063 
189 8.4149e-05 0.512034 0.00201342 0.12519 3.89397e-05  0.000408754  -0.000936265  -0.00113585  -0.000457963  0.000949002  -0.000354677  0.000662107  -3.11582e-05  -0.000207432 
191 -0.000272597 -5.56337 0.0812829 0.136183 0.0199848  -0.034031  -0.0225526  0.00240916  0.00763483  0.0244417  -0.0211874  0.0276855  -0.0349602  -0.0379695 
192 0.00149088 0.531988 0.0138464 0.140831 0.00211926  0.00759819  -0.000508143  -0.00986004  -0.00273508  0.000229179  0.000847768  0.00208513  -0.00314504  0.00308702 
193 0.00088925 0.586022 0.0174994 0.140128 0.00794158  0.00539031  0.00376401  0.00494772  -0.00411487  -0.00821152  0.00497657  0.00360203  0.00102747  0.00723174 
194 0.0114378 0.964065 0.145327 0.142138 0.0316588  -0.0386862  0.010825  -0.0690529  0.025377  0.0530446  0.0620572  -0.0546305  -0.0568622  0.0144546 
195 0.0015117 0.803147 0.0428067 0.0974259 0.0172352  -0.00203335  0.0307194  0.00932783  -0.0065658  0.0161545  0.00529086  -0.00162595  0.0122347  0.00401583 
196 0.00545652 0.812656 0.0825501 0.0925753 0.0349788  0.013993  0.0278569  0.00327658  -0.0152218  -0.0541986  -0.0223605  0.00635057  0.0201333  0.0222167 
200 0.00163072 0.561431 0.0200422 0.0793539 0.00909796  -0.00867711  -0.00770559  -0.00997186  -0.00608341  -0.00439357  -0.000297085  0.00160044  -0.00505725  -0.000521492 
205 -0.00038637 0.390584 0.0130078 0.0755541 0.00113054  0.000259205  0.00745842  -0.00103934  -0.00850282  0.00117145  -0.00185268  0.00577294  -0.000804997  0.000268509 
207 0.000902105 1.27221 0.0527695 0.0780696 -0.00548795  -0.0153446  0.00336057  0.0152691  0.0222592  -0.00340253  0.0022888  0.00358231  0.0344529  -0.0237168 
208 0.000948685 0.643236 0.0233173 0.0720636 -0.0043681  -0.0118752  0.00641506  -0.0133588  0.00389451  0.00341235  -0.000577537  0.0116331  -0.00029885  -0.00119248 
211 -9.43046e-05 0.454568 0.00414039 0.0651531 -0.00170082  0.000105321  -0.00123542  -0.000826  0.00239039  -0.000786284  -0.000184937  0.000380924  -0.00143664  -0.00185876 
213 0.00124481 0.668329 0.0289537 0.0658729 0.0120447  -0.0133242  -0.00119983  0.0015021  0.0100245  -0.0017093  -0.00186434  0.00710857  0.010375  0.0157147 
214 -9.77465e-07 0.291105 0.000903744 0.0556345 0.000140478  -0.00026032  -0.000127622  0.000270845  0.000322467  0.000650233  0.000296173  -0.000129721  6.01996e-05  -6.8197e-05 
216 -2.36787e-05 -1.25018 0.012875 0.0556433 0.00391562  -0.00388816  0.00833908  -0.000231126  0.00131364  -0.000462617  0.00188285  -0.00226286  0.00110587  0.0073413 
222 -0.00017 0.450847 0.00578286 0.0558557 0.00190141  -0.00139184  -0.000145794  0.0019759  0.0015438  -0.00261591  -0.000277036  0.00137479  0.00141974  -0.00327944 
223 0.000121553 0.586779 0.00649597 0.0573574 -0.00197069  0.00199834  -0.000902007  -0.00208177  0.00057819  -0.00154034  0.000421515  0.00242982  -0.00449946  -0.00037343 
224 -0.000272883 0.420072 0.00934304 0.0562879 -0.00438146  0.00393439  0.0010208  1.43587e-05  -0.00398083  -0.00278235  0.00266819  -0.00148514  9.8478e-05  -0.00431861 
228 1.28533e-05 0.50312 0.000400608 0.0586622 -0.000208591  -8.75635e-05  -0.000205936  4.35496e-05  1.37657e-05  4.2785e-05  3.20188e-05  7.329e-05  8.35732e-05  0.000222714 
230 0.00076632 0.64904 0.0213762 0.0585525 0.0139056  0.00144515  -0.00689644  -0.00352029  -0.00883462  -0.00439021  0.000458414  0.00650532  -0.00755757  0.00213574 
231 -0.000158142 -0.211721 0.0212188 0.0515981 -0.00609421  -0.0105327  0.00638366  -0.005736  0.00150603  -0.00107398  -0.0115201  -0.00408458  0.00610673  -0.00619638 
232 0.000779047 1.32497 0.0506876 0.0531086 -0.0207224  -0.00921836  -0.0165863  0.0064253  -0.0249053  -0.000347947  -0.00384087  -0.0130739  -0.0300422  -0.00546273 
233 2.2356e-05 0.677776 0.00398716 0.0451861 8.16804e-05  -0.000329011  3.06887e-05  -0.00126878  0.0013495  0.000399443  0.00242499  0.00177127  -0.00132659  -0.0011888 
236 0.000489777 1.42215 0.0424955 0.044938 0.0223716  0.00885003  0.00675163  -0.0234613  0.0134593  0.00880019  0.0122738  -0.00775535  0.0107989  0.00671082 
241 -0.000206742 0.137945 0.0173046 0.0391122 0.00278563  -0.00128453  -0.0100141  -0.00129791  -0.000553594  0.000847895  0.00503707  -0.00483351  0.0102495  -0.0057672 
242 -0.00057895 0.278902 0.0226341 0.0416717 -0.00202972  -0.00868664  -0.00608048  -0.00257338  -4.26608e-06  -0.0127007  -0.00956754  8.74559e-05  0.00185821  -0.0115249 
249 -6.37165e-05 0.441362 0.00386616 0.0481212 0.000670919  -0.00124775  3.10551e-05  -0.000889638  -0.000905014  0.000895726  -0.00290993  0.000874771  0.00112783  -0.000146652 
251 -0.000204555 0.273604 0.0136117 0.0487788 -0.000348904  0.00122394  0.000996482  0.00843816  -0.00522247  0.00476611  0.00458043  -0.00261037  0.00342659  -0.00468359 
252 0.000923837 0.726006 0.0288985 0.0508325 -0.0140603  -0.0148926  0.00706439  -6.11343e-05  0.00212085  -0.00713487  0.00202778  0.00688179  -0.00998131  0.0126186 
253 9.00891e-05 0.968623 0.0129948 0.0407496 -0.00122181  0.00272252  0.00411077  0.00378793  -0.00138046  0.00731035  0.00686201  0.00469199  -0.000179102  0.00205709 
255 -6.52182e-05 0.455869 0.0033934 0.0396289 -0.000579748  0.00096646  0.0010089  0.000345913  0.000424781  -0.000276625  -0.00191647  -0.000237933  0.00225618  -0.000175245 
259 -0.000283777 -0.0449219 0.0248722 0.0404434 0.0145861  0.00845254  0.00131992  0.0100505  -0.00457543  0.00177246  -0.00648663  0.0102749  -0.00433867  -0.00641256 
260 -0.000690105 -0.0247884 0.0380672 0.0438119 -0.0155579  0.00759851  0.00384332  -0.0115671  -0.00933245  0.00412302  -0.00692858  0.0119026  -0.0186834  0.0189187 
261 0.000494258 0.585138 0.0129768 0.0510865 0.00326484  -0.000425729  -0.00694214  -0.00603919  0.00362358  0.000931362  0.00210272  0.00136656  0.00498814  0.0052653 
262 9.50569e-05 0.841294 0.0113915 0.0459967 0.00175958  0.00227809  0.000590751  -0.0048042  0.00711522  -0.00296762  -0.00482011  -0.00359033  0.000948611  0.00126236 
263 0.000510773 0.866905 0.0273768 0.0449515 -0.00938197  -0.00517756  -0.00543391  0.00523535  0.019021  -0.00970276  0.00123997  -0.00899079  -0.000498907  0.00625803 
264 0.000534976 0.643816 0.0175443 0.0388587 0.0124593  -0.000968872  0.00211  0.000422544  -0.00806108  -0.000393282  0.00736937  7.23229e-05  0.00195336  0.00487174 
267 -1.67616e-05 0.316353 0.003509 0.0312276 -0.00288822  -4.16984e-05  0.000161046  0.000471282  0.000953206  0.00112734  -0.000428711  -0.000185864  0.000408338  -0.00107561 
268 -0.000377155 0.214469 0.0207578 0.0314949 -0.00991512  -0.0140395  -0.00152382  0.00149449  0.00700235  -0.00329206  0.00149592  -0.000200848  0.00205075  0.00803502 
269 5.08524e-05 0.537673 0.00276843 0.0370021 -0.00013503  0.000243497  0.000607492  0.00111532  -0.00141845  -0.000981972  -0.00129277  -0.000856551  0.000365123  -0.000677643 
271 0.000441355 0.808399 0.0233322 0.0363084 0.0032516  0.000213447  -0.00310736  0.0051893  0.00248472  0.00914901  -0.0108891  -0.015469  0.00691435  -0.0012807 
273 1.30433e-05 0.859384 0.00433015 0.0296149 0.00279168  -0.00170175  0.000929476  -0.000155987  -0.000207493  -0.000498517  3.90715e-05  -2.13743e-06  0.002495  0.000808927 
276 -0.000108864 -0.2003 0.0174631 0.0293939 -0.00782218  0.000251506  -0.00809504  0.00299871  -0.00342972  -0.00790185  0.00823937  0.00451754  0.00196355  -0.0016839 
280 8.03837e-07 7.99071 0.00490766 0.0311909 -0.00111626  0.00162621  8.74997e-05  0.00217558  -0.0021062  -0.000399557  0.00127161  0.00137484  -0.00188024  0.00195334 
283 -0.000128814 -0.944402 0.0272804 0.031178 0.00303656  0.000492062  -0.011505  -0.00387419  -0.0151817  -0.00405142  -0.00056291  0.00393109  -0.0140022  -0.0113427 
292 0.000261854 0.56334 0.00814666 0.0331796 0.000145426  0.0018986  0.00287825  0.00259486  0.00494196  0.00356496  0.00117512  0.00177731  0.00235055  -0.000726566 
293 -0.000353057 0.342246 0.0149291 0.0289667 -0.00286338  0.00689125  -0.00262119  -0.000728243  -0.00424648  -0.00295307  0.00568373  -0.00836282  -0.003432  -0.00436081 
294 4.81572e-05 0.82245 0.00788114 0.0345281 -0.00163994  -0.00409968  0.00246303  -0.000314981  -0.00151683  0.00283138  -0.00313605  -0.000133739  -0.00269299  0.00300456 
295 -0.000290975 0.452906 0.00740691 0.0338235 -0.00404079  -0.00208759  -0.000492854  0.00401774  -0.0033531  -0.000515305  -0.00215467  -0.00121432  -6.76235e-05  0.000400657 
296 -0.000135012 -0.844549 0.0269465 0.037882 0.0144168  -0.00139644  -0.00497237  -0.00201982  -0.000790019  -0.00355794  -0.00647305  -0.0157319  -0.00744342  0.0113769 
297 9.84344e-06 0.675588 0.00262936 0.0396241 0.00214308  -0.000514085  -0.000330138  -0.000724487  -8.42837e-05  -0.000681028  -0.000415796  -0.000522609  0.000200783  -0.000682207 
299 0.000588215 0.956317 0.0327622 0.0394997 0.0155762  0.00717863  0.0128866  0.0126354  0.00505164  0.0118456  -0.00695572  -0.000615111  0.0133064  0.00786365 
300 0.000308881 1.08096 0.0267893 0.0311799 0.000741637  -0.00719777  -0.00257083  -0.0130962  0.00899783  0.0134829  0.0137091  -0.0016416  0.00575207  0.000845713 
301 -0.000353694 0.0386301 0.0255511 0.0257556 -0.00321281  -0.00800815  0.00298148  -0.00251724  0.00244752  0.00986988  0.0159035  0.011251  0.00893429  -0.000669593 
303 -0.000771574 0.0379017 0.0377726 0.0318921 0.0325132  -0.00420893  -0.0038164  0.000985378  0.00854783  -0.00812715  -0.00791374  -0.000974417  0.00226426  -0.0113398 
305 7.21278e-05 0.97154 0.0116636 0.0422963 -0.00170319  0.0034966  -0.00508397  -0.000876211  0.00250674  -0.00174667  -0.00777431  -0.00369916  -0.000416804  -0.00326593 
307 5.08531e-05 1.58643 0.0148655 0.041435 0.00226516  -0.00464594  0.00582286  0.00605209  -0.00929244  -0.00331177  0.00470488  0.000733833  -0.000121474  0.0019304 
309 2.8837e-05 0.520248 0.00152838 0.0408167 -0.00044405  8.28868e-06  0.000947403  0.000605317  -5.1404e-05  -0.000665913  0.000559933  -0.000297418  1.52851e-05  0.000162503 
310 0.000919689 0.686276 0.0261785 0.0404619 -0.0141835  0.00935359  -0.00182488  -0.00915039  -0.00418007  -0.00296087  -0.0128479  0.00255181  -0.00915761  0.00528302 
314 3.58225e-05 1.56888 0.0123756 0.0267937 -0.00436639  0.00419609  -0.00246566  0.00203901  -0.00202116  -0.00305295  0.00427605  7.07855e-05  0.00658755  0.00558159 
315 -9.22442e-05 0.425738 0.0052351 0.0261166 0.0023711  -0.000746024  0.00184945  -0.000119809  0.000568533  3.81102e-06  -0.000903491  0.00343025  0.00191217  0.00110918 
321 -8.03595e-05 -0.268728 0.0157195 0.0278267 -0.00238488  0.0106939  0.00792356  -0.00413107  0.00274375  0.00381277  -6.40496e-05  -0.0034039  0.0019853  -0.0031 
324 -6.53462e-05 -3.59163 0.0327014 0.0292351 -0.0141921  0.00493032  0.0137268  0.0173848  -0.00868288  -0.0102611  -0.00557752  0.00529129  -0.0106122  -0.000771239 
326 -0.000420913 -0.00767331 0.0292391 0.0303321 0.00822637  -0.00239674  -0.013973  0.000341622  0.00772161  -0.0139852  0.00631756  -0.017002  0.00118664  0.000738706 
329 0.000622855 0.591803 0.0151273 0.0366202 -0.00724648  -0.00202516  0.00449355  -0.00392431  -0.00281314  0.00550393  -0.000780728  0.00738868  -0.00528628  -0.00390859 
334 5.56998e-05 0.599282 0.00470327 0.0268026 -0.00370886  0.000264587  -0.000841141  -0.00181681  0.00162717  0.00120059  0.000102927  0.000216462  0.000139757  0.000347503 
336 3.60377e-05 2.31286 0.0161651 0.0257426 -0.00817448  0.00194252  -0.00263032  0.00262733  -0.00310142  0.00973801  0.00681873  -0.00394659  -0.00086426  -0.00310315 
338 -9.31062e-05 0.414763 0.0056347 0.0250329 -0.00272165  -0.000994563  0.000899496  -0.00227518  -0.000493301  -0.00089597  0.00360738  -0.000353567  -0.00128709  -0.00123569 
341 -0.000349291 0.0447879 0.0252216 0.0268282 0.0100135  0.00278711  -0.00696953  0.0122921  -0.0102899  0.0087414  6.60175e-05  -1.06698e-05  -0.0109602  -0.0050985 
343 0.00012581 0.578459 0.00628401 0.0326972 -0.0013523  -0.00187654  -0.00203106  -0.00418423  0.00134422  6.57743e-06  0.00185861  -0.000567463  0.00122012  -0.00233099 
344 -0.000312576 0.419828 0.0100151 0.0307133 -0.00120414  -0.000255043  -0.000582252  -0.00382801  -0.00539062  0.00633526  0.0032635  -0.000214812  -0.0018941  -0.000562195 
345 0.000152855 0.610635 0.00822499 0.0354391 0.00531134  0.000588892  -0.00380352  0.00186825  0.00247732  0.000667869  7.8413e-05  0.00054691  0.00307311  0.00219173 
346 -3.22449e-05 -2.04498 0.0181175 0.0332127 0.011418  -5.58894e-05  0.000900379  0.00329169  0.00326298  0.00922884  -0.00447257  0.0032593  0.0047859  0.00607226 
348 0.000319668 1.03421 0.0261335 0.0336947 -0.000349426  -0.00532373  0.00372234  -0.0154217  -0.00416024  -0.00696102  -0.00436723  0.00534892  0.0169496  0.00143996 
350 0.000161319 0.790866 0.0136997 0.0285607 -0.00432133  0.00357952  -0.00478571  0.00965978  0.00349363  -0.00297016  0.00347296  0.00247951  -0.00026831  0.000820208 
