generation s h r distopt trait[0] trait[1] trait[2] trait[3] trait[4] trait[5] trait[6] trait[7] trait[8] trait[9] 
1 0.0611846 0.534614 0.0998723 2 0.0173401  -0.0129556  -0.000912905  0.00207675  -0.0420349  0.0126837  0.0545879  0.0327018  0.0540105  -0.0246294 
2 0.0343879 0.55409 0.0887652 1.9851 0.0113704  -0.0146256  0.0350332  0.021125  0.0573623  0.00168521  0.0365562  0.0317359  0.0113047  -0.00989357 
5 0.120991 0.498532 0.0764783 1.97656 0.0311986  -0.0441196  -0.00799534  0.0170388  -0.0392845  -0.0268893  0.00618473  0.00193197  -0.00196175  -0.0162067 
7 0.0779969 0.531089 0.110201 1.94746 0.0165216  0.0217789  -0.0554822  -0.0392983  0.0400692  -0.000102091  -0.0407778  -0.0553531  0.0196691  -0.00742453 
10 0.0216138 0.506335 0.0277563 1.92808 0.00471066  -0.00197111  0.0175629  0.00454825  -0.00805428  -0.00310321  -0.000623789  -0.0124306  -0.00892135  0.010305 
13 0.195826 0.482643 0.0597314 1.92253 0.0477487  -0.00148913  0.0115995  0.000614068  0.00210549  0.00724911  -0.0158791  0.0088726  0.0259691  0.00940819 
18 0.013545 0.500859 0.0116939 1.87544 0.00370764  -0.0043706  -0.00105553  -0.00376814  0.00718078  -0.0045215  0.000830989  0.000499166  -0.00310687  -0.00244668 
20 0.0967396 0.49247 0.0384911 1.87185 0.0242734  0.00307145  -0.00613505  -0.00160377  0.0200878  0.0132418  -0.0115165  0.00216066  -0.0111887  0.00116916 
21 0.0172689 0.498982 0.00876827 1.84702 0.00436309  0.00153756  0.00303227  -0.00211689  -0.000786969  0.00202524  -0.00193356  0.00119488  -0.00529432  -0.00197205 
22 0.0235338 0.519788 0.0459475 1.84238 0.0085367  0.000992358  0.0134111  0.00872457  0.0089414  0.00715472  0.0342812  0.000864064  0.0216513  -0.00234014 
23 0.024197 0.498628 0.0124358 1.83605 0.00673346  0.000657001  -0.00259966  -0.00444589  0.00276897  0.00228263  -0.00139322  0.00712313  0.000538942  -0.00406274 
25 0.133881 0.489903 0.0530761 1.82953 0.035285  -0.0221932  -0.0196032  -0.00564117  0.013979  0.00703818  -0.00138208  -0.00985566  -0.00540568  0.0170349 
27 0.1002 0.511749 0.0950755 1.79486 0.0280471  -0.0202104  0.0614152  0.0126256  -0.044757  0.0168756  -0.00577898  -0.0332901  0.0100457  0.0195578 
29 0.00622172 0.514766 0.0196358 1.76806 0.00258714  -0.00937106  0.00570299  -0.00421677  -0.00456597  -0.0049634  0.0128829  -0.00129506  -0.00241068  0.00467019 
30 0.129332 0.507477 0.104992 1.76631 0.036803  0.00630312  -0.0185659  -0.0640815  -0.0282576  -0.00300408  -0.0441982  0.0137376  0.0406385  0.0240171 
31 0.0472089 0.499333 0.0306731 1.73153 0.0148421  -0.0123619  -0.00349582  -0.00479674  -0.00196604  -0.000142943  0.0128039  0.0178548  0.00437661  -0.00517043 
33 0.0289016 0.501862 0.0248612 1.71816 0.00683251  0.00754388  0.0104924  -0.00423394  0.00394546  0.000320268  -0.00381818  -0.00086817  -0.0171668  0.00779544 
34 0.0396467 0.507246 0.0433871 1.70985 0.011438  0.0151568  0.0150283  0.0168936  -0.0138528  -0.00569048  -0.00654788  -0.00144834  0.0132107  -0.0238089 
36 0.0326001 0.502025 0.0278279 1.69844 0.0109322  -0.00548821  -0.00324479  -0.00967705  0.00429034  0.0179056  0.00475106  -0.00939935  0.00623684  0.00563441 
42 0.0460036 0.537259 0.0877942 1.68897 0.0197652  0.00292701  0.0342705  -0.0599613  -0.0190816  -0.010023  0.0449608  -0.00703411  0.00147665  -0.00103451 
43 0.0356575 0.49912 0.0221471 1.67561 0.0116101  -0.00587617  -0.000503998  0.000772887  0.00488854  0.0142192  -0.000213457  0.00161255  0.00589254  -0.00754096 
47 0.0302505 0.513272 0.045009 1.66512 0.0127377  0.000222873  0.0039649  -0.0303299  0.00536428  -0.0051965  -0.0211536  0.00377018  0.0193115  -0.00612281 
49 0.0333602 0.532728 0.06951 1.65614 0.00474758  0.0109725  -0.00903163  0.0217721  0.0520575  -0.012072  0.0220215  0.00576503  -0.0274417  0.00248433 
50 0.12276 0.494478 0.0643761 1.64621 0.03525  0.00565213  -0.0208397  -0.0014063  0.00482208  0.0246895  -0.00335438  0.0411454  -0.00726387  -0.00661269 
53 0.04109 0.504475 0.0391322 1.61065 0.0135185  0.00728723  0.00851261  0.00830866  0.00102339  0.0135583  0.0289813  -0.00469865  -0.00485846  0.00913794 
55 0.0220863 0.50617 0.0278877 1.59811 0.00619663  -0.0042866  0.00851079  0.00158214  -0.0155046  -0.0104234  0.00746872  -0.000549565  -0.0139108  -0.00688319 
56 0.116885 0.503324 0.0870349 1.59126 0.0292932  0.0315517  -0.0176453  0.0508203  -0.0400171  -0.00786254  0.0123767  -0.0142939  -0.0261827  -0.0110089 
57 0.0667537 0.501074 0.0486305 1.55613 0.0224346  -0.00721208  -0.021773  -0.00875224  0.00397278  0.00496964  0.0212504  -0.0231917  -0.00949123  -0.0117874 
58 0.0197562 0.499082 0.0109318 1.53523 0.00627595  0.000839344  -0.000839739  -0.00342733  0.00269418  0.000467125  -0.00585363  -0.00282472  0.00414735  -0.000198734 
59 0.00712168 0.500508 0.0062927 1.52885 0.00231695  -0.000184393  -0.00201248  0.000761777  -0.00359919  -0.00105963  0.00138758  -0.00153426  -0.00249877  -0.00222827 
60 0.00545489 0.502513 0.00833513 1.52652 0.00203478  -0.000506575  0.00079728  0.000970535  -0.00189047  -0.00317213  -0.000236028  -0.00530905  0.00377036  -0.00272144 
65 0.0255942 0.504554 0.0279212 1.52474 0.00723037  0.00147411  0.0038732  0.00829309  -0.0167347  0.00439235  -0.00433116  -0.0022043  -0.0107866  0.0142146 
66 0.0363274 0.505255 0.0372351 1.51643 0.0114214  -0.00720143  -0.00641873  0.0063277  -0.00630897  -0.00789501  -0.0145353  -0.0176147  0.0150193  0.016542 
70 0.149342 0.495336 0.0841769 1.50462 0.0478925  -0.0234501  -0.0109087  0.0095739  0.0130231  0.0563579  -0.0168179  0.00529365  -0.0158405  0.0111306 
71 0.0122276 0.513908 0.0273841 1.45763 0.00297749  0.000248682  -0.00619176  -0.00407518  -0.0110735  -0.0120542  -0.00835678  0.0146561  -0.00193277  0.0113893 
72 0.0538348 0.498073 0.0311525 1.45346 0.0196654  -0.00540668  -0.00392158  -0.00530522  -0.0100607  0.0124687  0.000558707  0.0020184  -0.00635327  -0.0144763 
73 0.0239818 0.73733 0.150713 1.4353 0.00807776  -0.033348  0.0651216  0.0961234  0.000995451  -0.00331119  -0.0537253  0.0466513  -0.0435909  0.0328896 
74 0.0707752 0.500666 0.0501967 1.42702 0.0239924  0.0148218  0.0267843  -0.0229954  0.0177373  -0.000678902  -0.00646126  -0.00103455  0.0102864  -0.00380708 
75 0.0888141 0.505358 0.0737629 1.40286 0.0316116  0.0452772  0.0191625  -0.0301265  -0.00302746  0.00899864  -0.00975407  0.0143518  -0.00623599  0.0262049 
78 0.0167162 1.26145 0.224307 1.3722 0.00806474  0.160522  -0.0156715  -0.0290974  -0.0290272  -0.0480812  -0.0764659  -0.0626609  0.045748  -0.0914786 
79 0.0884126 0.495335 0.0448042 1.36614 0.0300207  -0.00171559  -0.00695715  0.0212614  0.0115297  -0.0149941  -0.00694921  0.0112147  0.0044005  -0.00718282 
82 0.0135512 0.51407 0.0291208 1.33478 0.00537777  -0.00563052  0.00420957  -0.0158682  -0.0091287  -0.00930311  -0.00296948  -0.0132338  -0.0116158  -0.00539597 
83 0.110975 0.495885 0.0616757 1.32972 0.0387139  -0.0106044  -0.0156949  -0.0103971  0.00452203  0.0318664  0.0263839  0.0092869  -0.00419416  0.00154242 
84 0.03242 0.502354 0.0284484 1.28955 0.0132384  0.0141503  0.00516165  0.0144084  -0.00490967  -0.00715829  -0.00862204  -0.00329215  -0.00586493  0.00215941 
86 0.0228941 0.499433 0.0143125 1.27712 0.00935381  0.00565304  0.00107351  0.00551599  0.00175988  0.001421  0.00410725  0.00464001  0.00116839  -0.00298964 
88 0.00377276 0.685051 0.0528533 1.26822 0.00250741  -0.00213544  -0.00115664  0.00813498  0.00239403  0.0166909  0.0339912  -0.0339388  0.00675119  -0.00882999 
89 0.0487056 0.501352 0.0372546 1.26674 0.0204507  0.0145065  -0.00718792  0.0193533  0.00233888  -0.00150908  0.00144304  -0.0112846  0.013288  0.00439028 
91 0.0490345 0.558758 0.11126 1.24782 0.0273928  0.0538295  0.00370242  -0.0164931  0.0212859  0.0548366  0.014344  0.0466829  -0.0494906  -0.0122679 
93 0.0276295 0.512703 0.0419043 1.22849 0.0117311  -0.0116165  -0.00710346  0.0175591  0.0114359  0.0124414  -0.00742204  0.0141014  0.0202107  -0.0132911 
94 0.0515104 0.498891 0.032226 1.21735 0.0226757  0.00867595  -0.00196075  -0.00604387  0.0144421  0.0052867  0.000792937  0.00870378  0.00614512  0.00761687 
95 0.0314227 0.504336 0.0318611 1.19654 0.0157397  0.017771  -0.00484467  -0.00913495  0.012283  0.00485238  0.00474779  0.00651045  -0.00322739  0.00974193 
96 0.0429251 0.524421 0.0706118 1.18354 0.0113051  -0.0100174  -0.0104971  -0.0135749  -0.0177129  -0.0370135  0.0332294  -0.0326644  -0.00552842  0.0240403 
99 0.0254262 0.501429 0.0214178 1.16565 0.0124782  0.00629921  -0.00180844  0.010451  0.00417624  0.00790105  0.00740754  0.000887145  -0.00331086  0.00208677 
100 0.0589015 0.559542 0.123457 1.15483 0.0367455  0.0429214  -0.0914708  0.018936  -0.00930176  0.0244811  -0.0194283  0.0223379  0.00452648  -0.0417226 
105 0.0932139 0.52761 0.117449 1.12978 0.0400102  0.00191074  0.0860601  0.0133576  0.023607  -0.0263775  -0.0109954  -0.000459105  -0.0523532  -0.0221342 
107 0.0325662 0.511474 0.044541 1.08962 0.012605  -0.00868768  -0.031632  0.00791938  0.0173062  -0.0058289  -0.0151676  0.00441083  -0.000454908  -0.0101506 
108 0.0217618 0.50218 0.0204806 1.07482 0.00877714  -0.0121586  0.00660036  0.0071909  -0.00175375  0.00543264  0.000125242  0.00662323  0.00417608  0.00232389 
109 0.0654157 0.516437 0.0785478 1.06476 0.0255807  -0.0510011  0.00382825  0.0155525  0.0172853  0.0168195  -0.0423324  -0.0130278  0.0103706  0.00259957 
111 0.0467253 0.51194 0.0567691 1.03457 0.0295646  -0.0109276  0.0065974  0.0120199  -0.0149956  0.0272587  0.000796133  -0.0040412  0.021302  -0.0245481 
112 0.0217362 0.55687 0.0715514 1.01226 0.0185536  0.0118149  0.0226127  -0.0113615  -0.0486358  0.0140423  -0.00449865  0.0281967  -0.0226718  -0.0101699 
114 0.0486468 0.513525 0.0607996 1.00158 0.0224433  -0.00989625  -0.0012939  0.00708831  -0.0307802  0.014276  0.0210526  -0.000769022  -0.00649005  0.0374952 
116 0.0419665 0.512559 0.0539385 0.977584 0.0276134  0.0115391  0.00420067  0.000626906  -0.041438  -0.010062  -0.00637656  -0.00104747  -0.00682684  -0.00943188 
117 0.0581505 0.533948 0.0962451 0.956327 0.0307416  -0.0162837  -0.0134965  0.00781683  0.0317802  -0.00294501  0.0577403  0.0120139  0.0500125  -0.0284863 
120 0.0386956 0.556726 0.0965656 0.926303 0.00574932  -0.0208974  -0.012041  -0.00624831  0.0568668  -0.0389379  -0.0248071  -0.0565507  -0.00940374  -0.00439828 
121 0.102561 0.544298 0.14837 0.905578 0.0506755  -0.0272597  -0.0252839  0.011975  0.0467798  0.0117778  0.0274314  -0.0845798  -0.0198639  0.0853938 
125 0.0187676 0.53455 0.0523605 0.849963 0.0124535  -0.032186  -0.00136495  0.01056  0.0242271  0.00366682  -0.00944525  0.00351785  0.0244718  -0.011677 
126 0.0361205 0.532889 0.072762 0.838954 0.0184511  0.00139276  -0.000459592  -0.0316307  0.0355896  -0.0094099  0.0278734  0.0406745  0.00360055  0.0123183 
128 0.00555557 0.512299 0.0169673 0.817533 0.000395482  -0.00509085  -0.00463974  0.0039642  -0.00925218  -0.00675533  0.00350759  0.00704584  -0.000561357  0.00557432 
130 0.0149616 0.595563 0.0760454 0.814137 0.0140616  -0.00320803  0.0225353  -0.0263986  -0.0174669  -0.0147692  0.030021  -0.0299077  0.0452226  -0.00247356 
131 0.0709787 0.50299 0.0563058 0.804965 0.0448551  0.00583185  0.0150551  -0.00643294  0.00311612  -0.0164152  -0.0172651  -0.00871337  -0.000484478  -0.0142443 
132 0.0119791 0.51782 0.0303247 0.761181 0.00535132  -0.00150984  -0.00817096  0.000404892  -0.0143329  -0.00488944  -0.00624226  -0.00304844  0.0115891  0.0202445 
134 0.0141223 0.653588 0.0932967 0.753318 0.0206109  0.0535801  -0.0315963  -0.0237082  -0.0146206  -0.0217635  -0.0048155  0.00532065  0.0557392  0.0015719 
135 0.0256645 0.506489 0.0312851 0.743952 0.0128154  -0.0190402  0.000620292  -0.00996244  -0.013529  -0.00685012  -0.0101382  0.000472485  -0.00389349  -0.00205859 
136 0.044656 0.542251 0.0912669 0.726721 0.0370664  -0.0258844  0.0536013  0.0346673  0.021488  0.0140841  0.0106853  -0.0176577  -0.0176498  -0.0285171 
141 0.0495785 0.516036 0.0653653 0.696015 0.0282612  0.00176702  -0.0154156  0.0185319  -0.0205857  -0.0392019  0.0137554  -0.00221849  -0.0270651  -0.00158934 
142 0.00767605 0.543411 0.0368349 0.660339 0.00257942  0.0164259  0.00599116  -0.01277  -0.00376564  -0.0105053  -0.00415988  0.0269961  -0.00323213  0.000549058 
146 0.028288 0.516447 0.0471555 0.654523 0.0224013  -0.0193622  -0.0070337  -0.01239  0.024495  -0.0162447  0.0102627  0.00902651  0.0061644  -0.00743281 
149 0.014987 0.545613 0.0531395 0.632855 0.0166213  -0.00504891  0.000109437  0.0230702  0.0067037  -0.0393575  0.00321865  -0.0134635  -0.00256989  -0.0140576 
150 0.0205031 0.551857 0.066434 0.620991 0.0149258  -0.00851397  -0.0264962  -0.029625  -0.030825  -0.00985037  0.0268337  -0.0187263  -0.018195  0.0094623 
151 0.0235957 0.525565 0.0515359 0.604429 0.0209923  -0.00262151  -0.00480558  0.0262442  0.0239708  -0.0111945  -0.0259252  -0.00206235  0.0109649  0.000189699 
152 0.019269 0.573986 0.07633 0.584818 0.011189  -0.0513758  0.00120798  -0.00401873  -0.0416984  -0.0189047  -0.0298011  0.000182435  -0.00616361  -0.00466042 
154 0.0106796 0.52428 0.0329846 0.568266 0.0150758  0.00654837  -0.00191019  -0.00274038  0.0129649  0.0157065  0.0043952  -0.0164674  0.00593919  -0.00813117 
155 0.0436567 0.549191 0.096492 0.558842 0.0376036  -0.00527492  -0.00483657  -0.0128376  0.042434  -0.0442078  0.0198314  0.0487229  -0.0337164  0.00465621 
156 0.0430502 0.546569 0.0934384 0.519204 0.0556341  0.00240201  0.00320087  -0.0155129  0.0230685  -0.0584783  0.0068461  0.0160318  -0.0169767  0.0288958 
159 0.0172 0.575431 0.0727151 0.47689 0.015878  0.0277028  -0.0112218  0.00193177  0.00987265  0.026595  0.0338479  0.00167091  -0.00901817  0.0458662 
160 0.0612499 0.541216 0.107483 0.458661 0.0696123  0.00451209  0.0544191  -0.0158716  -0.00878287  0.0165598  -0.0323931  -0.0163849  -0.0415695  -0.00870661 
161 0.020675 0.724132 0.136064 0.388488 0.0456112  -0.0702598  -0.0343088  0.0894496  0.0101893  -0.00495858  0.0293282  -0.00556606  -0.012794  0.0336918 
162 0.00278204 0.691073 0.0461154 0.361191 0.00734324  0.00499326  0.00118133  0.025169  -0.0161598  -0.0084636  -0.00196271  0.0146042  0.00159412  -0.0293335 
164 0.00798924 1.35597 0.164878 0.357324 0.0714486  -0.00535047  0.0871851  0.0389173  -0.00621336  -0.00681681  -0.0726455  -0.0862809  0.00597198  -0.00964108 
165 0.00495079 0.513439 0.0166631 0.34601 0.00380482  -5.96739e-05  -0.0017871  0.00349737  0.00205951  0.00766984  0.00702966  0.0114815  -0.000251193  -0.00183859 
166 0.00996769 0.532979 0.0368421 0.338798 0.0242913  0.0101111  -0.00718951  -0.000575131  -0.0131312  -0.0071865  -0.00664398  -0.0059344  0.0130272  -0.0118271 
167 0.00495537 0.660365 0.0564073 0.32383 0.00763456  -0.0136545  0.0215315  -0.0262966  -0.00173146  0.0222983  0.00917752  0.00914733  0.0144192  -0.0300983 
169 0.0239682 0.611292 0.103972 0.316106 -0.00237113  -0.00260928  -0.0627996  -0.0315796  0.0292273  0.0395374  -0.0134306  0.0156129  -0.0547587  0.00407514 
175 0.0121538 0.545676 0.0477441 0.276111 0.0049104  0.00426203  -0.0379695  -0.00334718  -0.0142566  0.0180796  -0.00748168  -0.00101748  0.0105363  0.00928368 
178 0.00829602 0.533596 0.0338265 0.253292 0.015091  -0.012315  0.00132389  -0.00673201  -0.0091017  -0.0134757  0.00972469  0.0186752  -0.00247911  0.00196213 
184 0.00760806 0.555984 0.0415405 0.236421 0.00191113  0.0241312  0.0189847  -0.0052011  -0.0149885  -0.0026874  0.000680306  0.0125353  0.00283781  0.0188321 
185 0.00525665 0.521558 0.0215829 0.219809 0.00371433  0.00372953  -0.00873972  -0.0059672  -0.00967526  -0.000333112  0.00696906  0.0129633  0.00277844  0.00284067 
187 0.00647519 0.548105 0.0355326 0.20754 0.00312141  -0.000728442  -0.00928536  -0.011573  -0.00809508  0.0125898  -0.0176948  0.00545453  0.0215657  0.000412411 
188 0.0135087 0.579254 0.0658901 0.19136 0.025635  0.0146627  -0.0248769  -0.0291491  -0.0329049  -0.00707377  -0.0135386  0.00742652  -0.00989892  0.023057 
192 0.00844408 0.656305 0.0727262 0.152317 0.0346894  0.01321  -0.00587077  -0.0232382  0.0446946  0.00697257  0.0105771  0.0147493  0.000325217  0.0310001 
194 -0.000400523 0.493681 0.00319474 0.121621 -0.00102171  0.00152941  0.00149352  4.22205e-05  0.000999562  -8.75931e-05  0.000191974  -0.00104725  -0.00134422  0.00080232 
195 -0.000155691 0.261967 0.0121762 0.123257 0.000673641  0.00628995  -0.00220632  -0.00262189  0.00526259  0.00591418  0.00484953  0.00139271  0.00196673  -0.00212185 
199 9.16106e-05 0.594306 0.0058788 0.123887 -0.000629293  0.00136433  0.00139829  0.00187896  -0.00063691  0.00302115  0.00167029  0.000737618  0.00130144  0.00350093 
202 0.000928678 3.06177 0.0974729 0.123517 -0.00392848  -0.0480962  0.0100936  0.00991998  -0.0271728  0.0615376  -0.00966837  0.0235179  0.00392935  -0.0422463 
204 -0.000821356 0.47493 0.00909588 0.1197 -0.00401268  0.00324709  -0.00182352  0.00121214  -0.000825336  0.00132445  0.00579992  -0.00323374  -0.000361034  0.00215256 
207 0.00174281 0.786247 0.044663 0.123085 0.010076  0.00615235  -0.0138619  0.00689626  -0.0204971  -0.0180023  0.0189565  0.0193223  0.00980583  -0.00652885 
208 0.000159132 1.57985 0.0262155 0.115795 -0.00108922  0.012913  0.00182499  0.0119528  -0.014741  -0.00475401  0.00406655  0.00360848  -0.0052104  0.0087475 
209 -0.00017393 0.472641 0.00436474 0.115106 -0.00106103  0.0034172  -0.000396459  -0.00115872  0.000376483  -0.00175434  0.000431301  0.000429168  0.000110505  -0.00107063 
210 0.00426834 0.700275 0.0584783 0.115859 0.0358972  0.0172044  0.0180193  0.0313551  0.0142854  -0.00484204  -0.0134641  -0.00374718  0.000899602  -0.0101797 
212 0.000330374 0.924423 0.0236811 0.0957294 0.00918183  0.00747964  0.00423135  -0.00726604  0.0101394  -0.011227  0.00452336  0.00132823  0.00947346  -0.00300314 
215 0.00242582 1.92062 0.117249 0.0939883 0.0553189  -0.0166254  0.0148523  -0.0348475  -0.0287572  0.032959  -0.037454  0.010521  0.0451222  0.0592702 
217 0.00235513 0.648031 0.0373552 0.0800682 -0.0174112  0.000864024  -0.00655108  0.0064789  0.0166671  -0.0188093  -0.000456749  0.00572819  -0.0172517  0.00666314 
219 0.00104845 0.677649 0.0272968 0.0637068 -0.00121156  0.0115108  -0.00679665  -0.0157947  0.00938264  0.00194971  0.00267178  0.0065894  -0.0127788  -0.00312867 
220 8.6675e-05 0.590639 0.00560596 0.0548694 -0.00237442  -0.00128017  -0.0032966  -0.000845948  0.00154899  0.00168929  0.000986464  0.00124468  -0.00157523  -0.0015199 
221 2.15548e-06 0.501702 0.000121162 0.0540738 -4.28053e-05  -5.99698e-05  1.9382e-05  1.18603e-06  2.04976e-05  3.77548e-05  -5.24699e-05  -5.74146e-05  -1.52274e-05  2.7339e-05 
223 0.000657928 1.23322 0.0439173 0.0540539 0.00627242  -0.00139904  -0.00230338  -0.00186683  -0.00754256  -0.00875477  -0.0346244  -0.00076462  -0.0221456  -0.00743262 
228 0.00090245 0.582717 0.0172874 0.0475827 0.00281591  0.00573911  -0.00356861  0.00620702  0.000713651  0.00756438  0.00798811  -0.00746305  -0.00162456  -0.00518171 
230 4.00461e-05 0.652584 0.00494387 0.0369062 0.00184633  -0.000209751  0.000769415  0.00230501  -9.87466e-05  -0.00361699  -0.000502672  -4.54124e-05  -0.00131783  2.13387e-07 
231 -5.8305e-06 0.498915 0.000159105 0.0363596 -2.51055e-05  8.78431e-05  4.49594e-05  -8.37642e-05  1.46584e-05  -1.05144e-05  1.87426e-05  7.86665e-05  2.87161e-05  -1.55027e-05 
232 -0.000200571 -4.45288 0.0630243 0.0364397 -0.00364246  -0.0160838  -0.0116567  -0.00106824  0.00116133  -0.00355998  0.0447231  -0.0263183  0.0140923  -0.0256449 
233 0.000548083 0.720061 0.0219644 0.0390953 0.00544631  -0.00385346  -0.00678519  -0.00937795  0.00158855  7.60547e-05  -0.00192849  -0.00600178  -0.0136262  0.00871753 
234 -4.36142e-05 0.348781 0.00513641 0.0313131 0.000652612  0.00219231  0.00337394  0.000264846  6.29493e-05  -0.00169722  0.00131405  1.92159e-05  0.000313206  -0.0022332 
235 1.26665e-05 1.99212 0.00869476 0.032002 -0.0014733  -0.00350953  0.00677518  0.000440141  -0.000104793  -0.00256456  -0.00212477  -0.000850476  0.00173032  0.000441316 
239 8.58244e-05 0.527273 0.00306037 0.0318035 -0.000891676  0.000740226  -0.000730484  0.000421504  -0.000221945  -6.29893e-05  -0.00101279  0.000980788  -0.00217862  -0.000724069 
241 -0.000442457 0.426703 0.0113951 0.0304243 -0.00815643  -0.00256205  0.00336509  -0.0018905  0.0017342  -0.00210105  -0.000506618  0.00133512  0.00485928  -0.00296393 
242 -0.000422356 0.402005 0.0128715 0.0369891 0.0011227  -0.00722281  -0.00602068  0.000273618  0.00752881  -0.000936544  -0.0018532  -0.00151652  0.00237996  -0.00263919 
243 -0.000503907 0.0197046 0.0311183 0.0423159 -0.00180658  0.0115167  -0.0016694  -0.00386607  0.00666098  -0.0166763  -0.00942332  0.0127385  -0.0133921  -0.00786359 
245 0.00065886 1.19101 0.0426651 0.0479027 0.018477  -0.0146013  0.0151625  0.0136485  -0.00469821  0.0185487  0.0157306  -0.0021127  -0.00998653  0.0114785 
246 0.000473207 0.753696 0.0219128 0.0404479 -0.00280285  -5.93289e-05  -0.00556821  0.00490795  -0.0024905  0.000758668  -0.0145059  0.0125485  0.00635417  -0.00147642 
248 -6.80724e-06 0.440884 0.00126874 0.0341018 -0.000571826  -0.000543632  -0.000709719  -0.000164586  0.000101649  0.000458036  -0.000162012  -0.000168154  0.000394251  -0.000162198 
249 -0.000180772 0.423981 0.00741547 0.0342015 0.00602199  -0.000179573  -0.0021104  0.00105528  -0.000241311  -0.000490106  5.64301e-05  0.000451972  0.00105529  -0.003392 
250 5.6214e-05 0.814101 0.00840395 0.0367496 -8.46284e-05  0.00273776  -0.001149  -0.000689285  -0.00371912  0.00130681  -0.00178864  -0.000856273  0.00518832  -0.00386497 
253 -6.35836e-06 0.381995 0.00173243 0.0359766 7.92484e-05  0.00090681  -0.000321497  -0.000921521  0.000559564  -0.000313967  -0.000390987  -8.16956e-05  0.000121604  -0.000796333 
254 -3.04425e-05 0.109527 0.00689556 0.0360649 0.000284553  0.000811632  0.0041564  0.00207901  0.00220699  -0.000708387  0.00345966  -0.00261062  1.5717e-06  0.00102665 
255 -0.000620732 0.26498 0.0241634 0.0364845 0.00647685  0.0112189  -0.0100549  0.00592313  0.00772686  -0.00845556  0.00531423  0.00271083  -0.010632  -0.00020469 
257 2.33459e-06 0.590452 0.000919064 0.0441819 0.000288677  6.29484e-05  0.000528538  -5.27747e-05  -7.91225e-05  -0.000387586  -0.000184898  0.000357793  -0.000209154  0.000335876 
258 0.000124074 0.505912 0.00171511 0.0441555 -0.000409828  0.000229105  -4.90177e-05  -0.000898907  -9.63551e-05  0.000203007  -0.000458671  -0.000670156  -0.000115696  0.00108966 
260 1.44353e-05 0.536912 0.00145994 0.0427276 0.000429002  0.000460635  0.000678906  0.000331602  0.000234269  -0.000228052  -0.000805618  -0.00021424  -0.000440132  0.00041084 
261 -0.000871252 0.148979 0.0349862 0.0425583 -0.00108226  -0.0249719  0.00356205  0.0160171  -0.00120493  -0.00304558  -0.0010428  -0.00337256  0.00344138  0.0171755 
262 0.00115499 0.589479 0.020342 0.0517961 0.00298357  0.00656461  0.00148397  -0.011953  -0.00490362  0.0068284  -0.00141895  -0.0100146  0.00466278  -0.00469104 
264 -0.000419285 0.296596 0.0184738 0.0390962 0.0088731  0.00510925  -0.00503184  -0.00693339  0.00575056  0.0024715  -0.00152874  -0.00273327  -0.00253567  -0.0103749 
267 -4.75862e-05 0.258241 0.00678377 0.0441349 -0.000502102  0.00179078  0.00359805  0.00348691  -0.00193441  0.000472857  0.000826151  -0.00295377  -0.00110159  -0.00169403 
268 -0.000208439 0.0761379 0.0188 0.0446707 -0.0111525  -0.00469432  0.00512908  0.00551358  0.0049449  0.00585256  0.00697501  -0.00467216  0.0017832  0.00423716 
269 -0.000175236 0.404893 0.00816612 0.0469461 -0.0055008  -0.000848129  -0.00241601  0.00294771  -0.00181301  0.000149942  0.00157758  -8.24529e-05  0.00091269  -0.00381355 
270 -0.000166104 -0.00966077 0.0184025 0.0487769 -0.00119761  0.0119477  1.69562e-05  -0.000752447  0.00266488  0.0109402  0.0054178  -0.00470557  -0.00395225  -3.43883e-05 
272 -8.11692e-05 0.234315 0.00928803 0.050451 0.00141852  0.000505392  -1.10545e-05  -0.00378153  -0.00188204  0.00138923  -0.000899841  -0.00108362  0.00552684  -0.00563008 
273 0.0009954 0.961133 0.0428393 0.0512492 -0.00695812  -0.0151969  -0.0112233  -0.00817479  -0.0101666  0.00416608  -0.0047678  0.0222776  0.0138391  0.0230607 
275 -0.000234099 0.455064 0.00648919 0.0403927 -0.00285516  -0.00124249  0.0017203  0.00157609  0.000413628  0.00349488  0.00237886  -0.00247982  -0.0016203  -0.00038892 
276 9.03223e-05 3.12146 0.0307726 0.0431937 -0.00538034  0.0155935  -0.00163048  -0.0200744  0.0040157  0.00578607  0.00243657  -0.00812596  -0.011301  -0.0044636 
280 -0.000238287 0.401621 0.00968547 0.0421352 0.00203924  -0.00131637  0.00373127  -0.00413232  -0.00247618  0.00542322  -0.000667923  -0.00295228  -0.00283559  0.00204282 
281 0.000399282 1.14665 0.0321328 0.0448742 0.0143267  0.00695751  0.0015305  0.00866484  -0.00910826  0.00452916  -0.00814606  0.0204732  -0.00847576  0.00637253 
282 -1.33694e-05 0.496383 0.000439937 0.0401807 -6.39591e-07  2.51598e-05  -2.14675e-05  -0.000200748  -5.78014e-06  0.000169559  -1.93413e-05  0.000122649  0.000162764  -0.000285409 
283 -0.000675107 0.357986 0.0195918 0.0403468 0.0092919  0.000517541  0.00208038  -0.00526603  0.0131216  -0.00368084  0.00529599  0.00624765  -0.000812453  0.00342122 
284 0.000485903 0.648167 0.0169711 0.0479916 -0.00600514  0.00124207  0.0113936  0.00505414  -0.00516905  -0.00416208  0.000159853  -0.00304776  -0.00324826  0.00558096 
285 -0.00018277 -0.522652 0.0273433 0.0426311 -0.0143155  -0.00633857  0.0106341  -0.00366058  0.0148363  -0.00683816  -0.00739489  -0.000553874  0.00733719  -0.000600597 
286 -6.57475e-05 0.494764 0.0011744 0.0447236 -0.000202798  0.000289602  0.000545823  -0.000437555  0.000201508  -0.000135079  0.000508011  0.000594243  -0.000299631  7.0833e-05 
287 0.000599396 1.03592 0.0358401 0.0454527 0.00968216  -0.00365805  -0.00996811  -0.0102395  -0.0118596  -0.0153511  0.00933163  -0.0183213  0.0122607  -0.00487796 
288 0.000126939 0.529368 0.00386252 0.0382979 -0.00167996  0.00107969  -0.00216593  -3.7689e-05  -0.00075162  0.000418477  -0.00014122  0.00174264  -2.43535e-05  -0.00156239 
294 -0.000832177 0.331881 0.0236677 0.0366033 -0.00647194  0.00105924  0.0121306  0.00446358  0.00925989  -0.00897539  0.00368852  -0.00758004  -0.00620581  -0.00861374 
295 8.38573e-05 2.43022 0.0254436 0.0466082 0.00972147  0.00873132  -0.00153816  0.0048825  -0.00310573  -0.00757066  0.00126261  0.0164994  0.0103432  -0.00163189 
301 -0.000699037 0.173797 0.0302088 0.0456998 -0.00564173  0.0115292  -0.0167559  -0.00615399  0.00596084  -0.00107075  0.00478041  -0.00633463  -0.0126483  -0.0130211 
302 0.000447512 0.635902 0.0155984 0.0527992 -0.000247286  -0.00156842  -0.000595669  0.00268519  -0.00416229  -0.00118008  -0.00452174  0.0129671  -0.00459954  0.0021817 
303 -4.45981e-05 0.447652 0.00305609 0.0483771 -0.000863241  0.000198651  -0.0002681  -0.00138799  -0.000142522  0.00122611  0.00128182  -0.00179388  -0.00030701  -0.000278711 
308 -7.30006e-07 0.396136 0.000550713 0.0488358 -0.000357848  9.77744e-06  0.000137161  0.000171107  -2.1871e-06  -0.000297569  -0.000112496  1.637e-05  0.000107953  -0.000117955 
309 -0.000347177 0.43635 0.00940564 0.0488433 -0.00587264  0.00511382  0.00042155  -0.00127988  -0.00250592  -0.00259006  0.00155949  -0.00108249  -0.00270024  -0.00145882 
310 0.000665101 0.534755 0.00962553 0.0522772 0.00300561  -0.000126487  -0.00021952  0.00139731  -0.00344007  -0.0017532  -0.00395304  -0.00178377  0.00143464  0.0067695 
312 0.000579902 0.641139 0.0180955 0.0454756 0.00325402  -0.00762942  -0.00592511  0.00189593  -0.000208104  -0.00391884  -0.00609295  0.00230798  0.00294671  0.0123861 
320 0.000234244 0.697286 0.0135961 0.0385784 0.00331934  0.00150075  0.000748861  0.00357157  -0.0011417  -0.00356922  -0.0088322  -0.00134586  0.00477552  0.00644975 
322 -5.9639e-05 0.276205 0.00730689 0.0354129 -0.00283939  -0.00201277  0.00177531  0.000416703  -0.000448405  0.000780534  0.0055548  0.000808909  0.00233745  -0.000409562 
325 -2.00934e-05 -1.87041 0.0138028 0.0362452 0.00399013  -0.00826248  -0.00394523  -0.00145033  -0.00708209  -0.000899174  0.00255275  -0.00152655  -3.45818e-05  -0.0053708 
326 -0.000379849 -0.7185 0.0430277 0.0365214 -0.00165452  0.026986  -0.00789059  0.00183279  0.00902744  0.0226685  -0.00945316  -0.00253498  0.0187946  -0.0032242 
328 -4.23638e-05 0.173546 0.00743781 0.0413972 0.00288722  0.00139365  -0.0025012  -0.00106639  -0.00100921  -0.00204792  0.000361897  0.000890845  -0.00307063  0.00469933 
330 0.000152065 0.704135 0.011143 0.0419058 -0.00377568  -0.00264233  -0.00282569  -0.00242351  -0.00318711  -0.00453054  5.42212e-05  -0.0054847  -0.00337515  -0.00411237 
331 2.48634e-05 0.506133 0.000781172 0.0400505 0.00042326  -0.0001899  5.00022e-07  -0.000108417  -0.000369034  -6.59824e-06  1.86919e-05  0.000175308  -0.000445627  0.000131791 
333 -4.45184e-05 -1.76455 0.020081 0.0397389 -0.00468493  0.00466965  0.0065657  -0.00528306  -0.00736486  0.0142593  -0.00136341  0.00533954  0.000484881  -0.000548146 
335 0.000209174 0.542056 0.00593345 0.0402951 0.00304063  -0.00119564  0.00133285  0.00105845  -0.00260235  -0.00206252  -0.00149496  -0.00266387  0.000230468  0.00110618 
336 -3.17373e-05 0.392545 0.0036935 0.0376105 -0.000307701  0.00131772  0.000964596  0.00105277  9.42287e-05  -0.000649934  0.00268563  0.000585683  -0.0013352  -4.93986e-05 
338 0.000206178 0.730936 0.0138005 0.03803 -0.00209236  -0.00491088  -0.00749982  -0.00142384  -0.0029811  -0.00251175  -0.000692493  -0.000274054  -0.0092154  0.0017348 
340 -0.000124226 -0.367975 0.020768 0.0352154 0.000408176  -0.0122981  -0.00186686  0.00252927  -0.00949763  -0.00364839  0.0047014  0.00677263  0.00583466  -0.0080304 
341 1.69947e-06 2.45232 0.00364302 0.0369373 0.000508995  -0.00128938  -0.000445125  -0.000336843  -9.1447e-05  0.000810038  -0.00130485  -0.000338896  0.00280088  0.00084351 
342 -1.07332e-05 0.0601271 0.0043457 0.0369142 -0.0019949  -6.53449e-05  0.00188129  -0.00235018  -0.00100323  -0.000457108  -0.00154317  0.00113817  0.000189964  0.000954068 
345 0.00023666 0.573787 0.00835875 0.0370593 0.000400195  -0.00530923  0.00363544  -0.000926239  -0.000998515  0.00292027  0.000870307  -0.000313543  -0.00218454  0.00350619 
348 0.000151173 0.693076 0.0108052 0.0337159 0.00298561  -0.00210838  0.00259524  0.00436279  -0.00509907  -0.00456994  -0.000414563  -0.00505749  -0.00220991  -0.000325339 
350 5.90592e-05 0.972439 0.0105643 0.0313943 0.00153841  -0.0066991  -0.00229344  0.00182366  0.00415134  -0.00330802  0.00199376  -0.00343429  -0.00303244  -0.00162251 
351 1.53841e-05 0.506292 0.000622315 0.0304392 3.72251e-05  0.000150488  0.000249072  0.000502129  -2.33198e-05  4.4298e-05  0.000183788  -2.96026e-05  4.47007e-05  9.95679e-05 
354 -0.000415659 0.391147 0.0134575 0.0301854 0.00674881  0.00022026  -0.00187092  -0.00019701  -0.00522832  0.00399169  -0.0023729  -0.00261889  0.00818028  -0.0030486 
358 0.000656042 1.09381 0.0394672 0.0364267 -0.00941857  -0.00941095  0.0148873  0.0152681  0.0207324  -0.00160818  0.000617876  0.0121555  -0.0185694  0.000513726 
359 1.42042e-05 0.529557 0.00129593 0.0259052 -0.000444843  -3.6305e-05  -0.000411355  0.000110325  0.0001591  0.000923231  0.00018535  -0.000213818  -0.000435226  0.000389481 
361 2.95039e-06 0.997979 0.00242424 0.0256296 0.000310636  -0.000375363  -0.000639221  -0.0007956  0.000231945  -0.00160289  -3.7096e-05  -0.000333848  0.00126808  0.000504033 
362 1.08854e-05 0.519378 0.000918591 0.0255719 -0.000304406  0.000470172  5.87469e-05  -9.94576e-05  -0.000196775  1.8274e-05  -0.000285737  9.43051e-05  -0.000600345  -0.000163502 
363 0.000140189 1.38185 0.0222361 0.0253582 0.00145609  0.00584108  0.00918246  0.00161076  0.00692595  0.00873103  -0.0147281  -0.00280148  0.00222396  -0.00416954 
366 -5.60713e-05 0.290147 0.00686072 0.0224245 -0.00302931  0.00283464  -0.000696155  0.00177736  2.9757e-05  -0.0024482  -0.00138468  -0.0014109  -0.00326404  -0.00237855 
370 1.15098e-05 0.53553 0.001279 0.0236418 -0.000466358  0.000232547  -0.000319912  0.000775891  -0.000239334  0.000423352  -0.00021852  -0.00035485  -0.000319622  0.00038417 
371 -0.000188596 0.293074 0.0124953 0.0233971 -0.00511784  -0.00240692  3.41899e-05  -0.000669844  -0.00470868  0.00711392  -0.00374972  -0.00442257  -0.00340143  -0.00239315 
372 -1.54066e-05 -0.885108 0.00923899 0.02713 -0.00343445  -2.40334e-05  0.00117807  0.000831652  -0.00491951  0.000999946  0.00550253  0.00133163  -0.00266294  0.002672 
373 -0.000248258 0.399074 0.0100132 0.0274125 -0.000306408  0.00489337  0.00415881  0.00576116  0.000161875  0.00307118  0.00161032  -0.0019923  -0.00289897  0.00114642 
374 7.73696e-05 0.899543 0.0111196 0.0316186 0.00220983  0.00537216  0.00434966  0.00196786  0.00493083  -0.00467475  0.00153162  0.000359497  0.00311031  0.00296568 
379 0.000414938 0.563367 0.0102585 0.0303705 0.00192219  -0.00239531  -0.0027107  -0.00366449  0.00182514  -0.000932285  -0.000365074  0.000422316  0.00489944  0.00681991 
380 -0.000947718 0.15603 0.036122 0.0225281 -0.0160743  -0.00552338  -0.00362511  -0.00901165  -0.0145377  -0.00668841  0.0223425  0.00747982  0.00942789  -0.00463228 
385 -8.99271e-06 0.123255 0.00368129 0.0381534 -0.000793328  4.55695e-05  -0.00234727  -0.000147144  0.00130097  0.000458733  0.000309912  0.00149851  -0.00177172  -7.4975e-05 
388 4.69134e-06 0.573251 0.00117243 0.0382711 -0.000433859  2.06293e-05  0.000445139  -1.24765e-05  0.000477952  -7.37797e-05  -0.000719679  0.000105353  0.000432694  -0.000193593 
390 -2.64798e-05 0.400223 0.00325097 0.0382097 -8.7257e-05  -7.85884e-05  -0.00121246  -0.000709154  0.000352751  0.000502887  0.00151427  -0.000221414  0.0020714  0.00125379 
391 -0.000984885 0.267888 0.0302531 0.0385547 0.0017215  0.00243024  -0.000955549  0.0159466  -0.0084411  -0.0230781  -0.000444371  -0.00378106  0.00484358  -0.00306043 
392 0.000866733 0.626489 0.020945 0.0497175 0.00972998  -0.00363813  -0.00077147  0.00149973  0.00256948  0.00235864  -0.0153638  -0.00606449  -0.00333592  -0.00564107 
393 1.10698e-05 20.6161 0.0298432 0.0400684 -0.00960595  0.0127031  0.0100165  -0.013645  0.0139785  -0.00366303  -0.00964101  0.000656607  -0.00360133  0.00594069 
396 0.000436561 1.00597 0.0297214 0.03993 0.0153313  -0.0150087  -0.00305157  0.000419664  0.00438021  0.00116101  -0.00583141  -0.00761326  -0.0135329  0.0108591 
397 -0.000238391 -0.0228626 0.0223303 0.0340285 -0.00641289  0.0087719  0.00246703  0.00342621  0.00425125  0.00946141  -0.00920958  0.0109971  -0.00288444  -0.00640944 
398 0.000490361 0.67369 0.0184582 0.0373679 0.0111273  -0.0043879  -0.00138816  -0.00138267  0.00335015  -0.00126641  0.0106794  -0.00214687  0.00718398  -0.00327104 
401 0.000302368 1.13803 0.0277766 0.0301018 0.00763214  -0.00932751  -0.0106164  -0.00497615  -0.0163793  0.00960978  -0.000534786  -0.0097373  0.00274985  -0.00505196 
402 -0.000228938 0.446812 0.00698133 0.0245723 0.00106462  0.000518031  -0.000556888  -0.000320436  0.000623987  -0.00232377  -0.00297135  0.000470486  -0.00509319  -0.00247877 
403 -5.35141e-06 -2.97361 0.0086229 0.0288576 -0.000585439  0.0026137  -0.00444274  0.00118854  0.0050451  -0.00323407  -0.000743397  0.00261961  -0.00153484  0.000588744 
404 -0.000195623 -0.905212 0.0331593 0.0289502 -0.0158331  0.00930806  0.0111318  -0.0216049  -0.00302104  0.00461342  0.00865003  -0.00247491  -0.00568582  0.00527601 
407 -6.36922e-05 0.470919 0.00272236 0.0321521 -0.000739437  0.000865094  0.000400898  0.000212826  -0.00129003  -0.000546604  0.00165081  0.000198405  -0.000525316  -0.000952169 
408 5.97977e-05 0.546454 0.0033336 0.0331278 3.24409e-05  -0.000516346  0.000358102  0.00250535  -0.000370269  0.00127288  0.000694726  0.00103351  -0.00106087  -8.16365e-05 
409 0.000423605 0.81287 0.0230233 0.0322126 0.00369492  0.00542287  -0.00231034  -0.00239308  0.00306995  0.00576017  -0.00721197  0.00502791  0.0188131  0.00145615 
414 9.37652e-06 0.76205 0.00313504 0.0247818 -0.000641791  0.000346892  0.000848601  0.00185136  0.000944583  -0.000985972  -2.01022e-05  0.00165864  0.000339537  -0.000646096 
417 -0.000318052 -0.0448646 0.0263302 0.0245919 -0.00316055  0.00481267  -0.00604651  0.0109513  0.0200559  -0.00649475  -0.00143456  -0.00651377  0.00134059  0.00359608 
419 -4.04177e-05 -1.32015 0.017154 0.0303787 -0.00715091  -0.00313818  8.02053e-05  0.00187163  -0.0101933  0.000129092  0.00390248  -0.00634927  -0.00145185  -0.00825817 
421 -3.18799e-06 -14.3656 0.0137681 0.0310368 -0.0018376  -0.00944975  0.000260056  0.000894444  0.00228641  0.00056067  0.00691569  0.00642491  -0.000484841  -0.00106602 
422 0.000196484 0.694377 0.01236 0.0310881 0.00670743  -0.000393924  -0.00395333  0.00364895  -0.00257592  -0.00260693  0.000781172  0.00793819  -0.00081302  -0.000981306 
428 -0.000422214 -0.41195 0.0392463 0.027749 0.0126925  0.0139813  0.0165602  -0.017506  0.00495515  0.0205044  0.00620875  -0.00680136  -0.00167754  0.00838991 
429 0.000511816 0.81293 0.0253094 0.0345298 -0.00776953  -0.0115874  -0.0053462  0.0158068  -0.00839248  0.00171767  -0.0035455  -0.00889265  0.000238106  -0.0015505 
431 -0.000333221 0.0354983 0.0248845 0.0260888 -0.00162011  0.00759346  -0.00362673  -0.01922  -0.00716327  0.00577761  -0.0017844  0.00637945  0.00637745  0.00267301 
432 -8.43807e-05 -0.099251 0.0142221 0.0318418 -0.00183872  -0.00209959  0.000418751  -0.00176959  0.00288782  -0.00594739  0.00496553  0.0102604  0.00276724  -0.00314193 
433 -0.000129023 0.474809 0.00360692 0.0331404 -0.00216513  0.000518717  0.000527489  -0.000905839  0.00115088  -0.00123887  0.00162156  0.000706386  0.000874428  0.000449252 
435 -0.000144639 0.0211891 0.0166445 0.0350331 0.00388912  0.00305251  0.000984658  -0.00381948  -0.0106505  0.00367497  0.000449097  0.0012561  -0.00876712  0.0056089 
436 0.000227691 0.542722 0.00623949 0.0370401 0.00176215  0.000147183  -0.00308823  0.00201615  0.00183723  -0.000318454  -0.00366031  0.00198703  -0.00106382  -0.000497652 
437 -0.000177313 0.430841 0.00700507 0.0338275 0.00143839  0.00184409  0.00274803  -0.00250226  0.000837147  -0.00296115  0.00223553  -0.00141  -0.00211066  -0.00297969 
439 -1.16681e-05 0.492756 0.000581535 0.0363542 0.000134105  -7.81352e-05  0.000206847  -0.000254157  0.000187029  6.85478e-05  -4.35029e-05  -0.000159446  0.000305009  -0.000216072 
440 0.000214864 1.65869 0.0315537 0.0365144 0.00266486  -0.00348813  -0.000232143  0.0270184  0.00180489  0.00151981  -0.00132912  0.00755054  0.00307207  -0.0131355 
442 1.25221e-05 0.538657 0.00139151 0.0334434 3.04541e-06  0.0010547  -2.75932e-05  0.000343313  -0.000224162  -0.000364496  -0.000231775  -0.000280464  -0.000581581  0.000227059 
446 -0.000311751 0.097672 0.0224009 0.0332556 0.00282803  0.00778758  0.00938759  0.000888281  0.00141296  0.00219721  -0.00141792  -0.0114494  0.0141766  0.00182728 
447 -9.80263e-05 0.319931 0.0084032 0.0376528 -0.00259838  0.0055291  -0.00402402  -0.000630081  -0.00394035  0.000430837  0.000495351  -0.000285804  -0.000748448  0.000319867 
453 -0.000316147 -2.09824 0.0573142 0.0389328 0.00608054  -0.0270907  0.00320992  -0.00189415  -0.0223719  0.0019056  -0.0170123  -0.00470764  -0.00708926  0.040425 
456 0.000177062 0.737164 0.0129602 0.0428014 0.00636021  -0.00643803  -0.0023522  0.00197364  0.00353326  -0.00102966  -0.0044589  0.00271415  -0.00370082  -0.00470643 
457 -3.57177e-06 -19.1258 0.0167448 0.0406807 -0.00785746  -0.00893173  -0.00651649  0.000918236  -0.00308009  -0.000293859  0.00211879  0.00277767  0.00295375  -0.00806604 
458 -0.000406968 -0.053048 0.0300076 0.0407246 0.00861944  -0.000180064  0.015245  -0.00220271  0.0167561  -0.00443664  -0.00956414  -0.00685952  -0.00729461  0.00983246 
464 0.000386208 1.48284 0.0389591 0.0454482 -0.0165729  0.00636496  0.00344131  0.00422909  0.0171626  0.00940181  0.0238641  -0.00594302  -0.00655012  -0.0119267 
468 1.68494e-05 0.724141 0.00388672 0.0409806 0.000564001  0.00182284  -0.000244193  0.00109152  0.00211917  -0.000312068  -0.000690422  -0.00144236  -0.0004265  -0.00169925 
469 0.000390115 0.578415 0.011064 0.0407745 -0.00268721  0.00591859  -0.004872  0.00390752  -0.00110288  -0.00404066  0.0035373  -0.0019565  0.00141751  -0.00229441 
472 0.000107408 0.519951 0.0029286 0.0356724 0.000979412  0.00149069  -0.000863795  6.81905e-05  7.93697e-05  -0.000557116  0.000670807  0.00178683  -0.000563419  0.000606311 
477 6.73427e-05 1.01141 0.0117368 0.0341338 0.00773578  0.00111285  0.00324349  -0.00219024  0.000550898  -0.00179591  0.00165208  0.00309049  0.00253283  -0.00625546 
481 -0.000134463 0.120462 0.0142882 0.0331327 0.00332333  -0.00458915  0.00324165  0.00207579  0.00380912  -0.00732509  -0.00794714  0.00471377  -0.00191981  4.18605e-05 
485 0.000112997 3.05128 0.0339547 0.0351034 -0.0142955  0.0161521  -0.00688736  -0.0109763  -0.00545036  0.003167  -0.00205615  -0.00966342  0.0181151  -0.0073658 
486 0.000178736 0.613481 0.0090078 0.0334553 0.000725759  -0.000828829  -0.00222024  0.0015411  -0.00358266  -0.00738826  -0.00136136  -1.90995e-05  0.00146783  -0.00109195 
488 6.68496e-06 23.2076 0.0246404 0.0306682 0.0042401  -0.00250772  0.00403775  -0.007863  -0.00128006  -0.00803285  0.0103781  0.00587747  -0.0172006  0.000690895 
490 -3.54556e-05 -2.42273 0.0203592 0.030559 0.00575346  0.00651087  0.00288692  -0.00311774  -0.00024683  0.00566481  -0.00568965  0.0139853  0.00182342  0.00758358 
491 2.25114e-05 0.52246 0.00142219 0.0311337 0.000344778  -0.000623956  -0.000270642  -8.89807e-05  -0.000421965  0.000412305  0.000367776  4.17014e-05  -0.000729229  0.000645335 
492 -4.48591e-05 0.460315 0.00266872 0.0307701 -0.000180841  -0.000749557  0.00021622  -0.000627627  0.00057367  -0.000709296  0.000958373  0.000684906  0.00026276  -0.00194885 
498 -0.00012314 0.346843 0.00868621 0.0314906 -0.00108587  0.00449152  0.000459954  0.00347703  0.00192133  -0.00273237  0.000354923  0.00385875  0.000335724  0.00393828 
499 0.000112863 0.539493 0.0042231 0.0333887 0.00138441  -0.000564865  -0.0010832  -0.000190058  -0.00331842  2.71487e-05  -0.000142304  -0.00140881  -4.10446e-05  -0.00117054 
