generation s h r distopt trait[0] trait[1] trait[2] trait[3] trait[4] trait[5] trait[6] trait[7] trait[8] trait[9] 
4 -1.59609e-05 0.402165 0.00249925 0.15 3.23824e-05  0.000124787  -0.000177567  0.000600271  0.00058672  0.00173617  -0.000675312  -0.000804373  0.000936898  -0.00070598 
5 0.00949563 0.658855 0.077752 0.200048 -0.0383727  0.00446464  -0.0230976  -0.0121329  -0.0405735  -0.0234023  0.00218092  0.0173888  -0.0147094  -0.0339838 
10 0.0169635 0.646568 0.0999547 0.417011 -0.0245836  0.00236962  0.0328773  0.0643121  0.0122861  0.0433105  0.0119245  -0.043368  -0.00853075  -0.00644213 
11 0.0171035 0.766199 0.134761 0.445292 -0.0358151  -0.0160733  -0.0670477  0.043102  0.0631448  -0.0689406  0.0200055  0.0307863  -0.0132132  -0.0018842 
17 0.0268056 0.544081 0.0707895 0.715599 -0.020943  0.022918  0.0104917  -0.0160888  0.0266264  -0.0209367  -0.0313787  -0.0369421  0.000223054  -0.0134787 
18 0.0377926 0.578289 0.110845 0.745762 -0.0314963  -0.00790774  -0.00503192  0.00873129  -0.0298651  -0.0470072  0.0657151  0.0106333  0.00839491  0.0593881 
19 0.0281919 0.513107 0.0429383 0.769056 -0.0226002  0.00192146  -0.0213829  -0.0125297  -0.00524438  -0.0147868  0.00854493  -0.00701123  0.00489342  -0.0179649 
20 0.127478 0.545533 0.17018 0.79923 -0.078494  -0.0853806  0.0113049  -0.0150411  0.000302475  0.0215016  -0.10238  0.0454365  -0.0463371  -0.000636278 
21 0.0215876 0.522406 0.0462787 0.768802 -0.0145539  0.0265804  -0.0105284  -0.0113529  0.0176754  0.00139687  0.00480763  0.0190369  -0.00703047  -0.0153081 
24 0.0913073 0.514727 0.0946397 0.901194 -0.0551419  -0.00525304  0.0424261  0.0260113  -0.00714921  -0.0162337  0.0441361  -0.0158514  -0.0297556  0.00354771 
26 0.01643 0.57041 0.0687008 0.948884 -0.0145611  -0.0346118  0.0352591  0.0101779  0.0215645  0.0108839  0.0180476  -0.0127358  -0.0216659  0.0205473 
29 0.0868791 0.508356 0.0790658 1.08657 -0.0407744  0.0237803  -0.000339625  0.0404936  -0.0155946  -0.00973151  0.0131149  0.00147536  0.0252595  0.0351197 
30 0.00110539 0.50282 0.00361531 1.0964 -0.000654391  -0.000461934  -0.000592441  0.00227367  0.000338789  0.000431053  0.000225228  0.000307264  0.000797532  -0.00241382 
31 0.0424437 0.500699 0.0313063 1.14485 -0.0187517  -0.00690294  0.0158454  -0.00792962  -0.00708784  0.00420349  -0.00270006  0.00727737  -0.0117514  -0.000773746 
33 0.0362013 0.520214 0.0592136 1.22465 -0.0153271  0.0273284  0.0403233  -0.00762676  0.0212625  -0.00744727  0.0103706  -0.0113519  0.00927842  0.00320847 
34 0.0380186 0.506707 0.0411935 1.25917 -0.0130517  -0.00590273  -0.00269896  -0.00425728  0.0141285  0.00775488  -0.0122281  0.00532678  0.025629  0.0192823 
38 0.119044 0.502365 0.085933 1.44158 -0.0348542  0.0048774  -0.0490179  -0.0327554  4.72786e-05  0.026474  0.0243903  -0.0047608  0.0323842  0.0174082 
40 0.00893153 0.500983 0.00863123 1.50123 -0.00267009  -0.000385262  0.00249484  -0.00447456  -0.00308629  0.0027543  0.00376778  0.00189755  0.002151  0.00119974 
41 0.0864956 0.50401 0.0690627 1.54792 -0.0343804  -0.00715701  -0.00726177  0.0411775  0.0124652  -0.0222722  0.00399695  0.00336155  -0.0162807  0.0290574 
42 0.0869606 0.498119 0.0533711 1.52088 -0.02795  0.0312891  0.0115652  0.0154614  0.00985477  0.0126306  -0.00805083  0.00223551  -0.0170616  -0.00989421 
44 0.0149941 0.505963 0.0215807 1.49322 -0.00399755  -0.00146245  0.00985306  0.00163775  -0.0113264  -0.000880886  0.00393456  0.000582879  0.0127032  -0.00644893 
46 0.0783414 0.501266 0.0567934 1.48823 -0.0294352  0.0205512  -0.0127064  0.0265074  -0.0181799  -0.0195785  -0.00440169  0.00863015  0.00194644  0.0161601 
47 0.112641 0.496489 0.0647746 1.46267 -0.041795  0.0143992  0.0132389  0.0273649  -0.0158854  0.00551964  0.00461947  -0.0237256  -0.00411543  0.0208205 
50 0.0600245 0.514699 0.0715789 1.42571 -0.0203731  -0.0287871  -0.0331354  -0.00922239  0.000294779  0.00526185  0.0215332  0.030321  0.0350196  0.0077192 
53 0.0248768 0.504221 0.0267722 1.40512 -0.00923727  -0.0107051  -0.00341202  -0.00870654  -0.000306134  0.00884922  0.0154802  -0.00658817  0.000760452  0.008207 
56 0.114831 0.517339 0.115888 1.39635 -0.0483772  -0.0650864  -0.0556188  0.0181685  0.0272627  -0.0137161  -0.0417328  -0.0204054  0.00388265  0.0180395 
58 0.0130258 0.517084 0.0311132 1.35687 -0.00485289  -0.00084247  -0.0102927  -0.0031934  -0.00311226  -0.00479537  -0.0134158  -0.00319569  0.0242674  0.00398151 
59 0.0606184 0.495597 0.0263685 1.35209 -0.021573  -5.44393e-05  -0.00101405  -0.000965493  -0.00405838  0.000776972  0.00545782  0.0106515  0.00271073  -0.00776375 
60 0.012479 0.513141 0.0269946 1.33015 -0.00211098  0.00672349  0.00585656  -0.0173631  -0.00503058  -0.0129948  0.00489928  0.00149277  0.00798372  -0.00768953 
61 0.0303204 0.525883 0.0594742 1.32548 -0.0122153  -0.00836692  -0.00998157  -0.0019314  -0.0322133  0.0146348  -0.01864  0.0348074  0.00360277  0.0197673 
62 0.0155507 0.499608 0.00974009 1.31416 -0.00552953  0.00275308  0.000509857  -0.0017853  0.00206742  -0.00328302  -0.00232966  0.00155398  0.00441251  -0.00330182 
63 0.23565 0.488173 0.111175 1.30828 -0.0765828  0.0433881  0.0201773  -0.0444595  0.0310819  0.031667  0.00814533  -0.0060262  0.0107468  0.00644241 
65 0.100962 0.502157 0.073845 1.22474 -0.0415865  0.0215334  0.00582552  -0.0204411  0.000497494  0.0208842  0.0177708  -0.0336836  0.00423334  0.030058 
66 0.0349787 0.509793 0.0440166 1.18483 -0.0156241  0.0301336  0.00678006  0.0123837  0.0109396  0.00222849  -0.000938425  0.00371523  0.0203513  -0.00569996 
73 0.0711852 0.508951 0.0694569 1.17023 -0.0285769  -0.00740135  -0.0297  -0.0230293  0.0086907  0.0211995  -0.0434717  0.00327336  0.0106841  0.000899813 
74 0.134122 0.510085 0.113939 1.14047 -0.0516224  -0.0382667  0.0305126  -0.00626398  5.28761e-06  -0.00493331  0.00495111  -0.00881821  -0.0850915  -0.0227022 
78 0.0734358 0.518254 0.0876308 1.08389 -0.0380775  -0.0247073  -0.0511541  0.0037643  0.021097  -0.000988722  -0.034085  -0.00471235  -0.0281885  -0.0237329 
79 0.0578397 0.507543 0.0572395 1.05069 -0.0292299  -0.026157  0.0158577  -0.030227  0.00135103  0.00333464  0.0104372  0.0141942  -0.00757534  0.0138527 
83 0.0456964 0.513375 0.0582038 1.02358 -0.0152674  0.018738  -0.0098478  0.0149568  -0.0421597  0.00447487  0.00120763  0.007555  0.00909172  -0.0233266 
84 0.0580254 0.5444 0.10767 1.00151 -0.0346036  -0.0362791  0.0392195  -0.0568346  -0.014595  -0.0549933  0.0144751  0.0161192  -0.0216911  0.0115661 
87 0.0352627 0.581068 0.108726 0.972948 -0.0368687  -0.0226532  -0.0500868  -0.0124629  0.0289044  -0.00847224  -0.0118548  -0.0526785  0.0191765  0.0556262 
88 0.0322761 0.771923 0.186829 0.954972 -0.056904  -0.00297447  -0.123933  -0.0768798  -0.0325917  0.000374405  0.00496596  -0.043313  -0.0854614  0.0110253 
91 0.02978 0.507662 0.0364663 0.938193 -0.0145453  -0.00539547  -0.00838444  0.00689501  -0.0099544  -0.00330115  -0.0217383  0.0110802  0.0126998  -0.0102312 
92 0.0521034 0.508822 0.0555097 0.922421 -0.023275  0.000292295  0.0223164  -0.0224625  0.000252684  0.0365736  0.00283738  0.00259554  -0.0119009  -0.00654339 
94 0.0574089 0.541184 0.103638 0.894466 -0.0280895  -0.003405  -0.0429976  0.0419042  0.000878105  0.0519139  -0.00233328  -0.0199545  0.0308697  -0.0477812 
98 0.00869421 0.501393 0.00925779 0.862698 -0.00419669  0.00249986  0.000121742  -0.00325131  -0.00463358  -0.00172286  0.00198068  0.00123882  0.00447353  -0.00116223 
100 0.00986767 0.514173 0.0245939 0.857666 -0.00750403  -0.00784993  0.00173172  -0.0159947  -0.0118752  0.00621181  0.00538713  0.00355042  -0.00080828  -0.00249237 
101 0.0173853 0.502035 0.0169941 0.851922 -0.00815375  0.00320966  0.00613378  0.0076731  0.0015299  -0.00345528  0.00934135  -0.00332279  -0.000531282  -0.00162823 
106 0.0318093 0.518885 0.0534302 0.841745 -0.0101757  0.0185345  0.0111017  0.0243626  -0.0246906  0.0268007  0.00673271  0.0176572  -0.00114818  -0.0021449 
108 0.0138056 0.51625 0.0313866 0.822935 -0.0133814  -0.0112406  -0.00353427  -0.00618743  -0.00861145  -0.000642877  -0.0218911  0.00461552  -0.00730261  0.000715012 
109 0.0866931 0.541635 0.131412 0.814561 -0.0510037  0.069742  0.0239056  0.0316491  -0.0116998  0.070434  -0.0228926  -0.0299674  0.0193362  0.0365629 
110 0.0226499 0.502503 0.0217947 0.761821 -0.0143361  -0.00562524  0.00828257  0.00267268  0.00296303  0.00115533  -0.00344338  -0.0017958  0.0110386  0.00387926 
112 0.0178466 0.555523 0.0638989 0.746977 -0.00269912  0.0128099  0.0149897  -0.015267  0.000247889  -0.0370177  0.0319571  0.0299817  -0.012744  -0.000990255 
113 0.0223618 0.509611 0.0330848 0.735041 -0.0103757  0.024029  0.0040958  -0.00676891  -0.00567394  -0.0126575  -0.00224716  -0.00372597  0.00908533  -0.00728555 
114 0.0123078 0.511277 0.0250312 0.71984 -0.0128591  -0.015227  -0.000310251  -0.00102502  -0.0032433  0.00894526  -0.000769331  0.0087364  -0.0055502  0.00547157 
116 0.0293119 0.51252 0.043172 0.711292 -0.0242101  -0.00424252  0.007533  -0.0269773  0.00538566  0.00923542  -0.00419988  -0.0184436  0.00132862  -0.00114288 
123 0.0187974 0.554068 0.0647988 0.690685 -0.0111116  0.0169962  -0.00116609  0.0175903  0.0225451  -0.0423594  0.0162223  0.0225005  -0.0199897  -0.00203656 
124 0.00951762 1.39868 0.184261 0.67707 -0.00861462  -0.002732  -0.0381181  0.127869  -0.0141725  -0.00620305  0.0523644  0.0698816  0.078981  -0.0443156 
127 0.0483491 0.561557 0.11279 0.670038 -0.0676566  -0.0441684  -0.0137313  -0.00272695  0.0218511  -0.0511531  0.0330323  -0.00961366  0.0134778  0.0392186 
129 0.0235596 0.595846 0.095856 0.633825 -0.0360005  0.00869136  0.0105736  -0.0119424  -0.0544563  0.03227  0.0465528  0.0147669  0.0208807  0.027098 
130 0.012667 0.571289 0.0605553 0.615181 -0.0156763  0.00648815  0.00787696  0.0228165  0.010759  -0.0238124  -0.0158389  -0.0353412  -0.00883745  0.0231454 
135 0.0101261 0.524385 0.032146 0.604864 -0.00378882  -0.00536671  0.00740149  0.0185646  0.00343857  -0.00782973  -0.0116129  -0.00681133  -0.0128079  -0.0131285 
138 0.0268895 0.594048 0.101592 0.596477 -0.00863186  0.05453  0.024349  -0.00453849  0.0049318  -0.0243819  0.0156343  -0.0586619  0.0364569  -0.0320306 
139 0.0331255 0.540058 0.0758214 0.573804 -0.00931672  0.0127658  -0.00339739  -0.0530194  0.0280482  0.028338  -0.0170132  -0.00749968  -0.00209191  -0.0271422 
141 0.053808 0.650349 0.181002 0.544667 -0.0708499  0.0201696  0.0200251  -0.027953  0.113414  -0.000799829  -0.0547679  -0.00987609  0.100957  0.000450314 
142 0.0298587 0.551921 0.0808583 0.494218 -0.0113505  -0.00928163  0.00506296  -0.0179626  -0.00717391  -0.0165825  0.0227938  0.0420405  -0.048238  -0.0321632 
144 0.0142899 0.551082 0.0547604 0.463498 0.0030215  0.00425453  0.0150515  -0.0221167  -0.0232956  0.013801  0.00880473  -0.00710204  -0.0123915  -0.0352293 
146 0.00509459 0.527603 0.023957 0.44793 -0.0043316  -0.00142886  -0.00427299  -0.00052329  0.00249942  0.00238635  -0.0226415  -0.000619099  0.00289336  0.00112497 
147 0.0415797 0.561437 0.104054 0.442221 -0.079695  -0.0313967  -0.0189904  -0.0262324  -0.0169641  -0.0137486  0.000838639  0.0288376  0.0100538  0.032114 
148 0.0384941 0.570594 0.106601 0.393473 -0.0673915  0.0205066  0.025891  -0.0103955  0.00957391  0.0571635  0.0200969  -0.0377279  0.0208139  -0.00182093 
153 0.0243287 0.573597 0.0857829 0.342125 -0.0371524  -0.053014  0.03119  -0.016121  0.0220268  0.0168144  -0.011617  0.0217683  -0.0127787  -0.0198798 
154 0.0262758 0.720032 0.151979 0.304979 -0.0407453  -0.0709274  0.0474897  -0.0229692  -0.0663169  -0.0633019  -0.0159637  0.00886619  -0.0400752  -0.0572663 
155 0.00513116 0.878086 0.0880104 0.258989 -0.0336164  -0.0175688  -0.0129083  -0.00423593  0.000437894  0.016734  -0.0501094  0.0508313  -0.0112029  0.0249408 
156 0.000218185 2.57342 0.0425321 0.248912 0.0211453  0.0160697  -0.013661  0.02417  -0.00835418  -8.9041e-05  0.00124702  -0.0100355  0.0110511  0.00621392 
158 0.00314553 0.523752 0.0174157 0.248474 -0.00696865  -0.000131683  0.00970666  0.00488699  -0.001014  -0.00305862  0.0101925  0.00378945  0.00215794  0.00182682 
159 0.00696566 0.643459 0.0632881 0.242071 -0.0293484  -0.0188923  0.00261899  -0.0080611  -0.0218851  0.0125716  -0.0125612  -0.0269844  -0.00427142  -0.0342653 
161 0.00586714 0.543457 0.0321538 0.227282 -0.0109707  0.0111945  -0.00626337  -0.00104256  -0.000594041  -0.00379888  -0.0182818  0.00398981  -0.0108989  -0.0162532 
162 0.0148247 0.610925 0.081439 0.214026 -0.053787  0.0236423  0.0241286  0.00862811  -0.0287794  -0.0160224  0.0203625  -0.0263516  0.0178919  -0.00308981 
163 -0.000674731 -0.0641559 0.0390265 0.176327 0.01091  -0.000408523  -0.0120758  0.0188372  0.0178949  0.00839034  0.0144327  -0.00598123  -0.00291579  0.0161245 
164 0.00570819 0.528065 0.0255952 0.178231 -0.0122623  0.00822631  0.012787  0.00264555  0.00993479  0.00202872  0.00456937  -0.00184324  -0.00293094  -0.0114406 
167 0.00195556 0.541568 0.0180758 0.161475 -0.00325108  0.00631642  -0.000688438  0.00122526  -0.00104839  -0.012053  -0.00307515  0.00754526  -0.00774649  -0.00123332 
168 0.00121862 0.664726 0.0283395 0.155308 -0.000576097  -0.00673048  0.0116841  0.0107721  0.00250286  -0.00445071  -0.00345454  -0.000107766  -0.020915  0.00542984 
169 0.00281106 0.543542 0.0221994 0.151336 0.0029291  0.00951682  0.00687749  -0.00779077  0.00229852  -0.000352828  -0.011888  0.00163941  -0.00993545  -0.00612668 
170 0.00244825 1.56734 0.102123 0.141759 -0.0225055  0.0526719  0.00131459  0.0207515  -0.0626856  0.00195556  0.041589  -0.0224461  0.0234047  -0.00112672 
171 0.00096122 0.51907 0.00858761 0.132854 -0.00088201  0.00493776  0.00149373  0.00090055  -0.000910808  0.00332008  -0.00238253  0.00100311  0.00388163  0.00345588 
172 0.000318475 0.543473 0.00744461 0.129188 -0.00459669  -0.00318405  -0.000643657  -0.00040722  0.00011731  0.00171652  -0.00421034  0.000428883  0.00150722  0.000656951 
173 0.00365963 0.630174 0.0436841 0.127949 -0.0172889  -0.00123618  0.0216056  -0.0185644  0.0210817  -0.00284132  -0.00305363  0.0116268  -0.00110608  -0.0140776 
174 0.00102897 0.606993 0.0209916 0.112775 0.00272878  0.00566301  -0.000500064  0.00401854  -0.000639811  0.0151839  0.00177639  -0.00290791  0.00651785  0.00998402 
175 0.00117707 0.893595 0.0430388 0.108119 -0.0287901  -0.00929644  -0.0119212  0.00912346  0.011469  -0.00478105  -0.0141308  0.0175877  -0.00601354  -0.0034822 
178 -0.000167995 0.370169 0.00934152 0.102534 0.00656215  -0.00216135  0.00369424  -0.00346411  0.000611268  -0.000849539  0.0030679  3.8824e-05  0.000289292  0.00181405 
179 -7.18538e-05 0.394904 0.00549635 0.10335 -0.000439024  0.000297551  0.00111132  -0.0017326  -0.000293791  0.0030139  0.00236093  -0.00279426  -0.000695611  -0.00162973 
180 0.0019616 1.73098 0.0981813 0.103697 0.0445525  0.027021  0.042596  0.0123428  0.0415599  -0.00703824  -0.0155232  0.0309325  0.0103851  0.0433052 
181 0.00267763 0.573435 0.0280887 0.0937735 -0.0116002  -0.000491703  -0.0140654  -2.90014e-05  -0.00625494  0.00130549  0.00105638  -0.00386511  -0.00344618  -0.0196868 
182 0.000781152 2.86015 0.0858207 0.0782268 -0.00775216  -0.0112802  0.0198975  0.0105909  -0.0121381  0.0271159  -0.0400673  0.00640806  -0.0636815  0.0092405 
185 0.00101922 0.780799 0.0338313 0.0730656 0.0113207  0.0133779  -0.0115972  0.0178554  0.0161696  0.000739023  -0.00622648  0.00169681  0.00860375  0.00253772 
187 0.0010067 0.714386 0.0293815 0.0657258 -0.000950898  0.0115495  0.00466161  0.000791254  -0.000393994  -0.0114619  0.00729324  0.00463095  -0.00992812  -0.020047 
188 0.000347349 1.26546 0.0326077 0.0575646 -0.00919458  0.00964957  0.00353682  0.00937679  -0.0177802  -0.00459347  0.0108731  -0.0148585  -0.0047618  -0.0092879 
192 6.90484e-05 3.41385 0.0283669 0.0544646 0.017242  0.00248216  -0.00801424  -0.00686995  0.00292916  -0.0056239  -0.014835  -0.00366329  0.00445986  -0.00980891 
193 -0.000145863 -3.28141 0.0469663 0.053827 -0.0136581  0.0133836  0.00936538  0.0015918  0.00814588  0.0311091  0.0105448  -0.00645769  -0.0164931  -0.0170551 
194 0.00168521 0.643612 0.0311216 0.0551654 -0.00368951  0.00284209  -0.00304072  0.000635012  0.00326117  -0.00303123  -0.00271617  0.00813496  0.0223272  0.0185831 
195 -0.000222484 0.250046 0.014916 0.0368704 0.00147117  0.00112098  0.00146021  -0.00570244  0.000117261  0.00185265  -0.00582008  -0.00705188  0.0020267  0.00965707 
199 0.000339941 1.10247 0.028619 0.0397735 0.00954  -0.00444479  0.00182167  -0.00863067  0.00326066  -0.00270937  0.00613979  0.0204867  0.010179  -0.0071754 
200 0.000221921 0.7836 0.0158662 0.0352427 -0.00664614  -0.00434274  -0.00779158  -0.00572921  -0.00149854  0.00275012  -0.00444958  -0.00524023  -0.00442536  0.00430359 
210 -0.000417674 0.40776 0.0124186 0.0319399 -0.00443045  0.00455695  0.000977893  0.00587137  0.00534513  0.0014787  -0.0040637  0.0043965  -0.0031254  -0.00142479 
212 -0.000130562 -0.443453 0.0221974 0.0379199 0.00552582  -0.00263295  0.00472272  0.00790854  0.00142767  -0.00440717  -0.00721602  0.00387133  0.0129079  -0.0107367 
215 -0.000233046 0.196093 0.0168329 0.0396041 -0.00274873  -0.00458936  0.00166228  0.00903661  -0.0022104  -0.00547809  0.00710054  0.00109219  -0.00915349  0.000118425 
217 0.000140637 0.663921 0.00960291 0.0424448 -0.00138659  -0.00675406  -0.00214397  -0.000990092  -0.00290333  0.00327643  -0.0034676  -0.00228017  -0.0011845  0.00114378 
218 -0.000678945 0.197976 0.0286471 0.0407545 0.0114704  -0.0123397  -0.000306008  0.00127789  0.0022979  0.0116616  0.0176121  0.00503246  -0.0072519  -0.00239047 
219 0.000695988 0.784178 0.0281252 0.0483747 -0.00128046  -0.00342791  -0.0127596  -0.0140043  -0.0106672  -0.00180208  0.00869002  0.00534389  0.0130394  0.00525092 
220 -0.000129474 -0.110399 0.0177803 0.0405507 0.000827218  0.00424064  -0.0074565  -0.00631935  -0.00691011  0.010698  0.00316656  -0.00259716  -0.00353941  0.00323116 
221 -1.62109e-05 0.460709 0.00159623 0.042117 0.000535642  -0.000729114  -0.000197476  -0.000400951  -0.000337684  0.000694501  3.27165e-05  -0.000639035  0.000218332  -0.00069008 
222 -0.000410186 0.173753 0.0231397 0.042309 -0.00595219  -0.00640979  -0.0056392  0.00820842  -0.00134648  -0.00431366  -0.00202929  0.00534146  0.0146875  0.00953738 
223 0.000327714 0.57091 0.00964313 0.0469076 -0.00249713  0.001364  -0.00289984  0.00322564  0.00230624  0.000248971  -0.00525534  -0.00444038  0.00361529  -0.000541608 
225 0.000427872 1.2067 0.0347729 0.0432743 -0.0117894  0.00850654  -0.00189625  0.000456024  -0.0132078  -0.0011454  0.0175482  -0.0160099  -0.00549268  -0.0149606 
227 -4.08562e-06 0.482762 0.000530769 0.0380116 -6.23809e-05  0.000213385  8.43101e-05  3.62396e-05  2.44306e-05  -0.00018318  0.00023714  0.000249205  -0.000226345  -0.000141942 
231 -0.000732964 -0.476902 0.0535204 0.0380653 0.00498331  -0.0090307  0.0235653  0.00661475  0.0133516  -0.0351653  -0.0154338  0.00803397  0.0173419  -0.0118578 
232 0.000117918 0.811429 0.0121197 0.0467141 -0.00346362  0.00331367  0.000426265  0.00255906  0.00135977  -0.000599213  0.00782285  -0.00362024  -0.00320352  0.00551417 
233 4.61916e-06 5.98027 0.0100626 0.0454345 0.000668843  0.00250377  0.00429664  0.00362597  0.000135469  0.002949  0.00262864  -0.00434061  0.00231062  0.00480892 
235 0.000634426 0.615484 0.0171219 0.0453836 -0.00153252  0.00193765  0.00166397  0.00317634  0.00134189  0.0102788  -0.00350192  -0.00784976  -0.00962297  -0.000510248 
238 0.00046989 1.01891 0.0312263 0.0377551 0.00254605  0.00586277  -0.0060986  -0.0163378  0.00667221  0.0115019  0.00161105  0.00238865  0.00496678  -0.020502 
239 -0.000790616 0.244773 0.02842 0.0309139 -0.00995397  0.00138497  -0.0104959  -0.00197088  -0.00897421  -0.00569896  0.00260331  0.0157979  -0.0133691  -0.00667456 
245 -0.000726807 0.435172 0.0137403 0.0417923 0.00270436  -0.00154972  0.00278051  -0.00594622  0.00141966  -0.00282493  0.000807985  0.0101364  0.00246371  -0.00406545 
246 -1.37869e-05 0.339994 0.00297053 0.049736 0.000711103  0.000797778  0.00196456  0.00133344  3.72702e-06  0.000623718  0.0006568  5.27064e-05  -0.00106457  -0.000296476 
248 0.000428393 2.20872 0.0540962 0.0498744 0.0142704  0.0219145  0.0174375  0.0262721  -0.00931073  0.00259415  3.14042e-05  -0.027258  -0.00497404  0.0196738 
249 0.000584332 0.715405 0.022438 0.0453779 0.000385119  -0.00979284  -0.00876718  -0.00783029  0.000144705  0.0041432  -0.00524721  -0.00124197  -0.014876  0.00129638 
251 0.000120108 2.17819 0.0283925 0.0384056 -0.00519629  0.00229922  0.0146724  -0.0138976  0.00549111  0.00418999  0.0071255  -0.00803989  0.0141806  0.00110166 
255 -0.000169114 0.397659 0.00832156 0.0368089 -0.00325791  -0.00166179  0.000930317  -0.00370563  -0.0055276  -0.00109729  0.000554419  -0.000488267  0.00104737  -0.00280615 
256 0.00065112 0.713577 0.023585 0.0390387 -0.000321185  -0.0106911  -0.0101147  -0.00839202  -0.0066268  -0.00388904  -0.0128456  0.00443828  -0.0007578  0.00497942 
257 -0.00110039 0.279443 0.031174 0.0295485 -0.010935  0.00322732  -0.00630774  0.0128388  0.0034316  0.0025993  0.0202653  0.000170819  -0.0139385  -0.00369892 
260 0.000542733 1.95438 0.0561731 0.044431 0.000188689  0.0109787  0.00479311  -0.00151965  0.00646486  -0.00142356  -0.0324034  -0.0242934  0.0339501  0.0131525 
261 -6.88108e-05 0.360349 0.00620012 0.0378355 -0.00377727  -0.00111619  0.00191577  -0.00285607  0.00168484  0.00155057  0.00129146  0.00138873  0.00149488  0.000162783 
262 0.000154501 0.584059 0.00720807 0.0387342 -0.00073284  0.000139423  -0.0016453  -0.000342142  -0.00334266  0.00136233  0.00213121  0.0012087  -0.00454876  -0.00297526 
263 0.000349303 0.558272 0.00902578 0.0366858 0.00479981  0.0040416  -5.16376e-06  -0.00220698  0.00212294  -0.000720529  -0.00146655  0.00465277  -0.00237879  -0.00165449 
269 -2.02729e-05 0.185244 0.00505218 0.0315691 0.00141909  0.00117962  0.00256559  -0.00275961  -0.000175369  0.000919614  0.000151649  0.00128844  -0.00115284  0.00200821 
274 0.000461854 0.676318 0.0180486 0.0318885 -0.00219361  -0.0119266  -0.00834638  0.00137175  0.000268877  0.00637841  -0.00344921  0.00612221  -0.00315572  0.00265703 
279 0.000132884 0.642526 0.00870408 0.0235612 0.000673114  -0.0031715  -0.00295147  0.00621394  0.00240634  -0.00282446  0.000728167  0.00180137  -1.56154e-05  0.000617925 
282 -0.000228351 0.0751066 0.0197015 0.0205489 -0.000154811  0.0130415  0.00574139  0.0006796  0.0028117  -0.00594362  -0.000791329  0.00848556  0.00240522  0.00793551 
290 -0.000158262 0.318438 0.0107218 0.0255075 -0.00491062  -0.00500078  0.00473487  -0.000580745  -0.000212611  0.00102607  -0.00191866  0.00346873  -0.00422779  -0.00289721 
295 -0.000258638 0.458001 0.00659459 0.0284413 -0.00239668  -2.59403e-05  0.002582  0.00013893  -0.00073767  -0.00448296  -0.00268915  -0.000222454  -0.00118451  -0.00131631 
296 2.52444e-05 0.506967 0.000838937 0.0326738 0.000618141  -0.000233899  -6.22491e-05  0.000293711  -0.000101276  -0.000277265  0.000132461  7.07106e-05  0.000250921  6.50206e-05 
299 0.000332172 0.686324 0.0157345 0.0322852 0.00862402  -0.00362308  -0.00696777  -0.00405161  -0.00169297  -0.00676602  -0.00224496  -0.00179444  0.00605826  -0.00122456 
300 -0.000210328 0.0890219 0.0185958 0.0266499 0.00662725  0.00422051  0.00377626  -0.00623589  -1.69325e-05  0.00612681  0.000461341  -0.00134034  0.0136641  -0.00216099 
301 6.68626e-05 0.888253 0.01019 0.0303409 0.00449992  -0.000128974  -0.000504549  0.000934842  0.00590725  -0.00352006  -0.00183178  0.00456655  -0.0032794  -0.000437822 
310 -3.48551e-05 0.150078 0.0069848 0.0292183 0.00483159  0.00127687  -0.00170654  0.000527408  0.000402784  -0.00188612  0.00194124  -0.000958967  0.000862079  0.00338696 
311 -2.65702e-05 -0.69362 0.0112632 0.0298088 0.00597834  0.00105962  -0.000994321  0.000559642  -0.000997163  0.00416858  0.00665249  7.23128e-05  0.00484043  -0.00162229 
312 0.000210079 0.617464 0.00993565 0.0302512 -0.00324304  -0.00174775  0.00320956  0.000699047  -0.00136886  0.00679815  -0.00114114  -0.0010612  -0.00323324  -0.00365849 
316 -0.00020489 0.451389 0.00631385 0.0265533 0.00407769  0.00356362  0.000234131  -0.000636762  -0.000465889  -0.00185618  -0.000456968  0.00127717  0.000992112  0.00189492 
317 -0.000548447 0.30735 0.020564 0.030166 0.00221619  0.00023451  -0.00250016  -0.00807104  -0.0171093  0.00164445  -0.00413527  -0.0038725  0.0004368  0.0043359 
319 -0.000371236 0.409655 0.0115866 0.0381914 0.00610382  -0.00429464  0.00612163  0.0039746  -0.000318054  -0.00234592  0.00211086  -0.0020104  0.00305568  -0.00135534 
320 -0.00023892 0.475587 0.00483343 0.0427772 0.00149916  0.00194411  -0.00161074  0.000128955  -0.00227648  0.00100656  0.000222157  -0.000999658  0.00253295  0.00103142 
322 0.000220337 2.47273 0.0416907 0.0454845 -0.00943669  0.00184389  -0.0204594  -0.013413  0.0131765  0.016252  0.0131977  -0.0171409  -0.00905789  0.00770616 
323 -0.000661381 -0.0617946 0.0385574 0.0429945 -0.0172455  -0.0182841  0.025065  -0.00301763  -0.00350776  -0.00473985  0.006943  0.00613626  0.00875046  -0.00451658 
324 0.000384863 0.725986 0.0186517 0.0501012 -0.00265502  -0.000650118  0.00801524  0.00404816  -0.00146795  -0.00257136  -0.00618511  0.00926425  -0.0110896  0.0019891 
325 0.000245318 0.897425 0.019747 0.0461014 -0.00788798  -0.000768082  -0.00359969  -0.000348595  0.0156085  -0.00474419  -0.0045955  -0.00346555  -0.00178199  -0.00340892 
327 0.00101577 0.589091 0.0190342 0.0433595 0.00433902  0.00543164  -0.00804438  0.00961765  0.00255507  -0.00711989  -0.00315261  0.000604105  -0.00608257  -0.00722751 
328 -1.67657e-05 0.493148 0.000677973 0.0294073 -0.000490737  3.39965e-06  -0.000168292  -3.53488e-05  0.000258602  -0.000233563  0.000146544  -0.000161572  9.2404e-05  0.000108144 
329 -0.000842476 0.224613 0.030474 0.029691 0.00882435  0.000405485  0.013023  0.00150626  0.00744761  0.00677061  0.00871762  0.0181978  0.00876796  -0.0096654 
331 0.00056777 0.633153 0.0173915 0.0415258 0.00599019  0.00512674  -0.00644548  0.0077461  0.0031103  -0.00526187  0.00251149  -0.00199905  -0.00753916  0.00585227 
336 -4.252e-06 0.273453 0.00196294 0.0340115 -0.000286899  -0.000948666  0.000104284  0.00016557  0.000402081  -0.00116404  -0.000577891  -0.000822278  -0.000529984  -0.00015782 
338 5.42162e-05 0.790965 0.00794351 0.0340739 0.00382595  0.00234088  -0.00494379  -0.00277795  0.00279322  -0.00116009  0.000691808  0.000277544  -0.000684665  -0.000807145 
341 0.00013247 0.669442 0.00947554 0.0332689 -0.00369858  0.00277285  -0.000884993  -0.00502172  -0.00247915  0.00124429  -0.00124562  -0.00120029  -0.00449713  -0.00339204 
342 -0.000227476 0.444751 0.00709242 0.0312147 0.000951763  0.00150808  0.000538274  5.97396e-05  0.000200514  -0.00153634  0.00208962  0.00116732  0.00376133  -0.00495497 
343 -4.17855e-05 0.245374 0.00652382 0.0346678 0.000208831  0.00147586  -0.00152712  0.000105295  0.00071338  -0.00461034  -0.00183686  0.00257951  -0.00219432  0.0011782 
348 2.67027e-05 0.520661 0.00148566 0.0352653 0.000176671  0.000175991  -0.000960921  -0.000109564  0.000367669  -0.00030631  -0.000806937  -0.00048081  0.000307298  -6.21191e-05 
349 -0.00014611 0.394799 0.00784208 0.0348847 0.00276077  -0.00144243  0.00163267  -0.000575173  -0.00157086  0.00317951  0.00501566  0.00272283  -2.74376e-05  -0.00191076 
351 -0.000213468 -1.29944 0.0391967 0.0369197 0.00929354  -0.0063701  -0.0183612  0.00997167  -0.00295257  -0.0148024  -0.00966453  -0.00294017  -0.0241866  0.00761582 
355 -6.8235e-06 -0.00100066 0.00369789 0.0397058 -0.00163376  -0.000380529  -0.000453079  -0.000528951  0.00080882  0.00092776  0.000523991  0.000125457  -0.00188729  0.0022379 
356 -0.000124746 -5.3755 0.0541378 0.0397917 -0.0131778  -0.0133043  -0.0236254  -0.00833094  -0.0277532  0.0172393  -0.00161438  -0.0238176  0.0093955  -0.0150695 
358 0.000294483 0.704008 0.0155019 0.0413295 -0.00426151  -0.000997298  0.00762805  0.000661903  -0.000556489  -0.0052881  -0.00577352  -0.00316685  0.00891735  0.00337232 
359 -0.000612723 -0.777233 0.0559489 0.0375991 0.0140511  0.00702739  0.038881  0.000802025  0.021224  0.00505491  -0.00132414  -0.00534691  0.0275344  0.0103243 
362 0.000144656 0.560635 0.00592388 0.0450178 -0.00101802  -0.000457058  -0.00114163  0.00210077  0.0021358  0.00283883  0.00353984  0.00150695  0.000567401  -0.000621826 
364 0.000298884 0.599038 0.0108825 0.0433815 -0.0020714  0.000915264  -0.00560225  0.000768564  -0.0049348  -0.0030629  0.00674022  -0.000983707  -0.00105334  0.000288666 
365 -1.75614e-05 -1.57243 0.0120656 0.0397884 -0.00175675  0.00162803  -0.00561202  -0.00274568  -0.00220666  0.00690301  -0.00184776  -0.0043158  -0.000290386  -0.00511486 
366 -0.000526412 -0.615753 0.0484711 0.0400085 -0.0115819  -0.00470109  0.0034239  0.0268999  0.00821822  -0.00970333  -0.00673861  0.0339591  0.00733782  -0.00661213 
367 0.000845154 0.996992 0.0409809 0.0461219 -0.0100822  -2.39572e-06  -0.00955625  -0.0160877  -0.0124887  0.0198073  0.00947864  0.0068795  -0.00691613  0.0222339 
368 -0.000280602 0.166964 0.0193359 0.0358111 -0.00822013  0.00115057  0.00357669  0.00172673  0.00111804  0.00295736  -0.00450696  0.00892338  -0.0115933  -0.00669843 
371 -1.98283e-07 -9.15044 0.00276659 0.0395357 0.000154422  0.000708381  0.00128085  0.00104001  0.000623718  -0.00158386  -0.00094168  0.00031035  0.000505574  -0.000519508 
372 0.000251918 0.574776 0.00868168 0.0395382 0.000301299  0.00259997  -0.00313522  -0.000361178  -0.00031067  -0.00277064  0.00627689  -0.0023556  -0.00169956  0.00171793 
374 0.00087816 0.931299 0.0389157 0.0362131 0.0174221  0.00259491  -0.0015817  0.00244673  0.00441501  -0.00750724  -0.00255715  -0.0316412  -0.00449626  -0.00958679 
375 -9.16407e-06 0.102233 0.00381847 0.0208234 7.11899e-05  -0.000599373  0.00117032  0.00201836  -0.0015302  -0.000560019  0.000909345  0.00143005  -0.00179261  -0.00018018 
376 -0.000119346 0.432147 0.00569216 0.0210423 0.000525062  -0.00123328  -0.00277765  0.00237151  0.00286042  -0.000835561  0.000847358  -0.000985531  0.00256717  -0.00032362 
378 -3.41754e-05 0.374578 0.00414081 0.0237093 0.000299965  -0.0015032  -0.0018388  0.00177284  -0.000539889  -0.000326424  -0.00235257  0.000443434  0.00146208  7.50473e-05 
379 0.000126133 0.89035 0.0140333 0.0244194 0.00129668  0.00402793  0.00121509  -0.00388539  -0.000435833  0.00633613  -0.0105792  0.00309225  0.000363391  -0.000711951 
382 6.2688e-06 0.555524 0.00117995 0.0216836 0.000135088  -0.000176889  -2.98559e-05  0.000313005  0.000534135  -0.000667572  -2.86021e-05  -0.000245981  -0.000527682  0.000416117 
385 -9.94069e-06 0.459932 0.00126225 0.0215386 -0.000686926  0.000571441  -0.000173369  0.000489991  -0.000326509  -0.000266075  -4.78237e-05  -0.000200081  -0.000466489  -0.0002956 
389 -9.67292e-05 0.320135 0.00834267 0.0217682 -0.000936993  -0.00414497  0.000228507  0.00433769  0.000360822  0.00153137  0.00429032  0.00314961  0.000571535  0.00124291 
392 -4.27052e-05 -0.694954 0.0142872 0.0238869 0.00338952  0.000902242  0.002982  -0.00118793  -0.00485563  -0.00126554  0.0120622  -0.00323742  -0.000134344  -0.000585232 
393 -0.000248256 0.218904 0.016709 0.0247647 0.000216354  0.0115784  0.00292077  -0.00207135  -0.00513635  -0.0072576  0.00261607  -0.00202788  0.00145654  -0.00633495 
394 -0.000863895 0.409874 0.0176617 0.0293527 0.0030352  0.00311645  0.010026  -0.00243105  0.00387421  -0.008511  0.000953751  -0.00586629  0.00257855  -0.0075604 
396 -1.76065e-05 -1.86027 0.0128927 0.0415433 -0.00312204  0.00589543  -0.00329709  -0.00390163  -0.00477898  0.00303603  -0.00414451  -0.00288282  0.00574768  0.00224629 
398 0.000306219 0.766815 0.0180775 0.0417547 0.00052949  -0.00334158  0.00200487  0.00442409  0.0045558  -0.00070664  0.00537617  0.0139744  -0.00666741  -0.00136521 
399 -0.000596249 0.381249 0.0168367 0.0379115 0.0104658  -0.007407  0.00323112  0.00314432  -0.00214225  -0.00589878  0.00200693  0.00257928  -0.00306151  -0.00626985 
400 4.0702e-05 0.508883 0.00120294 0.0450967 0.000223256  -0.000274255  -0.000450466  0.000198623  0.000374831  -0.00059381  -0.000312099  0.00031381  -0.000373539  0.000501117 
401 -0.000183863 0.401414 0.00851632 0.0446431 -0.00162757  -0.00428689  -0.000601395  0.00512137  0.000385164  -0.000955185  -0.00230256  0.00289696  -0.00191702  -0.00254587 
404 -1.26347e-05 0.374157 0.00252193 0.0466571 -0.000170443  -0.00072915  6.90061e-05  0.000849554  0.000506853  -0.000621757  0.00117662  0.000110451  0.000945355  0.00146256 
405 0.000244127 0.540489 0.00628991 0.0467923 3.01768e-05  0.00123851  -0.00223783  -0.00237881  -0.00108091  0.00316307  0.00292636  0.000887342  0.00182705  0.0018706 
411 -3.51082e-05 0.130723 0.00720137 0.044107 0.00132849  -0.00508996  0.0013447  -0.00278417  -0.000412063  0.000639235  0.00261681  -0.00248939  -4.80698e-05  0.00100096 
412 1.55389e-05 13.2152 0.0281111 0.0445032 0.0157888  0.00465358  -0.00962307  -0.00603749  -0.00542773  0.00355604  -0.0100283  -0.00783081  -0.0131989  -0.00346932 
413 -2.7407e-05 -8.44694 0.0313166 0.0443283 -0.00156944  0.0039869  0.00415672  0.00571757  0.00373694  -0.000379669  0.0109156  0.00504178  -0.0154777  0.0226752 
414 3.76003e-05 5.56876 0.0276091 0.0446363 0.0138424  0.00559337  0.0023783  -0.0124396  -0.00123573  0.00201087  -0.0107376  0.000987689  0.013634  0.00843998 
415 -0.000621713 -0.342233 0.045769 0.0442131 -0.0301852  0.00615337  0.00188183  0.0241341  -0.00280328  -0.0176277  0.00674178  -0.0133116  0.00421185  -0.000901943 
416 0.000706929 0.759304 0.027077 0.0507613 -0.00636447  0.00457156  -0.0153292  -0.0110513  -0.00455239  0.0100722  -0.00253921  -0.00696411  0.00954302  -0.00681551 
417 5.67233e-05 4.95759 0.0318001 0.0432438 0.00509743  0.00278104  -0.0111621  0.000817984  0.0110892  0.00649934  -0.00247441  0.00890285  0.00662011  0.0236187 
421 0.00019306 0.825025 0.0158425 0.0425829 -0.000415231  -0.00348985  0.00738666  0.0018791  0.00210073  0.00146256  -0.00796936  0.00221897  0.00923294  -0.00450602 
423 0.0004347 1.43169 0.0402423 0.0402525 -0.00913091  -0.0206794  -0.00584666  0.00468843  -0.00278391  0.00824777  0.0163059  0.0148089  -0.0115826  -0.0188982 
427 -0.000103521 0.0466726 0.0137013 0.0344334 0.00678437  -0.00185563  0.00125286  0.00317144  0.00336254  0.00885796  -0.00154671  0.00276687  -0.00517676  0.000104035 
429 1.7188e-05 0.612662 0.00278312 0.0359053 6.70178e-05  0.000187458  -0.000565441  0.00080263  0.000430064  -0.000689077  -0.00113702  -0.00152758  -0.000945725  -0.00124968 
432 0.000129499 0.619635 0.00787237 0.0356651 0.00398166  0.00168125  -0.00153575  -0.00386983  -0.00366666  0.000648439  -0.000540987  -0.00115094  0.00292494  0.00138647 
436 -0.000235832 -0.103498 0.0238611 0.033801 -0.00696407  0.00987416  0.00139634  -0.00918748  0.010359  -0.00335436  0.00679701  -0.00421415  0.0120385  0.00309025 
438 -8.29205e-05 0.475149 0.00287167 0.0371264 0.00120257  0.000910135  0.000551546  0.000736489  -0.000862897  -0.00121186  0.000741772  -0.000495744  0.000898435  -0.00114411 
441 0.000306019 0.618049 0.0120218 0.0382269 -0.00505281  -0.00581532  0.00285163  -0.000480187  -0.00484513  -0.00531115  0.000210106  0.00284388  -0.0041106  -0.000315012 
444 0.000238868 0.912054 0.0198411 0.03399 -0.00293895  -0.0115504  0.00398676  -0.00841637  0.010222  0.00133958  -0.00527775  -0.00333725  -0.0014212  0.00419439 
446 -0.000156874 0.444726 0.0058906 0.0302734 -0.000812315  0.000550148  -0.00229202  0.00106031  0.00288608  0.0010486  -0.00102553  -0.0034726  0.00218811  -0.000177453 
447 0.000145347 3.15797 0.0393054 0.0327623 0.0205315  0.0116083  -0.00472305  0.00952352  -0.00854545  -0.00636516  -0.0239698  -0.00270037  -0.00434749  -0.0127017 
448 -4.40481e-05 -0.225366 0.0113051 0.0304636 0.00196025  -0.00254341  -0.00140126  -0.00125309  -0.00318085  -0.00847864  0.0031855  0.00116958  0.00165169  0.00420854 
450 -0.000180602 -0.0252412 0.01948 0.0311782 -0.00202288  -0.00817237  0.00268474  -0.00959418  -0.0040492  0.00139675  0.00760272  0.00285565  0.0110868  -0.00145434 
453 -0.000384082 0.361612 0.0145849 0.0339514 0.00492712  -0.00736501  0.0030989  -0.0019257  -0.00705972  0.000397445  -0.00538249  0.00229374  0.00335378  0.00504078 
454 0.000342814 0.645198 0.0141111 0.0392027 0.000812915  -1.48491e-06  -0.00204072  -0.00113541  0.00635926  -0.000507187  -0.00356551  -0.00730527  -0.00903535  -0.00214337 
455 0.000378733 0.605645 0.0126524 0.0345557 -0.00296529  0.000840477  -0.00320629  -0.00144111  0.00134418  0.00139206  0.00732699  0.00701144  -0.00557043  -0.000779023 
458 1.74417e-06 0.54995 0.000590326 0.0285559 0.000262698  0.000166787  -9.08893e-06  -5.93055e-05  -0.000219721  0.000159746  0.000155616  -0.000125125  1.91255e-05  0.00036609 
459 0.000196881 0.945137 0.0187223 0.0285253 -0.00610191  0.00993286  0.00312173  -0.00753124  0.00624693  -0.00106757  -0.00173299  -0.00159826  0.0028168  0.00972165 
462 7.27347e-05 1.06123 0.0127779 0.0248361 0.00616669  -0.00133175  -0.0034782  0.00103943  -0.00180547  0.00517774  0.00176159  -0.00113117  -0.00666858  -0.00560128 
463 -0.00130813 0.325439 0.0302448 0.0233259 -0.0116657  -0.0031931  -0.0061545  -0.0207852  0.0082406  0.0015239  0.00511644  -0.0100807  0.00872624  -0.00493779 
465 -0.000347952 0.331518 0.0153163 0.0430475 0.00220595  -0.00304362  -0.00173544  0.00763348  0.00826856  -0.00863097  0.00354442  -0.00185951  0.000459687  -0.000286265 
467 0.00127453 0.606073 0.0232637 0.0469159 0.0014302  0.000735667  0.00350951  0.0136178  -0.00955122  0.00543271  -0.000619714  0.0123345  -0.00301033  0.00765023 
468 -1.58308e-05 0.492974 0.000667103 0.030453 0.00019754  3.07983e-05  -6.237e-05  -0.00015298  -0.000206625  -0.000174828  -7.27348e-06  0.000120934  0.000407719  0.000351556 
469 1.77595e-05 10.2236 0.0262808 0.0307118 -0.00437796  -0.00463046  0.0106782  0.00614363  0.00452437  0.012442  -0.00740567  -0.00599775  -0.00604864  -0.0139867 
470 -9.18143e-05 0.192863 0.010621 0.0304213 -0.00306481  -0.00559424  -0.00262306  0.00547512  -0.00206919  -0.001303  0.00090767  -0.00162343  -0.00489519  0.0013632 
472 0.000145088 2.44155 0.0335641 0.0318948 -0.00478246  0.0234287  0.0132762  0.00549271  -0.0114011  -0.00381745  0.00170199  -0.00143427  -0.0131074  -0.00519895 
473 0.000173747 0.567366 0.00684321 0.029533 0.0013757  0.000759495  -0.0054391  -0.00204455  0.00257768  0.000498241  -0.00113753  0.000713294  -0.000681014  0.00119873 
474 1.46435e-05 3.33998 0.0128975 0.0264285 0.00036072  -0.0031494  0.00326031  -0.00621915  0.00472259  0.000138718  -0.000311762  0.00819412  -0.00371112  -0.0019113 
475 -6.78965e-06 0.466126 0.00095916 0.02615 0.000376391  0.000511027  -0.000110921  -0.000271314  -0.000295027  -0.000278109  0.000345907  0.000102197  1.92658e-05  -0.000369326 
478 3.40786e-05 6.95224 0.0296551 0.0262795 -0.00897509  -0.018473  -0.00218042  -0.00853367  -0.00951422  -0.00508003  -0.00931058  0.00744892  0.00850336  0.00701652 
479 0.000457521 0.641631 0.0161008 0.025623 0.00882333  0.0075611  -0.00461095  0.00292839  0.00481011  -0.000796485  -0.000826779  -0.00235007  -0.00208909  0.00774818 
480 4.59491e-05 1.08882 0.0104029 0.0141109 -0.00289003  0.00645125  -0.00181412  -0.00459076  0.000481221  0.00301351  0.00369765  0.00276502  0.00175844  -0.000401001 
481 -0.00052431 0.239891 0.0233614 0.0123762 -0.00253452  0.00880804  0.00589697  -0.00190356  -0.00219061  -0.0056734  0.0181177  -0.0035975  -0.00597777  0.00307189 
482 0.000270889 1.10369 0.0255739 0.0260311 0.0142398  0.000611203  -0.00818961  -0.00330812  -0.00099886  0.00216263  -0.0166286  0.00436016  0.00346823  -0.00772265 
484 -1.18671e-06 0.254802 0.00107885 0.0201684 -8.26649e-05  -0.000562505  0.000165729  -6.48912e-05  0.000604001  0.000398671  3.41338e-05  3.5536e-06  -0.000393987  -0.000358941 
485 5.18019e-05 0.584345 0.00418064 0.0201978 -0.00184543  -0.000948939  8.13858e-05  0.00282981  0.00139927  -0.00121236  0.000686639  0.00109509  -0.000106728  -0.000217594 
486 -4.37214e-05 -3.26532 0.0256605 0.018872 -0.0110453  -0.00291272  0.006307  0.0107942  -0.00968024  0.000796698  -0.0128647  0.00388984  -0.00201471  0.00962567 
489 -9.50129e-05 0.399224 0.00618921 0.0199968 -0.0041903  0.000981351  0.00152138  0.000687412  -0.00100982  0.00251128  0.000564743  -0.000385717  -0.00117883  0.00279534 
491 -0.000242293 0.122912 0.0191186 0.0222462 -0.00104889  -0.00882502  0.00573404  -0.00260958  0.00206768  -0.00276384  0.00785223  -0.00844085  -0.0100533  -0.000980356 
492 0.000104581 1.13364 0.0162804 0.0271517 0.00309173  0.00621159  -0.000389967  -0.00984693  -0.000460309  -0.00354229  0.00184093  -0.00159662  0.00739966  0.00680743 
495 -0.000169505 0.315584 0.011183 0.0251523 0.00362759  -0.00546334  0.00436147  0.00115576  -0.00321403  6.12404e-05  0.00708658  -0.000188018  -0.000195972  0.00103328 
