generation s h r distopt trait[0] trait[1] trait[2] trait[3] trait[4] trait[5] trait[6] trait[7] trait[8] trait[9] 
2 0.0502071 0.670445 0.185616 2 0.0208601  -0.00114506  0.0260082  0.0888055  0.0736334  -0.00192745  -0.00536606  -0.108491  -0.0415004  -0.080665 
3 0.295455 0.476961 0.098068 1.98772 0.0677461  -0.0141844  -0.0189626  -0.0146155  0.024727  0.0387485  -0.00841414  0.0296655  -0.00813806  -0.0335181 
4 0.231432 0.51538 0.185394 1.9215 0.0668056  -0.076309  -0.0124552  0.0699968  -0.045298  -0.0639981  0.059059  -0.0828789  0.0412261  -0.0287399 
5 0.0864853 0.49545 0.0439315 1.86654 0.0206238  0.021778  -0.00730776  -0.0121457  -0.00312295  -0.00516108  0.00910841  0.0157764  -0.0194156  -0.00917732 
6 0.170848 0.512667 0.142806 1.84419 0.0560305  -0.0406914  0.0124272  -0.0194899  -0.0253632  0.00064668  0.066304  -0.0547301  0.0774649  -0.0320594 
7 0.0315168 0.500208 0.0225215 1.80092 0.00802742  -0.000700244  -0.0105557  0.0035518  -0.0155321  -0.000544394  0.00222967  0.00637287  -0.00506274  0.0023438 
8 0.0160632 0.500408 0.0123673 1.79228 0.00340653  0.00707546  0.00128307  0.000952146  0.00374052  -0.00110269  -0.000978251  -0.00132226  -0.00103411  0.00835159 
9 0.0537994 0.517177 0.0705035 1.78783 0.0143458  0.00906137  0.007447  0.00391778  0.0516765  0.0348441  0.00202625  0.0120854  -0.0236687  -0.00413338 
11 0.0448629 0.758601 0.214699 1.77311 0.0316802  0.0564991  0.00689422  0.0157256  0.0131263  -0.0581997  -0.0787132  0.0429124  -0.00838806  -0.173025 
12 0.365952 0.477337 0.142437 1.76069 0.0956679  -0.00500994  -0.0299192  -0.000371742  0.0422972  -0.0106375  0.041182  -0.0545318  0.0385334  0.0464631 
14 0.0472802 0.845397 0.253726 1.66979 0.020809  0.104237  0.00407173  0.091807  0.0135431  0.0312348  -0.203909  0.0237791  -0.0322196  0.0170744 
17 0.041156 0.562986 0.104691 1.6559 0.0371625  0.0373129  0.000633745  0.0187704  0.0328347  -0.051407  -0.0177819  -0.0248371  0.0284929  -0.0486676 
18 0.0558886 0.496423 0.0264669 1.64367 0.0144778  -0.00969951  0.00319147  -0.00185372  0.0101716  0.00561633  0.0103209  8.61972e-05  0.00537674  0.0106183 
19 0.0474323 0.561643 0.111723 1.62705 0.0186162  -0.0367525  -0.0168937  -0.0450753  -0.00347015  -0.0355379  -0.00460816  -0.0815941  0.0122107  0.0190944 
20 0.192563 0.503858 0.134894 1.61274 0.0732267  0.0261373  0.00244068  -0.014795  -0.01048  0.000656538  -0.019084  -0.0982876  0.0113523  0.0407739 
21 0.129949 0.547181 0.174414 1.55719 0.0348353  -0.0354311  0.0835132  -0.0682216  -0.0997923  0.0524356  0.0313321  -0.0229009  -0.0133792  -0.0439289 
23 0.129974 0.496907 0.0771413 1.51745 0.0458504  -0.0147004  0.00406592  0.00738194  0.0548923  -0.00769529  -0.00207725  0.0174238  -0.0068718  -0.0115713 
25 0.257487 0.549475 0.266611 1.47664 0.0909554  -0.0071843  -0.0757348  -0.0520972  -0.0248137  -0.0342252  -0.0508837  -0.0382801  0.171557  0.137963 
29 0.0505882 0.687241 0.194941 1.39691 0.0223584  0.0290876  -0.134217  -0.0472201  -0.0197246  -0.024483  0.0126201  0.0857554  0.0321805  -0.082914 
31 0.0860909 0.506474 0.074472 1.37913 0.0263407  0.00528137  0.0342198  -0.0148266  0.00527054  -0.0192689  0.00833371  0.0457781  0.029425  -0.00188535 
33 0.0088594 0.560151 0.0464815 1.34886 3.96746e-05  0.00618201  0.00979614  0.0144824  -0.0124032  -0.000426928  0.0348301  -0.0182455  -0.0101599  0.00365057 
36 0.201057 0.500174 0.129945 1.34558 0.0913595  0.0302266  0.031064  0.00190677  0.0319493  -0.04093  -0.0622996  -0.00387562  -0.00249546  0.00763594 
41 0.093115 0.591133 0.190432 1.27569 0.0455875  0.0133358  -0.0249614  -0.098018  -0.0287884  0.00122768  0.072577  -0.081474  0.0206587  0.103031 
46 0.00990226 0.569049 0.0526223 1.24031 0.00122523  0.0122979  0.0307371  -0.014886  0.0301433  -0.00515493  -0.000729134  0.0213924  0.00607781  0.00443847 
47 0.105274 0.523776 0.120447 1.23633 0.0502358  0.0149114  0.0340573  0.0488118  -0.0209179  0.0371936  0.0134238  0.0252329  0.045742  -0.0590655 
50 0.0343815 0.722342 0.1747 1.19516 0.0115916  0.0253754  -0.0206697  0.0221383  0.0267272  0.164672  -0.0263775  -0.00845725  -0.00540481  0.0140262 
51 0.00873973 0.525821 0.0306021 1.18094 0.00711816  0.013586  -0.00142243  0.0110037  -0.00083716  0.00284584  0.00610391  0.00416544  0.0166697  0.0153899 
52 0.0895892 0.518471 0.10005 1.17725 0.00935035  0.0269313  0.000413098  -0.0172836  -0.0306919  0.00746793  -0.0271355  0.0501087  -0.0680097  0.00530165 
56 0.0342835 0.509196 0.0425181 1.14022 0.00877568  -0.00709552  -0.00242393  0.0196658  0.0125189  0.0030788  -0.00346479  0.0288532  0.00851234  0.0143051 
57 0.0100388 0.516896 0.0269242 1.12534 0.00379944  0.0189113  -0.00782655  -0.0026634  0.00482982  -0.00770924  0.0068253  0.0110208  -0.0054654  0.00195363 
58 0.0471148 0.506753 0.0479879 1.1209 0.0160078  0.0013946  -0.0104492  -0.0213992  0.0126436  0.0119484  0.0285355  0.00816466  -0.0169542  -0.00255514 
59 0.0673382 0.819975 0.290938 1.10017 0.128548  0.158479  0.00771876  0.150553  -0.0855695  0.0746921  -0.0359172  -0.0311631  0.0709663  0.00895194 
61 0.151719 0.507891 0.120071 1.07014 0.0420034  -0.0414419  0.000559385  0.0128643  -0.00570257  -0.0221042  -0.0508432  0.0788894  -0.0360982  -0.0116938 
62 0.0293746 0.513808 0.0449193 1.00197 0.00659877  -0.00479238  0.0258699  -0.0118974  -0.00929009  -0.00624664  0.01903  -0.000230247  -0.0136951  -0.021572 
68 0.0403278 0.504816 0.0392808 0.98742 0.0122114  9.47265e-05  0.0163367  -0.0185041  0.00116419  -0.0151013  0.0168754  -0.00702639  -0.0142579  0.00420943 
69 0.0278313 0.658354 0.133139 0.967193 0.0466703  0.0211652  0.028304  0.0144434  -0.0808067  0.0550179  0.0167101  -0.000150353  0.0504813  0.041301 
71 0.0404074 0.538139 0.0825966 0.952896 0.0385101  -0.0110308  -0.0331229  0.0122169  -0.0445563  -0.0274739  0.00308981  -0.0327364  -0.00201101  -0.0120738 
74 0.178854 0.545155 0.207522 0.931879 0.109891  -0.0637047  0.0694459  0.0625254  -0.0426226  -0.0679035  0.0312346  -0.0348648  0.00190919  0.0978591 
75 0.0102841 0.502363 0.0122087 0.838961 0.00487559  -0.00177751  0.00217915  -0.00148956  -0.000455162  0.00100003  0.00409993  -0.00139806  -0.00600342  -0.00769043 
76 0.0550662 0.522468 0.0790559 0.832841 0.0323022  -0.038015  0.0159699  0.00310786  -0.0430203  -0.00678986  -0.0142509  -0.00245545  -0.0284245  0.0241382 
78 0.0243584 0.618599 0.10812 0.800013 0.0196254  -0.0413024  -0.047776  0.0102604  0.0122583  0.00515905  0.0222707  -0.0707839  -0.0383635  0.00748295 
79 0.0605645 0.590525 0.151519 0.784827 0.0549418  0.0191916  -0.0509726  -0.025113  0.0287701  -0.00152134  0.00922423  0.0621047  0.0812504  0.0704865 
80 0.0246077 0.525944 0.0530789 0.746427 0.00697635  -0.00885081  0.00840871  0.00263563  -0.00833876  -0.00299066  -0.0129118  0.000728269  -0.0351326  0.0336554 
82 0.00493955 1.3513 0.129444 0.729961 -0.0116604  0.0100835  -0.0349803  -0.0112805  -0.00208409  0.0686793  0.0771667  0.0370863  0.0120565  -0.0545043 
83 0.00538512 2.27708 0.194961 0.726578 0.116342  0.0156138  0.0541167  -0.0288469  -0.0468072  -0.0856231  0.0323156  -0.0648581  0.0751899  0.00656785 
84 0.0572471 0.545547 0.108055 0.722873 0.0629369  0.00173007  0.0232364  0.0399326  0.0475475  -0.0239232  0.00014713  -0.0163112  -0.0232435  -0.0440216 
87 0.0217694 0.515636 0.039731 0.683284 0.0184621  0.0151093  0.0177936  0.00201399  -0.00064996  -0.00224686  -0.00330855  0.0190767  -0.00972484  -0.0146229 
88 0.00561635 0.502788 0.00884004 0.667338 0.00300528  -0.00237343  -0.000308787  -0.00595544  -0.00133551  -0.00343832  0.00169281  0.00278345  0.000558769  -0.00184061 
89 0.0106917 0.536 0.0398459 0.663129 -0.0136558  -0.00909458  0.00152257  0.00708021  0.0269887  0.000802725  -0.0188193  0.0115171  -0.00112842  0.00699561 
92 0.0392096 0.918549 0.254183 0.655061 -0.110411  0.001453  0.0873439  -0.0408629  0.0649932  -0.0489161  -0.0509951  0.0288728  -0.171923  0.0592377 
93 0.0526087 0.556609 0.113599 0.625016 0.0453515  0.0375179  0.018364  0.015519  -0.00464142  0.00631566  0.0243743  0.0299488  -0.0851388  -0.00782311 
94 0.0408745 0.54506 0.0895294 0.582557 0.0104657  -0.0171549  -0.0102458  0.0228193  0.0428971  0.0191099  0.0451062  0.0336481  -0.0178797  -0.0359752 
95 0.0973728 0.572443 0.176441 0.547094 0.0498062  -0.119316  -0.102231  0.00293083  -0.0389069  0.0285333  -0.00469874  -0.00363316  -0.0369124  0.0151296 
98 0.0251587 0.616698 0.109041 0.454305 0.031118  -0.00714246  -0.00177862  -0.00792143  0.0222978  0.0780588  -0.0170116  -0.000505829  -0.0333016  -0.0530625 
99 0.0207787 0.5798 0.0822825 0.426081 0.0467247  -0.00642071  -0.0079998  0.0436094  0.0344997  -0.00355728  0.0162907  0.0198342  0.0166715  0.020991 
101 0.0303677 0.843339 0.203273 0.401223 -0.0323928  -0.0252641  -0.0788312  -0.149834  -0.0125393  0.0660578  0.000640104  0.057725  0.0558023  0.000569627 
102 0.0451007 0.559965 0.107416 0.362028 0.064266  -0.0125359  0.00676902  0.0172348  0.0588042  -0.0171082  -0.0230414  0.0111905  -0.0402625  0.0296688 
103 0.0103263 0.585018 0.0595389 0.294874 0.0236137  0.019839  -0.000322452  -0.0273731  0.0300502  0.00409643  -0.0158037  0.0103852  -0.0235223  0.00368707 
104 0.0167088 0.55141 0.0595262 0.276907 0.00642551  -0.0168359  0.0166672  -0.0380594  0.00246036  -0.031433  -0.00906448  0.0118001  0.0082912  0.0144248 
106 0.00155544 0.510849 0.00828575 0.245166 0.00271564  0.00369776  -0.00137453  -1.99186e-05  -0.00294532  -0.00235586  0.00189722  0.00214648  -0.000731601  -0.00476957 
107 0.00135531 0.504954 0.00526815 0.241976 0.00229528  -9.32369e-05  0.000773865  0.00144332  -0.00369921  -0.00150136  0.00027821  -0.000477428  -0.00185873  -0.000309754 
108 0.00741579 1.31391 0.154949 0.239161 0.046491  -0.0692655  0.0098658  -0.000445054  -0.0366336  -0.0581336  -0.0184183  0.00689892  0.0818632  0.0717112 
109 0.0153921 0.589283 0.0746187 0.22318 0.0436533  -0.0148692  0.0113438  -0.0245595  -0.00967504  0.0130125  0.00463056  -0.0232021  -0.0203254  -0.0383871 
110 0.00796651 1.3981 0.168629 0.185835 0.00338113  -0.0697514  -0.044024  -0.0429355  0.0608005  -0.0425258  0.0610827  0.0840379  -0.0221636  -0.0546601 
111 0.00571827 0.590141 0.0455155 0.163094 0.00257315  0.00223602  0.0167079  0.00649974  -0.0317625  -0.00251425  0.0193664  0.0171482  0.000899522  -0.00731659 
114 0.00436721 0.955115 0.0890766 0.144561 0.0477367  -0.0389371  0.0214214  0.0312413  -0.00743278  0.0060991  -0.00220468  0.0432983  -0.0262519  0.0066072 
115 0.00211378 0.672451 0.0381906 0.128608 -0.00044962  0.00749639  0.0168912  0.0198851  -0.0181682  -0.0148225  -0.00577923  -0.00800257  9.11944e-05  0.00861142 
116 0.000895228 1.58057 0.0621788 0.120119 0.013493  0.0214338  -0.00119511  0.00814659  -0.016691  0.032364  -0.0167498  -0.0102286  0.0324895  0.019753 
117 0.00128965 0.554126 0.0167289 0.116334 -0.00404425  0.00725037  -0.0065577  -0.00061489  -0.00443492  0.00965452  0.00236349  -0.00372359  -0.00559044  0.00199205 
119 0.00190914 1.15273 0.0705588 0.110657 0.0064276  -0.00345372  -0.011541  -0.0116478  -0.00242217  0.030302  -0.0150532  0.0275491  -0.0455246  -0.0259677 
120 0.00591849 0.803887 0.0847583 0.101674 0.0183455  0.0404503  -0.00195245  0.0163106  0.0298326  -0.0199742  0.00838129  -0.0281059  -0.0526182  0.00485057 
121 -0.000555913 0.455488 0.00995793 0.0666073 0.000427092  -0.0022487  -0.00140242  0.00685757  -0.00394092  -0.00421061  0.00322214  0.00103004  0.000427052  -0.000206228 
123 0.000155077 1.50658 0.024986 0.0706583 0.00227535  0.00303062  0.00155238  0.00745119  -0.00132407  -0.000715666  0.00369111  0.00192223  0.021479  0.00843073 
126 0.000590465 0.878769 0.0299067 0.0695524 0.000803476  0.00650537  -0.00483257  -0.0146537  0.00468778  0.0076397  0.015345  -0.00472974  0.00970427  -0.0134538 
127 0.0011482 0.577507 0.0188789 0.0651709 -0.00500241  0.00576904  0.00301236  -0.00596347  -0.00642265  -0.00199115  -0.00575053  -0.00903646  -0.00810379  -0.00527801 
129 0.000243512 4.30095 0.0608291 0.055675 -0.00760747  -0.00639929  0.0364469  -0.0138493  -0.031532  0.00580357  -0.0144717  0.0284934  0.00451971  -0.00339068 
131 0.000681146 1.19231 0.0434211 0.0534436 0.0251595  0.0187166  -0.0140131  -0.0155951  0.0128043  -0.0114417  -0.00540604  -0.00255807  -0.00915735  0.00692948 
132 0.000173013 1.4115 0.0251141 0.0466402 0.00636505  -0.000447914  0.0148387  -0.00122801  0.0107118  0.000839946  0.00369333  -0.00890706  -0.0103683  -0.00723767 
135 0.000761424 0.781426 0.0292747 0.0447472 -0.0127988  0.0178994  0.00487337  0.0114151  0.00151122  -0.00906452  0.00995717  -0.00584731  -0.000893017  -0.000418073 
138 0.000309905 0.809023 0.0195714 0.0352303 -0.00596663  -0.00963969  0.000510507  -0.00127317  -0.00685189  0.00260168  0.000394938  -0.0136596  0.00331568  0.00108741 
139 0.000134316 0.545352 0.00493695 0.0305175 -0.0041283  -0.000712828  0.000598185  -0.00192269  0.000123198  0.000640289  0.00110652  0.000133503  0.000954488  0.000435317 
141 4.48452e-06 0.56377 0.00106954 0.0282314 0.000103947  -0.000259119  -0.000329014  -0.000254722  -6.59557e-05  0.000268092  0.000113933  -0.0005444  0.000709543  -6.17756e-05 
142 -4.25464e-05 0.316792 0.00558397 0.0281518 0.00215618  -0.0013784  -0.000228796  0.00203343  -0.000357458  0.00256358  0.00184093  0.00280606  0.00112985  0.00109782 
146 -0.00045885 0.284649 0.0198854 0.0288976 0.000571862  -0.00855033  -0.00695503  0.00953922  0.00445009  -0.00709096  0.00445459  0.00132955  -0.00148659  -0.00941916 
153 0.000461107 1.38572 0.0404109 0.0359726 -0.00695142  0.00130776  -0.00736392  -0.0104412  0.00547681  -0.00883817  0.0023714  0.01212  0.0148276  0.0306476 
155 -0.000763125 0.165281 0.0319731 0.0288622 -0.00863297  0.0159409  0.0103941  0.0123739  -0.0141695  0.0098827  0.00255352  -0.0036045  0.00408074  0.00989346 
156 -6.27792e-05 0.447089 0.00364543 0.0399555 -0.0018158  -0.00197037  -0.0002799  0.00084048  0.000428047  -0.000136527  0.00165457  -0.00105111  -0.000970551  0.000581933 
157 0.00018589 0.636517 0.0100755 0.0407336 -0.00608838  -0.000685378  -0.000517881  0.000808227  0.0052486  -0.00270629  -0.00476114  0.00186171  -0.000899304  0.00111396 
158 -8.4674e-05 0.293977 0.00835375 0.0383843 -0.00561356  0.00157742  0.000847356  -0.00119791  -0.00310951  -0.00120206  0.0014587  0.000304722  5.20416e-05  -0.00450494 
161 -0.00011058 -1.27368 0.0280091 0.0394719 -0.00344881  0.00993229  0.0155039  -0.000321494  -0.00373547  0.00276585  -0.015486  -0.00616102  -0.00801678  -0.00835712 
162 -4.18619e-05 -0.254557 0.0112406 0.0408487 0.000214533  0.00359942  -0.00118574  -0.00869812  -0.00117367  -0.00391343  0.00131285  -0.00162525  0.00306544  0.00241474 
163 0.000147892 0.641768 0.00915802 0.0413579 -0.00256683  -0.00741516  -0.000543976  -0.00301424  -0.000904676  -0.00186927  0.00127212  -0.00134712  -0.0020389  -0.00100595 
164 -9.4646e-05 0.30455 0.00860242 0.0395297 8.63448e-05  -0.00447551  0.00275409  -0.00201285  -0.000113878  -0.00264139  -0.00352397  -0.00361922  -0.00171513  0.00262271 
165 -0.000500419 0.456141 0.00937753 0.0407093 -0.00165793  0.00404368  0.00775037  1.86315e-05  -0.00119683  0.00130132  -0.00148419  0.000716257  0.00138604  0.00100329 
166 0.000940818 0.698344 0.0273212 0.046452 0.00262957  -0.000816545  -0.0101345  0.0102837  0.00984021  0.000841145  -0.00585533  -0.00182237  0.00214116  -0.0197655 
167 -0.00019597 0.457529 0.00577187 0.0348915 -0.00166305  0.00243844  -0.00147787  0.000584621  -0.001744  0.000462477  0.00245822  -0.000830053  0.000421929  -0.00345132 
168 0.000274926 2.69425 0.0491121 0.0375953 0.00469529  -0.0185475  -0.0149989  -0.00796089  0.0361572  -0.00524201  0.00171881  0.00981858  0.0176009  0.00369237 
169 2.47405e-05 5.26493 0.0217143 0.0337419 0.00331111  -0.0109142  0.00690774  0.00104285  -0.00804518  -0.000841668  0.0148569  -0.0024619  -0.00062028  0.000138646 
172 1.62619e-05 0.534815 0.0015049 0.0333733 -0.000461462  -0.000574839  -0.000337186  -0.000486774  -0.000565238  0.000469087  -0.000818271  -0.000138424  7.95059e-05  -0.000368916 
181 -0.000428592 0.0643359 0.0273326 0.0331288 -0.00356671  0.00106938  0.00677469  0.00957787  -0.00706902  -0.00480979  -0.000521925  0.0037393  -0.00836142  0.0209356 
182 -6.65538e-05 0.462387 0.00316477 0.0390666 -0.00193563  0.00116206  0.00114858  -0.000854476  0.00122301  -0.000832923  -4.19604e-05  -0.000661623  -0.000419034  -0.000254489 
184 0.000235288 1.0755 0.0232715 0.0399093 -0.00362912  0.010983  -0.00351583  -0.00610956  0.00494285  0.0151972  0.000578577  -0.00759276  -0.00606177  0.00282161 
188 0.000128483 0.908671 0.014492 0.0368442 0.00121186  0.00159689  0.00117638  0.00295627  -0.00179607  0.000395465  -0.00625344  -0.0102233  0.00111394  -0.00690154 
191 0.000259868 0.602326 0.0103142 0.0350574 0.0026892  0.00268578  -0.00314621  -0.00495367  -0.00599805  -0.00164715  -0.00133565  0.00212463  2.17123e-05  0.0035373 
193 -1.86489e-05 -0.0452978 0.00637786 0.0311318 0.000317529  0.00134123  -0.00181035  0.00338882  0.000562298  -0.00325944  -0.00256713  -0.00135537  0.000185537  -0.00214805 
194 -0.00011342 -0.322697 0.0193197 0.0314298 -0.000258475  -0.00790963  -0.00153392  0.000596184  -0.00180301  -0.0145689  -0.00366122  0.00773668  -0.00340318  -0.00275087 
195 -0.000387186 0.141335 0.0235717 0.0331853 0.0051217  0.00434766  -0.00253277  -0.00618034  0.0116012  0.000171494  0.00919966  0.00510784  0.00865214  0.0120697 
196 -1.06244e-05 -0.104926 0.0050703 0.0385814 0.000276751  -0.000388189  -0.00187678  0.00330707  -0.00158462  0.000693322  0.00221899  0.00110761  0.00136796  -8.90437e-05 
202 -0.000112766 0.477552 0.00318316 0.0387188 0.000701815  -0.000928581  -0.000755304  0.0018303  0.000951977  -0.00126152  -0.000997148  -0.000642685  0.000726653  0.000651275 
203 0.000129661 1.90417 0.0269844 0.0401487 0.000270099  0.0148458  0.00207496  -0.000732459  -0.00854779  0.00955893  -0.0102806  -0.00270779  0.0138072  -0.00589452 
206 0.000114439 0.905269 0.0136201 0.0385002 0.00125012  -0.00527046  -0.00448743  1.13405e-07  0.00185462  0.00669182  -0.00447791  -0.00576715  -0.0044711  0.00380874 
210 0.000327549 0.593896 0.011093 0.0369842 0.00536882  3.03244e-06  0.00544176  0.00207337  3.09333e-05  -0.00400807  0.004037  0.00427033  -0.00233234  -0.00206879 
215 -0.000396404 -0.0383195 0.0292186 0.0322543 -0.00924787  0.00943619  0.0119495  0.000734938  -0.000923044  0.00371744  -0.015774  -0.00516061  -0.00907509  -0.0127808 
216 0.000185818 1.16449 0.0222225 0.0379054 0.000382907  -0.0109447  0.00815312  0.00482093  -0.0024506  -0.000650635  0.00343915  0.00484464  -0.0149424  -0.00438056 
217 -6.48583e-05 0.198495 0.00884446 0.0353698 0.000420652  0.00416657  -0.000529866  0.00174476  0.00229702  0.00606276  0.00225247  0.000330846  -0.000453661  0.00315277 
219 0.000232578 1.86028 0.0355692 0.0362751 -0.0117773  -0.0169251  -0.0072228  -0.0216971  0.00560962  0.00118603  0.0151117  0.00641482  0.00364662  -0.00117591 
222 -0.000249476 0.331982 0.0129505 0.032914 -0.00262095  0.00335183  -0.002106  -0.00936494  -0.00458332  -0.0041354  -0.000423717  0.000396908  -0.00436164  -6.18194e-05 
223 3.0932e-05 0.556319 0.0026398 0.036508 0.000740425  -0.00056621  -0.000440072  0.000595301  0.000157402  0.000826811  0.00138644  0.00120463  -0.00117493  0.000299145 
224 -0.000186254 -2.25559 0.0453061 0.0360819 0.02105  -0.012104  -0.0248359  0.010981  -0.00297024  -0.0133297  0.000109041  0.0177993  -0.00673394  -0.0133021 
226 -0.000320367 0.0909061 0.0228985 0.0385769 -0.0136292  0.00471967  0.0041201  -0.0026112  -0.00448059  0.0091631  0.0040771  0.0102976  0.00589732  0.00557115 
227 0.000469662 0.737554 0.0211249 0.0425276 0.00389502  0.00362368  0.00471221  0.00899534  -0.000727905  0.0096345  0.00311843  -0.00146255  0.0143062  0.002226 
228 9.30786e-05 0.530042 0.00334496 0.0365929 0.000500387  -0.000627434  0.000725785  0.00162427  0.000364345  0.00109942  -0.00160024  -0.0012392  0.000385683  -0.00133904 
229 0.000479434 1.36506 0.0407225 0.0352983 0.00974404  0.0123338  0.00582952  -0.0137261  -0.0215155  -0.00580217  -0.00944733  -0.0232504  -0.00529609  -0.00586563 
230 0.000141507 1.27167 0.0208984 0.0276884 0.016984  0.000855901  -0.000253421  0.00574362  0.004825  0.00200628  -0.00513634  -0.0067505  -0.00363544  -0.00142331 
232 -0.000231945 0.1761 0.0173366 0.025003 -0.00357024  -0.00460233  0.000182948  -0.00478382  -0.00410865  -0.0123339  0.00334926  0.00412083  0.00642355  -0.00229036 
233 -0.000186008 0.45953 0.00548914 0.0292767 0.00316771  0.0011054  -0.00146014  -0.00196414  -0.000560456  -0.00287603  -0.0011829  0.000480818  0.00146973  0.000712908 
235 3.46524e-05 2.28948 0.0157489 0.0322978 0.00361197  0.000492126  0.00246615  -0.00490991  0.00601057  0.00673703  -0.0102199  0.000308965  -0.00429145  0.000278408 
236 0.00034375 0.596573 0.0115248 0.0317569 -0.000763687  -0.0036111  -0.00388815  0.00714525  0.00436568  -0.00260339  0.00073025  0.00211304  0.00204344  0.00424449 
238 1.91095e-06 0.638463 0.00102878 0.0257838 0.000163804  -7.10336e-05  -0.000426734  0.000506954  1.50531e-05  2.85124e-05  0.000119718  0.000544321  0.000474754  0.000224391 
239 0.000112211 0.74451 0.010476 0.0257468 -0.00133926  -0.000104105  -0.00129478  -0.0031517  0.00450888  0.0024957  0.00101224  0.00191987  0.00425498  0.00685257 
242 -2.9175e-05 0.430241 0.00285332 0.0234668 0.00106018  0.000412183  -0.000608184  -0.000479503  0.0018117  -0.000837406  0.0007843  0.000216435  0.00126015  -0.000119609 
246 -6.06203e-05 0.274518 0.00739448 0.0240804 -0.00185903  0.00134992  -0.00468992  -0.00098472  0.00356604  -0.000538035  0.00139901  -0.000258865  0.00309869  0.00134265 
251 -0.000822165 0.265857 0.0277597 0.0253079 -0.00404912  0.00831902  -0.00928096  0.0133002  0.0141853  0.00207398  -0.00317013  0.00137256  0.0141565  -0.00202463 
252 -0.000533814 0.38103 0.0159447 0.0382491 0.00374667  -0.00326134  -0.00199697  0.000665554  0.000154224  0.00523344  -0.00415892  -0.00615142  0.00590585  -0.0103779 
258 0.000575155 0.587596 0.0141996 0.0446872 0.00313799  -0.0010113  0.00452318  -0.00720068  -0.00540067  0.00391946  0.00708173  0.00290486  -0.00389744  0.000375104 
261 0.000196268 1.07102 0.0211716 0.0377089 0.00539327  -0.00769015  0.00539914  -0.000293493  -0.0111232  0.00427442  -0.000513382  -0.0124392  -0.00581197  4.16212e-05 
262 0.000110725 1.22996 0.0179798 0.0350102 -0.00652163  -0.00202475  -0.00281735  0.00567502  -0.00268544  0.000971202  0.00452414  -0.00328734  -0.01022  -0.00962399 
264 5.00009e-05 0.58759 0.00418558 0.0333915 -0.000508981  -0.000704141  0.0022514  0.00115817  -0.00117589  0.00203632  -0.000577132  0.00136944  -0.00159319  -0.000279348 
267 -2.52405e-05 -3.23996 0.0194314 0.0326342 -0.0122831  0.00193913  -0.000330622  -0.00526795  0.00301452  -0.00909735  0.004637  -0.00845961  -0.00201183  -0.00247425 
268 1.30143e-05 0.524508 0.00112955 0.0330187 4.63003e-07  0.000292204  0.00033168  0.000735737  0.000144369  -0.00058025  -2.38279e-05  0.000251668  0.00026713  -0.000215343 
269 0.000240094 2.68378 0.0457873 0.032821 -0.0185122  0.0114849  0.0220253  0.00905519  0.00394964  0.00158598  0.00778692  0.0208146  0.0074464  0.0220751 
273 -0.000505999 0.25659 0.022201 0.0289336 0.000591275  0.00902075  -0.00544438  -0.0130813  -0.0117128  -0.00340102  -0.00164574  0.00158866  0.0046521  -0.00589651 
274 -7.91108e-05 0.478342 0.00261859 0.0366508 -0.00038624  0.00072352  -0.00134097  -0.000494665  -0.000912716  -0.00175592  -0.000249461  0.000342341  0.000194018  9.00188e-05 
275 -0.00024394 0.472966 0.00513919 0.0377147 -0.00261544  0.00206182  0.00125356  -0.000925382  -0.00211661  0.00204247  0.000396467  -0.000842002  -2.4394e-05  0.00183669 
277 0.000396714 0.89499 0.025034 0.0408211 0.000294289  -0.0027052  -0.00429062  -2.24607e-05  0.0150989  0.00636635  0.00315963  0.0114408  -0.0105545  0.00895019 
278 9.20534e-05 2.2356 0.0252783 0.0356333 -0.00119067  -0.00480404  -0.00942757  0.0018916  -0.00158693  -0.0154549  -0.00852019  -0.0102727  0.00618626  -0.00801724 
279 -0.000116073 -1.17537 0.0278897 0.0343173 -0.00258018  -0.00951406  0.00537304  -0.00753131  -0.0118152  -0.00178851  0.00364587  -0.00587982  -0.0176767  0.0095886 
280 -5.53952e-05 0.379783 0.0051614 0.0359689 -0.000457607  -0.00174646  0.00327026  -0.00153202  -0.00181868  0.000296446  -0.000876509  0.000377328  0.00102542  -0.00223188 
282 0.000256831 0.674404 0.0133856 0.0367309 0.00326422  0.000377041  0.00273549  0.00354856  0.00209126  0.00223769  -0.00348022  -0.00840555  -0.00441696  -0.00605372 
284 -4.66668e-05 0.329681 0.00563868 0.0330508 0.000121153  3.07076e-05  -0.0015364  0.000345079  0.000505307  -0.00155392  -0.00257945  -0.00245798  0.00113932  0.00355474 
286 0.000343623 0.590041 0.0111264 0.0337495 0.00971596  -0.000207875  0.000857555  -0.00196879  0.00047834  0.00453128  4.53203e-05  -0.000952155  -0.000946508  0.00147485 
292 -2.00336e-05 -0.0639753 0.00672267 0.028204 -0.00084792  0.00107351  0.00348857  0.000195954  -0.00115211  0.00258143  0.00417141  0.00180051  -0.00155249  0.000265454 
295 -0.00051937 0.316891 0.0195095 0.0285569 0.0063427  0.00119765  -0.00533975  -0.00410376  -0.0118136  0.000312589  -0.0117494  0.00372995  0.000190051  0.00139527 
300 2.66132e-05 0.776838 0.00542863 0.0365377 -0.00230892  0.000129152  0.000191337  0.00308455  0.000355162  0.00138246  0.000357594  0.000119442  -0.00178931  0.00303152 
303 0.000149817 1.01365 0.017544 0.0361717 0.0106135  -0.00342103  0.00871242  -0.000971422  0.00230137  -0.000329206  0.00568352  0.00314502  -0.00575727  -0.00508406 
304 -9.59978e-05 0.38289 0.00670639 0.034038 0.00108389  -0.00397095  -0.000796521  -0.00164325  -0.000347578  0.00256233  0.00376527  -0.000431145  -0.00176699  -0.000725229 
305 -0.000124432 0.483516 0.00286579 0.0354201 0.000457579  -3.82353e-05  -0.000770271  -0.00171193  -0.000807809  0.000230454  0.00029985  3.96963e-05  -0.000657823  0.00180223 
308 -1.15002e-05 0.1938 0.00375307 0.0371352 -0.00128599  -0.00180749  -8.56745e-05  0.000287784  -0.00141372  -0.000257599  -0.00109601  -0.000472853  0.00212624  0.00103147 
312 1.95806e-05 5.01869 0.0188121 0.0372897 -0.000831491  -0.00246345  0.000323584  0.00590137  0.00271065  -0.00208095  -0.00613619  0.0106898  -0.00453601  -0.0113149 
313 0.000763273 0.751664 0.0277178 0.0370263 0.00114105  0.00548867  -0.00980224  0.0105514  0.00832875  0.00898982  0.00388283  -0.0148609  0.0109449  -0.00485159 
314 -9.79754e-05 0.437574 0.00494681 0.0246569 -0.000342311  0.000258252  0.0032574  0.00181727  -0.000925879  -0.000152591  0.00133727  -0.000513741  -0.00229229  -0.00147871 
318 3.41955e-07 17.4748 0.00481854 0.0265696 0.00142957  -0.00199448  -2.6085e-05  -0.00219485  0.00102069  0.00247163  0.00169836  0.00129284  0.000593303  -0.0005657 
320 -0.000598085 -0.0280842 0.0355488 0.0265632 0.00319224  0.0209591  0.00557529  -0.0011607  0.0144195  0.00610595  0.0208595  0.00336603  -0.0042625  0.00848466 
321 -0.00152778 0.437821 0.01953 0.0361091 -0.00347085  0.00790396  0.0049941  0.00128919  -0.00190579  0.00671122  0.00822765  -0.0103572  -0.00752666  0.000104222 
322 0.00126103 0.633646 0.02597 0.0532241 -0.00667008  -0.00661851  0.000912705  0.00386376  5.63522e-05  -0.0112677  0.000737852  0.0054278  0.0193914  0.00611454 
323 -0.000420908 0.383713 0.0139968 0.0396556 0.000413391  -0.0017425  -0.000686449  0.00258437  -0.00820645  0.00516403  0.00304271  0.000782447  -0.00186833  -0.00884184 
324 0.000326735 0.786457 0.0193483 0.0446494 0.00610246  -0.00606363  0.00222213  -0.00586402  -0.00895204  -0.000974287  -0.00588848  0.00163411  0.00204303  0.0117651 
325 -2.83148e-07 0.493676 8.4632e-05 0.0408275 -3.23715e-05  1.63432e-06  3.49581e-06  6.09395e-05  1.60145e-05  1.55038e-05  1.16668e-05  1.35749e-05  -3.96065e-05  -5.0241e-07 
327 -9.93501e-05 -0.210867 0.016808 0.040831 0.00209714  0.006811  0.00711456  -0.00534135  0.00157057  0.00221359  -0.00824052  0.00803486  -0.00194209  -0.00299494 
328 -0.000138241 0.482227 0.00313658 0.04203 0.000206392  -0.00128482  0.00154776  0.000305448  -0.00136159  0.000622708  0.000795941  -0.000689906  -0.00151789  2.69814e-05 
332 0.00066978 0.769678 0.0268778 0.0436437 -0.00941056  -0.00578815  -0.000959678  -0.00412217  0.00591255  -0.0125106  -0.00640956  -0.00130633  0.0136623  -0.0127092 
333 -3.38749e-05 -2.29432 0.0194581 0.0351457 -0.00448356  0.000607468  -0.00421953  0.00596411  0.00570861  -0.00754667  0.00131522  0.0075555  0.012348  0.00198544 
334 0.000526911 0.657455 0.018218 0.0356243 0.0023118  -0.00476297  -0.00866748  -0.00567591  0.00622661  0.0007437  0.00304739  -0.00552422  -0.0051517  0.00953193 
335 -0.000252037 0.380505 0.0109779 0.0272456 -0.00196611  -0.00530632  -0.00393745  -0.00493719  -0.00281531  -0.00514869  0.00233974  0.00129249  0.00109691  0.00241425 
336 -2.44835e-05 0.0480948 0.00665263 0.031534 -0.00158872  0.00352322  0.000479036  -0.00111425  -0.00112584  0.00102549  -0.00296914  0.00306568  -0.000201341  0.00269729 
340 -0.000218373 -0.683462 0.032152 0.0319198 0.00280318  -0.0186267  0.00127733  -0.00301122  -0.016395  0.0023418  -0.0124596  -0.00944679  -0.00854095  -0.00874789 
341 0.000732983 0.837514 0.0314539 0.0351749 0.010281  0.016463  -0.00449108  0.00830536  0.0181357  -0.00085101  -0.00533322  0.00759404  0.0090525  -0.00507766 
346 -0.000277219 -0.229992 0.0284524 0.0224624 -0.0105416  -0.00600807  0.00694447  -0.00823239  0.00672727  -0.00182687  0.00453052  0.00188666  -0.00832475  0.0201082 
349 -1.40288e-05 -0.725637 0.00829317 0.027961 0.00266917  -0.00193107  0.0007689  0.0019865  0.000447887  -0.00537363  0.00223098  0.00237164  -0.00363826  -0.000685967 
350 0.000283411 0.557527 0.0080775 0.0282107 0.000383058  0.00440822  -0.000186079  0.00466846  -0.00107639  0.00394156  -0.00217146  -0.0011505  -0.000917267  0.000512794 
