generation s h r distopt trait[0] trait[1] trait[2] trait[3] trait[4] trait[5] trait[6] trait[7] trait[8] trait[9] 
3 -5.50517e-05 0.424066 0.00408938 0.04 0.00104372  8.62806e-05  -0.00266171  -0.000172962  -0.000768473  0.000446271  -0.00108611  0.000832043  -0.00189049  0.00150866 
6 -4.31672e-05 -0.669932 0.0142131 0.100561 -0.000658381  -0.000615589  -0.0053278  0.00120005  0.0064631  0.000805745  -0.00886895  0.000912506  0.0064816  -0.00272949 
8 0.0075374 0.675315 0.0727363 0.140458 -0.0383938  -0.033274  -0.00772269  0.0160555  -0.0195334  -0.0320162  0.00302392  -0.00819111  0.0087977  -0.0288387 
9 0.00173393 0.62066 0.0289404 0.128017 0.00746051  -0.0119318  0.00310929  0.00900693  0.00871621  -0.0128542  0.00631927  -0.00574878  -0.000838444  0.0152919 
11 0.00373499 1.09921 0.0945119 0.15729 -0.0457263  -0.0416321  0.0174921  0.0281128  0.0278462  -0.0189956  0.0492705  -0.0150024  0.0148577  -0.0015567 
12 0.00684606 0.589322 0.0496005 0.158165 -0.0282642  -0.0248954  -0.00597891  -0.0133024  0.0148829  0.00460065  -0.0151689  0.00878259  -0.00433802  -0.0161291 
14 0.00407589 0.625799 0.0453272 0.160921 -0.0147096  -0.0285734  0.00944105  -0.00566615  0.0104095  -0.00127856  -0.00475602  0.0188222  0.0138392  -0.0149027 
19 0.00228919 0.547142 0.0208271 0.220631 0.0101689  -0.00580918  -0.00281801  0.00373587  -0.000268498  0.00161705  -0.00560365  0.0118868  -0.00980642  -0.00178 
21 0.00222671 0.567485 0.0245527 0.250227 -0.000931163  -0.0130297  0.00225688  0.00420907  0.00996271  -0.00236072  0.0111902  -0.00724489  0.009075  -0.00667019 
23 0.0138276 0.730995 0.112973 0.280748 -0.0429266  -0.0294936  0.0537202  0.0189218  -0.015263  0.0550676  -0.0237718  0.0083106  0.0472695  0.0259315 
26 0.00554948 0.558691 0.0362535 0.305763 -0.0024065  -0.00375186  0.00676931  -0.00481236  -0.0272249  -0.00722706  -0.00485868  -0.00946774  -0.0077678  0.0160765 
27 0.00540297 0.687931 0.0637422 0.314404 -0.0486252  -0.0012024  -0.0278932  -0.0016097  -0.00268022  0.00977638  -0.0183864  -0.021777  0.0012154  0.000239746 
28 0.00956631 0.548595 0.0435379 0.323056 -0.0137461  -0.0196438  0.0245157  -0.0127316  0.0170403  -0.00568956  0.0114857  -0.00242577  0.000554344  0.00983594 
32 0.00242124 0.613806 0.0332212 0.377776 -9.16645e-06  0.00226417  -0.0155879  -0.00784795  -0.0141593  -0.00148494  0.00637529  -0.0121787  -0.0143324  -0.0140312 
34 0.0205128 0.512882 0.0353879 0.411338 0.0116795  -0.0261315  -0.00433926  -0.0127306  -0.00597442  -0.00340748  0.00194711  0.0054145  -0.00194283  -0.0129596 
36 0.00081878 0.517066 0.00749709 0.423582 -0.00243422  -0.000239962  0.00181952  -0.000697675  0.000289079  -0.00100601  -0.00264967  -0.00152845  -0.00571186  -0.00182975 
37 0.0340352 0.666426 0.150919 0.441613 -0.0104067  -0.0540819  0.0238124  -0.0066478  0.088314  0.0349844  -0.044799  -0.00809134  -0.0837219  0.0320485 
38 0.0370744 0.533307 0.074223 0.420253 -0.00965462  -0.0461733  -0.007273  -0.0362057  -0.00399367  -0.0294548  -0.0195907  0.00961834  0.0220604  -0.00858 
43 0.0495528 0.562585 0.115136 0.467161 -0.0801812  -0.0539098  -0.0258134  -0.0142417  0.0342553  -0.0197131  0.0345919  -0.0116505  0.0122213  -0.00284784 
46 0.0346071 0.56722 0.0985656 0.46544 -0.0386832  -0.0261009  0.0078887  0.0265327  -0.0467404  0.0662219  -0.00127539  0.0133755  -0.00454803  -0.000304582 
48 0.00669522 0.507363 0.0147912 0.463327 0.00402325  -0.0063078  -0.00627951  -0.000234159  -0.00417844  -9.08514e-05  0.00409832  -0.00534305  0.00585522  0.00512063 
50 0.00677699 0.995807 0.115738 0.492865 -0.00994273  -0.0250398  -0.0560629  -0.00457323  0.0774599  -0.0136035  0.0441591  0.00807399  -0.0072843  -0.0353861 
51 0.0509562 0.536969 0.0926076 0.503728 -0.034499  -0.060026  -0.0140028  0.0170064  -0.0087098  0.0351577  0.0443176  0.00462438  -0.000279193  0.00035874 
52 0.0284018 0.543916 0.0728592 0.468696 -0.0102788  -0.0331913  0.0215917  -0.0218834  -0.0243412  0.016208  0.0234931  -0.0323433  -0.00799861  0.025276 
54 0.0570078 0.541254 0.103309 0.471774 0.00701725  -0.0600932  0.03418  -0.0175333  0.000285056  -0.0314565  -0.0191544  0.0623436  -0.00555933  -0.0162038 
56 0.0435375 0.523475 0.0700506 0.44385 0.0148364  -0.0486803  0.00416143  0.0122911  -0.0254022  0.00996417  0.000966758  -0.00567977  -0.00842247  0.0360572 
57 0.00366502 1.69691 0.132224 0.411037 0.0778047  -0.0259808  0.0649507  -0.0152141  -0.0333756  -0.0635552  0.00522784  -0.0236713  0.0200291  -0.0127499 
58 0.0191811 0.641636 0.104546 0.425311 -0.0101724  -0.0350954  0.0310614  -0.0299633  0.0179007  0.0535269  -0.0619613  0.0136629  0.0215926  0.00736994 
59 0.000239117 4.12069 0.058832 0.420516 -0.0398202  0.00578825  0.0204617  0.00765695  -0.0113401  -0.00355898  0.0268005  0.0114225  0.0102468  0.0164238 
61 0.0273125 1.2078 0.275554 0.456168 -0.0685488  -0.101287  -0.00814232  -0.0911449  0.0393158  0.0181502  -0.158988  -0.0461793  -0.15048  0.0258674 
66 0.0143006 0.874161 0.14593 0.49992 -0.0131647  -0.0254198  0.0634887  0.0318255  -0.0541099  -0.0192619  -0.00936751  -0.0893685  0.058035  -0.0262867 
67 0.0293178 0.538286 0.0695701 0.500735 0.0356726  -0.0293711  0.00782539  0.0223638  0.00553284  0.0111985  0.0310184  0.023825  0.0163654  0.0137772 
69 0.0114274 0.622648 0.0750669 0.503179 -0.0326369  0.00628189  -0.00836874  0.0596945  0.00765376  0.00586658  0.00308562  0.00207667  -0.0215275  -0.018074 
70 0.0234081 0.552548 0.0716099 0.508364 -0.0264817  -0.0210048  0.0151718  0.0285219  -0.00828533  -0.0160206  0.0483455  -0.0105627  -0.00570734  -0.0116224 
71 0.00198992 0.52274 0.0135203 0.50152 -0.00578578  -0.00411445  0.00478296  0.000234172  0.00167032  -0.00808454  -0.00124347  0.00156931  -0.00565298  -0.0023127 
72 0.0505458 0.512471 0.0606145 0.516061 -0.00653003  -0.0376303  -0.0254123  0.0119813  -0.0209867  -0.00881577  -0.000883061  0.00103943  0.0300955  -0.00058216 
74 0.0382568 0.563923 0.101447 0.499999 0.0162568  -0.0679337  0.00284309  0.0242677  0.0502695  0.011372  0.0198657  0.000315098  -0.0383477  0.0171371 
75 0.00827303 0.522287 0.0277196 0.477377 0.00710099  -0.00464911  -0.00818661  0.00461643  -0.0105053  -0.0207239  0.00575934  -0.00161229  0.0050425  0.00263923 
77 0.0282969 0.526959 0.0582841 0.502782 -0.0272495  -0.0145664  -0.0335645  -0.00806342  0.00781689  -0.00389127  -0.0130624  0.0194576  -0.024997  0.000638901 
78 0.000255156 0.507175 0.00271191 0.491631 -0.000796435  0.00012009  0.000371451  -1.07512e-06  -0.00137935  -0.00139918  -0.000708318  -0.000914196  0.000986381  -0.000630082 
81 0.0187455 0.728321 0.130758 0.544671 0.0524069  -0.026881  -0.031665  -0.0137479  0.0208161  0.0123815  0.0484617  0.0950637  -0.0140732  -0.0163242 
82 0.0221968 0.539763 0.061083 0.545812 0.0110051  -0.0212059  -0.00943207  0.0239999  -0.00964408  -0.031992  0.0148462  0.0246349  0.0233443  0.00257516 
83 0.012815 0.554967 0.0536637 0.544019 0.0282764  -0.0265502  -0.0225292  -0.00302398  0.00181892  -0.0160484  -0.0145443  -0.00704034  -0.0116508  0.0141743 
84 0.00758365 0.714153 0.0805916 0.550886 -0.0284584  -0.013279  0.0390916  -0.0227269  0.0123442  -0.024092  -0.0481467  0.00864818  -0.0183101  -0.00178365 
86 0.0268964 0.516665 0.0460536 0.580493 -0.0237297  -0.0145027  0.00941934  0.00906286  -0.00689173  0.0147375  -0.0206551  0.00995413  0.0194258  0.0029801 
87 0.0166143 0.525145 0.0423401 0.57555 0.0117889  -0.0242547  -0.00780284  -0.00412256  -0.0116036  -0.00607162  -0.00468644  -0.0144934  -0.0227028  -0.00828191 
88 0.0581494 0.519773 0.0778703 0.579388 -0.00938678  -0.0519241  -0.022461  0.0354582  0.0188781  0.0216988  0.0152446  0.0143404  0.0158322  -0.00136156 
90 0.0203453 0.538481 0.0574608 0.565036 0.0127807  -0.0277481  -0.0338728  -0.0141045  0.0172299  -0.0147197  0.011237  -0.0163369  -0.00950222  0.00501465 
92 0.0153454 0.574701 0.0682914 0.583747 0.00123854  -0.0125233  -0.00481506  -0.00474472  -0.0111027  -0.0388829  0.0218565  -0.0442927  0.0177752  0.00830637 
93 0.00989846 0.529334 0.0346999 0.589157 -0.00197879  -0.0109582  -0.0129744  0.0123051  0.0147886  -0.00648025  -0.00925278  0.0162898  0.00934699  -0.00782959 
94 0.0325467 0.517904 0.052969 0.59933 -0.0261481  -0.0148891  -0.00295018  0.00439455  -0.0141012  -0.00678114  0.00354302  -0.0104914  0.0165035  0.0351066 
95 0.0231499 0.507841 0.0312988 0.590725 -0.0193934  -0.0146883  0.00735267  -0.000146474  0.000575824  0.00249178  0.0166681  -0.00407433  -0.00434895  0.00371505 
97 0.0257935 0.745266 0.158838 0.608579 0.00916196  -0.0437929  0.0262211  -0.0481994  -0.0361264  -0.0526063  -0.0224578  0.120368  0.0338339  0.00261261 
98 0.0464527 0.538424 0.0894547 0.605618 -0.00677812  -0.0371896  -0.0138661  0.0625312  0.0120466  0.0288207  0.0181285  0.00320339  0.0308999  -0.0141863 
99 0.0267477 0.512671 0.0410602 0.585286 -0.0198259  -0.0168044  -0.00271697  -0.00769531  0.00113196  0.021479  0.00253908  0.0192435  -0.00730912  0.00714688 
101 0.0123175 0.555698 0.0529287 0.59925 -0.011353  -0.0060452  -0.0136015  -0.0144334  -0.0123117  -0.0208599  0.0394663  -0.00421814  -0.00842306  0.00310535 
103 0.022218 0.507929 0.0306311 0.588947 -0.0233042  -0.00735395  0.00844319  0.00556262  -0.00689207  0.00324486  -0.0101644  -0.00657746  0.00579814  0.000803104 
104 0.00722922 0.530954 0.0302936 0.569986 -0.00903224  0.00155291  0.0132591  0.000342153  -0.00984266  0.00421131  -0.00797036  -0.0132004  0.0174715  -0.000377779 
106 0.0182807 0.510921 0.0309091 0.563632 -0.0120354  -0.0102625  0.00540992  -0.010441  -0.0170197  0.0030989  -0.0085052  -0.00207931  -0.0136885  -0.00190043 
109 0.0248276 0.522503 0.0500746 0.547325 -0.0220597  -0.0123691  0.00432259  0.00415918  0.0161498  0.0302926  0.0112091  3.75956e-06  0.0147962  -0.0175736 
110 0.00296967 5.43776 0.241137 0.524443 0.105429  -0.121649  9.51961e-05  -0.00848333  0.0658881  -0.0845716  -0.127018  -0.0475181  -0.0423317  -0.0220033 
112 0.0127228 0.5123 0.0264929 0.521608 -0.00749749  -0.00864466  0.0010334  -0.0090134  -0.00413433  0.00820216  0.00602352  0.00131088  -0.0187467  0.00384855 
116 0.0218329 0.519957 0.0442367 0.509345 -0.0275072  -0.0132587  -0.0197353  -0.00571555  0.00670944  -0.00630323  0.00352124  0.000934801  -0.020138  -0.00993685 
117 0.00866193 0.604796 0.0604223 0.487683 0.00460841  -0.0204108  -0.0280477  0.00265603  -7.0292e-05  -0.0103792  -0.0316583  -0.022914  0.027625  -0.00459437 
120 0.052174 0.592247 0.141462 0.478759 -0.0768628  -0.0415369  0.0333282  0.0108867  -0.0544236  -0.0113959  -0.047317  -0.0110454  0.0540741  0.0526528 
125 0.0429766 0.548794 0.0953334 0.422317 -0.0627851  -0.0378922  -0.00179886  -0.0124376  0.0281854  0.0457628  -0.00965677  -0.00541511  -0.0148462  0.0179193 
127 0.00810107 0.508275 0.0173087 0.369151 -0.0134749  0.000389605  -0.00374155  0.00285592  0.000419514  0.00338895  0.00824794  0.000887062  0.0035422  -0.00163898 
128 0.00206961 0.501728 0.00405302 0.358056 -0.000508604  -0.00161454  -0.00123495  0.000704933  0.000837224  0.000888311  0.00237875  -0.00102067  -0.000178892  -0.00182131 
129 0.00642016 0.50945 0.0161977 0.355157 -0.000302344  -0.00382733  0.00119117  -0.00374245  -0.00937451  0.00456569  0.00356919  -0.00488795  0.00929285  -0.000696845 
130 0.0323803 0.701114 0.161429 0.346031 -0.0880415  -0.0862021  0.00968343  -0.00754551  0.0605229  0.0326561  0.0228545  -0.0713478  0.00228802  0.01947 
132 0.0227577 0.59534 0.0939427 0.296429 -0.0430733  -0.0286201  -0.00805125  -0.00348038  -0.0515226  0.0081756  0.0232537  -0.0147659  -0.0494352  0.0122407 
135 -5.28759e-05 0.133209 0.00880797 0.255671 0.0026748  0.00324234  -0.000172382  -0.000420459  0.000660547  0.00169267  -0.000404083  -0.00482056  0.00337863  -0.00464638 
141 0.00838741 0.522313 0.0279336 0.255774 0.00171366  -0.00284901  0.00134205  0.00996494  -0.0115056  -0.00597684  0.0103487  0.00302278  0.0131107  -0.014557 
143 0.0108477 0.616282 0.071228 0.238889 -0.00153062  0.0284435  0.00264791  -0.0170136  -0.0355227  0.0261469  0.00218304  0.0408355  0.0179708  -0.00498039 
144 0.00340014 0.928674 0.076301 0.215125 0.023999  0.0157323  -0.0214191  0.0173953  -0.038404  -0.0338019  0.0192826  -0.0134384  0.0100774  -0.0310742 
145 0.00871551 0.834085 0.107783 0.207085 -0.0159299  -0.0821378  -0.0280854  0.00016741  0.00807341  -0.0403067  0.0190022  -0.0190537  0.0374024  0.00389148 
146 0.00330144 0.632959 0.0419283 0.18495 -0.0130977  0.0104267  -0.00203029  -0.0243955  -0.0172918  0.00608154  0.00666969  0.0114782  0.0184254  -0.00517049 
148 0.0146141 0.612195 0.0813075 0.175814 -0.0136371  -0.0427364  -0.016061  0.0152625  -0.00176695  0.0399489  0.0115404  0.0249995  -0.032801  0.025972 
152 0.00139963 0.630637 0.0270514 0.128071 0.00820196  -0.0148393  -0.00879516  -0.00450691  0.00420131  -0.000307385  0.0154149  0.00018237  -0.00859368  0.00416955 
153 0.0039077 0.744936 0.0618616 0.122489 0.0216637  0.0214749  0.0112922  0.0329415  0.00264362  0.0256947  0.00540231  0.030279  0.00694887  -0.00471456 
154 0.00255349 0.651114 0.0392996 0.105373 -0.0229666  -0.0135951  -0.0176979  -0.0080621  -0.00956238  -0.00150456  0.00131756  -0.00077796  -0.0153042  -0.0111216 
156 0.000725454 0.913697 0.0346428 0.0924832 -0.0104727  0.0138252  0.000262956  -0.00469116  -0.00964282  0.00613928  0.0246087  0.00259934  0.0100462  0.00576936 
159 0.000616353 3.84453 0.0907459 0.0884757 0.0182634  0.0247379  0.00219284  -0.0108887  0.00358862  -0.00633949  0.000568048  -0.00345479  0.0277066  -0.0795798 
162 0.00122669 0.517466 0.00929525 0.0849222 0.0013972  -0.00190949  0.00224856  -0.0011273  -0.00320393  0.00556097  2.31471e-05  0.00126915  -0.00370098  0.00424009 
163 0.000240546 0.508342 0.00283812 0.0773682 -6.17827e-05  -0.000102414  -0.000129214  0.000448106  -0.000813016  0.00168162  0.000468476  -0.000800418  -0.00177109  -0.000580837 
165 0.00114654 0.58039 0.0192122 0.0757979 -0.00356902  -0.0145728  0.00370153  -0.00194126  -0.00213151  -0.00155027  -0.00118726  0.0104509  -0.00273925  0.00120655 
166 0.000938883 0.593726 0.0187683 0.0678191 0.0111027  -0.00618749  0.00365257  -0.00809663  -0.00841711  0.00563638  0.00123717  0.000492067  8.21985e-05  0.0027207 
169 0.000549633 0.577079 0.0130216 0.0605061 0.00323342  -0.00270655  0.00488172  -0.00592257  0.00166514  0.00573892  -0.00560621  8.14095e-05  -0.0050699  0.000159289 
170 1.07288e-05 0.538217 0.00128068 0.0557809 0.000775648  -9.56485e-05  0.000191796  0.000628812  -0.000224595  6.6845e-05  0.000725528  2.10973e-05  3.47582e-06  -0.000124128 
171 -0.00119987 0.360736 0.025874 0.0556847 0.010934  0.00918984  -0.000418389  0.00979348  -0.0116285  0.00730357  -0.00451246  0.00300369  0.0122432  0.00123573 
172 -3.90802e-05 0.48837 0.00134861 0.0655849 0.000112757  0.000587941  -0.000212726  -0.00034086  -0.000496085  0.000747816  -0.000137289  -0.000171794  0.000654067  0.000132008 
174 0.000725922 0.533019 0.00980321 0.0658821 -0.00281245  -0.0029709  0.000580567  0.00238784  0.00387578  0.0025235  0.00250465  -0.00652508  -0.0013246  -0.00115487 
175 0.00163009 1.09867 0.0624483 0.0601232 0.0197304  -0.0342109  -0.0279009  -0.00533044  0.00300009  0.0249504  0.0180639  -0.00215728  -0.0234944  0.00433321 
177 0.000214827 0.578995 0.00823994 0.0445649 -0.00136084  0.00238435  0.00102499  0.00472925  0.00119779  0.00088742  -0.000526561  -0.00201234  -0.00304806  0.00459386 
178 8.49883e-06 0.510921 0.000609341 0.042086 -9.39516e-06  0.000315108  0.000331135  2.85288e-05  6.45061e-05  -6.66293e-05  0.000243004  -0.000294288  8.48096e-05  1.31468e-06 
180 -0.000167287 -0.468034 0.0254514 0.0419849 -0.00243689  0.012006  0.00689526  -0.00461229  0.00884975  -0.0118413  -0.00611763  -0.0118613  -0.00495444  -0.0027709 
183 0.000150454 0.537728 0.00476599 0.0439321 -0.00213842  -0.00240219  0.00189334  0.00142122  0.000317625  -0.000156487  0.00196411  -0.0011417  -0.000381845  -0.00115511 
184 1.44394e-05 0.669134 0.0031255 0.0421852 -0.000528485  -0.00132784  0.00144137  0.000408068  0.000405401  -0.000799342  -0.00199232  -0.000686983  0.000462258  0.000154864 
186 -0.000230446 0.420051 0.0085866 0.0420137 0.00352942  0.000599672  -0.00331171  -0.00256592  0.00572987  0.00130168  -0.00114015  -0.000552414  0.00179758  0.00199992 
190 4.23598e-05 0.570969 0.0034678 0.0446724 -0.00117313  -0.00110269  -0.00116814  -0.000259915  0.000997676  -0.00075079  -0.00217115  0.00028616  0.00048864  0.0011865 
191 9.83183e-06 0.52267 0.000944234 0.0441957 -0.000282735  -0.00028184  -0.000320778  -3.98317e-05  -0.000147207  -0.000271312  0.000504646  -0.000100431  0.00042213  -0.000299153 
192 1.75377e-05 1.69561 0.00915815 0.0440844 -0.00434469  0.00184001  0.00144182  0.00218986  0.00145046  -0.00419992  0.00485312  -0.00255968  -0.00167256  0.00144571 
193 -0.00016522 0.478554 0.00376669 0.043885 0.00197953  -1.05929e-05  -0.00160934  -0.000215294  0.000714853  0.000515926  -0.000323141  -6.92363e-05  -0.00129528  -0.0022514 
195 -0.000212494 0.341244 0.0116178 0.0457288 0.00434591  0.00470229  -0.00252168  -0.00285024  0.000346111  0.00295995  -0.00133607  0.00449732  0.00440745  -0.00540137 
196 -2.18178e-05 0.482461 0.00123731 0.0479963 0.000274129  0.000738283  0.000153769  -1.32044e-05  0.000124115  0.000381474  -0.000651554  -0.00020146  0.000135612  0.00049242 
198 2.56559e-05 3.98061 0.018899 0.048223 0.00469508  -0.00847693  -0.00268544  0.00498801  -0.00830406  0.00354827  0.00338839  0.00415618  -0.0078251  0.00772291 
200 9.08352e-05 1.24521 0.0164544 0.0479563 0.00247239  -0.00459467  0.00163077  -0.00393432  0.00413958  0.0121546  0.0054371  -0.00025057  0.00541695  0.0012429 
201 -0.000192717 0.219732 0.0146998 0.0469997 -0.0022214  -0.00365406  -0.00786568  0.00686552  -0.00339571  0.000588404  0.00174  0.000635052  0.00454962  -0.00726531 
202 -0.000302338 0.41831 0.00994241 0.0490072 0.000222203  -0.00247817  0.00198291  0.0052023  0.000980051  0.00278716  0.00432928  -0.0036885  -0.00355453  -0.00282027 
204 -1.29466e-05 0.489504 0.00073733 0.0520009 0.00012784  0.00042037  0.000145564  8.94856e-06  -3.81805e-05  -0.000134016  0.000553915  1.00136e-05  5.08928e-05  -2.0062e-05 
206 -1.45808e-05 -0.761655 0.0085781 0.0521252 0.000757284  0.00251441  -0.00198959  0.00220934  -0.000565338  0.00477263  -0.000707996  0.00298692  0.00148885  0.00480742 
207 0.00040806 1.36719 0.0376165 0.0522649 -0.0170517  0.0218756  0.000692201  -0.018395  0.00635455  -0.0109479  0.00454344  -0.0102871  -0.00303208  -0.00330881 
210 0.00125106 0.635966 0.0260903 0.0482042 -0.00944327  -0.0139767  0.00695688  0.0113445  -0.00296635  0.0012798  -0.0087847  0.00494127  0.00987101  -0.00310216 
211 -0.00010959 0.198736 0.0114923 0.0327623 -0.00347402  0.00339128  -0.00104153  -0.00253063  -0.000154624  -0.00436152  0.00128734  -0.00030186  -0.00806876  -0.00388777 
213 -0.000167568 0.176925 0.0147165 0.0343942 0.000196114  -0.000431522  -0.000663309  0.0108894  0.00384973  0.000623059  0.00407009  0.00491358  0.0063057  0.00128534 
216 -0.000124304 -0.123924 0.0176137 0.0367497 0.00719076  -0.00567275  0.00546418  0.00155822  -0.00370401  -0.00750117  0.00102655  0.0109843  0.000335576  -0.00150366 
217 0.000641691 0.933586 0.0333558 0.0384039 -0.0142464  -0.00163905  -0.00280635  -0.012953  0.00995637  0.00857464  -0.00828596  0.00249127  0.0150302  0.0160587 
220 0.000161265 0.961568 0.0172544 0.0288682 -0.00319858  -0.00171636  0.00231765  -0.000764522  -0.0130972  0.00149557  -0.0026987  -0.00983749  0.000858961  0.00011445 
222 2.96497e-05 0.705206 0.00493327 0.0259253 -0.000990321  -0.000449748  0.000503114  -0.00211497  -0.00157662  0.00212002  0.00170543  -0.00118285  -0.000900766  0.00251569 
224 -0.000111038 0.0203929 0.0145956 0.025347 0.00448618  0.000151483  0.0032892  0.00881871  -0.00157197  0.00102734  -0.00577889  -0.00709834  -0.00403712  -0.000828475 
225 -0.000207381 0.181206 0.0162631 0.0274502 -0.00727862  -0.00266442  0.00200061  -0.000918053  0.0053749  0.0106667  0.00451795  -0.0035375  -0.00030967  0.00488618 
227 -0.000223764 0.39008 0.00992064 0.0309986 0.000153928  0.0060691  -0.00111284  -0.000295088  -0.0028369  0.00462332  0.00531681  -0.00155062  0.000372211  -4.04405e-05 
228 3.54003e-05 0.636897 0.00440284 0.0344196 -0.000939812  -0.000165917  0.000410672  0.000370718  0.00227707  -0.000768697  -0.000798456  0.000162287  -0.00166594  0.00299216 
229 -2.58859e-05 -4.81313 0.0234544 0.0339014 0.0135509  -0.00127968  0.000839431  -0.000976163  -0.0107972  0.0106468  -0.0036835  0.00583051  -0.00794218  -0.00475538 
231 1.44121e-05 0.657043 0.00300887 0.0342811 -0.00010156  0.00121301  -0.0001646  -0.0012405  -0.000732458  0.00124875  -0.000825456  0.00161034  -0.00078259  -0.000150985 
232 5.20834e-05 0.843577 0.00846036 0.0340702 -0.00109362  -0.00418678  0.00186423  0.00451467  0.00294905  -0.000654003  0.00380219  0.00168186  -0.00137585  -0.000831929 
233 0.000817001 0.624372 0.0201642 0.0332971 -0.00421246  0.0017332  0.00281188  -0.00699426  -0.000297408  -0.0139872  -0.00656986  0.00551002  -0.000869042  -0.00768199 
236 -0.000163719 0.215805 0.0136432 0.0170889 -0.000893563  0.00590313  0.00154883  -0.00397367  -0.000226789  0.000142085  0.00581463  -0.00286844  0.00597307  0.00738348 
237 -9.92362e-05 -0.179176 0.0164196 0.0213486 0.006839  -0.00624544  -0.00194902  -0.00761376  -0.0045944  -0.00963117  0.000773067  0.00207049  0.000792241  -0.0016368 
238 -4.35749e-05 0.0482235 0.00887391 0.0235585 -0.0036682  0.000238041  0.000760438  0.000384039  -0.00181486  -0.0023501  -0.00259916  -0.00292227  0.000500537  -0.00633606 
240 -0.000444417 0.136975 0.0254072 0.0244659 -0.00341567  0.0145907  0.00115091  0.0146279  0.00453608  -0.00312769  0.00927795  0.000158731  0.00814507  0.00478168 
242 -4.60121e-05 0.466154 0.00249609 0.032297 -9.50611e-05  0.000438277  -0.00069945  -0.000180703  -0.000893957  0.00152807  0.000123667  -0.000644313  0.000399284  -0.00133546 
249 -0.000265938 -0.088495 0.0250216 0.0330016 -0.00406108  6.61218e-05  0.00280474  -0.0105248  0.00822945  -0.010288  0.00378274  0.00556328  -0.000144292  0.0164955 
251 7.06972e-05 0.638932 0.00626812 0.0368114 -0.00304679  0.00134282  -0.00106512  3.48589e-05  -0.00148212  0.000133151  -0.00351966  0.00329551  -0.000135702  0.00125949 
252 0.000377193 0.553307 0.00897126 0.0358383 0.000372285  -0.0039792  0.00311229  0.00217457  -0.00181549  0.00269122  -0.0047585  -0.0019237  -0.00134318  -0.00337772 
255 -0.000177663 0.367292 0.00971247 0.0301208 0.00211164  -0.00122847  0.001392  0.00474261  0.00520558  -0.00433766  0.00178763  0.000331333  0.00291358  -0.00249525 
256 -0.000125284 -0.23364 0.0191747 0.0329385 -0.0019408  0.0100178  -0.00972141  0.00669505  -0.000752874  0.00271521  -0.0101992  -0.00203385  -0.00216144  0.00185546 
259 -7.66491e-05 0.440514 0.00427103 0.0347884 0.000969109  -0.0020228  -0.00146084  9.00114e-05  -0.000327938  -0.00195236  0.00133698  -0.00174686  0.000676185  0.00136131 
260 -0.000101085 0.296004 0.00908253 0.0358732 0.000307958  0.000572836  0.000467355  0.00280232  -0.00148431  0.0022576  0.000335452  -0.00531744  0.00177564  -0.00592937 
265 -0.000158507 0.345077 0.00991186 0.0372556 -0.000834785  0.00660064  -0.00230368  0.00322457  0.000822321  0.00358177  0.000485705  0.00220025  -0.00392864  0.00206357 
266 2.06477e-05 1.06526 0.00683265 0.0393255 0.00362354  -0.00397972  -0.00109328  0.000794042  -0.00103535  -0.000336973  0.00254725  -0.00215439  0.00155672  -0.00107346 
267 -0.000220054 -1.33912 0.040233 0.0390621 0.000203651  0.00383973  0.0126887  -0.0158059  -0.0106019  0.0224501  -0.0180882  0.0152807  0.00371528  0.0014788 
269 0.000220881 0.647457 0.0114144 0.0417843 0.000268608  0.00307605  -0.0012197  0.00022759  0.00443961  -0.008874  -0.00172219  -0.00209905  -0.00334642  -0.00147901 
270 -0.000274796 0.254612 0.0164253 0.0390522 -0.00261772  0.00557201  -0.00182149  -0.00131263  -0.00216144  -0.00608385  0.0116856  0.00411627  0.00401491  -0.0039432 
272 -0.000193338 0.045183 0.0187556 0.0424253 -0.0039169  0.00441164  -0.00352214  0.000233265  0.00890581  0.0117303  -0.0072159  0.00198673  -0.00560468  0.000406089 
274 -6.45717e-05 0.133861 0.00972486 0.044646 0.00162382  -0.000636187  -0.00301815  -0.00174402  0.00650179  0.0029101  0.00234094  -0.00280422  0.00291552  -0.00260668 
276 -0.000211321 -3.1596 0.0556107 0.0453634 -0.00580422  -0.0335596  0.00848398  -0.0305051  0.0215234  -0.0131422  0.00239339  0.0107872  -0.00832847  0.0101316 
277 0.000666921 0.657052 0.0204701 0.0476359 0.0121283  -0.000932442  -0.00512067  -0.00220436  -0.00849046  0.0024808  0.00703867  -0.00461214  -0.0047993  -0.00823947 
278 0.000639412 0.594543 0.015554 0.040031 0.00853157  0.000478307  -0.00076519  0.0076398  -0.00807791  0.00105562  -0.000742099  -0.00291876  -0.00523736  -0.00266305 
279 0.00057662 0.671143 0.0198688 0.0310366 -0.00878022  -0.00601508  0.00266161  0.0152261  0.000982507  0.00491889  0.00409966  0.000595988  0.000275813  -0.000423864 
281 -1.9929e-06 -0.499189 0.00282226 0.0196677 0.00145467  -0.000859507  -0.000975469  0.0016487  0.000356097  -0.000194581  0.000528688  0.000814746  -0.000257618  0.000515945 
285 1.39922e-06 0.619809 0.000818875 0.0197183 0.000189883  -0.000192477  0.000129478  0.00014262  0.000297858  -0.000212252  -0.000495738  -0.000130111  0.000258095  0.000311898 
290 -2.48887e-06 0.4614 0.000619904 0.0196828 6.0385e-05  0.000296518  -5.76005e-05  -0.000153795  0.000304481  -0.000362945  -4.78887e-05  7.40236e-05  8.51672e-05  -0.000162101 
291 -0.000252442 -0.517377 0.0320522 0.0197459 -0.00813474  0.0117549  0.00931865  0.0124782  -0.00484045  -0.00756918  -0.0194498  -0.000846191  0.0109866  0.000118615 
292 2.21656e-05 0.514385 0.00112944 0.0253451 0.000541475  -0.000137112  3.94474e-05  0.000676996  -0.000416724  5.7784e-05  6.14336e-05  -0.000140049  -0.000548016  5.52342e-05 
294 5.24123e-05 0.634266 0.00530559 0.024904 0.000940972  -0.00362451  0.00114353  0.000964913  -0.00157499  -0.000147279  0.00260464  0.00080831  0.00139389  -7.30079e-05 
297 2.49939e-05 0.537086 0.00192559 0.0238285 0.000501288  -0.000423402  -0.000261246  -0.00111754  -6.67403e-05  0.000571011  -0.000760421  -1.05347e-05  -0.0008716  0.000540068 
299 -7.89664e-05 0.346254 0.00696906 0.0232982 -0.00433491  0.00105559  0.00144327  0.00141079  -0.00255353  -0.00314699  -0.00205602  -0.00069254  -0.00177781  -0.000545185 
301 2.31004e-05 0.553489 0.00222321 0.0249354 -8.96101e-05  0.000671208  -0.0001701  -0.000529148  0.00037882  0.00028465  0.000389944  0.00116153  -0.00107568  -0.00113681 
302 -0.000282436 0.412524 0.00994374 0.0244678 0.00416513  -0.00362926  0.00433243  -0.000376796  0.00137725  0.00178176  -0.00332713  0.00549139  0.000297298  -0.00174963 
303 -2.9897e-05 0.413854 0.00320976 0.0296842 0.000751094  -0.000311372  0.000214602  0.000993057  0.000741664  0.0018415  0.000350537  0.00027322  0.00026237  -0.00209803 
304 -4.02294e-05 -1.54588 0.0181442 0.0301836 -0.00390571  0.0137025  -0.00400045  0.000884138  0.000833467  -0.00380273  0.00138993  -0.00475698  5.6544e-05  0.00834829 
306 -6.99968e-05 -0.383643 0.0157293 0.0308428 -0.00153571  -0.00577056  -0.00344229  0.00881629  0.00547184  -0.00592882  0.0040688  -0.00522519  0.00351907  0.00091897 
310 1.57351e-05 0.533888 0.00146049 0.0319574 -0.000435462  0.000501793  -0.000543597  -0.00066644  -0.000514822  0.00014707  0.000343181  0.000332612  0.000650627  -0.00011653 
314 0.00014982 1.34355 0.0224825 0.0317103 -0.00727395  -0.0028068  -0.0119833  -0.00317018  -0.00236311  0.0100541  -0.00201932  -0.00483269  -0.000974901  -0.0124889 
315 -2.03349e-05 -1.72506 0.013453 0.0292529 -0.00134821  0.00410055  -0.00118975  0.00535194  0.00175052  -0.00396034  0.00517946  0.000969492  -0.00650065  0.00659682 
316 1.32027e-05 1.25584 0.00631791 0.0295985 -0.00380005  -0.00250881  0.00104437  -0.00192118  -0.000518949  0.00283337  0.00188854  -0.000940107  0.000647468  0.00111039 
317 -0.000854504 0.376521 0.0205567 0.0293746 -0.00826783  -0.00649125  -0.0105613  0.0114358  -0.00133902  -0.00238112  0.00149517  -0.000563383  -0.00772151  0.000354748 
318 -4.41399e-06 0.48054 0.000586165 0.0414456 -0.000102053  -0.000150411  0.000161407  0.000168041  -0.000210807  -1.65428e-06  -3.30018e-05  0.000157865  -0.000152214  -0.000403286 
320 0.000176931 2.97021 0.0418056 0.0414988 0.0318806  0.00667735  -0.00287202  -0.000751225  -0.00627719  0.0194594  0.00972534  -0.00225218  0.012464  0.00220547 
323 0.000196864 0.83984 0.0163583 0.0393095 -0.0037599  -0.00254367  0.00143315  -0.00031417  -0.00672744  -0.000241631  -0.0029293  -0.000294608  -0.0123406  0.0062095 
324 -0.000193818 0.461082 0.00549487 0.0367204 -0.00232154  0.000200508  -0.00191313  -0.000339382  -0.00258257  0.00321276  0.000400594  -0.00125432  -0.00016896  -0.00149493 
331 -2.1956e-05 -0.476507 0.00926073 0.0392712 0.00120426  0.00175927  0.00171774  0.00340044  0.00120079  -0.000371178  -0.000777487  0.0035941  -0.00206389  -0.00688047 
333 0.000169689 1.27821 0.0229814 0.0395498 0.00208921  -0.0113652  0.00847645  -0.00414093  0.00564633  -0.00108045  0.00986409  -0.00680125  -0.000418897  0.0113505 
334 -7.85574e-05 0.430477 0.0046744 0.0373431 0.000408956  -0.000118847  -0.00428688  -0.000719559  0.000804307  2.49405e-05  -0.000346362  -0.000733124  0.000154823  0.00120194 
335 -2.97077e-05 -0.0353695 0.00797616 0.0383806 0.000230356  -0.000697868  -0.00132458  -0.00240039  -3.38986e-05  -0.00139291  0.00184912  0.00392174  -0.00422786  0.0041167 
336 -8.01541e-05 -0.00831292 0.0127664 0.0387657 -0.00173677  -0.00586803  4.93631e-05  0.000424033  0.00435173  0.00153622  -0.00439883  0.00914119  -0.000341012  0.00101126 
337 -0.00011701 -1.48456 0.0304764 0.0397861 -0.00454527  -0.00895498  0.00423408  -0.00485437  -0.00765445  0.00396348  0.00675381  0.000485884  -0.00536597  -0.0252492 
339 0.000580735 0.609098 0.0159221 0.0412305 -0.0031018  0.0024693  0.00373236  -0.00495708  0.00150898  -0.00852021  4.1917e-05  0.00628974  0.00319516  0.00863998 
340 0.000144776 0.8317 0.0138593 0.0334572 0.00447907  0.00863083  -0.00344999  0.00107554  0.00300059  -0.00561304  0.00375644  4.55473e-05  -0.00194  -0.00510704 
341 0.000175115 0.91208 0.016989 0.0312189 0.00156766  0.00381209  0.00267898  -0.0034947  0.0138504  -0.0019317  -0.00210565  -0.00227375  0.00651752  -0.00214466 
342 -0.000213864 0.443411 0.00695971 0.0282758 0.00319453  0.000685573  -0.000954789  -0.00119045  0.00239954  0.0015652  0.00162171  0.00430092  0.00243506  0.000410746 
344 -0.000467275 0.22682 0.0226008 0.0318341 0.0151722  -0.0022569  0.00135404  -0.0139145  0.0027755  -0.00315024  0.00157726  -0.00204253  -0.00136596  -0.00734216 
345 0.000122716 0.72403 0.0104866 0.0384811 0.00053365  0.00154252  0.00581483  -0.00224631  -0.00206112  -0.00256466  -0.000657615  -0.00156666  -0.00648841  0.0035544 
346 -0.00137538 0.416945 0.0214048 0.0368522 0.00846559  -0.00581636  -0.00229691  0.00465505  -0.00145559  0.00877188  0.00738301  0.010678  -0.00206164  -0.00859532 
347 -1.52321e-05 0.473133 0.00127948 0.0522915 -0.000112705  0.000434284  0.000198754  -0.000260581  -0.000621977  -0.000441406  0.000667079  3.79356e-05  -0.000507457  -0.000206702 
348 -0.000186032 0.454777 0.00580279 0.052437 -0.000356082  0.000373663  -0.00273992  0.00245644  -0.00161522  0.000231322  0.00107192  0.00390245  -0.000887517  -0.000190743 
349 0.000146834 1.23208 0.0207348 0.054182 -0.00972612  -0.00505763  0.00413425  -0.010203  -0.00248897  -0.00650959  0.0042706  -0.00491255  -0.008305  0.00535242 
351 7.15311e-05 0.513679 0.00197895 0.0528097 6.2014e-05  -0.00014825  -0.000854446  7.90328e-06  0.00045864  -0.000206254  -0.00145911  -9.52124e-06  -0.000579278  0.000665379 
352 -0.000167641 -2.07577 0.0415573 0.0521281 -0.00498859  -0.000566061  -0.00498234  -0.0146815  -0.0305337  0.0145299  -0.00124557  -0.00868791  0.0127195  0.0088989 
353 -0.000171215 -0.201401 0.0219178 0.0537121 -0.0022642  -0.00293997  0.00647038  0.00281775  0.00560535  -8.35117e-05  -0.00180706  0.0072913  -0.00697859  0.0167409 
359 -0.000139832 0.492187 0.00209289 0.0552831 -0.000126694  0.00066371  0.000362111  -0.000664533  -0.000192569  0.000705496  0.00101163  0.000586083  0.000428282  0.00112507 
360 0.00029315 0.664161 0.0138746 0.0565337 -0.000509973  0.00888957  -0.00316894  -0.00268848  -0.000635898  0.00422215  -0.0024572  -0.00414448  -0.0010365  -0.00730968 
363 6.50114e-05 0.718182 0.00753241 0.0538791 -0.0010883  -0.0025135  0.00237316  0.00290466  -0.00133152  -0.00231306  0.00189874  -0.00101243  -0.00250974  -0.00413691 
364 5.68045e-05 2.43595 0.0209725 0.0532724 0.00850103  0.00912247  0.00217055  -0.000596406  -0.00558906  -0.00314604  -0.000407858  -0.000685708  0.0131776  0.00799207 
365 0.000592036 0.726864 0.0231782 0.0527366 0.00196646  0.0175196  0.000704598  0.00216334  0.00618717  -0.00781663  -0.0066903  -0.00677275  -0.00548523  -0.00107125 
366 0.000119138 1.52043 0.0220507 0.0467898 -0.00718496  -0.00138869  0.00150557  -0.000132876  0.00705926  0.0148755  -0.00279146  0.00191603  0.0118112  -0.00288397 
367 -0.000110303 0.423951 0.00579321 0.0454989 -3.32763e-05  1.42467e-05  0.00134483  0.000469025  0.00253196  0.00163983  0.000648851  0.00193238  -0.00417686  -0.000911248 
368 2.43375e-05 0.526352 0.00160177 0.0466954 0.000876189  -5.99148e-07  0.000154589  -7.61224e-05  -0.000872378  -0.000708253  -0.000363564  -0.000541027  -0.000242357  0.000148196 
369 0.000808227 0.640095 0.0212845 0.0464341 -0.00415275  -0.0070749  0.00525361  0.0036422  0.00147665  -0.0103003  0.00147188  -0.0100739  0.00437289  -0.0106685 
371 -0.000457162 0.0809595 0.0276854 0.0367182 -0.000816041  0.00734879  -0.0107578  -0.00147747  0.00281901  -0.00548837  0.000197347  -0.00290479  0.0231524  0.00336445 
372 -0.000626857 0.379072 0.0174212 0.0424911 -0.00961682  -0.00377652  0.00463658  -0.00551438  0.00320245  0.00240923  -0.001163  0.00708262  0.00874922  0.00084995 
375 -5.35854e-05 0.496355 0.00088474 0.0493208 0.000143748  8.60065e-05  4.45952e-05  7.59796e-05  9.28812e-05  0.000552056  0.000173952  -0.000170588  0.000518977  0.000323811 
377 5.51658e-05 5.82 0.0342596 0.0498611 -0.00147064  0.0169073  -0.013857  0.0053533  -0.000700556  0.00161334  0.00828009  -0.000685965  -0.0241977  -0.00271565 
378 0.000804773 0.671051 0.0234668 0.0493048 0.00599995  -0.0179009  0.00262641  -0.00523368  -0.00711895  0.00383008  -0.00836625  0.00172953  -0.00455912  -0.000916231 
379 -9.11687e-05 -1.262 0.0253484 0.0403301 0.00324158  -0.00452952  -0.00574292  0.00635662  -0.0090979  -0.0143497  0.00638282  0.00969832  -0.0106677  -0.000919393 
380 -0.000765718 0.409978 0.0166168 0.041445 0.00641461  0.000465359  -0.00238695  -0.005081  0.00139068  -0.00429329  0.00158728  8.19893e-06  -0.00785359  -0.0108938 
381 0.000428831 0.806693 0.0229352 0.0498367 0.00863828  -0.0133128  0.00819421  0.00528052  0.00914298  -0.000149639  -0.00293743  0.00672888  0.00579396  0.00283711 
383 -0.000256239 0.348937 0.0124452 0.0453317 0.00153374  0.00234118  -0.00373234  -0.0047481  0.000841398  0.00178495  -0.00482653  -0.00329034  -0.00714563  -0.00463664 
386 0.000942166 0.820366 0.0347425 0.0480753 -0.00394967  0.0124777  0.00543746  0.0106683  -0.0116418  -0.000226945  -0.00176454  -0.00408547  0.0249729  0.0106461 
387 0.000146472 0.901945 0.0153454 0.0370069 0.00196861  -0.0089997  0.00378729  -0.0046759  0.00208784  0.00341384  -0.00722042  1.49909e-05  -0.00618433  -0.00283022 
388 4.39289e-05 0.993235 0.00930953 0.0349721 0.00181444  -0.00164597  -0.00138316  0.00139377  0.0026144  0.00041644  0.00204921  -0.00101823  -0.00631231  0.00497196 
389 -0.000457883 -0.17754 0.0352297 0.0343383 -0.00544311  -5.46377e-05  -0.00740865  0.00876279  0.010679  0.00905338  -0.0148585  0.0168747  0.0194328  -0.000809025 
391 3.50967e-05 0.61387 0.00399828 0.0404612 -0.00024052  -0.00146988  -7.45403e-05  0.00262146  -0.000910093  0.000415912  0.000813167  0.000443265  -0.00110567  0.0019516 
392 -0.000965401 0.333824 0.0253462 0.0400252 0.00129606  0.000303087  -0.0138287  0.00530722  -0.00197632  -0.00547864  0.0103749  -0.00365207  0.0160894  -0.00273692 
394 0.000486069 0.539781 0.00880017 0.0506743 -0.000257956  -0.000610446  0.0040589  -0.00189055  0.000983877  0.00222336  -0.00172525  -0.000886733  -0.00600582  -0.00334826 
396 1.15511e-05 0.523699 0.00104644 0.0456282 -0.000245489  0.000552278  0.000592329  0.000109635  -0.000472749  0.000213439  0.000120919  0.000117922  0.000211149  0.000157285 
397 -0.000253734 0.454005 0.00683518 0.0455014 -0.00256535  0.000117685  -0.00119881  -0.00153783  0.000546253  0.00192347  0.00178766  0.0042728  0.000347255  0.00327894 
399 0.000716294 0.569123 0.0140795 0.0482094 -0.00124085  3.10382e-05  0.00643728  0.000749531  -0.00330408  0.000150446  0.00116318  -0.00317661  -0.00829156  0.00797226 
401 -0.000261537 0.451041 0.00715954 0.0401012 -0.000268071  -0.00339908  -0.000261832  -0.00117191  -0.00147268  0.00542738  -0.000762795  0.00167668  -0.00177119  0.000189567 
403 1.39827e-05 0.837978 0.00434779 0.0432398 0.00255525  -0.00131083  -0.00139207  0.0019121  0.00115823  -0.00116359  -7.81873e-05  -0.00118514  -0.000134047  -0.000968308 
404 0.000366549 0.531209 0.00676884 0.0430778 5.85247e-05  0.000851757  -0.00183863  0.000731868  0.0014533  -0.0030162  -0.00252504  -0.00299506  -0.00379764  -0.000440742 
406 -2.53416e-06 0.464758 0.000597695 0.0385903 6.95686e-05  0.000236459  -0.000174035  0.000422552  5.2661e-05  4.53943e-05  0.000228318  -0.000161672  3.92769e-05  5.48126e-05 
407 0.00064701 0.866159 0.0307803 0.0386232 -0.014871  0.00612337  0.00283735  -0.00181926  0.0164333  0.000115578  -0.00457033  -0.0116254  -0.00921239  -0.0129016 
410 9.06978e-05 0.686138 0.00821765 0.029068 0.00330962  -0.00104074  0.00405361  -0.00188213  0.00188766  -0.000469254  -0.00120127  0.00153345  -1.32075e-05  0.0052859 
412 -8.53549e-06 0.318451 0.00248968 0.0274637 -0.000390065  -0.000357101  0.000855375  0.00124973  0.00052585  -0.000251657  0.000584296  0.000145248  0.00154408  -0.000734037 
414 8.79762e-05 0.623532 0.00659343 0.0276186 0.00155125  0.00177402  -0.00299211  0.000752007  0.000459462  -0.00248254  -0.00300743  -0.00353088  -0.000426357  0.000577799 
415 -0.000311986 0.184511 0.0198445 0.0259772 0.0124661  -0.00331598  -0.00363375  -0.000365723  0.00100219  -0.00920825  0.00177615  -0.00408317  -0.00922136  -0.00483842 
418 -1.32852e-05 0.496452 0.000434294 0.0314142 0.000115118  -2.4332e-06  -0.000262698  -5.03011e-05  -0.000145405  -5.36598e-05  4.41894e-05  0.000184664  -0.000183411  -0.000100485 
421 0.000319811 0.815309 0.0200829 0.0316249 0.00479481  -0.00157343  0.0136982  -0.00241483  -0.00742752  -0.00448482  0.000900083  -0.00903316  0.00317451  0.00407649 
425 2.61398e-05 1.12806 0.0081036 0.026084 -0.00219927  -0.00188332  0.00137591  -0.00101112  0.00348335  0.00101655  0.00105043  -5.851e-05  0.00398373  0.0049219 
429 -2.71501e-06 -0.138023 0.00263229 0.0255781 0.000659176  0.000181987  -0.000343155  0.00147028  -1.96487e-05  0.00036692  -0.00126086  -9.39908e-05  -0.00154859  -0.000223893 
430 -0.000196934 0.404272 0.00868532 0.0256311 -0.00161312  -0.00613004  -0.00335723  -0.00354245  0.00168592  -0.000386973  0.00263235  -0.00109152  2.45442e-05  0.000567235 
431 -5.36001e-05 -1.11568 0.0186118 0.0292217 0.00310601  0.00355826  0.00705523  0.00235736  -0.00495175  0.00887323  -0.00224235  0.00183682  0.00607836  0.0109615 
435 -0.000653625 -0.478778 0.050589 0.0301249 -0.0156997  -0.00129038  0.00491507  0.0172412  -0.00438888  -0.0428572  -0.0039245  0.003462  -0.00712535  -0.007452 
436 4.69891e-06 1.11429 0.00339794 0.0395139 -0.00108665  -0.000669115  0.000771984  -0.00125242  -0.00136035  -0.000228093  -0.000473827  -0.00189761  -0.000432961  -0.00135554 
439 -3.8253e-05 0.477628 0.00185039 0.0394544 0.00127524  -0.000533525  -0.000130622  -0.000360747  -0.000189181  -0.000298163  0.00089968  -0.000431668  -0.000477914  -0.000130423 
441 3.09351e-05 0.58433 0.00323039 0.0399362 0.00122206  0.00167577  0.000692216  0.000344743  -0.000872003  0.000592837  -0.000178467  -0.000988657  -0.00121727  0.00139027 
445 0.000100808 0.549213 0.00445513 0.039547 0.000471091  -0.00242789  -0.000524963  -0.00268351  -0.000720369  0.00159322  0.000357694  -0.00070443  0.0012513  0.00100381 
446 0.000155135 1.47507 0.0245965 0.0382513 0.00272608  -0.00223816  0.00685228  -0.00114893  -0.00175889  0.0130102  0.011849  0.0150844  -0.00108081  0.001675 
447 -4.99076e-05 -0.533644 0.0143648 0.0361668 -0.00739638  -0.000785135  -0.00634162  0.000240706  0.00679119  0.00214432  0.00501573  0.00532822  0.000290859  0.0025299 
448 -6.55763e-06 -20.7221 0.023593 0.0368504 -0.0025128  0.00765102  0.00270259  0.00478733  -0.00161391  -0.00200805  -0.0191317  0.00570931  -0.00653984  -0.00367861 
449 1.13435e-06 2.90161 0.00330107 0.0369392 -0.00176242  -0.000586627  -0.000302115  -0.000462474  0.000992197  0.00176138  0.000669976  0.00154015  0.000471417  0.000107496 
450 -5.36965e-05 -0.0775447 0.0111378 0.0369239 -0.00440742  0.0031817  0.00188033  0.00440798  0.001202  0.00662373  -0.00449749  -0.000293915  -0.00166344  0.00177125 
454 8.23351e-05 0.546991 0.00393429 0.037644 -0.00139358  1.01956e-05  -0.00173458  -0.00178175  0.00161605  -0.000435347  0.000739904  0.000275355  0.00197837  -0.000121289 
455 -0.000174878 0.423771 0.00730362 0.0365341 -0.00294719  0.00154333  0.00154251  0.00277676  -0.00247413  -0.00184454  -0.0036623  -0.000665863  0.00240204  0.00174243 
456 0.000379423 0.760598 0.0198868 0.038854 0.00729912  -0.00204498  -0.00804712  -0.0103383  -0.00473159  0.000374937  0.00516157  0.00460168  0.00979215  0.000396916 
463 -2.54017e-05 0.341167 0.00401734 0.0336197 0.000139414  0.00114239  0.00239765  0.0013406  0.0002442  -0.000890242  -0.000690508  -0.00141172  8.92393e-06  0.00198662 
464 -0.000533981 0.414355 0.0135321 0.0339953 0.00487888  0.00348319  0.00886765  0.00256516  0.00232318  0.00373325  -0.00038006  0.00467818  -0.000814087  0.00446548 
465 -0.000362015 0.304299 0.0168373 0.0411073 0.00454356  0.00472414  0.00610191  -0.00180384  0.00983938  -0.00672418  0.00618756  -0.00428665  -0.000570322  0.00101494 
466 0.000123327 7.07876 0.0569547 0.0452978 -0.028788  0.00494461  -0.0323298  0.0177769  -0.0130199  0.0230493  0.00279001  -0.00736108  0.0111833  -0.0118985 
468 -0.000412128 0.349562 0.015752 0.0439155 -0.00552056  0.0109202  0.00235097  -0.00153558  0.00618508  -0.00108567  -4.79091e-05  0.00167068  -0.00637442  -0.00276635 
470 0.000436266 1.16901 0.0341634 0.0483816 0.0122117  0.000415674  -0.011446  -0.0224377  0.0102162  -0.00631044  -0.0056333  0.00239897  -0.0109961  0.00898771 
472 0.000114751 0.677527 0.00902702 0.0436418 0.00168948  -0.00154019  -0.00128163  0.000688816  -0.00758683  -0.00114828  -3.94378e-05  0.00276081  0.00257101  0.00101551 
473 -0.000250724 0.338366 0.0127338 0.0423068 0.00038076  0.00652261  0.00118215  0.00838156  0.00463904  -0.00118461  0.00195842  -0.00306383  -0.000979976  -0.00327208 
475 -0.000287562 -1.47316 0.0476377 0.0451732 0.0180288  -0.0153705  0.0120602  -0.00334362  0.00811822  -0.0190901  0.000667647  -0.00842518  -0.0217951  -0.0239716 
476 0.000790217 0.660397 0.0225183 0.0482517 0.00326073  -0.00767813  -0.00347434  0.00487624  -0.0108349  0.0130119  -0.00984017  -0.0021581  0.00366649  -7.28239e-05 
477 -0.000144991 0.478328 0.0035469 0.0392214 0.000340874  -0.00116629  0.000555179  -0.00119643  0.000975567  -0.00125234  -0.000532551  0.00175932  -0.000224734  -0.00184798 
479 -5.89384e-05 -0.0464475 0.0113503 0.0410283 -0.000351181  -0.00653902  -0.00684777  -0.00193141  -0.000406553  -0.00124798  0.00161849  0.00357886  0.00365115  0.00220103 
480 -0.000390478 -0.216635 0.0334583 0.0417404 -0.00239831  -0.0268534  0.000748017  0.00402529  -0.00884066  0.00523737  0.00437199  -0.0145572  -0.000794635  0.00621246 
482 0.000575814 0.601651 0.0153042 0.0461824 0.00253406  0.0072151  0.00920477  0.0032111  -0.00178133  0.00410041  -0.00455864  0.00334384  0.000913785  0.00528372 
483 -0.000200275 -0.54852 0.0289825 0.039461 -0.00442922  0.00417856  0.0114209  -0.00188878  -0.000736473  -0.019172  0.00573788  0.00577694  0.00137429  0.0152515 
484 0.00104947 0.585625 0.0189681 0.0419221 0.000697066  0.0105378  -0.00324384  -0.00492988  -0.000178556  0.0116009  -0.00494928  -0.00658473  0.00298197  -0.00143881 
490 1.08472e-05 0.502918 0.000355884 0.0266185 5.6357e-06  0.00017009  6.07829e-05  -2.10697e-05  -3.61793e-05  0.000214385  -1.95712e-05  -0.000211546  -8.81518e-06  -3.27182e-05 
491 -0.000202411 -0.78499 0.0322548 0.0264139 0.00751203  0.0176054  0.00360477  -0.00144258  -0.00924153  -0.00478818  0.00401654  -0.0157599  0.0160905  0.00521279 
493 -0.000321261 -0.114073 0.0280929 0.0300021 0.0060283  0.0111621  -0.00697462  0.00477372  0.00660663  0.0119146  0.00591268  0.00319244  -0.0177906  -0.00309584 
495 -0.000486115 -0.296049 0.0393456 0.0349491 -0.00710277  -0.00301344  0.00637184  -0.0199962  0.00106001  0.025664  0.014155  -0.00510141  -0.00452703  -0.0118935 
496 -0.00010912 0.0943123 0.0133074 0.041324 -0.00203039  0.00598626  -0.00758213  0.00621483  -0.000916919  -0.00369598  0.00242259  0.00227229  -0.00237306  -0.00313875 
497 0.000299492 0.63178 0.0125653 0.0426239 -0.00208431  0.00131953  0.0046834  0.00102151  -0.003515  -0.000622018  -0.000659509  0.00429885  0.00591334  0.00788662 
499 4.62206e-05 0.525073 0.00215324 0.0389532 0.00011996  -0.000720902  -0.000390738  -0.000703197  -0.000734088  -0.00098143  0.000538215  -0.00109307  0.000683641  -3.54896e-05 
500 3.92932e-05 1.68293 0.0136351 0.0383554 -0.00500643  -0.000345582  0.00322824  0.00476955  0.000179226  -0.00921273  0.00158633  -0.00453547  -0.002633  -0.00355486 
501 0.000118509 0.688282 0.0094474 0.0378397 0.00486629  0.000838909  0.00144956  -0.00313632  -0.00470124  -0.00258051  -0.00419137  0.000859446  0.00184655  0.00156668 
