generation s h r distopt trait[0] trait[1] trait[2] trait[3] trait[4] trait[5] trait[6] trait[7] trait[8] trait[9] 
4 0.00189555 0.578388 0.0244036 0.15 0.00043599  -0.00870718  -0.00385702  0.00703348  -0.0102707  0.00775425  0.00215988  0.0155457  -0.00496543  -0.00431074 
5 0.00575166 0.60939 0.0502508 0.193071 -0.00684453  -0.0164686  0.0108816  -0.0290453  -0.00280684  -0.00981414  0.00965291  -0.0287003  0.0115113  -0.00956293 
8 0.00272098 0.68109 0.0444015 0.325958 -0.0377927  0.00153277  0.00553518  0.00197274  -0.00360477  -0.00518468  0.0110165  -0.00110735  0.018325  -0.00283924 
10 0.0233291 0.534065 0.0583681 0.420328 -0.00361978  -0.0309065  -0.0112564  -0.0202206  -0.0196541  -0.0159542  -0.0208596  -0.0132612  -0.0129332  0.0219969 
13 0.0172096 0.553979 0.061871 0.539995 -0.00890595  -0.0162121  -0.0131592  0.00587452  -0.00056474  0.0513972  -0.00366843  -0.00806269  0.022607  -0.00683145 
14 0.0951888 0.594892 0.196148 0.573348 -0.117216  -0.0872002  -0.0318357  -0.0619765  0.0298686  -0.0307141  -0.000385203  0.0774644  -0.0269305  -0.0609439 
15 0.0600557 0.525322 0.0871882 0.53436 -0.00375943  -0.046939  0.0280824  0.0407266  0.0204292  -0.000232729  0.0186876  -0.0174559  0.0101336  0.041989 
18 0.0149182 0.519158 0.0352732 0.621728 -0.000548127  -0.0129532  -0.0146226  -0.00377847  0.0141833  -0.0076757  0.00148456  -0.0212001  -0.0115974  -0.00133484 
20 0.0341556 0.576464 0.104029 0.707407 -0.0125273  -0.0284174  0.00850094  0.0280351  -0.00677185  0.000937743  0.0674292  0.0385762  -0.0511211  0.0174493 
23 0.0139066 0.659743 0.0943939 0.829556 -0.0373943  -0.0128006  0.0081094  0.0064781  -0.00614159  0.0145547  0.0521031  -0.0506931  -0.0165117  -0.0378626 
24 0.0155343 0.526172 0.0416195 0.869438 -0.0301467  -0.00790467  0.0216427  -0.0027949  -0.0152975  -0.000240895  0.00532198  -0.00242986  0.00280894  -0.00290984 
25 0.0517446 0.525192 0.0796988 0.908589 0.0063997  -0.0295849  -0.00253825  0.0214054  -0.0290739  -0.0388318  -0.0109334  0.0390727  0.013883  -0.0279084 
26 0.104404 0.509911 0.0941311 0.928664 -0.00508807  -0.0588976  -0.0693565  0.00140461  0.00375312  0.00753349  0.0122736  0.00899176  0.0138265  0.00774817 
29 0.0318505 0.543962 0.0774649 1.01865 0.00273884  -0.0224502  0.0350232  -0.00492355  -0.0221318  -0.00989974  0.0374642  -0.0439514  -0.0159919  -0.00771841 
30 0.0294384 0.533059 0.0652334 1.05153 -0.00558243  -0.0146978  0.00805236  0.0135854  0.038944  -0.0273135  -0.0143647  0.00728598  -0.0121219  -0.0330118 
31 0.0783062 0.499638 0.0522692 1.08607 -0.00620461  -0.0350899  -0.00320272  -0.00665077  0.0308135  0.000350307  -0.0025067  -0.0143698  -0.0110955  0.0110591 
33 0.0843685 0.56386 0.154613 1.14794 -0.0125109  -0.0405722  -0.0924338  0.00494641  -0.0169073  0.0372863  -0.0681971  -0.0672342  -0.0454288  -0.0249551 
35 0.0263519 0.561773 0.0822179 1.20908 -0.0395934  -0.0077723  -0.00356476  0.0161608  -0.0313399  -0.0311782  -0.0464544  -0.00790905  -0.0247713  0.00833068 
38 0.100896 0.507012 0.0855068 1.34377 -0.0429883  -0.033391  0.0384475  -0.0309552  -0.0136926  0.0143343  -0.011987  -0.00659361  -0.036242  0.00429341 
42 0.0347341 0.716728 0.173411 1.45308 -0.0641562  -0.0237111  -0.00808598  -0.052615  0.0407228  0.0796783  0.0558819  -0.0911742  0.0081139  -0.0552364 
44 0.186185 0.659148 0.348632 1.44128 0.0490007  -0.139195  -0.215333  -0.186906  0.0988637  -0.00515684  0.0639326  -0.0201688  -0.0528332  0.0371478 
45 0.0178971 0.500734 0.0144714 1.38078 -0.00303468  -0.00938835  -0.00539347  -0.00366422  6.15269e-05  0.00248233  0.00727791  -0.00115346  0.00274882  0.00123851 
51 0.0110415 0.506573 0.0186812 1.37434 0.00700089  -0.00544271  0.00215277  0.00305234  -0.00734895  0.00109082  0.0113838  -0.00523091  0.00530078  -0.00401887 
52 0.0468418 0.565217 0.113885 1.37034 -0.0322266  -0.0135617  0.00875005  -0.00471379  -0.0132415  -0.0771119  -0.016215  -0.0530981  0.0493783  0.00254482 
54 0.0413223 0.546561 0.091394 1.35353 0.0127195  -0.0259306  0.00286072  0.0286742  0.0424892  -0.0336182  -0.017402  -0.0205519  0.000340719  -0.0550222 
55 0.0680153 0.501966 0.0517865 1.33849 -0.0149007  -0.0242542  0.00714481  0.00678939  0.0044505  0.0262964  0.011521  0.0127523  0.00553694  -0.0271492 
58 0.0859389 0.504187 0.0691187 1.31368 -0.00671743  -0.042746  -0.0293498  -0.00306775  -0.0112525  -0.0121333  0.0208757  -0.0125842  0.0021971  0.0340795 
59 0.0119603 0.501566 0.0120469 1.28192 -1.73032e-05  -0.00183623  0.000709543  -2.4176e-05  -0.00299114  0.00418304  -0.00415023  0.0093331  -0.00307489  0.00101057 
60 0.0194943 0.536077 0.0545111 1.27727 -0.0114136  -0.00237984  -0.000293991  -0.00242371  0.00917835  0.0384666  -0.00143011  0.0122433  0.0314374  -0.0111978 
61 0.0460618 0.502649 0.0386136 1.26969 -0.0091118  -0.0135104  0.00206071  0.00989392  0.00904954  0.0131592  -0.0066242  0.0198893  -0.019754  0.00621142 
66 0.0721679 0.561276 0.139512 1.25183 0.0158917  -0.0183731  0.00859722  0.0907948  -0.0179326  0.0996214  -0.00898612  -0.00301979  -0.013272  0.00662392 
69 0.0119586 0.509888 0.0232549 1.22368 -0.00438912  -0.00582088  0.00215893  0.000185203  0.0158244  0.00212431  -0.0057231  0.00262874  0.00700871  -0.0117999 
70 0.309397 0.556563 0.31047 1.21882 -0.151113  -0.169564  -0.05814  -0.00855838  0.118675  -0.126031  0.0339127  -0.0403333  0.0860311  0.0347211 
73 0.0174527 0.508928 0.0277043 1.1027 -0.00872338  -0.00414033  0.00606835  0.0142293  -0.0149818  -0.0070075  0.00265601  0.00124568  0.000466072  -0.0123534 
74 0.0076116 0.548574 0.0387526 1.09483 -0.00984405  -0.00525181  0.0116076  0.00714408  0.00147663  -0.0018937  0.0175628  0.000659453  -0.0292394  0.00468069 
75 0.0122338 0.503373 0.0154269 1.09136 -0.00733048  -0.00895224  0.000216806  0.00116392  0.00256693  0.000451253  -0.00525364  -0.00815344  -0.000414784  0.00128977 
77 0.0202252 0.550389 0.06507 1.08577 -0.0151547  -0.00215848  0.00137166  -0.00189866  -0.0523021  0.0109733  -0.0259095  -0.0123556  -0.00439078  -0.0171794 
78 0.00223918 0.586515 0.0278649 1.07651 0.0161552  -0.00593869  0.000630943  -0.00701673  0.00421362  0.0130691  0.0132518  -0.00792673  0.00185042  0.000371049 
84 0.0516471 0.506453 0.0506673 1.07547 -0.0124935  -0.0235202  -0.0104438  0.0201768  0.0183234  0.00112152  -0.0151549  0.0271329  0.00390529  -0.0048565 
86 0.0659346 0.504169 0.0556991 1.0518 -0.00843891  -0.0380375  0.0192749  0.00561367  0.0249288  0.0116622  -0.0147779  -0.0143276  0.00032423  0.000272145 
87 0.0504949 0.517523 0.0682923 1.021 -0.014166  -0.0262181  0.0346958  0.0225932  0.00410537  -0.0120528  0.0239362  -0.0167699  -0.0209953  0.0245852 
90 0.036544 0.508072 0.0424583 0.996579 0.0099048  -0.0251791  -0.00669901  0.0121384  0.00451516  -0.00179697  -0.0238968  -0.00906482  0.00157643  -0.0141092 
94 0.0216991 0.553639 0.069523 0.978406 0.00320793  -0.00978663  0.041105  -0.00497654  0.0452458  0.00714245  0.018825  0.0230351  -0.00347357  -0.00421125 
98 0.0226739 0.598009 0.0950318 0.967373 -0.0373445  0.0201516  0.0318545  -0.00679358  -0.0480813  0.0333159  -0.0253336  0.00372117  0.0429189  0.0158127 
100 0.0209947 0.506321 0.0272232 0.955715 -2.75308e-05  -0.00541888  0.000119072  -0.0125375  -0.00268477  0.00518904  -0.00826977  0.0191655  0.00788225  -0.00475046 
101 0.0125405 0.501105 0.0115209 0.944782 0.00084094  -0.00556061  0.00365945  0.00689897  -0.00174126  -0.00352022  0.00389598  -0.000454886  0.0021393  0.00217514 
102 0.00715862 0.523955 0.0266245 0.938164 0.010411  -0.00861613  -0.00993861  0.00941264  -0.0023576  0.0100193  -0.00376555  -0.00487487  -0.000442832  -0.0139563 
104 0.0253928 0.508747 0.0345201 0.934354 -0.00148086  -0.0146455  0.0107871  0.015614  0.00244888  0.00700357  -0.00392929  0.00795209  -7.94878e-05  -0.0219332 
106 0.0415037 0.510058 0.049621 0.920838 -0.00709745  -0.023303  0.00992659  -0.00186365  0.00708298  -0.0364445  0.0049195  0.0174028  -0.00269433  -0.00735781 
107 0.0175276 0.513065 0.0325406 0.898486 0.0157149  -0.00698144  0.0154567  -0.0098304  0.00498861  0.00185324  -0.00334762  -0.0114514  -0.00460394  0.0153553 
108 0.0814208 0.532543 0.115039 0.888764 0.0137206  -0.0191164  0.0142407  0.0646889  0.0116387  -0.0224912  -0.0399753  0.056891  0.0529113  0.00414646 
110 0.0410791 0.50393 0.0379864 0.843579 0.0214687  -0.0199225  0.0115801  -0.00704656  0.00317119  0.00228634  0.00510858  0.00575909  -0.012243  0.0133025 
111 0.0552541 0.532069 0.0913094 0.81937 0.00299904  -0.0415592  0.0327821  0.0271315  -0.0116452  0.0233915  0.0026375  -0.0523796  -0.0242578  0.0277249 
112 0.0423265 0.53624 0.082844 0.785866 -0.00865715  -0.0380991  -0.0124481  -0.0507754  0.0320814  -0.00632547  0.0133158  0.0219887  0.0161714  0.0247383 
115 0.048522 0.510733 0.0561761 0.759033 0.03048  -0.0328648  0.014241  -0.00754511  -0.0182585  0.00392082  -0.00616385  -0.0217092  0.0032041  -0.00431252 
119 0.0387862 0.533566 0.0763496 0.727151 0.017805  -0.0218362  0.0123199  0.00435945  -0.0369033  -0.01456  -0.0153237  0.00214267  0.0134514  -0.0535765 
120 0.045583 0.555284 0.104099 0.700497 0.00176801  -0.059059  0.0320159  -0.0216006  0.0470207  0.0160394  -0.0238945  -0.0214228  -0.0358751  0.0326925 
121 0.012375 0.578341 0.0626723 0.667923 -0.0180342  0.00231226  -0.00144813  -0.0400705  -0.00151077  -0.0137672  -0.00281421  0.0422289  0.00155301  -0.00201888 
122 0.0917073 0.565963 0.164067 0.658652 -0.0391594  -0.10419  -0.0139805  0.0680284  -0.0396947  -0.0134679  0.0861044  -0.0131158  0.0188423  -0.00274521 
123 0.024331 0.556499 0.0756165 0.588285 0.00583012  0.00186429  0.0576213  0.0310611  -0.00184082  -0.0284791  -0.0146685  0.0124823  0.00556907  0.0133772 
124 0.00937551 0.587276 0.0574453 0.567486 -0.00687007  0.0104005  -0.0179992  -0.000525493  -0.0183738  -0.0208904  -0.0280524  0.0280335  0.0134172  -0.0171322 
125 0.00863957 0.50697 0.0166385 0.559203 0.00377752  -0.00197784  -0.00316839  0.00157088  -0.0127295  0.00538809  0.00562812  0.00245487  0.0017813  0.00376879 
126 0.0210706 0.83513 0.167545 0.551458 0.121365  -0.0668259  0.0606481  0.00178708  0.0658725  -0.0163234  0.00534741  -0.00777684  -0.00841976  -0.020715 
129 0.020455 0.516442 0.0391971 0.532216 0.00112861  -0.00772074  0.00452487  -0.00293036  -0.0216356  0.0276336  -0.00104305  0.00139781  -0.0144006  0.002082 
130 0.0490207 0.532905 0.0862432 0.51284 0.00653945  -0.044271  0.0252866  0.0551293  -0.0118522  -0.00708661  -0.0183138  0.0130705  0.0166942  0.027945 
131 0.0371804 0.530537 0.0715715 0.463841 0.0150998  -0.0152817  0.00131775  -0.0238367  -0.0335727  -0.0328594  -0.0235871  0.0138106  0.0170623  0.0290853 
132 0.0508131 0.562272 0.116416 0.422661 0.00789066  -0.0338158  -0.0134885  -0.0287638  -0.0682712  -0.00608856  -0.0762371  0.0217799  -0.0106568  -0.0154749 
133 0.0158988 0.533572 0.0473502 0.359274 -0.038312  -0.0137913  -0.00558595  0.0156015  -0.00496884  0.0106803  0.00741648  0.00559083  0.000376806  0.00917949 
135 0.00518134 1.06538 0.108091 0.336607 0.0171989  0.0125188  0.0016699  -0.0609991  -0.0237779  0.0136161  0.0621013  0.0250994  0.0431506  0.0202028 
140 0.0274611 0.557929 0.08148 0.328841 -0.0271276  -0.0122585  -0.00710416  -0.0144548  -0.0221425  0.0394215  -0.0186912  0.0539179  0.0135075  0.00317968 
141 0.023591 0.574538 0.0849561 0.284685 -0.00552765  -0.030592  -0.0145699  0.0013489  -0.0118338  0.0273837  0.00272762  0.00689474  0.00353374  0.0712716 
142 0.00471574 0.69567 0.0607586 0.240268 -0.0203723  -0.0120916  -0.0180176  0.0275532  -0.0195538  0.0171902  0.0309817  0.0181129  0.00433586  0.00787112 
146 0.0153143 0.583111 0.0718663 0.230269 -0.014124  -0.0498596  0.00628965  0.0157407  -0.0272113  0.0275914  0.00607618  -0.0135718  -0.0197405  0.00891229 
150 0.0103383 0.730571 0.0976088 0.194488 0.0249433  -0.0616494  -0.0191849  -0.0208978  -0.0469509  0.00177277  -0.00725905  0.0144818  0.0307112  0.0297784 
151 0.0032233 1.46673 0.11149 0.165953 0.041661  0.0152829  0.0341909  0.0346139  0.0619663  -0.0377105  -0.0375122  0.0179887  0.0293338  0.0155109 
156 -0.00012227 0.302224 0.00983569 0.155956 -0.00256602  0.00489518  0.00415691  -0.00153  -0.00123341  0.00165992  -0.00268437  -0.00520832  -0.00194837  -0.00204145 
159 -0.000279588 -0.0791344 0.025451 0.156348 -0.00550732  0.000930877  0.00699071  -0.0102239  0.0120738  -0.000565758  -0.0138321  0.00588178  0.00246134  0.00922399 
161 0.00585444 0.609351 0.0506902 0.157239 0.0061327  -0.0239389  0.0305702  0.0113289  0.00885636  -0.0212598  -0.0010701  -0.000770017  -0.0142576  -0.012669 
162 0.00274053 0.518634 0.014413 0.13743 0.00387125  -0.00477632  -0.000377438  7.74402e-05  -0.00598543  0.00521025  -0.00511922  0.00736992  -0.00359409  -0.00365696 
170 0.00350108 0.625294 0.0419203 0.127083 0.00367081  -0.0178933  0.0168959  -0.00503502  -0.0215249  0.00546207  -0.0233761  -0.00717952  -0.00444518  -0.00139276 
171 0.00258318 0.647709 0.0390807 0.112495 -0.00902014  -0.00905962  -0.0227677  0.00337533  0.0130213  -0.000878024  0.00783509  -0.0108012  -0.0213939  0.00529348 
174 0.000794252 0.851029 0.0333907 0.100376 0.014576  0.000946089  0.00364128  0.00374462  -0.00950419  0.0188737  -0.0150731  0.00637717  -0.000566049  -0.0126322 
187 0.000951483 0.527928 0.0103291 0.0963397 -0.00344062  0.0010828  -0.00235091  -0.00532427  -0.00562288  -0.00270976  -0.00047388  0.0016819  -0.00336574  0.0025426 
188 0.00441865 0.824057 0.0756346 0.0912706 -0.0176761  -0.0176766  -0.0236041  -0.0303512  -0.0184992  -0.011744  0.0335372  0.0305914  -0.0326553  -0.00320051 
191 0.000205921 0.601372 0.0091384 0.0626211 -0.00504537  0.00226699  0.00488538  0.000167566  0.00310309  -0.00206727  -0.00308924  0.000371812  0.00150876  0.00177748 
199 0.000289193 0.600708 0.0107944 0.0609549 -0.000445359  -0.00490354  0.00317578  0.00182772  -0.00653745  0.00245403  0.000817562  -0.00532432  0.000654355  -0.000803232 
201 0.000361703 1.23849 0.032683 0.058535 -0.00252562  -0.018304  -0.0108746  -0.0118149  0.000611996  -0.0105619  -0.0179152  0.00557194  -0.00220739  -0.000338782 
202 0.000182149 0.707791 0.0123043 0.0553598 -0.00233269  0.00518007  -0.00169599  -0.000716912  -0.00233353  -0.00591974  -0.00463983  0.0039822  0.000225789  -0.00614862 
205 0.000315247 1.07549 0.0269361 0.0536897 -0.0100298  0.00347206  0.0110951  0.00986135  -0.000506968  -0.00734557  -0.0134284  0.00885874  -0.00286886  0.00844463 
207 0.00110803 1.00873 0.0474711 0.0506693 0.011335  0.00439752  0.0187082  0.00679085  0.0113002  0.0251787  0.00566941  0.00303235  -0.00929105  -0.02864 
208 0.000318404 0.552879 0.00820895 0.0382095 -0.00632133  -0.00190739  -0.00237789  0.00168649  0.00214411  -0.00113517  0.002423  -0.000890901  0.000978509  0.00133531 
209 2.88502e-05 0.803384 0.00591697 0.0337877 0.00186176  -0.000895052  -0.00155801  0.000368492  -0.00233177  -0.000890039  0.00326738  0.00119014  -0.00310345  0.000476528 
210 -0.000552016 0.394465 0.0152721 0.0333581 0.00286463  -0.00421391  0.00661502  0.00117936  0.00944392  -0.00614898  -0.0029631  0.00503285  -0.00055269  0.000843766 
211 0.000289356 0.626548 0.0121032 0.0408035 0.000299748  0.00095428  -0.00298641  0.00273097  -0.00388338  -0.00383291  -0.00254666  -0.000726538  0.00898517  0.00340467 
213 -4.76011e-05 0.341313 0.00549694 0.0370893 0.00282847  -0.000685359  -0.00155493  0.000592363  0.00263435  0.000821562  0.00276013  -0.00123719  -0.00148693  -5.47746e-05 
219 0.000449922 0.615483 0.0144181 0.0377255 -0.00157961  0.00241262  -0.00576308  0.00860284  -0.002968  0.00317753  0.00587245  -0.00240011  -0.00558225  0.00142537 
221 5.92414e-05 2.28023 0.0205382 0.0311993 0.00384503  -0.00507173  -0.00109387  -0.00415388  -0.00652881  0.00298997  -0.0175101  0.000668074  0.000194954  -0.00205164 
224 6.70891e-06 1.50481 0.00519274 0.030235 0.00112999  -0.000431965  0.00218389  0.00184626  0.000515069  0.00115786  0.000746871  0.000854422  0.00308017  -0.00222303 
226 -0.000230382 0.434801 0.00775342 0.0301239 0.00107657  -0.00105907  -0.00128569  -0.0060199  -0.00214686  0.00107634  -0.00123806  0.00322569  0.00149262  -9.69829e-05 
230 -0.000261376 0.247816 0.0162394 0.0337321 0.000394512  0.00565558  -0.00270072  -0.00452685  0.00214447  0.00923933  0.0032331  -0.0060109  -0.00664332  0.0048073 
231 -0.00013712 0.223595 0.0123134 0.0374068 -0.00581054  -0.00421813  -0.00161579  -0.00341134  0.000419042  -0.00276926  -0.00154887  0.0045131  -0.00152326  0.00727218 
233 -0.000203156 -1.12185 0.0363028 0.0391969 -0.00291445  -0.0226279  0.00639227  0.0195451  -0.00680552  -0.000585957  -0.00183918  0.014281  0.0101608  0.00415653 
236 -1.29838e-06 -5.36716 0.00552006 0.0417082 0.000574317  -0.000835903  0.00197366  0.000203882  -0.00244393  0.0025674  0.00167713  -0.0016461  -0.00271471  0.000221788 
240 3.04542e-05 0.507739 0.000971149 0.0417237 -0.000575473  1.37223e-05  0.000439361  -3.80815e-05  7.11942e-05  0.000262985  0.000104685  -0.000552293  0.000151344  -6.45205e-05 
241 -0.000115175 0.352359 0.00824792 0.0413572 0.000434215  0.00100954  0.00299381  0.00107136  -0.00224526  0.0051948  -0.0021966  8.21198e-05  -0.00336766  -0.00291716 
244 -0.00040375 -0.650045 0.043097 0.042727 0.00234312  0.0277148  0.00167884  0.0274949  -0.00809781  2.00912e-05  0.0148067  0.00175244  0.00237096  -0.00560861 
245 2.53428e-05 7.96916 0.027515 0.0472168 0.00413464  -0.00827901  -0.00372805  -0.0159332  0.00447856  0.0159829  0.00529914  0.000200462  0.00509997  -0.00860437 
246 0.000321242 0.65603 0.0141601 0.0469477 -0.0082387  -0.000452136  -0.000431531  0.000758137  0.00721641  -0.00173715  -0.00363736  0.00109349  -0.00620119  0.00486743 
248 0.000141065 0.522332 0.00355107 0.0433924 -0.000985627  -0.000353981  0.000622468  0.00139784  -0.00162706  -0.000977283  -0.000387806  -0.00149055  0.000296531  -0.00176336 
249 0.000807327 0.690719 0.0248178 0.0417354 8.21551e-05  0.00302774  0.00312304  0.00214724  0.00211404  -0.00989847  -0.0109545  -0.016288  0.00553445  -0.00860261 
250 -9.177e-05 -0.324318 0.0173953 0.0305752 -0.00939387  0.0052994  0.00452442  -0.00879402  0.00431353  0.00257023  0.00451734  -0.00165544  -0.00570756  0.00274367 
254 -0.000278209 0.17777 0.0189384 0.0320408 -0.00484089  -0.00124755  -0.00407879  -0.00132683  0.00601339  0.00299927  -0.0094426  -0.00464848  0.000924802  0.0125894 
256 -0.000459038 -0.150668 0.0345677 0.0361229 0.00430277  -0.0238228  -0.00966907  0.0161603  0.00146826  0.00862537  0.0120363  0.00200572  0.00131747  -0.00520155 
257 0.000463105 0.735961 0.0209065 0.0420001 0.00365415  -0.00381122  -0.00771636  -0.0141628  -0.00594111  -0.00159879  0.000141905  0.00140223  -0.00306069  -0.00999356 
259 0.000769818 1.02597 0.0402362 0.0360695 -0.0148904  0.00819352  -0.0136644  -0.00242411  -0.00406448  -0.0311069  -0.00205418  0.000436984  0.00930456  0.00789676 
260 -5.42501e-05 0.461927 0.00287464 0.023054 -0.00167454  -0.000776615  4.38208e-05  0.000483556  0.000250721  -0.000964449  0.000186454  -0.000859024  0.00096965  -0.0013837 
261 -0.000289434 0.421379 0.00954336 0.024202 -0.00526645  0.00109275  -0.00266712  0.00187422  0.00114838  0.00191642  -0.00449481  -0.000585922  0.00350866  -0.00369747 
262 -0.000365283 -0.345611 0.0351518 0.029584 0.0136267  0.00163856  -3.89339e-05  0.0041552  -0.0238522  0.00311102  -0.0082518  -0.00208644  -0.00797272  0.0177595 
263 -0.000274292 0.369492 0.0119684 0.0352216 0.00488839  0.000180294  0.00249098  -0.00614928  -0.000644629  0.00264122  -0.00290012  -0.001702  -0.00164393  0.00734128 
264 9.62874e-05 0.864301 0.0118451 0.0389216 -0.00377208  0.00392597  -0.0022563  0.00276958  -0.00233278  0.00584769  0.00266719  -0.000919361  0.00410685  -0.00578273 
267 0.000570769 0.6451 0.0182025 0.0376644 0.00144102  -0.00163488  0.00534119  0.00544907  0.00661433  -0.00336869  0.00739761  0.00996159  -0.00601386  -0.00481022 
270 -0.000247644 0.40171 0.0098694 0.0291205 0.00251441  -0.000332224  0.00475952  0.00717859  -0.0029315  -0.000655964  -0.00225146  0.000265157  0.00155433  0.000455949 
271 -6.7376e-05 0.443112 0.00391591 0.033101 0.00137866  0.00171044  0.000154953  -0.00144022  -0.00116867  0.000859801  -0.00164865  -9.54216e-05  -0.00111171  0.00153027 
273 -0.000455822 0.238074 0.0218575 0.0341036 -0.0118273  -0.00728734  -0.000361751  0.000785153  0.0014111  0.00478192  -0.00575904  -0.00336369  0.0143981  -0.00271489 
274 0.000398747 0.949861 0.0267842 0.0402366 -0.00820073  0.000651105  -0.00128206  -0.00540609  0.00812741  0.00290058  0.0181098  0.00198082  0.00179192  -0.0144665 
281 9.25079e-05 0.705122 0.00871215 0.034933 0.00261499  0.00279139  -0.00345964  -0.000831436  0.00541384  -0.0006064  -0.00313542  0.00108758  0.00236074  0.00153201 
283 0.000635044 1.09625 0.0389104 0.0335829 0.0113592  0.0156806  0.0137657  -0.00841666  0.0185747  -0.0134747  -0.0109924  -0.00425644  -0.0142114  0.00335736 
286 -9.15876e-05 0.244553 0.00967421 0.0222029 -0.000204633  0.00200132  -0.000368411  0.00724599  -0.00187666  0.00300867  0.00125249  0.00416411  0.000244482  -0.00231534 
290 8.56168e-05 2.75799 0.0278062 0.0241777 -0.00680208  -0.00399248  -0.00928789  -0.0167109  -0.0151077  0.00708051  0.00800075  0.000992178  -0.00143811  -0.00012214 
299 -7.007e-05 -0.369208 0.0156085 0.0223371 -0.000711379  -0.00588674  0.000696856  -0.000662682  -0.00975754  0.00266791  0.00211124  -0.00919978  -0.00400631  -0.00026411 
304 -7.13872e-07 0.351666 0.00065082 0.0238542 0.000421267  0.000216181  -3.08713e-05  6.96217e-05  -0.000184056  0.000221078  0.000218137  1.0033e-05  -0.000249412  3.03881e-05 
305 1.95429e-05 1.11486 0.00693283 0.0238691 0.0011953  -0.0029972  -0.00013686  0.00448003  0.00049595  0.000866324  0.00074452  0.000300639  -0.00386061  0.00100864 
306 1.47159e-05 0.50933 0.00074114 0.0234562 0.000268879  3.05942e-05  0.000192159  9.0641e-05  0.000323193  -0.00015412  2.39059e-05  0.00030496  -0.00041829  -0.000184852 
307 3.94936e-05 2.03004 0.0155466 0.0231404 0.000441393  0.00346396  0.00332645  -0.00273989  0.0067504  -0.0015068  -0.00185375  0.00902062  0.0026071  -0.00845494 
309 -3.50307e-05 0.488141 0.00128934 0.0222707 -0.000218406  0.000394557  -4.73347e-05  -0.000464306  8.44172e-05  0.000475264  -0.000485681  -8.66273e-05  -0.000579574  -0.000654911 
312 2.76016e-05 1.19624 0.00876741 0.0230438 -0.000472079  -0.00292885  0.00595333  0.00115171  0.00227081  -0.0017076  0.00221909  -0.000507517  0.00265484  -0.00331592 
313 -6.63084e-06 -0.710654 0.00566662 0.0224369 0.0011145  0.00191167  0.00152769  -0.000509543  0.00072908  -0.00223152  0.0026555  -0.00116104  0.00036101  -0.00325258 
315 2.7159e-05 3.15972 0.0169979 0.0225842 0.00442392  0.000905514  -0.00478254  0.00483216  -0.0115137  0.00212165  -0.00275006  -0.00384754  0.00721586  0.00328826 
316 -2.01334e-05 -1.23475 0.0118197 0.0219747 -0.000902355  0.00263391  0.00451049  0.00674105  -0.00161365  -0.00557676  -0.00304044  0.00187379  0.00255829  0.00362808 
317 -0.000350344 0.0636761 0.02473 0.0224281 -0.000713623  0.00251796  0.00136257  -0.00147796  -0.00156589  -0.0100757  0.0107113  0.00825493  -0.0177067  -0.000554896 
318 -0.000187019 -1.07564 0.0343315 0.0292134 0.00062389  -0.00647683  -0.0123293  -0.00305428  0.0244921  0.0101761  0.0149556  0.000773033  0.00206962  0.00655786 
321 -0.000185435 0.0874464 0.017494 0.0322562 0.0101547  -0.00390487  0.00284778  -0.00374992  0.00519302  0.00150772  0.000675136  -0.00501979  -0.0044545  0.00952717 
322 0.000327289 0.817948 0.0204012 0.035013 0.00130868  0.00495842  0.00846374  9.64623e-05  -0.00775213  0.00507612  -0.00117511  -0.0128749  0.00792453  0.00156802 
326 -2.74175e-06 0.449679 0.000742882 0.0299779 7.36809e-05  -0.000220221  0.000255976  -0.000323146  -0.000277468  -0.000297321  1.6973e-05  6.24437e-05  0.000146929  0.000369914 
327 0.000257124 1.0537 0.023862 0.0300236 -0.0046606  -0.00668885  0.00842059  0.00792066  -0.0152173  -0.00409298  -0.00808061  -0.000196564  0.00352184  -0.0065751 
330 -5.75217e-05 0.287078 0.00699952 0.0253836 -0.000431228  -0.000939543  0.000604675  -0.00193666  -0.000568421  0.00153772  -0.000559923  -0.0011062  0.00579767  -0.00244345 
331 2.20275e-06 0.671502 0.00122927 0.0264925 -0.00016944  0.000108089  -0.000669678  -0.000136701  -0.000131889  0.00080809  0.00023361  9.47224e-05  -0.000512978  -8.03479e-05 
333 -0.000117048 0.214684 0.0115584 0.0264509 0.00607483  -0.00323707  -0.00421841  -0.002685  0.00106914  0.00369777  0.00258958  0.00342616  -0.0050746  -0.00148212 
334 0.000120508 0.89018 0.0137139 0.028578 -0.00435792  0.00316991  -0.00657804  -0.0039164  -0.00406915  -0.0036219  -0.00124772  0.00591823  0.000448845  -0.00582768 
338 -0.000703265 0.143633 0.0316695 0.0263857 0.0134255  0.000670386  -0.0162795  0.00541936  0.0163763  0.0061169  0.00309862  -0.00307469  0.0140785  -0.00223854 
339 -5.58142e-05 0.317962 0.00637524 0.0374128 -0.00179213  -0.00179727  -0.00247413  -0.00124305  -0.000123942  0.00168312  -0.000137103  -0.00251528  -0.00308447  -0.00279779 
340 0.000101217 0.91377 0.0129428 0.0381514 0.00181097  -0.0057211  -0.00066337  -0.000440259  0.00259832  -0.00596089  -0.000474138  -0.00290391  -0.00136986  0.00883476 
342 5.75249e-05 0.79335 0.00821577 0.0368011 -0.00224134  0.001243  0.00122721  0.00102211  0.00414076  -0.00411778  -0.000261978  -0.00296783  0.00392217  0.000131617 
344 -0.000870863 -0.293614 0.0525846 0.0360111 -0.0169229  0.0115626  0.0192833  0.0106839  0.0264639  0.0130684  -0.0117886  0.0132082  -0.0257037  -0.00372006 
345 3.08515e-05 0.628825 0.00398722 0.0465622 -0.00271229  0.000293443  -0.000816646  -0.00152753  0.000114733  -0.00133437  0.000337169  0.00167847  0.000604512  -0.00060413 
346 -0.000201365 0.43148 0.00743071 0.0462297 -0.00235652  -0.00155631  0.00319074  0.00132636  -0.00175915  0.000925026  -0.000975983  0.00327997  -0.00309161  -0.00317507 
349 2.50316e-06 9.28208 0.00937714 0.0483588 0.00264741  0.0022228  -0.000882825  -0.00316311  0.000287933  -0.00512389  0.00208411  0.00546282  -0.00135419  -0.00168514 
350 -0.000239753 0.426739 0.00838418 0.0483329 -0.00181431  0.00384691  -0.00181383  -0.000935524  0.0043964  -0.00115592  0.00331397  -0.00242651  -0.000884412  0.00311799 
351 0.000201169 1.29989 0.0253684 0.0507528 0.00251901  -0.0148724  0.00229314  -0.00797285  -0.0130549  0.00620464  0.0100493  0.0037953  0.00446309  -0.00171975 
352 -3.59076e-05 -5.77692 0.0300245 0.0487309 0.00260904  0.00618585  -0.000679693  0.00786413  -0.00906497  -0.0105718  0.0155489  -0.0141708  0.00267922  -0.0122637 
353 -0.000231929 -0.775383 0.0343974 0.049098 0.00405198  0.00264142  -0.00628598  -0.0179137  -0.0236772  0.00411061  0.00130095  -0.00222598  -0.0139142  0.00464909 
354 -0.00100664 0.226437 0.0332029 0.0514059 0.00160821  -0.011849  0.00613513  0.00187013  0.0111598  0.00969202  -0.00186732  0.0241369  0.00957849  -0.00469131 
355 -0.000326692 0.089088 0.0231748 0.0604129 0.00602509  0.00680918  0.00489181  -0.00323689  -0.00330845  -0.012823  0.001465  -0.00534269  -0.0122332  -0.00801753 
356 8.37448e-05 8.63859 0.0522036 0.0630592 -0.0121789  0.0192044  -0.0110299  0.0274039  0.0264772  -0.0144834  -0.00243327  0.000960245  -0.00392135  0.0200605 
357 0.000816837 1.10019 0.0442727 0.0623917 0.00568469  -0.00855263  -0.0118947  -0.00186369  -0.0214626  -0.00682762  0.0122646  -0.00543711  0.0312791  0.00663558 
358 0.00037421 1.0624 0.0290113 0.0554636 0.00960766  0.0200906  -0.000101043  -0.00698848  0.00178708  -0.00728799  -0.0136667  -0.0011571  -0.0062977  0.00357429 
359 0.000544165 1.79715 0.0531209 0.0519815 -0.0110076  -0.00433436  0.0206789  -0.0242217  -0.0108566  0.0041911  -0.0329569  0.0102722  -0.010919  0.0148739 
363 7.15889e-05 0.880652 0.0104403 0.0464549 -0.00336273  -0.000891122  -0.00225885  0.00449553  0.00363778  -0.00537864  -0.00331072  -0.00185057  0.00200308  0.00332018 
364 0.000321987 0.831293 0.0206555 0.0456779 0.000456789  0.00159052  -0.0108895  -0.00530054  -0.000494718  0.00994439  -0.00801358  -0.0105405  -0.00164916  -0.00024221 
365 0.000255382 0.707469 0.014558 0.0420064 0.000618611  -0.00361554  -0.00158247  0.00154856  -0.000886223  0.00883957  0.00743245  -0.0032745  -0.00667659  -0.00202844 
366 0.000395209 1.4819 0.0393916 0.0388483 -0.00331361  0.00923416  -0.0089997  0.0268919  -0.000268902  -0.00123633  0.00527453  -0.0139514  0.0113519  -0.0172728 
373 -0.000208835 0.208707 0.0156003 0.0333775 0.00492485  0.000276509  0.00241713  0.000966814  -0.00146815  -0.0117641  0.00664035  -0.00348276  0.000747386  0.00386368 
374 2.20386e-05 1.85623 0.0109341 0.0363719 -0.000413723  -0.000647983  0.00437593  0.00471713  0.00212922  0.00691688  0.00478179  -3.07985e-05  -0.000631166  0.00138624 
375 2.40203e-05 0.607724 0.00321721 0.0360676 -0.000167496  -0.00132423  -0.00105656  0.000342699  0.00228839  -0.000678573  -0.000892158  -8.57334e-05  -0.000875968  -0.0002593 
377 -0.000113062 0.445137 0.00498194 0.0357331 0.00199285  0.00195021  -0.000278618  0.000314566  0.00112867  0.00354591  0.000115944  0.00101176  -0.0013646  0.000348925 
378 0.000105579 2.41958 0.0284702 0.0372817 0.00815634  -0.0167812  0.0110924  -0.000787856  -0.00610325  -0.00724877  -0.00510938  -0.013975  -0.00450969  0.00268636 
379 0.000226448 1.32308 0.0273022 0.0358378 -0.0111688  0.000728695  -0.00728431  -0.00419574  0.00313249  0.00598932  -0.0212988  0.00245704  -0.000889408  -0.00658168 
380 -0.00011291 -0.238016 0.0182573 0.0325258 -0.00501694  -0.00358314  0.00482595  0.00287642  -0.0129165  -0.0018208  0.00884599  -0.00308463  0.000893312  0.00224529 
381 0.000686719 0.880199 0.0323126 0.0342176 0.0120858  -0.00156737  -0.00383467  -0.0128318  0.0197991  0.00582255  0.00188498  0.0106948  0.00419722  -0.0124403 
384 -0.000533268 0.176471 0.026275 0.0220082 0.000867951  0.00740984  0.00707672  0.0098733  0.00813293  -0.00102111  0.00328447  -0.00285043  0.0179405  -0.00889913 
388 8.93149e-05 2.22127 0.0247966 0.0319025 -0.00506262  -0.000192137  -0.00283831  -0.0176169  -0.00936091  0.00531452  0.0034236  -0.00989309  0.00364272  0.00566191 
390 -0.000236352 -0.0214572 0.0222046 0.0304706 0.013287  0.00532491  -0.000969037  0.00658327  -0.0048857  0.000968675  0.00517592  0.00229945  0.00514277  0.0126702 
391 -0.000287951 -0.189374 0.0281798 0.0341297 -0.0104944  0.00774387  -0.0110588  0.00509355  -0.000806541  -0.00600483  -0.00718219  -0.000256737  -0.0117212  -0.0158118 
394 3.13032e-05 1.33395 0.0102186 0.038116 -0.000389545  -0.00580368  4.77446e-05  0.000482638  -0.0026925  0.000244398  0.00568081  -0.000321973  0.00458824  -0.00310045 
395 -0.000278595 -0.378109 0.0312826 0.0377032 -0.0149669  -0.00128096  0.0131759  -0.000152478  0.0172197  0.0016275  -0.00422435  -0.000133463  -0.015372  -0.00509875 
396 -5.13525e-05 0.493441 0.00116129 0.041233 -0.000122353  5.36554e-05  0.000522868  1.37779e-05  0.000836964  0.000230415  4.88497e-05  -0.000547755  3.33849e-05  4.09939e-06 
397 0.000375069 1.21843 0.0328263 0.0418511 -0.00492099  -0.0122312  0.00600429  0.00623838  -0.00574946  0.000562316  -0.0154189  0.017354  -0.0129611  0.0094084 
398 2.21395e-05 0.555557 0.00221815 0.0371015 0.000668481  0.00039422  -0.000123857  -0.000456873  0.00128322  0.000678687  -0.000187809  -0.000624616  -6.46195e-05  0.00124779 
400 -4.27182e-05 0.47202 0.00218679 0.0368019 0.000231499  0.000755464  0.000656347  -0.00102424  -0.000588182  -0.000565164  -0.000415768  -0.000144695  -0.000514626  -0.00124653 
407 0.000213001 0.885249 0.0181165 0.0373778 -0.00196382  -0.00285706  -0.00678283  0.000984889  0.00435189  -0.00275149  0.0140907  0.00473188  0.0045777  -0.000899596 
412 0.000555298 0.816307 0.0265043 0.034411 0.00864237  0.000885146  0.00564269  0.00128532  -0.00508401  -0.0137315  -0.00230211  -0.00512072  0.0121066  0.0141781 
413 -3.99177e-06 0.325037 0.00167142 0.0250794 0.000566865  -0.000645941  -0.000221827  0.000876066  -1.82813e-05  7.92703e-05  0.000310179  -0.000767935  0.000654712  -0.000342319 
414 8.78195e-05 1.48897 0.018638 0.0251588 -0.000528037  -0.00161433  0.00280934  -0.009532  -0.00460698  0.00799064  -0.00959457  -0.00205721  -0.00802053  0.000219748 
415 -7.81046e-05 -2.42764 0.0302421 0.0233485 -0.00651198  -0.00733886  -0.00795661  0.00123654  0.00684514  0.0196703  0.0129545  0.00660442  0.00939859  -0.00446477 
416 9.96957e-06 0.523097 0.000959755 0.0249652 4.41587e-05  -0.000120024  0.000279887  5.75209e-05  9.87991e-05  -0.000131765  0.000194294  0.000197969  0.000249587  0.000810413 
417 -1.68194e-06 -0.258074 0.00225835 0.0247647 0.000122704  -0.00128489  -0.000697114  0.000136766  -0.000881481  0.000357646  -0.000233268  0.00106905  -0.000676819  0.000607611 
424 1.42011e-05 0.508822 0.000707963 0.0247986 0.000170823  -9.84323e-06  0.000182259  0.000261107  -7.57415e-05  -0.000329817  -5.05604e-05  0.000443875  7.69495e-05  0.00022477 
427 0.000117771 0.780144 0.0114877 0.0245106 0.00550004  0.00385293  0.00395132  -0.00227405  0.00179242  -0.000457626  -0.000488768  0.00577966  0.00513424  0.00163173 
428 6.06462e-05 0.625429 0.00551615 0.0219774 0.000612668  -0.00257043  -0.00116646  0.000987414  -0.00226829  -0.000540044  -0.00354053  -0.00111806  0.000442573  -0.00130066 
430 -0.00125692 0.185302 0.0397954 0.0205515 -0.000108734  0.0195378  -0.00868915  -0.0155357  -0.0161965  0.0185583  0.00817219  -0.00835181  0.000650709  -0.0118904 
432 6.64679e-05 1.42445 0.0156771 0.0409887 -0.0014349  0.00544974  0.00358169  -0.0012531  0.0119521  -0.00338669  -0.00490215  0.00427888  0.000693816  0.00157194 
433 0.000840646 0.849486 0.0342763 0.0401698 0.00121221  -0.00416438  0.00573026  0.0149977  -0.00536496  -0.0243935  -0.0109945  -0.0121759  0.00199435  -0.00116237 
434 0.000110185 1.59847 0.022002 0.0278086 0.00337652  0.000219957  -0.00638886  -0.00124935  -0.0130336  -0.0028303  0.0145808  0.00525775  0.00152804  0.00312958 
437 -0.00013578 0.426577 0.00631579 0.0257515 -0.00140931  -0.00254776  0.000224416  8.69387e-05  -0.00355475  -0.00111568  -0.00152329  0.000582408  0.00303186  -0.00237093 
438 -0.000136304 -0.0770043 0.0177373 0.0282653 3.09175e-05  -0.0028551  0.00458514  -0.011393  -0.00432016  0.00265488  0.0048505  0.00954673  -0.00283325  0.00268848 
442 -1.8138e-05 0.337389 0.00343482 0.0305817 -6.32661e-05  -6.52978e-05  0.000871006  0.000593964  -0.00118881  0.00141027  -0.0018749  -0.00183872  0.00036078  -0.000499807 
446 -9.2294e-05 -0.490822 0.0191257 0.0308768 0.00271328  -0.00588703  0.00624075  0.000424186  -0.00328412  0.00985537  0.000716059  -0.00710827  -0.00162958  0.0110922 
454 -3.68705e-05 0.475382 0.00190563 0.0323369 -0.000732732  -7.82379e-05  0.000511268  -0.000832335  -0.000127289  0.000150247  -0.00098512  0.000284929  0.00102162  -1.0814e-05 
456 1.63875e-05 1.68606 0.00881732 0.0329021 -0.000179831  0.00051007  -0.00456785  0.00138285  -0.00176131  -0.0010159  -0.00619984  0.00133745  0.00304947  -0.00100736 
457 0.000532982 1.20416 0.0387385 0.0326521 -0.00544476  -0.0118444  -0.00133625  0.00945686  0.0161548  -0.0240398  0.000347918  0.000972805  -0.0193407  0.00504944 
459 1.95618e-05 0.516856 0.00114854 0.0230938 -0.00029676  0.000224695  -0.000240499  0.000189462  0.000178417  0.00028542  0.00024246  -0.000685897  0.000662368  -7.46716e-05 
460 6.86482e-05 0.539701 0.00330206 0.0226663 0.000588344  0.00210429  0.00104653  0.000612188  -0.000537093  0.000863154  -0.000421171  0.000132433  0.00184297  0.000185572 
461 -0.000467057 0.382323 0.0148325 0.0210977 -0.00965225  -0.00359269  0.00238637  -0.00873359  0.00102588  -0.00070406  0.00259865  0.00215054  -0.00102619  0.00424023 
464 -0.000296071 0.269547 0.0165226 0.030204 0.00149157  -0.00493841  0.00985514  -0.000550892  0.00283261  0.00466018  -0.00170124  -0.0100545  0.000701435  0.0038387 
469 -0.000222514 0.379859 0.0103425 0.034762 0.00214911  -0.00499048  0.00119898  0.00332664  0.000132833  -0.00377704  0.00146737  0.00173226  -0.00631527  -0.00237054 
471 -0.000706035 0.231646 0.0275375 0.0378277 -0.00794348  -0.0123802  -0.00335223  0.00970075  0.0075398  0.0158238  -0.00290365  0.00908841  0.0016988  0.00595382 
475 0.000162162 1.80031 0.0290396 0.0462301 0.00794639  0.0117498  0.00870157  0.00688423  -0.00887524  0.0012424  -0.00624988  0.00650066  0.0175357  0.00706064 
477 -2.44611e-05 -1.30276 0.0132811 0.0444418 -0.00859031  0.00185992  -0.00628762  -0.0017444  0.00404581  -0.00427132  -0.003394  0.00184509  0.00264661  -0.0001346 
478 -3.45426e-05 0.462353 0.00228088 0.0447161 -0.000252216  -0.000507157  -5.89481e-05  -0.000238791  0.000471233  -0.00168491  -0.00026819  -0.000375076  0.00124308  -4.78436e-05 
479 0.000701938 2.0509 0.0659614 0.0451007 0.0153286  0.0224815  -0.0250294  -0.0133382  -0.00441669  -0.00164925  0.0228086  -0.0123702  -0.0389988  -0.0242848 
481 0.000114139 0.637101 0.00791179 0.0365018 0.00213472  0.00194434  0.000458452  -0.00354196  -0.000169788  0.00554746  -0.00284303  0.000193962  0.00123782  0.00102345 
482 -0.00148749 0.132215 0.0468021 0.0349034 0.0148597  0.0314045  -0.00904635  -0.00557438  0.0111271  0.00910805  -0.00558399  -0.00916254  0.015626  0.0174472 
483 -0.000282546 0.375765 0.0118518 0.0520274 0.0025613  -0.00213566  0.00077482  -0.00877782  0.00398093  -0.00290863  0.00270025  -0.00437378  -0.000644746  -0.000740549 
487 0.000197697 0.665869 0.011453 0.0546757 -0.0030013  -0.00595335  0.000614727  -0.00274439  -0.00361816  -0.0020909  -0.00286279  -0.0020069  -0.00676782  -0.0018226 
488 0.00106465 0.773842 0.0341462 0.0528371 0.00276951  -0.0166377  -0.00367473  0.00825709  0.0129927  -0.018148  -0.00508766  0.00599208  0.0151259  0.00332482 
489 1.32724e-05 0.555112 0.00171053 0.0415652 -0.000561437  0.000989062  -5.69666e-05  -0.000133791  -4.25649e-05  -0.000269227  0.000158048  -3.37301e-05  0.000440114  -0.0011477 
491 0.000157096 0.6551 0.00987247 0.0414053 0.00209501  -0.00205773  0.00800778  0.000111429  -0.000623574  7.69962e-05  0.00176887  0.00124481  -0.00253049  0.00363712 
492 0.000249607 1.25886 0.0275233 0.0394628 -0.00661841  -0.00715124  0.00775765  -0.00036615  -0.0170239  -0.012895  -0.00929559  -0.00277959  0.00106067  -0.00713575 
493 -0.000328861 0.293588 0.0164807 0.0361627 0.00280517  0.00946371  0.00209504  0.000406749  -0.00247583  0.000204376  -0.00876203  0.00827352  -0.00426692  0.000156604 
496 5.5925e-05 0.772928 0.00781367 0.0404556 0.000868981  -0.00245676  -0.00141865  -0.00355062  -0.00164595  0.00190107  0.000129919  0.00291858  0.00468036  0.00169679 
498 0.000107292 0.613018 0.00696465 0.0397584 -0.00433999  0.000186581  -0.00128362  -0.00130104  -0.00310929  0.00331362  0.000474181  0.00231785  0.000189306  -0.000121064 
500 -4.62266e-05 -0.142371 0.0108986 0.0383855 0.00236307  0.000194978  0.001758  0.00375907  -0.00305707  0.00358549  -0.00454487  0.00552637  0.0042628  0.00208991 
501 2.44221e-05 0.595948 0.00306156 0.038983 -0.000792699  -0.000234802  0.000251387  0.000252281  0.00123818  -0.00204198  0.000929985  -0.00133038  0.000101414  0.000463645 
