generation s h r distopt trait[0] trait[1] trait[2] trait[3] trait[4] trait[5] trait[6] trait[7] trait[8] trait[9] 
3 -0.000185387 0.381468 0.00937665 0.02 0.00282496  0.000621583  0.00434016  -0.00585543  -0.00218885  0.00304081  -0.00165324  -0.00114347  0.000615359  -0.00282396 
8 8.9115e-05 0.740074 0.00925074 0.0730008 -0.00131966  0.000144013  -0.00352032  -0.00316026  0.00392986  -0.00246558  0.00120841  -0.00354597  -0.00121725  0.00493916 
9 0.000867888 0.619101 0.0203381 0.0822929 -0.0031047  -0.00773125  -0.00324234  -0.00061298  -0.00252259  0.0119209  0.0105552  0.00638068  -0.000314129  0.00571352 
12 0.00181523 0.600806 0.0270713 0.106025 -0.00275794  -0.0134033  0.000227763  -0.00938795  -0.00989891  -0.000304153  -0.014742  -0.00125095  -0.00853361  -0.00822335 
13 0.00125551 0.933567 0.04665 0.106667 -0.0305314  0.00658661  0.00470944  -0.0108434  -0.0109087  0.00678207  0.0180696  0.00891211  -0.00114937  0.0221057 
14 0.00145911 0.539512 0.0152151 0.109247 -0.006116  -0.00286736  0.00646954  0.00811689  0.00373328  -0.00240363  -0.000658012  -0.000824254  -0.00752851  0.000791302 
16 0.000871162 1.17571 0.0485104 0.120192 0.0131389  -0.0113381  -0.0190061  0.0200598  -0.00430433  0.00589403  -0.00337245  0.00332833  0.0211378  -0.0276753 
17 0.00341225 1.04112 0.0858611 0.126038 -0.0252457  -0.0545821  -0.0163477  -0.0102939  -0.0126466  0.0236726  0.0203227  0.0079058  -0.0243905  -0.0398952 
18 0.00488546 0.967902 0.0955138 0.117729 -0.0389061  -0.0206148  0.0271378  -0.0295059  0.00307389  -0.00649209  -0.0689411  -0.0124404  0.0248561  0.000359776 
19 0.000599081 0.679744 0.0207545 0.0986209 0.000979188  -0.00563913  -0.00665381  0.00529035  -0.0119317  0.00253349  0.00524074  0.00487758  -0.00236238  0.0109596 
20 0.000610896 0.690764 0.0215908 0.100004 -0.00598244  0.00963043  -0.00444998  0.00295178  0.00551052  0.00492137  -0.00162667  -0.00943326  -0.00771798  0.0101651 
24 0.00486732 1.12637 0.110266 0.122843 -0.0545423  -0.0221653  0.0443165  0.0271369  -0.0230881  -0.0643321  -0.00401689  0.00871968  0.0349807  -0.0021608 
25 0.00545754 1.0864 0.112964 0.105239 -0.0273685  -0.0672198  -0.008485  0.0370074  0.0389557  0.00697165  0.0579217  0.00302629  -0.0239259  -0.0234349 
27 5.95825e-05 0.565636 0.0039553 0.0723725 -0.000694428  -0.00161173  -0.000157954  -0.000698183  0.00106381  0.00113215  0.00230626  -0.00061636  -0.00198192  0.000108854 
29 4.38924e-05 0.693103 0.00582264 0.0742847 -0.00250898  -0.000579082  -0.00211991  0.0022254  0.000992841  -0.0023436  -0.00140572  0.00304446  5.03956e-05  0.000317597 
36 0.000788811 1.93432 0.0672428 0.112511 -0.00404357  -0.00793723  -0.0323545  0.0168071  0.0105201  0.00712504  0.0218173  -0.00810875  -0.0359219  0.0334571 
37 0.000743997 0.881659 0.0336973 0.116306 -0.00276697  -0.014759  -0.00378877  0.00407626  0.0074556  0.00291683  -0.00376206  0.0123812  0.0113641  -0.0227677 
39 0.0015685 0.895687 0.0498103 0.127285 -0.0283342  0.00918758  0.0126163  0.0128315  -0.00755712  0.00122316  0.00183336  -0.0253074  0.0233735  -0.00461042 
41 0.00135038 0.688863 0.0319412 0.135317 -0.012506  0.00707378  0.00839019  -0.00305645  -0.00865506  -0.000825075  -0.01975  0.00842222  -0.014041  -0.000571677 
42 0.00422225 1.18661 0.107536 0.137923 -0.061313  0.00347061  -0.0550846  -0.0553897  0.00971143  0.031735  0.00182908  -0.020638  0.0120414  0.00381851 
43 0.00278965 0.608639 0.0348463 0.127486 0.0118911  -0.0182227  0.0161586  -0.00241796  -0.00470746  -0.00279894  -0.000798736  0.00193235  -0.0121084  -0.0171135 
44 0.0063944 0.59458 0.0493052 0.12256 0.00516535  -0.0228349  -0.00194029  -0.0146881  -0.000716581  -0.0102997  -0.00797285  0.0119572  0.0260533  0.0259128 
45 0.00198213 0.962948 0.0605568 0.100752 0.0211132  -0.024119  0.0195444  -0.00876096  0.0134842  -0.0211121  0.00306939  0.0239297  -0.0303121  0.00724464 
51 0.00182046 0.619912 0.0295626 0.145395 -0.00545977  -0.00677898  -0.0109501  0.00720983  -0.00142474  0.00479426  -0.00399655  -0.0206304  -0.00440584  -0.0118441 
52 0.00148617 0.777691 0.0406241 0.148355 -0.0188781  0.00848819  0.00679029  -0.0115904  -0.020773  0.0174468  0.0046922  0.00426308  -0.00185554  0.0161833 
53 0.00964631 0.686057 0.0847603 0.152531 -0.0457071  -0.0450093  -0.044874  -0.021939  -0.000535579  0.00114467  -0.0171254  -0.0146403  0.00637054  0.00495342 
54 0.00281222 1.39241 0.10008 0.123791 -0.00342202  -0.0175853  0.0445425  0.032089  -0.0110973  -0.0527689  -0.02358  -0.0518111  0.0122701  0.0195593 
56 0.00377525 0.790959 0.0662585 0.125853 -0.0066508  -0.00731653  0.035144  0.0138852  -0.00336271  -0.00723609  -0.00192169  0.0441685  0.0263805  0.0122629 
57 0.00313567 0.604554 0.0362494 0.117621 -0.00973555  -0.0056106  -0.00681084  0.00217109  0.0115404  0.00414449  -0.00653863  0.00788375  -0.000736853  -0.0296791 
61 0.00128635 0.630758 0.0259449 0.137447 -0.00952727  0.00752967  0.00296816  -0.00175398  0.0146588  0.00108775  0.00988958  0.0122628  -0.00519038  -0.00475403 
64 0.00298154 0.630785 0.0395167 0.160506 0.00309969  -0.015588  -0.0200634  0.0128654  0.0115081  0.00815311  -0.0149742  0.00458358  -0.00732421  0.0155925 
65 0.00259755 0.552028 0.0233068 0.160396 -0.00975396  -0.00178492  0.0147049  0.00787633  -0.00571286  0.0045832  0.00767874  -1.00935e-06  0.00287568  -0.00676294 
68 0.0120049 0.573463 0.0598021 0.180747 -0.0284632  -0.0331201  -0.0154089  0.0219282  0.023819  0.00966568  0.00801279  -0.00258306  0.0135076  0.00606711 
73 8.03393e-05 2.03569 0.0222139 0.190462 -0.00756752  0.00542903  0.00474521  0.00746096  0.00295277  0.000698764  0.0150809  -0.00634503  -0.00205901  0.0068843 
74 0.00282672 1.9799 0.129146 0.199683 -0.0499994  0.00395108  0.0237633  -0.0990125  0.00674366  -0.00589061  0.0130841  0.0433974  0.0402628  -0.00625171 
75 0.000258135 0.503133 0.00180762 0.200691 0.000865247  -0.00110015  -0.00051997  -0.000455693  -0.000313299  0.000771338  9.77775e-05  0.000113527  -0.000305635  -0.000146662 
76 0.00668649 0.578823 0.046074 0.208427 -0.0132919  -0.0062192  -0.0341034  0.00011835  -0.0103653  -0.00408947  0.00703953  -0.000119071  -0.0216029  -0.0101977 
77 0.0156856 0.564575 0.0643365 0.200312 -0.0444035  -0.022148  0.0047486  0.0177938  -0.00595459  0.00123525  -0.0112903  -0.0316599  -0.00705865  -0.0110085 
80 0.0043365 1.3955 0.124415 0.181602 -0.00734422  -0.0394888  -0.00902937  0.0238971  -0.0861897  0.00506108  0.0504998  -0.0096717  -0.00312476  0.0557261 
81 0.000584803 1.44429 0.0469874 0.176623 -0.0228965  0.0129628  0.0183217  0.00687875  -0.00280154  0.00790904  -0.00984734  -0.00685009  -6.13713e-05  -0.0303023 
82 0.00571223 0.537152 0.0293701 0.182248 0.00149384  -0.0148048  0.00943329  -0.0111528  0.00883266  0.00225897  -0.0099364  0.00767238  0.00337696  -0.013255 
83 0.00147407 0.509279 0.00746679 0.17359 -0.000495923  -0.00588866  0.0026266  -0.000195008  0.000904649  -0.000933315  0.000685507  -0.00117899  0.00321603  3.77792e-05 
84 0.0103062 0.561182 0.0506069 0.177159 -0.027546  -0.0278404  -0.0093341  0.00725741  0.0164818  0.00821457  -0.00127212  -0.0145679  0.01046  -0.0150003 
85 -0.000141372 0.195189 0.0131296 0.152555 0.00451144  -0.00577412  -0.00140981  0.00528762  -0.00436955  -0.00476451  0.00231653  0.00293536  0.00523656  -0.00235539 
88 0.00208296 0.578889 0.0256654 0.176026 0.00973245  -0.0147496  -0.0131482  -0.0068179  -0.0065681  0.00482587  -0.0055082  0.00500538  -0.000933705  -0.0020948 
89 0.00789179 0.6062 0.058041 0.178205 -0.0289954  -0.0142911  -0.026663  0.0262461  0.00864809  0.0103263  -0.0124617  0.019655  -0.0140382  -0.00197903 
90 0.0032962 0.530459 0.0201577 0.162286 0.00221105  -0.0125897  -0.00247965  -0.00317547  0.0095085  -0.0060036  0.00866005  0.00446265  0.000649644  0.00221843 
91 0.00605106 0.601797 0.0497387 0.159811 -0.00388368  -0.0212601  0.020059  0.00464527  -0.00182777  -0.0157122  -0.0307501  -0.00977524  -0.0067864  -0.0156692 
93 0.0134263 0.608936 0.0767865 0.156151 -0.0181971  -0.0538505  0.00128937  0.00899364  0.0331436  0.0249237  0.00805044  0.00385957  -0.0276071  -0.00459053 
94 0.00240259 0.712275 0.0451659 0.112983 0.00150753  -0.0249297  0.00268405  -0.0105459  -0.00519593  0.00618503  0.00664833  -0.0196447  0.0271986  0.00791474 
101 0.00312199 0.538033 0.0218871 0.160253 0.000336596  -0.0090824  0.0105446  -0.00481152  0.000361866  0.00146846  -0.0071206  0.00229237  -0.0120919  0.00759227 
102 0.00192555 0.566695 0.0226941 0.159462 -0.0103571  0.000514992  0.00166515  -0.0015714  -0.0014453  -0.00522525  0.00559881  0.0142782  0.01172  0.000529707 
104 0.00418932 0.594689 0.0398978 0.171915 -0.0160219  -0.011374  0.00921324  -0.0177139  0.0179599  -0.00014661  0.00667795  -0.000377934  0.00859056  -0.0191308 
105 0.000350596 0.854802 0.022305 0.168261 -0.00660986  7.4169e-05  0.00500731  -0.00666521  -0.0164869  0.00304583  -0.00637806  0.000125844  0.00790663  0.000110848 
106 0.00151961 0.517385 0.0103316 0.176087 -0.00298878  -0.00459215  -0.00280637  -0.00236494  -0.00385681  -0.000353083  -0.00359622  -0.00484928  -0.00220611  -0.00263393 
107 0.00490155 0.524075 0.0219723 0.180627 -0.0103384  -0.00577585  0.0112169  0.00103681  0.0105605  -0.00209734  0.00177814  0.00426357  -0.00427877  0.0077509 
109 0.00162394 0.510761 0.00843579 0.184815 -0.00438964  -0.00315717  3.76346e-05  -0.00527055  0.000396292  0.00135814  0.00160879  -0.000469094  0.00217661  0.00214435 
112 0.0088381 0.555586 0.044662 0.208193 -0.0120018  -0.0127069  -0.00182199  0.0263472  -0.00011245  0.00644907  -0.0159067  -0.00994477  -0.0208308  0.0128157 
114 0.00441068 1.38338 0.124621 0.205068 -0.0204202  -0.0252457  0.018996  -0.0342386  0.0640105  0.0142875  0.0224848  -0.0275883  -0.0738553  0.0438211 
115 0.00565043 0.551281 0.0342268 0.202633 -0.0157912  -0.00760638  -0.0037263  0.0162276  0.0123947  -0.00939374  -0.00609956  0.0160317  -0.00709282  0.00079631 
116 0.0061851 0.792277 0.0849781 0.19673 -0.00724038  -0.0417346  -0.00605043  -0.0246185  -0.0259771  0.0149166  -0.0295485  0.0358379  -0.00886812  0.0406321 
117 0.00409577 0.634517 0.0469792 0.18794 -0.0202177  0.000662135  0.0253777  0.00792158  -0.01062  0.00933754  -0.00288025  0.019535  0.00806958  -0.0208822 
120 0.00917445 0.974501 0.131673 0.199895 -0.056641  -0.0299079  -0.0647903  0.0232943  0.0297358  -0.0405247  0.0179359  -0.00704024  -0.00932216  0.0742305 
122 0.00578374 0.700583 0.0681252 0.1876 -0.0336823  -0.00888081  -0.01973  -0.00258325  0.0130269  0.0184853  -0.0372161  -0.00739767  -0.00607541  -0.0323057 
123 0.00992779 0.572555 0.0539888 0.176943 -0.0141515  -0.0129149  0.0111574  0.00671817  0.00659197  -0.0290973  0.0203311  -0.00321495  0.00317866  -0.0324686 
125 0.00194377 0.600257 0.0279385 0.158204 0.00834339  -0.00841001  0.000659947  -0.0159416  -0.00374401  0.00207759  0.00315654  -0.010196  -0.0031492  -0.0156037 
127 0.00546513 0.71961 0.0692799 0.165782 -0.00886727  -0.0448296  -0.0196374  -0.0265615  -0.00580189  -0.00158259  -0.0255111  -0.00825116  0.00353596  -0.0292005 
133 0.00524722 0.670463 0.0598379 0.188329 -0.017257  0.0138114  -0.00511305  0.0219908  -0.0194097  -0.031463  0.00468646  -0.0065077  0.017386  0.0291383 
135 0.00622341 0.567151 0.041053 0.190302 -0.0136047  -0.00498416  -0.00308204  0.0043005  0.0119348  0.0114765  0.00937082  0.00977721  0.029765  -0.0101938 
136 0.00620638 0.53841 0.0311389 0.181764 -0.0135961  -0.0062951  0.00941663  -0.00329609  -0.0149409  0.00317794  -0.00732942  -0.0132537  0.0120066  0.00622408 
139 0.00463946 0.595487 0.0421694 0.190498 -0.0113505  -0.0237992  -0.0132025  -0.0150526  0.00683034  0.0152449  -0.00130414  0.00981788  -0.0161962  0.00653193 
140 0.0117197 0.764994 0.111351 0.186305 -0.0590957  -0.0280471  0.0265691  0.00717109  -0.0310613  -0.0287225  0.000517343  -0.00252169  -0.066117  -0.0345683 
142 -0.000909964 -3.3592 0.118445 0.165201 0.0326695  -0.0279148  0.0130504  0.0525392  0.0684813  -0.0228352  0.00713387  -0.000131963  0.0620802  -0.0116572 
145 0.000418162 0.508849 0.00385822 0.190403 -0.000588002  -0.0012785  0.00103094  -0.0012217  0.000751031  0.000919356  -0.000747672  -0.00221708  -0.000425072  0.00181266 
148 0.00599199 0.530233 0.0272074 0.21356 -0.0129205  -0.0126244  0.0131176  0.00685031  -0.00119877  0.0048794  0.00185946  0.00521825  -0.0011228  -0.0117361 
150 0.00617505 0.565877 0.0405066 0.215467 -0.0144339  -0.0148784  -0.0307746  0.00148215  -0.00455792  0.00916173  -0.00236238  0.00502468  -0.00886821  -0.00690081 
153 0.011025 0.629888 0.0758465 0.2252 -0.0157194  -0.0449455  0.0467806  0.00846447  -0.00893809  -0.0200254  -0.00362811  -0.0100768  -0.0235979  0.00854149 
154 0.00189087 3.22733 0.143379 0.20682 -0.0526427  0.0454489  -0.015878  -0.0384137  -0.0434834  -0.0238754  0.030687  -0.0119016  0.00442197  0.102123 
157 0.00833041 0.93484 0.120158 0.225502 -0.0537807  -0.0153653  -0.0368981  0.0342967  0.0298854  -0.0238474  0.0140606  -0.0405879  0.0620817  -0.0401333 
159 0.00876488 0.554625 0.0440954 0.219645 -0.0011239  -0.0298258  -0.0167066  -0.00155194  -0.00316944  0.00982989  -0.0188764  -0.00465455  0.0162684  -0.00476732 
162 0.00895822 0.768257 0.0979689 0.219628 0.00440252  -0.00552119  -0.0150237  -0.011479  -0.0488267  0.0550192  -0.0465579  0.00945062  -0.00661682  -0.0384533 
163 0.00370406 0.57457 0.033309 0.206419 -0.00857556  -0.00230864  0.0131077  -0.0215818  -0.00506696  0.0018136  -0.0120865  0.00577863  -0.0131237  -0.00351627 
164 0.0112749 0.530268 0.0376836 0.205544 -0.0177595  -0.0186437  0.0156565  0.0128978  0.00298277  -0.00225602  0.0160332  0.0018466  0.00709756  -0.00455564 
165 0.00895315 1.08953 0.144925 0.184549 0.00182076  -0.082971  0.0224645  -0.00605747  0.0580809  0.00627263  0.00936825  0.068204  -0.0624029  -0.0390889 
166 0.0114199 0.795729 0.116078 0.164983 -0.0534202  0.00925023  -0.0249252  -0.047249  -0.00736213  0.0313475  0.0237435  -0.0520719  0.0565541  0.0130586 
167 0.00242564 0.523867 0.0153043 0.13234 0.00218131  -0.00408976  0.00797003  0.00536088  -0.00807526  -0.00231395  -0.00230578  0.00468966  0.00470191  0.00070358 
168 0.00134813 0.797954 0.0400777 0.130053 0.0095244  -0.00966623  0.00484192  0.00133638  0.00153479  0.0194665  0.0296194  -0.00487252  6.3511e-05  0.0107 
174 0.000695117 1.48828 0.0524045 0.175186 -0.0123105  0.0143366  -0.00467589  0.0356443  -0.0233683  -0.0121626  0.00792741  -0.0100109  -0.0154649  -0.000732372 
176 0.00189831 1.52423 0.0881144 0.191556 -0.0399593  -0.015409  -0.0440479  -0.0203321  -0.0382467  0.0221831  0.0194225  -0.0266475  0.0190025  -0.013154 
178 0.00373493 0.519034 0.0170521 0.201816 -0.00114102  -0.00726083  -0.00121874  -0.0053635  -0.00297319  -0.00832174  -0.00332979  0.00473196  -0.000476111  0.00973162 
179 0.00250173 0.541588 0.0204633 0.200373 -0.00275944  -0.00136408  0.0084369  0.00155926  -0.00969935  -0.00749647  0.00633426  0.00350978  0.00657574  0.00947116 
181 0.00681467 0.540448 0.0334923 0.210781 -0.00565831  -0.0159794  0.014046  -0.00940185  0.0118984  0.00292013  -0.0153328  -0.0116463  -0.0029328  -0.00438809 
182 0.00814992 0.571526 0.0485236 0.202535 -0.0267725  -0.0131051  0.0228789  -0.00718329  0.0158884  -0.017374  -0.00541491  -0.0163881  0.00515577  0.00349543 
183 0.00149972 0.518135 0.0104798 0.189533 -0.0045025  -0.00272727  0.00143455  0.0016601  -0.0045357  -0.00469719  0.00203702  0.00140108  0.000490422  -0.00532105 
184 0.0146678 0.82841 0.138522 0.193755 -0.00431819  -0.0843185  -0.0413674  0.0764044  0.00949348  0.0268037  0.0310044  0.0409604  0.022559  0.023552 
185 0.004753 0.584118 0.0400797 0.15825 -0.017702  -0.0162672  0.00881177  0.000614797  0.0078655  -0.0198019  -0.00122028  -0.0173892  -0.00820873  -0.0111866 
189 0.00226695 0.691078 0.0416279 0.169214 -0.0174929  0.00365859  -0.000637949  0.00473735  -0.00351617  -0.0238189  0.00927952  0.00809625  -0.0110079  0.0231973 
190 0.00957157 0.875084 0.119633 0.169576 -0.0341767  -0.0166449  0.0179759  -0.0771358  0.00285186  0.0351798  -0.0399482  -0.0327778  -0.0470041  -0.0216458 
194 0.00629753 0.561972 0.0396936 0.167047 -0.0328977  0.000121517  0.00629208  -0.00636533  -0.0119657  0.00428691  -0.0110513  0.0105541  0.00200106  -0.00375779 
195 0.00341577 0.538871 0.023151 0.154376 0.00309513  -0.0150134  -0.00869749  0.00331069  -0.00496332  0.000491044  0.000139462  0.00459359  0.0124366  0.00370324 
197 0.00244523 1.1429 0.0792375 0.158414 -0.00600967  0.0151209  0.0179961  0.0204336  0.0017373  -0.00367853  -0.00766548  0.0687023  -0.0111573  -0.0187783 
198 0.00266699 1.36432 0.0959227 0.159431 -0.00375716  -0.041034  -0.00900985  -0.0255087  0.0688622  -0.0208947  0.00228221  0.0218049  0.0333199  0.00138963 
199 0.00269004 0.540874 0.0210428 0.158388 -0.00505568  -0.00949838  -0.0064738  -0.00115903  -0.0056455  -0.00924196  -0.0102879  0.000568113  -0.00530226  0.00567493 
201 0.00587666 0.617449 0.0526209 0.165083 -0.0129724  -0.023093  -0.0173947  0.0125523  0.00161357  0.012809  0.0244411  -0.00164555  -0.000809956  0.0289802 
205 0.00377191 2.05352 0.152754 0.146264 -0.0644375  -0.0478593  0.0609856  0.0324893  -0.0320237  -0.0445239  0.0212628  0.0445461  0.0420125  0.0700486 
206 0.00791329 0.680723 0.0756632 0.132771 0.0196046  -0.00342685  0.00175769  0.00668597  -0.011866  0.028697  -0.0389325  -0.0325502  0.0228799  -0.0348994 
209 0.000455776 0.518876 0.0058744 0.0987224 -0.000844261  -0.00109749  -0.00296504  -0.000868626  -0.00251724  0.00108791  0.00325339  -0.000407633  -0.00178609  0.00125873 
211 0.00450627 0.605793 0.0437298 0.0963869 0.00119055  -0.00868974  0.012412  -0.0217344  -0.0102642  0.0147254  -0.000726542  -0.0058165  -0.0291875  -0.000684452 
213 0.000851016 0.711326 0.0268209 0.0692408 0.00764472  0.00376099  0.00655315  -0.00367329  -0.0079056  -0.00535434  0.00784396  -0.00370757  -0.00729309  -0.0192537 
215 -0.00014402 0.483949 0.00304265 0.0627984 -0.000356697  0.00127341  0.00144211  -0.000484449  0.00058155  0.000546385  0.0012883  -0.000840449  0.00081516  0.00123581 
216 0.00245936 0.686286 0.0428127 0.0639349 -0.016731  -0.00300103  0.00172017  0.0269745  -0.00635483  0.0075156  -0.00600774  -0.00963971  -0.0190263  -0.0150175 
220 -0.000773902 0.113154 0.0346137 0.0403897 -0.00101683  -0.0120705  0.000665294  -0.0137231  -0.0150091  -0.019959  0.000640456  0.0100639  -0.00161276  0.0116054 
223 0.000440948 0.522082 0.00624788 0.0490462 -0.00163596  -0.00218186  -0.00157713  0.000538124  0.00266098  -0.000648554  0.000614547  -0.00427309  -0.00110631  -0.00120828 
224 -2.32768e-05 -7.13988 0.0266697 0.0443247 -0.0134978  0.00434603  0.00385721  -0.00183007  0.00244848  0.012848  -0.00587814  -0.00257527  0.0163035  0.00372974 
225 -0.000270523 0.430782 0.00865718 0.0445865 0.00344092  -0.0044157  0.00176523  -0.00233575  -0.00352466  0.00177389  -2.5138e-05  0.00373067  -0.00141879  0.0018802 
227 0.000773046 0.544565 0.0117493 0.0475238 -0.00318548  -0.0013971  -0.00685483  -0.00132838  0.0032115  0.000303645  0.00437325  -0.00417251  -0.000970107  -0.00541393 
228 0.000175651 0.660726 0.0106269 0.0385456 0.0072112  0.00232936  0.00189699  0.000552158  0.000940365  0.000138958  0.0013778  -0.00210853  -0.00665856  0.000123498 
229 -0.000106324 -1.61907 0.0300198 0.0361957 0.0100838  -0.0145367  -0.014517  0.000419045  -0.00390927  0.00183545  0.0124611  0.00233656  -0.0077197  -0.0117595 
236 9.08174e-05 0.556808 0.00454308 0.0376359 0.000258117  0.000261468  0.00190963  0.000935161  0.00174719  -0.00137678  -0.00166319  -0.00153411  0.00151872  0.00189975 
238 -0.000236989 0.409489 0.00926485 0.0364095 -0.00120921  -0.00015243  -0.000400448  0.00217365  -0.00582028  -0.000836372  0.000895608  -0.00285005  0.00595138  0.000740278 
239 8.83345e-05 0.542336 0.00386809 0.0395306 -0.00061352  -0.00237888  0.000528577  -0.00171695  0.000491011  0.00131313  -0.000218018  -0.00126272  -0.00144386  8.48246e-05 
240 -0.000217869 0.370325 0.0106322 0.0383971 -0.00329097  -0.00341323  0.00244653  0.00268594  -0.00499745  0.00496259  -0.00111367  0.00410351  -0.00272976  -0.00149334 
243 -0.000352618 0.322873 0.0158092 0.0411367 0.00133257  -0.000760027  -0.0035769  -0.00350991  -0.00453798  0.00422788  0.00566226  -0.00206528  -0.0101989  0.00660701 
246 -0.000665154 -0.274443 0.0453968 0.0452207 -0.00513339  -0.00219616  -0.0279837  0.0095447  0.00626758  0.01342  -0.00395313  -0.00849724  0.0203847  -0.020803 
249 1.44504e-05 0.712401 0.00350386 0.0520604 0.00122509  0.000944212  -0.00160378  -0.0013904  0.000566425  -0.00070575  -0.00159094  0.00141827  0.000123111  5.18566e-05 
250 0.000246557 0.690045 0.0136905 0.0519214 0.00641798  0.00275553  0.00848784  -0.000514956  0.00230589  0.00204821  0.00530229  -0.000414282  -0.000893377  0.00526714 
251 0.000816042 1.86455 0.0667096 0.0494905 -0.0140378  0.0208116  0.0476759  0.00499643  0.0209735  0.000219817  -0.0156355  -0.0186973  -0.0220577  -0.00122031 
258 0.000181043 1.45291 0.0262672 0.0404178 0.00542919  -0.0140195  -0.00998975  -0.00449884  0.00851471  0.00840878  -0.00201561  0.0102101  0.0068744  0.00671827 
259 6.46426e-05 0.687773 0.00696799 0.0381126 -0.00433206  0.00264958  -0.000675008  0.00129065  -0.00213185  0.00132781  -0.000359466  0.000789822  -0.00111018  -0.0035144 
260 0.000592524 0.914989 0.031358 0.0372549 0.000972518  -0.00418486  -0.0102684  0.00120114  -0.0122847  -0.0186294  -0.0155249  0.0103366  0.00324648  -0.00126873 
266 -0.000317052 0.138334 0.0214188 0.0282061 -0.00894242  -0.00426247  -0.00960554  0.00633106  0.00455463  -0.0108729  -0.000866836  0.00925426  -0.00168846  -0.000268151 
267 -0.000225832 0.190765 0.0167149 0.0333569 -0.00221995  0.00696404  -0.00791385  -0.00184324  -0.000600711  -0.0052314  0.00148176  0.00281886  0.0107605  0.00250551 
268 0.000120745 1.05836 0.0164213 0.0365861 0.00640738  -0.00470927  0.0047235  0.00640551  0.00838913  0.00428629  0.00108768  -0.00510509  -0.00431775  0.0029065 
270 -0.000175549 0.447194 0.00609089 0.034897 0.000438842  -0.00232278  -0.000475304  0.00312508  0.000546288  -0.00133286  0.000879569  0.00122876  -0.0032486  0.00257044 
271 -0.000250133 0.101383 0.0199722 0.0373278 0.00162316  -0.000832879  0.00880105  0.00680978  -0.000975303  -0.0034882  0.0100726  -0.00447565  -0.00467754  0.0107351 
272 9.78255e-05 0.997723 0.0139553 0.0405405 0.00150742  -0.000896062  0.00705733  -0.00100888  -0.000893935  0.00644677  -0.000158823  -0.0040553  -0.00889976  -0.00167783 
277 7.79936e-05 0.672669 0.00733953 0.0393155 -0.00028487  0.00178825  0.00102902  0.000646219  0.00113429  0.00433367  0.00132008  -0.000742377  0.0027341  -0.00439055 
280 -6.69577e-07 -74.9262 0.014213 0.0383108 0.00965926  -0.00143662  -0.00534042  -0.00105535  -0.00632259  -0.000529747  0.00428225  -0.00127501  0.0038249  0.00147016 
281 -0.000394123 0.443804 0.00941734 0.0383196 -0.00336199  -0.00503977  -0.000107622  0.0029368  0.00133076  0.0010705  -0.00201116  0.00551523  -0.00237922  0.000554558 
282 0.000346371 0.698506 0.016584 0.0431577 -0.000571064  0.00485471  0.0108916  -0.00931932  0.00231557  -0.00223885  0.00133284  -0.00163957  -0.00514425  0.00208712 
286 6.00188e-05 0.516555 0.00199399 0.0389394 -0.00102167  0.000288203  0.000324825  -5.11339e-05  -0.00109548  0.000191355  -0.000536241  -0.000690861  -0.000389539  -0.000766649 
288 0.000211461 0.589092 0.00868167 0.038161 0.003552  0.00158952  -0.00392516  -0.00269028  0.0012542  -0.0010757  -0.00459333  0.000259366  -0.00237759  -0.00283454 
290 4.86404e-05 0.608656 0.00459792 0.0352821 -0.00186816  0.000141353  -0.0020638  0.000412357  -0.00147001  0.00285181  0.00039541  0.000273327  -0.000714551  0.00147179 
292 -3.60106e-05 0.38237 0.00411638 0.0345859 0.000887051  0.000944625  0.000732984  -0.00104569  -0.00176567  -0.00134199  0.000737878  0.00175945  0.000536397  0.00218821 
293 -5.23682e-05 0.17847 0.00820697 0.0351026 0.00402296  -0.00119784  -0.00163544  -0.00236461  0.00314293  0.00158505  -0.00161318  -5.59131e-05  -0.0033002  -0.00394741 
294 -6.84949e-06 0.479008 0.000758402 0.0358408 -0.000102769  5.82097e-05  0.00046523  0.000172375  -0.000299856  0.000356611  -0.000206046  -3.95991e-05  9.18402e-05  -0.000213377 
297 7.51954e-05 0.648741 0.00668876 0.0359363 -0.00132677  -0.00158796  -0.00221006  -0.000311063  -0.00410086  -0.0029785  0.00274944  0.0012137  -0.000259444  -0.000829475 
299 0.000735248 0.729339 0.0259702 0.0348744 -0.013021  0.00152801  -0.00235193  -0.00873699  -0.00532691  -0.0058186  0.004569  -0.0180398  0.00346221  0.000417567 
301 0.000111156 0.599216 0.00664206 0.0219373 -0.00241112  0.00119201  -0.000613832  -0.000364926  -0.000541828  -0.00111324  -0.00365016  0.00251288  0.00389323  0.000210444 
302 -0.000385099 -0.0358794 0.0287335 0.0192378 -0.0115035  0.00218856  -0.00835927  -0.00496054  0.00019561  -0.00516697  -0.0021976  0.0137938  0.0186447  -0.00495495 
304 4.40155e-05 1.2089 0.0111717 0.0274821 0.00388952  0.00492076  -0.000520478  -0.00136564  0.00416915  0.000707249  -0.00576794  -0.00256228  0.00477205  0.00168513 
306 0.000119476 0.607554 0.00716969 0.0266693 0.00485943  0.0016426  -0.00131783  -0.000657244  0.00315241  0.00137989  -0.00150672  -0.000970669  -0.00166186  0.00226001 
307 -0.000339451 0.310391 0.0160482 0.0243266 0.0039264  -0.00756265  -0.00375565  0.00476481  -0.0011018  0.000778627  0.000673141  -0.00370531  0.00731566  -0.00886592 
308 9.46921e-05 0.577661 0.00542389 0.0305171 0.00236288  0.00141139  0.00260771  0.000403639  -0.00250213  -0.000918958  0.00239245  -0.00121754  -0.000347723  0.000669305 
313 -8.38035e-05 -0.956454 0.0220957 0.0289241 -0.00734289  0.0133121  -0.00854762  -0.00206122  -0.00749565  -0.00472601  0.000734241  -0.00581758  -0.00342879  0.00742407 
315 2.5404e-05 0.969197 0.00690488 0.0303383 -6.02079e-05  -0.00488098  -0.00267842  0.00156105  0.00108529  0.00351442  0.000329075  0.000639643  6.32815e-05  0.000434275 
317 0.000354878 0.740412 0.0184731 0.0299167 0.00377343  -0.00602337  0.010034  -0.00143561  0.000171577  0.00437792  -0.00824207  -0.0061398  -0.0078805  -0.00103259 
318 -0.000257624 0.117969 0.019843 0.0232421 0.00375234  -0.00937634  0.000152832  -0.00828604  0.00593938  -0.00372401  0.00475881  0.00605019  -0.00194751  0.0105299 
320 0.000104173 0.63382 0.00746752 0.0282462 -0.00241295  0.000903561  -0.000686223  -0.000209371  0.00138319  0.00364644  0.00524519  0.000555806  0.00225771  -0.000694559 
322 -0.000278357 0.289973 0.0152942 0.0263379 0.00455317  0.00563157  -0.00634058  0.00216485  -0.00344535  -0.0101544  0.00215203  0.00137963  -0.00169676  0.00349027 
324 -0.000422468 0.0683146 0.0270124 0.0311782 -0.0171212  -0.00458309  -0.000998089  0.00168919  -0.00956233  0.0139982  -0.00598453  -0.00712115  -0.00198754  0.00581537 
325 -2.26545e-05 0.467139 0.00172572 0.0373448 0.000102729  0.000307636  -0.000355162  0.000809532  -0.000600777  -0.000798184  -0.000105352  0.000252504  -0.000885973  0.000483308 
327 -0.000263684 0.437663 0.0081112 0.0376469 0.00417572  -0.00332813  -0.00353844  0.000288204  -0.0018841  0.00312269  0.000230827  0.00189741  0.00250097  0.00121062 
329 0.000132862 0.708931 0.0105373 0.0410001 0.00146916  0.000956222  -0.00554356  0.00327701  -0.00116594  0.00185359  0.0020754  -0.000518698  -0.00506403  -0.00561044 
330 0.000233927 0.697944 0.0136095 0.0393466 -0.000494519  0.00103407  -0.00174508  -0.000999634  0.00514801  0.000350967  -0.00539699  0.0027849  0.00499295  -0.00956152 
332 6.16777e-05 0.574423 0.00428512 0.0362527 0.000394032  -0.000465183  0.000861181  0.00151014  -0.000217228  0.000512267  0.00293406  -0.000463985  -0.00180985  0.00159977 
335 0.0001721 1.4884 0.0260829 0.0353918 0.00967084  -0.00135121  0.00359296  0.00749845  0.0140478  -0.00609177  0.000647425  -0.0123557  -0.00885558  -0.00706243 
336 -0.000578796 -0.125701 0.0380649 0.0328709 0.0193919  -0.00272849  0.00490116  -0.017301  0.00912307  -0.00177808  0.00278448  0.0219404  0.00918426  0.00906779 
337 5.33491e-05 0.589921 0.00438061 0.0407365 -0.000958946  0.00107118  0.00159011  0.000777794  0.000667385  -0.00345139  -0.000201406  1.18418e-05  -0.000540527  0.00113974 
339 0.000133482 0.77816 0.0121866 0.0400763 -0.0069305  0.000649893  -0.00319534  0.00492125  -0.000594777  -0.00510704  -0.0043703  -0.00445671  -0.000103991  -0.000471726 
342 0.000343718 0.577904 0.0103512 0.038375 -0.00556944  -2.14958e-05  -0.00238737  -0.00039362  -0.00332028  0.00643345  0.00364256  -0.000226406  -6.26253e-05  -0.00212987 
343 1.46266e-05 3.11685 0.0123733 0.0336003 -0.00779673  0.00180394  0.00123921  -0.000229116  0.00667299  -0.00214663  0.00124422  0.00397346  0.00189556  -0.00417146 
344 -0.000143589 0.271245 0.0114632 0.0333819 0.00239326  0.000300905  -0.000220378  0.00688309  -0.00224507  0.00275613  -0.00694636  0.00246485  0.000512722  0.00330656 
345 -3.89511e-05 0.475338 0.00196043 0.0354676 8.14184e-05  -0.000593877  -0.000937393  -0.000551605  1.83081e-05  0.000266187  -0.000488357  -0.00129472  0.000526853  -0.000193497 
346 -0.000105097 -0.244826 0.0176954 0.0360125 0.00524905  -0.00314146  -0.0046195  -0.00892626  0.00170892  0.0023089  0.0100102  -0.00706252  -0.00359599  -0.00184934 
347 -9.599e-05 -0.180773 0.0161678 0.0374434 -0.00235381  -0.00142634  0.00484148  0.00707848  0.00699846  0.00537081  0.00645316  -0.00714397  0.000964888  -0.00297386 
350 4.87453e-05 0.871199 0.00850738 0.038704 -0.00584588  0.00030583  0.00158608  0.000704037  -0.000772692  0.00174671  -0.000776463  -0.00185516  -0.00132466  0.0050645 
352 -0.000372793 0.374227 0.0136985 0.0380691 0.000897468  -0.00381707  -0.00231873  -0.00180031  0.00220362  -0.00396691  0.00305772  0.00819588  -0.00703458  0.00412999 
355 -5.36781e-05 0.493657 0.00116763 0.0426863 -0.000111452  -0.000816795  -2.42543e-05  0.000503024  0.000391587  -1.65684e-05  0.000251252  -0.000198723  6.17176e-05  -0.000412468 
356 0.000500026 0.866561 0.0270746 0.0433105 0.00621697  0.015471  0.00616067  0.00298561  -0.00932962  -0.00277463  -0.00699814  0.0125766  -0.00265115  0.00996229 
357 -0.00032577 0.403764 0.0112016 0.0370931 0.00451875  0.00167295  0.00418663  -0.00365438  0.00132405  0.00432651  -0.000962365  0.00502774  0.00313786  0.00385394 
358 2.75659e-05 0.596691 0.00326522 0.0412519 0.00127163  0.00154363  0.000527315  0.000238904  -0.000434485  -0.0011804  0.000782604  -0.00131833  -0.00146261  0.000504882 
360 0.000236695 0.715493 0.0142837 0.0409165 -0.00350633  0.0012631  0.00859742  0.00499239  -0.00488414  -0.00793381  0.000493887  -0.000915216  -0.00174575  -0.00060432 
361 7.84167e-05 0.641273 0.00665685 0.0379142 0.00226544  -0.0018362  0.00247192  -0.00121684  -0.00180038  0.00375424  0.00103003  -0.0023701  -0.00203613  -0.000242497 
362 0.000158832 1.96104 0.0304642 0.0368656 0.0095787  0.0105791  0.0103361  0.00751968  -0.0034676  -0.00906281  0.000359321  -0.00480786  0.00461182  -0.0205511 
363 0.000280199 0.636816 0.0123838 0.0346447 -0.00434931  -0.00444292  -0.00291354  0.001585  0.00726015  0.00583293  -0.000747305  -0.00210848  0.00113188  -0.00326844 
364 0.000216758 0.529374 0.00504864 0.0303331 -0.00229863  -0.00145459  -0.00157057  -0.00231338  -0.00123785  0.00185575  0.00193991  -0.00101189  -0.000712413  -8.287e-06 
365 4.36176e-05 0.810713 0.00736272 0.026521 -0.0022386  0.000952409  -0.00149647  0.00289139  -0.00203692  0.00291332  -0.00373836  0.0019096  -0.00179971  0.00204801 
368 -3.64106e-05 0.460583 0.00239614 0.0256855 0.000114845  0.000373238  -0.00119124  0.00023087  0.00174568  0.000153505  -0.000342415  7.02332e-05  -0.000823399  0.000495503 
370 -4.58056e-05 0.405242 0.00416692 0.0263848 0.00278972  0.000675885  -0.000577954  -5.48564e-05  -0.00125827  -0.0009633  0.00183065  0.000356781  -0.000448872  -0.00161108 
372 2.35401e-05 0.511105 0.0010227 0.027239 -0.000618955  0.000140574  3.50998e-05  -0.000363901  0.000339909  -0.000418141  0.000236013  7.12054e-05  0.000245498  -0.000313005 
375 -0.000573039 0.0737014 0.0312645 0.0268034 0.00404339  0.00243433  -0.00183885  -0.00175054  -0.0078556  -0.0110141  0.0102924  -0.0121257  0.00431739  -0.0222288 
381 -0.00012718 -1.07766 0.0283296 0.0359392 0.00156967  -0.00353844  -0.00955966  -0.0154449  -0.00243708  0.00889663  0.0125701  0.003003  0.0111745  0.00898121 
383 0.000164356 1.25292 0.0222471 0.0376671 -0.000636731  -0.00521048  -0.0107352  0.00128734  0.00847417  -0.0031597  -0.00775864  0.00611242  -0.00895169  0.00953886 
385 0.000373357 0.87028 0.0235141 0.0354185 -0.00397106  0.00913144  0.00466101  0.00883648  0.00462494  0.00248303  -0.0115508  0.00347322  -0.0131125  -0.00299614 
387 -0.000403829 0.390846 0.0132827 0.0296847 -0.00114957  -0.00355103  -0.000961272  0.00222436  -0.00187657  -0.00667229  0.00852316  0.000235206  -0.00447788  0.0039794 
388 -0.000277693 -1.39687 0.0458995 0.0358482 -0.00302025  -0.00859526  0.0167817  0.0136676  -0.00450913  0.0168794  -0.00164908  -0.0131517  0.0261292  -0.0197907 
390 -0.00038699 -0.0191407 0.0283506 0.0395326 0.00482435  0.00663627  0.0053869  0.0100826  -0.00608315  -0.00326516  -0.00220381  0.00483406  -0.0225821  0.00446374 
391 0.000166757 2.26036 0.0342631 0.0441576 -0.0118535  0.00298045  -0.000156493  -0.0188224  0.00701425  0.0220413  0.010266  -0.00169872  -0.00401541  -0.00329267 
393 0.000583256 0.749854 0.0241428 0.0422273 0.00323805  0.00164271  -0.0052047  -0.00371324  -0.0148542  -0.00952193  -0.0126315  -0.00662088  -0.0031993  -0.00196844 
395 -0.000217243 0.31497 0.0126816 0.0346419 -0.00237703  -0.00461658  -0.00195232  0.00635589  0.005013  0.00184105  0.00405861  0.000760453  0.00551495  -0.00369683 
397 -6.56179e-05 0.389387 0.00538848 0.0376474 0.00295981  -0.0012825  0.00322813  0.000386167  -0.00170368  -0.00185157  0.00101187  9.62792e-05  -0.000582351  0.000597759 
399 0.000395847 1.88847 0.0468779 0.0385091 -0.00657151  0.013797  0.00435013  -0.0146284  0.0214034  -0.0142129  -0.0275415  0.00564693  -0.007543  0.0149548 
402 -0.000225714 0.217516 0.0159715 0.0329724 -0.00987487  0.000390689  -0.00584909  0.00205646  0.00274426  -0.00316114  0.00617668  0.0030298  -0.00605894  0.00417329 
403 0.000354218 0.794869 0.0204391 0.0362342 -0.0040978  -0.00766101  2.55364e-05  -0.00583975  -0.00690493  -0.0074682  -0.00624615  0.00539093  0.010703  -0.00470002 
405 -0.000282021 0.345105 0.013221 0.0309639 -0.00276363  -0.00184302  -0.00551731  0.00279395  0.00254283  0.0055902  -0.00632736  -0.00534635  0.000120361  -0.00437778 
407 0.000117011 0.570409 0.005741 0.0352253 0.00188656  -0.00257682  -0.000989527  0.000805562  -0.000396605  -0.00297346  0.000150694  0.000176389  0.00240689  0.00250723 
410 0.000544047 0.654344 0.0183282 0.0335234 0.00406439  -0.00231234  0.00541775  -0.00869686  -0.00174531  0.000973138  0.0122094  -0.00605326  0.00126186  0.00421577 
411 -0.000272359 0.148985 0.0195571 0.0240816 0.000600956  -0.00670836  -0.00554724  0.00102936  -0.000844651  0.00130706  -0.00842924  -0.00588071  0.00762818  0.0117915 
412 -0.000164132 0.399198 0.00813617 0.0291945 -0.00430697  0.000308471  0.00559154  0.00226774  0.00120825  -0.00217767  -0.000682761  0.000888366  0.000258828  0.00190255 
413 -0.00102091 0.349325 0.0248212 0.031882 -0.0108832  0.0017662  -0.00750466  0.00449277  0.00683553  0.0142746  -0.000752142  -0.0118242  -0.00465658  0.00233959 
417 -0.000236108 0.48602 0.00363765 0.0451431 -0.00119532  -0.00012368  -0.000532526  0.000478076  0.000554492  0.00138049  -0.00270755  -0.000860703  -0.000534338  -0.000840196 
418 0.000621536 0.69356 0.021937 0.0476868 0.00032339  0.000190279  0.00735124  -0.00494402  -0.00353758  0.0114129  0.0107265  0.0110097  0.00449123  0.00184265 
420 1.93265e-05 3.08649 0.0141402 0.0406533 0.00114114  0.00232829  0.00722885  -0.00334007  -0.00183182  -0.000501858  0.00225317  0.000506089  -0.0103101  -0.00381711 
421 5.36635e-05 0.563 0.00367753 0.0404149 0.000253788  0.00185944  -0.000430659  0.00081109  -0.00036308  -0.00224595  -0.00135125  -0.000720622  -0.00127598  9.76464e-05 
423 -4.78153e-06 0.393917 0.00142442 0.0397455 -6.75287e-05  0.000179192  0.00034806  0.000261103  0.00104284  -0.000349901  7.34546e-05  0.000129375  0.000183315  -0.000733012 
427 0.000212389 0.748729 0.0145363 0.0398056 0.00588453  -0.0015008  -0.0110518  -0.00296534  -0.00335815  0.00197414  -0.00416531  -0.00103387  -0.000114791  -0.0031436 
431 -0.000633474 0.379655 0.0174707 0.0370421 -0.00792262  0.00354797  0.00395089  -0.00207489  -0.00421107  0.00545078  -0.000773315  0.00917825  -0.00841005  -0.00263532 
434 4.74082e-05 0.512371 0.001532 0.0447861 0.000682031  -0.000553365  -0.00035606  -0.000319151  0.000570342  -1.34737e-05  0.000647618  -0.000270646  0.000278316  -0.000671872 
436 0.000276897 3.373 0.0563953 0.0442536 0.0172887  -0.0114472  0.00329588  0.0116886  0.00573487  -0.0102965  0.0202532  0.0190147  0.0339251  0.0232686 
439 7.76153e-05 0.834607 0.0101922 0.0410064 -0.00788402  0.00299457  -0.00108632  0.00185572  -0.000973348  -0.003566  0.000423604  -0.00223377  -0.00292804  0.000851399 
444 -0.000238642 -1.50425 0.0437378 0.0400489 0.0299704  -0.000872207  -0.00354098  0.00222918  -0.00615678  -0.00605846  -0.0217414  -0.00864542  -0.0185702  0.00544102 
447 -0.000113823 0.424662 0.00585737 0.0429253 -0.00403801  0.000433899  0.000427054  0.00259575  0.000772179  -0.000391429  0.000121798  0.00176289  0.000343046  0.00262772 
449 0.000396195 0.612777 0.0133703 0.0442314 0.00508257  0.0024919  0.00173379  -0.00329477  -0.00723835  0.00424934  -0.000470387  -0.00294484  -0.00194847  -0.00705134 
450 0.000874837 0.615416 0.0201014 0.0395006 -0.0036656  0.0100384  -0.00411111  0.00123107  -0.000319206  -0.00904894  0.00665414  -0.000174408  0.000238265  -0.0120454 
451 6.64902e-05 2.44428 0.0227388 0.0261886 -0.0125596  -0.0033395  -0.00797528  -0.00237357  0.00164722  0.00911877  0.00675506  0.00613217  -0.00540184  -0.00898004 
452 0.000272566 0.634274 0.0120999 0.0248868 -0.00331768  0.00327254  -0.000815935  -0.003681  -0.000109247  -0.0035638  0.00479427  -0.0010831  0.00668077  -0.00538266 
456 3.09146e-08 0.502823 1.86841e-05 0.0186232 1.71634e-06  6.67793e-06  -4.61884e-06  1.23667e-05  4.82299e-06  -7.00811e-07  -6.13645e-06  2.23607e-06  7.40988e-06  -2.44335e-06 
458 -0.000151538 0.265317 0.0119278 0.0186224 -0.00399353  -0.00300639  0.00313222  -3.18081e-05  -0.0034923  -0.00532414  -0.00419527  0.00104238  -0.00513848  -0.0046734 
459 -7.42331e-05 0.00165196 0.0121648 0.0223236 -0.00568806  0.00142456  0.00725688  0.00150704  0.00133146  0.00311719  -0.00301524  0.00497551  0.00364144  -0.000259357 
460 0.000169063 0.641551 0.00978412 0.0239286 0.00064431  -0.000773942  0.00318542  0.00202537  -0.00421565  -0.00182904  0.00297865  -0.00282717  0.00644017  -0.0010039 
461 7.48847e-07 0.740262 0.000848338 0.0200881 0.000313104  0.000393284  4.65461e-05  0.000121251  -0.00014119  -0.000359104  0.000477941  2.43144e-05  -0.000257847  -7.55621e-05 
464 -0.000253135 0.383789 0.0108496 0.0200694 -0.00317957  0.00407096  1.66926e-05  0.0074604  0.00139872  0.000353661  -0.00123535  -0.00198538  -0.00525943  0.000403282 
465 0.000192558 0.965876 0.018942 0.0256115 0.00825175  0.00871587  -0.00555612  -0.00843123  0.00440978  0.00780284  0.00294793  0.00252795  0.00295933  0.00293544 
466 -0.000134241 0.0359404 0.0157861 0.0215269 0.00311881  -0.00782943  -0.00263617  -0.00233232  0.00369206  -0.00605725  -0.0019692  0.00794075  -0.00028484  0.00696053 
467 -5.3654e-05 0.383847 0.00499302 0.0244471 0.00217372  -1.61631e-05  -0.00285827  -0.00221848  0.000577506  0.000575487  0.00105137  -7.30137e-05  -0.00178944  -0.00146151 
470 0.000302511 0.804279 0.0191876 0.0255209 0.00898551  -0.0027952  0.00382392  -0.0051578  -0.00125051  0.00304958  0.00673803  -0.0088654  0.010149  0.000723878 
471 -0.00014516 0.304003 0.0106687 0.0186775 0.0029893  0.00244384  0.00381077  0.00366191  -0.00322888  0.00466727  -3.49833e-05  0.00402215  -0.00096082  -0.00465504 
472 1.64243e-05 0.989038 0.00566817 0.0222265 -0.000105765  0.00399774  0.00223656  0.000809785  0.000694446  -0.000498764  -0.00104917  -0.00104853  0.00269029  0.000555188 
475 2.12775e-05 0.569499 0.00243212 0.021854 0.00119996  0.000256747  0.000150741  0.000231954  0.000988661  -0.000952264  -0.00074793  -0.00119705  -0.000619645  0.000268882 
476 -1.50896e-08 -24.3593 0.00122494 0.0213616 -0.000642868  -6.65996e-05  0.000745114  5.80714e-05  -9.69436e-05  -8.97728e-05  -0.000182953  0.000614364  -0.000196893  -0.000238852 
481 -9.94507e-05 0.207084 0.010795 0.021362 -0.00254136  -0.00249635  0.00279187  -0.00196649  0.00365035  0.000517199  0.00577949  -0.0012056  -0.00368579  0.00549058 
483 -5.08422e-05 0.436466 0.00359478 0.0235752 0.00148225  0.000695938  -0.000581954  0.00114394  -0.00155814  0.0003404  0.00144808  -0.000803563  -0.000580167  0.00172363 
484 -0.000344038 0.370312 0.0133625 0.0246299 0.00315294  0.0054762  -0.000463631  0.00152153  0.0105714  -0.00275816  0.00267291  -0.0030489  -0.000157821  -0.000517677 
486 -1.57788e-06 -0.514478 0.0025304 0.0308339 0.000694648  0.00166919  9.49497e-05  0.000909406  -0.00112392  0.000356412  -0.000278293  -0.000339368  0.000582115  -0.000613547 
489 -6.07544e-05 0.460274 0.00310745 0.0308595 -0.000473622  0.00223803  -0.00084892  0.0010424  -0.000267752  0.000481523  0.000991378  -0.000510397  -0.000758805  -0.000702313 
490 -2.99126e-05 0.487736 0.00121154 0.0318287 -0.000243765  -0.000171213  -0.000130822  -0.000232367  0.000833297  2.35259e-05  0.000635679  0.000189682  0.000301439  -0.000286549 
491 9.0824e-05 1.359 0.017665 0.0322951 -0.00764943  0.00107182  0.00674455  0.0074751  0.00236194  -0.00216055  -0.0034305  -0.00760726  0.00431128  -0.0072491 
495 -0.000228916 0.394048 0.00985155 0.030857 -0.0029309  0.000629071  0.00230206  0.00187315  0.0036342  -0.00247048  -0.001865  0.00440598  -0.00597853  -0.00114653 
499 0.000402276 0.809129 0.0223018 0.0343671 0.00539563  -0.00451523  -0.00955282  -0.0118832  0.00162831  0.00522714  -0.00978043  -0.00423471  0.0058684  0.00611566 
500 -5.01135e-05 0.274919 0.00671718 0.0279088 0.00247936  -0.00254701  -0.00233192  -0.00429115  0.000181414  0.00183356  -0.00181636  0.00123671  0.000638664  5.28596e-05 
