generation s h r distopt trait[0] trait[1] trait[2] trait[3] trait[4] trait[5] trait[6] trait[7] trait[8] trait[9] 
3 -0.000435249 0.28277 0.0194514 0.04 -0.000712343  0.00459965  0.000278642  0.0146637  0.00448609  -0.00379938  0.00387037  0.000609616  0.00945876  0.00148698 
4 -0.00022243 -0.496468 0.0297759 0.0637482 0.00663322  0.00954137  -0.00480322  -0.00165321  -0.0196884  0.00454606  0.00602591  -0.0082388  0.0142858  0.00303132 
6 0.00220045 0.581365 0.0267904 0.101058 0.0135838  -0.00185602  0.00318947  0.000620937  0.00740142  0.0137926  -0.00365464  -0.01465  -0.00576815  0.00359664 
7 0.000513721 0.733178 0.0218891 0.107863 0.00159216  0.00807766  -0.00867432  -0.0110837  0.000274496  -0.00880476  -0.0102495  3.95201e-06  -0.00552315  -0.00031811 
10 0.00436541 0.682318 0.0564346 0.163062 0.0250073  0.00196802  -0.0189308  0.0062246  0.00300858  0.0148078  0.0253104  0.0133831  0.0311377  -0.0118702 
11 0.0023048 0.570321 0.0254982 0.167299 0.00706355  -0.0119801  -0.00841091  0.0136277  0.00132248  0.00322988  -0.00564282  0.0050543  -0.0093295  -0.0066087 
12 0.00467468 0.813072 0.0764657 0.178774 0.0159109  -0.0236118  0.0354195  0.0045313  -0.00159658  0.0188595  -0.00430932  -0.00945304  -0.0526118  -0.0229585 
14 0.00359258 1.03387 0.0875055 0.202411 0.0164569  -0.0200558  -0.00828689  0.0237775  0.0204794  -0.00412655  -0.00837044  0.0187519  0.0219227  0.070791 
15 0.0028689 0.539951 0.0214915 0.211572 0.00949669  -0.00200417  -0.00585121  -0.00856029  0.00551207  0.00515249  0.00676597  -0.0106091  -0.000855138  0.00664623 
17 0.000453942 0.537048 0.0082072 0.241444 0.000188894  -0.00115838  0.00222255  -0.00295953  0.00370358  -0.00259771  0.000335766  0.0042265  0.00350447  -0.00124905 
18 0.0168562 0.712538 0.119687 0.259292 0.040724  0.0871371  -0.00686937  0.0208563  -0.0444951  -0.0126425  0.000448777  -0.0279274  0.00556571  -0.0405071 
20 0.00587209 0.903345 0.0972224 0.261613 0.0346237  0.0246709  -0.0441848  -0.023286  0.00590492  -0.0101001  -0.0210285  -0.0354155  -0.0220014  -0.0532241 
22 0.0120661 0.569067 0.0581726 0.284501 0.0125127  -0.0141951  0.0131688  -0.0303686  -0.00223138  -0.0150675  0.00163559  0.0173509  -0.0359512  0.0101041 
26 0.003082 0.547016 0.0241539 0.336532 0.00283498  -0.00957026  -0.00619526  0.00330106  -0.00291724  -0.000966596  -0.00769039  -0.00100674  0.0190846  -0.00082644 
28 0.0212962 0.614033 0.0991059 0.370004 0.0187312  -0.0692727  0.0217299  -0.00404285  0.0172618  0.0282843  0.0227413  0.0219078  0.0299031  0.034563 
29 0.00101375 0.52986 0.0110242 0.360062 0.00223841  -0.000172841  -0.0033466  -0.00394325  -0.00642959  0.00322155  -0.00322628  -0.00243557  0.00189766  0.00425256 
30 0.00454624 0.510772 0.0143435 0.37836 0.00539528  -0.00193096  0.00251484  0.00456483  -0.00712899  -0.00499761  -0.00297281  0.00680691  0.00365629  0.00118188 
33 0.00425816 0.586474 0.0384513 0.431679 0.00405478  0.00542531  0.00331636  -0.0230669  0.010809  -0.0130971  -0.0130728  0.00337295  -0.0132948  0.0155613 
35 0.00247399 2.71162 0.147657 0.466466 0.0242569  0.0636683  0.039658  0.0115534  0.0197004  0.0520041  0.047456  -0.089175  -0.0378361  -0.026944 
37 0.0148011 0.53353 0.045585 0.501869 0.0170778  -0.0162038  -0.022472  0.00297963  -0.0244886  -0.000234421  0.00982469  -0.000124769  -0.0172379  -0.004059 
38 0.00434347 0.50926 0.0130353 0.506036 0.00441173  0.00121912  -0.00460861  -0.00296943  0.00171574  0.00316024  -0.00184212  0.0073839  -0.00681865  -0.00125388 
41 0.0361916 0.547538 0.0859406 0.559186 0.0479492  0.0141808  -0.0315482  0.018751  -0.0216806  -0.0110544  -0.00670002  -0.0375129  0.00448415  -0.0383956 
42 0.0175316 0.513722 0.033239 0.545101 0.0176131  0.0049902  -0.00387152  0.00104196  0.00858923  -0.0160837  0.011719  0.00240733  -0.0142935  0.00858705 
44 0.036982 0.560316 0.0970062 0.566343 0.0320713  -0.00359641  -0.0137723  -0.0489702  0.0252559  -0.0503879  -0.0325275  -0.0135069  0.0351608  0.0112866 
46 0.0109969 0.54287 0.0439863 0.57101 0.00680287  -0.0110427  -0.0117035  -0.0113559  0.0282936  -0.00794723  -0.00577686  0.0215011  0.0112781  -0.00375377 
47 0.0659471 0.533231 0.102548 0.580392 0.0664991  0.0206366  -0.0230238  -0.0197823  -0.0480456  -0.0350273  0.00317049  0.0288141  -0.0188677  -0.00388541 
48 0.0149551 0.57383 0.0670187 0.541175 0.0160175  -0.00858164  0.0208635  -0.0429132  0.00455269  0.0150143  -0.00777691  -0.0164364  0.0220472  0.0286636 
50 0.0584963 0.516682 0.0735284 0.564715 0.0408925  -0.000215342  0.0344348  0.0207155  -0.00955009  -0.00834026  0.0158776  0.0371702  0.0065995  0.0167709 
51 0.011134 0.578336 0.0594075 0.53109 0.0125484  0.0191311  0.0144819  -0.00101044  0.00899527  0.0224366  -0.0432235  -0.00602969  -0.016002  -0.00707329 
53 0.0150025 0.570265 0.0655277 0.558915 0.0244419  -0.00459816  -0.0502802  0.00279734  0.00829433  0.00225849  -0.0114434  -0.0289481  0.00693463  -0.0069627 
54 0.0237296 0.523502 0.0497901 0.564285 0.0290876  0.00431676  0.0114035  -0.00705581  0.00110157  0.00997383  0.00365359  -0.0300635  0.0188041  -0.00794125 
55 0.00348368 0.785131 0.0630111 0.561716 -0.00456894  -0.00218653  0.00871269  0.0302002  0.0231827  0.0178519  -0.0220487  0.0154058  0.000721796  0.0371032 
56 0.00655943 0.620889 0.0564058 0.577573 0.0116289  0.00832334  0.00358741  0.0331801  0.0229371  -0.0105176  -0.00843024  -0.0223146  0.0230672  -0.0112021 
59 0.00453954 0.504253 0.00934349 0.628557 0.00309516  -0.000453333  0.0053921  0.00207657  -0.000239251  -0.00600031  0.000395318  0.00025525  0.00191397  0.00204517 
60 0.0369884 0.577453 0.109065 0.643979 0.031301  -0.00654042  0.0882806  0.00836192  0.0424226  -0.00752182  0.00636771  0.0012803  -0.0283189  -0.0175734 
61 0.0601455 0.526667 0.0890436 0.634105 0.0483644  0.0101493  -0.00718043  0.0484299  0.0152798  -0.0124308  -0.0225133  0.0413134  -0.00453811  0.0216191 
62 0.0630626 0.624386 0.179365 0.605186 0.0997078  0.0674173  0.070497  -0.0866238  -0.0178775  -0.00457747  -0.056374  -0.035922  0.0191344  -0.00603222 
64 0.0167217 0.522086 0.0400281 0.587072 0.00809522  -0.00573477  0.0203578  0.0111418  -0.00842884  -0.0023201  0.0128793  0.0208305  0.00751149  -0.0152517 
66 0.0510758 0.526175 0.0803221 0.608424 0.0511432  -0.00540856  0.00904126  0.022511  0.0141236  -0.0104868  -0.0252871  0.0291404  -0.0376479  0.00168937 
69 0.0126557 0.595813 0.0699717 0.619187 0.018522  0.00379751  0.00239546  -0.0494814  -0.00420947  0.0173442  -0.0122066  0.00891422  -0.00378397  0.0390267 
70 0.0206965 0.586657 0.0854635 0.626645 0.0287095  -0.0343  0.0282905  0.0279372  0.0276198  0.0355781  -0.0250937  0.0149999  -0.0267816  0.0110377 
75 0.0147149 0.558631 0.0594224 0.698426 -0.00395608  -0.00157768  -0.0117672  -0.0145067  -0.0130161  -0.0215412  0.0235855  0.0385995  0.0179947  -0.0126699 
76 0.014786 0.555238 0.0578741 0.706306 0.0188081  -0.00327217  -0.00854645  -0.0419882  0.012985  0.0172048  -0.0108937  -0.0136317  0.0188224  -0.00505138 
77 0.0164756 0.648647 0.0991862 0.714085 0.0170189  0.0202269  -0.00145083  0.0176046  -0.0101712  -0.00225904  -0.00856874  0.0236168  -0.0314257  -0.0842603 
80 0.0286092 0.589349 0.102303 0.757305 0.00684496  -0.0329139  0.0337206  0.0474898  -0.022069  0.0457917  0.0497256  0.0265654  0.00489026  -0.0125327 
85 0.0746216 0.513004 0.0795569 0.832562 0.0539795  -0.0194529  -0.00628935  0.022415  0.0266112  0.0149066  -0.0178238  -0.0185791  0.0042186  -0.0297336 
86 0.0480019 0.503029 0.0408274 0.806847 0.026795  -0.00410801  -0.00311488  -0.0163164  -0.00370394  0.00501043  0.00733814  0.0123906  0.0131909  0.0153593 
91 0.0440576 0.526999 0.0747137 0.871675 0.0413175  0.0100717  0.0305892  0.00948236  0.0343206  0.0342172  0.00329681  -0.0181839  0.00180257  0.00737966 
92 0.0187346 0.546046 0.0599117 0.865211 0.00876892  -0.0235406  -0.0290886  -0.00879583  0.0211179  0.0139886  -0.000843426  0.0350663  0.0114654  0.00560231 
100 0.00474051 0.549511 0.0307845 1.00555 0.00678187  -0.0124369  -0.00761264  0.00218628  0.0144312  0.0111068  -0.00659175  -0.000725455  0.006805  -0.0161981 
101 0.00216415 0.515145 0.0115454 1.02218 0.00111048  -0.000124554  -0.00318384  -0.00449057  -0.00278939  0.00281837  -0.00404592  0.00455794  0.0067801  0.0017052 
102 0.0301136 0.509354 0.0393701 1.02113 0.016665  -0.00723327  -0.00504132  -0.0107874  -0.00723847  -0.0161001  -0.0199841  0.00751577  0.00598294  -0.0165808 
103 0.0122675 0.50085 0.0107598 1.00649 0.00603206  -0.00520246  -0.00140173  -0.000444143  -0.00108515  -0.0016492  8.63585e-05  -0.00193186  -0.00545031  -0.00357996 
104 0.125499 0.521007 0.129982 1.00042 0.0458503  0.0332422  -0.032112  -0.0165294  -0.0306608  0.02519  0.0877734  0.0201961  -0.0270115  0.0443539 
105 0.073742 0.508754 0.0708526 0.939473 0.040202  -0.0291645  -0.00527033  -0.0261694  -0.00466496  -0.00158938  -0.0240223  0.00137625  0.0279485  0.0213623 
106 0.00419867 1.00765 0.0922369 0.900811 0.000918659  -0.0137657  -0.00225021  0.0262871  -0.0608637  -0.0102628  -0.0423638  0.00484314  0.0115902  -0.0431166 
107 0.062652 0.538889 0.10623 0.898482 0.0389484  -0.0315346  -0.0302122  0.00549091  -0.0190637  0.0714112  0.039883  -0.0255725  0.00444157  -0.0101586 
109 0.0706238 0.539243 0.114112 0.864004 0.0493965  -0.0362349  0.0342665  -0.0176943  -0.00328218  -0.0528374  -0.0587476  -0.000605967  -0.0383272  -0.00762257 
110 0.00762693 0.562511 0.0439117 0.823566 0.00221335  0.00357267  0.0165943  -0.00446529  0.00237651  0.0014697  0.0204215  0.00641533  -0.0225569  0.025307 
116 0.0646855 0.61033 0.171818 0.81894 0.00957271  0.0327105  -0.0630291  0.0510544  0.0134923  -0.103701  0.0548307  -0.0865802  -0.0143583  0.0116629 
117 0.115806 0.531175 0.1401 0.779733 0.072272  0.0159058  -0.0285769  -0.0146026  -0.0899761  0.0164646  0.0275349  -0.0426351  0.0465822  0.00302965 
120 0.0542634 0.506851 0.0533239 0.705979 0.0382481  0.00165731  -0.00839239  -0.00701817  -0.0119164  0.0115128  0.00320131  0.019864  -0.0208373  0.0120217 
122 0.0474589 0.521908 0.071661 0.667506 0.0307776  -0.00742745  -0.0213001  -0.0112663  0.0219443  -0.0216593  0.0102942  0.0478337  -0.00684827  -0.0126742 
124 0.0186366 0.615876 0.0933795 0.63182 0.0259309  0.0463119  -0.0408677  0.0272929  -0.0131545  0.0088304  -0.051734  -0.0132366  -0.0196091  0.000557587 
125 0.0248286 0.540923 0.0656745 0.617035 0.0116729  -0.0239402  -0.00379523  -0.00569501  0.029579  0.0110269  0.0302987  0.00881547  0.0382124  0.0102226 
132 0.016002 0.517901 0.0355322 0.596831 0.0135738  0.00828033  -0.0112282  -0.00248667  -0.00697858  -0.0235556  -0.00587225  0.0131632  -0.0081322  -0.000127644 
133 0.05626 0.516657 0.071708 0.583379 0.0452428  0.00605828  0.0043724  0.0103628  0.0343882  -0.00147914  0.0279801  0.00381928  0.0307858  0.00139681 
137 0.0100844 0.555912 0.0478932 0.534413 0.0109543  -0.00451696  -0.0333556  -0.0122419  -0.00361606  -0.0166439  0.00568121  0.00644332  -0.00749838  0.0216976 
141 0.00393539 0.524362 0.0197594 0.524941 0.00476792  0.000481936  -0.00113426  0.00480701  0.0150217  -0.00454874  0.00190192  -0.00523218  -0.00643491  -0.00493277 
142 0.00392746 0.568592 0.032909 0.521187 0.0051862  -0.00266421  0.00405215  0.00715128  0.0123308  -0.00273523  0.00415222  0.0164486  0.000308966  -0.0231089 
146 0.0196238 0.517724 0.039577 0.517412 0.0157284  -0.00407071  0.0187277  -0.00838556  -0.0222711  0.00189485  -0.00793613  0.00613643  0.0161677  0.00444067 
147 0.00999824 0.875324 0.1223 0.498279 0.0210618  -0.0391705  0.0299567  -0.0336448  0.0137524  -0.0816696  0.0320627  0.0189762  0.0410129  -0.03195 
148 0.0170781 0.519602 0.0383524 0.488194 0.0219274  -0.00552825  0.00619364  -0.0125754  0.00182074  0.0114725  -0.0022565  0.0249156  0.00120031  -0.000883308 
149 0.0186274 0.511842 0.0323177 0.470531 0.0199731  -0.0058204  0.00776744  0.00337287  0.00847785  -0.00672114  0.0161367  -0.0119741  2.4925e-05  0.00437029 
150 0.0101025 0.767756 0.103931 0.450492 0.020602  -0.00872236  -0.00573358  0.0561185  0.0299596  -0.0626619  0.00934482  -0.0300996  0.022717  0.0280275 
151 0.0120699 0.616666 0.0752787 0.439194 0.0155063  -2.68404e-05  0.0441927  -0.0199177  0.00858984  0.0331001  -0.0159687  -0.00698538  -0.0106022  -0.0386151 
152 0.00160146 0.544785 0.0169683 0.425316 -0.00167386  0.00407466  9.99503e-06  0.0056132  -0.0130526  -0.0023898  -0.00309879  -0.00681746  -0.00116385  0.00186917 
153 0.0100233 0.517793 0.0275587 0.423431 0.0170689  0.0108263  -0.00486811  0.00523891  0.00526223  -0.00984058  0.00462752  -0.00651976  0.0104211  -0.00165382 
154 0.0691776 0.55099 0.125902 0.411486 0.095692  -0.00716649  -0.0190794  0.0414673  -0.0552138  0.0244952  0.0123662  -0.0172934  0.0139475  -0.01626 
156 0.0329704 0.580837 0.104883 0.320048 0.0522127  -0.0118824  -0.0278895  0.0236789  0.0262205  -0.0179572  -0.0268311  0.0120098  -0.0314896  0.0626806 
161 0.00733083 0.527484 0.0288024 0.26456 0.0172654  0.0106912  0.0117977  0.00397608  0.0117358  0.00168523  0.00687086  -0.00359698  0.00677248  0.00394994 
166 0.0119113 0.818308 0.122955 0.250376 0.0688934  -1.32673e-05  0.0462468  -0.0139684  0.0270029  0.0184654  -0.0445781  0.00455653  0.0610205  0.035158 
168 0.00285777 1.11578 0.0838265 0.225493 0.0358067  -0.00601932  0.0565014  -0.00923629  0.013526  0.0232976  0.00651172  -0.0107871  -0.0105507  -0.0378814 
171 0.0148104 0.747106 0.120885 0.219074 0.0666067  0.0364818  -0.0212732  0.0690202  0.0115027  -0.00132394  0.0124495  0.00232334  -0.0576573  0.00325471 
174 0.00777638 1.12921 0.139566 0.18246 0.0272947  0.034897  0.00591936  -0.0658466  -0.0401547  0.00139861  0.0816675  0.0593951  0.036359  0.00336959 
176 0.00189832 0.570697 0.0231965 0.159829 -0.00165685  0.00606472  0.000168132  0.00353294  -0.0147082  -0.0118775  -0.00434009  -0.00856884  -0.00315669  0.00513887 
179 0.0054384 0.659273 0.0588946 0.153781 -0.000162341  0.00421021  -0.00554547  -0.036258  -0.0138748  0.0424893  -0.00805425  -0.00529104  0.0029148  -0.00249274 
181 0.00564354 0.6512 0.0584636 0.135 -0.0179243  0.00112198  -0.0170519  0.0220972  -0.0318906  0.00951093  -0.0157157  -0.0211105  0.00183596  0.0226478 
182 0.00364293 0.599858 0.0381944 0.112238 -0.000722009  0.000899092  -0.0159369  0.000293782  -0.00793423  -0.0011564  0.0146866  -0.0186372  -0.0239966  -0.000496067 
184 0.00256223 0.62415 0.035691 0.0946626 0.0147976  -0.0173786  -0.0132035  0.0160134  -0.000545968  0.00780485  -0.00454369  -0.00832344  -0.00243107  0.0128473 
185 0.000348138 0.773824 0.0195267 0.0800129 -0.000638909  -0.0104661  -0.00394077  0.0103872  0.000146166  -0.00507822  -0.0083403  0.00606271  0.00241269  0.00315778 
188 0.000636929 0.690562 0.0220344 0.0778074 0.0106124  0.00386143  0.00504126  0.00437282  -0.00721359  0.00401089  -0.00303283  0.0114778  -0.00559531  0.00854859 
189 0.00159836 0.796532 0.0435335 0.073602 0.00535385  0.0119202  -0.0208552  -0.0141445  -0.0027934  -0.00217566  -0.0141635  -0.00271054  -0.0118411  -0.0269946 
191 0.000217161 0.594887 0.00907949 0.0618076 0.00182187  -0.000105141  -0.00131761  0.00376949  0.00314635  0.00407036  -0.00277934  -0.00154597  -0.00370689  0.00358309 
193 0.00035221 0.983921 0.0261085 0.0600253 0.00521778  0.00133605  -0.0106495  -0.0108814  -0.0156524  -0.00595895  -0.00136787  0.00611468  -0.00413125  0.00916452 
202 0.00138689 0.715756 0.0345958 0.0570166 0.00101065  -0.00989799  0.015985  0.00273904  0.0239617  -0.00337627  -0.000902919  0.0127599  -0.00912008  -0.00157766 
214 0.00011366 0.512459 0.00238132 0.0431852 -0.000743518  -0.00140688  0.000182546  -0.00032713  0.000764784  -0.000119596  0.000550558  0.00100706  -0.00100995  -0.000248458 
216 -1.39145e-05 -5.36737 0.0180708 0.0418487 -0.00296815  0.000177507  -0.00951595  -0.00240458  -0.00916516  0.00472474  0.00521712  -0.00367275  0.00114014  -0.0085468 
217 0.000603877 0.615459 0.0167027 0.0420146 -0.00658727  -0.00684565  -0.00015018  0.00475908  -0.00377389  0.00265558  -0.00558808  -0.00104403  -0.0104377  0.00187034 
218 2.78234e-05 0.525764 0.00169342 0.0340812 0.000648351  1.59473e-06  0.000120914  -0.000122087  0.000516999  -0.000841148  -0.000679704  2.89984e-05  -3.84905e-05  0.000989274 
220 0.000544013 1.1186 0.0366832 0.0336706 -0.00464372  0.00402823  0.00960012  -0.0185236  -0.00112789  0.00189063  0.00278663  -0.00991179  -0.0197985  0.0192287 
221 7.0378e-06 9.16543 0.0156184 0.0242866 -0.00275674  -0.00213647  -0.00216956  0.00101845  -0.00192758  0.00663035  0.0104106  0.00720837  0.00410866  -0.0010617 
222 -0.000363825 0.408194 0.0115626 0.0241413 -0.00737366  0.00245298  0.00141014  0.00632254  0.000565181  2.66574e-05  0.00041595  0.000415426  -0.00553789  8.89628e-05 
223 -0.000706261 0.417686 0.0152599 0.0307684 -0.00955394  0.00575317  0.00122128  0.00116098  -0.00535889  -0.000537298  -0.00369024  0.0051844  0.00595983  0.000791347 
224 6.13896e-05 0.620162 0.00543208 0.0406596 0.000489938  -0.00149027  0.00134645  0.00200288  0.00105381  0.00139999  0.00201633  -0.00083756  -0.00264978  -0.00252253 
225 0.000255675 0.66261 0.0128961 0.0398976 0.00469598  -0.00249166  -0.000489279  0.00514653  0.0101634  0.00176772  0.00108645  0.00122431  0.00118995  -0.00089886 
226 -0.000594277 0.421593 0.0136605 0.0365537 -0.00955364  0.000139386  -0.00668414  0.00340414  0.00235248  0.00317215  -0.00417699  0.000140076  0.000620562  -0.00236694 
227 0.000203013 0.792807 0.0154196 0.0439389 0.0015504  -0.00272799  0.00533427  0.000658941  0.00883147  -0.00921379  -0.00400947  0.00136644  0.00406886  -0.00128145 
229 -7.04698e-06 0.498339 0.000216429 0.0415648 -3.74852e-05  1.50958e-05  -6.38832e-05  7.41464e-05  2.74551e-05  -6.22771e-05  0.00012168  8.70666e-05  -5.88244e-05  -7.17672e-05 
231 -0.000167478 -0.201493 0.0216787 0.0416495 0.00969668  0.00154768  0.00835044  -0.00327141  0.010648  -0.00329082  0.00706862  0.00579468  -0.00311461  0.00869821 
232 0.00114723 0.699075 0.0302253 0.0436139 0.0118414  -0.0124236  0.00152473  0.00206934  -0.0132996  -0.00598468  -0.0103774  -0.0143894  0.00449889  -0.00804441 
233 5.28835e-05 4.4139 0.0287718 0.0274883 -0.00598564  -0.0172867  -0.00853435  -0.00984066  -0.00681422  -0.00429879  -0.00663111  -0.00202784  -0.00983424  0.0106665 
235 9.8004e-05 1.35097 0.0182639 0.026509 -0.000497395  0.00143131  0.000334945  -0.00975394  -6.59338e-05  0.00968799  0.00365432  0.00992146  -0.0038757  0.00391782 
236 -0.000202146 0.468078 0.00508274 0.0245912 -0.000727353  -0.00207036  0.00195687  -0.000111659  -0.000412437  0.00220237  -0.00118984  0.00219332  -0.000945769  0.00224402 
237 -8.75367e-06 -12.1645 0.0210575 0.0284058 0.00700297  0.0044012  0.00617458  -0.00763211  0.00358325  -0.0034745  0.0106461  -0.0112671  0.000734236  0.00359089 
241 3.51903e-05 0.694221 0.00522866 0.0285595 -0.0022228  0.00122575  -0.00236389  9.85475e-05  -0.00264791  0.00064535  0.00180996  0.00182533  -0.000975876  -0.000556711 
245 -4.35843e-05 0.415373 0.00384122 0.0279366 0.00115505  -0.000917048  0.000440769  5.5621e-05  0.000989702  0.00103573  0.00267905  0.00139559  0.000877708  0.000659453 
246 -0.000532827 -0.0596715 0.0345415 0.0287061 -0.00623335  0.0176146  -0.00890763  -0.0174816  -0.0021805  0.0049448  -0.00752852  -0.015317  0.00097743  -0.0117295 
247 0.000257678 0.730558 0.0154154 0.0368376 0.0123168  -0.00265174  0.000959864  -0.00082934  0.00257483  -0.00334687  0.00620829  0.00224234  -0.000390958  -0.00396665 
250 -2.35289e-05 0.442075 0.00233495 0.0331567 -0.00131837  -0.000348732  -0.000757144  -0.00119764  3.66028e-06  2.55628e-05  -0.000766577  0.00089671  0.000376733  0.000224384 
251 0.000393908 0.847721 0.0234054 0.0335096 -0.000518452  -0.00750065  0.00143648  0.00780458  0.0108947  -0.00361852  -0.0107941  0.000630905  0.0108496  -0.00786746 
253 -0.000205953 -0.360737 0.0266293 0.0270012 -0.0117798  0.00155331  -0.00447521  0.00397557  -0.00894294  -0.0053691  -0.0088682  0.0125415  0.00854928  0.0106903 
254 -0.000335372 0.204014 0.019929 0.0305784 0.00252068  0.00509809  -0.00128596  0.0114893  -0.00728686  -0.006908  -0.0111146  0.000915956  -0.000154418  -0.00243882 
255 1.13109e-05 0.963141 0.00457756 0.0356436 0.00038577  -0.000466096  0.000980816  0.00156757  0.00104507  -0.00113108  -0.000249017  -0.00335958  -0.00151386  0.00107547 
260 -0.000148257 -0.84048 0.0281945 0.0354846 0.0180937  -0.013346  -0.0077646  -0.00142471  0.00379695  0.00579659  -0.00327059  0.0118617  -0.00257913  0.00458771 
262 -6.94362e-05 0.461142 0.00328563 0.0375156 -0.00040639  -0.00138254  0.00137726  -0.000494192  -0.000812243  -0.00188797  -0.00121252  -0.000239608  -0.000416816  -0.000807563 
265 -0.000149727 0.477118 0.00370354 0.03843 0.00052597  0.000784474  2.7734e-05  -0.000545662  -0.00250426  6.7488e-06  -0.00203587  0.00117524  -0.000792572  0.000316551 
266 -8.12068e-05 0.472847 0.00297047 0.0403311 0.00158239  -1.51291e-05  0.00105199  0.00104496  0.000166907  -0.000635687  -0.00111885  -0.000484673  0.00143768  -0.000367756 
271 0.000121006 1.69097 0.0240081 0.0413257 0.0032336  0.0193256  0.00151216  -0.00149155  0.00106184  0.0010434  0.00735308  -0.00804805  -0.00114428  0.00809793 
274 7.34138e-05 2.17517 0.0221783 0.0398348 -0.0076751  0.0118913  -0.00297923  -0.00208356  -0.00297465  0.008061  0.0134895  0.00328375  -0.00238676  0.00246484 
275 -0.000317281 -0.243766 0.0307249 0.0389025 -8.88271e-05  0.0017288  0.0152937  0.00204197  0.00138452  0.00313897  -0.00886847  -0.00514426  0.019689  -0.014086 
277 0.000192229 0.758622 0.0141015 0.0427871 -0.000527458  -0.0066357  -0.00365971  -0.00252058  -0.00622356  -0.0065456  0.000642033  0.00555061  -0.00215587  0.00416515 
280 -0.00146379 0.3648 0.0281637 0.0404787 0.0141517  0.0181707  -0.0052981  -0.00430387  0.0088428  -0.000856239  0.00142562  -0.0113208  0.00264362  0.00021097 
282 0.000358757 1.12861 0.0300312 0.055708 -0.0127167  -0.00895001  0.00553392  -0.00440798  -0.00988981  -0.00339294  0.000817732  -0.00521974  0.00543553  -0.0210529 
283 -0.000150294 0.410792 0.00732427 0.0523898 -0.000111969  0.00438696  0.000859273  -0.00274415  -0.00185417  0.00244694  0.0036298  -0.000196801  -0.00165046  0.00086865 
284 0.000322471 1.29679 0.0320549 0.0538052 -0.0170133  -0.00210743  0.0198935  0.0126176  -0.00104065  -0.00283492  0.00360205  0.000170081  -0.00971477  0.00788464 
286 0.00031155 0.680113 0.0149821 0.0507206 0.00695189  0.0026407  -0.00464105  0.00364292  0.00273604  -0.00318261  -0.00297256  0.000845944  -0.0098738  -0.00311339 
288 -0.00021925 0.41021 0.00887571 0.0475508 -0.00115311  0.00451199  -0.00285155  0.000130803  -0.00431869  0.000552443  0.0015009  0.00483064  -0.000701827  0.00197622 
290 0.000517256 0.907242 0.0290245 0.0498031 -0.00877187  -0.0141247  0.0106049  -0.00896644  0.0125248  0.0070047  0.0080907  -0.00696217  -0.00105376  0.00722007 
291 0.000422958 0.62135 0.0143298 0.0443083 0.00137349  -0.00726694  0.00288621  0.0031552  -0.00143441  0.00660981  0.00568479  0.00305392  -0.000204065  -0.00670308 
295 -9.21242e-05 0.354276 0.00732838 0.0392474 -0.00248778  0.000947074  -0.000294709  0.00479859  -0.000365111  -0.00165998  -0.00276883  -0.00309133  -0.0012363  -0.00136598 
296 0.000265261 1.56818 0.0336617 0.0404041 0.0235954  0.00520701  -0.0144911  0.00788022  -0.0140571  0.00544973  0.00379539  -0.0040248  -0.00274374  0.00342438 
300 0.000219429 0.752807 0.0148958 0.0369765 -0.0100719  -0.00542669  -0.000122536  -0.000359212  0.00243237  -0.000797055  -0.00831978  -0.00373613  -0.000158467  -0.00104707 
301 0.000127385 1.69672 0.0246921 0.0338801 -0.000335203  0.00831177  -0.0141241  -0.00387485  0.00661077  -0.00345198  0.00595914  0.0105375  0.00521657  0.00982936 
302 -0.000123865 -1.04233 0.0276431 0.031945 -0.00213528  -0.00630017  0.000458938  0.0163109  0.0119209  0.017131  0.00110245  0.00173315  0.00235939  -0.00287572 
303 -0.000427103 -0.319768 0.0374252 0.0338283 0.0171075  -0.00535169  0.0106341  -0.0227418  -0.0028555  0.00730668  -0.0156444  -0.00944378  0.00134078  -0.0071968 
304 0.00064564 0.558878 0.0123374 0.0396427 -0.00483195  -0.00401567  -0.00218348  0.00623551  0.00217922  -0.00256953  0.00465382  0.00280241  -0.00524433  0.000850893 
305 -4.68756e-05 0.452089 0.00299747 0.0304321 0.000788706  0.000681795  -0.000689481  0.00218471  -0.000423752  0.000247628  0.000367577  -0.00040391  0.00145067  7.75236e-05 
306 0.000257988 0.568861 0.00843116 0.0311928 0.00263625  -0.00131801  0.000779377  -0.00185423  -0.0012171  -0.00658889  0.000821098  0.000996239  -0.00250806  0.00234522 
308 -9.00079e-05 0.190419 0.0105578 0.0267402 -0.0043141  -0.000309184  -0.00167054  0.00365277  0.00745434  0.000647514  -1.93975e-05  -0.00309794  -0.000487079  -0.00328705 
313 -0.000221413 0.385522 0.0100709 0.0283734 0.00143299  0.00417656  -0.00216549  0.00340456  -0.00152571  -0.00278558  0.00232779  -0.00464963  0.00227598  -0.00483114 
315 -2.11486e-05 -5.91054 0.0232866 0.0320388 0.000359931  0.00302857  -0.0159292  -0.00380227  -0.00560569  0.00295916  0.0075315  0.00287242  -0.0117781  0.00457039 
320 -0.000840386 0.0737899 0.0378606 0.0323672 -0.00738335  -0.0126497  0.00664199  -0.0126059  -0.0165005  0.00223152  0.0255447  -0.000321073  -0.00927212  0.000127338 
323 3.80958e-05 0.505938 0.000951613 0.0434554 0.000405162  -5.25707e-06  0.000233959  -0.000193781  0.000550562  0.000160115  -0.000389934  0.000169685  0.000117458  -0.000354545 
325 0.00014804 0.945036 0.0162331 0.0430149 0.00887941  0.00430345  0.00302265  -0.00198584  0.00645257  -0.00159655  0.00209815  0.00411144  0.0077984  -0.00517352 
326 -7.2057e-05 0.495722 0.00111155 0.0412584 -8.50224e-05  -0.000107945  2.37139e-05  -0.00033135  -0.000645068  0.000471081  0.000657398  -9.64129e-05  -0.000157152  -4.58911e-05 
327 3.30485e-05 0.660766 0.00461003 0.0421226 -0.00178331  -0.00111288  0.000703324  -0.00255662  0.000694053  0.000798676  -0.0020386  -0.00206447  0.000479288  -0.000188331 
331 5.36518e-05 0.563091 0.00367978 0.0417284 0.00107096  0.0006514  -0.000461454  -0.000627228  0.00177257  0.00159936  -0.00193684  0.00116451  -0.000614934  0.000421437 
333 1.85794e-05 7.95283 0.0235337 0.0410806 0.00103173  -0.00880482  -0.00723274  0.0117836  -0.00939134  -0.00993518  0.00560463  0.00366498  -0.00356485  0.0062946 
334 -7.25915e-06 0.394708 0.00174853 0.0408538 -0.000660725  -0.000941919  -0.000408964  0.000324257  -0.000340847  0.000534026  2.38414e-05  0.000891001  -0.000515108  7.07202e-06 
342 3.2032e-05 1.41115 0.0108047 0.0409426 0.00541135  -0.00127263  0.000511857  -0.00403369  0.00167844  -0.0078285  -0.000210851  0.00126443  0.0018865  -3.17446e-05 
344 3.60756e-05 0.886112 0.00746433 0.0405495 0.00138229  -0.00217138  0.000409169  0.00179536  -0.00257587  -0.0030434  -0.00222847  0.00398012  -0.00158811  -0.0025442 
345 0.00089362 0.746893 0.0297056 0.0401022 -0.0140068  -0.00477575  0.00764939  -0.00995334  0.0149564  0.00543159  -0.0122343  0.000104468  0.00761035  -0.00671096 
349 0.000192666 0.841882 0.0162315 0.0267388 0.00162381  0.00419287  -0.00459548  0.00295619  0.00858892  -0.00974851  -0.00307436  0.00371531  0.00138521  0.00440558 
357 -3.75105e-06 0.498215 0.000163667 0.0228543 1.45048e-05  -7.60903e-06  -3.84786e-05  -3.88019e-05  -2.26736e-05  -0.000132265  1.07808e-05  5.17964e-05  -2.19671e-05  -4.73571e-05 
360 -0.000141503 0.321868 0.0100419 0.0229362 0.00415777  0.00060102  0.000680297  0.00141808  0.00222097  0.000518764  0.00368855  -0.0021076  0.00632237  0.00418296 
361 -0.000534248 0.339783 0.0185095 0.0258376 2.4804e-05  -0.000432498  0.00300428  -0.00790857  -0.00120325  -0.0131957  -0.000594697  0.00546232  -0.00785476  -0.00183893 
362 -0.000475278 0.315207 0.0187482 0.0346695 0.00548629  0.00408856  -0.000908807  0.00862806  0.0116082  -0.00267339  0.00107864  0.00658891  -0.00466578  0.00460058 
365 -8.05827e-05 0.290752 0.00821294 0.0409556 -0.000687343  0.00373344  0.00160147  -0.00212259  -0.00132946  -0.00304429  0.000364756  -0.00403844  0.00211844  0.00374251 
366 -6.22777e-05 -4.78471 0.0362809 0.0419279 0.000440205  -0.0102751  0.0112193  0.012134  -0.00458219  -0.000206279  -0.0090958  0.00664683  0.0139249  -0.0244043 
368 -1.41978e-06 -29.0046 0.0129444 0.0426641 0.000891486  -0.00517849  0.00259407  0.00629476  -0.000197918  0.00699941  -0.00303693  0.0052651  0.00222044  0.00163898 
372 -0.000167123 -1.81186 0.0393104 0.0426808 -0.0200086  0.00248539  0.00281928  -0.0219108  -0.0194546  0.00234479  0.00629669  -0.0112726  0.00420121  -0.00907734 
373 0.00074579 1.18948 0.0453412 0.0445958 0.00223711  -0.00167031  -0.025999  0.0264304  -0.0127608  0.00877666  -0.00607055  0.0104759  -0.00353688  0.0165693 
374 8.10041e-05 0.550348 0.00403933 0.0352601 0.00140029  -0.000716274  -0.00133753  -0.0017255  0.00109066  -9.43121e-05  -0.00180025  0.000679733  -0.000907762  0.00183047 
376 -7.0415e-05 0.407706 0.0050989 0.0340921 -0.00284426  0.00209312  0.00125582  0.000555516  0.000759548  7.56578e-05  -0.000551672  0.00231502  0.000925051  -0.00213074 
377 -5.67987e-05 -0.316285 0.0136183 0.0351097 0.00336197  0.00835729  -0.00291655  0.00259805  -0.00635925  0.00435614  -0.00410763  -0.00345491  -0.000733118  -0.000540783 
379 1.30572e-05 0.685489 0.00311253 0.0359095 -0.000529532  0.000689266  0.000594776  -0.00206057  -0.000195962  0.000905173  0.00123309  2.24483e-05  0.00101182  -0.000964422 
380 -0.000100316 0.234064 0.0103305 0.0357272 -0.00216677  -0.000192107  0.000672416  -0.0025422  0.000240967  0.00682705  0.00563239  0.00175856  -0.00216495  -0.00298377 
381 0.000245256 0.641668 0.0117894 0.0371046 0.00028192  0.0047438  0.00185532  0.0033216  0.00579867  0.0070303  -0.000632756  -0.00381546  -0.00197472  0.000157488 
383 -3.82251e-05 -8.79596 0.0376979 0.0336382 -0.00387659  -0.00765942  0.0063203  -0.0225294  0.0201513  -1.13631e-05  0.00196512  0.0103813  0.0044352  0.016203 
385 9.66145e-05 3.78128 0.0356065 0.0342017 0.0021269  -0.0209225  0.0152223  0.0141565  0.00230264  -0.00591272  -0.0118143  -0.0144276  -0.00232765  -0.000104004 
389 -1.24932e-05 0.450111 0.00157898 0.0327589 -0.000921237  0.000252524  -0.000462158  -0.000340179  0.00014775  0.000249114  -0.000382922  0.000505189  0.00055234  -0.000678684 
390 0.000173703 1.63952 0.0281357 0.032949 0.00207424  0.0115355  -0.00475219  0.014886  0.00383715  -0.000355516  0.0108834  -0.0160343  0.00336434  0.00289025 
395 1.6039e-06 3.8363 0.00462647 0.0301985 -0.00113175  0.000525313  -0.00240169  0.00053724  -0.00224038  -0.00131433  0.00202322  -0.000480504  0.000214126  0.00163516 
396 0.000303458 0.657308 0.0138188 0.030172 -0.000128981  0.0101784  0.00296565  -0.00410582  -0.00193196  -0.000501364  -0.00318894  0.00197741  -0.00313182  0.00581526 
399 2.83203e-05 0.935673 0.00702517 0.024636 0.00301121  0.00289465  -0.000804301  0.000126979  0.00221606  -0.00419494  0.00166605  -0.00198035  -0.00077683  -0.00119759 
402 -1.10004e-06 0.398068 0.000669717 0.0240544 -0.000312143  1.6154e-05  0.000305386  0.00014776  -0.000160905  -5.75797e-05  -0.000429508  -0.000112745  -6.89346e-06  -9.63934e-05 
403 -0.00060004 0.352528 0.0188209 0.0240773 -0.01067  -0.00599091  -0.00829372  -0.000520319  0.00910205  0.00291161  0.00188756  -0.000441424  0.00619256  0.00141472 
406 2.12078e-05 2.5843 0.0132969 0.0343502 -5.86043e-05  -0.000629527  0.00357959  -0.000831769  -0.00131979  -0.00482114  0.00393165  -0.000315922  0.00260858  -0.0107497 
407 -0.000281299 -1.42318 0.0465157 0.0340401 0.0311525  0.00735195  -0.0144589  -0.00554246  -0.0240854  0.00713038  -0.0094748  -0.00402166  0.00826413  -0.00970618 
408 -0.000250579 0.418157 0.00905944 0.0379482 -0.00218429  -0.000832704  -0.00507572  0.00130954  -0.00171127  -0.00182846  0.00523624  -0.00378384  -0.000739814  -0.000759236 
412 -0.000247715 0.263031 0.015325 0.0411178 -0.00643107  -0.00266771  0.00297367  -0.00148799  0.00319433  0.0026198  -0.00734618  -0.00188114  0.00979891  0.00217545 
413 -1.35016e-05 0.499159 0.000213335 0.0440275 9.41382e-05  3.32803e-05  -4.51213e-05  -5.27662e-05  6.39195e-05  5.41049e-05  -5.81074e-06  -4.18717e-05  0.000140827  -4.57154e-05 
414 3.84864e-05 0.661893 0.00499229 0.0441806 -0.00127844  -0.0014235  0.00277156  3.85633e-05  -0.000835712  -0.000920136  0.00119024  -0.002946  -0.00116799  -0.000757818 
419 -2.18898e-06 -22.1919 0.0140955 0.0437429 -0.00132717  -0.00576805  0.00292102  0.00913641  0.00489983  -0.00444842  0.00237815  0.00179383  -0.000412186  0.00433656 
420 0.000618583 1.43707 0.0481395 0.0437679 0.00436385  -0.00354673  0.00224847  -0.0132796  0.0112384  -0.009794  -0.0194556  0.0319565  -0.0166164  0.0143637 
421 -0.000409671 0.332673 0.0165628 0.0360171 -0.0100176  0.00155757  -0.00426373  0.00947245  -0.000118095  -0.0062072  -0.00484757  0.000962504  0.000103818  -0.000813787 
423 1.72338e-05 6.22352 0.0198627 0.0413157 -0.0105263  -0.00461033  -0.00372269  -0.00355643  0.000487437  0.0110657  0.00856245  0.00125015  0.00549014  -0.00287347 
424 0.000494555 1.78058 0.0503187 0.0411066 0.0114464  0.0294409  0.0208286  -0.00970928  0.0165121  -6.94505e-05  0.0133158  -0.00129929  -0.0178521  -0.0153538 
425 -7.81194e-05 -1.36774 0.024158 0.0345734 -0.00156446  -0.0131672  -0.00324931  0.00245241  0.00437638  0.0137983  -0.00275504  0.00214694  -0.00621447  0.011439 
429 -0.000300501 0.462745 0.0066957 0.0356854 0.00042743  -4.90168e-05  0.00182409  -0.00421632  0.00457738  0.000494887  0.00139488  -0.000562562  -3.39391e-05  -0.000286278 
430 -0.000379184 -0.0267351 0.0282677 0.0396736 -0.00366668  -0.017127  0.00789551  0.0120862  -0.00805477  0.00351231  -0.00999565  0.000411167  0.000108348  0.0103226 
431 0.000457162 0.562452 0.0106902 0.0441956 -0.00361926  -3.90948e-05  0.000840353  -0.00281173  -0.00394512  -0.000758533  0.00099727  -0.0033705  0.00188756  -0.00777881 
434 0.00012859 0.776997 0.0119362 0.0386806 -0.00308981  0.00307233  -0.00129826  -0.00380648  -0.00186596  -0.000154928  0.00767456  0.00104818  -0.00440145  0.00494325 
435 -1.34833e-05 0.424827 0.00201356 0.0369812 0.000252329  -0.00149056  0.000132246  -6.81474e-05  -0.00077626  4.42966e-05  -0.000710562  -0.00034602  -0.000688388  0.000209261 
436 -5.25941e-05 0.298287 0.00651445 0.037163 -0.000769322  0.00154415  -0.00130523  -0.000550203  0.00390387  -0.00196107  0.00312384  0.00136471  0.00173134  -0.00193676 
437 -4.00765e-05 -1.44558 0.0176602 0.0378641 0.000788866  -0.00247721  -0.000340673  0.00210252  -0.00186651  -0.0115873  0.00292848  -0.00489555  0.00514147  0.0101913 
438 -0.000132032 0.157709 0.0134458 0.0383896 -0.0070229  0.00575435  0.00616435  -0.00156973  0.00248689  0.00365911  -0.00208047  -0.00395325  -0.0033068  -0.00272543 
440 0.000161824 0.662301 0.0102499 0.0400725 0.00146499  0.00104847  0.00249938  -0.00309441  0.000195254  0.000836571  -0.00451671  -0.00168627  -0.00296661  -0.00729447 
441 -7.01823e-05 -1.30061 0.0224827 0.0379999 0.0104168  0.00567656  -0.00711815  -0.00268345  0.000456159  0.0126356  0.00255313  0.00243331  0.00396172  0.0109028 
442 6.61962e-05 2.41928 0.0225422 0.0389124 -0.0114896  -0.00543307  0.00639914  0.00311084  -0.0113261  -0.00587421  -0.00206123  -0.00982892  -0.0056766  0.000353995 
443 -0.000127621 0.464541 0.00425565 0.0380524 0.00103739  -0.00179561  -0.000971238  0.000375083  0.00068128  0.000636272  -0.000261352  0.000216185  0.00109092  0.00324839 
447 -0.00016813 0.449975 0.00580171 0.039694 0.000918295  -0.00370615  0.00124828  -0.00311247  3.84998e-05  0.00169868  -0.00137926  -0.0012691  0.0011957  7.52942e-05 
449 0.000415409 0.59977 0.0128775 0.0417583 -0.00480815  0.00188712  -0.00294966  -0.00366053  -0.00421587  -0.00196528  -0.00141948  0.00436574  0.00352117  -0.00787029 
453 0.000311019 0.928757 0.0230941 0.0364477 0.0116565  0.0102359  -0.0104096  -0.00227769  0.00766987  0.00109296  0.00384665  -0.00314378  0.0095097  0.00200111 
463 -2.48235e-05 0.335184 0.00404545 0.0318977 -0.000665492  -0.00118194  -0.00260371  0.000493625  0.000237121  0.000370753  -0.0014307  0.0003868  -0.00180979  0.00135548 
467 -5.63214e-05 -9.3838 0.0471818 0.0322845 0.00013472  -0.0127357  0.0160962  0.00563674  -0.0175793  -0.0215218  -0.00975511  0.00901734  -0.00704694  -0.0278333 
471 -0.000114549 0.477299 0.00322622 0.0331453 -0.000924266  -0.000313089  0.00195828  -0.000111824  0.000696388  0.00047068  -0.00148017  0.000331438  -0.00014448  0.00160645 
476 0.000211151 1.79732 0.0330981 0.0348305 -0.00413386  0.00641852  -0.0227066  0.00871202  0.00410265  0.00703939  0.00507344  -0.00183107  0.0167189  -0.00840893 
478 -1.50325e-05 -2.07167 0.0124352 0.031655 0.00635364  -0.00128914  0.00280945  0.00191757  -0.00455538  0.000415645  0.00771306  -0.0015335  0.00403621  -0.00140509 
479 -0.000220283 0.441599 0.00717553 0.0318915 -0.00297151  0.0010009  -0.000858621  0.00137784  0.00509028  -0.000561638  0.00109031  -0.00183095  0.00130612  -0.00255879 
482 0.000158358 0.981927 0.0174713 0.0351764 -0.00499525  0.00546064  0.00370546  -0.00392778  0.000681767  0.00302516  -0.00614871  -0.00853261  -0.00962913  -0.0028927 
483 -0.000618565 0.361396 0.0185264 0.0328486 -0.00145123  -0.00495497  0.00467681  0.00439294  -0.00263324  0.00408916  -0.00227861  0.0147545  0.00387071  -0.00372441 
484 -0.000157205 0.367449 0.00913067 0.0412042 0.000155878  0.00068839  -0.0024493  0.00589856  0.00332197  0.00301806  -0.0015503  0.00380708  -1.77998e-05  0.00224434 
485 0.000370441 0.770626 0.0200244 0.0430698 -0.00492317  0.000512677  -0.00438488  0.00249516  -0.000796307  0.00312283  0.01088  -0.0065275  -0.0128048  0.00396128 
486 0.000156138 1.26262 0.021823 0.0385309 0.00677753  -0.000753844  0.00884784  0.00533155  0.000404784  -0.0152895  0.00217392  -0.00190141  0.0056273  0.0070065 
489 -0.000795657 -0.0533825 0.0419743 0.0364487 -0.00721951  0.0255064  -0.0173477  -0.00984176  -0.00554654  -0.0143913  0.00834835  0.0166769  0.00449925  0.00744369 
492 0.000483162 0.590449 0.0132241 0.0460921 0.00904736  0.00159283  4.92577e-05  -0.00156664  -0.0059824  0.00463674  0.00179482  -0.00419747  0.000520514  -0.00310297 
493 -0.000178161 -0.411431 0.0254862 0.0405146 -0.00258459  -0.00412272  -0.0133401  0.00412622  -0.00355322  -0.00610168  -0.00887692  -0.00158281  -0.0127556  0.0117056 
494 -0.000770108 0.367625 0.0202041 0.0426569 -0.0129591  -0.00868173  0.000308254  -0.00351713  0.00611292  -0.00577348  0.000807712  0.00413347  0.00100743  0.00793584 
495 0.000675519 0.722426 0.0245152 0.0508922 0.00290419  -0.00586175  0.00241019  -0.0109511  -0.0116696  0.00865903  -0.00129344  -0.0117958  0.00655702  0.00612341 
498 -3.41422e-05 0.361966 0.00434189 0.0437576 -0.000553326  0.000594758  -0.000512916  -0.00032932  -0.00173521  0.000863981  -0.00238332  0.0012209  -0.00262152  0.00014124 
499 0.000119511 0.843596 0.0128159 0.044146 0.00509821  0.00424907  0.000464258  -0.00205624  0.0035107  0.00466459  0.00631781  0.00444851  0.0021919  0.00414325 
500 0.000103925 0.953695 0.0137329 0.0427711 0.00170373  -0.00744343  -0.00395327  0.00245926  0.00307837  0.0083693  0.000265435  -0.00419297  0.00333678  0.00054949 
