generation s h r distopt trait[0] trait[1] trait[2] trait[3] trait[4] trait[5] trait[6] trait[7] trait[8] trait[9] 
2 0.000148842 0.541014 0.00494241 0.05 0.000617455  -0.0030677  -0.00247876  -0.00020396  0.0028527  0.000398884  -0.000211402  -5.48265e-05  0.000268743  0.000180727 
3 0.00297228 0.662079 0.0439097 0.0983764 -0.0224148  -0.0123955  -0.00774163  0.00695648  -0.0104452  0.00552066  -0.0214956  -0.00288252  -0.0232358  0.0037158 
4 0.00431289 1.32896 0.11939 0.128745 -0.0292079  -0.0501897  0.00412785  0.00591586  -0.0356802  -0.0439819  0.0386981  0.0194936  0.0505586  -0.0564685 
6 0.00198848 3.54035 0.155203 0.18914 0.00532804  -0.088817  -0.0449158  -0.000284906  -6.56245e-05  0.0940669  0.0338086  -0.0638312  -0.00863092  -0.00362062 
8 0.0282683 0.684851 0.144728 0.255895 -0.0938157  -0.0163161  -0.00342002  -0.0333633  -0.00439168  0.00640415  -0.0371597  0.0750599  0.0606501  -0.000275305 
10 0.0187944 0.673535 0.114355 0.271525 0.0117703  -0.0588684  0.0106145  -0.0162561  0.0819254  -0.0264888  0.0179074  -0.00627789  -0.0284143  0.0226959 
12 0.0256009 0.607877 0.105887 0.323366 -0.0257997  -0.0456463  0.0231159  0.0151413  0.013002  0.0372405  -0.0107507  -0.00232918  -0.0775645  0.00245372 
14 0.000782895 6.73378 0.139523 0.372346 -0.0233828  -0.0500031  -0.0721469  -0.00538596  0.00984446  0.0203627  0.0311059  -0.0259492  -0.0950384  -0.000871963 
17 0.0104056 0.589575 0.0613262 0.498823 -0.0189015  -0.00206989  -0.0224203  -0.0162622  0.0231858  0.00669088  0.00507296  0.0283687  0.0243095  0.0250679 
18 0.0167869 0.558885 0.0637004 0.532896 -0.0137227  -0.0184929  -0.0100591  0.00865501  -0.00690984  -0.0302914  -0.012149  0.00503208  -0.035444  -0.0309328 
19 0.0927784 0.598178 0.196479 0.561746 -0.0919613  -0.0782683  0.04329  -0.041718  0.0490758  0.0134274  0.112276  0.0356709  0.0519696  0.0351983 
21 0.0115007 0.857218 0.12795 0.56055 -0.0181792  -0.0361745  -0.0869968  0.0483126  -0.00843272  0.0319172  0.00267872  -0.00302915  0.0216245  -0.0570593 
23 0.0732369 0.548132 0.126792 0.634409 -0.0416621  -0.0560456  -0.0161755  -0.0771237  -0.0491757  -0.0315435  -0.00227237  -0.0343834  -0.0157284  0.0119026 
24 0.055988 0.565533 0.125438 0.618251 -0.0653464  -0.00955294  -0.0275684  0.0393223  0.000744474  -0.00500177  -0.0281166  -0.0135536  0.0341384  -0.0830777 
25 0.0698022 0.674852 0.221752 0.614735 -0.0605408  -0.0752696  -0.0312117  0.11459  0.0942981  -0.103991  -0.0128058  -0.0542293  0.0534456  0.00839348 
27 0.0152472 0.516931 0.0337509 0.637576 0.00409842  -0.0133114  0.0139656  -0.0128854  -0.00413111  -0.0167229  -0.0118943  0.00779874  -0.00854158  -0.00347629 
31 0.110169 0.547114 0.158394 0.800575 -0.0954478  -0.000620372  0.0271865  0.0850413  -0.0348966  0.0581682  0.0029329  0.0380268  -0.0376637  -0.0230729 
34 0.0851179 0.61456 0.20143 0.869304 0.00759058  -0.0594001  -0.00489321  -0.0833233  -0.0549106  0.054231  -0.03684  0.10199  0.0780518  0.0788286 
36 0.053181 0.539427 0.0974874 0.915349 -0.0346521  -0.0225533  0.0117011  0.0248581  0.0150458  0.0150653  0.0667212  -0.00578755  0.041416  0.0196393 
38 0.0537679 0.529494 0.0868551 0.980724 -0.0373259  -0.00500523  0.0186038  0.00948443  0.0542586  -0.000242036  0.0264135  -0.0410191  -0.0190352  -0.00168404 
41 0.0558812 0.53942 0.100204 1.09619 -0.0117311  -0.0277886  0.0537393  0.0135705  -0.0243248  -0.00734688  0.0262209  0.0137952  0.00739952  -0.0669384 
44 0.184997 0.513886 0.154217 1.0711 -0.0724738  -0.0901846  -0.00970845  0.0193183  0.0241592  0.0394911  0.0714819  -0.0217131  0.0373041  0.0285248 
45 0.0116758 0.609031 0.0716013 0.98869 0.0314231  -0.031707  0.0102974  0.0138692  -0.00094831  0.00656573  -0.0367237  -0.0372785  -0.00624439  -0.00378053 
48 0.0517555 0.521309 0.0746381 0.982802 -0.0193586  -0.0130647  0.0277874  0.0109482  -0.00563063  0.0120065  -0.00256457  -0.0522379  -0.0346228  0.00483995 
50 0.107644 0.511987 0.100591 0.956786 -0.0375381  -0.0246891  0.0538968  -0.0246691  0.0147246  -0.0504431  -0.0236344  -0.0224933  -0.0127557  -0.024452 
51 0.0396163 0.569873 0.107691 0.901779 -0.0355489  -0.0231301  -0.0392136  -0.0394215  -0.0136705  0.0127241  0.0697696  -0.0320271  -0.0201484  0.00764947 
52 0.110194 0.650982 0.260851 0.879973 -0.0469766  -0.1504  -0.029836  0.115858  0.150321  0.0394603  -0.0190591  0.0441293  -0.00680622  0.048912 
54 0.0646539 0.512387 0.0711632 0.818424 -0.0214282  -0.0297903  -0.0368401  0.00230455  -0.0365057  0.00591561  -0.01733  0.000771272  -0.0145685  0.0217769 
57 0.0351495 1.61265 0.389167 0.77921 -0.00778433  -0.151142  -0.0485455  -0.0711781  -0.0104687  -0.231729  0.0474159  0.217281  -0.104226  -0.0836235 
58 0.0108203 0.511922 0.0238976 0.756718 -0.00722459  -0.00653095  -0.0105666  -0.00936697  -0.00491173  0.00709192  0.00160485  -0.0079496  -0.011687  -0.000278923 
60 0.0161536 3.53448 0.435945 0.749574 -0.024658  -0.0975666  0.153889  0.232639  0.00124001  0.0715602  -0.291626  0.0377844  -0.080206  -0.0639466 
62 0.073237 0.547041 0.125575 0.738807 -0.0677006  0.012992  0.00932749  0.0355868  0.0253571  0.039126  -0.0213825  -0.0310787  0.0509245  0.0589341 
63 0.0242556 0.62558 0.110938 0.689316 -0.0210404  0.0370317  0.0436702  -0.0160831  0.0335018  0.0200812  0.0452942  -0.0123407  0.00732551  0.0674112 
66 0.0886134 1.27717 0.508972 0.671707 0.0496224  0.0129549  0.0286827  -0.145315  -0.240922  -0.151376  -0.0248204  -0.226314  0.302817  -0.0999628 
67 0.0833331 0.523606 0.10368 0.605215 -0.079626  -0.0397898  0.0279406  -0.00623125  -0.0310567  -0.0045154  0.00732215  -0.029108  -0.00778994  0.00774325 
70 0.0525958 0.730192 0.219602 0.535017 0.0224709  -0.0236588  -0.120929  -0.0999426  0.0889621  0.0378121  0.0386667  0.0524884  -0.0816977  0.0477409 
71 0.0176048 1.07306 0.199889 0.484751 -0.0712844  0.10293  -0.0125147  0.0519553  -0.0312467  0.00486318  -0.119745  -0.0605971  -0.0346933  0.0347752 
72 0.0179337 0.520463 0.0401563 0.466403 -0.0086129  -0.00916932  -0.00550709  -0.00740955  -0.0197663  0.0122009  -0.00514329  0.00465413  -0.00423535  0.0276301 
76 0.0649525 0.631325 0.18679 0.446942 -0.126182  -0.10024  0.0318154  0.0767729  -0.00498587  0.0185728  0.00869468  -0.00868264  0.0289341  -0.0256139 
81 0.0202341 0.538421 0.0572538 0.369902 -0.0276173  0.000211947  -0.0178261  -0.0185881  0.0175018  -0.00500905  -0.0156697  0.0109201  -0.0221031  0.0258305 
82 0.0118907 0.706783 0.0991713 0.341753 -0.0257217  -0.00152596  0.0267568  0.010916  -0.000259442  -0.00135359  0.0405364  -0.0191837  -0.0231509  0.0760713 
84 0.0117553 0.805253 0.119634 0.323998 -0.0402037  0.0627496  -0.0408853  -0.0379853  -0.0156853  -0.049037  0.0436269  0.0025216  -0.029086  -0.0154178 
85 0.0256475 0.722653 0.15103 0.305431 -0.0554628  -0.0723782  0.037659  -0.0651841  0.0625715  -0.0199927  -0.0297703  -0.0168449  -0.0452192  -0.0360354 
87 0.00804372 1.31688 0.161631 0.260699 -0.0619967  -0.0473861  0.0555794  -0.0418204  -0.0473218  0.0751254  0.0161284  -0.0829323  0.00934617  0.00943616 
88 0.0233919 0.634341 0.112573 0.244851 0.0193803  0.00212498  -0.0381999  0.0204485  0.0071888  0.0519326  0.018114  0.0740524  0.0363075  0.0231617 
96 0.00763092 0.864414 0.105331 0.191911 -0.0510172  -0.0452767  0.0517898  -0.0139854  -0.00390807  0.0307231  -0.00497754  0.0342507  -0.0260558  -0.0269831 
97 0.00110845 0.684919 0.028635 0.170961 -0.00946126  0.0109744  0.0020265  0.00109426  -0.00180097  -0.0125114  0.0117188  0.00215508  -0.0166657  0.00502089 
99 0.0176525 0.697469 0.118112 0.16769 0.0359841  0.0657561  -0.035209  -0.00562879  -0.0414431  -0.0196624  0.0216224  0.0596728  0.0289687  -0.00942113 
101 0.00386405 0.772965 0.0649314 0.10306 -0.00173709  -0.0309639  -0.0183395  -0.0184247  -0.00844688  0.00198744  0.00139724  0.040361  -0.0255394  -0.0148315 
105 0.000735466 0.576517 0.0150095 0.0822486 -0.00320499  0.000493324  -0.00291479  -0.00426291  0.00296481  0.00412036  -0.00373496  0.00634561  0.00135802  0.0103089 
106 0.000781681 0.758913 0.028451 0.0776507 0.00634462  0.00989488  -0.0101703  -0.0189502  -0.00876121  0.00339352  0.000956064  -0.0089634  0.00462646  -0.00422079 
107 0.000593219 0.571114 0.0129949 0.0724449 -0.00322803  0.00378693  0.00135774  -0.00425275  0.00441746  -0.00225858  0.00140952  0.00473448  0.0086554  -0.000492535 
110 -2.48706e-05 0.485587 0.00119758 0.0682292 0.000217186  -0.00034433  0.000184419  -0.000301405  0.000364352  3.60273e-05  0.000790042  -0.000394288  8.67944e-05  -0.000471586 
112 0.0022066 0.777589 0.0494883 0.0684112 -0.013837  -0.0222785  0.0121977  -0.0255132  -0.0222741  0.00459195  -0.0184281  -0.00387325  -0.00161538  0.00933623 
113 0.000743015 0.591817 0.0165242 0.0497587 -0.000273632  -0.00262002  0.00225264  -0.00551565  -0.00216611  -0.00457962  0.00130342  0.00142428  0.0108931  0.00908638 
115 0.000514673 0.92584 0.0296055 0.0416315 0.0129054  0.00878051  0.00607256  -0.00528523  -0.00990737  -0.00821203  0.00348893  0.00252043  0.0187756  0.00560215 
118 -0.00171017 -0.189565 0.068701 0.0349091 0.000776967  -0.0164705  0.0291659  0.0127485  0.0197336  -0.0220592  -0.026324  0.020344  0.0116157  0.0362903 
119 0.00119793 1.14837 0.0557176 0.0541321 0.00801617  -0.00275282  -0.0166164  0.00994604  -0.0124972  0.0101979  0.00669352  0.00874917  -0.0386962  -0.0279044 
120 0.000445092 0.745514 0.0209065 0.0416301 0.00205615  -0.00470678  0.00488906  -0.0138297  0.00714484  0.000798454  0.0100473  -0.00600465  8.44495e-05  0.002615 
122 4.93142e-05 0.506161 0.00110291 0.0358898 0.000179115  0.000663836  -0.000410353  -0.000237972  0.000243592  -0.000258147  0.000336399  4.14864e-05  0.000222949  -0.000477552 
124 -0.000596176 0.333495 0.0199334 0.0351961 0.00507535  -0.011854  -0.00368252  -0.00405629  0.00586065  0.00764549  -0.00119357  -0.00368303  0.0094653  -0.00191554 
129 0.000197755 0.552249 0.00643001 0.0428382 -0.0016801  0.000772767  0.0024868  0.00291853  -0.00189519  -0.0030027  0.000163037  -0.00183218  -0.00264382  0.000491929 
130 -5.60566e-05 -0.307646 0.0134573 0.0404645 -0.00358307  -0.000524668  0.00430034  -5.71596e-05  0.00283562  -0.000538519  -0.00297203  -3.11432e-05  -0.00668095  -0.00936421 
132 -0.000191214 0.276706 0.0130697 0.0411514 -0.000787712  -0.000567875  0.00286917  -0.00445284  0.00576705  -0.000908866  0.00352664  -0.00566731  -0.00384299  0.00695746 
136 0.000214551 1.13597 0.0233606 0.0434128 -0.00482852  0.00511959  -0.0158749  0.012078  0.00147663  0.00100521  0.00022493  -0.00415707  -0.00245806  -0.00846995 
137 -0.00025728 0.36102 0.0119614 0.0408674 -0.00289466  -0.000105314  0.000411625  -0.00753016  0.000999799  0.00164551  0.00475762  0.00408939  -0.00415778  -0.0041785 
139 0.000610879 0.566653 0.0127672 0.0439028 -0.00454466  0.00350254  0.00480965  0.00193561  -0.00111738  -0.00648688  0.00164092  -0.00584274  0.0047973  0.000166772 
140 0.00053865 0.58521 0.0135531 0.0362872 0.00624554  0.00927603  0.00276985  0.00338087  -0.00205012  0.00113927  -0.0031362  -0.000896267  0.00319649  -0.00362962 
141 -0.000134173 0.437999 0.00576943 0.0278973 -0.00383474  -0.00205531  -0.00206495  -8.6283e-05  0.000342768  0.000930714  -0.00206899  0.00120409  -0.00118314  0.00140402 
142 0.00018244 0.862728 0.0162693 0.0302066 0.00366437  0.00480763  0.00701307  0.00443336  -0.00405486  0.00454379  -0.00662907  -0.00542703  0.00673181  -0.00187285 
143 -5.99092e-05 -0.724569 0.0171304 0.0270188 0.00160346  0.0067096  -0.00307425  -0.000107264  0.00884236  -0.000957715  -0.00305985  -0.00387328  -0.000810095  0.011501 
148 -0.00107599 0.389506 0.0218259 0.0281056 -0.00426985  0.00632741  0.00313426  0.00532802  0.00400666  0.00156415  -0.0128474  0.00670534  -0.0116911  0.00383324 
149 -2.38615e-06 0.325275 0.00129139 0.043203 -0.000460725  0.000221311  0.000831942  0.000384312  -3.82277e-05  4.25411e-05  0.000625223  0.000140266  -0.00023445  0.000312727 
150 1.22442e-06 0.500944 6.79964e-05 0.0432306 -2.55002e-05  -7.10493e-06  8.30092e-06  -2.69049e-05  1.25363e-05  1.84829e-05  -1.30331e-05  2.37465e-05  3.44105e-05  -2.6709e-05 
152 0.000823834 0.768206 0.0297272 0.0432164 0.00437839  -0.00949867  -0.00880874  0.00354333  -0.00640763  -0.00455728  0.0165642  0.00554451  0.00803427  -0.0158957 
155 0.000138345 0.567457 0.00611031 0.0323136 0.00211242  0.000969274  -0.000109082  -0.00172364  -0.00262396  0.00253946  0.00256778  -0.00131434  -0.000350424  0.00267833 
157 0.000387141 0.629765 0.0141768 0.030097 -0.00087985  0.0020757  0.00764792  -0.00511502  -0.000629717  0.000522229  -0.00420258  -0.00122527  0.00956012  0.000125201 
159 -2.53554e-05 0.47094 0.00171688 0.0227764 4.01275e-05  -0.000678704  0.000739899  -0.000498387  0.00053733  0.000621668  -0.000673734  -0.000298195  0.000670751  0.000147163 
160 -0.000240204 0.314587 0.0133489 0.0233264 -0.00774084  0.00387452  0.000214188  0.00523528  -0.0029726  -0.00115338  -0.00644682  0.00415561  0.0012871  -0.00227022 
161 8.09388e-05 0.565691 0.00461196 0.0280063 -0.00195635  0.000810589  -0.00235268  -0.00292051  0.000349479  -0.000601277  -0.000218452  0.000941705  0.00109783  0.00031297 
164 -6.44958e-05 0.375683 0.00566345 0.026522 -4.4603e-05  0.00363434  -0.002047  -0.00138185  -0.00148254  0.0025457  -0.00174055  0.000241792  -0.000954818  0.000293799 
170 -0.000842645 0.31794 0.0247833 0.0277113 0.00248713  0.00436901  0.00196399  -0.00525513  0.0166723  0.00410673  -0.0105006  -0.0111458  0.00251136  0.00467292 
171 -3.27086e-05 -2.96888 0.0213033 0.0401362 -0.00775835  -0.0079365  0.00922052  0.00682986  -0.00471761  0.000435324  0.00357617  0.0109694  0.00494355  -0.00435725 
172 0.000166791 0.811173 0.0144082 0.0405416 0.00284441  -0.00603184  0.00134234  -0.000903187  -0.00302073  -0.00948022  -0.00203164  -0.00506497  0.00563195  6.06983e-05 
173 0.00015797 1.39119 0.0237287 0.0384298 0.000602598  0.0134599  -0.00547559  -0.0114644  0.0096194  0.00564426  0.0041936  0.00142066  -0.00527755  0.00694682 
179 5.90277e-06 0.506455 0.00039041 0.0363165 0.000135012  -0.000211808  -0.000242244  -0.000100635  3.31814e-05  6.88288e-05  5.44064e-05  -2.12865e-05  7.33731e-05  7.67136e-05 
180 0.000522842 0.777598 0.0240936 0.0362352 0.0104667  -0.011627  0.00960803  0.00355197  -0.00668358  -0.00728632  0.0103007  0.00515192  -0.000570415  0.000317488 
181 -0.000269963 0.0620578 0.0217482 0.028112 0.00799791  -0.00199853  -0.00643465  0.000314325  -0.00574855  -0.00343809  0.0044732  0.0154387  0.00773616  -0.000666107 
182 -2.76382e-05 -0.264141 0.00919121 0.032562 -0.000573987  0.00121978  0.00311059  -0.00220514  0.00315539  0.00605194  -0.0025835  -0.00309694  -0.00218037  0.000721587 
185 6.47818e-06 37.0737 0.0307832 0.0329836 0.00507796  0.0141382  0.00191296  0.00262269  -0.00861801  -0.0206317  0.00981784  -0.00410246  0.00299963  0.00944673 
187 5.8374e-05 2.97563 0.0240415 0.0328853 -0.00999078  0.00590558  -0.00287364  0.000296174  0.00178255  0.00443694  0.0151343  -0.00926076  -0.00516127  0.00840502 
189 0.000107688 0.512443 0.00231635 0.0319855 5.88506e-05  -0.00188992  -0.000559687  0.000186592  -0.000179947  -0.000117527  -0.000621426  -0.000226888  -0.000277326  -0.000938828 
194 -2.93613e-06 0.452235 0.000748986 0.0302554 0.000121321  0.000127835  -0.000383984  -0.00046303  3.63193e-05  0.000162007  0.000124637  -0.000126288  5.30382e-05  0.000325911 
201 -0.000172373 0.0583544 0.0174511 0.0303039 -0.00145588  0.00153479  0.00460094  -0.0060636  -0.00189652  0.00611397  -0.00486143  0.0113382  0.00616075  -0.00331792 
205 -5.26787e-05 0.269045 0.00697624 0.0330259 0.00218989  -0.00385294  0.00306494  -0.0024682  -0.00032843  0.00238267  -0.00146195  0.00177467  0.000362253  -0.00152917 
207 0.000165467 0.729346 0.0123205 0.0338141 0.00381637  0.00110819  -0.00976772  0.00318967  -0.00130155  -0.000482575  -0.00199311  0.00347785  -0.000680427  -0.0034587 
208 -0.00100089 0.0801549 0.0410105 0.031272 -0.0117318  -0.0116228  0.0109482  0.0189846  -0.00827249  -0.0235768  -0.00762705  -0.0112352  0.00267832  0.0106294 
210 0.000251814 0.539564 0.00631484 0.0444896 0.00320936  0.00277437  0.000709743  -0.00170253  -0.000104615  0.00322352  0.00214572  -0.000460362  0.000411557  -0.00175792 
211 -0.00018798 0.276546 0.0129634 0.0415638 -0.0102825  0.00355903  -0.00146815  -0.00251598  -0.0032236  8.16525e-06  -0.000661129  -0.00298138  0.00237775  0.00397432 
212 9.72404e-06 0.979335 0.0043179 0.0437669 0.000590322  0.000708246  0.00172157  0.00163189  0.0022435  -0.000636618  -2.58644e-06  0.000716936  -0.000891322  -0.00232814 
213 0.000408547 0.738115 0.0197259 0.0436557 0.00272348  -0.00586985  0.00322207  -0.000188049  0.00493893  0.0108513  0.00580511  0.00462532  0.00226684  -0.011595 
214 0.000309782 0.958777 0.0238412 0.0386957 0.00185944  0.00744001  0.0036426  -0.0101412  0.00384912  0.0023843  0.00319687  -0.00654265  -0.0165252  0.00684633 
215 -2.49798e-05 0.292546 0.00455292 0.0344619 0.001672  3.26081e-05  -0.000437868  -0.00118255  -0.000207052  0.00198733  0.00176301  0.00278952  0.00107753  0.000547019 
216 0.000198887 0.555675 0.00665639 0.0348224 -0.00134284  -0.000830309  -0.00458494  -0.00160226  0.000619883  0.00124597  -0.000737087  0.00372996  -0.00107404  -0.000824463 
217 -0.000177353 -2.30658 0.0446174 0.0318392 -0.0155012  -0.0095054  -0.0232716  -0.0103684  -0.0017338  -0.0117084  0.00656329  -0.0229178  0.00775633  -0.0155709 
220 -0.000430012 -0.691727 0.0452751 0.0345124 0.0156478  -0.00516107  0.0304386  0.00601844  -0.0143251  -0.00435782  -0.0171826  0.0098046  -0.0114459  -0.00830892 
221 0.000231253 1.57048 0.0314642 0.0402642 -0.0116043  -0.00389269  -0.0215296  0.00641677  0.00549595  -0.000764152  0.00975184  0.010535  0.0097739  -0.00175536 
222 -3.38467e-05 0.493137 0.000964238 0.0372824 2.04429e-05  -0.000625714  0.000418753  -0.00039461  -0.0002056  -6.23413e-05  1.17955e-05  0.000372981  0.00013781  4.84143e-05 
224 0.000157488 0.886807 0.0156095 0.0377336 0.000963142  0.00183845  0.000370553  0.00244546  0.00799288  0.00619836  -0.00770095  -0.000436569  7.86441e-05  -0.00845125 
227 -2.62571e-06 0.493605 0.000259163 0.0355858 -0.000121446  -4.82811e-05  -0.000138246  -3.15811e-05  0.000108998  6.93586e-05  2.59789e-05  6.92713e-05  -7.04969e-05  -5.33057e-05 
229 -0.000550195 -0.660565 0.050539 0.0356227 0.0263969  0.0134571  -0.0077211  -0.00872459  0.0202706  0.00821148  0.00239832  0.0232889  -0.0137118  0.0180583 
231 0.000569019 0.953327 0.0321177 0.0426535 -0.0216078  -0.00247972  -0.00922431  -0.00863774  -0.00871186  0.00600816  0.00925184  -0.0105861  0.00483913  -0.00810694 
235 -0.000527878 0.213815 0.0245873 0.0353619 0.00321136  -0.0124106  0.0027273  -0.00771868  0.00312371  0.0142279  -0.00515123  0.00248969  0.00799477  0.00802143 
236 -0.00038193 -1.11897 0.0497305 0.0421721 0.00311304  0.0234444  0.000837691  0.0350173  0.00897874  0.0147927  -0.00736805  -0.0146463  0.00367254  -0.0102544 
237 -8.5871e-05 0.373395 0.00659486 0.046481 0.00124525  -0.00126612  -0.00278792  0.00156932  0.0040785  -0.00340811  0.000118428  0.000676127  -0.0011547  0.000222153 
238 -1.94832e-05 0.453587 0.00190193 0.0473958 0.000841414  0.000683845  0.000642338  0.000155042  -5.93601e-05  0.000359736  -0.000171183  -0.000922111  0.000992398  -8.78472e-05 
239 0.00105059 0.591572 0.0196252 0.0476009 0.00496433  -0.000450324  0.00398614  -0.00302494  -0.00855195  -0.00337424  -0.00204536  -0.00898674  -0.010677  0.00719704 
241 0.000296653 1.11667 0.0270485 0.0348684 0.000625073  0.00706221  0.00600348  -0.0148222  0.00131808  -0.015946  -0.0104821  0.00371773  0.00113525  0.00667966 
243 -6.31385e-05 -1.31073 0.0213845 0.0303182 -0.00445841  0.000356243  -0.0111228  -0.000919751  -0.00688533  0.0115081  0.00420956  -0.00144478  -0.00421535  -0.00976271 
245 0.000287073 1.24533 0.029252 0.0313422 0.00509104  -0.0221421  0.00941875  -0.0072107  0.0036549  -0.00757225  0.00388886  -0.00902083  0.00406758  -0.00387801 
246 -1.524e-05 0.307001 0.00343008 0.0263686 -0.00154745  0.00131192  0.000894908  0.00045398  0.00165076  0.000390427  0.00165382  0.000994868  -0.000163974  0.000116352 
247 -1.10377e-05 0.497801 0.000311661 0.026656 2.09078e-05  -2.37394e-05  -3.09003e-05  -0.000206149  0.000146936  7.36379e-05  -0.000122269  -7.44083e-05  -6.95323e-05  1.85891e-05 
248 -0.00020184 -0.252633 0.0246512 0.0268622 0.00293716  0.0108068  -0.00486931  0.0174032  -0.00149099  -0.00609582  0.00397234  0.00483864  -0.00417785  -0.00772383 
249 -0.000349265 0.214407 0.0199775 0.0303882 -0.00645696  -0.00870165  -0.00960024  0.00272747  -0.000188332  0.0104594  0.00635557  9.89969e-05  -0.00484009  0.00297009 
250 0.000255782 0.838091 0.018598 0.0356758 0.0056971  -0.00901775  -0.00156755  0.00250235  -0.00451887  -0.00764245  -0.00871992  0.00241164  -0.00121951  0.00782437 
251 -0.000709211 0.265373 0.0258076 0.0318907 -0.00369532  -0.00969273  -0.00302469  -0.00576869  0.00588624  0.00769344  -0.000398672  0.00344436  -0.000807014  0.0202359 
