generation s h r distopt trait[0] trait[1] trait[2] trait[3] trait[4] trait[5] trait[6] trait[7] trait[8] trait[9] 
2 -1.52859e-06 -2.13561 0.00401435 0.01 -0.000729321  0.00203866  -0.000685691  -0.00135532  2.04058e-05  0.000945055  3.9468e-05  0.000239861  -0.000912837  -0.00270813 
3 -5.20385e-05 -0.389433 0.0136067 0.0196708 -0.00296288  0.0025683  0.000821111  0.00192361  0.00717298  0.000456611  -0.00810457  0.00473795  -0.000713303  0.00500904 
5 -0.000399941 -2.09747 0.0644523 0.0386173 -0.0482501  -0.0102038  0.0184694  0.00737153  -0.00452759  0.0328975  0.00820299  -0.00152358  -0.00213424  -0.0122288 
9 0.00105263 0.905832 0.0413286 0.050358 -0.0238245  -0.0128762  -0.0117957  0.0110354  -0.00100703  -0.0152522  0.00454036  -0.0121745  -0.011898  0.0130267 
12 0.000143826 1.52617 0.0242958 0.0513599 -0.00772332  -0.00137452  -0.00496007  -0.0127132  0.00739782  0.00171202  0.0145982  -0.0030223  -0.00199023  -0.00765896 
13 -0.000526521 0.108094 0.0287342 0.0558947 -0.00677931  -0.0029171  -0.0096505  -0.0183573  -0.0061989  -0.00506722  0.0132639  -0.00797569  0.00231787  -0.00566102 
14 0.00122397 0.63338 0.0255598 0.0659203 -0.00355968  -0.00193342  -0.00591231  0.00049234  0.00326745  -0.00550675  -0.0163558  0.0167986  -0.00310169  -0.00117103 
15 0.000351425 0.84096 0.0218915 0.0628147 -0.00187276  0.00278493  0.0033013  0.0063573  -0.00229678  -0.00862593  0.00754815  -0.00203111  -0.0011699  0.0165683 
20 0.000164361 0.538111 0.00500673 0.102587 -0.000566014  0.00221356  0.00153643  -0.000978867  -0.00151574  0.0012412  0.00138877  -0.0018588  0.000324891  -0.00268345 
21 0.000197247 2.05335 0.0350041 0.11106 -0.00266666  0.026909  -0.00531932  0.0193704  0.000160596  -9.55512e-05  0.00811224  0.00497109  4.60942e-05  -0.000137174 
23 0.00447716 0.757426 0.0678762 0.128763 -0.0277434  -0.00153762  8.32862e-05  -0.0311896  0.00418298  -0.0467106  -0.00505453  0.00610793  0.0229024  -0.00869318 
26 0.00675884 0.715561 0.0763322 0.136426 -0.0387923  0.0227727  -0.0107021  -0.0136957  -0.0376826  0.0245741  -0.0234626  -0.00518488  0.0253046  0.0161089 
28 0.00449358 1.05992 0.100195 0.125128 -0.0399728  0.0327898  0.0116161  0.0529356  0.0268315  0.0324373  0.0340628  -0.020762  -0.0169673  -0.0278864 
31 0.00360426 0.991615 0.0841136 0.126281 -0.0300804  -0.00510063  0.0577501  0.0122957  0.0332924  -0.00677062  -0.013562  0.0129996  -0.00249026  0.0338327 
32 0.00186181 2.82479 0.131384 0.117212 -0.0563864  -0.0362845  -0.0418654  0.0127154  -0.0672005  0.00157124  0.0288559  -0.0433613  -0.0463959  -0.0383076 
33 0.000108444 9.28905 0.0617291 0.111087 -0.00822665  0.00305377  0.00756472  -0.0234147  -0.019332  -0.0155404  -0.0138042  0.0224722  -0.0324657  0.0276259 
34 0.00786489 0.728689 0.0847971 0.112824 -0.0266162  -0.000780765  0.0204532  -0.00231949  0.0601309  0.00899956  -0.00827416  0.0244916  0.0308424  -0.027231 
38 0.00107097 1.63815 0.0697904 0.082188 -0.0287453  0.0141263  -0.00878854  -0.00128455  -0.00627224  -0.0223  -0.0341042  0.0144447  0.0310846  -0.0298552 
40 0.00124836 0.68195 0.0301441 0.0816367 -0.0248872  0.000279412  0.00303366  0.00416729  -0.00673421  0.0084922  -0.00899064  -0.00311081  -0.00557696  0.00485454 
42 0.000157063 0.840572 0.0146272 0.0787499 0.00498881  0.00674986  -0.00126035  -0.00348826  -0.00272088  -0.00302855  0.00219768  -0.0010338  0.00133049  0.0102716 
44 0.00242947 0.706925 0.0448427 0.0884796 -0.0213856  -0.0116442  0.0108718  0.0134952  0.00427119  0.0168877  -0.00841608  -0.0091378  -0.00908409  0.0240278 
45 0.0010512 0.75524 0.0327579 0.0785268 0.00590709  -0.00391136  -0.0160471  -0.0126162  0.0064201  0.0120664  -0.00719105  -0.0108385  0.0157595  0.00136017 
48 0.001868 0.916656 0.0557753 0.0946748 -0.0192177  -0.00681346  0.00651095  -0.0367709  0.031008  0.00388036  0.011367  -0.00858503  -0.0108911  0.00160379 
49 0.00221666 0.82977 0.0540565 0.0916253 -0.0197114  -0.00317725  0.0108719  -0.0100694  -0.0417428  -0.00743147  -0.0123803  0.0130777  0.0107476  -0.00814754 
50 0.000306452 0.771717 0.0182498 0.0853516 -0.00341982  -0.000138943  -0.00211257  0.00958099  0.00117443  0.000765523  -0.000909123  0.00464359  0.0015453  -0.0140833 
51 0.00359629 0.821569 0.0679801 0.0906312 -0.0322653  0.0266167  -0.0274194  0.0138396  0.00207502  -0.00628423  0.000839981  0.0310507  0.00636562  0.0296525 
52 0.00214186 1.09488 0.0713455 0.0735825 -0.0343902  -0.0119176  0.0260319  0.00469369  0.0168119  0.0134577  0.0471105  -0.0167871  0.00160666  -0.00991141 
56 0.000585378 0.746048 0.0240018 0.0753953 -0.00256685  -0.00284687  -0.00683413  0.00654942  0.00802131  -0.00448892  -0.00752265  -0.0131038  -0.00181506  -0.0124782 
58 0.00113243 0.56408 0.0170508 0.0860314 -0.00412379  -0.00220365  -0.00592718  -0.00268466  -0.00329294  0.00106458  -0.000893722  -0.00464993  0.0114212  0.00785424 
61 0.000294623 13.9112 0.125585 0.104764 -0.0574288  -0.0143563  0.023904  0.000967041  -0.0761962  -0.0137982  -0.0314404  0.0304975  0.00521575  0.0612621 
63 0.000324428 8.00754 0.0986371 0.111897 -0.0603597  -0.0262689  0.0124738  0.0557326  0.0300139  -0.00221041  -0.0257369  0.00174965  0.00878192  -0.0220436 
64 0.00352924 0.572829 0.0321308 0.110496 -0.00354013  -0.00202356  -8.82197e-05  -0.0224808  -0.00400743  0.0119406  0.00834694  -0.0107833  -0.00354932  -0.0123766 
68 0.000898417 0.558688 0.014533 0.102247 0.000968435  0.00536456  0.00254892  -0.00620024  0.00443818  0.00418506  0.0036944  -0.0052456  -0.00548258  0.00530237 
70 0.00203103 0.728276 0.0430615 0.10807 -0.0231559  -0.00622563  -0.00712469  -0.00658183  0.00601135  -0.00623241  -0.00338496  0.00714471  0.02674  -0.0182413 
71 0.000706124 1.27819 0.0468707 0.102706 -0.0137043  0.0069843  -0.00470838  0.0213689  0.0204314  0.00919957  0.0174299  0.00594963  0.00246753  0.0251815 
72 0.00488477 0.659652 0.0558795 0.10328 -0.0128173  0.00320424  -0.014427  -0.0263452  0.00256427  0.0252602  0.016322  -0.000479785  -0.0192873  -0.0276129 
75 0.0010562 1.77976 0.07349 0.0932599 -0.010807  0.0157968  -0.0453036  0.0137303  -0.0118116  -0.0149343  -0.011287  -0.0474017  0.00606353  -0.0044592 
76 0.00368251 0.840264 0.0707568 0.0937735 -0.0229458  -0.0398364  -0.0151819  -0.00321073  0.00207333  -0.0185437  0.0186991  0.00850639  -0.0408041  0.0147348 
81 0.00460387 0.804383 0.0748274 0.107618 -0.050659  -0.0175046  -0.00312891  -0.0344755  0.00996179  0.00420962  0.00888024  -0.00128059  -0.0222909  -0.028874 
82 2.44728e-05 0.501143 0.000334956 0.0887015 -0.000131405  4.14767e-05  6.27553e-05  -0.000101532  -0.000193666  -0.000141061  0.000122483  5.93959e-05  5.4664e-05  6.16394e-06 
83 0.000600763 2.32246 0.0661508 0.0944482 -0.00696353  0.0252241  0.0363525  -0.0362366  -0.000138958  -0.0175842  -0.00732148  -0.0131612  -0.0196425  0.0116066 
84 0.00113006 2.37745 0.092051 0.0972501 -0.0663222  0.0166736  0.00385586  0.00649092  0.00424498  -0.0140897  -0.0208262  -0.0358358  0.0321134  -0.0278208 
87 0.00203605 1.25667 0.0784446 0.0946677 -0.00173199  0.0126994  0.0246579  0.0244214  -0.00617822  0.0557052  -0.00691902  0.0186892  -0.0102279  0.0337914 
89 0.00154693 0.811445 0.0438905 0.0910013 -0.00792985  -0.0194789  -0.0113468  0.0210373  0.0115142  -0.00748319  -0.00327781  -0.0050316  0.0262122  0.00101881 
90 0.00241605 0.65638 0.0388856 0.086911 -0.0219589  -0.00345028  -0.00129995  0.0147906  -0.00937867  -0.00317011  0.0181348  0.0101604  -0.0146635  0.00723946 
92 0.000856955 1.81477 0.0671023 0.0806107 0.00400195  0.0190569  -0.017332  -0.0345322  0.00444108  0.0220529  0.0257676  0.0281869  0.024496  0.00812977 
93 0.00319197 0.772273 0.0589439 0.0818559 -0.0305429  -0.00933867  -0.0158291  -0.0269455  0.0174621  -0.0187949  -0.0122359  0.0134138  -0.0221322  0.000136415 
95 0.00202575 0.573231 0.0243884 0.0707783 -0.00730172  -0.00708805  0.0059837  0.00591383  -0.00612077  -0.0139546  -0.00731557  0.00353771  0.0109511  -0.00151905 
99 0.00124236 0.838064 0.04098 0.0882828 -0.016982  0.00559018  0.0101752  -0.014609  0.00589123  -0.0229127  -0.0131218  0.017159  -0.000210614  -0.00405123 
101 0.000629828 3.44694 0.0861118 0.0973498 -0.0234449  -0.00938258  -0.018809  0.0606467  0.00926075  -0.0345207  0.0281106  0.0195261  -0.0135487  0.0106424 
103 0.00267841 0.683166 0.0443041 0.107862 -0.00981017  -0.00781257  0.031723  -0.00989417  -0.0156313  0.000858785  -0.0189747  -0.00586802  -0.00354606  -0.00701504 
105 0.000244942 0.509721 0.00309079 0.110245 -0.000546585  0.00175464  -0.000847984  0.000555148  0.000441267  0.00019154  0.000954127  0.000520584  0.00193203  5.1876e-05 
106 0.000394554 6.49019 0.0971642 0.117454 -0.0281613  0.0487827  -0.00647799  0.0603098  -0.015577  -0.000487044  -0.0120247  -0.0439391  0.00765999  0.0145613 
108 0.00651588 0.610131 0.0536762 0.129024 -0.014457  -0.0155352  -0.0163009  -0.026476  0.00279746  -0.00334003  0.00991584  0.0100032  0.0227074  -0.0270388 
111 0.00362618 1.34805 0.110753 0.125117 -0.0388054  -0.000265388  -0.00402403  -0.0813163  -0.02018  -0.000727774  -0.0171972  0.026064  -0.00766755  0.051866 
112 0.00570535 0.745138 0.0747715 0.116157 -0.0224555  -0.0341217  0.00897907  0.0545888  -0.000727803  0.0164334  0.00267762  0.0116457  -0.0123231  -0.0172176 
113 0.00208635 0.581383 0.0260879 0.0949319 -0.0141601  0.00040424  -0.0122989  -0.00864467  0.00278725  0.00508673  -0.0090462  -0.00855301  0.007835  0.00197429 
115 0.000109938 0.713342 0.00968591 0.0968451 0.000472837  0.00543369  0.00508228  -0.00155625  0.0016333  -0.00228865  0.00228842  0.00475634  0.000215367  -7.26914e-05 
117 0.00120511 0.616579 0.0237131 0.111978 -0.00145362  0.00290825  0.0172043  0.00853963  0.0050993  0.0112651  0.00212508  -0.00288971  -0.00363756  -0.00195588 
118 0.00373447 0.97818 0.084441 0.115068 -0.0443045  0.000106869  -0.0308564  0.0126211  -0.0267589  0.0432995  -0.0115908  -0.0124586  -0.0273127  -0.0207253 
121 0.00507649 0.819767 0.0805252 0.117357 -0.0551902  0.0107523  0.0226316  0.0313227  -0.0141525  -0.0368495  0.0121999  -0.00978552  0.00516395  -2.30785e-05 
122 0.00224028 0.739705 0.0463417 0.0970822 0.00549471  -0.00222456  -0.00300793  -0.00971507  0.0186091  0.0106244  0.00239119  -0.0301934  0.0244968  0.00568815 
124 0.00296755 0.684847 0.0468477 0.0971546 -0.0132626  -0.00449807  -0.00449491  -0.0146928  0.00509605  0.00370189  -0.0043748  0.0171171  -0.0175074  -0.0332292 
125 0.00252748 0.648643 0.0387786 0.0873873 -0.0154712  0.00932352  0.0214918  -0.0225074  0.0052489  0.00599034  -0.00583465  0.00745577  -0.0066412  0.0034414 
126 0.000925768 3.30408 0.101813 0.0785079 -0.0374838  -0.0185587  -0.0561951  -0.0237762  0.0175393  0.00336305  0.037948  -0.0434457  0.0351014  0.0038229 
127 0.000866726 1.21744 0.0498579 0.075761 -0.00900119  0.0146089  0.0128083  -0.00967871  0.00482248  -0.00594685  0.0354758  0.0223418  0.00664106  -0.00855719 
132 0.00334698 0.694697 0.0510584 0.0973711 -0.00898161  0.0012835  -0.00272298  0.00960528  0.0154176  -0.0117422  -0.0214034  0.00395893  -0.0228857  0.0324323 
133 0.000971035 0.578767 0.0175001 0.0864966 -0.00688969  -0.00328717  0.000966881  -0.0028001  -0.00634111  0.0104919  -0.0044261  0.00192192  -0.00765419  0.00265368 
135 0.00494308 0.586983 0.0415622 0.0975671 -0.0339986  -0.0064675  0.000299203  0.00952617  0.00993675  0.000337881  -0.00450157  0.008654  0.0156427  -0.000374154 
136 3.07707e-05 3.49498 0.0191992 0.0755817 0.00301638  0.00107717  0.00655982  0.00132374  0.00226795  0.00818453  -0.00954571  0.000767745  -0.00986645  -0.00723737 
137 0.000616516 1.79662 0.0565286 0.0840613 -0.0368767  -0.0315807  -0.00461092  -0.00668125  0.0155056  0.00839543  0.00354462  0.000841537  0.020931  -0.00317144 
138 0.00390337 0.938991 0.0827199 0.085422 -0.0360345  0.0605404  0.0109856  -0.00399469  -0.00204532  -0.0232668  -0.0301972  -0.00416102  0.0143572  -0.00784022 
140 -0.000234973 0.174753 0.0174857 0.0652201 -0.000845008  0.00791978  0.000871807  -0.00499011  0.00828205  0.00252371  0.00608059  0.00235937  -0.00994172  0.000558215 
141 0.00032511 0.589103 0.010766 0.0720972 -0.00348141  -0.00584731  -0.00220035  -0.00506946  -0.00273511  0.00415452  0.00184032  -0.0018384  0.0020327  0.00184781 
142 -0.000701694 0.449832 0.0118787 0.0755823 0.00512766  0.00384511  -0.00311151  0.00249079  0.00107953  0.00236185  0.00420113  0.00688337  0.00178535  0.00302963 
144 0.00185022 0.883535 0.0532596 0.0943355 -0.0135794  0.00282354  0.0162346  -0.0110293  -0.0226789  0.00501037  0.0315383  0.0207843  -0.00163773  -0.0170363 
147 0.00320695 0.553089 0.0261724 0.107064 -0.0157547  -0.0140141  -0.00599177  0.0100926  -0.00492796  0.00617874  0.00312907  0.00264423  0.000871066  0.00475646 
148 0.00076757 0.597335 0.0172921 0.0990784 -0.00725417  0.0025951  -0.00674894  -0.00621105  -0.00307112  -0.00734638  0.006096  0.00123692  -0.00424217  0.00595354 
149 0.00250532 0.679643 0.042435 0.103246 -0.0100433  -0.0141803  0.00450549  0.000213183  -0.00488582  -0.0292671  -0.00983332  -0.00952412  -0.00624059  -0.0192782 
153 0.00132627 1.13899 0.0581989 0.125683 -0.021301  -0.0110146  -0.010429  -0.0300373  0.0140131  0.0244476  -0.0015761  0.0121032  -0.00820387  0.0281198 
154 0.00276804 1.40353 0.0999075 0.128275 -0.0594857  -0.0042847  -0.0300033  0.0150186  0.0340508  -0.0226796  0.0107152  -0.0341526  0.00218642  0.0483635 
156 0.00314903 0.570066 0.0297659 0.126008 -0.00869525  -0.00562152  -8.84332e-05  0.0176182  -0.00810667  0.0177166  -0.00785857  0.0042339  -0.00198527  0.00227446 
160 0.00847758 0.863773 0.110907 0.137164 -0.0644481  -0.0206839  -0.00433511  -0.00570921  -0.0471557  0.0343648  -0.00616452  -0.0129081  0.0268394  -0.057776 
162 -0.000177706 -6.26825 0.0693439 0.109701 -0.0341071  0.0267377  -0.00311178  0.0151249  0.0166477  0.0119358  -0.0139893  -0.0454241  -0.00296241  0.00212078 
165 0.00663946 0.711051 0.0748633 0.11899 0.00815961  0.0363048  0.0130489  0.00980801  -0.0238465  -0.0431685  0.0151451  0.0328848  -0.0132626  0.00587948 
167 0.000419575 5.10043 0.0878176 0.100823 -0.0232298  -0.0148915  0.046473  -0.023348  -0.0520072  0.0259397  -0.0167431  0.0149932  -0.00633535  0.0179668 
169 0.00083645 7.0206 0.147474 0.110638 -0.0565429  -0.0595495  -0.0406151  0.0322693  0.0720478  0.00991316  -0.044855  0.0174503  -0.0440571  -0.0526099 
170 0.000747806 1.99245 0.0667859 0.108726 -0.0216084  0.0197727  0.0224731  -0.0294674  0.0325051  0.00444268  0.0140559  0.0271154  0.00601456  -0.0135576 
171 6.99337e-05 1.19584 0.0139514 0.106105 0.00664927  0.000732413  -0.000344239  -0.000237634  -0.00525157  -0.00556872  -0.000311617  0.0014212  0.00443645  -0.0083264 
172 0.00144251 1.93303 0.0908581 0.108194 -0.0020934  0.002642  0.0114522  0.0435248  0.000516191  -0.0178382  0.008833  0.0399616  0.0478421  0.0439998 
174 0.000370574 0.512066 0.00423679 0.1087 0.00144269  -0.000190791  0.000986215  -0.00261573  -0.00150609  0.000234531  0.00131469  -0.001558  -0.0011252  0.000522282 
175 0.00506131 0.699035 0.0634828 0.112025 -0.0340152  0.00432522  0.00399819  -0.0235981  -0.0280651  -0.0090237  -0.0308245  -0.0212602  -0.00102318  -0.00303387 
178 0.00271755 0.849339 0.0615964 0.099867 0.00198966  0.0165168  -0.0146167  -0.00225718  0.00300629  -0.0300915  0.00624653  -0.0447372  0.00594183  0.0175595 
180 0.0034036 0.819498 0.0659227 0.0999371 -0.00757386  0.0341052  0.0316068  0.00806528  0.0118001  0.00452063  0.0416419  0.00498437  -0.0109514  -0.0047677 
181 0.00454379 0.854756 0.0802387 0.0900114 -0.0412585  -0.0490079  -0.00730428  -0.00216289  -0.014072  0.00946836  -0.0138517  0.00121707  -0.0422728  0.00285796 
184 0.0034125 1.28736 0.10354 0.0826464 -0.0605124  0.0479884  -0.00618907  0.00683049  0.00545688  0.0232465  0.015075  0.0251589  0.0567763  -0.0041328 
186 0.000794754 1.1565 0.0456722 0.064636 -0.0195767  0.0149477  -0.000491011  0.00932992  -0.0178463  -0.00432804  -0.00394039  -0.00647662  -0.0210195  -0.0235684 
191 0.00243865 1.21886 0.0836688 0.0825282 -0.0287972  -0.0645366  -0.0176615  -0.0116565  -0.0274652  0.00310342  0.00045178  -0.0204885  -0.0192562  -0.00191461 
195 0.00150483 0.645996 0.0296509 0.0917251 -0.0156741  0.00614227  0.00764508  -0.000519738  -0.0111111  -0.00508172  0.00990192  0.0128288  -0.00916759  0.00641098 
199 0.00113838 0.52144 0.00991039 0.113552 -0.00460189  0.00373146  -0.00250046  0.00371853  0.00482046  0.000729792  -0.00153856  0.00323132  0.00133394  -0.00216276 
200 0.00389685 1.40035 0.118279 0.116878 -0.0569438  0.0121194  0.031112  -0.0420628  0.0241696  0.0252268  0.00108824  -0.0244825  0.0777311  3.00306e-05 
201 0.000532031 3.50595 0.0799397 0.103616 -0.0328283  0.0538276  0.00856088  0.0204387  0.0274775  -0.00636017  0.0300577  -0.014434  -0.00318357  -0.00261025 
203 0.000321778 5.18799 0.0776434 0.101017 0.0106356  -0.0374931  -0.043994  -0.00265879  -0.0318326  -0.00426546  0.0283097  -0.0143165  -0.0218071  -0.00732494 
204 0.00449288 0.603591 0.0432104 0.0994118 -0.00711536  0.000613466  0.0106836  0.0168284  -0.00154608  0.00581889  -0.035394  0.00708596  0.000325693  0.00891603 
208 0.00101342 1.11818 0.0500438 0.0734839 -0.00748149  0.010626  0.00116  0.00608462  0.000960674  -0.0217479  -0.0327651  -0.023998  -0.00984665  0.00876454 
211 0.000700362 0.541133 0.0107441 0.0662343 -0.00578924  -0.003414  0.00357617  0.00370781  0.00480335  -0.000716963  0.00263569  0.0030047  0.00192642  -0.000675553 
214 -9.2759e-05 -2.19903 0.0316443 0.0607195 0.0112683  -0.0029564  0.00844152  0.00447657  -0.00126906  0.00495448  -0.0224155  0.0124692  -0.00282573  0.00907032 
215 0.00176407 0.727008 0.0400207 0.0614787 -0.0200713  0.00134966  -0.00431959  -0.00209141  0.00108004  -0.0148364  0.0141198  0.0227963  0.00635084  -0.0139027 
216 4.91454e-05 0.581757 0.00400908 0.0449122 -0.000659669  0.000347922  -0.00121792  -0.000671437  0.000550134  0.000252549  0.000563946  0.00349471  -0.000162613  -0.000811461 
218 0.000250158 0.616953 0.0108186 0.0443617 -0.00128253  -0.0026042  0.00403176  0.00293326  0.00158566  -0.00354388  0.00660875  -0.00333282  0.00100732  0.00358956 
220 5.9372e-05 0.611833 0.00515363 0.0414468 -5.34018e-05  -0.00129976  0.0016114  -0.0011181  -0.000926405  0.00128843  0.00095155  -0.00278758  -0.000227931  0.00312644 
221 -0.000751374 0.223987 0.0288109 0.0407243 -0.00159572  -0.00550142  0.00740706  -0.013781  0.0107646  0.019497  0.00403499  -0.00120288  0.00608817  0.00129264 
223 -0.000597513 0.421017 0.0137478 0.049093 0.00260878  0.00439138  0.00374684  -0.0065712  -0.000214523  -0.00604544  -4.25365e-05  0.00299487  0.0075016  0.00196355 
225 0.000295216 0.565725 0.00881154 0.0548435 0.00199577  0.000812706  -0.00075515  0.000625319  -0.0013435  0.00327865  -0.00514565  0.00113178  -0.00553698  -0.00103302 
226 0.000152116 0.644853 0.00938839 0.052083 -5.55068e-07  -0.00145119  -0.00522019  -0.000268067  0.00256048  -0.000633843  0.00609773  0.000305467  0.00186658  0.00331603 
227 0.000244757 0.706173 0.0142074 0.0506018 -0.0011036  -0.00335059  0.00149078  -0.00447928  0.00636827  -0.00030875  0.00473071  -0.00479407  -0.00570221  0.00697066 
228 1.34968e-05 0.50211 0.000337605 0.0481229 -0.000192187  -5.60503e-05  -7.51806e-05  -8.65887e-06  -3.82045e-05  -7.63771e-05  -6.39053e-05  0.000195613  -1.97484e-05  -0.00013469 
230 0.000471524 0.614262 0.0146821 0.0479824 -0.00224704  -0.00217763  0.00156386  0.0033464  -0.0023539  -0.0121928  -0.00221181  0.00330089  0.000335377  0.00469262 
231 0.000235024 0.747537 0.0152546 0.042789 -0.00265444  -0.000530328  0.00268354  -0.00454834  -0.00284915  -0.00997616  0.00475931  0.00251662  -0.00589478  -0.00510997 
232 -0.000116449 0.436858 0.00542398 0.0399488 0.000117181  -0.00157058  -0.00058663  -0.00414658  0.00158585  -0.0017516  -0.00141248  -0.000920466  -0.000420497  -0.000893641 
233 0.000225778 0.572232 0.00807781 0.0413807 0.000950477  -0.00612292  -0.000479631  0.00304144  -0.000156528  0.00104846  0.00244364  0.00305398  -0.000889939  -0.000403936 
236 2.47353e-05 26.7342 0.0509388 0.0385566 0.0188063  -0.0203063  -0.0198004  0.0140064  -0.00774818  -0.00576822  -0.0154566  -0.0087038  -0.0233746  -0.0169164 
237 0.000383665 0.570453 0.0104006 0.0382345 -0.0061705  0.00435185  0.000510472  0.00461223  3.69279e-05  -0.00116537  0.0052906  -0.000349456  -3.1498e-05  -0.000391214 
238 0.000101609 0.77977 0.0106633 0.0328372 -0.0011933  0.000882026  0.00775287  0.00136288  0.000224728  0.000993676  0.00181765  0.00288671  0.0059784  0.00106035 
240 0.000146666 2.46708 0.0339672 0.0312518 -0.0191923  0.0193107  -0.0118395  -0.0024738  0.0122202  -0.00581157  0.000718906  0.00750818  -0.00445084  -0.00253524 
241 -0.000939763 0.35611 0.0232712 0.0288101 0.0125938  -0.0074863  -0.00837088  -0.0021887  -0.000201562  -0.00302629  0.00163906  0.00727924  -0.00202768  -0.0135298 
242 -8.95563e-06 0.494807 0.000431368 0.0420741 9.42298e-08  -3.02961e-05  -1.4252e-05  -8.17672e-05  -0.000178329  -0.000244906  7.24735e-05  0.000119454  0.000254357  4.76693e-05 
244 3.24028e-05 0.56939 0.00299903 0.0421804 -0.000710141  -0.00172524  -0.000772262  0.000547903  0.00015619  0.000944657  -0.00115131  -0.00148189  0.000169076  0.000387218 
251 0.000130586 1.05877 0.0170836 0.0417945 0.00440567  0.00705605  0.00266276  0.00744476  0.00127673  -0.00580588  0.00667967  -0.0068248  0.000193783  0.00579343 
