generation s h r distopt trait[0] trait[1] trait[2] trait[3] trait[4] trait[5] trait[6] trait[7] trait[8] trait[9] 
2 0.00845029 0.499773 0.0052705 2 5.15843e-05  -0.00217127  0.00121305  -0.000414054  0.00121983  0.00255985  -0.00274375  0.00199258  -0.000898383  -0.00103522 
6 0.103641 0.505515 0.0838672 1.9979 0.0381746  -0.0170331  -0.0182778  -0.0256968  -0.0237337  -0.0398934  0.0163025  -0.0249243  -0.00393582  -0.0351372 
9 0.0774208 0.498511 0.048329 1.97306 -0.00379042  -0.0215866  -0.0289305  -0.0249382  0.00541351  0.0107147  0.00875859  -0.00407143  -0.0121387  -0.00342202 
12 0.0189472 0.50103 0.0159207 1.95407 0.0059962  -0.0038029  -0.00343744  -0.00475858  -0.00130808  0.00956554  0.00129867  -0.0075582  -0.00156888  -0.00375593 
13 0.0195981 0.50156 0.0175907 1.94926 -0.0125921  -0.00823029  0.00308063  0.00423472  -0.0032149  0.0043038  -0.00163129  -0.00350763  -0.00302917  0.00164679 
15 0.0367345 0.518595 0.0577303 1.94428 0.03017  -0.00209887  -0.00765931  0.0259539  0.00748607  0.00925515  0.0217882  -0.0217372  0.000351025  0.0244302 
17 0.0321394 0.530203 0.065726 1.93498 -0.0179912  -0.0148452  0.0134012  -0.00670485  -0.00662376  0.00479853  -0.000278979  -0.0466768  0.00306434  0.0360029 
22 0.107796 0.542202 0.14989 1.92679 0.0384869  -0.0199706  0.0358095  -0.0807032  0.0469934  -0.0328789  0.03359  0.0798121  -0.0334726  -0.0297236 
23 0.0646597 0.512044 0.0705616 1.90004 0.0197396  -0.0120617  0.0251319  0.0100709  0.0216095  0.0526343  -0.00772437  0.00340578  0.00210718  -0.019943 
26 0.0878116 0.513569 0.090022 1.88348 0.038087  -0.0159704  0.00346627  -0.00561819  -0.00118369  -0.0360344  0.0268662  0.0167009  0.00569926  0.0634163 
28 0.0393601 0.50247 0.0335623 1.861 0.00650902  -0.00779221  0.009428  0.0228386  -0.00443937  0.00385627  -0.0111242  -0.0025403  -0.0134762  -0.00815254 
29 0.0727822 0.499697 0.0488088 1.8506 0.0353847  -0.0126911  0.00121619  0.0118778  0.0157407  0.010641  -0.00303478  -0.0104936  -0.000152085  0.0186078 
32 0.0112851 0.500303 0.00875054 1.83152 -0.00423061  -0.00389263  5.41033e-05  0.00392713  0.00132366  -0.000746445  -0.000514872  0.000101872  0.0010468  0.00494122 
35 0.0167113 0.500587 0.0132755 1.82845 0.00268575  -0.00406656  -0.000439011  0.00668782  -5.83115e-06  -0.00634689  0.00315074  0.00474199  0.00221626  0.00547372 
37 0.0534253 0.497616 0.0292926 1.82391 -0.0094183  -0.0168735  -0.0170701  -0.00247893  0.00421309  0.00639646  -0.000223917  0.0029836  -0.01031  0.00363182 
38 0.094797 0.523438 0.112144 1.80959 0.0176662  -0.0230129  -0.0333331  0.0382294  0.0614445  0.000544445  -0.056679  -0.0418987  0.0203628  0.00189892 
39 0.11322 0.495517 0.0618658 1.78439 0.0172392  -0.0293416  0.0139996  -0.0400423  0.00618945  0.00794457  -0.0016809  -0.0133219  0.0240778  0.0029012 
42 0.196053 0.492504 0.103184 1.75408 0.0566196  -0.0400836  0.00209632  0.0554194  -0.0450486  -0.00485615  0.000163505  -0.0015546  -0.0212493  0.0158668 
43 0.0853713 0.501292 0.0614633 1.70228 -0.0131942  -0.0283936  -0.00424383  -0.0274996  0.00841449  -0.00237826  -0.00850256  -0.0365641  0.0069083  -0.0221315 
45 0.0114684 0.510867 0.0236782 1.67805 -0.00638621  -0.0051409  -0.00556062  -0.00398997  0.0118584  0.00285235  0.00538639  0.00579686  -0.0127249  -0.00856182 
47 0.0627277 0.497892 0.0365737 1.67464 0.00213131  -0.0181412  0.0233456  0.00789149  0.000997876  -0.0149622  0.0121571  0.00439129  -0.00129239  -0.00175713 
48 0.0384887 0.500897 0.0291306 1.65638 -0.00903012  -0.0135706  -0.0149721  0.00492837  0.00311251  -0.00565784  -0.00426217  0.00597645  -0.00604832  0.0142221 
49 0.0725009 0.539857 0.116567 1.64494 0.0565077  -0.0182848  0.0212293  0.00462739  0.0274484  0.0507543  0.0357387  -0.0408818  0.0574198  0.00363628 
51 0.151793 0.499935 0.0997021 1.62353 -0.022919  -0.0554736  -0.0462961  0.00827024  0.00329205  0.00851736  0.00558397  -0.0508324  0.0356394  0.0125505 
52 0.0146356 0.499131 0.00742116 1.5794 -0.000836853  -0.00513206  -0.000527593  0.00175238  0.00304615  -0.000775497  0.00062363  -0.000450328  -0.00375619  0.000324032 
53 0.0471344 0.50003 0.0326504 1.5748 -0.0011805  -0.0159452  -0.0202918  7.47341e-05  -0.00979156  -0.00152095  0.0102484  0.000711058  0.0127662  0.00565233 
55 0.020145 0.500712 0.0159906 1.56011 -0.00149974  -0.00739912  0.00465516  -0.000504443  0.00173448  0.0052456  -0.00517947  -0.00519927  -0.00827336  0.0048935 
57 0.17272 0.506567 0.12982 1.5537 -0.036441  -0.0501376  0.016316  0.0166673  -0.0666319  0.00883222  -0.00689311  0.0270524  0.0166478  -0.0830255 
60 0.0110523 0.499566 0.0064293 1.50155 -0.00129343  -0.00430178  -0.00142166  0.0018312  0.00217244  0.00275435  -0.00136502  -0.00111321  -0.000604083  -9.92769e-05 
68 0.115627 0.546563 0.162143 1.49789 0.0898541  -0.0318684  0.0797434  -0.0294008  0.0933915  0.00736774  -0.0214877  -0.011117  -0.00639092  0.023984 
70 0.013229 0.538335 0.0458373 1.46091 -0.0270078  -0.0111398  -0.00419831  -0.0135016  0.011114  -0.0264191  0.00944049  -0.0106599  0.00430261  -0.00220542 
75 0.0292552 0.523253 0.0556481 1.4564 -0.0136567  -0.0149068  0.0144763  0.00338611  0.00795713  0.0197358  0.0239154  0.00453173  -0.0331224  0.0180157 
76 0.0165325 0.500237 0.0122477 1.44647 0.0021919  -0.00627389  -0.00121531  -0.00400125  0.000136285  0.000579467  0.00368351  -0.0051398  -0.0013973  -0.00678681 
79 0.0239446 0.502562 0.0228569 1.44079 0.00788672  -0.00763538  0.00238857  0.00516903  0.00767604  -0.00055988  -0.0083654  -0.0022992  -0.00195149  -0.0152054 
80 0.118341 0.502856 0.086762 1.43256 -0.00714639  -0.0408748  0.00694619  -0.0498767  -0.016328  0.0102181  -0.0384692  0.0105837  -0.0177355  0.0315028 
81 0.0118931 0.500661 0.0100574 1.39297 -0.00173265  -0.00486433  0.00112961  0.00499721  0.00316194  0.00219202  -0.00214745  -0.00084416  -0.00144876  -0.00510029 
85 0.00982796 0.500499 0.00820671 1.38872 -0.00339981  -0.0035886  -0.00106586  0.00237594  -0.00160346  -0.000177027  -0.00337659  0.00250517  0.00122216  0.00378931 
88 0.000105487 1.20779 0.0172809 1.38519 -0.00500843  0.0014256  0.00147418  0.00258356  -0.0082431  -0.0115191  0.000878628  0.00426565  -0.00373179  -0.00539737 
90 0.0756011 0.51021 0.0750272 1.38516 0.0115446  -0.0207473  -0.0132322  0.0330103  0.00316736  -0.0180818  -0.0532087  0.0158703  -0.0182667  -0.00684807 
93 0.0857269 0.51442 0.0901124 1.35859 -0.0112136  -0.0436061  0.0102336  -0.0412253  -0.00718211  0.0194117  0.00687538  -0.0453599  -0.0415534  -0.00537482 
94 0.0544116 0.555407 0.114569 1.32798 0.0291913  -0.0141015  0.0487705  -0.0019606  -0.00539244  0.0331762  0.0617504  0.0377155  0.0533885  -0.0218408 
95 0.0668178 0.514762 0.0768598 1.30788 -0.0170992  -0.0332267  0.011788  0.000709111  -0.016516  0.0584805  0.0104093  0.0106084  -0.00196372  -0.0213092 
96 0.0972208 0.500993 0.0683439 1.28291 0.0130938  -0.0464938  0.00308572  -0.0157953  0.0357634  0.00783403  0.00411754  -0.0214202  0.0161476  0.00135434 
97 0.062859 0.503728 0.0525976 1.24623 -0.00787392  -0.0240434  0.00849346  -0.0228365  -0.00682413  -0.0176516  0.00497928  0.0305732  0.0107603  -0.00996642 
100 0.099166 0.535887 0.134194 1.22153 -0.00653397  -0.0305407  -0.0304879  0.0682044  -0.0137499  -0.0365078  0.0525427  0.0324614  -0.0753949  0.0207464 
101 0.0564906 0.512266 0.0648411 1.18219 -0.0240896  -0.0278869  -0.0390526  0.000542085  0.000102908  -0.0147933  -0.00723168  -0.00902872  -0.0268505  0.0157279 
102 0.0456794 0.55703 0.105699 1.15871 -0.0614572  -0.0306017  0.00618137  -0.0449349  -0.00485076  -0.0329033  -0.0257233  0.0249248  0.0438601  -0.00941828 
105 0.0911507 0.508861 0.0830194 1.13928 -0.0159848  -0.0495855  0.0218494  -0.0308099  -0.0213365  -0.0362433  0.00423453  -0.0124071  0.0161725  0.023433 
106 0.0647367 0.561476 0.131747 1.10033 -0.0117338  -0.0313125  0.00568549  0.0472488  0.0226883  0.0236191  -0.0732696  0.0432901  0.0352246  0.066471 
107 0.105165 0.547159 0.154272 1.07144 -0.0378343  -0.079977  0.050795  0.0187956  -0.00237926  0.0480463  -0.0759596  -0.0522813  -0.0290287  -0.0371319 
108 0.0450451 0.498496 0.0265605 1.02372 0.00652684  -0.0218244  -0.00450703  -0.000978703  0.00420835  -0.00534162  0.00787671  -0.00324616  -0.00384596  0.00562723 
109 0.0229696 0.529592 0.0542677 1.00197 0.0226912  0.00118711  -0.0139198  -0.0220478  -0.0269129  0.00142568  -0.0141073  0.0195109  0.00676834  0.0199244 
111 0.00531597 0.51241 0.0166503 0.99057 -0.00392753  -0.0029012  0.00876304  0.00321074  -0.00570057  -0.0057997  0.00228669  0.00591674  0.00513295  -0.00579414 
113 0.00535944 0.50192 0.00743866 0.98789 -0.00243868  -0.00312441  0.000783614  0.00187109  -7.35274e-06  -0.00336507  0.00369474  0.000363655  0.000360378  -0.0032051 
114 0.0206736 0.503494 0.0222555 0.985181 0.00892372  -0.0074495  -0.00123211  -0.00973343  -0.00831842  0.00895503  0.00441332  0.00215525  -0.00555032  -0.00772053 
116 0.0737626 0.501626 0.0547224 0.97474 0.0294009  -0.0294912  -0.0121941  -0.00837095  -0.00192289  -0.00870029  -0.0089899  0.0083133  -0.0259653  0.0117519 
117 0.0215397 0.504701 0.0250556 0.937523 -0.0022419  -0.0124116  -0.00423913  -0.0028695  -0.00151453  0.00103855  -0.00469762  0.000863856  0.0202093  -0.0028108 
118 0.0149792 0.503575 0.0179765 0.926088 0.010881  -0.00428528  -0.00222348  0.00834769  -0.000114549  -0.00312522  -0.00819437  0.000524522  -0.000603808  0.005848 
119 0.0522557 0.500252 0.0367201 0.918025 0.00953996  -0.0215134  -0.0110707  0.00798268  -0.00540785  -0.0146196  0.00327888  0.00269489  -0.0106702  -0.0152775 
122 0.0250976 0.619981 0.110387 0.889851 0.0212452  -0.0275311  0.000813825  -0.0356887  -0.0191178  0.0544795  -0.0412901  0.0271874  -0.0105334  0.0617503 
123 0.0326181 0.58412 0.1063 0.875812 -0.0541449  -0.0445155  -0.0181164  0.0497389  0.0375574  -0.00620149  0.00658265  0.0269585  -0.0252657  0.0269595 
124 0.0183108 0.513062 0.0333545 0.857291 0.0172987  -0.00150315  -0.00989357  -0.0104361  -6.68661e-05  -0.0106454  -0.00921405  0.0101207  -0.00761875  -0.0156691 
125 0.011962 0.511019 0.0243882 0.846642 0.00148889  -0.00854548  -0.00259827  0.00559313  0.0137243  -0.00277477  -0.00701817  0.0129367  -0.00246633  -0.00792203 
126 0.0834725 0.516127 0.0915336 0.839591 0.0476772  -0.0358592  -0.00592438  0.00347948  -0.0116872  -0.0332031  -0.0347443  0.0456364  -0.00458089  -0.0149106 
127 0.0513445 0.543672 0.0999425 0.790406 0.0434973  -0.0387067  0.0196319  -0.0169014  0.043405  -0.0247306  -0.0207982  0.038995  -0.0117503  -0.036611 
128 0.0115849 0.571671 0.0580264 0.758071 0.00224095  -0.0197865  -0.0138457  -0.0377302  0.00586193  -0.0280464  -0.0219811  0.00448309  -0.000125922  -0.00556988 
131 0.0305191 0.514351 0.0466598 0.750435 0.0147186  -0.00449856  -0.00166642  0.0182126  -0.0124271  -0.0187552  0.0176797  -0.026783  -0.00802212  0.00230991 
133 0.0165198 0.503762 0.0195131 0.73013 0.00542851  -0.00785702  0.000395058  -0.00774629  -0.0113192  -0.00377802  0.00270607  -0.00118982  0.00875508  0.0012688 
137 0.00668287 0.532612 0.0298489 0.718822 0.00228915  0.00173177  0.00317793  -0.00529337  -0.00148714  -0.00404262  0.0216503  0.00462951  0.0179934  0.00348096 
138 0.0639896 0.510689 0.0676279 0.714174 -0.0103723  -0.0525385  0.0123194  0.0365402  -0.00206222  -0.000422193  -0.00954212  -0.0101138  -0.00122355  -0.00440883 
140 0.0061689 0.853352 0.0932837 0.669343 -0.0117539  0.0021378  -0.02657  -0.0318035  -0.000997749  0.00247563  0.0474456  -0.0146232  0.0590764  0.0296584 
143 0.0297498 0.503818 0.0296202 0.664733 0.016569  -0.0168593  -0.000424146  0.00535182  -0.00572713  0.00521479  0.00174561  -0.0137128  -0.0038375  0.00489451 
144 0.0749531 0.522645 0.0956562 0.642303 0.0221888  -0.044641  -0.0254721  0.0123119  -0.0594277  -0.0224641  -0.0271011  -0.013709  0.0235537  -0.0187368 
145 0.0172851 0.560154 0.0653311 0.583332 0.0178872  0.00498515  -0.0374146  0.018033  -0.00373102  -0.00564085  0.0137103  -0.0200473  0.0113337  -0.0378714 
148 0.0214266 0.505638 0.0265103 0.568453 0.00696789  -0.0154041  -0.00592719  -0.00452136  -0.0119359  0.00634363  0.0092516  -0.00912136  -0.00237257  0.00206296 
149 0.0157631 0.731998 0.12087 0.54949 0.0366817  -0.032968  0.0239866  0.0261676  0.0109298  0.0311867  -0.0941971  -0.00337285  -0.0052375  -0.0302182 
150 0.00621351 0.513568 0.0188506 0.535069 0.00559592  -0.00967105  -0.00423334  0.00523246  0.0102272  -0.000349671  -0.00635445  -0.00569201  0.00164715  0.00223468 
152 0.0666592 0.570073 0.141854 0.529249 0.0475584  -0.0537372  0.047968  0.0659734  -0.0423154  -0.00782825  0.0220292  -0.00338224  -0.0732775  -0.0245249 
154 0.0214073 0.591822 0.089421 0.464298 0.0147946  -0.0207822  -0.00934091  -0.0266028  0.00656467  0.0777149  0.0189244  0.00426143  0.00366702  0.00882796 
155 0.0219278 0.570303 0.079562 0.440899 -0.0148953  -0.0183706  -0.0272484  -0.0544875  -0.0299921  -0.0104879  0.024307  -0.013487  0.0154085  0.00630369 
156 0.0251475 0.536413 0.0626427 0.415573 0.00152845  -0.0236476  -0.00454057  -0.00459419  0.0143955  -0.0112684  0.016638  0.0108908  0.0508721  -0.0017979 
157 0.00195231 0.528128 0.0148774 0.384531 0.000655438  -0.00409548  -0.00106267  -0.00959342  -0.00181819  0.00339197  0.00466484  -0.00393362  -0.00690011  0.0033639 
158 0.00774363 0.529738 0.0307768 0.381987 -0.00133117  -0.00930551  -0.0188203  9.52403e-06  0.0143402  -0.000281389  0.0120844  -0.00142628  0.00142203  0.0121998 
162 0.0018269 0.543476 0.0178624 0.371753 0.00163069  -0.00114218  0.00791337  0.00635896  0.00270518  -0.00460451  -0.00277378  -0.00399496  0.00271794  -0.0123485 
163 0.0107482 0.524144 0.0330073 0.36929 -0.00950238  -0.0170461  -0.0165592  0.0151271  -0.00233619  0.0111298  0.000341542  -0.00420395  -0.0018881  -0.00740924 
164 0.0351182 0.55361 0.0893848 0.354519 0.044613  -0.0307841  -0.014712  0.0289796  0.0116538  -0.0229728  0.049264  -0.0145855  0.0205812  0.0163885 
166 0.0106808 0.526681 0.0344982 0.301941 -0.0166689  -0.0192685  -0.0074272  -0.0020606  -0.0207387  0.000516471  -0.000513553  0.00178326  -0.00477053  -0.00500278 
168 0.00868408 0.529649 0.0325989 0.283803 -0.00241847  -0.015917  0.00160516  0.00987718  -0.00497337  0.00190554  0.0101828  -0.00174688  -0.0184838  0.015053 
170 0.0172156 0.587841 0.0783484 0.268137 -0.0198515  -0.0287406  0.0271513  0.0193671  -0.00247212  -0.0333847  0.0368675  0.0221447  -0.0284932  -0.00489738 
173 0.00220619 3.26847 0.155989 0.234155 0.0735336  -0.0546766  0.0289089  -0.00798601  0.115289  -0.0247189  0.00107556  0.027945  -0.0187524  0.000188145 
174 0.00181952 0.615651 0.029026 0.229401 6.90407e-05  -0.00380049  0.0142386  0.0126945  -0.00560945  0.0044093  0.0179143  -0.00586808  -0.00746007  -0.00150334 
176 0.0271115 0.618738 0.114202 0.225404 -0.0309498  -0.0556494  -0.0317613  -0.0384999  -0.0565209  0.0317926  0.0368537  -0.017071  0.0109035  -0.0228567 
177 0.00168361 0.782404 0.0436027 0.155101 0.0125755  -0.0200985  -0.0211414  -0.00904368  0.00440262  -0.022607  -0.00611261  -0.0105888  -0.00559458  0.00995567 
180 0.0053249 0.825302 0.0831777 0.14958 0.00991008  -0.021022  0.058982  0.00726869  -0.0499347  0.000839794  0.0130008  -0.0112626  0.00375997  0.0065193 
183 0.000484042 0.699253 0.0196416 0.130627 -0.0100845  -0.00554467  -0.00619103  -0.0108488  -0.00771159  0.00284437  -0.00223959  -0.00288964  0.000664326  -0.00399515 
188 0.00466195 0.548042 0.0300751 0.128761 0.00427501  -0.0088523  -0.0112189  0.00382345  -0.0199861  0.00275347  0.000265186  0.0149126  0.00358194  0.0050078 
193 4.78108e-05 5.65015 0.0313813 0.109217 0.00340823  -0.0056911  0.0218141  0.000420653  0.00653148  0.00613383  -0.0166237  0.00360803  0.00720016  -0.00657706 
195 0.00208305 1.11854 0.0717446 0.108998 0.0255945  -0.013448  -0.00348995  0.0343992  0.0370198  0.00438782  0.0199138  0.00374656  0.0353208  -0.00824653 
200 0.00457615 1.11406 0.105873 0.0989933 -0.028188  -0.0278427  -0.0787085  -0.0257108  -0.0403526  0.013901  -0.00098094  0.0126251  -0.00920575  -0.02677 
207 -2.41251e-05 -33.1226 0.0569501 0.0723461 0.00564999  -0.00737059  0.0235885  0.00180008  -0.0150932  0.0121873  -0.00049089  0.024801  0.0397128  0.00535114 
208 0.000529277 0.847213 0.0271103 0.0725127 0.00575832  0.0158207  -0.00579561  0.0124293  -0.00745294  0.00418443  0.0103804  0.00100545  -0.00896491  0.00111617 
209 0.00126601 1.13321 0.0566047 0.0687674 -0.0209298  -0.00843605  -0.0165424  0.0330001  -0.0074445  -0.00821056  -0.0263326  -0.0215368  0.00716938  0.000862789 
212 0.000554892 0.608701 0.0155354 0.0588536 -0.00214829  -0.00457469  0.0106223  -0.00441196  0.000937467  -0.00611462  -0.00287354  -0.00214428  -0.00321849  -0.00469313 
213 -6.08899e-05 0.467649 0.00280742 0.0539352 0.00102324  -0.00141601  8.33023e-05  0.00142817  0.000416708  0.000504007  4.45407e-05  -0.00135679  0.000307957  -0.000646147 
214 0.000159584 9.14167 0.0742432 0.0544968 0.0188062  0.0385358  -0.0322723  0.00243608  0.00177892  -0.0360561  -0.0144954  0.0224191  -0.00872786  0.0231047 
216 0.000375399 0.768866 0.0200923 0.0530125 0.00397446  -0.00631082  0.00455917  0.0149279  -0.0011941  0.00929337  0.0011619  0.000165781  -0.00363232  0.00144459 
218 0.00149183 0.786345 0.0413302 0.0493457 0.015154  0.000519756  0.0277329  -0.0155234  -0.00622988  -0.000777101  -0.00701289  -0.00792547  0.00752886  -0.0161272 
226 -4.97482e-05 -0.600162 0.0147961 0.0307291 -0.00249322  -0.00269805  -0.00417524  -0.00186725  -2.27854e-05  -0.00591212  0.00214336  -0.00549241  -0.00339791  0.0101612 
229 2.86964e-05 1.22714 0.00913582 0.0315282 -0.00198814  0.00263468  -0.0013814  -0.00133377  0.00302128  0.00510006  0.00242371  0.0026113  0.00397255  -0.00229536 
232 7.64253e-06 0.521427 0.000809355 0.0310698 0.000260227  -0.000150399  0.000273474  0.000504178  -0.00026875  8.90842e-05  -0.000314048  8.0131e-05  -0.000224325  -1.42195e-05 
234 0.000487548 0.600308 0.0139888 0.0309466 -0.00655602  -0.00439198  0.00732225  -0.000298837  0.00741287  0.000953582  -0.000409851  -0.0015006  -0.00441264  0.00139986 
236 -6.18997e-05 0.444668 0.00370168 0.0216855 -0.00188026  0.000807401  -0.00134209  0.000873301  0.00174712  -0.000957908  -0.000896784  0.000679434  3.58352e-05  0.00130926 
239 -8.88844e-06 0.4833 0.000770567 0.0230686 -0.000371916  0.000141216  -0.000321986  -0.000367289  -0.00017145  0.000241165  0.000298595  -8.78981e-05  -0.000111504  7.72047e-06 
244 -0.000121468 0.377965 0.00770091 0.0232605 -0.00137518  -0.00166355  -0.00414494  0.00260103  0.00288793  0.00157678  0.00207593  0.00201306  0.00317137  0.00120572 
248 6.17556e-05 0.551308 0.0035603 0.0257396 0.00136676  -0.00222547  0.000102556  -0.0016246  -0.000326585  -0.000723021  0.000354944  -0.000463006  0.00113267  -0.000975916 
250 -0.000188968 0.368417 0.00997425 0.0245107 0.00305375  -0.00112982  -0.0032212  -0.00319864  -0.00557937  0.00278742  0.00415853  -0.00105067  0.00300062  -0.00140579 
251 -2.6362e-06 0.456604 0.000676464 0.0281026 -0.000312876  -0.000151087  2.92912e-05  -0.000225925  -0.000196788  -0.000168439  0.000230904  -0.000346861  3.30158e-05  -0.00020777 
253 9.3449e-05 0.616003 0.00658509 0.0281495 -0.000810648  -0.00395332  0.0030588  -0.000101319  0.000861607  -0.00163369  -0.00214024  0.00272667  0.00125758  0.000838386 
257 0.000272225 0.843657 0.0193436 0.0264377 0.0013715  0.00478732  0.00773737  0.00466626  0.00263796  -0.00574616  -0.00423136  -0.0101006  -0.00738974  -0.00729556 
258 -0.000291802 0.397532 0.0109389 0.0206582 0.00141224  0.00321478  -0.00425431  -0.000830908  0.00295789  -0.00510733  0.00321849  -0.000306069  0.00563849  -0.00338545 
260 6.53589e-05 0.522506 0.00242608 0.0268068 0.000657623  0.000323404  0.000626005  -0.000654844  0.000803608  0.00184885  -0.000258755  0.000414787  -0.000410629  -0.000237581 
261 -7.43856e-06 0.491015 0.000517076 0.0255587 -5.86324e-05  -0.000115456  -0.000127139  0.000177449  -0.000280573  3.41745e-05  0.000271635  -0.000146961  0.000117636  -0.000117629 
263 -4.45951e-05 0.429746 0.00354022 0.0257038 0.000653591  -0.000388286  -0.000159444  0.000136772  -0.00176411  -0.000409742  0.000869236  -0.00194497  -0.000564763  -0.00194259 
265 -0.000190023 0.228414 0.0143688 0.0265572 -0.0055834  0.00695955  0.000704481  -0.00962202  0.00397707  0.00398107  -0.0011081  0.000589853  -1.48223e-06  0.000728706 
270 0.000281623 1.32253 0.0304364 0.029922 -0.00435153  -0.0206988  -0.00231088  0.0144422  0.000864219  -0.00273549  -0.0107889  0.0117308  -0.00168283  -8.14351e-05 
271 5.72266e-05 0.901426 0.00958577 0.0247738 0.00612297  -0.000104303  -0.00260936  0.00343619  0.00379904  0.00117809  0.00441323  -0.000244624  -0.000632443  0.000110262 
274 1.15676e-06 169.25 0.0279417 0.0235906 -0.000960071  0.00930552  0.00729132  0.00652443  -0.0153868  0.00273268  0.0132379  0.00178317  -0.0118828  0.0058009 
275 9.72485e-05 0.57108 0.0052586 0.0235661 -0.00241826  0.000131039  0.00169338  -0.000750674  0.00357287  0.00119479  -0.00120861  -0.00151725  -0.000294849  -0.000560406 
276 -6.36905e-07 0.485667 0.000191087 0.0214036 8.55615e-05  -4.96007e-05  -3.59104e-05  3.66553e-05  -9.06689e-05  7.90965e-05  -1.16377e-05  7.81775e-05  5.29072e-05  2.40161e-05 
278 -1.87258e-06 0.212037 0.00146865 0.0214185 0.000574932  0.000144716  -0.000576307  -0.000259554  -0.000874728  -0.000562968  -0.000258804  5.47616e-05  0.000404821  -0.000300005 
285 6.42934e-06 1.01169 0.00362756 0.0214622 -0.0021251  -0.000387156  0.000856648  -0.000558945  0.00194775  -0.00102915  0.0013095  -0.000651271  -3.90549e-05  -0.000673556 
290 8.4652e-06 1.01236 0.00416521 0.0213119 0.000500669  0.000100786  0.00119241  -0.00142881  -0.00110798  -0.00154757  0.00107299  0.000319122  -0.00286344  0.000741487 
291 2.62231e-05 1.49898 0.0102364 0.0211123 0.000789535  -1.11548e-05  0.00503865  -0.00428328  -0.00398852  0.0026844  -0.00382009  -0.000743021  -0.000117894  0.00470656 
292 0.000167988 0.892562 0.0162409 0.0204819 0.000406111  0.00136286  -0.00308738  -0.00385661  0.00876587  0.00186233  -1.34073e-05  0.0110506  0.0017517  -0.00564314 
293 2.97527e-06 2.11084 0.00437842 0.0158598 -0.000295234  -0.00146532  0.00136252  -0.000550132  0.000449136  0.00149806  0.00313418  -0.00124974  -8.31266e-05  0.000969225 
299 8.30542e-06 1.17204 0.00472506 0.0157657 0.00239877  0.000700412  -0.000323145  0.000656887  0.000401348  0.00231715  -0.000190339  -0.000567259  0.00298588  -0.000861316 
300 -0.000250878 0.239579 0.0161676 0.0155001 -0.00314607  0.00724367  -0.000355652  -0.00600528  -0.00383229  -0.00453005  0.00636102  -0.00538963  -0.00762304  -6.46184e-05 
303 -4.03525e-05 0.0424292 0.00859407 0.0221622 -0.000520118  -0.00226789  -0.000728061  -0.00473815  0.00058087  0.00127541  0.00334109  -0.00217691  0.00522434  -0.000551901 
304 6.76678e-05 0.788986 0.00884416 0.0230546 -0.000144947  -0.00230528  -0.00194506  0.00124912  0.00158462  -0.00228452  -0.00222671  0.00307005  -0.00493258  0.00459309 
305 -7.63784e-05 -0.0838292 0.0133557 0.0215372 0.00389237  -0.0103415  0.00251241  0.000685727  -0.00501997  -3.42202e-05  0.00404412  0.00199926  -0.00196976  0.000244951 
309 -8.68956e-06 0.413272 0.00173625 0.0232429 -0.000631795  -0.00130625  -0.000262045  9.12108e-06  0.000461287  0.000405237  0.000327824  0.000366078  -1.19067e-05  -0.000470899 
310 -0.000100583 0.326944 0.00834471 0.0234291 0.00330023  -0.000999524  0.000472956  -0.0013117  -0.00558462  0.00171589  -0.000288793  -0.00335932  0.00175155  0.00268901 
311 0.00015367 1.1581 0.0201118 0.0254855 -0.00908726  0.00951622  0.000952487  -0.00657534  0.00762655  -0.00538854  -0.0092932  0.00168807  1.57693e-06  -0.00328483 
312 -0.000321052 0.0654534 0.0236252 0.0222677 0.00434196  0.0136576  -0.00947006  0.00718457  0.000738667  0.00933401  -0.00361465  0.00460399  0.00714566  0.0062029 
314 3.60714e-05 0.519997 0.00169881 0.0285824 0.000580558  0.000159425  0.000797702  0.000929001  -7.18385e-05  -0.000536165  -0.000777685  -0.000251605  0.000148834  -0.000203034 
317 -2.22574e-05 0.481955 0.00126761 0.0279443 0.000148691  -0.000423939  -0.00031002  -0.000177525  -0.000635198  1.03921e-05  0.000235939  0.000526705  0.000409555  0.000610702 
320 0.000124931 0.540717 0.00451151 0.0283398 0.000783863  -0.000340044  0.00073463  0.00134497  0.00124167  0.000189953  0.001159  -0.00160638  0.00110924  -0.00324701 
321 -9.55528e-05 -0.875142 0.0229257 0.0260426 0.00532321  0.000670054  0.0104977  -0.00472985  0.00750121  -0.0126978  -0.00729317  0.00521557  0.00225955  -0.00782497 
322 0.000268095 0.752301 0.0164485 0.0278168 -0.00161162  -0.00324529  -0.00166424  0.00494371  -0.00496686  0.0135891  -0.00358673  -0.00272828  0.000752193  -8.64685e-05 
323 -0.000681929 0.282744 0.0243517 0.0224882 0.00195394  -0.00269771  -0.0118952  0.00147384  -0.00210086  0.0169614  -0.00382354  0.00128754  0.000274325  0.0113923 
325 6.99537e-06 6.15081 0.0125744 0.0344656 0.00409932  -0.00197102  -0.00261625  -0.00580158  -0.00309343  0.00223575  0.00532065  -0.0050144  0.0026764  -0.00466235 
328 -0.00020324 0.444157 0.00673968 0.034364 0.000967428  -0.000133371  0.00113652  0.00116346  0.0026504  0.00378416  -0.00145345  -0.00230248  0.00356332  -0.000607142 
331 -0.000273126 -0.162702 0.0269086 0.0372041 -0.0206959  -0.00143512  0.000218797  -0.00840522  -0.00568673  -0.00298449  0.0106306  -0.00788043  -0.000657891  0.00249192 
337 9.64134e-06 0.756604 0.0031458 0.04071 0.000651418  0.0013142  0.00234474  0.000163512  -0.000315103  0.000146107  0.000631441  0.000204456  0.000881524  -0.000939019 
343 -0.000260487 0.417313 0.0092844 0.0405915 -0.000654414  0.000595294  0.00183695  0.00415872  0.00259221  0.00102365  0.0021859  -0.00243747  0.00632003  0.00251371 
344 -0.000145737 0.15414 0.0142 0.0436828 0.0026219  -0.0070035  -0.00788711  -0.00218949  -0.00185313  0.00123566  -0.00464889  -0.00458796  -0.00289898  0.00476327 
346 5.16654e-05 1.12265 0.0113435 0.0453204 -4.50068e-05  -0.00100223  -0.00029806  -0.00663867  0.00255791  -0.00632263  0.000100289  0.00430284  0.00429248  0.000197865 
349 -0.00152798 0.409413 0.023563 0.0447467 0.00583428  0.00761389  -0.00186815  0.00521512  0.00317172  0.0152712  0.00867953  -0.00592341  0.00407988  0.00788557 
350 0.00154745 0.921701 0.0510742 0.0594257 0.000638055  -0.0179655  -0.00305964  -0.0121912  -0.0108751  -0.0238198  -0.00132371  0.00305993  -0.0110638  -0.0361698 
351 -0.000265173 0.431896 0.00850189 0.0445552 0.00653522  -0.000719724  -0.00333219  -0.000287961  -0.00128012  -0.00215099  0.00143776  -0.00218736  0.000274295  -0.00216246 
352 0.00016747 1.00111 0.018321 0.0474381 0.00635712  0.000805511  0.00359644  0.00307567  0.00917556  -7.21644e-05  0.0124288  0.000719984  -0.00101836  0.00565466 
353 0.000984282 0.836439 0.0363898 0.045639 -0.0090527  -0.00221668  2.46019e-05  0.019637  -0.012501  0.00372646  -0.0195126  0.0125971  -0.00581494  0.0104085 
360 5.87311e-05 0.515532 0.0019106 0.0331529 -9.3872e-05  -0.000354809  0.0001854  0.000494878  0.000361107  -0.000532336  -0.000222591  -4.82443e-06  -0.00165688  0.000166778 
361 -0.000165648 0.39464 0.00835643 0.032255 0.00340334  -0.00372356  0.00214402  0.00177006  -0.00376179  -0.00201622  0.0035591  -0.00178924  7.07043e-05  0.00160081 
362 -8.47706e-05 0.156693 0.0107896 0.0347282 -0.000797082  -0.00172905  0.0029632  -0.00405897  0.00143016  0.00208805  0.00743127  0.000570767  -0.00488708  -0.00130269 
366 0.000484839 0.695942 0.0194938 0.035928 -0.00357831  0.00587236  0.0032014  0.00322965  0.0152719  -0.00472624  0.00640379  -0.000386123  0.000226083  -0.00390676 
368 8.00262e-05 1.28531 0.0158546 0.0283919 -0.0016167  0.00491894  -0.00780874  0.00158415  0.0014962  -0.00972193  -0.00543921  -0.00196808  -0.00238502  -0.00501701 
369 0.000241865 0.58278 0.00895017 0.0269459 -0.0016417  0.0035733  0.00282595  0.00075698  0.00327184  -0.00251779  -0.0050658  -0.00251716  0.000629241  0.00257765 
370 -2.4884e-06 0.484555 0.000392097 0.0220055 -0.000235362  9.1227e-05  -5.92017e-05  4.29755e-05  -0.0001412  1.31326e-05  -2.22328e-05  9.40246e-05  -4.32603e-05  0.000230986 
371 -2.1682e-06 -0.849742 0.00342141 0.022062 0.0011473  0.000953676  -0.000473818  -0.00278473  0.000855219  -0.000413554  -0.000135038  -0.000144494  -0.000702139  -0.000257827 
374 -6.42952e-05 0.221435 0.00846436 0.0221111 -0.00163273  -0.00397117  -0.00148176  -0.000208052  -0.00158614  -0.000875653  -0.00240768  0.000479455  -0.00642639  0.000602062 
379 -0.000766849 0.219206 0.0293571 0.0235202 -0.000922408  0.0144688  -0.0083842  -0.000535968  -0.0146312  -0.0030704  -0.0151618  8.14243e-05  0.00797099  0.00800839 
380 -0.000359458 0.00362213 0.0267177 0.0363365 -0.0040327  -0.00365696  0.00618785  9.6383e-05  -0.000869322  0.00569857  0.00695523  -0.0153506  -0.0173197  0.00535585 
381 0.000114032 0.584452 0.00620685 0.0409861 0.00336201  -0.00101642  0.00248704  0.00191212  0.000159161  -0.00146466  0.00318789  0.000200939  -0.00013258  0.00198896 
383 -3.81903e-05 -5.40233 0.0300261 0.0395707 0.00731477  -0.00472425  0.00685371  -0.0143613  0.0076912  0.0126272  -0.00050696  0.0139817  -0.00922349  0.00854988 
386 0.00050439 0.922751 0.0292018 0.0400503 0.00652987  0.00451885  -0.00436273  0.0157201  -0.00408608  0.00376499  -0.00741313  0.0154261  0.0114404  -0.00829805 
391 -0.00115071 0.10498 0.0426556 0.0331627 -0.020272  -0.0253313  -0.0113725  -0.00788245  0.0153539  0.000914978  0.00243741  -0.0103962  -0.0139968  -0.00537491 
392 -1.48803e-05 0.496845 0.000433489 0.0474461 -0.000130099  3.66991e-05  -8.91557e-05  0.000114014  0.000301132  6.84811e-05  -0.000179693  9.30577e-05  -9.45347e-05  5.86223e-05 
393 0.000282458 1.4615 0.0329555 0.0476027 -0.0111701  -0.00134156  0.0110745  -0.0114346  0.00618766  9.74057e-05  0.00305993  -0.00931776  0.0214619  -0.010536 
394 0.000604673 1.60429 0.0516664 0.0445376 0.0218477  0.00661147  0.0316782  0.0136223  0.00812645  -0.00782752  0.00439734  0.00315299  0.0128368  0.0252575 
395 -0.000373254 0.375964 0.013612 0.0371363 -0.00552223  0.00497357  0.00409043  0.00405708  -0.000185156  -0.000759213  -0.00111775  -0.00101875  0.00964032  0.00101505 
396 -3.98296e-05 0.464614 0.00237457 0.041862 0.00172687  0.000115507  0.000556306  1.07334e-05  0.000285905  -0.000972449  1.99135e-05  -0.000693516  0.000891237  0.000174627 
397 -5.65253e-05 -0.383447 0.0141333 0.0423351 -0.00239418  0.00343514  0.00673527  -0.000520837  -0.00622153  -0.00474666  -0.00387154  -0.00499843  -0.00592554  -0.000509885 
399 -0.000362989 0.442437 0.00914652 0.0429975 -0.00371491  -0.00137818  -0.000387868  -0.0010391  -0.000789371  -0.000216159  0.000742243  0.00408226  0.000499292  0.00697092 
401 0.000261388 0.638865 0.01205 0.0470302 0.00339441  -0.00261601  -0.00789627  0.000221872  0.00231927  0.00504179  0.00303729  -0.00242175  -0.00391798  0.00178828 
405 0.00116577 0.755959 0.034545 0.0441643 0.00748113  0.0146298  -0.0135152  -0.000966172  0.00226538  0.0124003  -0.009455  0.0109644  0.000320665  -0.0192653 
408 0.000321468 0.781568 0.0190273 0.028025 0.00268837  6.71798e-05  -0.00527825  -0.00587194  -0.0116327  -0.00103548  -0.00212057  0.00537393  -0.000698328  -0.0110548 
414 -0.0002814 0.178902 0.0190132 0.0215403 -0.00206936  -0.00446017  -0.00897307  -0.007031  -0.00418829  0.00425922  0.0103443  -0.000652858  -0.0053476  -0.00597201 
415 8.24947e-05 0.563226 0.0045679 0.0273025 0.00284074  -0.000635058  -0.000623328  -0.000299722  0.000821483  -0.00165685  -0.000270485  -0.00269536  -0.000115575  0.001069 
416 -0.000331278 0.0246977 0.0250986 0.0257475 0.00347561  -0.002317  0.00795484  0.00993479  0.00708526  0.00197779  0.0126932  0.0057355  0.011929  0.00775135 
417 -4.84491e-05 -4.13898 0.0299823 0.031532 -0.00476247  0.00514881  -0.00883838  0.020053  -0.000720224  -0.0168497  0.00680178  0.000301493  -0.0043264  -0.00447259 
418 -3.88764e-05 0.491736 0.00113398 0.0322911 -0.000463621  0.000469478  8.12709e-05  0.000238288  0.000145207  0.000286622  0.000700788  -0.000184986  -0.000333048  -0.00021839 
419 -5.57341e-06 0.136294 0.00284752 0.0328876 0.00246774  0.000326518  0.000178846  -4.60973e-05  -0.000889278  -0.000863063  0.00033123  0.000450792  2.54551e-05  -0.000169245 
422 -3.08612e-05 0.491493 0.00102499 0.0329722 0.0003842  0.000531364  -7.79012e-05  0.000522128  -0.000219013  -0.000339734  6.17684e-05  0.000241473  0.000179355  -0.000290314 
423 1.24822e-05 0.835831 0.00409482 0.0334369 -0.00105939  -0.00074346  -0.000379427  0.000278591  -0.000615067  -0.00238414  -0.00153764  0.00134985  0.00188028  0.0010424 
426 0.000219466 0.651373 0.0115279 0.0332498 -0.00098407  -0.0041616  0.00648356  0.00208394  -0.0027327  -0.0049052  -0.00151299  -0.00441653  -0.00379631  0.00070027 
427 -0.00022547 0.42976 0.00796116 0.0297675 -0.00119069  -0.000737816  0.000979033  0.0019925  0.00215753  -0.00061929  0.00112233  0.00684883  -0.00180402  0.000174338 
428 5.5208e-05 0.596016 0.00460482 0.0333407 -0.000821209  0.000357661  -0.00126457  -0.000523337  -0.00302475  -0.00166602  -0.00179166  0.000147189  0.00101883  -0.00152794 
430 1.48325e-05 3.20387 0.0126655 0.0325022 0.0112442  -0.000644492  -0.00372573  -0.00136464  -0.000274649  0.0017684  -0.00152169  -0.000160814  0.000856319  -0.00339838 
432 8.25539e-05 0.543911 0.00380826 0.0322732 0.000104241  0.001137  1.44869e-05  -0.000916625  0.00227218  -0.000781297  -0.000605172  -0.000480402  -0.00149188  0.0019398 
435 -0.000227494 0.331124 0.0123981 0.0309679 -0.00149425  0.00720769  -5.12639e-05  -0.00600534  0.000416847  -0.0038706  0.00581947  0.00246371  -0.00260687  0.00125536 
436 3.86281e-06 2.47225 0.00552028 0.0344461 -0.00103776  0.00201412  0.000496214  -0.000127959  0.000101462  0.00319416  -0.00127411  0.00255468  0.00180862  -0.00185568 
437 0.000181151 2.17158 0.0347988 0.0343899 0.000283427  0.0041828  -0.00241027  -0.0099096  -0.0185465  0.00175573  -0.0230847  -0.00393902  -0.00609455  -0.01252 
438 5.87813e-05 0.797447 0.00836279 0.031647 -0.0028377  -0.00346242  0.00204001  6.97089e-05  0.000635003  -0.00437855  0.00275439  0.00294367  0.00259025  0.00178682 
439 -0.000273652 -0.265663 0.0289511 0.0307043 0.00688081  -0.00470851  0.0129227  -0.0156274  0.0128842  0.0107794  0.00419419  0.00652075  0.00161683  -0.00353728 
440 -8.07396e-05 -0.0304999 0.0130895 0.0348775 -0.00136366  -0.000994915  0.00843985  0.00817485  0.00225171  0.00304439  0.00100098  0.000285421  -0.00276769  -0.00271017 
441 -0.000413543 0.238136 0.0208163 0.0360165 -0.0134498  0.00323669  0.00768164  -0.00266325  0.00865  -0.00246218  0.00163592  -0.00341965  -0.00868865  -0.00225776 
442 -3.94175e-05 -0.128274 0.00995296 0.041362 -0.00363191  0.000911083  -0.00397335  -0.00357838  0.000548217  0.00563133  0.00357263  -0.00302114  -0.00158507  0.000180264 
443 0.00024047 0.520137 0.00440406 0.0418358 8.68403e-06  -0.00120258  -0.000333291  -0.000705774  0.000794791  -0.000238565  -0.0014305  -0.00233969  0.0012852  0.00273485 
444 2.54107e-05 0.983856 0.00701283 0.038856 0.00495504  -0.000431773  -0.00307005  -0.00144608  0.00059511  -0.00180191  -0.000642901  -0.00032211  -0.000833824  -0.00284802 
445 4.51647e-05 2.57746 0.0193723 0.0385277 -0.00870088  -0.0109824  -0.0023306  0.00661095  0.00218359  0.00396905  -0.00244216  0.00725743  0.00625228  0.00340357 
448 -1.45506e-05 -1.87839 0.0117655 0.037937 -0.00180865  -0.00216757  -0.00585359  0.00437569  0.000721983  -0.00550301  0.00420607  0.00410275  -0.000470484  0.00339067 
452 0.000134857 0.733845 0.0112313 0.0381283 0.00296498  0.00817805  0.00127075  -0.000377668  0.00454432  0.00120801  -0.00136304  -0.00117933  0.00235864  0.00421786 
454 0.000567278 0.648923 0.018384 0.0363169 0.00286331  -0.0113729  -0.0020906  -0.00274713  -0.00645907  -0.00370879  -0.00648921  -0.00774469  0.0055529  -0.000338967 
455 1.26821e-05 0.565077 0.00181694 0.027419 9.70825e-05  -0.000506647  -9.47452e-05  0.00078643  8.42505e-05  -0.00111395  -0.000299838  0.000385769  -0.000782176  0.000556067 
457 0.000260581 0.675031 0.0135072 0.0271868 -0.00199337  0.0035753  -0.00280311  0.00189679  -0.00272838  0.0081321  -0.00486898  -0.00496423  -0.00512736  0.00245321 
458 6.14837e-05 1.19634 0.0130862 0.0218763 -0.00560603  0.00309124  -0.00471028  0.00348973  -0.00163662  0.00174219  -0.00107533  -0.00704784  0.00128937  0.00613962 
459 -0.000109719 0.258253 0.0103008 0.0204228 0.00104405  -0.00571285  -0.000961333  -0.0054375  0.00346128  -0.00224769  -0.00267932  -0.0032357  0.00181855  -0.00197537 
461 -0.000115698 0.338185 0.0086543 0.0229525 -0.00498513  0.000459576  0.00500952  0.00250234  -0.00109226  0.00162844  0.00295241  0.00147163  1.41059e-05  0.00193642 
462 -3.74265e-05 -4.53976 0.0274668 0.025348 0.0133226  0.000994113  -0.00181951  0.000518685  0.00622107  -0.0133431  -0.0131867  -0.00885682  0.0025656  0.00983435 
464 -2.90729e-06 -3.13522 0.00650187 0.0260758 0.000602092  -0.00399046  -0.0022081  0.00287362  -0.00313378  0.000121067  9.50418e-05  -0.00153364  0.000136666  0.000799765 
466 -4.03709e-05 0.378602 0.00442774 0.0261315 0.00145374  0.000634347  0.00150885  0.00124343  0.00200618  -6.40495e-05  -0.000137695  -0.00239258  -0.00107974  -0.00152589 
471 0.000166722 1.29119 0.0229688 0.0268929 -0.00674681  0.00200898  -0.00421193  0.00155789  -0.00875768  -0.00556549  0.00101815  0.0147899  -0.00858081  -0.0075342 
475 -4.76064e-05 -2.71429 0.0247397 0.0235907 0.00293634  0.00324381  0.00262484  -0.0108598  -0.00650983  0.00441426  0.0106836  0.00272158  -0.00296835  -0.0166091 
479 -0.000475971 -0.29 0.0387848 0.024579 0.00478839  0.0127436  -0.00623823  0.0206155  0.00673313  0.0238238  -0.00429337  -0.0148751  0.000903351  0.00126062 
480 -4.67493e-07 0.120749 0.000842133 0.0328666 -0.000486551  -0.000277103  0.000102118  -9.74156e-05  -0.000495929  0.000164441  2.13314e-05  -0.000303222  9.27688e-05  -4.19734e-05 
482 0.000128457 0.556119 0.00537043 0.0328737 0.000620764  -0.00191679  -0.000193155  -0.0040872  -0.00107207  -0.00047892  -2.09926e-05  0.00145558  0.00153489  -0.00147849 
483 7.86267e-06 2.03285 0.00694325 0.0308582 0.00132574  -0.00397842  -0.00156947  -0.000394335  -0.00258735  0.00101004  0.00122252  -0.000490729  -0.00378899  0.00204894 
485 -1.70059e-05 -0.120227 0.00649542 0.0307306 0.000441413  0.000911647  -0.000808499  -0.00383902  0.00109168  0.00240634  3.40639e-05  0.00363006  -0.00152965  0.00180892 
487 -8.30323e-05 0.468045 0.0032584 0.031006 -0.000347007  -0.000885781  -0.0011272  -2.49469e-05  -0.00127456  0.00119712  -0.00156489  -0.000617193  0.00146749  -0.000632421 
488 -8.4504e-05 0.282804 0.00856865 0.0323173 0.00378336  -0.000517726  0.000936687  0.00462805  -0.00403376  0.000314659  0.00241247  0.0010989  -0.00359758  0.000451007 
490 -0.000367577 0.404304 0.0118656 0.0335994 0.000584185  0.00355496  0.00370309  0.0049693  -0.00700408  0.00111472  -0.000686814  -0.00566335  -0.00249301  -0.000589532 
491 0.000357683 0.564161 0.00958354 0.0386854 0.0033571  -0.000380742  0.00355259  -0.00470153  0.00076289  -0.000408752  0.00403886  0.00435819  0.00251727  0.0018199 
493 5.70136e-07 0.508214 0.000136868 0.0337482 6.18002e-05  1.01997e-05  -3.16213e-05  8.83082e-06  3.85594e-05  -5.83539e-05  5.74093e-05  -4.48763e-05  -5.90742e-05  6.33423e-06 
494 0.000388732 0.622486 0.0138018 0.0337398 -0.0013806  0.000464824  0.00515585  -0.00299987  0.00384058  -0.00158917  0.00415527  -0.0039551  0.00855247  0.00542744 
498 4.18736e-05 0.554235 0.00301408 0.0273809 7.69644e-05  -0.000127887  -0.00126642  0.00112583  -0.00031467  -0.00113885  -0.000510172  -0.000613903  0.00203774  7.43799e-05 
