generation s h r distopt trait[0] trait[1] trait[2] trait[3] trait[4] trait[5] trait[6] trait[7] trait[8] trait[9] 
3 0.1794 0.486755 0.0697609 2 0.0291475  -0.0361562  -0.023636  -0.0185377  0.0111191  0.00820906  -0.00151586  0.0137584  -0.0190253  0.0326016 
5 0.160535 0.630014 0.296006 1.95831 -0.0291285  -0.0720348  -0.00479234  -0.0498708  0.142658  -0.152154  0.0417584  -0.124121  -0.00255457  0.135697 
6 0.037709 0.547251 0.0876022 1.91993 0.0271982  -0.0135773  -0.0161237  -0.0514544  0.0395596  0.0170355  0.0140695  -0.0185741  -0.0135495  0.0355081 
7 0.0955246 0.510337 0.0890397 1.91026 -0.0231961  -0.0363497  -0.0555967  0.0189714  0.0238317  0.0148588  -0.0332054  0.0106157  -0.00709912  0.0237357 
9 0.0719438 0.513433 0.0783737 1.88623 -0.000847122  -0.0294104  -0.00363477  -0.00256135  0.0476222  0.00876966  -0.0381594  -0.0295429  -0.0241293  0.00102051 
10 0.0240144 0.54568 0.0679345 1.86772 -0.00390026  -0.0116478  -0.018396  -0.010096  -0.0149682  -0.0436141  0.0140045  -0.0301192  -0.0187275  -0.0210623 
11 0.117452 0.503682 0.0882982 1.86136 -0.0190583  -0.0453649  -0.0185132  -0.00495412  0.0504282  0.0118866  0.000573969  0.0214888  -0.0389255  -0.0186144 
13 0.0427638 0.517372 0.0615217 1.83129 0.0062309  -0.000195192  0.0219126  -0.00406014  -0.0102773  0.0399523  -0.0149794  0.0119261  0.0322516  -0.0118668 
14 0.0757743 0.498552 0.0473697 1.81982 -0.00461988  -0.024231  0.00497453  -0.0234938  -0.00636563  -0.014254  0.00717128  -0.00403039  -0.0199747  -0.0186638 
17 0.119609 0.516259 0.117098 1.79964 -0.0138901  -0.0246278  0.0414068  0.0699899  -0.027372  -0.0252154  0.036376  -0.0116811  0.040878  -0.0422338 
18 0.0650608 0.506552 0.0603098 1.76797 0.0311796  -0.00891431  -0.0123327  -0.0132915  -0.0162928  0.00610248  -0.0277589  -0.0118108  -0.0287758  -0.0147 
19 0.0719696 0.499552 0.0478536 1.75005 0.0174141  -0.00831834  0.000774674  0.0194389  -0.027322  0.0168852  0.00845562  0.0188763  -0.00825494  -0.00339081 
20 0.159176 0.489531 0.0687045 1.73008 0.00722551  -0.0396493  0.00481708  0.0236535  -0.00191791  0.0273213  -0.0147431  0.0216492  0.0188021  0.0269007 
21 0.588064 0.463579 0.198145 1.68685 0.0357021  -0.149668  0.0907283  0.0178641  0.0193946  -0.0783639  -0.00375912  0.0145276  -0.0104  0.01361 
24 0.118669 0.507082 0.0972452 1.54368 0.0255036  -0.0394875  0.00617387  -0.00185819  0.0179447  0.00960006  0.00237733  0.00621306  0.0426413  0.0702043 
27 0.196233 0.556601 0.237246 1.50692 0.0242031  -0.0721933  -0.0463971  0.122903  -0.0975373  -0.074759  0.0525387  0.0801348  -0.00333022  0.094524 
28 0.0702464 0.511943 0.0744618 1.44625 0.0264847  -0.0206122  -0.0315757  0.0313863  -0.0138943  0.0190369  -0.0149265  0.0336654  -0.0172626  0.0150503 
29 0.176589 0.566513 0.236954 1.42259 0.040401  -0.124799  -0.0146433  0.0902828  0.0183258  -0.0496434  0.0219624  -0.0701976  0.0394741  0.144243 
31 0.0119491 0.540718 0.0447738 1.36423 0.0244542  0.0102452  -0.00158567  0.00297753  -0.010643  0.0262732  -0.0162268  -0.00262615  0.0142138  -0.0038142 
32 0.288775 0.501379 0.182989 1.35987 -0.0145818  -0.118759  -0.0456941  -0.0151617  -0.0699793  -0.0717247  -0.0784695  0.000974345  -0.00352851  -0.0252709 
34 0.185234 0.595581 0.28057 1.26316 0.233673  -0.0317648  -0.0465182  0.0534562  0.097568  -0.00718457  0.00466794  0.035601  0.021759  -0.0821707 
35 0.0105903 0.797981 0.112215 1.19399 0.0607245  0.00285508  -0.0120953  -0.0293538  -0.021606  0.0142114  0.0482557  -0.040683  0.0543515  0.0167917 
36 0.134947 0.505719 0.10439 1.18957 0.00634036  -0.0789723  -0.0132648  0.00872228  0.0352523  0.00699589  0.0523179  -0.0018299  -0.00977708  0.0155153 
37 0.228429 0.550153 0.249088 1.13512 0.0494932  -0.122121  -0.022743  -0.134951  0.0603666  -0.0125518  -0.143142  0.0203748  0.0314718  0.0159925 
39 0.0470358 0.583703 0.128113 1.04056 0.0195906  -0.0100614  0.00164565  -0.0313006  -0.0208968  0.0684601  -0.0123646  -0.0982467  -0.00409062  2.57475e-05 
41 0.00910451 6.42402 0.457425 1.01823 -0.109148  -0.163221  -0.00975574  -0.0298352  0.202783  -0.0787436  0.0392954  -0.292369  -0.00522309  -0.18795 
42 0.0446974 0.603402 0.137834 1.01377 0.0401862  0.00411309  0.0558599  0.0378889  0.0602065  0.0560812  -0.0208947  0.05957  -0.0453283  -0.00086391 
44 0.00391463 0.500766 0.00442712 0.991974 0.000348969  -0.00184204  -0.000432266  0.000848878  -0.00064741  -0.00151395  0.00207291  0.000781311  0.00141457  -0.00235743 
45 0.124438 0.512762 0.113356 0.990002 0.00271898  -0.0368344  0.0303637  0.0320031  -0.0436165  0.0433337  -0.0170716  -0.00490333  -0.0646085  -0.0356282 
46 0.0255748 0.574552 0.0885555 0.928882 0.0203463  0.000326293  0.00919199  -0.0420855  -0.0482483  -0.0273824  0.0210404  -0.0327002  0.00818564  -0.0302591 
48 0.0888875 0.503864 0.0702851 0.915187 0.0166441  -0.0274829  0.0284838  -0.00333154  -0.0310613  -0.0078743  -0.024662  0.0376296  -0.00264147  0.0052198 
49 0.0414996 0.502093 0.0341605 0.867416 -0.00055601  -0.0130701  0.00319563  -0.00251962  -0.0219185  -0.00318354  -0.0110068  0.0164421  0.00961477  0.00217924 
51 0.0617581 0.514019 0.0717862 0.843652 -0.0170798  -0.00737982  -0.00823356  -0.0416072  -0.0121057  0.0267004  0.0304326  0.023286  0.016408  -0.0202749 
54 0.171067 0.601783 0.275873 0.807356 0.0708862  -0.0669345  0.00110957  -0.0525074  -0.0289303  -0.0295901  0.0133693  0.186339  0.159385  -0.0427222 
55 0.0338273 0.639244 0.137979 0.702786 -0.0611136  -0.0204186  -0.0759783  0.0550109  -0.0576445  0.00816999  0.027158  -0.0146676  0.0253424  -0.0332098 
56 0.0272739 0.570315 0.0890096 0.678705 -0.00473545  -0.0380724  -0.000855138  -0.0420313  -0.0121939  0.00874437  0.0416703  -0.0344272  0.00395097  0.0390001 
57 0.0294994 0.517791 0.0499085 0.658583 -0.0106206  -0.025386  -0.00642427  -0.0150792  0.000113131  0.0310228  0.0167164  -0.0113856  0.000434101  -0.00965754 
58 0.109645 0.524856 0.125425 0.636129 0.0253281  -0.0804299  -0.020931  -0.0282747  -0.0307323  0.00514719  -0.0282839  0.065845  -0.0259263  -0.0245897 
60 0.0643561 0.645243 0.194949 0.548288 0.0399559  -0.125937  -0.0201692  -0.0298313  -0.0494438  -0.039958  -0.0260359  0.0546251  0.023879  -0.104778 
64 0.0163567 0.549644 0.0578964 0.488108 -0.00203796  0.00632112  0.0213144  -0.00901458  -0.0374903  -0.000516855  0.0261874  -0.0200344  -0.0125855  0.0109992 
65 0.0928035 0.563279 0.162242 0.471195 -0.0772414  -0.00709133  0.0362586  0.0483766  -0.0323571  0.0773258  -0.033807  0.0773865  -0.0464198  0.0183913 
67 0.0225225 0.665134 0.122198 0.365073 0.0484396  0.00905667  0.0855358  -0.0344627  -0.0423006  0.025932  -0.0289457  -0.0220669  -0.00376742  0.0141093 
72 0.0122052 0.591894 0.0673071 0.333175 -0.04177  -0.0293598  0.00340623  -0.00327186  -0.0217901  0.00862182  0.0118226  -0.03464  -0.000345884  -0.00349722 
77 0.0184882 0.750579 0.135967 0.314443 -0.00152685  -0.040387  0.00286178  0.0590499  0.0218247  -0.0401092  -0.0505759  0.0452591  -0.0786375  0.0219844 
79 0.021166 0.612481 0.0981407 0.283822 -0.0645135  -0.0486959  0.0369016  0.00467918  -0.0163701  0.00798403  0.0275766  0.0176701  0.0115678  -0.0132833 
80 0.0164478 1.05467 0.190171 0.244152 0.0232403  -0.0957543  -0.0443194  0.00374736  -0.0563012  0.054884  0.0956608  -0.0938603  -0.0182953  -0.000252647 
85 0.00552129 0.861134 0.0892245 0.208077 -0.00717065  0.0210687  0.0583233  -0.00260687  -0.0174954  0.041246  0.0169481  -0.00311412  0.0278652  0.0312503 
89 0.0185629 0.857472 0.162425 0.194396 0.0690516  -0.0533572  0.0272536  0.04713  -0.050942  0.0493035  0.0264387  0.0982504  0.00435872  -0.0201402 
92 0.006183 0.874803 0.0961737 0.139274 0.0199795  -0.0191418  -0.0122582  0.0112738  0.0329089  -0.0338696  -0.0267132  0.0622592  -0.0240491  -0.0284277 
96 0.00270549 0.732359 0.0501402 0.115036 0.00258507  0.00217474  -0.0338895  0.0021835  0.018203  0.0276319  -0.013439  0.00471831  -0.000521221  0.00716574 
100 4.24336e-05 0.5137 0.00152522 0.102623 -0.000833744  -0.000420695  0.000515756  0.000143885  0.000424282  0.000419428  0.000133531  0.000849374  0.000150077  0.000223047 
101 0.00294934 0.576588 0.0301071 0.102416 -0.00567486  -0.00381892  -0.0024847  -0.0107909  0.0183481  -0.0053153  -0.0093916  -0.0159246  -0.00543101  0.000913611 
103 -0.000423162 -8.44552 0.122948 0.0868567 -0.0467856  -0.0139114  0.048315  -0.0401165  0.0703584  0.019183  -0.005393  -0.0586373  0.00202045  0.000650573 
108 0.000195438 0.594523 0.00859681 0.08926 -0.00049801  0.00286884  0.00365525  -1.23699e-05  0.00256891  -0.00102804  -0.00559494  0.00230921  0.00117064  0.00253053 
109 0.00308341 0.668308 0.0455725 0.0881585 -0.0099637  0.0171955  0.00286241  0.0254104  -0.0219645  -0.00163529  -0.00247788  0.0171809  -0.00278682  0.0152909 
112 0.00110856 1.06608 0.0500859 0.0685074 0.00405332  0.00940724  -0.00240424  0.0121067  -0.0366009  -0.00638004  -0.00540347  0.0203811  -0.0190644  0.00793413 
114 -0.000124119 -3.88709 0.046665 0.0598775 0.000241493  0.0180302  0.00381474  -0.0114776  0.00897052  0.0228346  0.00710963  0.0277093  0.0138362  0.00972154 
115 0.00125901 1.20169 0.0594201 0.0609052 0.0169406  0.0116937  0.0107159  -0.0105102  0.00257301  -0.00342351  -0.0241384  -0.0170596  0.00464052  -0.044364 
116 -6.83929e-05 0.144098 0.00986758 0.0495098 -0.00278268  0.00325382  -0.0061932  -0.00189289  0.000389059  0.000579731  0.00472823  0.00136003  0.00306664  -0.00173268 
117 -0.000262083 0.351208 0.0124914 0.0501958 -0.000238731  0.00385988  0.00272197  0.00480217  0.00355197  0.0031941  0.00577363  -2.61178e-06  -0.000259841  -0.00737486 
121 0.000683149 0.757695 0.026535 0.0527421 0.00551687  -0.00589421  -0.00477604  -0.00718347  0.00045311  -0.000194205  -0.0128113  -0.0161598  -0.00481164  0.0107635 
122 0.00034456 1.00625 0.0264123 0.0458128 0.0145982  -0.00616672  -0.0012751  0.006016  -0.00189001  0.00555428  -0.00560591  0.0108834  -0.00177574  0.0148729 
124 0.000341746 0.704268 0.0167103 0.0418846 0.000183727  -0.00287584  -0.00569825  0.00830339  0.00246715  -0.00517915  0.00785612  0.00441741  0.00182416  -0.00721402 
126 -4.46376e-06 0.445275 0.000988502 0.037585 -2.95825e-05  -0.000411844  -6.58522e-05  0.000588824  -8.54206e-05  0.000175857  0.000265708  -0.000214831  0.000317977  0.000446666 
128 0.000160478 1.59688 0.0265329 0.0376443 0.00329474  -0.00597325  -0.0162119  0.00268383  -0.000431782  -0.0153538  0.00331924  -0.00909491  -0.00758189  0.000533317 
129 0.000233509 0.639349 0.0114091 0.0354489 0.0033893  0.00188525  -0.000242327  0.00368308  -0.000152178  0.000646988  0.00857244  0.00117415  -0.0001361  0.00511626 
131 -0.000349455 -0.0343967 0.0273334 0.0319867 0.00113706  -0.000952068  0.0132598  0.0092288  -0.00606273  -0.0103698  0.0113618  -0.0121212  -0.00680172  -0.00416575 
134 -0.000292278 -2.38496 0.0580685 0.0370495 0.0143408  -0.00395728  -0.00513498  -0.0372083  0.0346963  0.00817723  -0.00778739  0.00493559  -0.0155569  0.0119201 
135 -0.000355817 0.265429 0.0182748 0.0408042 0.00190314  0.00525404  0.00104323  -0.00497562  0.00184155  -8.82357e-05  -0.000833195  0.0164082  -0.00168759  -0.000851299 
137 0.000836657 0.572073 0.0155384 0.044954 -0.0121009  0.0018204  0.00432566  0.00287488  -0.00393903  0.0032759  0.00056182  -0.00327816  0.00508382  0.00125163 
139 0.000685298 0.703632 0.0236263 0.0344174 0.00295095  -0.00532783  -0.00738977  0.0114013  -0.010895  0.00273426  0.0107918  -0.0016667  0.0030367  -0.00904814 
141 -0.000277559 -0.16577 0.0271889 0.0223493 0.00320152  0.000665697  0.0150997  -0.000143013  -0.00798826  -0.0120647  -0.00791606  -0.0143353  -0.00396416  0.00269658 
145 -0.000872326 0.403648 0.0183497 0.0278763 0.00865938  -0.000380997  0.00589276  0.00375042  -0.00542926  -0.00846134  0.000746195  -0.00530604  0.00902005  -0.0012843 
148 0.000226432 1.33176 0.0274448 0.0406177 -0.00541427  0.00301214  -0.00850109  0.0141118  -0.0168592  0.00806341  -0.00214512  0.00474771  0.00199168  0.00794084 
150 -0.000260983 0.436419 0.00814962 0.0377279 0.00282928  0.00398297  0.000504927  0.00133071  -0.00244852  -0.000410856  0.00383023  0.00137713  0.00411447  0.000928223 
153 9.67158e-06 0.503981 0.000392518 0.0410415 9.63257e-05  -4.71832e-05  -0.000133663  -0.000158078  0.000160816  5.83312e-05  0.000169461  -0.000107457  -9.01924e-05  0.000148484 
159 1.22622e-05 11.0565 0.0227541 0.0409235 -0.0063697  0.0120523  -0.00030685  0.00355465  -0.00389911  0.0137281  0.00771795  0.00284314  -0.0024852  0.00645763 
161 0.000404502 0.874527 0.0246151 0.0407735 -0.00234214  -0.00577805  -0.0128704  -0.00721861  0.000764917  0.0157654  -0.000746984  -0.00291765  0.003727  -0.00878529 
163 6.83276e-05 1.39165 0.0156103 0.0354691 -0.00805984  0.00663351  -0.00517341  -0.000319692  0.000447148  -0.00175687  -0.00540598  0.000279461  -0.00565024  -0.00658314 
164 2.2311e-06 6.0508 0.00703826 0.0344924 -0.00197956  0.00285808  -0.00215572  -0.00101615  0.00340403  0.00276084  -0.000231026  0.00160654  -0.0025532  -0.00184592 
166 6.98782e-05 0.732241 0.00805691 0.0344601 0.000266705  0.000434585  -0.000822009  -0.00311457  0.00318506  0.00216624  0.0026447  0.000174917  -0.00189541  0.00536869 
167 3.48303e-05 0.748028 0.00587839 0.0334309 -0.00095833  0.000317703  0.00283522  -0.00131367  0.00135907  0.00163807  0.00199337  -0.00140785  -0.00177185  0.00318537 
168 -0.000154411 0.405341 0.00764732 0.0329058 0.00269419  0.00101098  -0.00163727  0.0044055  0.000763324  -0.00216167  0.00263053  0.000813107  -0.00296797  0.00254294 
169 -4.95091e-06 -46.9891 0.0306651 0.0351741 -0.00640678  -0.000311341  0.00579638  -0.0230478  0.00333325  -0.00979767  0.0103942  0.00770104  -0.00386548  0.00670927 
170 -6.34899e-05 0.280375 0.00746856 0.0352444 0.00197122  -0.000521381  -0.00198479  -0.000296197  0.00313711  0.000965718  0.00256579  0.00379544  -0.00315921  -0.00241896 
172 0.000514671 0.66158 0.0182394 0.0361339 -0.00827565  -0.00530822  0.00370287  0.00116761  0.000268036  -0.00743085  -0.00677653  -0.00733239  0.00798579  -0.00147945 
173 3.05594e-05 0.730416 0.00530711 0.0281268 0.00168161  0.000572833  -0.000566031  -0.00195043  -4.5681e-05  0.00341249  0.000437703  0.000980862  0.00120914  -0.00257333 
174 -0.00068133 0.305758 0.0230163 0.0275783 -0.012989  -0.00697932  0.00306451  0.00317448  0.00528172  0.00333  0.00801734  -0.0127924  -0.00215933  0.00461336 
176 -0.000122195 -2.28471 0.0368913 0.0379753 0.0210298  0.016331  -0.0107385  0.0148091  -0.00198044  0.00440011  0.00361242  0.0165038  0.00154439  -0.00250943 
177 0.000649308 0.628555 0.018275 0.0395515 -0.00400084  -0.00997244  0.00241925  0.00587116  0.000430179  -0.00221906  -0.00362818  0.000124277  0.00211573  -0.0124672 
179 3.30801e-05 0.545187 0.00244533 0.0302527 -0.000812381  -0.000778871  -0.00105956  0.000451754  4.94744e-06  -5.58023e-05  -0.00179676  0.000383795  8.59121e-06  -8.62276e-05 
180 -1.04083e-05 -0.109197 0.00503617 0.029701 -4.26647e-05  -0.00279704  -0.000779218  0.0022823  -0.00132479  0.00144943  -0.00164206  0.00116583  0.00148226  -0.0012701 
182 0.000211052 1.22515 0.0247405 0.0298757 -0.00507636  -0.00936144  0.00793709  -0.0113214  -0.00312309  -0.0124045  0.00116438  0.00179572  -0.00311118  0.0113855 
183 6.70094e-05 0.57512 0.00448736 0.0261061 0.00152376  0.000573293  0.000332362  0.0025039  -0.000105255  0.00268191  8.56599e-05  -0.00183628  -5.87665e-05  -0.000720733 
184 -0.000558864 0.0530777 0.0316131 0.0247895 -0.00994406  -0.000774345  0.0102821  0.0174299  0.018313  -0.00186961  -0.0105562  -0.00613687  -0.00145503  0.000554078 
185 -6.03529e-05 0.490028 0.00155221 0.034257 -0.00116897  -7.42327e-05  0.000416231  0.000438298  8.53701e-05  0.000376908  -0.000628663  -0.000292756  -0.000204226  6.13114e-07 
186 8.89082e-05 0.575068 0.00516713 0.0351268 -0.000115734  -0.000525477  0.00244483  -0.000990342  -0.00248568  -0.000999916  -0.00228083  -0.000329427  0.00263813  -5.3626e-05 
187 -8.35266e-05 0.175401 0.0104143 0.0338377 -0.00104031  0.00190149  -0.00270237  -4.38679e-05  -0.0012374  -0.00147609  -0.00107676  -0.00651462  -0.00649619  -0.0026352 
189 -0.000925299 -0.306877 0.0546544 0.0350503 -0.0159049  0.00532072  -0.00125458  -0.035979  -0.0229663  0.0144142  -0.0080983  0.00803262  0.0217062  -0.0085607 
191 7.67088e-05 1.66343 0.0188932 0.0464139 0.00093846  -0.00613029  -0.00154097  -0.00891125  0.0118251  -0.00461486  0.00147851  0.000244245  -0.00263042  0.00814936 
192 0.00021033 0.955208 0.0195688 0.0455801 0.00404339  0.000794731  0.0043447  0.00270195  0.00241126  -0.0130527  0.00875727  -0.00657764  0.00232445  -0.00618341 
194 -0.000944888 -0.432243 0.0593635 0.0432115 0.02054  -0.00604136  -0.00313503  0.0156412  0.0246925  0.0300091  0.0260762  0.0210816  0.00497476  -0.0123182 
196 0.00195984 0.693949 0.0389945 0.0530337 -0.00161426  0.0110828  0.00789433  0.00360388  -0.0153587  -0.0189406  -0.00885275  -0.0106749  -0.0176916  0.0148283 
197 -0.000163938 -0.258061 0.0222962 0.0292343 0.00276368  -0.00909091  0.00147598  -0.003474  -0.0118886  0.0017759  0.00214455  -0.014333  0.00477972  -0.00390106 
198 -9.29897e-05 -0.0855173 0.0147579 0.0319155 0.00383418  0.00120836  -0.00160846  -0.00565582  -0.00656177  -0.00692938  -0.00376424  -0.00517574  -0.000680909  -0.00587929 
199 9.08604e-05 0.615201 0.00647078 0.0333405 0.00115221  -0.00200977  0.00198163  -0.00280386  0.00171726  0.00350354  -0.00234137  0.00174268  -0.000748751  -0.000642172 
201 6.58723e-05 0.573627 0.00440469 0.0319489 -0.00245991  -0.00115761  -0.00117024  0.00123306  -0.000214028  0.00172559  -0.00167165  0.000359482  -0.00120765  -0.00130945 
202 0.000401197 0.814616 0.0224686 0.0309009 0.00440943  -0.00657272  -0.00206008  0.00381659  -0.00194143  -0.00404985  -0.0183013  0.00638895  0.00385871  0.00354555 
204 0.000180652 0.751662 0.0134851 0.0235319 0.0035792  0.00241008  0.00442495  0.00704606  0.00283267  0.00616904  -0.00221104  0.00612798  -0.00164855  0.00166209 
207 -0.000195735 0.285738 0.0129532 0.0193161 -0.00289364  0.0026369  0.00160794  -0.00428157  -0.00411796  -0.00169743  -0.00547143  0.00845468  -0.000518862  0.00316483 
208 -0.000672892 0.377225 0.0181874 0.0238509 -0.00148894  -0.0050198  5.50324e-06  -0.00346389  0.00223219  0.0123489  -0.0108624  0.00201384  0.00074544  0.00335985 
211 -1.87912e-05 -10.5513 0.0288199 0.0352418 0.000186826  0.0145832  -0.00639665  0.0205639  0.00812601  -0.00112888  -0.00107497  0.00617845  0.00496621  0.00477415 
212 -0.00104653 0.363318 0.0239369 0.0355074 -0.0021379  -0.0076075  0.0167133  0.00228  0.000943029  -0.0042173  0.000680968  0.00325936  0.0133908  -0.0041138 
215 8.9311e-05 1.55858 0.0194458 0.0480402 -0.00896824  0.00107288  -0.000823221  -0.0133618  -0.00284256  -0.00359111  -0.0016024  0.00617994  -0.00713477  -0.00216869 
217 0.000365602 1.40524 0.036379 0.0471015 0.0201185  0.00402656  -0.000514461  0.00926555  0.00779822  0.00700592  0.00283954  -0.00125061  -0.0227079  -0.0134602 
218 0.000622594 0.7948 0.0270936 0.0430467 -0.000239196  -0.00540884  -0.00356763  -0.0115238  -0.00554211  0.0107458  0.00424752  -0.0143988  0.00221529  0.0135189 
220 6.10293e-05 0.676878 0.00657108 0.0350801 -0.00143104  -0.00166519  -0.00145767  0.00271635  -0.00289736  -0.000838543  0.000147565  -0.00177216  -0.00396776  0.000922956 
221 -0.000477376 0.431126 0.0114742 0.0341992 -0.0030002  -0.00530443  0.00693106  0.000944589  -0.00519661  -0.00146149  -0.00128608  -0.000924781  -0.00268872  0.00259004 
223 -1.43979e-05 -2.20445 0.0124801 0.0405842 -0.00553918  -0.000156221  0.00374332  -0.000221221  0.000800244  -0.00962084  -0.00291998  -0.00289637  -0.000928899  -7.18172e-05 
224 -0.000159321 0.47136 0.00427383 0.0407612 0.000321726  -0.00148115  0.00195416  0.00130654  -0.00213166  -0.000127078  0.000489007  0.000679522  0.00185565  0.00131835 
226 0.000269077 0.801664 0.0180184 0.0426709 -0.00411249  0.00531512  -0.00520649  0.00439645  0.00489437  -0.00152528  0.00480899  -0.00261112  0.0024794  0.0130648 
228 -0.000125914 0.484792 0.00276908 0.0393925 -0.00113836  0.000439278  0.000782411  0.000789343  -0.00152729  0.00105033  -0.000927019  0.000707625  0.000370583  -0.000102568 
230 -0.00036826 -0.138646 0.0306738 0.0409596 0.00145829  0.000851438  0.00325929  -0.022816  -0.00146121  -0.00420746  -0.00614775  0.00641675  -0.0101754  -0.0143 
231 -3.68276e-05 0.30723 0.00532899 0.0452329 -0.00280943  0.000674461  -0.000901861  -0.00394238  -0.000279789  4.98355e-05  0.00157308  -0.000565459  0.000394141  -0.00081498 
233 -0.000548022 0.417641 0.0134437 0.0456382 -0.00401811  0.00317526  -0.0025546  -0.00952501  0.00265948  0.00211203  -0.00455931  -0.000380395  -1.23947e-05  -0.00497872 
234 0.000783627 1.02055 0.0403856 0.0512935 0.0120008  0.0149284  0.0100281  0.0209841  -0.000370121  -0.0171359  0.0141771  0.00243944  0.011421  0.00959551 
236 0.000315049 0.731704 0.0170876 0.0429849 -0.00449047  -0.00983866  -0.00433235  0.00583774  -0.00818309  0.00115906  0.00278251  0.00283905  -0.000659542  -0.00613427 
237 0.000319434 1.63872 0.0381384 0.0391497 0.000406429  -0.00954554  -0.0127427  -0.0250917  0.0179762  0.00179502  0.0110522  -0.00981254  0.0016799  -0.00486387 
238 -0.000114503 0.282037 0.00999202 0.0348327 0.00345424  -0.00291089  -0.00373035  -0.00368236  -0.00123859  0.00307914  0.00124158  8.98729e-05  0.00355746  -0.00517106 
242 0.000265207 0.723997 0.0154149 0.0364393 -0.00463354  0.00626445  -0.00121747  0.00201323  -0.00168547  0.00699073  -0.00563058  -0.00284625  -0.00218644  0.00866456 
244 0.00019078 0.833859 0.0159612 0.0325984 0.00672394  -0.0014727  -0.00322283  0.00341595  0.00516247  -0.00921055  0.00782025  0.00158754  -0.00259712  0.00184869 
246 2.16723e-05 0.841826 0.00544357 0.0295278 0.000983589  0.00343434  0.00195075  -0.000348334  -0.000477492  -0.000173782  -0.00270606  -0.0015185  0.000838112  -0.00153436 
249 0.000284885 0.820429 0.019108 0.0291585 -0.00558415  0.00330754  -0.00972073  0.00847666  0.00392511  -0.00396166  -0.00449209  -0.00197799  0.00927308  0.00393221 
250 -0.000219345 -1.34854 0.0402709 0.0237776 -0.0128701  -0.00234292  -0.00576654  0.021152  -0.0119046  0.0221881  0.00544169  0.000448112  -0.00107467  -0.0174631 
