generation s h r distopt trait[0] trait[1] trait[2] trait[3] trait[4] trait[5] trait[6] trait[7] trait[8] trait[9] 
5 0.0168299 0.795709 0.140825 0.2 0.0353674  -0.0937555  0.0074143  0.00930057  -0.0379189  -0.0356101  -0.0556643  0.04097  0.0368228  -0.0284658 
6 0.00764445 1.34043 0.159838 0.19152 0.0211619  -0.122104  0.0563925  -0.00778541  0.0127934  0.0722945  0.0130683  0.0249982  -0.00754544  0.0265986 
8 0.00625472 0.525273 0.0254894 0.224817 0.0179415  -0.0100318  -0.00307217  0.00605364  -0.0114846  -6.85201e-05  0.00107207  0.00262451  0.00290026  0.005722 
9 0.0123269 1.29964 0.197664 0.246107 0.113766  0.0122714  0.0325822  0.0268799  0.0172705  0.00525112  -0.0730826  -0.128318  0.0400061  0.0214676 
11 0.0325071 0.929764 0.234787 0.285458 0.169706  -0.05229  -0.0927969  -0.0484999  -0.0431856  -0.0631175  -0.0419526  0.0282095  -0.0109769  0.0640462 
12 0.00686823 2.08971 0.208117 0.24059 0.0992395  -0.0200935  -0.0702201  0.019297  -0.0219693  0.0905628  0.102942  -0.0220249  0.0524939  -0.0723556 
15 0.0086267 1.53732 0.188467 0.284403 -0.0726861  -0.0207236  0.0602673  0.0473329  0.0546406  -0.10874  0.00900438  -0.0321882  -0.0371175  -0.0814226 
18 0.0190958 0.517457 0.0387237 0.3977 0.00626042  -0.0284765  -0.00115872  -0.00646309  -0.00318502  0.00302138  0.00297898  0.00793033  0.0192238  0.0120711 
19 0.0468696 1.52932 0.43046 0.418827 0.220361  -0.0897684  -0.132553  -0.170374  0.0443032  -0.124421  0.138362  0.0277231  -0.182661  0.106582 
21 0.0337985 0.554814 0.0885052 0.416037 0.0575008  -0.0377481  0.0121128  0.0158393  -0.0137279  0.0233632  0.0260533  0.0127289  0.00504036  0.0332235 
26 0.0548608 0.753782 0.235087 0.549871 0.1649  0.0246445  0.0412928  -0.0171578  -0.0345972  0.00507503  -0.13055  -0.0114052  0.0750942  -0.0378396 
27 0.0466963 0.538699 0.0899923 0.535289 0.0316957  -0.0541391  -0.0189683  0.00114011  -0.0405126  0.00474294  -0.00111352  0.0361582  -0.0185037  0.0220692 
29 0.0176186 0.739147 0.129708 0.564735 0.0429611  -0.0331725  -0.0173018  -0.0472733  -0.0616088  0.0717475  -0.00777675  -0.0474337  0.00026801  0.0095005 
30 0.0128715 0.525268 0.0370706 0.585314 -0.00716614  -0.00423332  0.0216226  0.0141521  0.0161782  -0.011714  0.00553887  -0.0142376  -0.000357326  0.00216102 
32 0.074787 0.725375 0.258976 0.653821 -0.0302241  -0.114914  -0.0384416  0.150308  0.0448467  -0.100913  0.0126344  -0.126071  0.0238591  -0.00789675 
35 0.0237413 0.52645 0.0525061 0.722089 -0.00706916  -0.0210719  -0.0191589  0.0137852  0.00137155  0.0238267  0.0161955  0.00999003  -0.0275727  -0.00372292 
39 0.106727 0.633157 0.242373 0.886223 -0.0647808  -0.172791  0.0386477  0.0070506  0.0560499  -0.051273  -0.0891857  -0.046917  -0.0843824  -0.010083 
42 0.0404965 0.747628 0.19978 0.91784 -0.03639  -0.0718738  0.0673775  0.0134564  0.0961883  0.114707  -0.0529057  -0.0323398  -0.0258909  -0.0421442 
44 0.133279 0.812741 0.401443 0.895953 0.0733014  -0.123979  0.243013  0.127161  0.0720643  -0.0267965  -0.11226  0.0701531  0.165507  -0.119831 
45 0.0758042 0.513293 0.0809349 0.823175 0.0448012  -0.00609432  -0.0118867  -0.0391287  -0.0168667  -0.00870407  0.0130361  -0.0266495  -0.00012937  0.0399178 
49 0.0637152 0.679194 0.214298 0.777527 0.159886  0.0410666  -0.0405583  0.0252017  0.084207  0.0578171  -0.0157519  -0.0407279  0.0554704  -0.0312415 
55 0.161119 0.85439 0.465962 0.736736 0.128057  -0.307854  -0.0346673  0.239434  -0.0432765  -0.0106618  0.163705  -0.0124243  -0.0461091  -0.127871 
60 0.0415556 0.621202 0.143236 0.627213 -0.053624  -0.0942701  0.0470811  -0.0340691  -0.00506897  0.0202325  0.0403071  0.0497745  0.00276124  0.028847 
61 0.00127582 0.503968 0.00458824 0.59387 -0.00205198  -0.00107036  -0.00110764  -0.00190133  0.000463405  0.00147497  -0.00233211  0.00145169  -0.000383716  0.000877537 
63 0.0501125 0.533781 0.0882933 0.592795 0.0237045  0.0150711  0.0294629  0.000895181  -0.0467152  0.0185156  0.00418166  0.0548124  -0.00845435  0.0227882 
67 0.0235012 0.563659 0.0786143 0.550008 0.0197348  -0.0129851  -0.00916808  -0.0348122  0.0151102  0.0163171  0.0557942  -0.019148  0.0166204  -0.0087038 
69 0.0660633 0.556844 0.128688 0.528469 0.0856294  0.0245651  -0.0310666  -0.050046  0.0563939  0.0296623  0.0133804  0.00802367  0.0139727  0.0256166 
71 0.012921 0.634469 0.083557 0.464012 0.00523592  -0.0126289  0.0626334  -0.0219547  -0.00334096  -0.00330265  -0.00351629  0.0467792  0.0014648  0.0128467 
73 0.050053 0.609467 0.150057 0.449965 -0.0567935  0.0175791  -0.0357797  -0.120175  -0.0323445  0.0298722  -0.00569954  0.0331549  -0.0109319  -0.00840358 
75 0.00481601 0.532351 0.0251637 0.391954 0.00656309  -0.00579713  -0.00472615  -0.00442778  0.00884822  0.00245818  -0.0193089  0.000740098  -0.00735975  0.00164519 
76 0.052986 1.5783 0.466902 0.385776 0.206737  -0.0214305  -0.147024  -0.260887  -0.0327631  -0.164808  0.179693  0.125868  -0.0716166  0.060193 
77 0.0372082 0.597419 0.121968 0.311759 -0.0448779  0.0281542  0.0255889  0.0436738  -0.0679368  -0.00708367  -0.0452783  -0.0314331  -0.010509  0.0411488 
78 0.0171794 0.896479 0.164521 0.246294 0.0162428  -0.018728  0.044772  0.0687693  0.0369062  0.13229  0.00391662  -0.00332121  0.0287213  -0.00220901 
80 0.013746 0.85968 0.14031 0.208871 0.0192891  -0.00846615  -0.0427753  0.00364258  0.0154485  -0.085975  -0.0789344  -0.0351003  0.0232941  0.0420058 
81 0.00610425 0.891287 0.0976328 0.173132 -0.00626304  0.00246744  -0.0429064  0.0388946  0.00496366  0.0392617  -0.0186998  0.0336913  0.0100104  -0.0546077 
84 0.00566602 0.805181 0.0831092 0.154561 0.030288  0.0191279  0.00258407  0.0134896  -0.00624779  0.00490916  -0.0559439  -0.0204386  -0.00808277  0.0419444 
85 0.0092306 0.902572 0.121699 0.135052 -0.0516873  -0.0380506  -0.0144159  -0.043711  -0.0484215  0.0314707  0.0287131  0.0542895  -0.00240797  0.03821 
87 0.00010291 0.534416 0.0037645 0.0951354 0.00260565  0.000571942  -0.000724709  0.000585423  -7.80008e-05  0.000151453  0.000668104  -7.91478e-05  0.000559242  0.00232219 
88 0.00138104 1.1704 0.0608284 0.0945931 0.0276261  -0.0283136  0.0283321  0.0115262  -0.0110711  -0.00593953  0.0127697  0.00500665  0.0226359  -0.0184746 
92 0.0029832 0.586966 0.0322568 0.0869929 0.0118733  0.00836002  -0.00769703  -0.00419396  -0.0114916  0.0168758  -0.000366113  -0.00484705  -0.0173383  0.00342149 
96 -0.000139095 -0.036729 0.0172814 0.0677422 -0.0026824  0.00491298  0.0076385  0.0014246  -0.00661284  -0.00531041  0.00914922  0.00418641  -0.000509869  -0.00578896 
100 0.00260336 1.02409 0.0738254 0.0687612 -0.00959114  0.0286624  -0.0190704  0.0176663  -0.0216577  0.0146102  -0.026519  -0.0442758  -0.0100055  -0.0203631 
105 0.000482401 0.555383 0.010342 0.0461317 0.00264259  0.00187439  0.00222528  0.00390146  -0.0040873  -0.00355467  -0.000208935  0.00566153  0.00223395  0.00313964 
106 -0.00052294 0.195277 0.0252519 0.0405691 -0.00694658  0.00697757  0.0119083  -0.0104092  0.0040702  -0.00302601  0.00114867  -0.00657306  -0.00961673  0.0113062 
109 0.000169304 0.710583 0.0119419 0.0465717 0.00145596  0.00137731  0.0015313  -0.0040023  0.000512992  -0.00699789  -0.00656332  -0.000178211  0.0023376  0.00473524 
113 0.000757929 0.680281 0.0233796 0.0447173 0.010297  -0.0113672  -0.000644931  -0.000905364  0.00421559  0.00668783  -0.000800604  0.010799  -0.00919741  0.00676601 
116 -0.000280005 0.435423 0.00850744 0.0352419 -0.000482322  0.000766528  0.000276647  -0.00305878  0.00283587  -0.00275663  0.00540195  0.00033023  -0.00228994  -0.00345668 
119 -8.85789e-05 -1.23088 0.0247641 0.0390133 0.00252966  -0.00139442  -0.0141392  -0.00886947  -0.00202853  0.0047966  -0.0132837  0.0051296  -0.00933992  -0.00303458 
121 -0.000331847 0.222864 0.0191825 0.0401325 -0.0146672  -0.00525715  0.00243126  0.00295942  0.00117733  -0.00350735  -0.00192146  -0.00226581  0.00101484  0.00932681 
122 0.000438696 2.30286 0.0562298 0.0440741 0.0257271  -0.0204882  -0.00890949  0.0222482  -0.0044282  -0.0241753  -0.00263725  0.0275073  0.00938742  -0.00707096 
123 0.000357201 0.591722 0.0114495 0.0387804 0.00343016  0.00390341  -0.00350131  -0.00297646  -0.00424523  0.000477192  0.00454007  -0.00508771  0.00176227  -0.00388817 
124 -0.000357758 0.233199 0.0195427 0.0338642 0.00285202  -0.0025098  -0.00819252  -0.00971846  -0.00188368  0.000640459  0.0108126  -0.0087809  0.00226991  -0.00166966 
125 -0.000358638 0.297629 0.0170416 0.0387893 -0.00533642  -0.00831537  0.00234341  -0.000553467  0.00464325  -0.00410679  0.000923465  -0.00951117  0.0069642  0.00295907 
128 0.000706538 0.735078 0.0257745 0.0431661 0.000201012  0.000545959  0.0120303  0.00666676  -0.00352902  0.0153725  -0.00245471  -0.00436772  0.0131569  -0.00527616 
129 2.74613e-05 4.91742 0.0220272 0.034015 0.00283106  0.0128473  0.000224526  -0.0109291  -0.00593552  -0.00911077  0.00159651  0.00447123  0.00273869  0.00665989 
133 0.000327043 0.571982 0.00970577 0.0336089 0.00228121  0.00147137  0.0013434  0.00112997  -0.00181713  0.00794823  -0.00329746  0.000689724  -0.000890535  -0.00226568 
135 -0.000189373 0.433331 0.00710802 0.0283297 -0.00323266  -0.000415089  -0.00249963  -0.00297888  0.00318081  -0.00159092  0.00307293  -0.000940322  -0.000925106  0.000973691 
138 0.000102011 0.578798 0.00567069 0.0314955 -0.000721493  -0.00269872  0.00204009  0.00158439  0.00181822  0.000351017  -0.00120725  -0.00269723  -0.00193333  -0.00133471 
144 -0.000180155 0.348051 0.0104653 0.0298322 0.00500145  -0.00559851  0.00107431  0.000232169  -0.00505661  -0.000948996  0.00201682  -0.00186943  -0.000999556  0.004114 
145 0.000292187 1.09984 0.0264752 0.0327128 -0.0135972  0.00623642  0.00475873  0.00844427  0.00390905  -0.00304586  0.00204577  0.0183397  -0.0042568  -2.28957e-05 
146 -5.2707e-06 0.496912 0.000255167 0.0278924 0.000116725  -0.000102649  -2.02715e-05  -7.87545e-05  -7.28444e-05  -9.55244e-05  7.856e-05  4.33075e-05  4.79549e-05  -9.77617e-05 
147 0.000214725 0.721424 0.0137905 0.0279867 -0.00174727  0.00444294  0.00187732  -0.00325591  0.00462795  0.00605993  -0.0019907  -0.00758138  -0.00547543  0.00192354 
149 -0.000101776 0.404673 0.00623014 0.0238444 -0.00154704  -0.00244402  -0.00351787  0.00102456  0.00202817  0.0023657  -0.00139958  0.00189369  0.000255028  0.00130502 
152 -0.000407336 0.439728 0.00991491 0.0258908 -0.00153962  -0.00539713  -0.00294354  -0.000317187  0.00312862  0.005852  0.00321957  0.000247294  0.000685462  0.00176358 
153 2.39932e-06 0.546066 0.000664913 0.0328292 0.000390955  0.000231849  6.37963e-05  -0.000233481  0.000101613  -6.18549e-05  -3.84347e-07  -0.000265254  0.000265669  0.000147768 
155 5.01973e-07 0.502364 6.89001e-05 0.0327926 3.7377e-05  -3.30214e-05  3.29962e-06  1.77575e-05  -9.4303e-06  9.77108e-06  1.79079e-05  -5.51649e-06  -3.70348e-05  -5.14254e-06 
157 -0.000116601 0.453251 0.00467032 0.0327849 -0.000547344  0.00269853  -0.00133739  -0.00155548  0.002368  0.00159502  0.000587367  -0.00093442  -0.000807706  -2.27285e-06 
158 0.000238547 1.50223 0.0309212 0.0345175 -0.00137139  0.0155502  0.013264  -0.00826378  -0.00921763  -0.00914376  0.00130856  -0.000488133  -0.000595253  -0.0172433 
159 0.000172673 2.10659 0.033308 0.0308697 0.00463425  -0.000894201  0.00333544  0.0169622  -0.0178396  -0.0074846  -0.0110186  -0.00122983  0.0166282  0.00382302 
162 3.3044e-05 1.24277 0.00990831 0.0279335 -2.91828e-05  0.00208755  -0.000990725  0.00105956  0.00309032  0.00273873  0.000978269  0.0048402  -0.00117162  0.00699312 
164 -6.7221e-05 0.282056 0.00765542 0.0273357 0.000993191  -0.00238157  0.00320401  0.000382541  -0.0023158  -0.00166428  -0.00219872  -0.00342794  0.00231866  -0.00338247 
168 -2.56407e-05 0.488154 0.00110243 0.0285388 7.76569e-06  8.0685e-05  0.000202926  0.000121288  -0.00102934  9.51391e-05  9.73172e-05  5.61857e-05  0.000214254  0.0001605 
169 5.16141e-05 1.884 0.0169032 0.0289845 -0.00612528  -0.000894101  -0.00725321  0.00651112  0.00248393  0.0105203  -0.00223736  0.00207485  -0.000869336  0.00504824 
171 -5.44333e-05 -0.201163 0.0123559 0.0280801 0.00678847  -0.000344747  -0.000803982  -0.00132571  0.000986699  -0.00509923  0.00779678  2.89811e-05  0.0018091  -0.00360886 
173 0.000353616 0.559731 0.00919421 0.0290332 0.000336781  0.000451694  -0.000790599  -0.00314272  -0.00124657  0.000214769  -0.00575158  0.00116292  -0.00609113  0.000761096 
175 -2.86783e-06 -0.376399 0.00317072 0.0221218 0.00162187  -0.00111547  -0.000774839  0.000743533  -0.0011799  -0.00146466  4.09074e-05  -0.000513522  2.72635e-05  -0.00110544 
180 -1.92943e-05 0.258171 0.00432018 0.0221865 -0.00013271  0.000325301  -0.00214464  -0.00106843  0.000744999  -0.00136515  -0.00165089  -0.000207888  0.000804242  -0.00263921 
181 -0.000428389 0.406854 0.0126386 0.0226171 -0.00673786  -0.00384738  -0.00446081  -0.000404926  0.00355023  -0.00409944  -0.000332919  -0.00124994  0.00685556  -0.00117853 
182 -8.42626e-05 0.413098 0.0054125 0.0306597 -0.00361228  0.000354151  0.000224925  0.000211658  -0.00245298  -0.000283537  0.00299795  -0.000556703  -0.000544272  -0.000578241 
187 -0.000342932 -0.890465 0.0436723 0.0320044 0.0069505  0.000316631  0.00120784  -0.0188955  0.0168567  -0.00162578  0.0147482  -0.0174727  -0.0229689  0.0127747 
188 -0.000204057 0.433004 0.00739664 0.0369767 0.00294817  -0.00153513  0.000349631  0.000715951  0.00179727  -0.00125613  6.10822e-05  -0.00588414  0.00100985  -0.00160389 
191 0.000184089 0.884069 0.0168165 0.0396403 -0.00466264  -0.00414831  0.0044529  0.00240838  -0.00274484  -0.00323741  -0.00334949  0.00159599  0.00691895  -0.0117713 
192 -6.30826e-05 0.477186 0.00239975 0.0372462 -0.000220162  -0.000585678  -1.50209e-05  0.000644667  0.00121876  7.33784e-06  -0.000831075  -0.00136512  0.000572177  -0.000764471 
194 0.000379489 0.582591 0.0111989 0.0380836 -0.00101305  0.00156853  0.00251625  0.00357622  -0.00740157  0.00252445  -0.0052447  -0.000573612  0.00251718  0.00273499 
195 0.000207464 1.06158 0.0215864 0.0327253 0.00873022  -0.00128892  -0.00707307  -0.00677577  -0.00711396  0.01189  -0.00239943  0.00316061  0.00126834  0.00910054 
199 -9.56065e-05 0.0592056 0.0129838 0.0293854 0.00740881  0.0058122  -0.00464805  -0.00196634  0.00177747  0.00618079  -0.00159732  0.00159602  -0.00194924  0.00204385 
201 0.000355999 0.588617 0.0112351 0.0309696 -0.0019679  0.00089081  -0.00277075  0.00220372  0.00121194  -0.00145858  -0.00560116  0.00422957  -0.00406833  -0.00629438 
204 -0.000118149 0.362896 0.00805017 0.0245597 -0.00142914  0.00187487  0.00204973  -0.00491763  0.00131489  0.00218319  0.00297169  -0.00101619  -0.00372689  -0.000784034 
206 -8.89852e-05 -0.837133 0.021816 0.0268577 0.00590687  0.00707957  0.00699452  0.0102923  0.00690488  -0.00745522  -0.00225682  9.75314e-05  0.0100981  -0.0050733 
208 -7.35134e-06 0.412571 0.00160341 0.0284662 -0.000231264  0.000174577  -0.000781979  0.000316603  -0.000572864  -0.000247586  1.68358e-05  0.000604174  0.00101014  -7.5142e-06 
210 8.6913e-06 1.28653 0.00522912 0.028595 -0.000575057  0.000124442  0.000599006  0.00438164  0.00183516  0.00101881  0.00088185  0.000841442  0.00117317  0.000414862 
211 -0.000851277 0.401427 0.0183342 0.0284427 -0.00102055  0.00329094  0.00800429  0.000396639  0.00820533  0.00739519  -0.0028959  -0.00155102  0.0108287  -0.00315828 
213 0.00025403 0.822584 0.0181042 0.0407508 -0.000228072  -0.00750884  0.00645104  -0.0044905  -0.00248485  -0.00373298  0.00955094  -0.00186352  -0.0074804  -0.00622783 
215 -0.00010567 -0.546686 0.0210337 0.037505 -0.00795205  0.00494885  -0.0043164  0.0120854  0.000915554  -0.00634787  -0.00212263  0.00700828  -0.000103569  -0.00975884 
216 0.000157228 0.549937 0.00560498 0.0388883 -0.00130208  -0.000630482  -0.00081777  0.000842984  -0.00196987  0.00181182  -0.00411501  0.00190602  0.000461412  3.64686e-05 
220 -0.000311403 0.41204 0.0104703 0.0368115 -0.00543413  -0.00501293  0.00334584  0.00224187  0.00470302  -0.000350885  0.00383719  0.000427846  0.00106036  -0.000689427 
221 0.000343885 0.601093 0.0117936 0.0408232 -0.00224139  -0.0066826  0.00119718  -0.00566734  -0.00100156  0.00238768  -0.00409508  -0.000579326  0.000187961  0.00565796 
222 -0.000318472 -0.41621 0.0341645 0.0363691 -0.016014  0.00698742  -0.0049166  0.0130617  -0.000241171  -0.00222363  -0.015509  -0.00662898  -0.0131299  0.0143281 
224 -0.000586233 0.444012 0.0114672 0.0405122 -9.92444e-05  -0.00371694  1.26337e-07  0.00972807  0.0033851  -0.00106309  -0.0011249  0.00020631  0.00300123  0.000361922 
225 1.5278e-06 0.501157 8.40768e-05 0.0471979 6.6142e-06  3.24126e-05  2.17e-05  -2.58143e-05  3.11417e-06  -3.56795e-05  9.6286e-06  5.41401e-05  2.26248e-05  4.34009e-06 
228 0.00117649 0.731598 0.0330121 0.0471817 0.0170345  -0.0102222  -0.00755259  -0.0203879  -0.00878252  0.00709945  -0.00272328  -0.00799076  -0.00176239  0.00452874 
229 -0.000202049 -1.37456 0.0389217 0.0324085 -0.0107646  0.011408  0.0128877  -0.00449865  0.00398077  -0.0181796  0.00955417  0.0215863  -0.011112  0.00744829 
232 -0.000342284 -0.358195 0.0342793 0.035389 0.0170239  -0.00359268  -0.00165177  -0.0146352  0.00047181  -0.00142099  0.0100558  -0.00649659  -0.0217344  -0.00612226 
233 0.000527847 1.59368 0.0480421 0.0399339 0.0141848  0.017803  -0.0265138  0.0075962  -0.0109359  0.0168204  -0.00845199  0.00937502  0.0195927  -0.00913696 
235 -0.000254824 0.333916 0.0130131 0.0326651 -0.00679492  0.00808164  0.00113504  0.00528387  0.00466518  -0.00240642  -0.0001128  0.000417536  0.000674819  0.000671703 
238 0.0005419 0.840878 0.0271802 0.0363575 -0.0107767  -0.0110839  0.0122471  0.00398003  0.00536345  0.00803818  0.0150057  -0.00327911  0.00205683  0.000639218 
241 -7.60317e-06 0.49341 0.000447701 0.0279305 0.000181112  0.000104323  -0.000222618  -0.000152296  0.000219997  -6.409e-05  -0.000159307  -6.18234e-05  -2.83871e-05  -3.85469e-05 
242 -5.54033e-05 -5.21302 0.0355797 0.0280663 0.0177825  -0.0168367  0.00350818  -0.001225  -0.0119679  -0.00361112  0.00224846  -0.00947636  0.0187846  -0.00695895 
243 -3.89919e-05 0.40888 0.00376999 0.0290366 0.000432769  0.00151112  -0.0017225  -0.000410332  0.00216884  -0.000809503  -8.17186e-05  -0.000909813  0.000109613  0.00154953 
247 -3.45184e-05 0.10016 0.00743024 0.0297004 -0.00172242  0.000277764  -0.00288228  -0.00231892  0.00191106  -0.00244252  -0.00219634  0.00227734  0.00317345  0.00296322 
248 -9.26299e-05 -0.024646 0.0139427 0.030276 0.0025944  -0.00240526  -0.00384094  0.0054571  -0.00781069  0.00333417  0.00630822  0.00141222  -0.00142718  0.0046263 
