generation s h r distopt trait[0] trait[1] trait[2] trait[3] trait[4] trait[5] trait[6] trait[7] trait[8] trait[9] 
1 0.0589375 0.518145 0.0761092 2 0.0157647  0.0196767  -0.015389  0.0404914  -0.0283916  -0.0143664  0.0311314  0.0123304  -0.0196608  -0.0275738 
2 0.223634 0.485314 0.0921876 1.98563 0.0537957  0.0563566  0.0124348  0.00272231  0.0249272  0.00163394  0.0394501  -0.00801903  -0.00200729  -0.00421864 
5 0.0674647 0.598179 0.16637 1.93414 0.0223147  -0.0810708  0.0293142  0.0394134  -0.0288608  -0.0205855  0.018218  0.111155  -0.0351318  0.0549316 
7 0.321439 0.506597 0.21452 1.91719 0.0810192  0.1077  0.0454346  0.0547777  -0.0277897  -0.028467  0.0252484  -0.103884  0.0555987  -0.0817759 
8 0.133508 0.527874 0.147571 1.84307 0.0331993  -0.0473745  0.0755905  -0.0805325  0.0133003  0.0253275  0.000765399  -0.0700549  0.0187589  -0.0123532 
9 0.0925847 0.49393 0.0420692 1.80875 0.0220585  -0.00510769  -0.0278316  -0.00867595  0.0115024  -0.00104596  0.00531877  0.00806339  -0.0133415  0.00160542 
11 0.0789858 0.671102 0.233577 1.78411 0.0372077  0.10552  0.021906  0.115285  -0.0148026  0.0263473  -0.108605  -0.0421072  -0.116615  0.0137277 
12 0.0770679 0.543796 0.125437 1.76267 0.0164272  -0.0320355  0.04309  -0.019781  -0.00137315  -0.0403861  -0.0432215  0.0646684  0.0618507  0.0261086 
13 0.0134426 0.500564 0.0109218 1.74149 0.0044371  0.00507053  0.000475791  -0.00280528  -0.00513668  -0.00270818  -0.00149655  -0.00134461  -0.00384746  0.00363622 
16 0.175856 0.578642 0.252258 1.73765 0.0551272  -0.0305243  -0.136984  0.0897228  0.0280106  -0.0767337  -0.0184164  0.0985137  -0.0224518  0.12501 
20 0.14774 0.494164 0.079205 1.69039 0.0380451  -0.0458654  -0.00922405  0.00322837  -0.0227678  0.00010431  0.0177183  0.000859461  0.00436878  -0.0421273 
22 0.123191 0.493544 0.061209 1.64913 0.0344986  0.0110543  -0.00740877  0.000384465  -0.0116911  0.00712792  -0.011879  -0.0272665  0.0361497  0.000543506 
26 0.0132959 0.525854 0.0381172 1.61352 0.00338345  -0.0153297  -0.0198979  0.000748922  0.000951891  -0.00106033  0.0138674  0.00779989  -0.0170646  -0.0162361 
27 0.097259 0.498546 0.0613699 1.60942 0.0326662  -0.0172117  -0.00485142  0.0220334  0.0137095  0.00821632  -0.0181993  0.00541915  0.0202075  0.0294882 
28 0.240172 0.578287 0.299517 1.58033 0.0857727  0.125606  0.0176808  0.0356356  0.211215  0.103513  0.0355906  -0.0391902  0.0460039  -0.0689098 
31 0.0397531 0.502769 0.0345177 1.51069 0.0142985  0.0231664  0.00139705  -0.0065393  -0.00222497  0.00588759  0.00849753  -0.0131892  -0.00935091  0.00569256 
32 0.0714115 0.833923 0.305663 1.49773 0.0414934  -0.0074422  -0.0793461  -0.0472326  -0.0120701  0.127905  0.155999  0.137519  0.0581455  -0.141395 
33 0.095058 0.500512 0.0656321 1.47452 0.0315526  0.0252947  -0.0254917  0.00186153  -0.00696382  -0.00892902  -0.0283353  0.0106561  -0.0202627  0.0237414 
38 0.040124 0.578064 0.114182 1.4434 0.0282533  0.0193815  0.0152464  -0.00171097  0.0580932  -0.0191039  -0.00513291  -0.0294957  0.0480169  -0.0684576 
39 0.0741881 0.542724 0.121518 1.42971 0.038874  0.0141106  0.0605178  0.0225369  0.0629399  -0.00067911  0.0228224  0.0173529  -0.018603  0.0612858 
41 0.138157 0.55982 0.197916 1.40446 0.0560135  -0.0489699  -0.090385  0.034722  -0.0568899  -0.105097  -0.0161388  0.0699068  -0.000891708  -0.0694982 
44 0.0540085 0.533491 0.0917709 1.35761 0.032878  0.0266144  0.016376  0.00605631  0.0013986  0.0642186  0.0107669  0.0413321  -0.00941084  0.0169983 
46 0.0491204 0.497813 0.0270221 1.3381 0.0188627  0.0068663  0.00557157  0.00274974  -0.00327967  0.0102341  -0.00211979  -0.00408168  0.00447723  0.0114869 
47 0.0867664 0.516505 0.0945894 1.32006 0.0330616  0.0489012  0.0107959  -0.0576712  0.015153  -0.0284006  -0.0277029  0.00651423  0.00771933  -0.0107036 
51 0.0284683 0.530311 0.0616094 1.28815 0.0114961  0.00281731  0.014119  -0.0358382  0.0228709  -0.00229798  0.0293459  -0.00375873  0.0241424  0.0136152 
53 0.0345693 0.506228 0.0377354 1.27721 0.00892086  0.00787669  -5.84378e-05  -0.0101031  -0.0133001  0.0107263  -0.00545843  0.00599482  -0.0129156  0.0256081 
54 0.00802954 0.500556 0.00705495 1.26384 0.00318827  -0.000427752  0.00114151  -0.0010317  1.73478e-05  -0.00480344  0.00186091  -0.000281406  -0.00254078  -0.00199645 
56 0.0639274 0.547193 0.116604 1.26067 0.00855124  -0.0299109  0.0548161  -0.029427  -0.0356493  -0.0582542  -0.0173252  0.0301966  -0.0503496  0.0186116 
57 0.083059 0.602927 0.189423 1.23585 0.0870654  -0.00800288  0.0556886  0.0680849  -0.00806617  0.0373281  0.0241246  0.125715  -0.0358306  0.037029 
58 0.298859 0.492743 0.162898 1.20313 0.126316  -0.0577785  -0.00773179  0.00755817  0.0107309  -0.0327978  0.07154  -0.0261282  -0.0102031  -0.00541388 
59 0.0471443 0.519407 0.0680799 1.08906 0.0217782  0.00677193  0.0333118  -0.00516288  -0.0368418  -0.0159677  0.0256214  -0.0167315  0.0147679  -0.0145473 
61 0.11234 0.695378 0.296544 1.0677 0.0816286  -0.200328  -0.0277858  0.0933393  -0.0529516  -0.0191747  -0.0652678  0.0367795  0.147773  -0.0322307 
63 0.00282947 0.506746 0.00895703 1.01662 0.000613487  -0.00178474  -0.00160953  0.000160298  0.00649033  0.00131327  0.000697775  -0.00499177  0.000598165  -0.00210689 
65 0.0776572 0.510945 0.0778942 1.01523 0.00935399  -0.0384731  -0.0129226  -0.0326724  -0.00983468  -0.0034407  -0.0251679  -0.0240846  -0.0440175  0.00240034 
67 0.0204789 0.503838 0.0227295 0.9777 0.00848479  6.117e-05  0.00537935  -0.00375004  0.0115442  0.00658066  0.00492381  -0.00898923  -0.0106727  -0.00247115 
69 0.0704863 0.643122 0.202754 0.967277 0.0522843  0.0316141  -0.0443698  -0.0466988  0.0560321  0.140315  0.0115126  -0.00939644  0.0998079  0.0147075 
74 0.0601098 0.596165 0.155202 0.931403 0.0999815  0.0539429  -0.0549883  0.0272238  -0.0126727  0.0250479  -0.0103105  0.0559707  0.0574909  0.00919472 
77 0.0138565 0.533122 0.0437888 0.899522 0.018834  0.0164392  0.012765  0.00139643  0.0170084  0.0185427  -0.0110066  -0.0058471  0.00571726  -0.017506 
80 0.0361669 0.525443 0.0651523 0.89184 0.00025366  -0.0253643  -0.00550592  -0.0110715  0.0126746  -0.0359636  -0.0186269  -0.00061423  -0.0405087  -0.00248891 
81 0.0167753 0.538737 0.0521079 0.871694 -0.00503447  0.00791609  0.0176299  -0.0171915  0.0212349  -0.0275658  0.0122808  -0.0144225  -0.0212372  -0.000473037 
82 0.00897044 0.510471 0.0203446 0.862099 0.00474343  0.000562749  -0.00919597  -0.000628855  0.0100688  -0.00605784  0.00309276  -0.00302236  -0.0120717  0.00190274 
83 0.0493934 0.608602 0.148483 0.856904 0.0922411  -0.0468996  -0.0193795  0.0735018  0.0132959  0.0531766  -0.0412637  0.0213242  -0.0199566  0.00098181 
86 0.0255074 0.72718 0.152116 0.828294 0.0331275  0.0513829  -0.00732732  -0.000193341  0.00773331  0.0748387  0.0937069  -0.0338065  -0.0595888  0.0145757 
87 0.0769244 0.575135 0.157944 0.812948 0.0535603  -0.0111482  -0.00201892  0.0558141  -0.00966326  0.0296343  -0.0255201  -0.0900637  0.0424466  0.085429 
88 0.0370872 0.530154 0.0710812 0.766012 -0.00501998  0.00389659  0.00790867  -0.0550715  -0.00837925  0.0347621  -0.00202981  -0.0251658  0.000103199  -0.00081723 
90 0.0740818 0.605971 0.180886 0.741862 0.0357092  -0.0205662  0.00667815  0.0495128  -0.0353713  -0.0685483  -0.123448  0.0240826  -0.0763918  0.0303373 
91 0.106065 0.581228 0.194093 0.692021 0.0426001  -0.0171603  0.0585732  -0.078376  -0.0351418  -0.0850491  0.00416335  -0.000350413  0.059475  -0.118179 
92 0.0254544 0.510052 0.0364189 0.614885 0.0133329  0.00286723  -0.0123517  -0.00393332  -0.0211413  -0.000107548  -0.00159542  -0.00147785  -0.00473438  0.0223205 
93 0.0249121 0.515755 0.0430475 0.594094 -0.00142618  0.0169959  -0.00984025  -0.0213067  -0.0127035  -0.00514424  0.00251665  -0.0245854  0.00344996  -0.0141729 
94 0.0221477 0.650079 0.115622 0.573011 -0.0116463  -0.0457216  -0.0180775  -0.073958  -0.0415022  0.0107056  -0.0256317  -0.0185763  0.0338618  -0.0368779 
95 0.0399457 0.527184 0.0708753 0.553566 0.0358683  0.00947839  -0.01415  -0.0417176  -0.0223674  0.0111226  -0.0020112  -0.0173975  0.0278363  0.00087192 
96 0.0436413 0.592794 0.129359 0.516978 0.00649823  -0.00938166  0.00613364  -0.0184771  0.0388994  0.0346663  0.0473289  -0.0939722  -0.0482973  0.0103004 
98 0.04609 0.660014 0.172474 0.473868 0.0355529  0.112327  -0.0335489  -0.0753297  -0.00679883  0.0409308  0.0121598  -0.0619581  -0.0305097  0.0492639 
99 0.0378194 0.626979 0.139633 0.423664 0.0442174  -0.00613369  0.0501861  -0.0393686  -0.0228499  0.0214877  0.00534005  -0.0838444  -0.0694694  -0.0238278 
101 0.0110876 0.543017 0.0442454 0.377319 0.00167764  0.00394362  -0.0105987  -0.00124375  -0.0262817  -0.0120564  -0.024984  0.0147424  0.0113519  0.00434965 
102 0.0385479 0.593886 0.122036 0.362413 0.0708711  -0.00846185  0.0365901  0.00727023  -0.00789219  0.000574228  -0.00159183  -0.0593346  -0.0599044  0.0351066 
104 0.00724172 1.02912 0.123566 0.305809 -0.00471579  -0.0560551  0.043003  0.0182655  0.0413351  -0.0548821  -0.02  0.0323477  -0.0209856  -0.0575661 
107 0.0103331 0.733492 0.0981962 0.293775 0.0399189  0.0504927  0.0118398  -0.0131886  0.00769524  -0.0074136  -0.0229081  0.0602226  -0.0297359  0.00594959 
114 0.0104408 0.519832 0.0296278 0.275724 5.51555e-05  0.00360564  -0.0103949  -0.00300028  -0.020447  -0.0120259  -0.00107194  -0.00205115  0.00228959  0.0132079 
117 0.0130669 0.531906 0.0417223 0.256197 0.0153465  -0.0128221  -0.0167618  -0.00184816  0.00367361  -0.0180352  -0.00120239  0.010365  -0.0131311  0.02089 
118 0.00129881 0.755758 0.0364483 0.229466 0.00648389  -0.0156172  0.0022271  -0.00851791  0.00845131  0.0140858  -0.000330606  0.0118629  0.0226698  0.00635876 
121 0.00606973 0.540484 0.0315931 0.226621 0.014695  0.00687371  0.00558846  -0.0111127  0.0117166  -0.00988513  -0.00462077  -0.00847127  -0.00458565  0.015201 
122 0.00382583 0.514984 0.0153673 0.212851 0.00285272  0.00363698  -0.00139974  -0.00843841  -0.00683744  -0.00597964  -0.000988181  0.000595044  0.00742225  0.00164177 
124 0.000817461 0.531495 0.0101624 0.203683 -0.000348393  -0.00259592  0.000828141  0.00326446  0.00512827  -0.00596785  0.00154725  0.00295555  0.00250565  0.00239789 
126 0.0080086 0.585888 0.0526429 0.201668 0.0136064  0.000459794  -0.045805  0.00941687  -0.00927205  0.00235477  -0.000213971  -0.0101928  0.00661173  0.0126485 
127 0.00425984 0.795621 0.0709391 0.180812 0.00480573  0.026287  0.020544  -0.037018  -0.0448957  -0.0188972  -0.00149895  0.00809353  -0.00842869  0.00378897 
128 0.00389072 0.625267 0.0441904 0.168649 0.00459249  -0.0154921  -0.0143878  0.000985475  0.0107427  -0.0233685  0.0157316  0.0177878  0.0123251  -0.0103163 
129 0.00234845 1.48584 0.0961355 0.156714 0.0389796  0.00562391  0.0449939  -0.00360717  0.0485035  -0.0255732  0.0165511  -0.00692301  0.0175959  0.0448941 
131 0.00501928 0.889565 0.0883555 0.149042 -0.0140683  -0.00598421  -0.0230762  -0.0274251  -0.0219083  -0.038209  -0.0468599  -0.0109325  0.0360491  0.0270835 
132 0.00554188 0.978306 0.102834 0.131174 0.00353003  0.0164035  -0.0596003  0.0402535  -0.0315056  -0.0256218  0.0262451  -0.0514269  -0.0110571  -0.00399187 
133 0.000168249 0.964842 0.0176865 0.108075 0.00511815  0.00185144  -0.00674896  0.00280699  -0.00468981  -0.002839  -0.0118194  0.00436947  -0.00521488  0.00370408 
135 0.00122741 1.15835 0.0568307 0.107294 0.0277016  -0.0172782  -0.0323613  0.00409398  -0.021491  0.0115397  -0.0176776  0.0106706  0.00864667  0.00191187 
136 0.0019385 0.712655 0.0406062 0.101416 0.00369695  0.0034529  0.0156245  -0.00161078  -0.00886457  0.0170088  0.0208056  0.0185459  0.000862301  -0.0152022 
137 0.00221945 0.649421 0.0364321 0.0913709 0.0237887  -0.00245479  0.0145881  -0.00281621  0.0175506  0.00600084  0.00817766  -0.00704112  -0.00785333  0.00353079 
138 0.00124118 0.860189 0.0422788 0.0783048 0.0120694  -0.0294666  0.000968868  -0.0174232  -0.0112376  -0.00829428  -0.00571922  0.0147087  -0.00495104  0.000626546 
139 0.000844573 0.669885 0.0239582 0.0699374 -0.0059545  -0.00649334  0.00878024  -0.002919  0.00751226  -0.00348553  -0.0174888  -0.00112897  0.00554847  -0.0020636 
140 0.00044133 0.748032 0.0209245 0.0636162 0.00520623  -0.0159544  0.00108521  0.000364331  -0.00409951  -0.00482472  0.00624089  -0.000638573  0.00611805  -0.00616486 
144 0.000861489 0.661789 0.0236137 0.0600482 -0.00284022  -0.00567037  0.00743858  0.00980141  0.0129775  0.00285052  0.0115104  -0.0055735  0.00466041  0.00204312 
146 -9.7561e-05 0.394923 0.00640408 0.0523896 4.94287e-05  0.00115421  0.000892286  -0.00146052  0.00120568  -0.00342121  0.00124434  -0.00278766  0.00320276  -0.0020032 
149 0.000340319 3.77635 0.0667595 0.0533126 0.0186849  -0.0181573  0.00759142  0.00677995  -0.0326515  0.0048993  -0.0107405  -0.0284729  -0.0376131  0.0156043 
151 0.000113157 0.535795 0.00402582 0.0500197 -0.00139483  0.000108908  0.00186091  -0.00146754  0.000264646  0.000936293  0.000865307  -0.00252215  0.00011244  -0.000750915 
152 -0.000592285 0.458335 0.00994559 0.0488756 0.00264287  -0.00609695  -9.0124e-05  -0.00255625  0.00154739  0.00111396  -0.00373019  -0.00256947  0.00330606  0.00362392 
154 0.000518905 0.587727 0.0134971 0.0546011 -0.00669343  0.00294835  0.00132089  -0.00225602  -0.00634549  -0.00104768  0.00551043  0.0060574  0.00146197  -0.00335926 
155 0.000262536 0.537035 0.00623868 0.0496237 0.000260779  0.00244421  0.0032634  0.000570882  0.00363661  -0.00263279  -0.00093138  -0.000741545  7.0037e-05  0.000569621 
158 9.46799e-05 0.641819 0.00732879 0.0469043 -0.0004929  -0.000941747  0.00224093  -0.000628989  0.00232819  -0.00335282  0.00370417  -0.00287524  0.00109852  -0.00270324 
160 -4.23871e-05 -5.19385 0.0310691 0.0458839 -0.00847761  0.00958909  -0.00739033  0.0125128  0.00742943  0.00141323  -0.0146239  -0.0113065  -0.00134725  0.0137686 
161 -0.000340734 0.403607 0.0114654 0.0463435 0.000557347  0.0037779  -0.000490971  -0.00650547  0.00331968  -0.00181361  0.00274976  -0.00355334  -0.00625484  -0.000830863 
163 -0.000741998 0.374624 0.0193005 0.049885 0.00529232  -0.00983335  -0.00663915  -0.00259819  -0.00148547  -0.0110762  -0.0042271  0.00501543  0.00517523  -0.00151154 
166 0.000539838 1.01997 0.0335035 0.05684 -0.00336037  0.00215651  -0.0125088  0.0208707  0.0139194  0.0115863  0.00195069  0.012863  0.0015129  -0.00386564 
167 0.000405231 1.55399 0.0413257 0.0518758 -0.0202623  0.0018489  0.0162941  -0.00265312  -0.0157312  -0.0027923  -0.0128255  0.000490314  -0.0215231  -0.0117498 
168 0.000848012 0.612931 0.0195767 0.0478116 0.000962941  0.00905306  -0.000482442  0.0060556  0.00273869  0.00262595  0.00396547  -0.00636822  0.00841601  -0.0110433 
169 -0.000249665 0.301414 0.0140844 0.0379248 0.00614004  -0.0049336  0.00315344  0.00461211  0.00717411  -0.00408864  -0.000734187  0.00421863  -0.00246737  -0.00353636 
170 0.000601849 0.884349 0.0304151 0.0410851 -0.00359613  -0.0031716  0.0158142  -0.00173426  0.00491786  -0.00689551  0.0205323  0.0079475  0.00548874  0.00789876 
171 -2.79426e-05 0.489361 0.00109066 0.0329594 0.000864163  -4.29123e-05  0.000141494  0.000299596  9.64591e-05  -9.93511e-05  -8.01447e-05  0.000370465  -0.00032313  -0.00025274 
172 -3.87941e-05 0.466583 0.00227736 0.0333806 -0.000657408  -0.000545581  -0.000974097  0.000292772  -6.41393e-05  -0.000660321  -0.00108112  0.000429522  -0.000159223  -0.00126615 
174 -0.000480674 0.298427 0.0196915 0.0339567 -0.00568631  0.00976351  0.00562724  0.00607469  0.005923  0.000643163  0.0104506  0.00614203  -0.00296499  -0.000546267 
176 -0.000619093 -0.735088 0.0553038 0.0404209 -0.0207721  0.00584952  0.0200293  -0.0198165  -0.0148056  0.0106085  0.0158701  -0.000968194  0.0323221  -0.013026 
177 0.00104771 0.672507 0.0268896 0.0474672 0.00801963  -0.00436084  -0.002519  -0.000493141  -0.0107363  0.0128804  -0.0160042  0.00276943  -0.00905645  0.00247661 
178 0.000308738 0.778135 0.0185328 0.0347271 0.00925806  -0.000929346  -0.00464053  0.00227504  -0.00254657  -0.0100179  -0.00413477  -0.00248831  -0.00852182  -0.00523691 
179 0.000310992 0.739338 0.0172546 0.0299547 0.00777715  0.00311825  -0.00350471  0.00220795  -0.00128044  -0.00564181  -0.00324754  -0.00034785  0.00608823  0.0113644 
183 6.7084e-05 0.528547 0.00276807 0.0242145 0.000940948  0.000901207  -0.000789753  -0.000358519  0.00144884  0.00093157  -0.000327553  -0.000203321  -0.0010071  -0.00104046 
184 5.94807e-05 0.626027 0.0054759 0.0227872 -0.00248158  -0.000287274  -0.00161371  -0.000323139  -0.000381781  -0.00120255  -0.00180769  -0.00271106  0.00294793  -0.000369425 
186 -0.00013592 -0.794184 0.0265258 0.0214425 0.00252928  0.00799205  -0.00576296  0.00729271  0.000268418  0.0143319  -0.00249242  -0.00102535  0.0043644  0.0177529 
189 -2.79218e-06 0.443744 0.000792661 0.0244072 0.000112888  -0.000167001  0.000425776  -0.000343212  -1.98236e-05  -0.000400353  0.000169642  -3.90645e-05  -0.0001344  0.000282055 
191 2.8471e-05 0.631771 0.00387386 0.0244643 -0.000653997  0.00138351  0.000405612  -0.00217911  0.000562404  -0.000354156  0.00112103  -0.000483692  -0.00240568  -0.00017942 
192 -1.16141e-05 0.496181 0.00042131 0.0238753 -6.62654e-05  0.000200788  -1.67791e-05  -4.30005e-05  1.52037e-05  0.000114282  5.34473e-05  0.00024224  0.000173869  0.000160019 
193 -0.000121159 0.264796 0.0106771 0.0241173 -0.00334645  -0.000670452  0.00170766  0.00252008  0.000510812  -0.00105261  -0.00633606  -0.00341401  -0.0061975  0.00122732 
194 3.00273e-05 0.504848 0.000763348 0.0265106 -3.65297e-05  9.49365e-06  5.08517e-05  -4.6094e-05  0.00031763  7.60087e-05  0.000208245  0.00010714  0.000236153  -0.000599405 
195 0.000158333 0.626154 0.00893886 0.0259381 -0.00387325  -0.00510337  0.00225472  -0.00170844  0.00151489  -0.00200012  0.00197983  0.000770082  -0.00220091  -0.00389898 
199 0.000124616 0.616941 0.0076351 0.0226818 0.00107228  -0.000244568  -0.00184696  0.00250966  0.000644127  0.000699571  0.00160172  0.00431882  0.00311195  -0.00394579 
200 -1.71453e-05 0.473527 0.0013475 0.0197447 0.000505945  2.26781e-05  8.42049e-05  0.000282779  -0.000152217  0.000310811  0.000171575  0.000777526  -0.00083951  -0.0001169 
201 -0.00041484 0.373312 0.0145033 0.0201742 -0.00728189  -0.00604025  0.00285592  -0.00290313  -0.00143095  0.00396223  -0.00485877  0.00578672  -0.00538505  -0.000640901 
209 0.000114124 0.845478 0.012558 0.0286693 0.00120795  0.000880379  0.00198202  -0.00579898  0.0017709  -0.00754536  -0.00100402  -0.00190068  -9.36856e-05  -0.00729486 
212 -0.000156747 0.161039 0.014579 0.0266047 0.00807535  -0.00058635  -0.000739946  -0.00232575  -0.000526576  0.00412705  -0.0096927  -0.00305932  -0.00188097  0.00410863 
214 -3.03089e-05 0.290315 0.00504203 0.0294035 0.00303742  -0.000153072  0.000181987  0.00029734  0.000821451  0.00114528  0.000272236  0.000506946  -0.00245166  -0.00277903 
216 -0.000942044 0.434378 0.0157425 0.0299145 -0.00508699  0.000688118  0.00478948  -0.00410488  -0.00202796  0.00119877  -0.00337596  0.00234394  -0.0120726  -0.00367391 
217 -2.53552e-05 0.484505 0.00125373 0.0428645 -0.000213568  -0.000946917  0.000157386  0.000511203  5.89136e-05  2.6085e-05  -0.000301717  -0.000339847  -0.000364274  1.02843e-05 
219 0.000319155 1.43413 0.0345285 0.0431593 0.000708526  0.01348  -0.0158224  0.00324228  -0.0142338  -0.016306  0.00995939  0.00514335  0.0123815  0.00130919 
221 0.000107201 0.518114 0.00278793 0.0392889 0.000568164  0.000729873  -0.00133393  -0.000536878  0.00205038  -0.000230219  0.000497215  -0.000169698  0.000558625  -6.53203e-05 
223 0.000513458 0.581062 0.0129064 0.0379001 0.000698495  0.000489424  0.00267697  -0.00062701  0.00817515  0.00470667  0.000162433  -0.00535758  0.00238045  -0.00590804 
228 -0.00023012 0.461126 0.00598445 0.0303825 0.00137256  -0.000912692  -0.00125812  -0.00174503  -0.000564525  -0.000977378  -0.00305682  0.00357301  -0.00220984  0.000448144 
231 2.96859e-06 0.500486 7.59644e-05 0.0339594 2.07277e-06  3.97506e-06  2.02481e-05  -1.32823e-05  4.95356e-05  3.40961e-05  1.04813e-06  -1.76939e-05  1.50967e-05  3.17127e-05 
232 0.000643415 0.7975 0.0276686 0.0339157 -0.00461493  -0.00924211  -0.00395686  0.00626878  0.00148831  0.017842  0.00110668  -0.00934564  0.0129077  0.00530626 
233 -0.000345626 0.290764 0.0170108 0.0225181 -0.00519021  0.00499012  -0.00269944  -0.0101565  0.00331278  0.00493867  0.00454216  0.00728607  0.00363641  0.00218661 
234 -7.82301e-05 0.348507 0.00688549 0.0292019 0.00108399  0.00138525  0.00176198  -0.00316964  0.000675751  0.00221201  0.00323773  -0.00142411  0.00363784  0.000265319 
235 -0.00024449 0.154 0.0183965 0.030512 0.00625363  0.00184183  -0.00395053  -0.00294734  -0.00450963  0.00531172  0.000104569  -0.0106206  -0.0076706  -0.0071722 
237 0.000228933 1.81178 0.0346547 0.0342856 -0.0073825  -0.0113512  0.013921  0.00554033  0.0039897  -0.00910898  0.00662146  0.00401242  0.0076763  0.0239864 
240 -0.000104217 0.351271 0.00787455 0.0307668 -0.00222148  0.00244607  0.00136712  0.000149803  -0.00542183  0.00126497  -0.000355308  -0.00134484  -0.00234443  -0.00328195 
243 0.000202656 0.995497 0.0200405 0.0324163 0.00457898  0.00692352  -0.00788605  -0.00771597  0.00984052  -0.00220705  0.00511118  -0.00497105  -0.00641069  -0.00416594 
244 -0.00140519 0.180211 0.0424183 0.0291236 0.0161107  0.00551874  -0.00488526  0.0138665  0.00829026  0.03075  0.00658037  0.00723665  0.00399575  -0.0129316 
249 -0.000120201 -0.244117 0.0189153 0.0474802 -0.00356951  -0.00476866  -0.00835199  -0.00327701  0.0037141  -0.00216613  0.0032756  -0.0105805  -0.00137276  -0.00993797 
251 0.00124806 1.37314 0.0659896 0.0487296 0.00285195  -0.0224478  0.0155526  0.0156398  -0.0215434  -0.0370892  -0.0144279  0.00345498  -0.018901  0.0306436 
254 1.34906e-05 0.501649 0.000298421 0.0335752 -5.10527e-05  0.000143069  -9.27182e-05  -0.000128149  0.000124577  4.53669e-05  -0.000118133  5.09221e-05  7.91544e-06  -8.22947e-05 
255 -0.000373488 0.399139 0.0122791 0.0333737 -0.00294077  -0.00574116  -0.0051118  0.00315912  -0.00614307  -0.00164643  -0.00493906  0.000668901  0.00242695  0.00136982 
257 0.00016062 0.567907 0.00660591 0.0385663 -0.00197219  -0.00094656  0.00270729  0.00214421  0.00338721  0.00167287  0.000119745  -0.00158626  0.00305324  -0.000894919 
258 -7.54317e-07 -51.0732 0.0124743 0.0364246 -0.00442959  0.00291236  0.0044948  0.00790864  0.00612207  -0.00163255  -0.000434979  0.00150816  -0.000805861  -0.00122311 
259 0.000110013 0.536162 0.00398979 0.036435 0.00104397  0.00105315  0.00170495  -0.00218198  0.000180267  -0.000741038  -0.00163468  -0.000254545  -0.000824127  -0.00143309 
260 -0.000450515 0.28354 0.0197546 0.0348927 -0.0106333  0.00159843  -0.0105734  0.0105916  0.00177536  -0.00217226  0.00535509  0.00356127  0.000728308  -0.000938996 
262 -0.000148172 0.453605 0.00524509 0.0408426 0.00100845  -0.000836978  -0.00136427  -0.000241975  -0.00171221  -0.00111412  0.00178248  -0.0027823  -0.00277305  0.00104524 
266 -0.000132744 -1.55801 0.0330558 0.0426181 0.0145898  0.0062436  -0.00654692  -0.0100529  -0.0109366  0.0200385  -0.00946863  -0.00278661  -0.00583269  -0.00665793 
270 0.000550932 1.05868 0.0350826 0.0441481 -0.0115348  -0.0114762  0.0052017  0.00238272  0.0105369  -0.00612475  0.00946887  0.019032  0.017357  -0.00562323 
271 0.000147224 0.82845 0.0139073 0.0373935 0.00161177  -0.000173139  0.00255958  0.00165047  0.000351246  -0.0118  0.00420166  -0.00138487  0.00325058  -0.0034653 
272 5.95869e-05 0.534887 0.00288388 0.0353703 -0.000171975  0.000507307  0.00212247  -0.000506893  -0.000148682  0.00163168  -0.00011318  -0.000490847  -0.000137291  -0.000557606 
274 -4.47624e-05 0.44664 0.00309118 0.0345177 0.000294517  -0.000971372  0.000902312  -7.60536e-05  0.0013749  -0.000142698  -0.000787488  0.00178475  -8.2947e-05  -0.00140786 
275 2.85342e-06 0.501664 0.00013781 0.0351602 4.92e-05  -3.4977e-05  -3.51749e-05  -9.49939e-06  5.27554e-05  1.53426e-05  -4.49629e-05  -6.6004e-05  5.37164e-06  -6.77824e-05 
281 1.16995e-05 0.516319 0.00087394 0.0351196 7.62194e-05  0.000415272  -0.000158482  0.00022467  -6.98465e-05  0.000268354  -0.000620574  -2.02618e-05  0.000196984  9.32752e-05 
282 0.000361048 0.831999 0.0218957 0.0349526 -0.001843  0.0134879  0.00253392  -0.00436833  0.000742297  -0.00524605  0.0122033  -0.00774887  0.00254633  -0.00500738 
283 -0.000296328 0.15742 0.0201531 0.0293377 0.00274291  0.00446466  -0.00680554  -0.00327264  -0.00362604  -0.00970895  -0.000907037  -0.00410013  -0.012113  -0.00706358 
284 7.51674e-06 12.5705 0.0190501 0.0340158 0.00298245  -0.00447078  -0.00717996  -0.00557055  -0.00115775  0.0131186  -0.00305549  -0.00349747  -2.14976e-05  -0.00751218 
285 -0.000242575 -0.177095 0.0256328 0.0339051 0.0108476  -0.00317866  0.00458927  0.00174066  0.000529628  0.00736753  0.00284785  -0.00657833  0.0198399  -0.00236843 
288 -3.3267e-05 0.0178116 0.00801031 0.0373117 -0.00138522  0.00135854  0.00286859  0.00508434  -0.00389632  0.000291452  0.00018018  -0.000195068  -0.000832994  0.0032079 
289 0.000208504 0.813687 0.0161742 0.0377549 -0.00446196  0.00477146  -0.00540178  -0.00485079  0.00746985  0.00913345  -0.00465832  0.00126781  -0.00112084  -0.00156149 
292 0.000246808 1.20973 0.026468 0.0348848 0.00329487  0.00894854  0.0147383  0.000213655  -0.00944622  -0.0122175  0.00194471  -0.00441588  -0.00521628  0.0101671 
293 0.000135237 0.609951 0.00771246 0.0311475 -0.000710732  -0.00495248  0.00232385  0.000452242  0.00350764  0.00223822  0.000286127  0.00325897  0.000336973  -0.000845925 
294 0.000470649 1.00046 0.0306911 0.0288954 -0.0135656  0.00074804  -0.0158322  -0.0144966  0.00821908  -0.0111599  -0.00316334  0.00346717  -0.00256388  0.00870943 
299 -1.95661e-05 -0.970921 0.0107294 0.0190894 0.00444725  -0.000361958  0.00176014  0.0028577  0.000179891  -0.000315163  0.000901226  -0.00364936  -0.0077407  0.00312513 
301 -0.00113725 0.306298 0.0297019 0.0195952 0.0141794  -0.00662022  -0.0103138  0.00085016  0.00335617  -0.00326842  -0.00483078  -0.00739  -0.0146924  -0.0146445 
303 0.000513249 0.686083 0.0195459 0.0390111 -0.00447799  0.00234205  0.00335749  0.00522749  0.00373002  0.00417643  -0.00018079  -0.00390016  0.00456717  0.0158255 
304 0.000367851 0.788894 0.0206166 0.0317608 -0.00423898  -0.00605034  0.0122844  -0.00359052  0.00800646  5.76883e-05  0.000234601  0.0115951  -0.000755196  0.00273764 
305 -0.000924558 0.381273 0.0209687 0.0253172 0.000105009  -0.00790938  -0.0120014  0.00175162  -0.00793902  -0.00911079  0.00566014  -0.000693106  -0.00682337  0.00221522 
307 -5.34954e-05 0.382421 0.00501615 0.0395721 0.00026312  -0.00381295  0.000482693  0.000266922  -8.71189e-05  0.000705306  -0.00276486  -0.000438722  0.00051984  0.00127965 
309 0.000310752 0.570688 0.00937545 0.0402423 -0.00181107  0.00206788  0.00135022  -0.00204007  0.00338095  0.00228931  -0.00269849  0.00588691  0.00201425  0.00341927 
311 0.000279842 0.648464 0.0128918 0.0361765 0.000578594  0.00517656  -0.00248078  -1.53175e-05  0.000339533  -0.00566511  -0.00680069  0.00287606  0.00610143  -0.00299253 
312 1.04067e-05 0.504701 0.000442448 0.0320771 -3.78362e-05  0.000143575  0.00026622  9.65616e-05  8.92407e-05  -0.000130318  -0.000160529  -8.15676e-05  0.000175435  7.32893e-05 
316 -0.000262009 -0.62726 0.0343719 0.0319144 -0.00678541  0.0138416  0.0219391  0.0135353  -0.00274049  0.00132574  0.000320062  0.0163412  -0.00138328  -0.000972979 
318 -0.000690093 -0.0962089 0.0405737 0.0357851 0.00378923  -0.0107117  -0.0161986  -0.00992959  0.00139987  -0.0152054  -0.0190752  -0.0229441  0.00297435  0.00488171 
321 5.89029e-05 1.14051 0.0122844 0.0443949 -0.0056974  0.00569184  0.000217402  0.000150384  -0.00109173  0.00556159  -0.000669891  0.00114758  -0.00711554  -0.00120812 
323 8.50887e-05 1.18858 0.0153085 0.0437265 0.00997334  -0.000291581  0.000267024  -0.00823537  0.000882218  0.0042567  -0.00591587  0.00331081  0.000298571  -0.0013993 
324 -0.000166659 -0.926928 0.0308419 0.0427425 0.002712  -0.00486689  0.00971526  0.0187694  0.0136038  -0.00374457  0.00268101  0.00551444  0.0153007  0.00164586 
327 0.000218607 0.566535 0.00762874 0.0446497 -0.0022681  0.0014463  0.000740053  0.000292657  0.00169263  0.00241442  0.00175688  0.00366278  0.0021555  -0.00452605 
330 -5.60421e-05 0.452366 0.00326802 0.0421309 0.000560997  0.00112808  -0.00111535  0.00182839  -0.000663474  -0.000164288  -0.00099357  -0.00162921  -0.000510095  -0.000369814 
332 -0.000178833 -2.4631 0.0460353 0.0427908 -0.0096141  -0.0124298  -0.0115928  -0.0188237  -0.000284345  0.0232806  0.00447314  0.0201205  0.0084977  -0.0185599 
335 2.66417e-05 0.610757 0.00343557 0.0448319 0.000335182  0.00020153  -0.00261736  0.000400293  -0.000372679  -0.00158806  0.00129511  -0.000421821  -4.70684e-05  -0.000348013 
336 -5.73312e-05 0.459984 0.00302963 0.0445338 -0.000284191  -0.000417844  -0.00134513  -0.000449593  -0.00023928  0.000306693  -0.000176214  -0.000735514  0.00235632  -0.000797621 
338 4.44667e-05 5.51995 0.0298792 0.0451729 -0.00588756  -0.00345959  0.00284769  -0.0114872  -0.0167495  -0.00851536  -0.00842819  -0.0118614  -0.0108002  0.00496359 
340 0.000886638 0.895791 0.0374596 0.0446781 0.000777396  0.0249542  0.0210753  -0.00306878  -0.0111507  0.00781585  0.00671914  -0.00919024  0.00330427  -0.000604052 
342 0.000327126 0.769307 0.0187715 0.0333149 0.00783556  -0.0083643  0.00431448  0.00954457  -0.00276296  0.00352004  0.00650661  -0.00240881  0.00655386  0.000428312 
344 -0.000955656 0.381459 0.0213022 0.0279788 -0.00613506  -0.00880464  0.00680406  0.00406774  0.00462332  -0.00556443  -0.00595912  -0.0057038  -0.00304724  -0.0120878 
347 -8.57688e-05 0.440205 0.00452976 0.0417004 -0.000454233  0.000100392  -0.000484956  0.000286617  0.00213471  -0.000591471  -0.00206205  0.0015885  -0.00253249  -0.0013745 
349 0.00045316 0.648117 0.0163864 0.0427165 0.00202657  0.0018867  -0.00251233  0.00359241  -0.00231496  -0.00672154  0.0102891  0.00305745  0.00830551  0.00262633 
350 2.59106e-06 0.505155 0.000231153 0.0370357 -5.61223e-05  0.000108033  1.68015e-05  0.0001155  2.1314e-05  -4.89301e-06  -6.73827e-05  -0.00011836  -3.98686e-05  6.6113e-05 
