generation s h r distopt trait[0] trait[1] trait[2] trait[3] trait[4] trait[5] trait[6] trait[7] trait[8] trait[9] 
2 -1.30848e-06 0.455089 0.000484831 0.01 0.000150936  1.51213e-05  -0.0002126  -0.000199319  -0.000104941  6.32187e-06  -8.44018e-05  0.000215639  0.000191185  -0.000160922 
3 -8.05889e-05 -0.0263711 0.0130263 0.0200595 -0.00471916  -0.000912748  -0.000213181  0.00350453  0.00230855  -0.00582897  -0.00312599  -0.00867132  0.00271736  -0.00161262 
6 0.00150689 0.698752 0.0346128 0.0495985 -0.00326499  -0.026265  0.000493084  0.00727562  0.0107721  -0.00543717  0.00175659  0.0145349  -0.00642204  0.00657011 
8 0.00051207 0.851399 0.0268262 0.0471558 0.00535783  -0.0130761  -0.00152831  -0.0067323  -0.00360201  -0.0102366  -0.00550445  -0.0154156  0.00334936  -0.00868187 
13 0.00212285 0.584023 0.0267376 0.0852109 -0.0145962  -0.012083  -0.00858306  -0.00373776  0.00390358  0.0101916  -0.00703059  -0.00631505  -0.0072029  0.0028134 
15 0.000550998 0.615841 0.0159808 0.090233 -0.0129611  -0.0017789  -0.00069258  0.00208785  -0.00168007  -0.00235864  0.00588915  -0.00218595  -0.00332812  -0.00452435 
17 0.00175978 0.608858 0.0276959 0.105783 -0.00364482  -0.00920818  0.00252783  -0.0216642  -0.00163075  0.00922029  0.00286072  0.00721856  -0.00669707  -0.000666511 
18 0.000715632 0.505258 0.0039118 0.106463 -0.000308555  -0.00321355  0.000644324  0.00153951  0.000113354  -0.000877981  0.00110884  0.00011463  -5.42558e-05  0.000255964 
19 0.00510572 0.584583 0.0416609 0.112507 0.00244908  -0.0293495  0.0133796  0.0032657  0.00747276  -0.00416453  0.00131145  0.0207475  -0.0038241  0.0125928 
20 0.0011781 1.04221 0.0505321 0.0961761 0.0144333  -0.0209328  -0.0154385  -0.0241087  0.00424932  -0.00761493  0.00754053  -0.0212197  0.016915  -0.014769 
24 0.000636603 2.08539 0.0635134 0.124468 0.00854912  -0.0327229  0.0167358  -0.00852555  0.0120768  -0.000781442  0.0193356  0.0048748  0.0167306  -0.0413919 
25 0.00061084 0.688016 0.0214338 0.12893 -0.00462985  -0.000668667  0.00490089  -0.00144007  -0.00522074  0.00136461  -0.00569451  0.0161286  -0.00850487  -0.00417436 
28 0.00283238 0.549815 0.0238232 0.149676 -0.0107237  -0.00907248  0.0084755  0.00795049  -0.0102233  -0.00209637  0.00862712  0.00420647  0.00371515  -0.0045119 
29 0.00110325 0.691422 0.0290654 0.147898 0.000143274  -0.00903544  0.000528953  0.00243083  -0.00626118  -0.0124381  0.00754373  0.0195146  -0.00856063  0.00721313 
30 0.00155292 0.651039 0.0306361 0.151977 0.0084623  -0.00423425  0.0155864  0.00666733  -0.000545719  0.0007205  -0.00506183  0.00255991  -0.0030721  0.0227862 
31 0.00709598 0.603749 0.0543904 0.155025 -0.00810095  -0.0172422  0.0136011  0.0249947  -0.00909346  0.0327349  -0.0157355  -0.0177698  0.00808415  -0.00163823 
33 0.000599739 5.35971 0.107879 0.147604 -0.00815339  -0.0505317  0.0419438  -0.00529027  -0.000206029  -0.00919946  0.0325828  -0.0607275  0.0296359  0.0389661 
34 0.00276404 0.511415 0.0113947 0.151267 -0.00173135  -0.00779677  -0.00472388  -0.000950032  -0.000182541  0.00109366  -0.00303932  0.00540383  0.00177864  5.05435e-05 
35 0.000604134 3.8522 0.0899459 0.147838 0.00187097  -0.0132989  -0.00143958  0.0572563  -0.0209372  0.0370819  -0.00326145  0.0155226  -0.0339702  -0.0375573 
36 0.00310821 1.15902 0.0904278 0.151458 -0.0401471  -0.0207546  0.028076  -0.0253224  0.0161068  -0.0138084  -0.00426789  0.0541392  -0.0186797  0.0309331 
38 0.00334496 0.580949 0.0329653 0.15031 0.0100611  -0.00696404  -0.00923983  -0.0174829  0.0117797  0.00105622  0.00285143  -0.011981  0.0126279  -0.00974403 
41 0.00254019 1.09396 0.0776284 0.156978 0.0174847  -0.0353141  -0.00904761  0.0481156  0.0351219  -0.0170626  -0.00991736  -0.00898982  0.0175982  0.00792691 
42 0.00195268 0.579763 0.0249851 0.153979 -0.00685447  -0.0116476  0.0004993  0.00158959  0.00145961  -0.00110362  -0.00751052  0.0127555  -0.0122428  0.00815365 
44 0.00247665 0.674306 0.0415612 0.158262 -0.0240981  0.0139228  -0.0177942  0.0116282  -0.00522496  -0.00524474  0.00139549  -0.0114927  0.00744876  -0.0160189 
47 0.0114777 0.743975 0.105768 0.171574 -0.00518056  -0.0815678  -0.00217945  0.00855578  -0.0156786  0.00125502  -0.022389  -0.0181453  -0.0438377  -0.0378038 
49 0.000144335 0.554587 0.00561457 0.142816 -0.00199777  -0.000570101  0.00067209  -0.000110847  0.001112  0.003812  0.000140507  0.00254657  0.00176556  -0.00116337 
53 0.00104608 0.533951 0.0119386 0.165254 -0.00678723  0.00435385  -0.00497741  -0.00099926  0.0028635  0.000154233  -0.00216959  0.00098187  -7.33552e-05  0.00615106 
54 0.00808553 1.14837 0.144442 0.169046 0.013978  -0.0705967  -0.0194597  0.000282898  -0.0165569  -0.014984  0.0286072  0.0638682  0.0670807  0.0735488 
56 0.00125756 0.558474 0.0171677 0.152207 0.00479467  -0.00962674  -0.00645257  0.00398692  -0.00912103  0.000753625  0.00241623  -0.00265869  -0.00302992  -0.00396092 
58 0.00185373 1.16023 0.0699267 0.158213 0.0312469  -0.0238481  0.00546616  -0.00449982  0.0167038  0.00208092  -0.033204  -0.0317457  -0.0275604  -0.011887 
59 0.000334053 0.856788 0.0218333 0.157293 0.0016695  -0.00396261  -0.00284235  -0.00628162  0.00658497  -0.00919928  -0.0119816  -0.00056691  0.01088  -0.00451889 
61 0.00101394 0.526341 0.0103581 0.167315 -0.00325712  -0.00401651  -0.000323776  0.00182349  -0.00314104  0.00135631  -0.00219659  0.00445915  0.00292409  -0.00567049 
62 0.00647297 0.738621 0.078578 0.170236 -0.0225382  0.00292436  -0.00806101  -0.00597984  -0.000820525  0.0236746  0.0134603  -0.0448523  -0.0471332  -0.0241172 
66 0.016191 0.60335 0.0822382 0.179679 -0.0474031  -0.0564958  0.00740655  0.011423  -0.00351299  0.021726  -0.00504108  3.47587e-05  0.0249768  -0.00230915 
68 0.00133334 3.37158 0.123599 0.140099 -0.00077706  -0.0543056  -0.0136206  -0.0366528  0.0397084  -0.0366302  0.00821108  0.020633  0.0825802  -0.0238079 
69 0.00026415 0.518376 0.00441008 0.138724 0.000785221  0.000899943  4.31921e-06  -0.00208371  -0.0022632  0.000419669  -0.00168066  0.00193139  0.000282391  0.00132195 
70 0.00219976 0.565524 0.0240477 0.141954 -0.00635795  0.0028217  -0.00342823  -0.00201865  -0.00547579  0.00111645  -0.0143144  0.0132954  -0.0100533  -0.000328637 
71 0.00195735 1.21487 0.0747632 0.139089 -0.0283984  -0.00847709  -0.0268335  -0.019185  0.000302175  0.0446705  0.0269013  -0.00434986  -0.00431468  -0.0294336 
74 0.00103213 0.714816 0.02978 0.147765 -0.00575217  -0.0101726  -0.000701897  0.0152973  -0.0106386  -0.00590018  0.0163438  0.00801118  -0.000520315  -0.00601812 
76 0.00761935 0.548673 0.0388114 0.155927 0.00952607  -0.0133279  -0.00154041  0.00279513  -0.00476808  -0.00604124  -0.00664896  -0.000389652  -0.0166123  0.0291239 
79 0.0101399 0.567509 0.0526718 0.151208 -0.0214041  -0.036079  0.000975989  0.0072517  0.0112775  -0.0112226  0.00568201  -0.00364204  -0.0173268  0.0190276 
80 0.00523199 0.675462 0.0606171 0.120059 -0.010565  -0.020883  -0.015686  0.0142221  -0.0267477  0.0206797  -0.0142811  -0.0203104  -0.0055277  0.0298041 
84 -1.09766e-06 0.487257 0.000236534 0.126174 -3.55056e-05  8.08574e-05  -9.98603e-05  -0.000109516  -9.4148e-06  -7.37122e-05  1.00989e-05  -0.000119633  5.49711e-05  -5.67978e-05 
85 0.000299315 7.71661 0.0928955 0.134549 -0.0171637  -0.00467916  -0.0132129  -0.0352217  0.023519  -0.0537216  -0.00252322  0.0344496  -0.0145582  -0.0453178 
87 0.0017187 0.738662 0.040503 0.149702 -0.00132778  -0.0154021  -0.00940092  0.0119129  -0.00257926  0.0309357  3.61429e-05  -0.000102523  0.00961049  -0.0107314 
88 0.00738017 0.60376 0.0554769 0.151632 0.00340002  -0.0384917  0.00128499  0.0161537  0.0089472  0.0140465  0.00675141  -0.0112417  -0.0229246  0.0186298 
91 -0.000284525 0.49016 0.00335272 0.146825 -0.000639267  -0.000265706  -0.00190685  0.0013767  0.000224083  -0.00101566  0.00078242  0.0004412  0.000712991  -0.00168319 
95 0.0138215 0.603361 0.0759302 0.180276 -0.0388503  -0.0450541  0.0238981  -0.00266164  -0.00221431  -0.00390998  -0.0180707  0.00979528  0.034242  -0.0057242 
96 0.00133287 0.572987 0.0197418 0.144449 -0.00506924  -0.00889734  -0.0134502  -0.00360881  -0.00164175  0.00448177  -0.00485639  -0.00373569  0.0026524  -0.00485695 
98 -2.22455e-05 -3.36046 0.0185338 0.154671 -0.0066768  0.000434809  0.00704502  -0.00420269  0.00695531  0.00144704  0.0126497  0.00233294  0.00224906  0.00323268 
101 0.00611842 0.696203 0.069303 0.178749 0.0224274  -0.00496887  0.0296964  -0.00352812  -0.0284175  0.00721375  -0.019019  -0.0282894  -0.0145416  0.0338798 
102 0.00464224 1.814 0.155821 0.170117 -0.00612269  -0.0723305  -0.0237509  -0.0119787  -0.0772689  0.0310397  0.00484781  0.005768  -0.0127956  0.105588 
103 0.00359645 0.675908 0.0503158 0.161766 -0.0155393  0.0018113  -0.01296  0.0135361  0.0212258  -0.0244924  -0.00401272  0.0279382  0.00491191  -0.00803489 
105 0.00526308 0.522668 0.0221296 0.163727 -0.00342739  -0.013241  -0.00400163  -0.00732754  -0.00123394  0.00403661  -5.90945e-05  -0.00252634  -0.00259822  -0.0142122 
109 0.00257308 1.33111 0.0923973 0.176975 -0.0417092  -0.0479885  0.0185654  0.0118134  -0.0363534  -0.0168827  -0.0182556  0.0287263  -0.0295783  0.0192492 
114 0.00390761 0.722048 0.0589071 0.199346 0.0197333  0.00044075  -0.00514199  -0.00985546  0.0066868  0.0378706  0.000699089  -0.0314601  0.00298333  -0.0218828 
115 0.0279723 0.828749 0.191032 0.196843 -0.025019  -0.168805  -0.00794822  0.0327201  0.0299662  -0.0608768  0.0143801  0.000336721  -0.0286435  -0.0246405 
116 0.000267811 0.614331 0.0110677 0.104292 0.000884509  -0.00435258  -0.00352402  -0.000219431  0.00225596  -0.00279362  -0.00637532  0.00070992  0.00335726  -0.00499865 
117 0.00402557 0.595293 0.0392317 0.102212 -0.0105626  -0.0137757  0.00472759  -0.0230129  0.00600514  0.0101437  0.0204149  0.000503991  0.00543139  -0.0100182 
122 0.00235825 0.650714 0.0377165 0.0837699 -0.00669015  -0.00399708  0.010272  -0.0104244  0.0154443  0.0011884  0.0141119  -0.0178558  0.0129442  0.0149047 
124 0.000171724 0.568784 0.00687443 0.077931 -0.00175797  0.0019479  -0.00067085  -0.00119922  0.00136005  0.00346523  -0.00356032  0.00125196  0.00203242  -0.00250065 
125 0.000337317 0.696902 0.0162996 0.0832809 -0.00255927  -0.00657766  -0.000609196  0.00944309  -0.00126026  0.00924648  -0.0029095  -0.00340189  0.00201644  -0.00388947 
126 0.00223156 0.633124 0.0344859 0.0877059 0.00757641  -0.0220716  0.00205067  0.00788585  -0.00653566  -0.014281  0.00584985  0.0078992  0.00336253  -0.014958 
129 0.00047911 0.576171 0.0120853 0.0937196 -0.00597866  -0.00104431  -0.000956109  -0.0018172  0.00240487  -0.00500822  -0.00645108  0.00544331  0.000773436  0.00151407 
131 0.00164086 0.657047 0.0321113 0.106843 0.00392583  -0.0117055  -0.0155238  -0.0153441  -0.000921948  -0.00722828  0.00704395  -0.0129222  -0.00913755  0.0070061 
132 0.00537538 0.969179 0.100313 0.106891 -0.0385903  -0.0667557  0.0227286  -0.0378476  0.00962164  -0.0187821  -0.00848025  -0.0073843  0.0102816  0.0386096 
134 0.00117007 0.929309 0.044814 0.0835796 0.0205516  -0.0215302  0.0046759  -0.0218018  -0.00659912  0.0115297  -0.000796595  0.00760959  -0.0111516  -0.0163036 
135 0.000201627 1.29241 0.0252782 0.0791644 0.00257488  -0.00881385  0.00173848  0.0162379  -0.012297  0.00355644  -0.00673978  -0.00646785  -0.0050561  0.00336038 
137 0.000436516 2.72994 0.0623776 0.0851657 -0.0158257  -0.00182905  -0.00984287  -0.00130168  -0.00988013  -0.0042131  0.0146336  0.0431859  0.0271238  -0.024665 
138 0.00192796 0.622525 0.0307526 0.0871402 -0.00677976  -0.000492482  -0.0062306  0.0141277  0.00688643  0.0168007  -0.0151412  -0.00619153  0.00609512  -0.00516442 
140 0.000861807 0.518262 0.00795588 0.0879283 -0.00381921  -0.00294919  0.00121814  0.00144529  0.00388062  0.00203315  0.00109586  -0.00178571  -0.0035579  -0.000444853 
141 0.000182282 0.853512 0.0160543 0.0901401 -0.00332703  0.0011588  -0.00275349  0.00229421  -0.00318726  -0.00467493  -0.00775716  -0.00512006  0.0101592  -0.00329714 
146 0.00220214 0.573351 0.0254514 0.131321 0.00664475  -0.00969742  -0.00180264  0.00634415  0.0144343  -0.0152697  0.00279079  -0.00100809  0.00364051  -0.00158603 
148 0.00846149 0.633204 0.0672489 0.140927 -0.00177875  -0.0414365  0.0144167  0.0108954  -0.00560007  -0.0318508  0.0250593  -0.0201916  -0.017808  -0.00877977 
149 0.000992891 0.746452 0.031284 0.115466 -0.0024959  -0.0157217  -0.0102954  0.0106426  0.00663388  -0.00444091  0.0164954  0.00784376  0.00518421  -0.00904414 
150 -0.000231623 0.364218 0.0112179 0.118833 0.00058428  -0.00349249  0.00389355  0.000532052  -0.00765744  -0.00121345  0.00451522  0.00363185  0.00182928  0.00090896 
152 0.00246089 0.855949 0.0591692 0.135596 -0.02038  -0.0372547  -0.000697687  0.0139602  -0.026375  -0.0212075  0.00106463  -0.00513865  0.0173591  -0.005299 
155 2.55738e-05 9.39817 0.0301683 0.144924 -0.00570027  -0.00148707  -0.000652937  0.0123226  -0.00298915  0.014312  0.00850239  0.00592716  -0.0138125  -0.0145319 
156 0.00236416 1.29123 0.0864256 0.151693 0.0268657  -0.00265808  0.017562  -0.0579595  -0.00706302  0.00579692  -0.034763  -0.0126558  0.0353187  0.0193209 
159 0.0075422 0.628559 0.062372 0.167966 -0.0270825  -0.0172206  -0.0164861  -0.0318261  0.030075  0.00394805  0.0121372  0.00520733  -0.0049508  -0.0213666 
160 0.00556499 0.601157 0.0475423 0.15214 -0.0166007  -0.0319983  -0.00542183  -0.0149053  0.0200037  -0.0019627  0.00742815  -0.000707483  0.0113804  0.010956 
161 0.000579563 0.518763 0.00660694 0.13979 0.000480486  0.000866975  0.00286582  0.00379476  0.00280839  0.00112341  -0.00219995  -0.00113154  -0.000393808  -0.00215213 
164 0.00324411 0.540538 0.0230304 0.161405 0.000240837  -0.0147816  -0.00791423  -5.20448e-05  -0.00603731  0.00843568  0.00331651  0.00566112  0.00321148  0.00939349 
165 -4.89983e-05 0.496777 0.000795523 0.159034 5.43594e-06  0.00035346  -0.000334044  0.000530543  0.000286032  -4.04356e-05  -7.53491e-05  -9.64548e-05  7.96394e-05  -0.000100303 
166 0.00041244 0.626945 0.0144729 0.167411 0.000542899  -0.00190146  -0.00685476  -0.00140453  7.66535e-05  0.00955446  0.00455244  -0.0038966  0.000455619  0.0054023 
167 0.00360546 0.646811 0.0460368 0.174546 -0.0102441  -0.0130445  0.0169425  -0.0280747  0.00962538  -0.00520255  -0.0058771  -0.0159327  -0.0189653  -0.00112425 
168 -0.000141928 0.473783 0.00385941 0.172087 0.00013034  0.00053178  -0.00239311  -0.000157757  -0.000316661  -0.00103358  -0.00184473  -0.00175154  -0.00069743  0.000847073 
170 0.00201138 0.733321 0.043323 0.189398 -0.0172522  -0.0037981  0.000265953  -0.0132534  -0.0175647  0.027117  -0.00957953  -0.00331268  -0.0137452  0.00731877 
171 0.00285813 0.535351 0.0201899 0.192503 -0.00772081  -0.00836563  0.0097471  0.000255499  -0.00379276  -0.00286712  0.00386226  -0.00289493  -0.00915131  0.00730177 
172 0.00670906 0.564338 0.0417469 0.193383 -0.0113183  -0.00755776  -0.0127054  0.0202162  0.0189834  0.00755233  -0.00195435  0.00442251  -0.0137303  -0.0189249 
177 0.0191711 0.581526 0.0797992 0.220579 0.00942661  -0.0479188  0.00680385  0.0375695  -0.00244082  -0.0174804  -0.00634045  -0.0252258  -0.00194524  -0.0391566 
178 0.00049203 1.1699 0.0363045 0.181597 -0.0119781  0.00289961  -0.00711927  0.00950783  0.00448918  0.0250708  -0.00943106  -0.0106548  -0.00839802  0.0101664 
179 0.00857573 0.5844 0.0540207 0.189715 -0.0152031  -0.0206957  0.0227618  0.0106297  -0.00174841  -0.00756898  -0.00639191  0.0161311  0.0351445  -0.00558108 
181 0.00428609 0.704038 0.059146 0.184683 -0.00979678  -0.021703  0.0356845  -0.00421582  -0.0189818  0.0152283  -0.0322432  -0.000194466  0.0015301  0.00242555 
185 0.0026427 0.878436 0.0632185 0.208952 0.0266369  -0.0117745  -0.0115995  -0.00185693  0.0318137  -0.00133752  0.0312109  -0.0226117  -0.0127668  -0.0186579 
187 0.00104274 0.975767 0.0445356 0.221264 -0.00499327  0.000878411  -0.0121678  -0.0141535  0.00964995  -0.0123776  -0.0261669  0.00310958  -0.00149135  0.025815 
188 0.00324081 0.750715 0.0569977 0.228418 -0.0168483  0.000682495  0.0126563  0.0253605  -0.00436142  -0.018954  0.0261484  0.0279292  0.00968306  0.0150083 
190 0.00184791 0.54885 0.0190377 0.240644 -0.0128214  -0.00412192  0.00184331  -0.00590264  -0.00316574  -0.00843404  0.000349865  0.00360182  0.00166892  -0.00676632 
192 0.0170358 0.596078 0.0814198 0.256011 -0.00924672  -0.0437526  -0.0291897  -0.0106815  0.0190211  0.0228661  -0.00941025  -0.0492179  0.0162512  -0.00188235 
193 0.00336372 0.63689 0.0429414 0.229772 -0.00883305  -0.0129033  0.0104238  -0.00585396  0.015043  -0.00699247  0.0178778  0.00794941  0.0168273  0.0227017 
195 0.00901657 0.555267 0.0449902 0.240289 0.00834896  -0.0192734  0.00854203  0.0238492  0.014091  0.0119261  0.00528842  0.015761  -0.0106145  -0.0145383 
196 0.0019941 2.35158 0.121363 0.229967 -0.00831142  -0.0236437  -0.0528252  -0.0582191  -0.0151707  -0.00316319  -0.0679043  0.0486997  0.0252362  0.00783254 
198 0.00859451 0.692215 0.0813074 0.242357 -0.0101541  -0.0391535  0.00246431  -0.0257574  0.0252103  -0.0460447  0.0314328  0.0147081  -0.0124813  -0.0137647 
200 0.0138848 0.626959 0.0842114 0.239176 0.0420733  -0.0314922  -0.011127  0.0141764  -0.0144912  -0.00400996  0.0376756  -0.0134886  -0.0285736  0.036891 
202 0.00261812 0.804904 0.0564897 0.216422 -0.0115558  -0.00370869  -0.0192352  0.0307949  -0.00582525  0.00111165  -0.0264074  0.030504  0.00758085  -0.0022325 
204 0.00677485 0.668089 0.0675275 0.210295 -0.0389783  -0.00794075  0.021603  -0.000152782  0.0286102  0.0364984  0.00709301  -0.0159922  0.00653762  -0.00337751 
205 0.00902084 0.627428 0.0679344 0.193576 -0.0200741  -0.0415856  0.00257626  0.0176648  0.01694  -0.0048838  -0.0162554  -0.0301716  0.0148846  -0.0213809 
209 0.00477192 0.561622 0.0344179 0.168794 0.0022667  -0.0220576  0.00458802  0.000904088  0.00894296  0.0163819  0.00553014  0.00514974  -0.0141489  -0.00808776 
211 0.000313066 0.956143 0.0238983 0.154048 -0.00877913  -0.00912066  0.00443457  -0.00930696  0.00576348  0.00808463  0.00491454  -0.00793903  -0.00785889  -0.00755399 
212 0.00469541 0.586558 0.0404046 0.153029 0.0037109  -0.0133858  0.0208321  0.0218439  -0.00759101  0.0154389  -0.0130645  0.00754398  0.000672097  0.00210386 
214 0.00293351 0.531842 0.0194257 0.13687 0.00113863  0.000426053  0.00726598  0.00348139  -0.0137654  0.00215216  0.00494425  0.00636252  0.000982237  0.00713831 
216 0.00370396 2.45998 0.169963 0.125715 0.0402788  -0.0388635  0.0116948  -0.00640378  -0.136225  0.0282865  0.0627916  0.0325402  -0.0241388  -0.0252023 
218 0.00391787 0.597265 0.0390982 0.110032 0.00201439  -0.0239069  0.0145665  -0.00202237  0.00842  -0.0216856  -0.0129595  -0.00456033  -0.00121118  0.00232865 
219 0.00249716 0.581347 0.0285406 0.0905365 -0.0140719  -0.00880965  -0.00420712  -0.00178879  0.00465488  -0.00860045  0.0082877  -0.0112736  -0.0105668  0.010722 
222 0.00185079 0.681892 0.0366989 0.0755169 -0.0152577  -0.000532698  -0.0103349  0.0153778  0.00989087  0.00636126  -0.00487564  0.00407007  -0.00553165  0.02369 
225 0.000308896 0.552464 0.00805364 0.0620784 -0.00112101  0.00219135  -0.000720649  0.000694688  0.00453857  0.000472529  -0.00330167  0.000834581  -0.00031245  -0.00502825 
226 0.00191677 0.785435 0.0467717 0.0595389 -0.00776913  0.000962887  -0.00617666  0.00606242  0.00673397  -0.0148106  -0.0106876  -0.0270452  0.0231613  -0.0201144 
227 0.00047596 0.757009 0.0221195 0.0403726 -0.00133554  -0.00666411  -0.00163235  0.00582411  0.00838518  -0.00423701  -0.0113086  -0.00832332  0.00835025  0.00716515 
231 -0.000216571 0.372109 0.0105273 0.033972 0.000266042  -0.00146694  0.00566258  -0.00298471  0.00152831  -0.00290759  -0.00616392  -0.000516355  0.00197291  -0.00383206 
232 4.21268e-07 0.504129 8.34133e-05 0.0370228 2.93906e-05  4.31472e-05  8.48295e-06  3.58626e-05  8.19875e-07  -1.20449e-05  1.52097e-05  -2.25785e-05  -2.47723e-05  -3.70628e-05 
235 5.28522e-05 0.528485 0.00245424 0.0370171 -0.000779528  -0.000311137  0.000325915  -0.0012609  -0.000469045  0.000334981  0.000811171  -0.000178802  -0.000198618  0.00160034 
237 8.77237e-05 0.919512 0.0121326 0.0362963 0.00342194  0.0069521  -0.00588194  0.000222459  0.00300526  -0.00138408  0.00218372  -0.00121161  0.00457787  0.00379086 
239 -1.24176e-06 -13.6324 0.00837828 0.0350671 0.00403324  0.000852075  -0.00164511  -0.00043382  -0.00411388  -0.00215769  -0.000409743  -0.00516263  0.00115811  0.000752632 
241 7.94844e-05 1.10588 0.0138789 0.0350848 -0.00192053  0.00109517  -0.00543611  -0.00276601  0.00142014  -0.00867326  -0.0075603  -0.00309276  -0.0018032  0.00182138 
243 0.000223599 1.66833 0.0323222 0.0339332 -0.00361526  0.00896981  -0.00521596  0.0147663  0.00848497  0.00666813  0.000751822  0.0133744  -0.00900265  0.0181383 
245 -9.89894e-06 0.33168 0.00258164 0.0304612 0.00137328  0.000623523  0.000946669  0.00125623  -0.000929013  0.000384579  -7.81157e-05  8.83569e-06  -0.000116789  0.000940787 
247 0.000590834 0.712947 0.0224334 0.0306233 0.00252498  -0.00181279  0.00764537  -0.0146141  -0.00385992  -0.00707375  0.00219722  -0.00649028  -0.00653746  -0.00818208 
249 -0.000695482 0.133453 0.0319402 0.0186313 -0.00591714  0.00664779  0.0102707  0.00181165  -0.0087978  0.0185402  0.00829312  0.0179594  -0.0036752  -0.00249713 
250 -0.000553404 0.16317 0.0273112 0.0322932 -0.00620418  -0.014642  0.0105617  0.00140147  -0.0104565  -0.00254439  -0.00659225  0.00557128  -0.0137525  0.000263662 
251 -1.22722e-05 -0.202176 0.00587104 0.0399551 0.0029522  0.00256965  1.12757e-05  0.002995  0.000750243  0.00180489  -0.00138504  0.000736107  -0.00178374  0.000847296 
252 1.40673e-06 2.91292 0.00368474 0.0401083 -0.000367021  0.00232685  -0.000570351  -0.000140769  -0.000356578  0.00123307  0.00094494  -0.00106083  -0.00142398  0.00141056 
253 -0.000433287 0.320087 0.0176625 0.0400908 -0.000922237  -0.000849537  -0.00201831  0.0040236  -0.0018381  -0.0083642  0.00426218  0.00430995  0.0013344  -0.0133517 
254 4.94467e-06 1.08204 0.00339292 0.0451736 -0.000685026  -0.000923941  -0.000636135  -0.000578189  0.00159356  0.000205313  -0.00174671  0.000372622  -0.000515822  -0.0018473 
255 -0.000174921 0.343933 0.0104509 0.0451188 0.00255443  0.00326611  -0.000876301  0.0008396  0.000171673  -0.00245874  -0.00255422  -0.000680493  0.00436663  -0.00764371 
257 -0.000141661 -1.25203 0.0315077 0.0470175 0.00397099  0.00572416  -0.0182159  0.0119626  0.0111745  0.00762115  0.00245386  -0.0124997  0.00266252  -0.0108154 
259 -2.70512e-05 -0.133813 0.00828144 0.0485007 -0.0016776  0.00203098  0.00370893  -0.000597806  -0.00360474  -0.00371063  0.00016691  -0.00153464  0.00427746  0.000294698 
261 -0.000297209 -0.584085 0.0359002 0.0487788 0.00237063  0.0034893  0.00976663  -0.0153929  0.0135096  -0.00645262  0.000585623  0.0157328  -0.0209791  0.00515442 
263 -5.99093e-06 0.492862 0.000413618 0.0517361 -6.34886e-05  9.75012e-05  -0.000220032  -0.000154815  9.95798e-05  -1.69443e-05  0.00016652  8.94503e-05  0.000158895  -0.000118234 
264 -4.8099e-05 0.375874 0.00488703 0.0517939 0.000786497  0.0021659  -0.00113066  0.000799837  0.000741416  0.00195435  0.000784211  -0.000388812  -0.00293719  0.00170081 
268 0.00018403 1.08619 0.0207717 0.0522562 0.0126379  -0.00794354  -0.0072084  0.0102698  0.00202845  -0.000316503  0.00481421  -0.00446822  -0.00176701  0.000860036 
269 0.00169047 0.724248 0.0389383 0.0504648 -0.00887418  -0.00195268  -0.00877831  -0.00485453  0.000130602  -0.00948962  -0.0123622  -0.00528266  0.0221001  0.0239539 
270 1.12263e-05 0.504669 0.000457964 0.0292858 8.94428e-05  6.18702e-05  -7.87996e-05  0.00014229  -8.43052e-05  0.000258706  -0.000116664  -0.000259486  7.64424e-05  0.000103074 
275 -0.000558734 0.168714 0.0272158 0.0290935 0.0152772  0.00713456  -0.0111418  -0.00757267  -0.00216386  0.00735131  0.0107806  0.00510007  -0.0056778  0.00645959 
276 2.97763e-05 0.507617 0.000952735 0.0374876 -7.20702e-05  -0.000424741  0.000147375  -0.000276605  9.47706e-05  0.000565351  -5.09064e-06  -5.78435e-05  0.000352565  0.000409387 
277 2.85313e-05 0.831997 0.0061554 0.0370884 -0.00207538  0.00221461  0.00077192  0.000336758  0.00187781  0.00214522  -0.00364657  -0.000224988  0.00199178  0.00158886 
278 -0.000197596 -0.290243 0.0249926 0.0367017 -0.0145331  -1.22856e-05  0.00740225  0.00845322  -0.000191934  0.00513341  0.00109323  0.000919591  -0.00938351  -0.0130648 
279 9.79585e-05 2.13137 0.0252814 0.0393018 0.0134268  -0.00163885  0.00972256  -0.0138573  0.00199553  0.0115789  -0.00452938  -0.00041395  0.00314312  0.0010065 
281 2.36508e-05 0.517566 0.00128922 0.0380352 8.38018e-05  0.00028603  0.000181976  -0.000285555  -0.000433837  0.000163843  0.00060746  -0.000886343  -1.72493e-05  -0.000297706 
283 0.000162549 1.55234 0.0261559 0.037723 -9.87388e-05  0.00587657  -0.00308317  -0.0120047  -0.0147324  0.000716739  0.00600648  -0.0147125  0.00491299  0.00131848 
284 0.000205005 0.651866 0.0111597 0.0355034 0.00509244  -0.00201825  -0.000736643  0.00209634  0.000953911  -0.0047359  0.00103099  -0.00554688  -0.00255294  0.00528288 
285 5.99875e-05 0.775491 0.00813039 0.0324886 -0.0030807  -0.000590029  -0.0039613  0.00269002  -0.00446135  -0.000721259  0.00189449  -0.00244679  0.00081095  -0.00163675 
287 3.20624e-05 0.733473 0.005472 0.0315519 -0.00217559  0.00150918  -0.00239557  0.00157246  0.00178726  -0.00180825  -0.000752454  0.000141963  0.00045899  -0.0027312 
289 9.17675e-06 0.510081 0.00060834 0.0310397 -0.00019749  9.61838e-05  0.00030346  -0.000177418  0.000244821  7.54619e-05  -0.000214211  -2.94375e-05  -0.000135932  0.000259607 
294 7.44861e-05 0.510878 0.00180103 0.0308915 -0.000255823  -0.00107939  0.000354231  -0.000862368  0.000290277  -0.000914679  -0.000144776  0.000368038  4.68893e-05  0.000254 
297 0.000716171 0.855002 0.0318862 0.0296614 -0.0138045  -0.0193659  0.00666274  -0.000736526  0.00480148  -0.0136635  -0.0111756  0.00599695  0.00588965  -0.000952059 
299 -1.55809e-05 0.260616 0.00386258 0.0128018 0.0014368  -0.000135523  0.00237275  0.000364245  0.000804021  -0.00104977  0.00101257  0.00157728  0.00106833  0.000819288 
300 -0.000677623 0.302417 0.02315 0.0133965 0.0113744  0.00754121  -0.00606007  -0.0133674  -0.00103328  -0.00476227  0.00192797  0.00681252  -0.00141534  0.00764102 
302 -0.000103782 -0.321603 0.0184683 0.02928 -0.000415785  -0.00114184  -0.0105177  0.00205587  0.00284955  -0.00694672  0.000803886  -0.0116156  -0.00564525  -0.000969794 
303 -4.77333e-05 -0.202324 0.0115801 0.0310017 -0.00145517  -0.00396993  -0.000816493  -0.000731887  -0.00358782  0.000283985  -0.00788152  -0.00433659  -0.00439942  0.00133666 
304 1.70609e-05 0.62198 0.0028852 0.0317623 0.000764882  -0.000684703  9.41025e-05  -0.000602438  0.000247125  -0.000233148  0.000713209  0.00027666  0.00248939  3.24246e-05 
305 -1.70815e-06 -6.42658 0.00687941 0.0314925 -0.00276394  0.0003544  -0.000866822  0.000483275  0.00360825  0.00180645  -0.000396205  0.000305102  -0.00216482  0.0041662 
306 -0.000114307 0.482189 0.00285497 0.0315196 -0.000834582  0.000916368  -0.000450233  -0.000518223  0.00104596  -0.00066207  -0.00125716  -0.00079972  -0.00141135  0.000631722 
309 -0.000262873 0.435709 0.0082246 0.0332837 -0.000758318  -0.000417054  0.000236351  3.04071e-05  -0.000673192  -0.00285028  -0.00364758  0.000636975  -0.00603999  -0.0028406 
310 -0.000232914 -1.16074 0.0393338 0.0370231 -0.0132495  0.0148264  0.000550013  0.0231074  0.00412823  0.00626758  -0.00249902  -0.00890779  0.00478719  -0.0212764 
311 7.41867e-05 2.5291 0.024537 0.0400456 0.0172548  -0.00953854  0.0110937  -0.00121725  0.00437283  0.00125862  -0.00344812  -0.00130493  -0.00656676  -0.003373 
312 -2.77774e-06 0.478731 0.000486132 0.0391084 0.000292734  0.000103908  0.000163498  8.56783e-05  0.000127162  -0.000119759  0.000186427  9.15039e-06  0.000172768  -0.000102773 
314 -1.92624e-05 0.420505 0.00247493 0.0391439 -6.35904e-05  -0.0007141  -0.000310342  -0.000475752  0.000528229  0.00031822  0.00137136  0.000771643  -0.00084763  -0.00130914 
316 1.74591e-06 0.500738 7.17771e-05 0.0393892 2.49722e-05  7.22046e-06  2.69501e-06  -1.02667e-05  -1.06507e-05  -1.18682e-05  -1.44726e-05  4.66373e-05  -5.85092e-06  4.11159e-05 
318 -0.000214469 0.0508159 0.0196313 0.039367 0.0093529  -0.00298494  0.00363403  0.0111399  -0.00901995  0.0061687  0.00057184  0.00315211  0.000942008  -0.0045976 
319 -1.02574e-05 0.487773 0.000708329 0.042003 -0.000319586  -6.21334e-06  8.0108e-05  -0.000187777  -0.000171953  0.000209428  1.36444e-06  -1.32287e-06  -0.000492993  -0.000203485 
320 -2.62724e-05 -0.0310561 0.00747055 0.0421249 0.00132347  -0.00138296  0.00132171  -0.00645353  -0.000301041  2.80093e-05  -0.00191596  0.000881698  0.000449075  -0.00200219 
322 -0.000518221 0.450049 0.0101835 0.0424356 -0.00139048  0.00464566  6.23972e-05  0.00152204  -0.000861445  0.00259537  -0.00748128  0.00133554  -0.000501586  -0.00351906 
323 0.000169041 0.528416 0.00438483 0.0481574 -0.00100617  -0.000102456  -0.00107112  -9.95757e-05  -0.00181705  0.00239751  0.00205423  0.00186146  -0.000267444  0.0004904 
326 0.000220486 1.351 0.0273936 0.0463693 -0.00887829  -0.0152116  -0.00929245  -0.00384146  -0.00700021  -0.0113942  0.00572957  -0.0108649  0.00254421  0.00170572 
327 0.000633865 0.98494 0.0350595 0.0439278 -0.00700316  0.00259589  0.00886581  -0.00472759  -0.00250682  0.00034016  0.0294531  0.00602796  -0.00505719  0.0116891 
329 -0.00016318 -0.394968 0.0241698 0.0359998 -0.00826297  0.00487018  -0.00933819  -0.00121703  -0.00535913  0.00649933  0.00217658  0.0158699  -0.00279446  0.00825479 
332 0.000393963 0.622759 0.0139099 0.0381992 0.00439475  -0.00265063  0.00469162  0.00235841  -0.00394826  -0.00352192  -0.00688029  -0.00324924  0.00673408  -0.00288715 
333 0.000143748 0.529399 0.0041126 0.0326388 0.00195269  0.000149627  -0.00159307  0.000107108  0.000886518  0.000819239  -0.00189213  0.000665344  0.000686752  0.00213943 
335 5.55749e-05 0.736674 0.00725343 0.0303571 0.000607367  2.42647e-06  1.66457e-05  -0.000925521  0.00535422  -0.000809358  0.00198465  -0.000634905  -0.00329326  0.00262225 
337 3.69169e-05 1.51265 0.0122282 0.0294276 -0.00608094  0.00366544  -0.00435987  -0.00216608  0.00469561  0.000895019  0.00361822  0.00236659  0.00383186  0.00438077 
343 -0.000580948 0.30355 0.0213725 0.0287935 -0.00196448  -0.00371541  -0.00744168  -0.0107881  -0.00581284  0.00171456  -0.0107902  0.0072585  0.000433145  -0.00783107 
346 -0.000248347 -0.213645 0.0266267 0.0375524 0.00319154  0.0105822  0.00747558  -0.0060358  -0.00832893  -0.0114001  0.00602465  -0.0145442  0.00683224  0.000810972 
349 5.29653e-06 4.22084 0.00887858 0.0407254 0.00172077  -0.0025623  -0.00196876  0.00268876  0.00352454  -0.00484731  0.00223661  -0.00228945  0.00262175  -0.00227175 
350 -0.000110645 0.43333 0.00543271 0.0406603 -0.000434645  0.00187483  -0.00111092  0.00285065  0.000132719  -0.001997  -0.000709029  0.000433925  -0.00342347  -0.000182554 
352 -0.000101234 0.273345 0.00958071 0.041999 0.00233715  0.000259783  0.00309412  0.0024936  -0.00400665  0.00223332  0.00455831  0.0031607  -0.00422948  0.00087801 
353 -0.000133925 0.477624 0.00346357 0.0431874 -0.000833155  0.00010496  0.000389168  -0.000838685  0.000649108  -0.00297686  -0.000489402  -0.000140814  -0.000927111  0.000185384 
354 2.6989e-07 0.500256 1.66267e-05 0.0447112 -6.95121e-07  -1.63097e-06  8.96316e-06  1.60523e-06  -1.52181e-06  9.93524e-06  6.19586e-06  4.42167e-06  -3.73406e-06  -4.18103e-06 
356 0.000401112 2.62526 0.0583765 0.0447081 -0.00146953  -0.0209593  -0.00886796  -0.000284342  0.0238587  0.0304134  -0.0259309  0.0249869  0.0088643  0.00425445 
357 -0.000323694 0.439047 0.00888737 0.0399723 0.00329745  0.00325996  -0.00131048  -0.00301295  -0.000458949  -0.00250181  -0.00434853  0.00412202  0.00062227  0.00198287 
358 8.9928e-05 0.883389 0.0117433 0.0438353 0.00177032  0.00190378  -0.00146388  -0.00713644  0.0030822  0.000876187  0.00317173  -0.00618966  -0.00297729  0.00325133 
359 0.000879592 1.20015 0.049618 0.0427973 -0.00178864  0.0118095  0.0116159  0.0330334  -0.00435126  0.0188468  0.00411757  -0.0250524  0.00311453  0.00804588 
361 -2.03764e-05 0.188357 0.00503995 0.0308611 0.000223042  0.00292668  -0.00228918  -0.00194704  0.00140639  -0.0012092  0.000759156  1.83048e-05  -0.00112602  0.00157159 
363 0.000140591 1.29637 0.0211613 0.0311894 -0.00617002  -0.00942568  0.00989535  -0.001297  0.0102946  -0.00246181  0.000648712  0.00731011  -0.00217709  -0.00711695 
365 -0.00038603 0.322258 0.0165702 0.0288479 0.00217968  -0.00517063  -0.00459865  -0.00553077  -0.0027754  0.00814026  -0.00104948  -0.00965372  -0.00218825  0.00427772 
367 0.000115486 0.523195 0.00327426 0.0349042 -0.00113892  0.00078048  -0.00120928  -0.000509325  -0.000304723  -0.00201455  0.00160393  0.00039119  -0.00017317  -0.000431148 
371 7.98166e-06 0.506071 0.000440298 0.0332088 0.000206937  0.000212866  3.83704e-05  -1.31754e-05  -0.000248303  7.80036e-05  -1.69111e-05  -0.000125533  7.90636e-05  -0.000118521 
374 0.000124096 0.543943 0.00467109 0.0330884 -0.000985023  0.000443011  -0.000451286  0.000647792  -0.00123942  -0.00177988  0.00268808  -0.0023504  0.00160456  -1.69135e-05 
375 9.65537e-06 1.03925 0.0045636 0.031157 0.00135637  -0.000345456  0.00173858  -0.00103242  -0.000652213  0.0010633  -0.00301347  0.0016645  0.00113261  0.000297416 
376 -0.00121954 0.162012 0.0406222 0.0310016 -0.0157455  0.000406678  0.0278784  -0.0193118  0.00142602  -0.00325664  0.0118842  -0.00385221  -0.00128927  0.0090305 
380 4.85066e-05 0.521911 0.00206213 0.0467052 0.000328819  -0.00108438  -0.000337215  -0.000373401  -0.00104729  -0.000392856  -0.00079524  0.00037501  -0.000678519  -0.000480252 
381 -0.000266678 0.369264 0.0118114 0.0461831 -0.00221253  -0.00130114  -0.000657296  -0.00265752  0.00147708  -0.005749  -0.00558882  -0.000641203  -0.00733482  0.00217893 
383 0.00130111 0.706169 0.0327567 0.0489856 0.0105886  -0.0013888  -0.0129544  -0.00406262  0.00217222  -0.0160416  0.00363217  0.00161809  0.0167369  -0.0147188 
386 -0.000111362 0.48099 0.00291114 0.033156 -0.000394308  -0.000965624  -0.000113782  -0.0017372  -0.000897516  0.000597509  -0.000891957  -0.00109849  0.00102182  0.000383541 
396 0.00031332 0.593203 0.0108092 0.034795 0.00574417  0.000737649  -0.00191727  0.00136074  -0.00441732  0.00402095  -0.00152597  0.0036497  -1.96083e-05  -0.00514213 
397 0.000130942 0.57216 0.00614826 0.0299569 0.00271455  0.000693785  -0.000274367  0.000928947  -0.00216583  -0.00016849  0.00217208  -9.77287e-05  0.00193563  0.00397737 
401 -8.2616e-05 0.388693 0.00606528 0.0276855 0.000919587  0.0001578  -0.00445778  -0.00122758  -0.000925429  0.0028533  0.00186942  -0.00108608  0.000516253  -0.000774458 
402 -0.000441391 0.220229 0.022229 0.0291394 -0.00400382  -0.0031299  0.012188  0.004545  0.000213166  0.00614425  0.00373424  -0.00336035  -0.0142621  -0.00571462 
403 2.50334e-05 0.789193 0.00538125 0.0359248 0.00113038  -0.000744825  -0.00295814  -0.00269549  0.00144114  -0.000339584  -0.000150401  0.000580711  0.00278395  0.00089809 
404 4.75213e-05 5.9662 0.0322317 0.0355747 0.00521209  0.0111927  -0.00115897  0.0113531  -0.0122462  -0.00175648  0.0104098  0.00121055  -0.00512817  0.0216108 
405 -0.000529127 0.402799 0.0143498 0.0349004 -0.00159486  -0.00939124  0.00164538  -0.00616809  0.000596541  0.00640197  -0.00136898  0.00491671  -0.0018778  0.0018734 
411 0.000295841 0.69384 0.0151455 0.0418008 0.00276429  -0.00143482  -0.00379082  -0.00420145  0.00525678  -0.00503136  -0.00713787  -0.00622644  0.00648843  0.00170253 
412 2.40628e-06 0.535888 0.000587732 0.0380987 -0.000182159  -0.000311817  -0.000200624  6.54777e-05  -0.000151959  0.000101482  -0.000227916  8.80966e-05  0.000271869  5.89085e-05 
413 0.000303917 0.604805 0.0112886 0.0380671 -0.00646872  0.00423966  -0.00343493  0.00319131  0.000945247  -0.00421533  -0.000168954  -0.000613541  0.00511452  0.00063613 
414 -8.9459e-06 0.445622 0.00139496 0.0338413 0.00106481  -0.000303728  5.55925e-05  -3.84108e-05  0.000411843  0.000237397  -0.000151363  -0.000613057  -0.000266567  0.000139563 
415 -3.47988e-05 0.0853908 0.00759689 0.0339732 0.00223725  -0.00285621  -0.000715495  0.00477777  -0.00109085  -0.000967074  0.000685441  -0.000695647  -0.00313303  0.00288368 
417 -0.000646436 -0.0870046 0.0389648 0.0344816 0.00171794  -0.0021173  -0.00128785  0.00613365  -0.0164837  -0.00193067  -0.00473463  0.0327213  0.00971595  0.00293213 
418 0.000826802 0.605031 0.0186425 0.0428442 0.00422855  -0.00075874  0.00238674  -0.00592548  0.00463428  -0.000226089  -0.00534895  -0.0107881  -0.00358232  -0.0104366 
421 1.94095e-05 0.547258 0.0019155 0.0317673 -0.000239458  -0.000892223  2.58699e-05  0.000809394  -1.70314e-05  -1.09672e-05  0.00109326  9.4142e-05  0.000601753  -0.000770308 
422 -0.000325433 0.466838 0.00657475 0.0314603 0.00222907  -0.000232548  0.00258022  -8.82946e-05  -0.00347864  0.000326101  -0.00132053  0.00213639  -0.000430635  0.00358308 
423 -0.000397965 0.396103 0.0128646 0.0362662 -0.00035309  -0.00498363  0.00334736  -0.00171821  -0.00803357  0.00168942  -0.00238736  -0.00485428  -0.00257385  -0.00480623 
425 0.000460045 0.63397 0.0157025 0.0413918 -0.00572797  0.00625479  0.00592984  0.00168708  0.00591274  0.00369089  -0.0039185  -0.00106266  0.00206183  -0.00820429 
426 0.000150146 0.648932 0.00945779 0.0354026 -0.00153459  -0.00230095  0.000362141  0.000229172  0.00200679  -0.00811961  0.000801738  -0.00268273  -0.00183703  -0.000668496 
428 -0.000903849 0.158419 0.0351529 0.0332146 0.00372355  0.0064354  0.00993584  0.017599  -0.00143767  0.0213751  0.0104855  -0.00770521  -0.00999053  0.00662695 
429 -4.13491e-05 0.370492 0.00462833 0.0448048 0.00251797  -0.00141994  -0.000815488  -0.00137136  0.000556689  0.000522936  -0.00035963  -0.00135069  -0.00255843  -0.00119863 
431 -1.14312e-05 0.467722 0.00121491 0.0452638 -0.000310171  -0.000468322  0.000199474  -6.95696e-05  6.2883e-05  0.000439465  -0.000347909  0.000649603  0.000611451  -4.30694e-05 
432 0.0010095 1.26285 0.0554811 0.0453899 0.00389012  0.00530401  -0.0118479  -0.00224557  0.0266554  -0.025845  -0.00881381  -0.00897716  0.0367057  0.00232737 
433 -0.000191489 0.371736 0.00991316 0.0324231 0.00578015  -0.00533984  -0.00186099  8.10758e-05  0.0011686  -0.00474305  0.000781064  0.00220243  0.00170449  -0.00080535 
436 -0.000255005 0.371123 0.0114675 0.0352528 0.00545504  -0.00424762  0.00240573  -0.00388443  -0.00304967  0.00547258  -0.00152859  0.00398195  0.00165143  -0.00163058 
440 3.16341e-05 0.901351 0.00712635 0.0387014 -0.000959619  -0.000169541  0.000698005  0.00521471  0.0027142  -0.0027934  0.00252943  0.00025651  -0.000543978  -0.000474563 
441 0.000361722 1.41435 0.0363672 0.0382905 -0.00718685  0.0108919  -0.0115  0.00164096  -0.0207416  -0.0181336  -0.00102575  0.0125722  -0.00958562  0.00270369 
448 -4.67284e-06 -6.30994 0.0112821 0.0332342 0.00752879  0.00337738  0.00582533  -0.00231243  -0.000658181  0.00320489  0.000406032  -0.000892766  -0.000760667  -0.00276933 
450 -0.000361202 0.374939 0.0134456 0.0333044 0.00398505  -0.000702653  0.00802043  0.0067791  0.000745242  -0.000915517  -0.000337561  0.00363811  -0.00129264  -0.00614093 
451 -9.21642e-06 0.494233 0.000461129 0.0383464 -7.05875e-05  -5.92681e-05  0.000212609  5.14268e-05  5.93053e-05  0.000170234  -5.28408e-05  0.0002027  0.00027861  4.79347e-05 
453 -8.70853e-05 0.335409 0.00757229 0.0384664 -0.0022044  0.000771437  0.00211277  -0.000854931  0.00300281  -0.00178914  -0.00110636  0.00156573  -0.000136189  0.00554783 
454 0.000193838 0.610245 0.009246 0.0395823 0.000509074  -0.000659842  6.01535e-05  0.00174307  0.000676883  0.00159127  -0.000187657  -0.00799371  -9.46719e-05  -0.00384943 
455 -0.00027682 0.252045 0.0165717 0.0370531 -0.00418226  -0.00954577  0.00577087  0.00037722  0.00722069  -0.000735692  -0.0062221  -0.000539004  -0.004866  0.00414749 
457 5.20567e-05 1.06731 0.0108685 0.0406176 -0.00543446  0.00448338  -0.00270419  0.00329627  -0.00467352  0.000221502  -0.0015727  0.000934666  0.00165845  0.00472491 
458 -7.90861e-05 0.422067 0.00496565 0.0399717 0.00150327  0.000397795  0.00139417  0.000782275  0.00353291  0.0014595  -0.000806418  0.00124787  0.00164074  -0.000415718 
460 0.000448916 0.644588 0.0161141 0.0409491 -0.0042271  -0.00636616  -0.00138772  0.000162318  0.00664183  0.00858712  0.000921469  -0.00552357  -0.00531109  -0.00467951 
461 -0.000270229 0.35604 0.0124765 0.035043 -0.00811417  -0.00319269  0.00239991  0.00375293  0.00072426  0.00124894  0.000743929  0.00720214  -0.00211768  -0.000890171 
462 0.000411711 0.652526 0.0158497 0.0387076 -0.00689025  0.0103507  -0.000264167  -0.00125928  -0.00290749  -4.39065e-05  0.00450236  -0.0017607  -0.00295348  -0.0073752 
464 3.93437e-05 0.663645 0.00507481 0.0329644 0.00148409  0.000981096  -0.00147938  0.00290312  0.00060562  0.00199701  -0.000305449  -0.002647  0.00071855  3.10959e-05 
465 8.16549e-05 0.692401 0.00792732 0.0323621 -0.00113045  0.000301458  7.14917e-05  -0.00531656  0.00397394  -0.000284631  0.000384155  0.00219346  0.00200052  0.00289284 
468 -0.000830172 0.351278 0.0222347 0.031075 -0.00387071  0.0174563  0.00159805  0.0122261  -0.000435784  -0.00351271  6.91857e-05  -0.00239324  0.00205713  0.000388772 
471 -4.07125e-05 0.141215 0.00764394 0.0423813 -0.00428083  -0.00231903  0.000713397  6.24797e-05  -0.00221796  -0.000487146  0.00305165  -0.00381748  -0.000305589  -0.0022534 
479 -0.000179451 0.341932 0.010653 0.0428589 0.00397108  -0.000124533  0.000473473  0.00177958  0.00147937  -0.00377113  -0.00187473  0.00415849  0.00149248  -0.00740712 
480 2.14623e-05 0.519582 0.00129665 0.0449038 5.66879e-05  -0.000591731  0.000125578  0.000256739  -0.000245327  0.000958928  0.000142788  0.000379164  0.00019687  0.000252229 
482 -0.000363354 -0.233061 0.0326429 0.0446642 -0.0120506  0.00520468  -0.00144351  -0.0108682  -0.00113421  0.0112254  -0.0131892  0.00690718  -0.0129228  0.0160342 
483 -0.000162532 0.0818657 0.0164884 0.0485625 0.00337557  -0.000575015  -0.000450705  0.00136957  -0.0013415  -0.00175176  0.00102044  0.0102623  0.0119233  0.00216179 
484 0.000173337 0.806963 0.0145884 0.0502081 0.00444121  -0.00750172  -0.00427462  0.00337412  -0.00402077  -0.0015463  -0.00282172  0.00285103  -0.0084985  -0.000540976 
487 0.000660443 0.738462 0.0250983 0.0484514 -0.00135122  -0.00656253  -0.000419542  -0.00508506  0.00833296  0.00901615  0.0155939  -0.00811831  -0.00904258  0.00417395 
489 -5.51297e-05 0.446566 0.00343294 0.0410769 -0.00188255  -0.000746806  -0.000451025  -0.00107582  -0.00174795  0.000977642  -0.000548323  7.01159e-05  0.000386  0.00136268 
491 7.17607e-05 0.724981 0.0080361 0.0417426 0.00104245  0.000477033  -0.00172815  0.000477695  -0.00577099  0.0044155  -0.00049817  0.000752392  -0.00107641  -0.00229699 
492 -4.97414e-06 -2.84974 0.00816381 0.040874 -0.000902156  -0.00412884  0.00296966  -0.000843004  0.00356494  0.000219433  0.0043851  -0.00196784  -0.000427711  -0.00179324 
495 0.000190106 0.78551 0.0147343 0.0409348 -0.00010349  0.0053582  -0.00958201  -0.00194225  -0.00327332  -0.00117699  -0.00187255  0.00600139  -0.00303722  -0.00565192 
497 0.000364245 1.67834 0.0414271 0.0385431 0.018412  0.00244752  -0.0130359  0.00290695  0.0237785  0.0045678  0.00203169  -0.0176166  0.017066  0.000909544 
498 -0.000123406 0.245374 0.0112117 0.0334872 0.00502283  -0.00359048  0.00572224  -0.000927645  0.00150733  0.00226281  0.00605027  0.00219055  -0.00213839  0.000780006 
499 0.000319649 0.813215 0.0200111 0.0352818 0.00786754  0.00928098  -0.00645254  -0.00879024  -0.00929522  -0.000173249  -0.00445563  -0.00273117  -0.00338696  0.0028792 
500 0.000257442 0.569443 0.00845776 0.0304172 -0.000498461  -0.000189033  0.00301912  -0.00223436  -0.000848928  -0.00296495  0.000398516  0.00251694  -0.000646134  -0.00638116 
501 8.93272e-05 0.896827 0.0119073 0.0258418 -0.00594872  0.0066649  0.000422457  -0.00207009  -0.00367906  -0.00101515  0.000598691  -0.00629034  0.00049837  -0.00166488 
