generation s h r distopt trait[0] trait[1] trait[2] trait[3] trait[4] trait[5] trait[6] trait[7] trait[8] trait[9] 
5 0.0173129 0.746999 0.130651 0.2 -0.0414766  -0.0795603  -0.0201604  0.0279543  0.0433595  0.015284  -0.0513113  -0.00686986  0.0335061  0.0437647 
7 0.0142885 0.56651 0.062235 0.236047 -0.0389763  -0.0100419  -0.00438457  0.0156191  0.0212314  0.0108097  0.018465  -0.00755047  -0.0184118  -0.0261808 
10 0.0109387 1.38583 0.196018 0.343448 -0.0717824  -0.0348211  0.0730722  0.0538791  -0.0464271  0.0124393  -0.0670248  -0.115402  -0.0279297  -0.0539935 
12 0.0332434 0.731045 0.175048 0.409819 -0.0400078  -0.0221096  -0.011861  -0.091152  -0.0786635  -0.0219086  0.0489745  0.0130639  0.0689171  -0.0782064 
14 0.0327092 0.591617 0.110881 0.455345 -0.0265343  -0.0305423  -0.0630888  0.0356014  -0.0226539  -0.0330842  0.0607546  -0.000438439  -0.00136559  0.0104447 
17 0.0211704 0.973084 0.199164 0.55559 -0.0767899  -0.0379729  0.00197053  -0.0612364  -0.0400027  0.115815  0.0439223  -0.078891  0.072379  0.0129904 
20 0.0526908 0.597419 0.145855 0.664765 -0.108089  0.000220537  -0.0765566  0.00221244  -0.0252103  -0.00864579  0.0243018  0.0316008  0.0376249  -0.00308824 
22 0.0619333 0.524718 0.0879794 0.709293 0.00119876  -0.0523734  -0.00972589  -0.0333331  0.0119502  -0.0289353  0.000243686  0.00917297  0.014429  0.0501778 
23 0.0911955 0.512087 0.0895651 0.709333 -0.0412675  -0.057975  0.0214852  0.000245416  -0.00711305  0.0272383  -0.0158457  -0.0112533  -0.00992551  0.0350339 
26 0.104298 0.899435 0.400307 0.777992 0.144927  -0.293994  0.117286  0.0981292  0.0197489  0.0207658  -0.163528  0.0310662  0.0134034  -0.0267738 
29 0.0485697 0.535137 0.0882249 0.841921 -0.00949518  -0.0552623  0.0117636  0.0457453  0.0349559  -0.0106504  0.00390958  -0.00462192  0.0173184  0.0271405 
30 0.28666 0.536687 0.261354 0.85698 -0.115804  -0.168253  -0.0355275  0.0228134  0.049901  -0.031199  -0.0291603  0.0571229  -0.0361697  -0.126168 
31 0.0144932 0.636668 0.089229 0.735044 0.0203513  -0.0366979  -0.0111864  -0.000517564  -0.0216073  -0.0432707  0.0488472  0.00877924  -0.0171319  0.0312993 
32 0.0721943 0.591997 0.167297 0.766596 -0.0944238  0.0285896  -0.0219994  -0.0237975  0.00591161  0.115702  -0.0106216  -0.0495593  0.020683  -0.0280392 
37 0.0920106 0.712492 0.279193 0.937301 -0.0581937  -0.0326349  -0.139164  -0.0737126  0.0106478  0.0148972  0.152859  -0.044976  0.0276842  0.14902 
40 0.363084 0.517418 0.262934 1.02352 -0.102837  -0.178165  -0.0412865  -0.0429958  -0.0959539  -0.0796603  0.00435274  0.0282645  -0.0571725  0.0601972 
42 0.12538 0.627189 0.257975 0.90203 -0.101662  0.0153706  0.126554  0.0548762  0.0385098  -0.131708  0.0813363  -0.0869465  0.0516757  -0.0357339 
44 0.00195095 0.514709 0.010797 0.833988 0.00172422  -0.0065622  -0.00341479  -0.00541252  -0.00204065  -0.00105205  -0.0029823  0.00134958  0.00353684  -0.0010426 
47 0.0199176 0.532791 0.0527292 0.832819 -0.0047375  -0.00130675  0.033647  -0.0274934  -0.00951776  -0.00664413  -0.0114542  -0.00441826  -0.0235537  -0.0052893 
48 0.0456351 0.534854 0.0849185 0.820893 -0.020257  -0.0211356  -0.00145853  -0.0650971  0.034627  0.0117615  0.00677731  0.011659  0.00108974  0.0243704 
49 0.0272399 0.625121 0.117425 0.793247 -0.028276  0.0597783  0.0261897  0.0432474  0.024049  0.0371498  0.0116291  0.0413143  -0.0504221  0.0227232 
50 0.0201805 1.63271 0.299519 0.776122 -0.057022  -0.175195  -0.0189449  -0.066194  0.00429953  0.0827392  0.0938458  -0.180935  -0.0163731  0.0484671 
51 0.119871 0.65276 0.273714 0.763142 -0.138911  0.0993574  0.0343799  -0.00742539  0.0581264  -0.0260295  0.0169606  0.0532162  -0.19323  -0.000569715 
53 0.0495134 1.1148 0.343888 0.684962 0.0290524  -0.104197  0.0969401  0.253029  -0.128706  -0.00105605  0.0226953  0.105819  -0.0105213  -0.0688969 
54 0.0972333 0.545924 0.145948 0.648726 -0.0607492  -0.00165702  0.034171  -0.0887841  0.0515127  0.00945499  0.00985285  0.0480775  0.0526846  -0.0251014 
55 0.0170562 0.575397 0.0723894 0.57276 0.00151624  0.0357299  -0.0258011  -0.029196  0.0144694  -0.0177584  -0.0273408  0.0188328  0.0280763  -0.00529107 
56 0.0519585 0.563395 0.118761 0.557801 -0.0672866  -0.0430272  0.018729  -0.0078473  0.00199224  0.0842094  -0.00464294  -0.00438655  0.00177347  0.0131864 
58 0.0603092 0.564719 0.129774 0.51038 -0.0648916  0.00387145  -0.0307026  -0.0375493  0.00444063  -0.0267717  -0.0518352  -0.00713326  -0.0805135  0.0175002 
59 0.000593542 1.42907 0.046954 0.449363 -0.00826342  0.0201955  0.0169429  0.00887188  -0.0141864  -0.0164471  -0.0234088  -0.0104049  -0.00248948  -0.0151187 
64 0.013209 1.58352 0.237822 0.448703 0.0547932  -0.10362  0.0412944  0.151404  0.0343307  -0.0123428  -0.042233  0.095941  0.0456372  0.0615576 
65 0.0191647 0.675247 0.116038 0.433833 -0.0454662  0.00771291  -0.0205878  0.0371384  0.0547232  -0.000521787  -0.0582312  0.0314594  -0.0350625  0.0304994 
69 0.0152782 0.635246 0.0911547 0.411373 0.0136703  0.0125415  -0.0708164  -0.0374562  -0.0227808  -0.00474519  -0.00762356  0.0290582  0.00330411  0.00960126 
71 0.0523128 0.791795 0.24569 0.392512 -0.0827567  -0.0704262  -0.0810417  -0.0915113  -0.0942668  -0.105501  -0.0523674  -0.0590947  -0.0840715  -0.01714 
81 0.0130675 0.829776 0.131046 0.321053 -0.0260549  -0.0211256  0.048789  -0.0275139  -0.0661605  -0.0051769  -0.0750491  0.040424  0.0198198  -0.029109 
82 0.0128112 0.714278 0.104771 0.300154 -0.0304851  0.00724601  -0.0226441  0.0694506  0.00106545  -0.0226429  0.039166  0.0184036  0.0419102  -0.022715 
83 0.00762727 0.793314 0.0945183 0.278141 -0.0106954  -0.00650816  0.0650859  -0.0199757  -0.0138361  0.00533199  -0.0375513  0.0101505  0.0480287  -0.0100994 
84 0.00420857 1.03912 0.0951587 0.264129 -0.0579772  -0.0291075  0.0367099  0.0235316  -0.00468764  0.0437843  0.0144838  0.0175099  -0.0174232  -0.0136467 
85 0.0314734 0.69596 0.157145 0.256055 -0.0639709  0.0600784  -0.0635164  -0.0565796  0.0582826  -0.0288391  -0.00578111  -0.00479515  0.0732988  0.0099813 
88 0.00211565 3.46999 0.158212 0.185946 0.0670187  -0.0423849  -0.070355  -0.0251509  -0.0150754  0.108594  0.00958395  0.0169575  0.0240648  -0.0134976 
89 0.00698625 0.561183 0.0415652 0.180174 -0.0124682  -0.0131824  0.00265015  -0.0117266  0.00425917  -0.0161395  -0.00316372  0.00738979  -0.0143635  -0.0265396 
91 0.00492247 0.728667 0.0670889 0.159689 0.0312894  -0.0221035  0.010301  -0.0126403  0.0428349  0.0178077  0.00705455  0.0137546  -0.0158302  -0.0112222 
92 0.000562196 2.59557 0.0686189 0.143493 0.00948785  -0.00726238  -0.02319  -0.00298472  0.0173865  -0.0440857  0.00735257  0.00178505  -0.0328903  -0.0251845 
93 0.00354546 0.779399 0.0629261 0.141521 -0.0122147  0.014666  0.0256481  0.0086563  0.0243509  0.0386627  0.0167455  -0.0113275  -0.0121188  -0.0148082 
94 0.00042077 9.88256 0.125528 0.12841 -0.0697286  -0.0233834  0.0158698  0.042303  -0.0125849  -0.0425332  -0.00869609  0.0427484  0.0337838  0.0574038 
95 0.0088597 0.97227 0.129101 0.126761 0.0116805  -0.0165153  0.0205937  0.00749918  0.0247001  -0.00244944  -0.0416474  -0.109631  0.0317639  -0.0199797 
96 0.00247503 0.734795 0.048208 0.0851332 -0.00607142  -0.00997283  0.0211622  -0.035973  0.0132058  -0.00452399  0.00372784  0.00417711  -0.0144266  -0.00338552 
97 -0.000606018 0.423537 0.013623 0.0691064 0.00589465  0.000806759  0.00134021  0.00402184  -0.00708456  -0.0020096  0.000676781  -0.000618986  -0.0066023  -0.00579278 
101 0.00362098 0.785022 0.0642275 0.0733614 -0.00607708  0.0320394  -0.0201176  -0.0120477  0.00677056  0.0187446  0.0397939  0.0142259  -0.0134989  0.0121041 
105 -0.000251651 -1.71445 0.0472099 0.0420412 0.0142823  -0.00392798  -0.0129353  -0.0171096  0.0321853  -0.00240089  -0.0107274  -0.00200645  0.013171  0.014665 
106 4.63111e-05 0.760775 0.0069503 0.0449349 0.0013154  0.000706006  0.00415553  0.00176801  0.00290637  -0.00226097  -0.000787474  -0.000416565  0.00249112  -0.00226393 
109 -0.000126966 0.187505 0.0125984 0.0444166 -0.000472075  0.00449415  0.00322209  -0.00777879  -0.000469276  -0.00262424  0.00309392  0.00287232  -0.00630786  -0.00163988 
111 -9.65709e-05 0.415949 0.00569855 0.0458237 -0.000668345  -0.000661073  0.00143665  -0.000475986  0.000412898  -0.00197733  0.00103517  0.00163547  -0.00449091  -0.00114208 
112 -6.23466e-05 -21.2977 0.0737058 0.0468656 -0.00469705  -0.00793832  0.0162384  0.0179167  -0.0130805  -0.0194949  0.0120357  -0.0214857  0.0376226  -0.0467938 
115 -0.000207381 0.176739 0.0163766 0.0475261 0.00723278  0.00515066  -0.0039457  0.0112287  -0.00325782  0.00129756  0.00546613  0.000355383  -0.00231892  -0.000134723 
118 0.000209618 0.559079 0.00703939 0.0496602 0.00270563  0.00126234  -0.0035038  -0.00233131  0.00236343  -4.43179e-05  -0.000665361  -0.00184839  -0.00228802  0.00287148 
121 0.00019734 2.40755 0.0387986 0.0475031 -0.0319141  -0.00392909  0.000472369  0.00704418  -0.00764791  -0.00691716  0.00130492  0.0109591  0.0106728  0.00891588 
123 5.66973e-06 2.01515 0.00586188 0.0453786 -0.00213298  -0.00113691  -0.00247564  0.000487967  -0.00208297  -0.00177674  0.00226206  0.000312622  -0.00100592  0.00290353 
125 -0.000262211 -1.54289 0.0462862 0.0453161 0.0305595  0.00980431  -0.0167229  -0.000116373  -0.0063991  -0.00787563  -0.0119964  0.0190634  -0.0147458  -0.00223703 
126 -2.51887e-05 -15.0288 0.0395514 0.0481227 -0.021167  -0.00372228  0.0236278  0.00654002  0.00630904  0.0095093  0.00474527  0.00420635  -0.0181691  0.000899787 
128 -0.000454214 0.168866 0.024532 0.0483837 -0.00106179  0.00468156  -0.00426629  0.00545582  -0.012028  0.00314682  -0.0131142  0.00259598  0.0140137  0.00106032 
130 0.000933978 0.602764 0.0195999 0.0528706 0.00694701  0.000638355  -0.00671437  -0.00339506  0.00996078  0.0032954  0.00247717  -0.00762081  -0.00913895  -0.00459001 
131 0.000588509 0.906526 0.0309315 0.0431481 -0.00153924  -4.6843e-05  -0.00888257  -0.0208534  -0.00229728  -0.00375719  -0.0134199  0.000266279  -0.000719691  0.0155095 
133 0.000258893 0.564852 0.00819651 0.0356851 -0.00222415  -0.00130174  -0.00497969  1.25309e-06  0.00168362  0.00214728  0.000651928  -0.0031112  -0.000314956  -0.00425381 
135 -0.00044536 -0.846905 0.0489831 0.0318522 0.0139176  -0.0145552  0.00832396  -0.0223275  0.00374766  0.015022  0.00992837  -0.0081071  0.0263412  -0.0181141 
136 -0.000478444 0.245763 0.0220625 0.0382102 0.009742  0.00890593  -8.2056e-05  0.00537106  -0.00549063  0.00241993  0.00489706  0.00769618  0.00866764  0.00945166 
138 -0.000261882 0.297777 0.0145565 0.0440293 0.0043588  0.000704853  -0.000757184  0.00313678  -0.00864537  -0.00494786  0.000840028  -0.00616453  -0.000141121  0.00663559 
141 -0.000435951 -1.32151 0.056355 0.0469095 -0.00861963  -0.0274864  0.0132498  -0.00546573  0.031994  0.0108074  -0.00980578  -0.0126039  -0.0167159  0.0215825 
145 -8.40741e-05 0.403814 0.00568785 0.0513473 -0.00167428  -0.000484289  0.000738368  0.000737551  -0.00106889  -0.000944612  -0.000806128  0.0017477  -0.00125622  0.00457247 
146 -1.15e-05 -0.787808 0.00769669 0.0521596 -0.00300912  -0.00300395  0.00359366  -0.0010912  -0.00307795  -0.00179685  0.000424519  0.00313404  -0.00168307  -0.00123199 
147 -1.05216e-06 -0.185023 0.00169795 0.0522697 0.000629781  8.07856e-05  0.000488607  0.000368208  0.000281079  0.000172415  0.000446136  0.000306624  -0.0013026  -8.37456e-05 
149 0.000582467 1.07625 0.0366352 0.0522798 0.00819768  0.00599669  -0.0199897  0.0221852  0.00249474  0.00745298  0.010845  -0.00134878  0.00941363  -0.00879704 
151 -0.000311124 -0.447757 0.0343444 0.0463775 -0.0121186  0.00637477  -0.00356967  -0.0095693  0.0011698  -0.00602327  0.000298833  0.00067924  -0.00758395  0.0281427 
154 0.000239116 0.639314 0.0115438 0.049619 0.0030125  -0.00365662  -0.00321794  -0.00197658  0.00164643  -0.00644104  0.000171881  0.00389334  -0.00373908  -0.00481515 
155 0.000452018 0.722447 0.0200547 0.0471483 0.00880804  0.00631851  -0.000300916  5.79894e-05  -0.00196137  -0.00842428  0.00859381  0.00275939  0.00271147  -0.010998 
156 0.000130497 0.542055 0.00468606 0.0420838 -0.00163813  -1.01722e-05  0.0017087  0.00120808  0.00120568  0.00109267  0.00142886  -0.00276199  -0.000239831  -0.0015878 
158 0.000563548 0.794543 0.0257657 0.0405038 -0.0178814  0.00969377  -0.00147472  -0.00200719  -0.0109187  0.00149545  -0.000640871  -0.0036847  0.0103437  0.00123308 
159 -0.000305006 0.362925 0.0129346 0.0328202 0.00019134  -0.00137636  -0.00351627  0.00151524  -0.00588016  0.00274359  -0.000496229  -0.00734325  0.00685995  -0.00271669 
160 -0.000371002 0.242404 0.019555 0.0371782 0.00129188  0.00216874  0.00517775  -0.0168224  -0.00249952  0.0032951  -0.000860256  0.0044164  0.00524173  -0.00118208 
161 -0.000391044 0.405244 0.0121785 0.0418723 0.00126123  0.00791487  -0.00324529  -0.00265695  -0.00254513  -0.00170953  0.00460994  -0.00592449  -3.25218e-06  0.000859307 
162 -0.000289119 0.465338 0.00633506 0.0463078 0.000883604  -0.00233947  -0.000224785  0.00214132  -0.00209727  -0.00254765  0.00258391  -0.00187971  0.00160173  0.00236196 
165 0.0011171 0.791004 0.0360557 0.0493313 -0.016199  0.00240822  0.0137265  0.00487797  0.0149764  0.0055893  0.00754503  0.0159918  -0.00975437  -0.0124999 
166 -3.40391e-08 0.0797468 0.000239207 0.0362918 -5.75108e-05  7.88869e-05  -5.9211e-05  -0.000134942  -1.99216e-05  -1.39052e-05  -0.000142467  -3.45533e-05  2.62621e-05  5.66007e-05 
169 -9.06365e-05 0.186356 0.0106639 0.0362923 0.00194326  0.0010201  -0.000641409  0.00661217  -0.00199717  -0.00362663  -0.000903573  0.00500123  0.00311623  0.00347678 
173 3.87586e-05 0.54472 0.0026332 0.0375202 -0.000233802  -0.000980575  0.000461849  -0.00105611  0.00130701  0.00051737  0.000193097  0.000894856  -0.00121244  -0.000552165 
174 -5.46598e-05 -1.80488 0.0224482 0.0370001 -0.00375796  0.00165943  -0.0124791  -0.00470264  0.00608954  -0.00106905  -0.000659428  -0.0158023  0.000119607  -0.00456213 
181 0.000279878 0.550726 0.00753784 0.0377316 -4.67458e-05  -0.00324484  -0.000900631  0.000167169  -0.000932334  -0.00163048  -0.000280276  -0.00199194  -0.00612827  -0.000564774 
182 2.12726e-05 12.4518 0.031888 0.0338206 -0.000812632  0.00799925  -0.00869718  0.010388  -0.0177402  -0.000982747  -0.00942689  0.0101845  0.00579315  -0.0150604 
183 -6.5275e-05 -2.47783 0.027883 0.0335046 0.0109529  0.00144696  0.000930676  0.00285178  0.00863875  -0.0151192  0.00603852  0.00461345  -0.00895353  0.0143274 
185 5.22945e-05 0.628095 0.0051764 0.034465 -0.000505948  -0.000236198  0.00154465  -0.00328961  -0.0020305  -0.00121036  -0.00176721  0.000765758  -0.00143392  0.00138654 
186 -1.6e-05 -12.2325 0.0285448 0.0336978 -0.00392571  0.004927  0.0144071  -0.0157015  -0.00197118  0.00584422  -0.0126173  0.00530248  0.00148277  -0.00966768 
189 0.000294432 0.719678 0.0160847 0.0339344 0.00345077  0.000223668  -0.000907436  -0.00128436  -0.00301494  0.00307095  0.00290725  -0.00409503  -0.0140984  -0.0013346 
190 0.000122828 1.10905 0.0172978 0.0292772 0.00740048  -0.000791803  -0.00745168  0.00727763  0.00501282  0.00256288  -0.00257743  0.00616126  -0.000280681  0.00767777 
191 3.17676e-05 5.40048 0.0249529 0.0270986 -0.00452875  -0.0105606  -0.00843511  0.00171408  0.000825033  -0.00105771  0.00939206  -0.0159605  0.00130111  0.00837147 
192 -0.000133824 -0.0198967 0.0166828 0.026506 0.000599121  -0.00200069  0.00688825  -0.00491085  -8.54368e-05  0.00428878  0.00394257  -0.0108059  0.00552083  -0.00460415 
193 0.000201482 0.552961 0.00653441 0.0289206 -0.000288672  -0.00184632  -0.0026125  0.00260621  0.00228451  0.00265986  -0.00108724  0.0027326  -0.00215109  -0.000136352 
195 3.812e-05 0.530962 0.00217294 0.025198 0.00126837  0.00052692  0.000190432  0.000622034  -0.000875443  -0.000589358  -0.000426146  0.000959207  0.000173271  -0.000408199 
200 -3.11353e-06 0.302854 0.00156694 0.0244299 -0.000773942  -0.00044533  0.000171244  -0.000240898  0.000346198  0.000522951  0.0003523  -0.000535442  -0.000871353  8.50064e-05 
203 -0.00011997 0.471466 0.00370146 0.0244935 0.000510847  -0.000147673  0.000546314  -0.00138937  -0.000365486  -0.000513639  0.00195744  -0.0015575  -0.00201958  0.000675029 
204 -0.000217546 -0.107219 0.0229878 0.0268312 2.00209e-05  -0.0144943  0.00464422  0.000642308  -0.0112832  -0.00224603  0.00717747  0.00825839  -0.00257948  -0.00613557 
205 -0.000219595 0.292066 0.0135161 0.0306183 0.00724034  0.00609733  0.00362942  0.000128094  -0.00250227  0.00597869  0.00370786  -0.0018153  -0.00347833  -0.00295764 
206 -6.01278e-05 0.455109 0.00328618 0.0340162 0.00114756  0.00146479  0.000229376  -0.00061503  -1.45043e-05  0.000306329  0.000903845  0.00168382  0.000285212  0.00175443 
209 3.23418e-05 0.521663 0.00167422 0.0348888 0.000323928  0.000278171  0.000501243  -0.000914882  0.000396138  0.000115491  -0.00101222  0.000179708  -0.000461779  -0.000303414 
211 -0.000268127 0.290457 0.0149932 0.0344222 0.00290891  -0.00588625  -0.00447996  -0.0020834  -0.00282776  0.00284336  -0.00266514  -0.00307788  0.0111595  -0.000290187 
215 0.0010606 0.621854 0.0227422 0.0381189 -0.0129519  0.0084846  0.000893787  0.0097963  0.00843325  0.00112314  -0.00836613  0.000612834  -0.0053551  0.00304558 
219 8.42769e-05 0.658556 0.00731106 0.0198247 -0.00369669  -0.00236391  -0.000437464  0.00230145  0.000716019  0.00111625  -0.00118583  0.00115675  -0.00410649  -0.00270992 
222 -0.000109175 0.0156669 0.0145437 0.0175711 0.00133955  -0.00349399  0.000607998  0.0034844  0.00933623  -0.00382958  0.00494124  0.00118872  0.00432962  -0.00621303 
224 -0.000299571 0.151101 0.0204491 0.0204432 0.00359468  0.0083214  -0.00442058  -0.00725782  0.000497438  -0.00393626  0.00517771  0.0140552  -0.00485292  -0.000360998 
225 0.000364312 0.622519 0.013363 0.0267869 -0.00297357  0.000862122  -0.00574771  0.00248505  -0.00355222  -0.000454783  -0.00972271  -0.00387739  0.000158707  0.00271259 
227 -0.000520926 0.387066 0.0153463 0.0187961 -0.00116075  0.00345086  -0.00644296  -0.0012064  0.00136092  -0.00890392  0.00430789  -0.00312362  0.00475965  -0.00686919 
230 -1.30457e-05 0.482404 0.000958284 0.0295695 0.000389221  -3.95989e-05  0.000139219  0.000200966  -0.000643183  -0.000257101  0.000330921  6.03392e-05  -0.000236418  -0.000238011 
231 -0.000264926 0.465613 0.00603983 0.0297893 0.000921089  -0.000604978  -0.00386234  0.000891696  -0.00183272  -0.0012894  0.00057982  0.00222767  0.00163377  -0.00256185 
232 0.000102256 0.529207 0.00345705 0.0339465 -0.000846953  -0.000272012  0.00202894  0.000494255  0.00176924  0.000590787  0.000953727  -0.000480003  0.000298854  0.00144583 
233 3.10652e-05 2.4254 0.0154674 0.0324054 -0.00217363  -0.00185429  0.00581607  0.000369553  0.0068791  0.0039156  -0.000648618  -0.00480342  0.0101656  -0.00276195 
237 -0.000600787 0.265053 0.0237681 0.0319225 0.0010831  -0.00206207  0.0049589  0.0181591  -0.001813  0.00423191  0.00177449  -0.00231617  0.0130272  0.002395 
238 0.000266379 0.792264 0.0176464 0.0402494 0.00374224  0.00674487  0.00104487  -0.00297131  -0.00674644  -0.000393719  -0.00434004  0.0125912  -0.00109514  0.00421096 
239 -0.000393501 -0.883895 0.0466709 0.0367923 -0.0101571  -0.00545247  -0.00276003  0.0206788  -0.000398771  0.0195625  -0.0266653  -0.0133097  -0.0150622  0.0105893 
240 4.56997e-05 3.52291 0.023506 0.0418001 0.00599154  0.0150997  0.00434573  -0.00371447  0.00879575  0.00138896  0.000893962  0.011349  -0.00298793  -0.00617496 
241 -2.69801e-05 -1.22088 0.0136278 0.0412499 -0.00221863  -0.00309677  0.00188596  0.0017182  -0.00524073  0.00255912  -0.00233218  -0.0102277  -0.00306565  -0.00335223 
242 0.000619408 0.82112 0.0282043 0.0415756 -0.0101965  -0.00181928  0.00672683  -0.0180337  0.0141246  -0.00361636  0.00522692  0.00564393  0.00434506  0.00520623 
245 -2.56466e-05 0.0043093 0.00713104 0.0333064 -0.003362  -0.00144392  -0.000429913  0.00220666  -0.00423696  0.000623833  -0.00149654  -0.00311171  -0.00109377  -0.000974633 
249 -4.12254e-05 -2.91245 0.0237211 0.0336892 -0.00690062  -0.00153582  0.00384016  -0.00136494  0.00380373  -0.0141952  0.00640672  0.00318946  -0.0138183  0.006162 
251 -1.60009e-06 0.48942 0.000260219 0.0342956 1.33905e-05  5.35587e-05  -1.84353e-05  0.000140361  -2.06829e-05  -9.73187e-05  -0.000108124  -5.89465e-05  0.000138864  -1.66633e-05 
