generation s h r distopt trait[0] trait[1] trait[2] trait[3] trait[4] trait[5] trait[6] trait[7] trait[8] trait[9] 
2 0.000713192 0.710083 0.0244809 0.05 -0.0131225  -0.00769911  0.00535634  0.0048257  -0.000547362  -0.00822166  -0.000542336  -0.00243659  -0.00994271  0.011953 
3 0.000582277 0.556354 0.0114622 0.0893018 -0.00420651  0.0010345  0.00193684  0.00456507  0.00530883  0.00379915  0.00154393  -0.00446521  -0.00401485  -0.00263977 
6 0.00537305 0.59007 0.0440965 0.233867 -0.0159243  0.0239744  0.00294282  0.000772342  0.012391  -0.0228107  0.0199033  -0.00305924  -0.00205183  -0.00482897 
9 0.00469055 0.557235 0.0328961 0.369945 -0.0078125  -0.0156274  0.00287873  0.00136166  -0.00182845  0.00567506  0.0134216  0.00205812  -0.0138572  -0.0188365 
10 0.0758363 0.661168 0.222485 0.413005 -0.135494  0.00879038  -0.0610154  -0.0803681  -0.0375994  0.0712515  -0.00425756  0.112024  0.0155498  0.0397699 
11 0.041169 0.637347 0.151374 0.356818 -0.0741145  0.0287553  0.0237734  0.0745665  -0.000227504  0.0609228  0.053606  -0.0515389  0.0263165  -0.0231293 
12 0.0147685 0.557886 0.0591652 0.338241 -0.0131665  -0.00120786  -0.0092732  -0.0302726  0.0311074  -0.0341052  -0.00453806  -0.00583198  -0.000864892  0.0117086 
13 0.0282119 0.585674 0.0995455 0.361749 -0.0403616  -0.00576721  0.0254475  0.036332  -0.0238136  -0.0345904  -0.0220262  0.00271094  0.0429378  0.0466869 
14 0.00502377 0.779221 0.0748702 0.367588 -0.0216546  0.0204791  -0.0514501  0.0228371  0.016091  -0.0184532  -0.011502  0.0156752  0.00633272  0.023044 
15 0.0337069 0.546235 0.0817022 0.406232 -0.0477282  -0.00997343  -0.0245781  0.00179198  0.0090123  0.0202181  0.0224159  -0.0375818  0.0119457  -0.0338074 
18 0.0236953 0.533404 0.0583265 0.502292 -0.0253536  0.0244508  -0.00425828  0.0123896  0.00566056  -0.00681384  -0.0417012  -0.012289  1.60126e-05  0.00460628 
19 0.00558626 0.516476 0.0195608 0.525818 -0.00302108  -0.00531654  -0.00130149  0.00369638  0.00672938  -0.00936359  -0.00530335  -0.00721514  -0.00563725  -0.00921682 
22 0.0293766 0.554318 0.0818811 0.665451 -0.0288827  0.00550448  -0.00330707  -0.00201943  0.012311  0.0385492  0.0260775  -0.0549321  -0.0209929  0.0070087 
23 0.0605398 0.514974 0.0724243 0.691583 -0.043393  -0.0186422  0.0169163  0.0264936  -0.00227849  0.00813232  -0.0241674  0.03357  0.0155977  0.00105215 
24 0.0252443 0.530847 0.0581856 0.696122 -0.0236654  0.028059  0.000799615  -0.0115326  0.015386  -0.000711861  -0.0343834  -0.00415147  0.0122628  0.0178186 
26 0.0401556 0.570509 0.108913 0.774645 -0.0306069  -0.0104457  -0.0472967  -0.0387245  0.0200717  -0.0222197  -0.0109129  -0.0597362  -0.0497094  0.0049407 
28 0.0838162 0.534394 0.119542 0.845578 -0.061293  0.0267189  -9.98824e-05  -0.00865365  0.00817251  -0.00157803  0.0492394  -0.0708526  0.00569459  -0.0468867 
29 0.0292804 0.63101 0.124542 0.844414 -0.0270778  0.00565801  -0.0258967  -0.0181785  0.0266262  -0.0255352  0.0190831  0.0588977  0.0705093  0.0598218 
30 0.112338 0.517901 0.11521 0.874635 -0.0706098  -0.00915288  0.0135077  0.0584263  0.0147616  0.0434021  0.0144305  -0.0304393  -0.00856265  -0.0360264 
36 0.0193605 0.499873 0.0131957 1.09819 -0.00899005  -0.00637355  0.00261896  -0.000658311  0.00111498  0.005312  -0.000117079  -0.00348662  -0.00141745  0.00132324 
38 0.031549 0.652769 0.139345 1.18641 -0.00914067  -0.0814933  -0.0445896  -0.04745  -0.0417113  -0.0648176  0.0164258  0.0262896  -0.0131575  0.037112 
39 0.0970282 0.50306 0.073613 1.22206 -0.041597  -0.00584565  -0.00399465  -0.014426  0.0296364  -0.0222768  -0.00602529  -0.0230604  -0.0373892  -0.00947181 
40 0.157449 0.504021 0.114138 1.23232 -0.0648632  -0.0635289  0.0274651  -0.0215706  -0.0184439  0.0121046  -0.0279881  -0.0386294  0.0185  0.0214509 
41 0.08571 0.509702 0.0810461 1.22012 -0.0384828  -0.0338228  -0.00622724  -0.0133949  -0.0177301  -0.0148886  0.034822  0.0295921  -0.012491  0.0307415 
46 0.046389 0.514239 0.0600781 1.18594 -0.0119418  0.0326276  0.00759908  0.00947948  0.00204271  -0.000841666  0.00525746  -0.00143795  -0.00848072  -0.0463475 
48 0.0563962 0.623819 0.169052 1.16666 -0.0284192  0.0190007  -0.0392357  0.126774  0.0314666  0.0657301  -0.0131969  0.052644  -0.0285024  -0.0270258 
49 0.0550205 0.513561 0.0658609 1.14291 -0.0255461  0.0240013  -0.0174462  -0.00742212  -0.0209835  0.0147136  0.0137763  0.0101738  0.0386382  -0.0175083 
50 0.0395909 0.513429 0.0532789 1.11923 -0.00991774  0.0250462  0.0183485  -0.0213798  -0.0248725  -0.0105995  -0.00243013  -0.00278834  -0.0236814  0.00370503 
53 0.0628141 0.51313 0.0710811 1.10175 -0.0268173  0.0026674  -0.00216693  -0.000462434  0.0286892  -0.0458105  -0.00973532  0.0331204  -0.00319505  -0.0140611 
55 0.0771351 0.516753 0.0879428 1.07375 -0.0431948  -0.00896277  -0.0222468  0.00679491  0.000301577  0.0292952  0.0156621  0.0204945  0.0312681  -0.0523965 
57 0.00771091 0.503558 0.0117817 1.03857 -0.00492025  0.00284501  -0.00219546  0.00738408  0.00037253  -0.00203228  -0.000969573  0.00355045  0.00217803  -0.00496002 
59 0.235761 0.566293 0.279109 1.03486 -0.119642  0.0365548  0.0385056  0.0251728  -0.0853823  -0.082052  -0.0412362  0.123159  -0.120404  -0.121434 
61 0.00753207 4.52688 0.345117 0.926962 -0.0487359  0.0559087  -0.0467032  0.164782  0.0118983  0.024688  -0.0406417  -0.158197  0.220656  0.0902903 
64 0.00356496 0.500764 0.00414876 0.922905 -0.00159121  0.00115589  0.00245466  -0.000526956  -0.000893597  -0.00181614  -0.00154503  -0.000298223  0.000361572  -0.000580916 
65 0.108227 0.619538 0.232532 0.920975 -0.0661988  -0.0237806  0.186865  0.0636438  0.0307057  -0.0395668  -0.0855199  -0.000668163  0.00445997  -0.0176638 
66 0.117083 0.55604 0.175624 0.863385 -0.0625115  -0.0109507  -0.0167097  -0.0570319  -0.00942775  0.143979  -0.0222717  -0.0240908  0.000890279  -0.0372603 
69 0.0541679 0.532645 0.0909505 0.796689 -0.0212534  -0.0485294  -0.0314913  -0.0247843  0.0444364  -0.00698675  0.0160538  0.0299529  -0.0157924  0.0207731 
70 0.0247156 0.527844 0.0549207 0.762864 -0.0182037  -0.0199451  -0.0392238  -0.00730934  -0.00267877  0.00797418  0.00930996  0.0213269  -0.00910211  -0.000209225 
74 0.0275292 0.514877 0.0445463 0.74669 -0.026069  0.00708598  -0.000300343  0.00177516  -0.023141  -0.00477751  -0.00794962  -0.00651873  0.0133544  -0.0202228 
75 0.0838065 0.614661 0.1999 0.728278 -0.0954455  0.0709479  0.0423134  0.0795302  0.0490739  -0.00213157  -0.0266147  0.0130636  -0.0363218  0.114411 
76 0.128637 0.579326 0.213273 0.670753 -0.0921445  -0.0189183  -0.00228857  -0.100321  0.0740169  0.0638281  0.0800019  -0.0934572  -0.038018  0.0208488 
80 0.0270742 0.590347 0.099994 0.573497 -0.046012  -0.0444513  -0.0340456  0.00999562  -0.0189337  0.0216981  0.0459835  -0.000188159  0.000349114  0.0412653 
81 0.00277738 0.502394 0.00551414 0.549713 -0.00176383  0.00108101  0.000424398  0.00161301  -0.00272181  -0.00244237  -0.0027421  0.000900835  -0.00127228  0.000146157 
82 0.080237 0.5291 0.109302 0.547185 -0.068736  -0.0119951  -0.0215921  -0.0510785  -0.0183482  -0.000675295  0.00433188  0.00279421  -0.0602902  0.00215725 
83 0.0124034 0.71527 0.103327 0.471414 0.0313738  -0.00548234  0.0463505  -0.0311507  -0.0213951  -0.0560695  0.0408761  -0.00273858  0.0340156  0.0103139 
84 0.0727176 0.619031 0.18903 0.458153 -0.0942464  -0.0224412  0.0364686  0.0177173  -0.0459431  -0.0362471  0.0876086  0.114003  -0.00664485  -0.023701 
85 8.8724e-06 0.500069 4.97092e-05 0.373776 -5.05968e-07  3.45792e-05  1.4752e-05  -2.96513e-06  5.34021e-06  -1.63935e-06  -7.17021e-07  -1.94404e-05  -1.79641e-05  -1.77835e-05 
87 0.0144135 0.569468 0.0638503 0.373764 -0.00772161  -0.0379714  -0.00469689  -0.0309905  0.0147535  0.00341913  -0.0267773  -0.00311085  0.0101491  -0.0231058 
88 0.00375172 0.689021 0.0532665 0.354103 0.00765002  0.0128682  -0.0227666  -0.00570028  -0.0151668  -0.0191444  -0.0224866  -0.0180081  -0.00897665  0.0235655 
90 0.00561836 1.10828 0.116723 0.348776 0.016401  0.0323223  0.0232662  0.00694054  -0.014777  -0.0137336  -0.0733651  0.0629838  -0.0441373  0.00407294 
91 0.0122473 0.542534 0.0463098 0.340649 -0.0303968  0.00229186  -0.0281587  -0.00683112  -0.00514944  0.00659221  0.0142124  0.000331289  -0.00149227  0.0100745 
92 0.0155968 0.551034 0.0572517 0.322287 -0.00925637  0.029648  0.00536136  -0.0350456  0.00349916  0.0117549  -0.026599  -0.00318646  -0.0111614  -0.00796731 
93 0.0342743 0.722349 0.17443 0.297309 -0.131612  -0.0614984  -0.0181897  0.0357265  -0.0232348  0.0203418  0.0441483  -0.0540716  0.0157592  -0.0404996 
96 0.0102895 0.586611 0.0599776 0.233864 -0.00800055  -0.0195032  0.0104475  -0.0275097  0.00037825  -0.0114977  -0.028402  0.0304111  -0.0181752  0.00963384 
99 0.000983563 0.554232 0.0146196 0.210845 0.000142462  0.000482727  -4.11732e-05  0.00285785  -0.00332333  -0.0118459  0.00191645  0.00365835  0.00471059  -0.00383336 
100 0.00987614 1.13932 0.158435 0.2085 -0.112948  -0.0301087  0.073343  -0.0483254  0.0287632  0.0350793  0.0144686  0.00856032  -0.0143051  0.0343239 
106 0.00688311 0.771414 0.0863924 0.183425 -0.00486185  0.0267337  0.00226667  0.0118193  -0.0677099  -0.0194784  -0.0125131  -0.0196283  0.0136935  0.0297842 
107 0.000882216 0.584714 0.0172971 0.163662 -0.00599899  0.00453317  0.0072132  -0.00602173  0.00045614  -0.00828108  3.03858e-05  0.00410108  -0.000665607  0.00826528 
109 0.00609317 2.68506 0.229703 0.160945 0.0316478  0.0652948  -0.012162  -0.0140471  -0.0022476  -0.102136  -0.105524  0.0433985  -0.00658771  -0.153799 
110 0.00284797 0.538406 0.020998 0.140814 -0.00612607  0.0037673  -0.00532502  -0.00768074  -0.0102823  0.000674537  0.00466182  -0.00899092  -0.00410217  0.00873314 
112 0.00594868 0.591135 0.046681 0.130325 0.00598968  0.0134109  0.0132355  -0.00516089  0.0156657  -0.0156458  0.0225081  -0.0218681  0.00453546  0.0163086 
117 0.00303859 1.20911 0.0927417 0.105136 -0.0150366  0.00509337  -0.00442953  0.00528332  -8.70067e-05  0.0647098  0.0410938  0.0128529  -0.0349223  0.0322584 
120 0.000777707 0.98136 0.0386894 0.0895527 0.00197857  -0.0170677  0.0133929  0.00590408  -0.00507788  -0.0151621  -0.0199347  -0.00945744  0.0153688  0.00295187 
121 0.000570204 0.766971 0.024675 0.0851016 -0.00825454  0.00733712  -0.00351591  -0.00570634  0.00717157  0.0165645  -0.00888156  -0.00562126  0.000831594  0.00222987 
123 0.000717283 0.665185 0.0217715 0.0816838 3.06904e-05  0.00708192  0.00519689  -0.00620605  -0.000311333  0.0111631  0.0131069  0.0037448  -0.00386025  -0.00573518 
124 -0.000207109 -4.68297 0.0655127 0.07717 0.000300232  -0.0118714  0.0126953  -0.0171065  0.0236352  -0.0199958  0.00019843  -0.00885225  0.00674691  -0.0511343 
125 0.00257891 0.963504 0.0691061 0.0785006 -0.00481421  -0.00522849  -0.00572331  0.00114083  -0.00763142  -0.0180091  0.0376988  -0.0200447  0.0492108  0.00798819 
128 3.11008e-05 0.5094 0.00108158 0.0598895 4.49656e-05  -0.000159899  -0.000593143  0.000158099  -0.000525519  0.000218138  0.00020823  -0.000172166  0.000448417  0.000409373 
131 0.00110065 0.581767 0.0189836 0.0596293 0.011004  0.00547511  0.00431997  -0.00404657  -0.00411677  0.00352336  -0.00253768  0.00640309  0.00386629  0.00908434 
133 0.000258869 3.49797 0.0557024 0.0495541 -0.0110793  -0.0186439  -0.0221124  -0.00485505  -0.00504017  0.0213888  -0.0326482  -0.0127817  -0.00248214  0.0200389 
137 0.000298735 0.667647 0.0141541 0.0468698 0.00360764  0.00050555  0.00870241  -0.00173787  0.00777608  0.00296206  -0.000152088  0.00494366  -0.00332689  -0.00188211 
138 5.24777e-05 0.506912 0.00120512 0.043567 -0.000148427  0.000293492  0.000125432  -0.000289685  -0.000406164  0.00039733  0.000415679  -9.31155e-06  0.000378821  0.000778 
139 0.000222873 0.804596 0.0164782 0.0429606 0.00690128  0.00629325  0.00589975  -0.00511318  0.00442386  -0.00176071  0.00278384  -0.00192592  0.000939231  -0.00939861 
140 0.000598893 0.626944 0.0174407 0.0402835 0.00539122  0.000746172  0.00330278  -0.000506892  -0.00579218  0.00787106  0.0106864  -0.00155515  -0.00343403  0.00628328 
141 0.000120838 0.901226 0.0139257 0.0320008 -0.0025158  -0.00175116  -0.00456933  -0.00946414  0.00407774  -0.00167084  -0.0034468  0.000468841  -0.00633655  0.00155191 
142 -5.49559e-06 0.444273 0.00110682 0.0300536 0.000166557  -0.0005252  -0.000102978  0.000573045  4.20815e-05  -0.000328191  0.000346994  0.000588772  -1.05627e-05  -7.6364e-05 
144 0.000109337 1.02046 0.0150866 0.0301449 0.00256279  0.00568657  0.000736923  0.000207336  0.00602183  -0.00491903  0.000898815  0.0109185  -0.00048743  0.00271985 
145 -0.000393903 -0.0797953 0.0302272 0.0282734 -0.00574565  0.0162636  -0.00363994  0.00447245  -0.0059211  0.0189618  0.00708168  0.00935572  -0.0030433  0.00643163 
147 7.51145e-05 0.639044 0.00646358 0.0345451 0.00171946  0.00517559  0.000987708  9.39307e-05  0.00137159  -0.00272136  -0.000456627  -0.00104109  0.000314449  -0.000609898 
149 0.000264862 0.617314 0.0111492 0.0334403 -0.00425155  0.00181759  -0.00558517  -0.000124169  -0.00183804  -0.00245484  0.00392226  -0.006646  0.000981053  0.00133991 
150 -0.000206398 0.392766 0.00941069 0.0292134 0.00446492  0.00151626  -0.000604551  -0.00203384  0.00145008  0.000881378  -0.00489286  0.00449345  -0.0029304  0.00249529 
154 -0.000538043 -0.142045 0.0371762 0.0325553 0.00207616  0.00174209  0.00761796  0.00866773  0.00640862  -0.0211485  0.0121217  0.0038624  0.021233  -0.0118549 
157 -6.67646e-05 0.456218 0.00341979 0.0399754 0.00154418  -0.000276345  -0.000306686  -0.00107073  -0.000401379  -0.000151181  -0.000605788  4.2065e-06  0.00272034  -0.000205813 
159 7.20278e-05 0.509242 0.00163256 0.0408019 -0.000310487  4.20862e-05  0.000277093  0.000405271  -0.00105691  0.000108536  0.000551559  -0.000595982  -0.000731162  5.67164e-05 
160 0.000110662 0.54873 0.0046449 0.0399096 0.00122819  -0.000664095  -0.00277939  -0.000497123  -0.00153136  -0.0011591  -0.000779051  0.00113372  -0.00246316  -7.42551e-05 
161 -0.00024667 0.465802 0.0058118 0.0384983 0.000519573  0.00217873  -0.00225922  0.00302933  -0.000870063  0.00279663  -0.00118161  0.00043962  0.00197335  -0.000646207 
162 0.000228386 0.759148 0.0153862 0.0415791 -0.00495995  -0.0132932  -0.00213082  0.00172095  0.00280677  0.00141164  0.00272986  -0.00308218  -0.000927879  0.00048897 
164 -0.000300161 0.407721 0.0105288 0.0387358 0.000171886  0.00181191  -0.00118163  0.00692356  -0.00168001  -0.000407196  -0.00237543  0.00381774  -0.00525394  -0.0027204 
166 0.000853354 0.709272 0.0267269 0.0424342 0.0069848  0.00391751  0.00137892  -0.00464256  0.00213983  -0.00949582  -0.000197585  -0.0168524  -0.0036995  0.0153056 
168 -5.5584e-07 -34.2879 0.00879461 0.0307843 -0.00283782  -0.0032875  -0.000646083  0.001831  0.00281797  0.00269979  -0.000415285  -0.00400147  -0.00296454  0.00380945 
170 -9.71855e-05 0.433804 0.00507338 0.0307934 -0.00139096  -0.00220657  0.000227447  0.000196047  0.00213177  0.00102316  0.00315719  0.00076657  0.000903588  -0.00137188 
171 0.000366218 0.586383 0.0112509 0.032333 0.00467545  0.000986631  0.00257804  -0.00437399  -0.00579796  -0.00435733  -0.00166411  -0.00211427  -0.0034564  -0.00248641 
173 -0.00105496 0.120461 0.0400334 0.0260628 0.00353489  0.00509441  0.0221556  -0.0225654  0.0187998  0.013208  0.0021644  -0.00504359  0.00115357  0.00219556 
176 0.000168771 0.589159 0.00775878 0.0416508 -0.00226931  0.00297386  -0.00210055  0.000931333  -0.00286988  0.004107  0.00154611  -0.00122548  -0.00290324  -0.001871 
178 -0.000151658 -2.81591 0.0448463 0.0395731 -0.0108384  0.0136463  -0.0216308  0.0142388  -0.0156398  0.00721737  -0.00885332  0.0190313  0.00793345  0.0153837 
179 -2.75779e-05 0.493958 0.000816615 0.0414451 -2.82343e-05  0.000618389  -0.000111813  -3.19542e-05  -0.000200273  -0.000159093  0.000324611  -4.89566e-05  0.000310282  2.58892e-05 
181 0.00019102 0.554249 0.00643929 0.0417765 -0.00417792  -0.00261319  0.000174008  0.000883321  -0.000326304  -8.48592e-05  -0.000573825  0.000464035  -0.00167205  -0.0035939 
183 5.84125e-05 0.878876 0.00940864 0.0394243 -0.00560492  -0.00276552  0.00302693  0.00199702  0.000473851  0.00187616  -0.00269703  -0.00272146  -0.00374554  -0.00196341 
184 5.28106e-07 0.608224 0.000478136 0.0386764 -0.000323069  -0.000192117  -9.2413e-05  -0.000232407  2.39381e-05  1.16182e-05  -0.000126783  -3.79087e-06  5.85659e-05  6.74713e-05 
185 0.00054918 0.56097 0.0115778 0.0386696 0.00485765  -0.00432383  0.00272418  -0.00334092  -0.00429289  -0.00209354  -0.00494432  -0.00207478  -0.0044844  -0.00122342 
186 -5.7162e-05 0.314062 0.00652051 0.0307621 -0.00239266  0.00113313  -0.00214001  -0.000908525  -0.00143777  0.00064481  0.00401336  0.000933145  0.00324832  0.000301334 
188 0.000324882 0.582543 0.0103586 0.0316776 0.000740146  -0.00417583  0.000400097  0.0034554  -0.0047945  -0.00596524  -0.00111944  -0.0040396  0.000872151  0.000558161 
190 5.26707e-05 2.73173 0.0216829 0.0260507 0.00273823  -0.00914361  -0.00388283  -0.00864276  -5.15187e-06  -0.000380543  0.00810844  0.000455057  0.0132321  -0.00693422 
191 -0.000119152 0.464151 0.00413449 0.0250194 -0.00221516  0.00118007  0.000112911  0.000134162  -0.000755299  0.00115487  0.00117224  -0.00124734  0.00149677  -0.00192073 
192 -5.72225e-05 0.47383 0.00244782 0.0272971 -0.00117898  -0.00110316  0.000271457  -0.00103252  0.000278698  -9.79743e-05  0.000908729  -0.000195365  0.00105847  -0.000416584 
194 0.000293949 0.842868 0.0200775 0.0283259 0.0116052  -0.00671927  -0.000526963  0.00271479  -0.00346139  0.00634009  -0.00192584  -0.00363153  -0.0111852  0.00463073 
196 8.66559e-05 0.668207 0.0076358 0.0225488 0.00267862  0.00184133  0.0030225  -0.000556678  -0.00150513  -0.00397356  0.00389255  0.001866  0.00126673  -3.75528e-05 
200 -1.69165e-05 0.425537 0.00224473 0.0205377 0.000442976  -1.57558e-06  -0.000556848  0.000262701  0.00016474  -0.00133709  0.000254747  0.00065091  0.00122656  0.000809633 
204 -6.29124e-06 0.341076 0.00199984 0.0209455 0.000238621  -0.000589758  0.000350436  0.00102918  0.000371615  -0.000754037  0.000580413  0.000573516  -0.000264966  0.000984837 
205 -1.2757e-06 -8.50493 0.00677865 0.0210952 0.000863329  0.00181158  -0.00198764  0.00348711  0.000664197  5.83071e-05  0.00112  -0.00356924  -0.00329566  -0.000715895 
206 1.10537e-05 1.98201 0.00809481 0.0211254 -0.00146935  0.00251378  0.000797954  -0.00233147  0.001037  -0.00275314  0.00136272  0.000950607  0.0040568  -0.00480644 
213 2.91536e-05 2.30959 0.0145264 0.0208621 -0.00250543  -0.00201359  -0.00371565  -0.00163837  -0.00844264  -0.00324058  -0.00430533  0.00685859  -0.00293215  0.00531423 
214 6.42439e-05 0.572693 0.00432224 0.0201513 -0.00133404  0.00214821  0.000647167  0.000344389  0.00182797  0.00179611  -0.00100598  -0.000901601  -0.00155265  -0.000973016 
216 -2.66831e-05 -1.04127 0.0128258 0.0184887 0.00272024  -0.000335466  0.00551825  0.00559412  0.00300278  0.00186225  0.000434007  -0.00187091  -0.00696185  0.00553208 
218 -7.02826e-05 0.347628 0.00654523 0.0191968 -0.0019657  -0.00320281  0.00166167  -0.00164655  -9.98413e-05  0.00199827  0.00288158  0.00266614  -0.00188378  0.000531312 
221 -2.00937e-05 0.42738 0.002416 0.0209476 -0.000768153  -1.39327e-06  -0.0012153  -0.000519605  -0.00122347  0.000355683  -0.00090792  0.000954156  4.3537e-05  0.000374195 
225 9.12558e-06 0.57232 0.00162477 0.0214218 0.000110435  -0.000459952  0.0011227  0.000208544  -1.10847e-05  0.000455524  -0.000190135  -0.000841427  -0.000294436  -0.000271539 
226 -0.000235193 -0.256218 0.0266735 0.0212078 -0.00137024  -0.0121427  0.00125255  0.00300832  0.011361  -0.0141553  -0.00244679  0.00941526  0.000862607  -0.0112567 
227 -3.50311e-05 0.316929 0.00506495 0.0261723 0.000458876  -0.00194222  0.00110802  -0.00340729  -0.00134013  0.000220361  0.000358486  0.00173159  -0.00112463  0.00161162 
228 -0.000682965 -0.0756071 0.0396603 0.0268332 0.00273829  0.0151586  -0.0156128  -0.00745466  0.0184247  0.0126407  0.00771369  -0.013657  0.000250808  0.0170585 
230 8.41928e-05 0.664444 0.00744184 0.0374596 -0.0010629  -0.000443386  -0.000865703  -0.00461052  -0.00143164  -0.00328995  0.00073162  -0.00409888  -0.00132683  0.000279778 
232 6.86213e-05 2.26801 0.0220284 0.0363185 0.0140474  -0.00258772  -0.0047017  0.00537913  -0.00911907  -0.00610004  -0.00443399  -0.00889941  0.003241  -0.000671135 
233 -8.36628e-05 0.426997 0.00494319 0.0353612 0.00144909  0.000560959  -0.00103201  -0.000350119  -0.000233645  0.00352326  0.00156727  -0.00126379  -0.000652166  -0.00197134 
234 -8.35395e-05 -2.40916 0.0311776 0.036525 -0.00291206  0.0138675  -0.00237704  -0.01083  -0.0035861  0.0112107  -0.0112736  0.00893471  0.0105341  -0.0138523 
238 0.000112452 0.863354 0.0127841 0.0376513 -0.00606298  -0.000632584  0.00503916  -0.00538337  0.00177541  0.00350674  -0.00237634  -0.00303152  -0.00590736  0.00259154 
239 -0.000781711 0.356923 0.0211621 0.0361272 0.00895088  -0.014469  -0.0071888  -0.00166741  -0.000258244  0.00772521  0.00230081  0.000912419  -0.00311062  -0.00532504 
241 1.29671e-05 0.5027 0.000374312 0.0456858 -0.000199212  -9.07156e-05  0.000148885  -5.15558e-05  1.91036e-05  -4.46589e-05  0.00014416  -0.000101339  -4.55014e-05  -0.000178575 
243 0.000374637 1.00819 0.0275934 0.0455437 -0.00917967  -0.00722653  -0.00560447  0.00561248  -0.00827535  -0.0138079  -0.00285966  0.0113118  -0.00657832  -0.0111108 
247 -6.80154e-05 -1.62146 0.0240239 0.0412269 -0.00972101  -0.00370924  -0.000288642  0.00963569  0.0155983  -0.00825723  0.00309923  -0.00684172  0.00268599  -0.000919209 
248 0.000692469 0.703431 0.0237378 0.0420437 0.00479764  0.00455312  0.00894495  -0.00322695  -0.0136199  0.00260762  -0.0146435  -0.00407246  0.000528533  0.00238999 
249 -0.000576091 -0.0731147 0.0363455 0.032794 -0.00718661  0.0107211  0.00832612  -0.0168294  0.0153715  0.00811062  0.00404075  0.0128135  -0.00157243  0.0177989 
254 -0.000199169 0.434145 0.007245 0.0406412 0.00233727  0.000556363  0.00112176  0.00155054  0.00402521  5.33291e-05  -0.00328775  -0.00124856  -0.00207115  0.00319251 
257 0.000495077 0.652231 0.0173638 0.043022 0.00817069  -0.00114464  0.00486666  5.64175e-05  -0.00929018  -0.00841296  0.000150141  0.00225218  -0.00689242  0.000238173 
259 -5.2442e-05 0.336535 0.00585592 0.0368231 -0.00226831  -0.000796537  -0.00273915  0.00066832  -0.00269651  -0.00146137  -4.16757e-05  0.00202148  -0.00193067  0.0018276 
261 1.01471e-05 3.72308 0.0114375 0.0375284 0.00273963  0.000683103  0.000158985  -0.0029301  -0.000400625  -0.00514348  0.00710177  -0.00430872  -0.00129521  0.00411584 
263 8.68891e-05 0.671464 0.00771972 0.037393 -0.00102278  0.000736378  -0.000328627  0.00107014  -0.000373904  0.00230702  0.000231814  -0.00579028  0.00272804  0.00320424 
264 3.06335e-05 0.551309 0.00250749 0.0362126 -0.000909098  0.000683061  -0.000954945  0.000468852  0.000364295  0.000871544  0.000151171  0.000751563  -0.000421768  -0.00148488 
265 3.26482e-07 0.500671 2.96012e-05 0.0357871 8.5907e-06  -7.46518e-06  6.51447e-06  -1.13554e-05  -8.95845e-06  1.56438e-05  -4.32612e-06  -8.03877e-07  8.55073e-06  -1.25641e-05 
266 -2.22992e-05 0.208121 0.00510246 0.0357826 0.00290079  7.32258e-05  0.00122616  -0.00122909  0.00183482  -0.000239892  0.00312  -8.5982e-05  0.000126833  -0.00119126 
267 6.57815e-05 0.54432 0.00341517 0.0360928 -0.00174113  0.000277497  0.00013308  0.00127636  0.00015819  -0.000120547  -0.00103506  -0.000222075  0.0020112  0.00130496 
270 -2.96999e-05 0.456539 0.00227236 0.0351698 -0.000845014  0.00103805  0.000448619  -0.000660052  0.000584687  0.00104389  0.000433804  -0.00105294  -7.30267e-05  -3.63095e-05 
273 0.000240111 0.610699 0.0103119 0.0355895 -0.00142654  -0.00141713  0.0026491  0.000280566  -0.00276214  0.00426904  0.00263589  2.40246e-05  0.00782376  -0.00108685 
274 -0.000688205 0.415786 0.0152361 0.0320395 -0.00239361  8.39603e-05  -0.00367498  -0.00539453  -0.00461803  0.0051115  0.00721482  -0.00490289  -0.000960739  0.00770233 
275 0.000398539 1.2507 0.0345889 0.0414122 0.0066502  0.00905534  0.00305861  0.0109553  -0.0225601  -0.000527992  0.012635  -0.00439331  -0.000421518  -0.0158882 
276 2.07643e-05 0.511205 0.000964807 0.0362838 -0.000136483  -7.94844e-06  0.000248416  0.000192546  6.74305e-05  3.84587e-05  -0.000511678  0.000259737  -0.000425009  0.000545382 
282 -0.000126516 0.463646 0.00429028 0.0359965 -0.00166145  0.0024666  0.00110653  -0.0019452  -0.000424651  -1.63772e-05  0.000626636  0.000479327  0.00147931  0.00124995 
284 0.00089301 0.679045 0.0252906 0.037713 0.0045809  -0.00448366  0.00796321  0.00731524  0.00562682  -0.00891462  -0.0122167  0.00848402  0.0114093  -0.00436723 
285 7.16504e-06 0.537176 0.00103222 0.0230143 -1.9978e-05  0.000549695  -0.000290462  -3.06216e-05  0.000571574  -0.000368534  -0.000242485  -0.00035698  0.000120979  0.000119286 
287 -0.000195603 -0.134234 0.0222771 0.0228582 -0.00391361  -0.0053499  -0.0131614  -0.00801089  0.0128961  0.00526725  -0.00384505  -0.000804803  0.00060824  -0.00225381 
288 -0.000961303 0.227875 0.0323606 0.0267977 -0.00354699  0.00321921  0.0169279  -0.00632721  -0.00218904  -0.00756177  0.0100335  0.0212096  0.00583902  0.0071476 
289 -0.000424314 -0.15785 0.0334172 0.0409864 0.0168324  -0.00613507  -0.0080166  -0.0140734  -0.00478618  -0.00867162  -0.0116802  -0.0148529  -0.00303822  -0.00830937 
290 9.94843e-05 6.52285 0.0489478 0.0458725 -0.0152053  -0.00357066  0.0148158  0.018308  -0.0128813  0.00218448  -0.018477  -0.0113659  -0.0180692  0.0250891 
291 -0.00026617 -1.1497 0.041908 0.0447751 0.0140449  0.0143498  -0.0112705  0.0124175  0.0170367  -0.00740977  0.0162026  -0.0208778  0.0029523  0.00442865 
293 0.000726358 0.822214 0.0305939 0.0476551 -0.00589894  -0.00368419  0.00462869  -0.00666574  0.0079675  0.0148152  0.00851785  -0.00522782  0.00241711  -0.02081 
294 0.000576717 0.679953 0.0203753 0.0393055 -0.0050413  -0.00601687  -0.00729378  -0.00172391  0.00123289  -0.0104441  0.00548733  0.0109481  -0.000191629  -0.00606272 
295 1.19395e-05 0.614325 0.00233666 0.0311186 -0.000134174  0.000982786  -0.000568678  0.00123287  0.00150261  0.000228873  -0.000433114  -2.18231e-05  -0.00035637  8.63256e-05 
296 0.000111132 0.597913 0.00659761 0.0309262 -0.0017446  0.0011672  -0.00134848  0.00176304  -0.000967267  0.00282768  -0.00145892  -0.000137964  0.00472503  0.000889406 
301 8.06484e-06 0.657755 0.0022559 0.0290741 -0.000496624  -0.00108606  0.000763302  -0.000859764  -0.000176247  0.000191392  0.0001315  0.00016631  0.000962332  -0.00114122 
302 6.44952e-05 1.01606 0.0115381 0.0289351 3.83885e-05  0.00312083  -0.00183809  0.00381234  -0.00370251  0.00462195  0.00628097  0.00455199  0.000103857  0.00319723 
303 -0.000260396 0.228969 0.0168036 0.0277983 0.00708076  -0.00259772  0.000714394  0.0035436  0.00239246  0.00808644  -0.000174776  0.00586363  -0.00234659  0.0100686 
306 -0.00036926 0.32798 0.0159433 0.032143 0.0075734  -0.00118624  -0.0030627  -0.0049961  0.00065806  -0.0106881  0.0034734  0.00289339  0.00483417  -0.00161562 
308 -0.000275823 0.0646332 0.0219183 0.03745 -0.0076132  0.00032019  0.00525585  -0.00542371  0.00790194  -0.0148832  -0.00314081  0.00284366  -0.00753486  0.0025753 
310 -0.000162925 0.447868 0.0058301 0.0409678 0.00317135  -1.86366e-05  0.000386211  0.00166894  0.00188398  -0.00144289  -0.000684404  7.90948e-05  -0.00383113  0.000462818 
311 8.83459e-05 4.37732 0.037012 0.0429104 -0.00599428  0.00927495  0.00210052  0.0237744  0.00609115  0.0214912  -0.0102255  0.00425457  -0.00248822  0.00710428 
315 -0.000206265 -0.0277676 0.0208682 0.0418684 -0.00596357  0.000101222  -0.0049871  0.00348866  -0.00675781  0.00508699  -0.0144918  -0.00679703  -0.00275435  0.00524614 
317 -0.000428394 -2.53134 0.0720574 0.0442634 -0.00903097  -0.0250792  0.00105326  -0.0264324  -0.0539029  -0.0137488  0.00698389  -0.0155049  0.0118282  -0.0160721 
318 -0.000129894 -1.59648 0.0330032 0.0488644 -0.00839678  0.0166516  -0.0108284  -0.00682186  0.00732398  -0.0109465  -0.00671723  0.0014719  -0.0145491  -0.0120504 
319 0.000931884 0.787739 0.0327467 0.050176 -0.00676646  -0.00397333  0.00691307  0.00997532  0.0168221  -0.0111398  0.00653004  0.0185945  0.00505316  -0.00651692 
324 -0.000291202 0.438973 0.00843424 0.0398269 -0.00608553  0.000642332  -0.00142285  -0.00025566  5.71608e-05  0.00202609  -0.0024429  -0.00129573  -0.00345547  0.0028116 
325 5.91482e-05 0.635419 0.00566036 0.0433293 -0.00172076  -0.000810306  -0.000100078  0.00201809  0.00100166  0.00324425  0.00138962  -0.00219361  -0.00244134  0.000328365 
327 -7.45054e-05 0.340289 0.00689939 0.0426413 0.000632556  0.000476992  -0.00100888  -0.00142436  0.000193509  -0.00109103  0.00139559  -0.00561903  0.00205971  -0.0022217 
328 0.000168113 0.521881 0.00383759 0.0435062 0.00164509  0.000303854  0.000304219  0.00153995  -0.000455437  0.00102183  -0.00251471  -0.000498945  0.0011968  0.00045595 
333 1.38023e-05 0.632159 0.00270119 0.0415294 -0.000407976  0.00028986  0.00113037  0.000573325  -0.000240946  0.000723415  -0.00187618  0.000273096  -0.000451691  0.00102931 
336 1.465e-07 0.500122 8.46912e-06 0.0413629 2.70615e-06  3.2356e-07  -4.76878e-06  4.44505e-06  3.08546e-06  6.40571e-07  -6.82051e-07  -3.24618e-06  -9.24151e-07  1.04761e-07 
338 2.95279e-05 0.517003 0.00141728 0.0413611 1.80539e-05  0.000822368  0.000151305  -0.000205484  0.00026679  0.000194437  -0.000264988  -3.7898e-06  0.00101007  0.000259804 
339 0.000236434 0.604929 0.00996243 0.0410026 0.0051541  0.00137803  0.00422521  0.00175623  0.000361745  -0.000769782  -0.00342422  -0.00145618  0.00253956  -0.00536946 
340 5.03768e-05 2.12085 0.0180719 0.0380106 -0.000761551  0.00417436  -0.00615274  -0.00898634  -0.00268171  0.00741281  0.00175247  0.00829193  0.00381802  0.00643675 
341 8.16319e-05 1.13684 0.01442 0.0373421 0.00813351  -0.00573112  0.00249942  -0.00357771  -0.000443262  -0.00410892  -0.00135585  0.00769976  0.00327865  -0.000966771 
343 0.000390999 0.635156 0.0145401 0.0362326 0.00484302  0.00541819  0.000847414  0.00503467  0.00636924  0.00618368  -0.00686314  0.0014584  0.000496423  0.00206269 
344 0.000420203 1.14384 0.032892 0.0303625 0.00981794  0.000731475  0.0093056  0.0255675  0.00553644  0.00498236  0.00648358  -0.000116824  -0.0121255  0.000332823 
347 -0.00047308 -0.460678 0.0426385 0.0224001 -0.0126898  -0.0137104  0.00274553  -0.00219696  -0.00249276  0.03021  0.0141269  -0.00476396  0.0161737  0.00734587 
