generation s h r distopt trait[0] trait[1] trait[2] trait[3] trait[4] trait[5] trait[6] trait[7] trait[8] trait[9] 
4 0.000287838 1.59659 0.0355277 0.03 -0.0165506  -0.0211066  -0.00524001  0.0104119  -0.0107307  0.0131248  0.00450337  0.00459639  0.00853246  -0.00230758 
8 -0.000143829 0.443054 0.00572487 0.0504531 0.00337128  0.00136163  -0.000303984  -0.00262573  -0.00106771  -0.00291926  0.00069026  0.000347676  0.000770625  -0.00130938 
9 0.00177077 0.820242 0.0476153 0.0610217 0.00590636  -0.0371659  -0.0113457  -0.00105441  -0.00484636  -0.0150118  0.00389527  -0.019165  0.00414939  0.00852415 
11 0.00133163 0.719785 0.0342144 0.0577925 -0.000569972  -0.0149249  0.0104184  -0.00696664  0.00723672  0.0223824  -0.0139501  0.00332624  -0.00475078  -0.00298247 
15 0.00197198 0.582392 0.0255176 0.0778441 -0.0166617  -0.00605314  -0.00640265  -0.00703765  0.0128595  -0.00348662  0.00438713  -0.00153922  -0.00566246  -0.00389484 
17 0.000716483 0.578337 0.0149893 0.0826812 0.00343159  -0.00584299  0.00473583  0.00671121  -0.00636256  -0.00699422  0.00267819  -0.00367437  -0.00098397  -0.000501673 
19 0.00460385 0.654706 0.0534039 0.0974836 -0.0428499  -0.022472  0.000158886  0.00803655  -0.00295312  0.00529591  0.0180804  -0.00725322  -0.00505298  0.0021082 
20 0.000231958 8.69665 0.0871609 0.0784738 -0.0404666  -0.0292308  0.0377378  0.00725743  -0.00409893  0.00158448  0.000753721  0.0544756  0.0246267  -0.00585628 
21 0.00213371 2.35523 0.125651 0.0807758 0.0316849  -0.0905972  -0.050694  -0.0458682  -0.0202727  -0.00973647  -0.0162999  -0.0327381  -0.00688089  -0.00347843 
25 -0.000311561 0.0784718 0.0229221 0.0553296 0.0150768  0.00420995  0.00363624  0.00176351  0.00971587  -0.00484631  0.00732118  0.00821211  -0.000133656  -0.00501168 
30 0.00105264 4.5512 0.130435 0.0846994 -0.0675063  -0.0658019  0.0105532  0.0325215  0.0490522  0.0222057  -0.0309762  0.0384064  -0.0323403  -0.0240315 
31 0.000920476 0.641307 0.0228129 0.0758259 -0.00769488  -0.00417248  -0.00110417  0.00637299  -0.00886515  -0.00588521  -0.00649853  -0.00751595  -0.00837814  0.0109468 
33 0.000355569 0.812654 0.0210865 0.0664294 0.000449387  0.00669361  0.00187419  -0.00220602  -0.000242624  -0.0126587  0.00422414  0.00603978  -0.0023975  0.0130722 
34 0.000674087 0.65763 0.0206176 0.0653923 0.00507393  0.00144538  0.00356928  -0.0120741  -0.000424258  -0.0078086  0.00215497  -0.00717315  -0.00369551  0.0103837 
37 0.00101667 1.86363 0.0744263 0.0752019 0.0292376  -0.0489062  0.00639636  0.03107  -0.0184282  0.00119507  0.00555125  -0.0213619  -0.00371241  -0.0210811 
38 0.00209018 0.699892 0.0408819 0.0710185 -0.0155122  -0.00527627  0.011807  -0.0206728  -0.00378269  0.0173229  -0.00131289  -0.0123275  0.017492  -0.0078763 
42 0.00131163 1.5822 0.0753052 0.0755549 -0.0329225  -0.0137961  0.0302281  -0.0387616  0.0149959  -0.0106202  0.00490649  -0.00678462  0.0112779  0.0380196 
43 0.000471372 0.893627 0.0272405 0.0712678 -0.00878434  -0.0105816  -0.0024089  0.00700287  0.021976  -0.0025764  0.00186701  0.000205476  -0.000639861  0.00213289 
44 0.00191273 0.738716 0.0427324 0.072294 0.000920909  -0.0195757  -0.0245243  -0.00539866  -0.00761467  -0.00882511  0.0127516  -0.0131834  0.00809367  0.016542 
48 0.0019352 0.613801 0.0296956 0.0798196 -0.00816091  -0.00990433  0.0103729  0.0155281  0.00159296  0.000166798  0.00848047  0.00828935  -0.00561394  -0.0139176 
51 0.00163651 0.573461 0.0219498 0.0899621 0.00432804  -0.014118  -0.00968664  -0.00780889  0.00386187  0.00170334  -0.000765935  0.00855838  0.00360593  -0.00206904 
53 0.000866556 1.34492 0.0540992 0.0971567 -0.00437435  -0.0197895  0.0066171  0.0115391  0.00956592  0.0344283  -0.00201604  -0.0193299  0.0198079  -0.0170924 
55 0.00394275 0.610442 0.0417818 0.107501 -0.00113935  -0.0324339  -0.0146214  -0.00953043  0.004564  -0.0160302  0.00376458  -0.00354287  -0.0039111  -0.00824778 
56 0.00395038 0.879447 0.0773778 0.0938344 0.00192544  -0.0230665  -0.00411147  0.024022  -0.0311689  -0.0340473  -0.00597409  0.0459162  -0.0241422  0.000196492 
58 0.00395032 0.614151 0.0425153 0.0837044 -0.0264708  -0.00945979  0.00351915  -0.00612253  -0.00267949  0.0213665  0.000587916  -0.00028061  0.0122677  0.0187845 
60 0.00127973 2.01471 0.0879889 0.0724792 -0.0263259  -0.0458457  -0.0598512  0.0124888  0.000171468  0.0124097  0.0212173  -0.0210786  0.000864337  -0.0126398 
61 5.85101e-06 35.083 0.0284481 0.0657297 0.00142532  -0.00245532  0.00540401  -0.00521772  0.0120186  0.00780305  -0.0135574  -0.0120975  0.0132057  -0.00591047 
62 0.000968791 0.558631 0.015085 0.0694705 -0.00126325  0.000915302  0.00342659  -0.00538088  -0.0094902  -0.00844577  0.000535736  0.00365668  -0.00236546  -0.0019442 
63 -0.00104739 -1.07474 0.0812159 0.0676511 -0.0166792  -0.0373526  0.0342409  0.0163846  -0.0276816  0.0250589  -0.0105797  0.00381925  0.0442745  -0.000857946 
69 -0.000211743 0.294902 0.0131814 0.0960762 0.0022134  0.00312959  -0.00519409  -0.00809377  -0.000584219  -0.00638046  0.00294282  -0.00199186  1.93914e-05  -0.00358999 
70 0.00199113 0.718343 0.0416998 0.10401 0.00246411  -0.028939  0.022453  0.0103149  0.00749722  -0.000129221  -0.00117939  0.0142455  0.00475257  -0.00128764 
71 0.00297055 0.63806 0.0405227 0.0994431 0.00249938  -0.0121372  0.00673406  0.00493564  0.00249839  -0.0276411  0.0122184  -0.00507094  -0.0213134  -0.00439162 
72 0.00266208 1.07234 0.078008 0.0893171 -0.0111612  -0.00552913  -0.0243846  -0.000584857  0.0129808  -0.00931035  -0.0597239  -0.00837578  -0.0366937  0.00981992 
73 0.00127244 0.580136 0.0202089 0.0799136 9.32249e-05  -0.00698753  -0.00760421  -0.00563568  -0.00978648  0.00414953  0.00562416  0.00890021  -0.00659718  0.00161871 
76 5.92833e-05 0.525002 0.00243523 0.0955557 -6.86586e-05  -0.000962355  -0.000541319  0.00184902  -2.98656e-05  -0.000695278  0.000444926  0.000191121  0.000327743  -0.000679279 
77 0.00460788 0.578516 0.0381332 0.103885 -0.0144862  -0.0256341  -0.00571324  -0.00356947  0.00249876  0.0190944  0.00870733  -0.00546294  0.00635799  -0.00498743 
78 0.00116953 0.949081 0.0458231 0.0867798 -0.0130988  -0.0147852  -0.00790301  -0.0126965  -0.0130839  0.0181439  -0.00584258  -0.017876  0.00478463  0.0246768 
79 0.00201983 0.613393 0.0302845 0.0867433 -0.00199666  -0.0112739  -0.0011033  -0.0108522  -0.00935145  -0.0212876  0.00930356  -0.00276697  0.00286676  -0.00490204 
80 -4.43756e-05 0.178117 0.00755889 0.0815199 -0.00357742  0.00202597  0.00087954  -0.00282803  -0.00232767  -0.00243651  0.00179616  -0.00255539  -4.64131e-05  0.00321714 
83 0.00398501 0.736093 0.0613351 0.106474 -0.00509368  -0.0403358  0.000213432  0.0138848  0.0207613  -0.014498  -0.019105  0.0112971  0.0268208  0.00793934 
86 0.000884687 0.613757 0.0200686 0.107022 0.00314349  -0.000939943  0.00832687  -0.00357077  -0.00363743  0.0117748  0.0111369  0.00545238  0.000627665  0.00196653 
87 0.000173526 2.45821 0.0368628 0.111089 -0.0235726  0.00760646  -0.00455727  0.00262191  -0.00531517  -0.0127063  0.0134311  -0.0059095  0.00453442  0.0170916 
88 0.00528274 1.08319 0.110842 0.118738 -0.00884802  -0.0402558  0.0770209  -0.00876751  0.0421842  0.0280771  0.0175417  0.0230759  -0.0206651  -0.0272564 
89 0.00280741 0.964363 0.0721655 0.100746 -0.0322501  -0.0315495  0.00364394  -0.0135198  -0.0232932  -0.0267876  -0.0216123  0.021007  -0.00289637  -0.0282743 
91 0.000641918 0.559584 0.0123752 0.0944804 0.00791698  0.00142449  -0.00398004  0.00151956  0.000855627  0.00481832  0.00345684  -0.00094868  -0.000443905  0.00577007 
92 0.00606252 0.95829 0.105276 0.0972723 -0.0571982  -0.0405538  -0.0334304  0.00604531  -0.0118322  -0.0116608  0.0392379  -0.0314317  -0.0179124  0.0434529 
95 2.11026e-05 8.3657 0.025766 0.0677312 0.00609644  -0.000632353  -0.00262303  -0.0146414  -0.0046075  -0.00231673  -0.010876  -0.0140429  0.00451688  -0.00652532 
98 0.000127981 0.542787 0.00468083 0.0874138 -0.000524573  8.13632e-05  0.000630367  0.00177361  0.00185335  0.00337086  0.0017413  0.000503776  -1.26322e-05  4.0757e-05 
99 0.00109322 1.81982 0.0759256 0.0945284 -0.00168813  -0.0160043  -0.0368873  0.030029  -0.000428788  -0.00266477  -0.02892  0.0109548  -0.0432129  0.0203048 
100 0.00186827 0.549308 0.0192318 0.095691 -0.003188  -0.0144269  -0.00593513  -0.00485709  -0.00311063  -7.51769e-05  0.00533743  0.000499709  -0.00405506  -0.00615496 
101 0.000168271 4.03709 0.0487838 0.0922661 0.00546206  -0.00454505  0.0312959  -0.0213049  -0.0150041  -0.00411632  -0.0206327  -0.00195417  0.0149122  0.00144036 
103 0.00131793 3.14526 0.117951 0.10633 0.0246277  -0.0435064  0.00627825  0.0470903  0.0353857  0.0497855  -0.0316453  -0.0210718  0.0408428  -0.0480827 
106 0.0112704 0.735654 0.10302 0.118679 -0.0428844  -0.0701494  0.00393075  -0.00336358  -0.00941335  -0.0140009  0.0526488  -0.00028744  -0.0249519  -0.0121264 
108 0.000956232 0.582488 0.0177709 0.0579554 -0.00234296  -0.00182669  -0.00211509  -0.0138978  0.000450991  -0.00392395  0.000901442  -0.00123772  -0.00491629  0.00819999 
110 0.000452209 1.1259 0.0336426 0.0598438 0.0061068  -0.0198958  0.00619583  -0.0065738  -0.017559  0.0023287  0.0133089  -0.00247893  0.0102671  0.0038289 
115 -0.00050315 -7.0141 0.122875 0.0892767 -0.014992  -0.0333513  -0.0875734  -0.0102537  0.0580611  -0.0263309  -0.0170478  0.037077  -0.00704493  0.0144085 
117 0.00203696 0.847631 0.0532037 0.101725 -0.0256649  0.00752081  0.0148438  0.0227999  -0.00573758  0.0322972  -0.00666339  -0.00934971  0.00990774  -0.00831878 
121 0.00908385 0.740662 0.0934689 0.119299 0.0123425  -0.0677321  0.0354165  -0.0361931  0.00618447  -0.0196221  0.0182137  0.0201311  0.0124359  0.0108287 
122 0.00238873 0.968744 0.0668866 0.0775379 -0.0206226  -0.0522744  0.00131092  0.00410944  -0.0203639  0.00355132  0.023828  -0.00388696  0.0115737  -0.0123761 
124 0.00187688 0.688028 0.0375741 0.0602012 -0.00645739  -0.013329  0.0191904  0.00762398  -0.0092871  7.92529e-05  -0.0102486  8.75404e-05  -0.0239728  -0.000248486 
130 -3.85346e-05 -0.149445 0.0100053 0.069055 0.00265934  0.00223935  -0.000201008  0.00469503  0.00073576  7.41343e-05  -0.00501536  -0.00492311  0.00167099  0.00363393 
132 0.00260621 1.28786 0.0905406 0.0868165 -0.0281482  -0.0481923  -0.0507025  0.0142749  -0.00931532  -0.0331746  -0.0276309  0.0162916  0.00247011  0.00927061 
135 0.00301021 1.50281 0.10974 0.0849205 -0.0440338  -0.0493487  0.0509191  0.0388823  0.00606069  0.0294045  0.0375372  -0.00562487  -0.0280677  -0.0208375 
137 0.000638394 2.38311 0.0693142 0.0650094 0.00177279  0.013081  0.00621227  -0.0414382  0.0172432  -0.00101984  -0.00987978  -0.0328298  0.0319098  -0.0195572 
138 0.000371388 0.518569 0.0052582 0.0644477 -0.00149829  -0.00189073  -0.00129856  -0.000676204  -0.00251141  0.00147175  -0.00158267  0.00153276  -0.00250797  -0.000261057 
139 -0.000685339 0.216314 0.0278946 0.0670915 -0.00712224  -0.00660198  -0.00871257  0.00942044  -0.0143056  0.00299599  -0.00193655  -0.00369262  -0.00556036  -0.016038 
142 0.00136429 0.535935 0.0140318 0.0895241 0.00116551  -0.00259524  -0.00635241  -0.000990977  -0.00478261  -0.00699214  -0.00061651  0.00168268  0.000566314  0.00849511 
144 0.00149875 0.600172 0.0245186 0.0972538 -0.00185388  -0.00805432  0.00879506  -0.0131051  0.00385535  -0.00819605  -0.0121868  -0.00244784  0.00609716  0.00316716 
146 0.000104409 24.1838 0.0993906 0.106027 -0.0419865  -0.049899  0.0172543  0.0129667  0.00382087  -0.0129875  0.0388413  0.00632005  0.0576418  -0.0102681 
152 0.00193926 0.871779 0.0536839 0.135353 0.0124909  -0.00821366  -0.00174802  -0.0270872  -0.0212362  0.00915666  0.00615362  0.0125949  -0.0304875  -0.0161522 
153 0.00182019 3.46303 0.146619 0.134996 -0.0495823  -0.0668703  -0.0663729  -0.00978617  -0.0669722  -0.035838  -0.00509632  -0.0139042  0.0214129  0.0601549 
154 0.000780216 2.81247 0.0848993 0.129736 -0.0124211  0.0463741  -0.00311788  -0.00373371  0.0458355  0.0346725  -0.000996745  0.00653568  -0.00863604  0.0381842 
156 0.00765006 0.638818 0.0652571 0.137938 0.0108871  -0.0482904  0.013442  0.0236583  -0.00585739  0.0222273  0.00413778  -0.0176384  0.0134997  -0.00536237 
157 0.00084135 6.29935 0.139506 0.111286 -0.0380486  -0.0658451  0.0739404  0.0186205  0.0319491  -0.0150743  -0.056949  0.0185674  -0.0130415  0.0534667 
158 0.000282331 0.520628 0.00483029 0.105899 -0.0006751  0.00114619  -0.000174493  -0.00109521  0.00154536  0.00166195  -0.00229088  0.00166184  -0.00243641  -0.00111178 
159 0.00261141 1.73282 0.113329 0.104015 0.0409491  -0.0533175  -0.0438011  -0.0412044  -0.0139686  -0.0111403  -0.0216732  -0.0366091  -0.0424291  -0.0278967 
163 0.00223241 0.542131 0.0194489 0.0840934 -0.0100712  0.00121938  0.00115885  0.00665368  -0.00146765  0.00422644  0.0019241  0.00945426  0.00408107  -0.00999872 
169 0.000553182 1.12002 0.0370334 0.0938365 0.00617009  -0.0186626  0.0116837  -0.00164255  0.0189039  -0.0098559  -0.00754456  -0.006282  0.0117207  -0.0125559 
171 0.00143789 0.646944 0.0290774 0.10285 -0.00570506  -0.0159615  -0.00424057  -0.0122633  -0.0059946  0.00757321  -0.00517622  -0.00212496  -0.0128053  -0.0100615 
173 0.00312815 0.968525 0.0765108 0.107657 -0.00224844  -0.0597423  -0.0318209  -0.00409776  -0.00646649  0.0078839  0.0237169  -0.0122634  0.0137466  -0.0156373 
174 0.00311209 0.799709 0.0610589 0.0941812 -0.0109913  0.0174498  0.00827905  0.02566  -0.0328292  -0.0126211  0.0165906  0.0239327  -0.0218131  0.00387641 
176 0.000795431 1.37949 0.0528823 0.0874414 -0.0198367  -0.00436425  -0.0219106  0.0170673  0.0227302  0.0185358  -0.00557234  -0.0116437  0.0242022  0.000123747 
177 0.00153811 1.49507 0.0781914 0.0886566 -0.0345845  -0.0263355  -0.0158276  0.0151963  0.032867  0.00328243  0.0211603  0.0280077  -0.00990394  0.0363527 
178 0.00152975 2.15649 0.100582 0.082346 0.0118549  -0.0328107  0.0398825  -0.029897  -0.00691301  0.00743386  0.0202921  0.0690206  -0.0262749  -0.0211222 
179 0.000782286 2.74579 0.0837782 0.0734476 -0.0256093  -0.027721  0.0353974  0.00302049  -0.0201383  0.00238929  0.0128457  -0.0454345  -0.0267564  -0.0312397 
182 0.00110727 0.56289 0.0167031 0.0641461 0.0112104  -0.00222005  0.000915513  0.0012106  -0.00161534  0.000209823  -0.00656736  -0.00496773  0.00844691  0.00206812 
187 0.00367543 0.878181 0.0745157 0.0800138 -0.0183733  -0.0448926  -0.0191242  0.033865  -0.00978752  0.00585323  -0.03187  0.0117441  0.0132172  0.0151232 
190 -0.00054468 -1.66289 0.0686366 0.0652658 -0.00944683  -0.017904  0.0071172  0.0096946  0.00210146  0.00764599  0.0407163  -0.0385506  0.0287506  0.0110954 
191 0.000977325 0.988886 0.0437068 0.0728699 -0.0229785  -0.00801002  -0.00967096  -0.00502488  -0.0119805  -0.00481732  -0.0130172  0.0205131  -0.0161558  0.0134669 
194 0.00208064 0.796477 0.0496616 0.0779632 0.000692929  -0.00335514  -0.00886698  -0.0246495  0.00390927  -0.0198467  -0.00491803  -0.0259632  0.0124826  -0.0224734 
196 0.000578213 0.768796 0.0249324 0.0777804 0.00555249  -0.00157192  0.0104749  -0.00383517  -0.00182354  0.00861284  -0.018308  0.00445825  -0.00528926  -0.00183016 
199 0.00115224 0.5411 0.0137833 0.100435 0.00132272  -0.00509325  0.00595176  -0.0024582  0.0018011  -0.00326207  0.00517454  0.00656837  0.0040035  -0.00458157 
200 -0.00066838 -0.126602 0.0409349 0.103875 0.0146162  -0.0123153  -0.0111563  0.00401216  0.00335007  -0.0203186  0.00701202  -0.022702  0.00297337  -0.0131282 
201 0.000226721 4.06477 0.0568435 0.115747 -0.00574348  -0.00768618  -0.0185357  -0.0149307  0.0226618  -0.00115252  0.0149524  0.028502  0.0131996  -0.0291131 
202 0.00574947 1.37797 0.141773 0.114764 -0.0866921  -0.0513101  0.0192696  0.0267593  -0.0304127  0.0307549  0.00661159  -0.0234927  -0.0124209  0.0790144 
203 0.000524272 1.34113 0.0419907 0.0862421 0.012302  0.00847184  -0.0051892  -0.00343938  0.00259778  -0.0323911  -0.017283  0.00303546  0.00222603  0.0115128 
206 0.0024379 0.938925 0.0653887 0.0831478 0.0216889  -0.0371715  -0.0224306  0.00377421  0.0363909  0.00292004  -0.00503926  -0.00914651  0.0123951  -0.0176258 
207 0.0012742 1.22796 0.0608851 0.0669225 0.0346046  0.0104022  0.0213651  -0.00748539  -0.00293468  -0.00472902  0.0107703  0.0117021  -0.0379084  -0.0129561 
217 0.000413652 0.532671 0.00735743 0.0566148 -0.00114906  0.00170332  0.00304542  -0.00282076  0.000291919  -0.00112931  -0.00367067  0.00267104  0.00271216  0.00183148 
218 0.000678953 0.608715 0.0171863 0.0528363 -0.00587126  -0.00563714  0.00102779  -0.00197171  0.00281222  0.00431498  -0.00146406  0.00160942  -0.00750558  -0.0116868 
221 0.000388585 0.579532 0.0111206 0.0459668 -0.00331433  -0.00094696  0.00334167  0.000835391  0.000382548  0.00364249  0.00182783  0.00870663  -0.00270237  0.00024344 
222 0.000147258 5.91061 0.0564404 0.0415264 -0.0149234  -0.0217041  -0.00274246  -0.0201937  -0.017014  -0.00521106  -0.027902  -0.00371192  0.0301085  0.00780919 
225 0.00018916 2.01095 0.0338082 0.0397139 -0.0140874  0.00446671  -0.00569924  0.0207405  0.00459934  0.0139216  -0.0104217  0.0103196  0.000562015  0.00561746 
226 -5.41104e-05 0.443746 0.00348963 0.0372565 0.000472799  0.00194091  -0.000413006  -0.00139428  -0.000576177  0.00149108  -0.00137525  -0.00038029  0.0011096  0.00049979 
227 -3.98998e-05 -7.93963 0.0366982 0.0379758 -0.00469084  -0.00906936  0.00128607  -0.0245771  0.00147603  0.0072758  0.0111517  0.00693477  -0.0134811  -0.0150833 
228 -0.000278947 0.349063 0.0129797 0.0384976 -0.00814257  -0.000828723  0.00844073  -0.00221496  -0.000321045  0.000639712  -0.000981434  0.00183225  -0.00210773  -0.00400706 
231 0.000547142 0.585739 0.0137018 0.0419648 0.00389971  0.00555856  -0.000943522  0.000243797  0.0077853  -0.00354382  0.0079994  -0.0015322  -0.000523026  0.000950911 
237 0.000114763 0.531911 0.00382814 0.0348433 -0.000249423  0.000222996  0.000410963  0.00304413  0.00160504  0.00122011  -9.89925e-05  -0.000246716  -0.000393521  -0.000903736 
240 2.07655e-05 0.645996 0.00348236 0.0331557 -0.00161115  0.00158512  0.00106207  0.000815213  -0.000600625  0.00179903  0.00113306  0.000152479  0.000560666  8.42978e-05 
241 -5.26117e-06 0.372459 0.00163831 0.0328411 0.000450375  0.000737407  0.000161538  -0.000657012  -0.000290148  0.000981629  -0.000382486  9.79397e-05  -3.13251e-05  0.000524461 
243 -3.77284e-05 0.118925 0.00758359 0.0329211 0.00111173  -0.00131799  0.00364907  -7.46574e-05  0.00177165  0.00325249  -0.00245062  0.00120095  0.00170832  0.00413919 
247 0.000299791 0.598006 0.0108421 0.0334892 0.00354666  0.00243124  0.00313808  0.00425357  0.000481149  -0.00323177  0.00441295  0.00532184  -0.00350967  -0.000575141 
250 0.000253595 0.712164 0.0146702 0.0286667 0.00607114  0.00437727  -0.000257521  0.00340642  0.00229939  -0.00305781  -0.00533965  0.00507506  0.00437204  -0.00771397 
251 0.000240886 0.587592 0.00918784 0.0238373 0.00114197  0.00218408  -0.000709414  0.00399085  0.000301027  -0.00364001  -0.00112717  -0.00395194  0.0055541  -0.000913958 
