generation s h r distopt trait[0] trait[1] trait[2] trait[3] trait[4] trait[5] trait[6] trait[7] trait[8] trait[9] 
3 0.000603148 4.83248 0.102156 0.1 -0.0461103  -0.0406425  0.0123261  -0.0318482  0.049847  -0.0432993  0.00679682  -0.029064  0.0137703  -0.00718481 
4 0.00694981 0.880446 0.102711 0.127975 0.0150834  -0.028308  -0.00118972  0.0146689  -0.039178  0.0302775  -0.0109454  0.0447912  -0.0478517  0.0493627 
7 0.00981295 0.635463 0.0730438 0.232979 -0.0334291  -0.0197125  -0.000478078  -0.0145924  0.032577  -0.0344279  -0.0137887  0.000574427  0.0112954  -0.0324279 
9 0.0175133 0.544104 0.0566773 0.305283 -0.0315426  -0.0295894  0.0225938  0.00573639  0.0191433  0.00054953  0.00594542  -0.0040955  -0.0122885  -0.0151182 
10 0.000124308 0.541359 0.00453556 0.322083 -0.00031882  0.00021894  -0.000613883  0.00375838  0.00127449  0.000954089  -0.00115438  -0.00113932  0.000792913  0.000354234 
12 0.00813716 2.67366 0.264353 0.41765 0.0312651  -0.113721  -0.0651417  -0.0703174  -0.00394386  -0.0998617  0.0723486  0.153517  0.0716754  0.0534528 
13 0.00984973 0.62285 0.0697249 0.447132 0.00765672  0.00409759  -0.00746235  0.0444809  0.0240944  0.0239047  -0.0342855  -0.00654654  -0.0192387  -0.00338476 
14 0.0600092 0.65021 0.191184 0.478953 -0.0190224  -0.0469545  0.0919298  0.0761604  -0.0588592  -0.0223898  0.0350372  -0.0914494  0.0171162  -0.0767068 
15 0.0568876 0.535906 0.0972982 0.45861 0.0110878  -0.0685736  0.00610463  -0.015485  0.00844373  0.0402444  -0.0482139  -0.00394248  0.00988386  0.0153585 
17 0.05178 0.658023 0.1818 0.486397 -0.0279473  -0.0801609  0.0375153  -0.00715876  -0.00767979  -0.00970818  0.106949  -0.111969  -0.0122428  -0.0103767 
21 0.0131508 1.06462 0.171709 0.612676 -0.0792299  0.0213012  0.0152208  0.041891  0.0688203  0.0299454  -0.0347038  0.11534  0.00283841  -0.0248548 
23 0.0627248 0.70116 0.224698 0.696287 0.0526192  -0.123479  0.00470719  0.051882  -0.0308369  -0.0533581  -0.075223  0.137746  -0.0316541  -0.0180862 
25 0.0286675 0.527455 0.0591776 0.740067 -0.00977603  -0.0219689  -0.00979961  -0.00995265  0.0204132  0.0262896  -0.0183951  0.0182705  -0.0254053  -0.0174134 
26 0.0634573 0.623561 0.179378 0.765762 0.0394939  -0.106904  0.0595882  -0.0515755  0.0343949  -0.058172  -0.058335  -0.0385034  -0.0593711  0.000137409 
28 0.0405743 0.654125 0.158848 0.810585 -0.0510361  -0.0179379  -0.0199632  -0.0830516  0.0356151  0.0710243  -0.0315634  0.0829146  0.0249378  0.0142932 
32 0.0416276 0.523467 0.0682468 0.962911 -0.0488813  0.00655518  0.00133699  -0.0235279  -0.0135184  0.00556804  -0.0186331  -0.0122773  0.0206238  0.0230848 
33 0.0892595 0.510883 0.0858583 0.987486 -0.028675  -0.0408108  0.0441638  -0.0255663  0.0128379  -0.00106023  0.0302795  -0.0299755  0.0151324  -0.00833575 
34 0.133605 0.523984 0.140906 0.989181 -0.0107035  -0.0682576  -0.0364854  0.0430668  0.00295091  0.0871186  -0.056851  0.00551108  0.0297882  -0.012113 
36 0.0805634 0.558888 0.145608 1.01604 -0.0308233  -0.063451  -0.0739274  -0.0348345  0.00806372  0.00962583  -0.068854  0.0624739  -0.00783124  -0.0261545 
39 0.169386 0.503574 0.120259 1.11361 -0.0575376  -0.0528158  -0.014023  -0.00624466  0.0567166  -0.0267  0.0254004  -0.0540902  -0.000915163  -0.0250017 
40 0.0196133 1.01509 0.200019 1.08704 -0.0566157  -0.0277648  -0.0358685  0.0762405  0.00343488  -0.026289  -0.0901727  0.0916259  0.0591342  0.0905874 
41 0.138357 0.516395 0.129875 1.12273 -0.0222349  -0.047454  0.0160736  -0.0698572  -0.0426403  0.0374023  0.0269477  -0.0232464  0.0612246  -0.0274002 
42 0.0116434 1.13465 0.171308 1.06345 -0.00565577  0.0214121  -0.00791445  -0.0486319  -0.0850363  0.109197  0.000109219  -0.0512819  -0.0460604  0.050215 
47 0.0590874 0.579515 0.140926 1.05799 -0.0575522  -0.0567415  0.0188678  -0.088302  0.011662  -0.00958739  -0.0641586  0.0100026  0.0267078  0.00417182 
50 0.0230816 0.509907 0.0341243 1.03051 -0.0150355  -0.0111906  0.00361678  -0.00221113  -0.0184412  -0.0100942  -0.00649083  0.0049326  0.00826412  -0.0147809 
54 0.041309 0.525577 0.070412 1.01937 0.0157551  -0.0260892  0.0423078  -0.0117699  0.0200113  -0.0241876  0.00891724  -0.0303656  0.00172952  -0.0105085 
55 0.0252452 0.966762 0.215844 0.999322 0.0920461  -0.0397486  0.0470885  0.085606  0.0239692  0.0297379  0.125225  0.0934429  -0.030133  0.0145185 
57 0.0192341 0.520297 0.0415677 0.986769 0.00959049  -0.0151097  -0.00378632  -0.0177367  0.00683559  -0.00579613  0.0180602  -0.0105562  0.0191335  -0.0139517 
60 0.17513 0.655876 0.334918 0.977068 -0.187915  0.00645847  -0.0447093  -0.068065  -0.0538959  0.0827864  0.127019  -0.169702  0.0969313  0.0780891 
63 0.0214908 0.544243 0.0631439 0.890664 -0.0239903  -0.00322743  0.0256343  0.00831606  -0.00795763  -0.00977244  -0.00545374  0.00287696  -0.00761223  -0.0491948 
64 0.0296172 0.890696 0.213957 0.878647 0.143956  -0.0430028  -0.103707  0.0805572  -0.0474138  -0.0108731  0.00209808  0.0497442  -0.019393  -0.0271916 
66 0.0962208 0.507565 0.0836386 0.861878 -0.00870363  -0.046546  0.00509905  -0.00434195  0.0129788  -0.0434944  0.0277445  -0.0311548  0.000709748  0.0301195 
67 0.0332461 0.568394 0.0973213 0.806824 -0.0323166  -0.00256376  0.0205817  0.0561852  0.00819707  -0.0499087  0.0392267  0.0152132  0.0107561  -0.0199042 
68 0.0232983 0.585766 0.0903227 0.786294 -0.0182873  -0.0211413  -0.0254453  0.0442852  -0.000394083  0.03131  0.0466063  0.0361678  0.00281459  0.0173067 
69 0.0294377 0.508245 0.0371147 0.77151 0.00229388  -0.0264925  -0.0199288  0.00290836  -0.00695073  -0.00311908  0.00439855  0.0121694  -0.00318003  0.00540117 
70 0.0160643 0.990296 0.176804 0.752473 0.027511  -0.0599897  -0.0296699  -0.0269044  -0.0482847  0.0974705  0.0125105  0.0609933  -0.0890256  0.0408114 
72 0.0313474 0.510809 0.0425497 0.741808 -9.96401e-05  -0.02099  0.0105795  0.0184989  0.00843272  0.00861676  0.00405936  -0.0140786  -0.014823  0.0183299 
74 0.0182758 0.514551 0.034899 0.720703 -0.0114364  -0.0116849  0.00992096  0.0150963  -0.00780148  0.0185663  0.0072565  -0.00708888  -0.0106779  0.00133744 
77 0.0408574 0.613429 0.137576 0.708027 -0.0489805  -0.00373628  -0.0285004  0.0183553  0.0696882  -0.0198796  0.0149245  -0.0323707  0.0616101  -0.0710418 
78 0.0772039 0.529905 0.107921 0.679159 -0.0229197  -0.0310388  -0.0551203  -0.0216274  -0.0135793  0.00446623  -0.017525  -0.0623019  -0.0472405  0.00524301 
85 0.0328559 0.769567 0.187687 0.622003 -0.08139  0.0303699  0.00500846  -0.0708036  0.00668036  -0.0686419  0.00348932  -0.0879357  -0.06218  0.0792088 
88 0.02754 0.667851 0.13626 0.59545 0.00978141  -0.0286871  0.0452959  0.0543581  0.00256078  0.0611071  0.0260619  -0.0881328  0.0183024  -0.0109329 
90 0.0185975 0.51477 0.0354718 0.572183 -0.00790508  -0.008543  0.0129623  0.00164576  -0.0144372  -0.0140354  -0.0143424  0.00801133  0.00361073  0.0162387 
91 0.0795385 0.547316 0.131832 0.555847 -0.0307021  -0.0632596  0.000152025  -0.0273999  0.0266603  -0.0624048  -0.0388618  0.0716519  -0.0183196  -0.00998228 
92 0.068329 0.901395 0.326933 0.482113 -0.0133003  -0.156596  0.0892948  0.158846  0.0640479  0.0171465  -0.0817763  0.0977919  -0.107876  -0.129214 
96 0.0105032 1.41935 0.195688 0.407844 -0.0141008  -0.078501  0.0778952  0.0381992  0.0783587  -0.0895857  0.0901624  -0.0366999  0.0270825  0.005524 
97 0.00312682 0.502544 0.00605346 0.394827 0.00106608  -0.00175846  -0.00244498  -0.0016515  -0.000252932  -0.000823408  -0.00391018  -0.00202371  0.00137983  0.00129594 
98 0.0253769 0.65971 0.127635 0.390853 -0.0721358  0.0110683  -0.0424221  -0.034138  0.0139624  -0.0201737  0.0352062  -0.0735065  -0.00480774  0.0270526 
99 0.0107413 0.524195 0.033029 0.35736 0.0106311  0.00405033  -0.0123339  -0.0147287  -0.0214449  0.00451072  0.00182754  -0.00419367  -0.00475513  -0.00828623 
100 0.0259268 0.551398 0.0747411 0.342085 -0.00791114  -0.0195475  0.00916592  -0.0313504  -0.0361989  -0.0379  -0.0203229  -0.0129812  -0.0189785  0.019652 
111 0.00383257 0.516286 0.0160158 0.302367 -0.00279626  0.00146246  -0.00469943  0.000213545  -0.00515666  0.0106282  -0.000136166  0.00261814  0.00866033  0.00172972 
113 0.0161691 0.654333 0.10009 0.295974 0.0153154  -0.0309011  0.0488878  -0.00225772  -0.0559553  -0.0459321  -0.00794318  -0.00307223  0.0320284  0.00971515 
114 0.00865399 1.00878 0.132419 0.267509 -0.00126172  -0.0796276  -0.0223242  -0.0529574  0.0291195  -0.0298055  -0.0316823  0.0387778  0.0354909  0.0488496 
115 0.0138641 0.730346 0.112964 0.250887 -0.0256973  -0.047915  -0.0506336  -0.0252807  0.00275183  0.0237744  0.0307223  -0.0155267  0.0612059  -0.0331361 
116 0.00953981 0.573318 0.0531844 0.221755 -0.00726527  -0.0172144  -0.039519  0.00172138  -0.0194453  0.00186695  -0.0173496  0.0120654  0.00357631  0.00858912 
118 0.00560346 0.642017 0.0564677 0.1992 0.00678945  -0.0305232  -0.00586504  0.00595618  -0.00023735  -0.00951421  -0.0325386  -0.0290533  -0.000497931  0.0121363 
119 0.00922811 0.802975 0.105636 0.184642 -0.0196093  -0.0578285  -0.0497207  0.0191393  -0.0301576  0.0201135  -0.0113495  -0.0289156  -0.0471812  0.00931436 
121 0.00198601 4.37952 0.175136 0.157819 -0.0419317  0.0667792  0.0345948  -0.0123561  -0.0351198  0.0976944  0.0782206  -0.02825  -0.0627636  -0.0383673 
122 0.000458911 0.53473 0.00799014 0.151403 0.00122906  0.000839754  0.00271252  -0.00088889  -0.00481745  -0.0046584  0.00262379  -0.0011784  0.000126595  0.000530289 
124 0.00975133 0.6538 0.0775407 0.14988 0.0220217  0.0299179  -0.0396302  -0.00334123  -0.0036386  0.0055297  -0.0532808  0.00591275  0.0110812  -0.00322409 
127 0.00354706 0.613705 0.040204 0.11296 0.0072324  -0.0107824  -0.00489945  0.00349081  -0.00949948  -0.00703018  -0.00855562  -0.0235691  0.0214351  0.0135563 
132 0.000545471 7.10336 0.119909 0.0960167 0.0114216  0.0189193  -0.0173526  0.0504998  -0.058015  -0.0711783  -0.0398765  -0.0287723  0.00485291  0.0128358 
133 0.00134915 2.43977 0.102217 0.0931337 -0.0381429  -0.0235735  0.0265394  -0.0102649  0.00701498  -0.0168767  0.0183298  0.0636183  0.0257509  -0.0474096 
135 0.000363804 0.529254 0.00652912 0.08559 -0.00045316  -0.000403102  0.00299693  -0.000405479  -0.00440108  0.00200735  -0.00179045  -0.000247478  -0.00155071  0.00201121 
137 0.0016929 1.04116 0.0605076 0.083438 0.0246352  -0.0298331  -0.0136458  -0.00354991  0.00865445  0.0227327  -0.00372873  -0.0166027  0.0206205  0.0256713 
138 0.000825203 0.532877 0.0104314 0.0725978 0.00615798  0.00107367  0.00064014  -0.00324905  -0.00399061  0.00508837  5.31645e-05  0.000786032  -0.00379848  -0.00138188 
141 0.000791464 1.05092 0.0417537 0.0666751 -0.0123294  0.0128336  0.0192522  -0.00841814  0.0151682  -0.0127217  -0.0140022  0.00144985  -0.00905169  -0.0176955 
143 0.000181581 1.73624 0.0299623 0.0604518 -0.00304503  0.00465493  0.0129681  0.003396  0.0110579  0.00161907  0.00232588  -0.00953111  -0.0181308  -0.0117142 
144 0.00116673 0.844798 0.0401069 0.058931 0.0318933  -0.00802567  0.00204124  0.00507562  -0.00423368  0.00549644  -0.00986927  -0.00396377  0.0180964  -0.00288303 
148 6.44413e-05 1.05473 0.0119576 0.0480292 0.00298402  -0.00189063  0.000423924  -0.000330712  -0.00647733  -0.0024342  0.00348999  -0.00446047  0.000896278  0.00703253 
149 -2.65165e-05 0.485673 0.00123289 0.0473536 0.0001272  7.77819e-05  -0.000335937  -0.000565968  0.000348804  -0.000689077  0.000193751  0.000274915  -0.000595741  -9.89315e-06 
151 8.18583e-06 0.523109 0.000869889 0.0476328 -0.000353479  0.000290808  -0.000590315  7.01185e-06  -4.14324e-05  8.16005e-05  -0.000368526  -2.40958e-05  0.000153911  0.00017382 
152 -0.00027845 0.264834 0.0161862 0.0475468 0.000695423  -0.00824038  -0.000337887  -0.00754432  0.000343911  0.00151268  0.00561759  -0.00103188  -0.0100224  0.00104822 
155 0.000160113 0.914638 0.0162954 0.0503903 -0.0114021  0.00316832  0.00312004  0.0066801  -0.00323507  0.000680198  -0.00430233  -0.00307423  0.00432565  0.00367865 
156 -0.00018199 0.236249 0.0138575 0.0487759 0.00498752  -0.00324092  0.000310579  -0.00194634  0.00514944  -0.000604844  -0.00760793  0.00406969  -0.00683456  -0.00217474 
157 1.6815e-05 0.504424 0.000545602 0.0506072 -0.000327289  3.64413e-05  -3.27807e-05  9.77116e-05  -0.000173042  0.00033321  -9.72697e-05  -1.87437e-05  -6.46098e-05  -0.0001538 
161 0.000673133 0.540543 0.0104571 0.0504408 0.00449685  0.00355781  -0.00355232  0.00295506  -0.00184957  0.00380039  0.00409136  -0.000145054  -0.00359971  0.00274538 
165 -0.000215091 0.227367 0.0153168 0.0432594 0.000475379  -0.0023779  -0.00732739  0.00286891  -0.00424331  -0.00330739  0.0109437  0.00425365  2.40196e-05  1.67997e-05 
166 0.000273564 0.629622 0.0119103 0.0456781 0.00351856  0.0040177  0.00328927  -0.00439628  -0.00537943  0.00093866  -0.00713688  -7.68493e-05  0.00105086  -0.00114967 
171 -0.000565907 0.337531 0.0191838 0.0425789 -0.00648818  -0.00752657  0.00873523  -0.00406376  -0.00765578  0.00514199  0.00105013  -0.00325337  -0.00605908  -0.00655762 
172 0.00104877 1.18435 0.0535623 0.0487753 0.0159279  0.0344077  -0.00595938  -0.00295261  -0.0133272  0.0253658  -0.00210182  0.0233577  -0.00349039  0.00196948 
173 1.55563e-05 1.12479 0.00623514 0.0364802 -0.00113587  -0.000912692  0.000122306  0.00309104  -0.00185143  0.0013912  0.00355239  -0.00147562  0.000905395  -0.00249087 
174 9.4638e-05 0.565305 0.00497239 0.0362663 0.000317469  -0.000444829  -0.00128971  0.00320735  -0.000684169  0.00125111  -0.0011933  -0.00244006  0.000395755  0.00170521 
175 0.000399639 0.625134 0.0141445 0.0349373 0.00120572  -0.00519174  0.00290125  0.00164998  0.00697174  0.00696937  0.00113776  -0.000752897  0.00267403  0.00737099 
179 7.43566e-05 0.529199 0.00294738 0.028654 0.000430853  -0.00100647  0.00034783  -0.000298926  0.00162151  -0.00106999  0.00115045  -0.00142776  -0.00034378  -0.000153979 
182 7.14296e-06 0.762904 0.00274074 0.0273258 -0.00173639  0.00124642  0.000743165  -8.43987e-05  -0.000796131  0.000851622  0.000830342  0.000432071  9.44231e-05  0.000373422 
184 0.000184679 0.912257 0.0174505 0.0271948 0.00846925  0.00265798  0.00372936  0.000533085  0.0110549  -0.00509621  -0.00318306  0.000111429  0.00720301  -0.00115045 
188 -0.000409835 0.279868 0.0190003 0.0235562 0.00193501  0.00561644  0.00825139  -0.00230848  -0.00406283  0.00337502  -0.00779355  -0.00222112  0.00353397  0.0120934 
194 -0.00010421 0.452878 0.00443268 0.0310614 0.00024176  -0.000581113  -0.00221146  -0.00107463  -0.000214658  0.000883725  -0.00124525  0.00157146  0.000694447  0.00280673 
195 1.27632e-05 3.84607 0.0130699 0.032696 -0.00665398  -0.00535399  0.00164874  0.00120182  0.00148535  -0.0004463  0.00249132  0.00518467  0.00362793  0.00671299 
197 -2.74075e-05 -0.199664 0.00875813 0.0325002 0.00226208  -0.00302721  -0.00188504  -0.00259768  0.000836787  -0.000617613  0.000420014  -0.000148232  0.00368841  -0.00610231 
200 0.00033767 0.787867 0.0197177 0.0329192 -0.0078527  -4.11262e-05  -0.00660581  0.0108151  -0.000590749  -7.08058e-05  0.00241787  0.00806246  -0.00444833  -0.00869069 
202 0.000214039 0.56881 0.00767647 0.0273141 -0.00323395  0.0011533  0.00365819  0.000320245  0.00432294  -0.000525637  0.000382186  -0.00278487  -0.000395831  0.00257534 
203 1.37373e-05 4.53386 0.0148879 0.0230661 -0.00330683  0.00632631  0.00403596  -0.00260277  0.00492327  0.00554594  -0.00428794  -0.00512029  -0.00566659  -0.00398984 
206 2.21591e-05 0.807838 0.00522355 0.0227664 -0.000160224  0.000220947  0.00204813  -0.00190118  0.000821947  -0.00112109  0.000980556  -0.000823332  -0.00397364  -0.000200102 
210 2.18627e-05 0.558626 0.00226429 0.0222744 -0.000315561  -0.000642364  0.000717394  0.000318852  -0.00110419  -8.73011e-05  0.000967545  -0.000776809  0.000707416  -0.000855348 
217 2.88794e-05 0.538991 0.00212239 0.0217781 0.00116121  -0.000874002  -0.000473885  0.000130863  -0.000448186  1.89112e-05  7.06036e-05  -0.000901534  0.000422608  0.000976213 
218 2.84118e-05 1.12306 0.00841472 0.0211047 -0.00160735  0.00151131  0.00253733  -0.00198052  -0.00249849  -0.00258861  0.00567153  -0.000744643  0.00250026  -0.00191417 
221 3.76195e-06 13.0967 0.0137676 0.0204205 0.00279719  -0.00981547  -0.00217931  0.00138664  -0.00255803  -0.00588091  -0.00583541  -0.000878919  0.00058175  0.00155435 
222 1.91319e-05 0.813766 0.00490018 0.0203281 0.00100018  0.00170462  0.000180282  -0.00196514  0.00123036  -0.00125677  -0.00124526  -0.00129834  -0.00250233  0.00190263 
223 -2.43793e-05 0.464996 0.00184767 0.019852 -0.000169394  0.000249708  0.0012492  -0.000289853  -0.000993358  0.000224422  0.00075882  -0.000117842  -3.66127e-05  0.000223925 
225 0.000147507 0.815508 0.0136437 0.0204568 -0.00191398  0.00842572  -0.000221965  0.00824102  0.00225488  0.000735481  0.00375432  0.00119184  0.00449883  -0.00146647 
229 -8.13757e-05 0.415006 0.00526023 0.0164616 0.00263379  0.00127845  -0.000699248  0.00175734  0.000376529  0.00258366  -0.00238972  3.53653e-05  0.00117193  0.00127242 
230 -0.000663956 0.247056 0.0259261 0.0187714 -0.00850096  0.00202868  -0.00127042  0.0111903  -0.0104103  -0.00203896  0.00230781  0.00264359  -0.000100747  0.0185496 
231 -0.000492288 0.203494 0.0241679 0.0318832 -0.00835594  -0.0118483  0.0148187  -0.00908255  0.000130616  0.00390735  0.00153473  -0.00273131  0.00589804  -0.00345114 
232 0.000497247 0.59652 0.0138582 0.0388452 0.00264359  0.00281905  -0.00112803  -0.00246527  0.00176905  -0.00737096  -0.00178443  0.00284974  -0.00456218  -0.00895457 
236 -0.000510604 0.31395 0.0194987 0.0318092 -0.00250934  0.015477  -0.000250136  -0.0012376  0.000478081  0.00287364  -0.00322011  -0.00148401  0.00700217  0.00791738 
242 6.00188e-05 0.59731 0.0048335 0.03902 0.00193814  0.00340487  -0.000610511  -0.000450144  0.00184335  -0.000346697  0.00102455  -0.00116851  0.000758919  -0.000963677 
243 0.000299608 1.19087 0.0287715 0.0382432 0.0123603  -0.000647228  -0.00948275  -0.015888  0.0131796  0.0072303  0.00588617  0.00373771  0.000528868  -0.00757472 
245 9.56417e-05 0.691769 0.00856533 0.0341025 0.0023605  -0.000337961  -0.00215046  0.00287925  -0.00189826  0.00354073  0.00326973  -0.00326831  0.0011685  -0.00398568 
247 3.19793e-05 1.61846 0.011961 0.0326702 5.33724e-05  0.00237471  -0.00605774  -0.000168776  -0.00319  0.000197813  0.000555717  -0.00922779  0.000512195  -0.00218205 
248 -0.00131608 0.0996303 0.0459279 0.0321771 0.00973201  -0.0309641  0.00658469  -0.00691059  0.0233438  -0.00227573  0.00738937  0.0177421  0.00277724  -0.00612869 
249 -0.000317248 -0.367853 0.0331869 0.0485006 -0.0148941  -0.00186013  0.0124162  0.00165149  -0.00425986  -0.0103066  0.00962515  -0.0119364  -0.00597422  -0.0180001 
250 -9.86275e-07 0.499944 1.48567e-05 0.0516683 1.30878e-06  -8.75446e-06  3.17811e-06  -7.25135e-07  6.91582e-07  -7.54279e-06  6.82849e-06  -1.1188e-06  3.34557e-06  -3.91105e-06 
251 0.000925894 0.90453 0.0386996 0.0516778 0.0108101  0.0238167  -0.0154297  0.0190444  -0.00401913  -0.00796628  -0.00463555  -0.00936506  0.00449267  -0.00195252 
254 0.000115931 0.937785 0.0142478 0.0417747 -0.00305649  0.00322963  -0.0033652  -0.00305921  0.0028588  0.00329994  9.13522e-05  0.00153112  -0.0114903  -0.00301725 
256 0.000154715 0.914246 0.0160108 0.0403634 -0.00405071  0.00663092  -0.00161125  0.00584346  -0.00525685  -0.000609762  0.00776067  0.00280974  -0.00361452  0.00707332 
257 -8.3329e-05 0.488055 0.00199625 0.0383992 0.000350806  0.000203605  -3.19521e-05  -0.00107039  0.000266436  0.000199819  0.00158898  -9.75332e-05  0.000163129  -4.29254e-05 
258 0.000307332 1.75473 0.0392681 0.0394694 0.01757  -0.0171287  0.00583224  -0.0125257  -0.0142095  -0.000717419  -0.0131868  0.00224407  -0.0184212  0.00531886 
259 4.19926e-05 0.542361 0.0026676 0.0353631 -0.00021092  0.00192444  -0.000484586  0.000349642  0.00014034  -6.47179e-05  0.000433794  -0.00122606  -0.00020014  0.00112059 
261 -0.000759665 0.279816 0.0258757 0.0347643 0.0041298  0.00346211  -0.00330432  -0.00852583  -0.00382215  -0.00741572  0.0157775  0.00065605  0.00445935  0.0147666 
263 0.000465236 0.740327 0.0211474 0.0443679 -0.0103148  -0.0132791  -0.00456452  -0.00256057  -0.00624327  0.00757577  -0.00201924  0.000826391  0.00472555  0.00369208 
266 0.000101057 0.626115 0.00714015 0.0387735 0.000218853  0.00139161  -0.00238918  -0.00170279  0.00294832  0.00245666  -0.00204552  -0.00365298  -0.000216025  -0.0028437 
270 8.79587e-05 0.574171 0.00510868 0.0374477 0.00159509  0.00111809  -0.00158889  0.00299457  0.000648219  0.00110178  -0.00019634  -0.00204627  8.91384e-05  0.00222358 
271 -4.01328e-05 -2.84014 0.0231554 0.0362543 -0.00395753  -0.00421764  0.00752446  0.00992823  -0.00477564  0.00698084  0.00212857  -0.00112102  0.0159744  0.00387664 
272 -0.000708177 0.0853615 0.0342789 0.0368037 -0.0180192  -0.00100595  0.00733094  -0.00997822  -0.0126299  0.0097246  -0.0110825  -0.00703882  -0.0164117  -0.000492356 
273 -9.93314e-05 -0.619978 0.021095 0.0454196 -0.00848333  0.00447994  -0.0069729  0.00537265  0.00120457  -0.000576076  -0.00421347  -0.0113662  -0.00187367  -0.0111013 
274 0.0011604 0.85704 0.0407015 0.0465003 0.00241557  0.00179632  -0.0140461  0.00288944  0.02318  -0.0124367  -0.0225023  0.0129084  0.000250462  -0.00876832 
276 1.78498e-05 5.31053 0.0185324 0.031663 0.00180229  -0.000312419  0.00432708  -0.00838461  0.000388339  -0.00930411  0.00119764  0.00734002  -0.00630414  0.00832524 
277 0.000693941 0.941109 0.0349863 0.0313798 0.0170044  0.00414468  0.000513683  0.0220935  -0.00498356  -0.00551893  0.0103965  -0.00283205  0.0139477  0.00796178 
278 -0.000155574 -0.463538 0.0244871 0.0170585 -0.0156288  -0.00925887  0.00511649  -0.00160276  -0.000351388  0.0041807  0.000175104  0.00423056  -0.00678227  -0.0126237 
281 8.17004e-05 0.618826 0.00623171 0.0211324 -0.000836354  0.00288047  0.00211097  0.0016075  0.00369221  0.000404028  -0.00155883  0.00187306  -0.00087924  0.00151342 
283 -7.8457e-05 0.218714 0.00939579 0.0191019 0.000990951  -0.00659237  0.000979355  0.00206727  0.000881268  0.00180268  0.00368931  0.00122604  -0.00246243  0.00366099 
285 0.000242696 0.669074 0.0128117 0.0210557 0.00662239  0.00745764  0.00117353  0.0003708  0.00548038  0.000447004  0.00428942  0.00128432  0.00238456  0.00268025 
286 -1.71776e-05 -0.053119 0.00616484 0.014166 0.00142123  -0.00355023  -0.00235545  -4.06586e-05  0.000672651  -0.00111266  0.00138977  -0.000397538  0.00233487  0.00293255 
287 -0.000103323 0.0786086 0.0131973 0.0147599 0.00114831  0.00361531  0.00199605  0.00556112  0.00387259  0.00462047  0.00372006  -0.00390609  0.00726072  0.00259 
289 -4.47721e-05 0.260824 0.00654487 0.0179216 0.0011533  0.0040387  0.000797977  0.00155777  -0.00138528  -0.00371424  0.00130521  -0.00126691  -0.00161341  -0.000710246 
290 -8.52793e-05 0.443307 0.0043981 0.01913 -0.00126005  -0.00149227  0.000444465  0.00102094  0.000196867  0.000463344  0.00151421  0.000369527  -0.000916706  0.0032811 
291 -0.000770728 -0.188622 0.0460816 0.0212424 -0.00683085  -0.0218  0.00239585  -0.0186848  -0.0237303  0.00979908  -0.020613  0.00460485  -0.00333108  -0.0114194 
292 -0.000183842 0.403088 0.00844328 0.0349609 -0.00167102  0.00106854  -0.00148274  -0.00101616  -0.00393407  0.00167719  0.00217455  -0.00535764  -0.00328685  -0.00126396 
295 0.000320065 0.581852 0.0102384 0.0374983 0.00128688  0.00521921  -0.00132632  0.00178305  -0.000330194  -0.00755305  -0.00260738  -0.00079578  0.00234693  0.00094514 
298 -1.48784e-05 -8.24969 0.0228187 0.0329562 0.00570976  0.00672263  0.000564776  -0.00407058  0.00892958  0.00804593  0.00344118  -0.0118964  -0.0112372  0.00137664 
299 -7.69851e-06 -0.42268 0.00533039 0.0331811 0.000131019  -0.00193292  -0.00187857  -0.00229049  -0.00168073  -0.00121222  -0.000807557  0.000568069  0.00321867  -0.000505369 
302 -0.000176208 -1.26867 0.0353064 0.0332969 0.00920638  0.0123035  0.00871853  0.0187039  -0.0103645  -0.00234026  -0.00395209  0.021275  -0.00179488  0.000436559 
303 0.000117265 0.614521 0.00732945 0.0358456 -0.00102434  -0.00494679  0.00222372  -0.0019563  0.00250037  -0.00275755  0.00233776  -7.38278e-05  -0.000104702  0.000302282 
304 8.09882e-06 0.60964 0.00188463 0.0341709 -0.000629818  -0.000878316  -0.000888061  0.000329032  -0.000577444  0.000452024  0.000771221  0.00047586  0.000352058  6.23016e-05 
305 -2.54988e-05 0.494594 0.000742752 0.0340522 -0.000100899  0.000390979  0.000386857  0.000187562  -0.000413822  1.73247e-05  -9.27562e-05  0.000129199  7.05243e-05  4.4475e-05 
306 0.000534163 0.593406 0.0141301 0.0344246 -0.00274988  0.000898951  -0.00772642  0.000211517  0.00538718  -0.00219461  -0.000799476  -0.00461976  0.00748031  -0.00444669 
308 -1.70012e-05 -0.444342 0.00801375 0.0255153 -0.00149624  -0.00459152  0.00202122  0.000993477  0.000814279  -0.00171138  0.00407035  0.00267877  0.00291338  6.16565e-05 
309 -2.92897e-07 0.466977 0.000196695 0.0258463 -2.33247e-05  5.61278e-05  3.2822e-05  1.85019e-05  -7.67799e-05  -1.12952e-05  2.83394e-05  1.80877e-05  0.000159806  2.97302e-05 
310 7.17239e-05 1.11328 0.0132642 0.025852 -0.000991052  0.0063606  -0.00949496  0.00103695  -0.000931106  -0.00502275  0.00241245  0.00329769  -0.000136312  0.000680041 
311 -0.000573885 0.342447 0.0190242 0.0244255 0.00559078  0.00550219  -0.00581842  -0.00378302  -0.00122804  -0.00559071  0.00716247  0.00555748  0.00689243  -0.00947461 
313 -0.000257515 0.0703141 0.0210397 0.0342148 -0.00377358  -0.00759796  -0.00506835  0.00973216  -0.00366763  0.012542  -0.00395119  0.00249207  -0.00738484  0.00178451 
314 0.000489243 1.32157 0.0400898 0.0377916 -0.00847237  0.00719421  0.0105464  -0.0162153  0.0225493  -0.00188937  0.0185644  0.00671486  0.00501875  0.0135106 
317 9.16661e-05 1.27244 0.0168287 0.0306444 0.0005595  0.00611939  -0.00174691  -0.00718953  0.00512146  0.00431303  -0.00144002  -0.00875266  -0.00553721  -0.00604401 
320 -0.000766241 0.337959 0.0222958 0.0291104 0.00854587  0.00685545  0.0159642  0.00340787  0.00216311  -0.00167085  0.00514326  0.00374417  0.00295212  -0.00734497 
321 -0.000408351 0.316286 0.0173266 0.040174 0.00193393  0.00931194  -0.00374557  -0.00534082  -0.00392585  -0.00747378  0.00602893  -0.00454952  9.62098e-05  0.00623549 
322 2.52866e-05 8.76231 0.0289068 0.0449709 -0.0152795  0.00134073  -0.00880837  0.0136682  -0.0150445  0.00187435  0.000471038  -0.0100435  0.00020556  -0.00222494 
324 -4.5205e-09 0.499983 5.52932e-07 0.0446889 3.90058e-08  3.85829e-07  -2.57114e-07  -3.49602e-08  1.51186e-07  -9.60772e-08  -1.62593e-07  1.66401e-07  -9.152e-09  4.14841e-08 
327 -3.92181e-05 0.423233 0.0034704 0.044689 0.000721999  0.00110511  0.000478579  -4.9862e-05  0.000963109  0.00157587  0.000225751  0.00128615  -0.00222359  9.55829e-05 
328 -0.000486429 0.266093 0.0213382 0.0451256 -0.0100353  -0.00244654  0.0112517  0.00126791  0.0059026  -0.00424406  -0.00313693  -0.00261777  0.00353416  -0.0117636 
329 6.58476e-05 0.52048 0.00232299 0.0502282 0.00142937  -0.000417823  0.000988894  -0.000794324  -0.000653604  0.000744242  -0.000281376  -0.000130054  -0.000699409  -5.81602e-05 
330 0.000506439 0.597778 0.0140765 0.0495684 -0.00606563  -0.00543286  -0.0028033  0.00494961  -0.00207552  0.00407703  -0.0045336  -0.000354066  -0.00267023  0.00712346 
331 -4.62347e-06 -30.3971 0.0239033 0.0441669 0.000778945  -0.00771627  -0.0153433  -0.0113208  -0.00259243  -0.00561274  0.00301443  -0.00374082  -0.00919727  0.00132243 
332 0.00132751 0.789102 0.0391755 0.0442192 0.0158743  -0.0198965  0.00850874  -0.00445383  0.00570518  0.0128811  -0.0213847  0.00887372  -0.002069  0.00747099 
333 2.83463e-05 0.513389 0.00123228 0.025074 0.00084426  -0.000121882  -0.000275552  0.000206335  0.00041518  -0.000595952  0.000110602  -0.000320669  0.000150235  -8.49296e-05 
334 -0.000322707 -0.453166 0.0350775 0.0245022 0.000998485  -0.00269261  -0.0148379  0.00322286  0.00418244  -0.0216595  -0.0102897  0.0106287  0.0158129  0.0060096 
338 -3.701e-05 -0.220587 0.0103284 0.0303828 -0.00286937  0.00118837  -0.00312547  0.00399413  -0.00075519  -0.00297921  -0.00220604  -0.00691075  -0.000685065  0.00296129 
342 5.94575e-05 2.99767 0.0243713 0.0309859 0.00656665  0.00233665  0.00342783  0.00331949  0.00147491  0.00154747  -0.000448377  -0.0197833  0.0105598  0.00386666 
344 -2.35419e-05 0.194423 0.00536433 0.0300112 0.000774175  -0.00163416  0.000449972  0.00199  0.000102976  0.0027123  -0.000593526  -0.000136725  0.00115783  0.00350213 
347 8.86586e-05 0.639395 0.00703106 0.0304009 0.00102272  0.00383964  -0.00305375  0.00258097  -0.001442  0.002467  -0.00123563  0.000897786  -0.000897801  -0.0025211 
348 0.000116502 0.561927 0.00537249 0.028906 -0.000544996  -0.000594867  0.0031452  0.000390543  0.000808977  0.00370321  0.000780687  -0.00168811  0.000155824  0.000562474 
