generation s h r distopt trait[0] trait[1] trait[2] trait[3] trait[4] trait[5] trait[6] trait[7] trait[8] trait[9] 
1 0.269224 0.545965 0.267847 2 0.0718971  -0.0995368  -0.112288  0.100648  -0.0938526  -0.0329588  -0.0195413  0.129078  0.0833453  0.00650414 
6 0.197822 0.495902 0.1154 1.93948 -0.0118237  -0.0428394  0.0775793  0.00235572  -0.0144158  -0.0124494  -0.0313544  -0.000710364  -0.0630198  -0.000433762 
7 0.0351926 0.499999 0.0244536 1.89238 -0.00125013  -0.00922094  0.00579974  -0.0165232  -0.00197234  -0.00148687  -0.0131511  0.00475449  -0.00157618  0.000770232 
8 0.0377954 0.502124 0.031675 1.88322 0.00195553  -0.0104583  0.0104532  0.00799832  0.0100327  0.00582553  -0.00269392  -0.00891045  0.0203893  0.00893849 
9 0.158588 0.516132 0.142459 1.87334 0.0374783  -0.0584937  -0.0116404  0.0546895  -0.047259  -0.0210826  0.00308409  -0.0962479  -0.0123553  -0.0154393 
10 0.0127038 0.499135 0.00600184 1.83363 -0.00215044  -0.00307161  -0.000209163  0.000422232  0.000248242  -0.000214538  -0.00230241  -0.000812039  0.00299714  0.00258648 
11 0.0229923 0.50805 0.0314687 1.83019 -0.0133645  -0.00135276  -0.00710802  0.0125613  0.015589  0.0120045  0.00823697  -0.00612544  0.0102406  0.00204084 
12 0.0519908 0.50513 0.0482074 1.82396 -0.00541511  -0.0130569  -0.00994291  0.00205302  0.0117065  0.0150309  -0.0263887  -0.0302646  -0.00615808  -0.00280339 
13 0.359954 0.478058 0.142179 1.81002 -0.0955716  -0.0552674  0.012095  -0.026174  0.0288234  0.023519  0.0250998  0.0187014  -0.0589395  0.0368456 
18 0.0332228 0.505167 0.034776 1.72299 -0.0176909  -0.00507261  -0.00284612  -0.00663065  -0.0155848  0.0103374  0.00549871  0.0168266  -0.00890567  -0.00872783 
19 0.215863 0.502415 0.144749 1.71348 -0.0425206  -0.0513039  0.0409981  -0.0273281  -0.0297259  0.0325505  -0.0277275  -0.0611097  0.0810516  0.0326939 
20 0.03015 0.501237 0.0242521 1.65547 0.000701863  -0.0092331  -0.00393487  -0.00384689  0.0103322  -0.00319183  0.00220656  0.00208848  0.016377  0.00881824 
21 0.133782 0.507007 0.106725 1.64647 -0.00443259  -0.0380254  0.0532788  0.00378126  -0.00714081  0.00125681  0.0529856  0.0491408  -0.0418589  0.00668656 
23 0.125461 0.526634 0.13978 1.60789 -0.060079  -0.0347233  0.0519906  0.0355295  0.0228748  0.00385377  -0.0573322  0.0560733  0.0357527  0.050102 
25 0.159159 0.496968 0.0954385 1.57071 -0.0224298  -0.0515681  0.0273737  0.00841516  -0.0451481  -0.0255822  -0.0162722  -0.00369296  -0.0460359  0.00595594 
27 0.0284296 0.504626 0.0301915 1.52296 0.0206273  -0.0144136  0.00376936  -0.00489708  -0.00507481  -0.000166287  0.00596592  -0.002095  -0.0125513  -0.00409909 
31 0.142749 0.502492 0.101113 1.51373 -0.0359311  -0.0421856  -0.000761557  -0.0202796  0.00350159  0.0555198  0.00121268  0.0565649  -0.0172898  0.0121064 
34 0.102892 0.504146 0.0801025 1.469 -0.0159515  -0.0358252  0.0324779  0.0177607  0.00288694  -0.00272288  0.0084197  0.0262385  -0.0319663  -0.0413681 
35 0.0610254 0.529584 0.0935716 1.43528 -0.0115481  -0.0301275  0.0305777  0.00907191  -0.0161101  0.0254435  -0.0592798  -0.0206925  0.0427565  0.00447476 
37 0.0106921 0.515531 0.0267805 1.41449 -0.00534504  -0.0031633  0.001416  0.00392817  0.000348505  -0.00446891  -0.0132942  -0.00382163  0.0153661  -0.0146161 
40 0.0322205 0.498075 0.0160817 1.41072 0.00175962  -0.0120731  -0.00145824  -0.00612732  0.000445609  0.00462306  -0.00124256  -0.00211693  -0.00381595  0.00528556 
42 0.0641636 0.61262 0.172748 1.39944 -0.0555683  -0.00447778  -0.0625519  0.0810881  -0.00953935  -0.105171  0.0404427  -0.0364686  -0.00165629  -0.0461051 
44 0.179387 0.533289 0.188299 1.37704 0.0396778  -0.106588  -0.00593846  0.0651075  -0.0245136  -0.0170378  0.00407979  0.0738729  0.0696709  0.0838311 
45 0.0645734 0.506703 0.0602845 1.31577 0.00927693  -0.0245268  -0.0162834  -0.0206877  -0.0163267  0.0139222  0.00610459  -0.0297475  0.0103564  0.0276341 
46 0.0336714 0.505787 0.0362605 1.29177 0.00637734  -0.00761329  -0.0158223  -0.00136678  0.0300764  0.000238699  0.00178666  -0.00177329  -0.00679387  -0.00261584 
47 0.12143 0.500333 0.0819513 1.27889 0.0089891  -0.0460205  0.0101589  -0.0187538  0.0460058  -0.00688697  -0.00123635  -0.00171394  -0.02844  0.0329417 
51 0.155858 0.513038 0.134216 1.23327 0.0113483  -0.0498191  0.0418844  -0.0276926  0.0100991  0.0493195  0.0343409  -0.0680072  -0.0474638  -0.0478583 
52 0.112407 0.654123 0.265988 1.17308 -0.118682  -0.048725  -0.0877852  0.131598  0.00725925  -0.0203168  0.029305  -0.142637  -0.0856699  -0.0160345 
55 0.141781 0.497043 0.0849554 1.12676 0.0310046  -0.0614638  -0.0107316  -0.0375627  0.0145821  0.0189277  -0.0163976  -0.00178259  -0.00746671  0.00731434 
57 0.043375 0.500796 0.0321964 1.0663 -0.008525  -0.0168998  -0.00195251  -0.0040932  -0.00463365  -0.00396134  -0.0132412  -0.00146164  0.0148423  -0.0149279 
59 0.203008 0.578841 0.273422 1.0462 -0.0875223  -0.0671575  0.133975  -0.0895585  0.0116604  -0.0762936  -0.0565407  0.0305913  0.0914806  -0.134763 
61 0.0921488 0.727964 0.288814 0.953787 -0.137501  -0.0669625  -0.189721  0.0408318  0.00499003  -0.0249031  -0.117243  -0.050329  -0.0737371  -0.000460163 
63 0.129755 0.586491 0.222199 0.9064 0.0278625  -0.0664353  -0.00405045  -0.0289668  0.088932  0.0655342  0.0539196  0.0003482  -0.0182774  -0.166978 
65 0.0054569 0.556567 0.0352984 0.836398 0.00902719  -0.00164496  0.0176755  0.0115797  0.00431682  0.00778963  -0.00151756  0.0200763  0.00249581  0.0149788 
67 0.0452059 0.540996 0.0906637 0.833138 0.0661623  -0.0217263  0.00519761  -0.0222842  -0.0117196  0.0142173  0.00873956  0.000736219  -0.023005  0.0436026 
71 0.0472307 0.515953 0.0633096 0.806167 -0.0216551  -0.0245775  -0.0340354  -0.00331899  -0.0319781  -0.01386  0.0118115  0.015728  0.0125009  -0.00279958 
72 0.0247131 0.516612 0.0438144 0.777017 0.0169137  -0.0226494  -0.00513117  -0.0128659  0.00763944  0.0129333  -0.0188818  0.0124601  -0.0107591  -0.0086951 
75 0.0057085 3.67815 0.26783 0.761146 -0.0143541  0.0163784  0.045433  -0.0739824  -0.0477796  -0.00444011  0.236739  -0.0453127  -0.0263003  -0.0512657 
77 0.063746 0.552736 0.122145 0.757398 -0.0306539  -0.0369765  -0.00341354  -0.0126371  -0.0236393  -0.0859211  0.0252076  -0.0150005  0.0320757  0.0510934 
80 0.0217836 0.598197 0.0932061 0.71544 0.0108422  -0.00380421  0.00521704  -0.0842738  0.00336406  -0.0220584  -0.0267958  0.00287351  0.00725054  0.0122198 
81 0.0330492 0.542359 0.0776759 0.700218 -0.01318  -0.0366145  0.0140961  -0.01747  0.0107889  -0.0265605  0.0520621  -0.00428982  -0.0211868  0.00396277 
83 0.0258286 0.795736 0.174288 0.676602 0.0894483  -0.0750354  0.0455264  -0.073712  -0.0152039  0.0155254  0.0691427  -0.0370516  0.0243624  -0.0449396 
84 0.018145 0.536789 0.0529809 0.657487 0.0100668  -0.012596  0.0203597  -0.00101687  0.0322763  -0.00793481  0.0158317  0.0161798  0.00681448  0.0216294 
86 0.0246495 0.513409 0.0400276 0.643667 0.00340091  -0.0107336  -0.0168333  -0.0144683  0.0211281  0.00640085  -0.0135159  0.0169379  -0.00506547  -0.000377272 
93 0.106639 0.519164 0.11351 0.624465 -0.0555283  -0.0446793  0.00207039  0.00299434  0.0279651  0.0376743  -0.0564138  0.0408257  0.0112382  0.0247936 
94 0.0954403 0.565888 0.167598 0.537242 -0.0451757  -0.0844402  -0.0627423  0.0148895  0.0549473  0.0756975  -0.0390465  0.021639  0.0215626  -0.0596053 
98 0.0642588 0.541168 0.110355 0.444379 -0.0263571  -0.0695346  -0.0175183  0.0308739  0.0272229  -0.0348669  -0.00751723  0.0393267  -0.024357  0.0351443 
100 0.0124891 0.676808 0.0940495 0.367688 0.000574172  0.00385281  -0.0142668  0.00257376  0.0102423  0.0634337  -0.0253822  0.0290061  0.0486233  0.0253257 
102 0.00660065 0.674358 0.0678776 0.350403 0.0444267  -0.0200418  0.0256022  -0.0108173  -0.00700168  -0.0198425  0.0124003  -0.0291398  0.0037146  -0.000156574 
105 0.0203798 0.558452 0.0701258 0.340886 -0.051347  -0.0117082  -0.00547068  -0.0101294  -0.00828866  0.0144077  -0.0162825  -0.0129337  0.0100429  0.0346693 
106 0.00117799 0.507557 0.00602326 0.309885 0.000981588  -0.00250547  0.00250844  -0.000675348  -0.0020109  0.00232112  -0.000298091  0.00101315  0.00275057  -0.00204403 
110 0.0598935 0.831465 0.279391 0.307979 0.0233094  -0.198035  0.092836  0.0962654  -0.0325389  -0.108294  0.00713217  0.0607009  0.00451412  0.0622133 
114 0.00307891 0.688313 0.048163 0.191527 -0.00670147  -0.0111916  0.00280981  0.00836066  -0.0188424  0.0071394  -0.0339852  0.000153088  -0.0225984  -8.26389e-05 
117 0.00107419 0.739261 0.0320614 0.183326 0.00627216  0.00146474  -0.00854842  -0.013658  -0.00904135  -0.0122301  -0.0117218  -0.00844524  0.00245878  0.0167554 
119 0.00303863 0.635235 0.0405646 0.180374 -0.0133053  -0.00807653  -0.00928321  0.0116031  0.00334402  0.000552004  -0.0174796  -0.0198193  0.0102688  0.0191609 
120 0.00242371 3.22794 0.162268 0.171758 -0.0187677  -0.0854396  -0.0146522  -0.0460587  -0.0898034  0.0377562  0.00952898  0.00253281  0.0819972  0.00563971 
123 0.00439354 0.694771 0.0585114 0.16456 0.00930076  -0.00943362  -0.00682602  -0.0157533  0.0250965  0.0191564  0.0359846  -0.0212945  0.0103702  0.0100323 
125 0.00670723 0.930831 0.107359 0.150653 -0.0313647  0.0140277  -0.021721  0.0454539  0.0482146  0.0315785  -0.0285605  0.0209852  -0.0225696  0.0521553 
126 0.00151927 3.61446 0.137364 0.126536 0.0305854  -0.0497702  -0.0571658  -0.0733149  0.00949158  0.0151375  0.0238705  -0.0546042  -0.0538537  -0.00652587 
127 0.000175514 0.624786 0.0093602 0.120388 0.00238768  0.00220951  0.00511391  0.00479105  -0.00360057  -0.00154716  -0.0012057  -0.00287179  -0.0011639  -0.00122917 
128 0.00189822 1.41698 0.0833769 0.119657 -0.0385696  -0.0117359  -0.0159054  -0.00609261  0.00430748  0.0516505  0.00209214  0.0231086  -0.014473  -0.0400261 
129 -2.12993e-05 -74.7137 0.0800183 0.111451 -0.00686385  0.0210538  -0.0221139  0.0260723  -0.0167216  -0.0297996  -0.034459  0.0201143  -0.0412687  0.0167638 
132 0.00165753 1.53637 0.0828315 0.111546 0.0418341  0.00836274  0.0261001  -0.017466  -0.0120798  -0.00626847  0.00693406  -0.045467  0.0393823  -0.0142563 
133 0.00155055 0.886507 0.0489471 0.103858 -0.0116479  0.0198436  -0.00688671  -0.0189588  0.0224015  0.0119206  0.000609832  -0.00736958  0.0242841  -0.0130838 
137 0.00288418 0.599862 0.0339765 0.0961099 -0.013536  -0.00507209  0.014787  -0.00484829  0.00100977  0.00303046  0.00136017  0.024797  -0.000596339  -0.00871715 
138 0.00100434 1.43855 0.0613789 0.0797313 0.00589016  0.0296816  -0.00526825  0.0189033  0.0169979  0.00250177  0.0334709  0.00518599  0.0241003  -0.0210564 
139 -1.26168e-05 0.458232 0.0014519 0.0731658 -6.03057e-05  -0.000143329  -0.000329682  0.000509329  0.000388805  0.000721503  -0.000386053  8.71369e-05  -4.99954e-05  -0.000940678 
141 0.00026165 3.74439 0.0582557 0.073252 0.0226012  0.0224134  0.011587  0.0242894  0.027674  0.00189214  -0.0193107  -0.000961524  -0.0206978  -0.0092018 
146 0.000264035 0.543556 0.00678451 0.071444 -0.000253566  0.00207  0.00364134  0.00199158  -0.000180007  -0.00211248  -0.000907637  0.00319583  -0.00194131  -0.00227022 
147 0.000846854 0.57693 0.0161504 0.0695718 -0.00033288  -0.000599402  -0.00140959  -0.00298512  0.000135294  -0.00527741  -0.0108666  0.00674973  -0.00699374  -0.00300709 
149 0.0010286 0.631541 0.0232686 0.0631961 -0.0114254  -0.00686537  -0.00434785  0.00872207  0.00746336  -0.0106324  0.00458632  0.00513662  -0.00612903  -0.00387849 
150 0.00103268 0.638607 0.0239321 0.054458 -0.00418999  4.84626e-05  -0.00483664  0.00662585  -0.0136632  -0.0134649  0.00839205  0.00512567  -0.00271725  0.00397743 
151 -5.28744e-05 0.395122 0.00470993 0.0439719 7.04774e-07  -0.000116983  -0.00271984  0.000601234  0.00124076  0.0023748  0.000182365  0.00208934  0.00161045  0.000489329 
154 0.000901262 0.952998 0.0404032 0.044569 0.000934853  -0.00645974  -0.00163388  -0.0174978  -7.15024e-05  -0.00733467  0.00105724  0.0290431  -0.00479477  0.018962 
157 5.38932e-05 1.34682 0.0135109 0.0329476 0.00433097  -3.93538e-07  0.00659902  0.00153564  -0.00541953  -0.00580807  0.003327  -0.00464231  -0.00363888  -0.00298591 
158 0.000179645 0.604017 0.00864597 0.0321193 -6.51125e-05  -0.00394979  -0.000425158  0.00208653  0.000251573  -0.00169266  -0.000736482  0.000719994  0.00556522  0.00443312 
163 0.000291043 0.613282 0.0114848 0.0291894 -0.00368999  -0.00103439  0.0020183  -0.00375416  0.00262623  -0.00275637  -0.00649641  -0.00403996  0.00336615  -0.00383369 
167 4.01077e-05 0.56114 0.00313199 0.0236859 -0.0012367  -0.000265925  0.000336326  0.00115319  0.000112689  0.00183879  -1.48231e-06  0.000512753  0.000805091  -0.00156886 
173 -0.000199491 0.00739499 0.0198273 0.0228236 -0.00421232  0.000986157  0.00735458  0.00190226  -0.00993435  -0.00484484  0.0085027  0.00191549  0.010881  -0.000414348 
179 -0.000176088 -1.74424 0.0397564 0.0268408 -0.00685618  -0.0238384  -0.0243484  0.00237611  0.000693717  0.0124401  -0.0109069  -0.00933885  0.0012778  0.00193959 
180 0.000120635 0.634222 0.00804803 0.0299421 0.00124371  0.000353323  0.00427552  0.00171058  -0.00325025  0.00518043  -0.00143442  -0.00153726  -0.000240829  0.000115076 
182 -0.000122938 0.46192 0.00432837 0.027855 0.000492356  -0.000927565  -0.00262095  -0.00129076  -0.00262119  7.33718e-05  0.00121637  0.00035172  -0.00074625  0.000245721 
183 -0.000106306 0.454276 0.00441016 0.0299808 0.00135612  -0.00290889  -0.000380933  -0.000421154  0.00173621  -0.00076126  -0.0010423  -0.000471654  0.00131239  0.00148366 
184 -0.00047945 0.260294 0.0214454 0.0317042 0.00617563  -0.00549784  0.0102613  -0.000738788  -0.00208354  -0.00129431  -0.00168637  -0.0146227  0.00785596  0.0011411 
186 6.11556e-05 1.27615 0.0137788 0.0385321 0.00321917  0.00142903  -0.00343976  0.00218609  0.00633405  -0.00345454  0.00399249  -0.00206454  -0.00790076  0.00511473 
188 -0.000305442 -0.124321 0.02762 0.0377302 -0.00953822  0.00909539  -0.0156257  -0.00811666  0.00568922  -0.00439  0.00999669  0.00817109  0.00550291  -0.00552238 
189 7.86107e-05 2.30106 0.0237964 0.041582 -0.00524312  0.0128035  0.0081618  0.0125193  0.00489003  0.000662151  0.00985996  0.00427403  -0.000879282  -0.00330014 
191 6.26274e-05 0.592087 0.00480311 0.0406257 -0.0017581  -0.0025649  0.00195531  -0.00234473  0.000683469  -0.00038892  0.000794371  0.000129405  -0.000813886  -0.00146649 
192 -0.000135665 0.372684 0.0083128 0.0398475 0.0039138  -0.000588484  0.00161459  -0.000976355  0.000453776  -0.0018538  0.00397253  0.000829157  -0.00355344  -0.0041401 
193 0.000792023 0.987064 0.0392743 0.0415151 0.00500814  -0.00691573  0.00733554  -0.0115582  5.47894e-05  0.000751729  -0.0220714  -0.0135309  -0.0202701  0.0141591 
195 -0.000104076 -0.9673 0.0247151 0.0305252 0.00925427  0.0152517  -0.00405728  -0.000887354  -0.0064454  0.00632829  -0.0131619  0.00174214  -0.00406436  0.000974214 
196 -0.00026046 0.345541 0.0126875 0.032185 -0.00176578  0.00024592  -0.0022152  -0.00318771  -0.00136962  -0.00562968  0.000565249  -0.00745187  0.00326351  -0.00653124 
197 0.000166739 2.24481 0.0341094 0.0360051 0.00542925  0.00782224  0.00645844  -0.00560221  -0.00701593  -0.00217536  -0.0072629  0.0215932  0.020642  0.000793849 
199 -2.64476e-07 -423.018 0.0211664 0.0336101 0.000165302  -0.000785312  -0.00131789  0.00936597  0.00393249  0.0109686  0.00303758  -0.00558639  0.000645617  0.0134643 
200 -0.000283347 -0.738462 0.0374653 0.0336141 -0.00349674  -0.00446512  0.0239787  -0.00532836  0.0105235  0.0139886  0.009332  0.00606056  -0.0175579  0.00544 
202 4.38064e-05 0.510477 0.0013553 0.0375938 6.43007e-05  2.11608e-05  -4.14463e-05  -0.000141928  -0.000748332  -0.000887614  0.000567268  0.000288971  -0.000229683  6.69141e-05 
204 -0.000306592 0.0529154 0.0234176 0.0370066 0.00466057  -0.00798324  -0.00413019  0.00457122  -0.00808632  0.00910404  0.0133647  0.00704656  0.0053971  -0.00439383 
206 0.000171381 3.28408 0.0436801 0.0409405 -0.0197741  -0.00669081  -0.0178895  -0.0122595  -0.00109928  -0.0058897  -0.000670814  -0.0242989  -0.00266209  -0.0191825 
207 -3.76057e-05 0.372491 0.00437964 0.0387912 -0.000756294  0.00338028  -0.00124834  -0.000622872  -0.000321091  -0.000191662  0.0018415  0.000267455  -0.000805184  0.000992901 
211 3.72301e-05 0.524753 0.00192011 0.039273 -8.77615e-05  -0.000110973  0.00166343  0.000510335  -0.000396827  0.000452002  0.000255539  0.000176017  0.000266672  0.000331988 
212 9.65418e-05 0.583723 0.0056863 0.0387961 -0.000147936  0.000516975  -0.0016943  0.00133695  -0.0019746  0.00045965  -0.00313475  -0.000330605  0.000751417  0.00357433 
213 0.000108103 0.539843 0.00415133 0.0375313 3.47026e-05  0.00106319  -0.00105452  -0.00121855  -0.000712768  -0.00170104  -0.00187003  0.00117897  0.00140951  0.00179716 
214 0.000274386 1.59458 0.0346561 0.0360625 0.00699877  -0.0104092  0.0127714  0.011986  0.0108583  -0.023102  0.00625451  -0.00212448  0.00495171  0.00414439 
215 -0.000238788 -0.10168 0.023974 0.0320336 -0.0138456  1.06219e-06  -0.00362715  0.00701742  0.00526657  -0.000763794  0.00962203  0.0101578  -0.0015086  -0.00971025 
216 0.000213036 0.578709 0.00819062 0.0355664 -0.00175765  0.000976359  0.00332729  0.000918731  -0.003422  0.00371246  -0.00223831  0.00078704  0.00407785  0.00183795 
217 -0.000145087 0.312746 0.0104254 0.0324339 -0.00315228  0.000970878  -0.00553495  0.000104315  0.00215911  0.0028116  -0.000522036  -0.00149415  -0.00643209  -0.00327411 
219 0.000372109 1.16987 0.0315723 0.0345985 0.00462259  0.01424  -0.00298178  0.000399945  -0.0221081  -0.000160805  -9.7365e-05  0.00961478  0.00644759  0.0118658 
220 -1.2079e-05 0.490464 0.000678842 0.0287231 0.000197445  -5.10045e-05  0.000172362  -0.000181421  -0.000133539  -2.20533e-05  0.000434454  0.000250953  -0.000291346  4.11086e-05 
221 -0.000310546 0.186345 0.019741 0.0289326 0.00643728  0.0140417  -0.00817955  -0.00614711  -0.000162912  0.000107818  -0.00238661  0.00131973  -0.00623911  7.8131e-05 
222 -0.000214022 0.424485 0.0080422 0.0338776 -0.00604926  -0.000886741  -0.00291044  -0.000647748  -0.00192837  -0.000521173  0.000531865  0.000774935  -0.00345472  0.00126415 
223 -0.000431012 0.171362 0.0238068 0.0369017 -0.00783787  -0.00856713  0.00618113  -0.00358197  0.0076749  -0.00414155  0.00687829  0.0014122  0.00690694  0.0144163 
224 0.000615359 0.755437 0.0250737 0.0423419 0.00379719  -0.00296164  0.00208282  0.0117988  -0.00387385  -0.00836825  -0.00349111  0.00709414  0.000581297  -0.0177218 
225 -0.00110115 0.308445 0.0290638 0.0343172 -0.00803372  0.00127491  -0.0055062  -0.0197365  0.010389  0.00598312  0.0102587  -0.00364525  0.00100766  -0.00976823 
227 7.05777e-05 1.43245 0.0162242 0.0477433 -0.00529529  -0.000106072  -0.00110632  0.00477195  0.00362305  0.000962906  -0.0056051  -0.00200236  -0.0113766  -0.00568078 
231 -5.26008e-05 -0.220834 0.0123154 0.0469984 0.00255609  -0.00208709  0.00131473  -0.00536681  -0.00757604  -0.00176984  -0.000669849  0.00154393  -0.00680802  -0.000733103 
233 -0.000396605 -1.99918 0.0629575 0.0475547 0.0341846  -0.0175043  -0.00863397  0.00802683  0.0220519  0.0298883  -0.0236577  0.0139121  0.00454583  0.0140063 
236 0.00052581 0.73181 0.0220801 0.0515571 0.00511378  -0.00100855  0.0068086  0.00120864  -0.0137331  0.00184409  -0.00680198  -0.00497299  6.73559e-05  -0.0122289 
237 0.000694342 0.593516 0.0161205 0.0461786 -0.0064334  0.000103853  0.00767676  0.000226964  0.00447322  -0.0017243  -0.00362088  -0.00890971  0.00626058  0.0021947 
238 0.000164572 1.21388 0.0216769 0.0379257 0.00697111  -0.000639079  -0.0115217  0.00497386  -0.00508981  -0.0127321  0.00253117  -0.00519577  8.39092e-05  0.00647867 
239 -0.000276985 0.432611 0.00864356 0.0356904 5.64392e-05  -0.00259215  -0.00382637  -0.00165964  0.000181085  -0.00063072  -0.000269626  0.0040046  0.00323462  0.00485699 
241 0.00049775 1.34482 0.0410047 0.0393805 -0.00744736  0.0319615  0.0149508  0.00469741  0.00362607  -0.0015765  0.00660049  -0.00642166  0.000811109  0.016053 
242 0.00034366 0.593177 0.011319 0.032453 -0.0022693  0.000248207  0.00416008  -0.00114208  0.000669019  0.00105718  -5.68599e-05  -0.000237394  -0.00151231  -0.0100193 
247 8.00253e-06 0.512997 0.000645029 0.0266383 -0.000247334  -0.000240301  -6.02446e-05  -2.12681e-06  -9.4597e-05  -4.85229e-05  -0.000154778  9.22381e-05  0.000255323  0.000429596 
248 0.000144094 1.02485 0.0173922 0.0264876 0.000810317  -0.0128523  -0.000521081  -0.00410545  -0.00907971  0.0052189  0.00181401  0.000115011  0.00254396  -0.000264139 
249 0.000162251 1.0641 0.0191329 0.0236117 -0.00269744  0.00392308  -0.00308452  0.000780441  0.00364493  -0.00679993  -0.0132042  -0.00083134  -0.00350532  -0.00929648 
253 -0.000159664 -0.434419 0.0244292 0.0198815 0.000719614  0.0055162  0.0142347  -0.00749054  -0.01456  -0.000412075  0.000723989  0.0068236  0.00361266  0.00589964 
255 -0.000289334 0.146128 0.0202393 0.0235574 -0.00757625  -0.00145047  -0.00229807  -0.000744012  -0.00475265  -0.00348142  0.00235153  -0.00474858  0.0167584  0.000813366 
257 9.19238e-06 0.526557 0.000988192 0.0290573 0.000170419  0.00024348  -0.000510528  0.000363151  0.000115201  9.0189e-05  9.32005e-05  0.000127951  0.000149387  -0.000653377 
259 0.000139853 0.971908 0.0162472 0.0288987 0.000218869  -0.00967932  0.00814827  0.00323935  0.000725543  0.00412006  0.00803226  -0.000953692  -0.0027547  -0.00168269 
260 0.000100964 0.555187 0.00472139 0.0263684 -0.000600927  0.000147962  -0.000236027  0.000378241  0.00079879  -0.0021397  -0.00162158  0.000816556  -0.00181564  0.00314651 
261 -0.000341153 0.346734 0.014465 0.0243789 0.00411226  -0.00286404  0.00580031  0.00628195  0.00328177  0.00352395  -0.00137639  0.00723561  0.00251353  0.00522133 
262 -0.000283902 0.433001 0.00872551 0.0305867 -0.00474469  -0.00318472  0.00174364  0.00260845  -3.29508e-05  0.0010469  0.00442284  0.00241282  0.00208586  0.00167473 
267 4.1451e-05 1.07802 0.00978956 0.0349211 -0.00578581  0.00446058  -0.000812017  0.00103988  0.00208301  -0.0044955  0.00256629  0.00283186  -0.000869117  0.0009018 
269 0.000100712 0.515248 0.0024794 0.0343225 0.000218755  0.000484834  -0.000386717  0.000633373  -0.000412646  -0.000351152  -0.000448028  -0.00187042  -0.00114824  5.05781e-05 
271 3.65736e-05 0.562412 0.00302177 0.0328227 0.00152374  0.00138702  0.000392717  0.000185831  -0.00148876  0.000756627  -0.000159917  -0.000705007  -0.00110376  -0.000408562 
272 0.000225281 0.533889 0.00552814 0.0322607 0.00174735  -0.000157493  -0.00369865  -0.00039395  0.00205321  -0.00259689  -0.000719409  -0.000993484  -0.000880598  0.000638441 
273 1.62602e-05 1.21536 0.00682106 0.028557 -0.00150755  0.00178874  -0.00399537  -0.00432774  -0.000169269  -0.000440003  -0.00161976  -0.000278938  0.00129886  0.00132348 
275 0.000141079 0.875273 0.014552 0.0282708 0.00732665  -0.00149991  0.00019229  0.00110613  -0.00309584  -0.00151378  0.00734552  0.00136395  -0.00268627  -0.0089254 
276 1.06533e-05 0.800245 0.00357693 0.0256548 0.00110131  -0.000337809  -0.00174906  0.000368258  -0.00103409  -0.000362563  -0.00127714  0.000766467  -0.000989231  0.00196842 
277 -0.000181057 -0.391095 0.0254043 0.0254464 0.00241621  0.00794905  0.0102423  -0.0067775  0.0027181  0.00760276  -0.00379689  -0.00754614  -0.0167703  0.00277867 
279 0.000338168 0.745221 0.0182124 0.0287853 -0.00644329  0.00703478  -0.00606661  0.00372569  0.00522599  -0.0075387  -0.00318013  0.00488809  0.00546236  -0.00648196 
285 0.000150491 1.26144 0.0214082 0.0221468 0.0024249  -0.0126483  0.00193283  0.00219918  -0.00714471  -0.000786867  -0.0067571  -0.0135409  0.00142185  -0.00108499 
287 -0.000155832 0.27413 0.0118664 0.0184391 0.00567533  0.00495479  -0.000304236  0.00211467  -0.00421815  -0.00602109  0.00213361  0.000168732  -0.00362558  -0.00277775 
290 -0.00055294 0.215057 0.0251098 0.0222676 0.00203028  -0.0104305  0.00451754  -0.0074248  -0.000406239  -0.00418012  0.0119723  0.00366195  -0.0154778  -0.00530152 
294 -0.00122409 0.305584 0.0308731 0.0323873 -0.0040597  9.88515e-05  0.0210397  -0.00186797  -0.0033101  0.00227572  0.000859526  0.0128311  0.0096712  0.0146785 
296 -0.000164922 0.466736 0.00468603 0.0476841 0.000484593  0.000445831  0.000913131  -0.00171777  2.5643e-05  -0.00381086  0.00053496  -0.00116906  -0.00121281  0.000306007 
297 -0.000260584 0.437981 0.00804279 0.0493833 -0.000504664  0.00333156  -9.4471e-05  -0.00400257  -0.00118644  0.000726381  0.00569174  0.000983174  0.000747769  -0.00120255 
301 0.000273663 5.25635 0.0721283 0.0519551 -0.0119003  7.26652e-05  -0.0361445  0.0444069  0.0333349  -0.0104457  0.00344104  -0.0230849  0.00194564  0.00368901 
302 -5.47092e-05 0.438737 0.00366174 0.0492515 0.000911673  0.00154744  0.00160129  -0.000566602  0.000793007  -0.00104142  0.000341511  -0.00161824  0.00138235  -0.000968407 
303 0.00140724 0.701831 0.0337064 0.0498038 -0.00661541  -0.00649402  0.00132322  -0.0241419  -0.000985062  0.0158978  -0.0121233  0.000737921  0.00627018  0.00500618 
305 -0.000182442 0.44821 0.00614938 0.0327745 -0.00262376  -0.00335733  -0.00163352  -6.93504e-05  -0.00158084  -0.00216409  0.000794145  -0.00289898  0.000833763  0.000271374 
308 -0.00154322 0.333231 0.0321138 0.0354489 -0.000597093  -0.00551822  -0.00993383  0.0121276  0.020902  0.0115266  -0.00194697  0.0088123  -0.00649201  0.00783448 
309 0.000435884 0.924216 0.0271938 0.0529248 0.00461344  -0.000869688  0.00426867  -0.00490275  0.00172469  -0.00951431  -0.0114684  0.0153677  0.0132373  -0.00622825 
311 0.000213429 0.881265 0.0180407 0.0486338 0.00453734  0.00951607  0.000409771  -0.0017495  0.00293427  0.00308728  -0.00705443  -0.0108453  0.000469741  -0.00503478 
312 4.86676e-05 0.561344 0.00345584 0.0463879 -0.00234151  6.87956e-05  -0.00211369  -0.000296841  -0.00110424  -0.00056931  -0.000290797  -0.000387894  -3.58365e-05  -0.000346194 
314 -0.000255087 -0.751252 0.035731 0.0458603 0.0203553  0.0231398  0.0128709  -0.00813219  -0.000724671  -0.00298681  0.00700091  -0.00576229  -0.000318412  -0.00183291 
320 0.000589118 0.704312 0.0219421 0.0485622 0.0076809  -0.0021526  -0.00258208  -0.00672947  -0.0159048  -0.00947495  0.00338656  0.000489863  -0.0010366  0.00321778 
321 -0.000152731 0.295166 0.0111874 0.0420636 -0.00395835  0.00261085  0.00013597  -0.00116695  -0.000806255  -0.00871848  -0.0038696  0.00109049  -0.000479962  -0.00287003 
322 -0.000278707 0.0458882 0.0225019 0.0438416 -0.0145672  0.000959865  0.00425377  0.00432626  -0.0062806  -0.0085694  0.00548875  0.000338182  -0.00708267  0.00794428 
323 9.87432e-05 2.3742 0.0272059 0.0469131 0.010784  -0.00275197  -0.00132514  0.00248687  0.00672595  0.0169599  0.00280143  -0.0105529  0.0124167  -0.0014448 
325 -0.000139433 0.407591 0.00718 0.0458486 0.00337451  -0.000949979  -0.00476749  0.00207108  0.00181901  -0.0021323  0.000667279  0.000985947  0.00161266  -0.000608838 
327 -4.18293e-05 -10.2652 0.0424363 0.0473449 -0.0115398  0.00267713  -0.0209352  -0.0117654  0.00347803  0.0269068  7.9391e-05  -0.00913673  -0.00753549  -0.0144034 
330 -0.000146399 -7.10667 0.0667254 0.0477846 -0.0124897  -0.0211041  0.0476043  -0.00617648  -0.0357996  0.00588253  -0.00164892  -0.000615953  -0.0150758  -2.64412e-05 
332 -2.28609e-05 0.495374 0.000650613 0.0492928 -0.000309248  -3.19728e-05  -9.70802e-07  -0.000360357  9.33714e-05  0.000198931  0.00037103  3.70554e-05  -9.56684e-05  1.73804e-05 
333 0.00098655 0.61823 0.0216053 0.0495241 0.00700453  0.00395907  -0.00418515  -0.000860193  0.00657906  -0.00596071  0.00545214  0.0117946  0.00481688  -0.0106274 
335 5.45366e-05 1.71444 0.0162761 0.0382959 -0.00406919  0.000270206  -0.00434345  0.00521755  0.0100984  -0.000762035  0.00731687  0.000299021  -0.00647824  0.00201 
336 -3.09301e-05 0.480683 0.0015461 0.0375771 -0.000707688  -6.49317e-05  -0.000718385  -0.000163292  0.000143778  0.000255692  0.0010037  -0.000314498  0.000164142  -0.000351192 
337 -0.000172265 0.312055 0.0113811 0.0379865 -0.00251763  0.00740828  -0.0026392  -0.00176916  0.000707135  0.00573165  -0.000311817  0.00411038  -0.00207727  -0.00188502 
340 8.56799e-05 0.615265 0.00628533 0.0401902 0.00390986  -0.0012455  0.00106362  -0.00128562  -0.000176001  0.000384768  -0.00400095  -0.00162066  -0.000561285  0.000868779 
341 -8.48186e-05 -0.192367 0.0153267 0.0391098 -0.000844148  0.00594272  -0.00173857  0.0049687  -0.0041802  -0.00072501  -0.00539306  -0.00661197  -0.00431044  0.00786047 
343 0.000116214 2.54163 0.0308043 0.0401796 0.00562261  -0.0185604  0.00967275  -0.00667825  -0.00330807  -0.0168881  0.00323235  0.00232474  0.00965199  -0.00542938 
345 0.000214284 0.541885 0.0059933 0.0387065 0.00117605  0.0001578  -0.00182691  0.00346522  0.0015818  0.00292132  0.000264966  0.00115214  0.0015372  -0.00209033 
346 4.95689e-07 390.817 0.0278178 0.035832 0.0150288  0.0049289  -0.0033178  0.00195147  0.00433093  0.0137693  -0.00724431  0.0146921  0.00309931  -0.00474942 
347 -0.000249604 0.218967 0.0167525 0.035825 -0.00252143  0.000329523  -0.0017825  0.00643984  -0.00676817  0.00891403  0.00622283  -0.000381202  -0.00800337  0.00115715 
348 0.00066004 0.610167 0.0170578 0.0391544 -0.000740878  0.00537259  -0.0109235  -0.00486146  0.00318778  -0.00942431  -0.00269068  0.000792975  -0.00314368  0.00136661 
350 7.12912e-05 0.524237 0.00262943 0.0295507 -0.000200011  0.000134913  0.000493229  0.00126017  0.000489612  -0.000936144  -0.00183013  0.000149216  0.000680167  -0.000272148 
