generation s h r distopt trait[0] trait[1] trait[2] trait[3] trait[4] trait[5] trait[6] trait[7] trait[8] trait[9] 
2 -0.000322577 -0.671777 0.038884 0.05 0.00382491  -0.0129948  -0.0226566  0.0110138  -0.0101531  -0.00522002  0.00130758  -0.0236612  -0.00135055  0.000347677 
3 0.00145492 0.534942 0.0142918 0.0955683 0.0084353  -9.10266e-05  0.00287392  -0.00135869  -0.0037049  -0.00172382  -0.00413619  0.00931852  0.000548846  0.00142992 
4 0.00601657 1.08206 0.118151 0.135599 0.0553102  -0.0228202  0.0447618  -0.0411062  0.0722355  0.0230675  0.00661078  0.0145335  -0.0241849  -0.00981723 
6 0.00444125 0.816609 0.0749532 0.194306 0.048819  -0.00964646  0.0236945  -0.0304106  -0.0100004  0.0236283  0.0276537  -0.010702  -0.00574089  -0.00921225 
7 0.0212804 0.690078 0.127276 0.222199 0.077653  -0.0683452  0.0285178  0.02253  -0.0308449  0.0029059  0.00506807  -0.0383736  -0.0103679  -0.0401454 
8 0.0190579 0.748754 0.137543 0.197587 -0.004868  -0.080091  -0.0582281  0.00971769  -0.044131  -0.0703793  -0.014745  -0.0152716  -0.0328414  0.0237686 
9 0.0105895 0.630021 0.0743651 0.174838 0.00449388  -0.049807  0.00119078  0.00478598  0.00742677  -0.0317225  0.0170836  0.0296683  0.0227002  0.0160026 
12 0.00716526 0.938703 0.111959 0.264073 0.0485633  0.0171356  0.0178919  -0.00482952  -0.0502159  0.0171625  0.0267905  0.0310962  0.068933  -0.0169294 
13 0.00935239 0.517463 0.026335 0.294854 0.0151141  -0.00569442  -0.0117922  -0.00385334  -0.000650229  -0.00110447  -0.014798  0.00185103  -0.00509157  -0.00536606 
15 0.00530202 0.567631 0.0380035 0.371989 7.25867e-05  -0.0192104  0.00995384  0.0114884  -0.0270765  0.00837947  0.00521336  -0.000149135  0.0036389  0.00060472 
19 0.00935818 0.544401 0.0411988 0.555991 0.00850317  -0.0130833  0.0171666  -0.00800225  -0.00804179  0.00200028  0.00102598  -0.00994462  -0.00164423  -0.0303943 
20 0.0328119 0.610641 0.121584 0.595646 0.0721417  0.0101727  0.0258689  0.0217921  -0.0211041  -0.00838811  0.0544344  0.0279902  -0.0281159  0.0572524 
24 0.0143931 1.0576 0.178463 0.758231 0.0247147  0.0173912  0.0179528  0.0566381  0.147632  0.0647605  -0.00138101  0.0069005  0.0341322  0.0142048 
25 0.00669472 0.862852 0.0984628 0.797312 0.00736037  -0.0128311  0.0280706  -0.0509596  0.0163518  0.0430769  0.0150781  -0.0332608  0.0321401  0.0400206 
26 0.0303528 0.535737 0.0686936 0.841243 0.0410514  0.0109801  0.0054492  0.0190642  -0.0139301  -0.00565975  -0.00547669  -0.000828046  -0.00492416  -0.0473168 
30 0.0851611 0.629093 0.212831 1.01681 0.0396904  -0.0322478  0.00483562  -0.0987687  -0.131095  0.0511725  -0.100366  0.0460152  -0.00871588  -0.0288387 
32 0.0873361 0.508369 0.0794023 1.07241 0.0181915  -0.0303616  -0.0257903  0.0264705  0.0126962  -0.00193448  -0.0161471  -0.0517258  0.00990278  -0.0220647 
36 0.0113395 0.500559 0.00942261 1.22816 0.00447476  -0.00278225  0.00145263  -0.00360499  -8.44691e-05  0.00243861  0.000704244  0.00535291  -0.00323921  0.000564749 
37 0.0366132 0.570895 0.104066 1.27263 0.0298099  0.00247004  0.0300652  -0.00261002  -0.00738068  -0.0334863  -0.0367644  -0.0639549  -0.0468018  0.0147016 
38 0.103427 0.591646 0.201817 1.30736 0.0398069  -0.0250842  -0.051031  0.140151  -0.0119407  0.0647733  0.0959578  -0.0156037  -0.0458609  0.0194199 
39 0.0402768 0.50064 0.0296745 1.31786 -0.00252502  -0.0201054  -0.00922255  -0.00914578  0.0100167  0.0117144  -0.00640939  0.00139819  0.00362369  0.00274678 
40 0.0569153 0.505975 0.0534261 1.35166 0.0107586  -0.0182614  -0.0098696  0.00928039  0.0296568  -0.00133962  0.00510722  -0.013386  -0.00190163  -0.0336361 
42 0.0919996 0.504567 0.0740136 1.37997 0.0305441  -0.0199786  -0.0356205  -0.016065  -0.0180752  -0.0162288  0.0219776  -0.0392224  -0.00274453  -5.89233e-05 
44 0.0640725 0.553037 0.12279 1.3477 -0.00773332  -0.0558848  -0.0501621  0.0387204  -0.0629999  -0.0126539  0.0193395  -0.0209219  -0.00728628  -0.0537119 
45 0.00892387 0.735594 0.0916679 1.32446 -0.0135906  -0.0248284  0.0159722  -0.0157958  -0.0398466  -0.0360964  0.00243363  -0.0223777  0.052552  -0.030629 
46 0.107241 0.509381 0.0948909 1.3211 -0.000686411  -0.0481464  0.00194746  0.00247638  0.00132379  0.000757127  0.0152711  0.00808799  -0.0208811  0.0770639 
48 0.0695792 0.661673 0.213332 1.28197 0.110087  0.0442236  -0.0791017  0.111105  -0.0383985  0.0069636  -0.0213051  0.0763284  0.0611304  0.0359815 
50 0.0295776 0.504537 0.0308831 1.25546 0.0174489  0.000255681  -0.00425397  -0.00624925  0.0155472  0.00430616  0.00352557  -0.00836344  0.0157728  -0.000820682 
53 0.0329242 0.504169 0.0326314 1.2438 0.0127946  -0.0050056  -0.0107449  -0.0107347  0.00712806  3.57602e-05  0.000636598  -0.00876521  -0.00851222  0.0210918 
55 0.105632 0.512499 0.100263 1.23071 -0.0118896  -0.0650893  0.0342094  -0.0502684  -0.0130912  0.0247007  0.017572  -0.0266129  -0.0123232  -0.00520531 
59 0.0844469 0.600341 0.188877 1.18921 0.0698473  0.0332323  0.00155601  -0.00225371  0.115178  -0.0538185  0.000120612  0.0423839  0.085662  0.066237 
60 0.305825 0.535035 0.269254 1.15462 0.0894473  -0.112634  0.146678  -0.012085  0.0694274  -0.0888094  0.0314142  -0.0506761  -0.00824492  0.117557 
61 0.0206469 0.523569 0.0462062 1.03262 0.0120046  -0.00394989  -0.0287941  0.0136996  0.0183975  -0.00707774  -0.000634228  -0.0103354  -0.0206403  0.00605993 
63 0.0238018 0.541009 0.0642902 1.02268 0.00811918  0.0062424  -0.00226633  0.00162771  0.00223432  0.0276582  -0.0180175  0.0202565  0.0131296  -0.048407 
65 0.0779694 0.577064 0.160885 1.01112 0.0682185  -0.011283  -0.00301077  -0.108069  -0.0382398  -0.00468548  0.0633291  -0.0251813  -0.0528143  0.0222835 
67 0.063808 0.522841 0.0869386 0.973281 0.0217595  -0.0214188  -0.00865611  -0.0512727  0.0214206  -0.0209309  -0.0206242  0.0365719  0.0167081  0.0313575 
74 0.00427895 0.907607 0.0834548 0.940968 -0.00235855  0.00462296  0.049723  -0.0409053  0.00291775  -0.00908368  -0.0204645  0.0409791  -0.00935278  -0.0227061 
75 0.0239455 0.536763 0.0613029 0.938696 -0.0125941  -0.0155378  -0.0043921  -0.0118417  -0.0174665  0.00753253  -0.0313631  0.0409119  -0.0117235  0.00646585 
77 0.1061 0.547459 0.155446 0.926006 0.0833568  -0.0315275  0.0189431  -0.000186028  0.0139312  -0.00709124  -0.0118254  0.0326824  -0.111784  0.0437512 
79 0.0925221 0.604124 0.201436 0.869855 0.00362471  -0.0659657  -0.0138339  0.0762711  -0.0562349  0.112332  -0.0271179  0.00167695  -0.106446  -0.0485137 
80 0.0562249 0.520299 0.0770313 0.817409 0.00775275  -0.0243433  0.0050056  -0.0469564  0.00110779  0.00709999  -0.00600519  -0.0175894  0.0406032  -0.0317089 
82 0.000719223 13.2306 0.190906 0.783235 0.0259289  0.00603496  -0.109642  -0.0113013  0.0698635  0.0457793  0.00297024  -0.0781163  -0.0634031  -0.0804979 
83 0.0427576 0.5223 0.0678882 0.782776 0.0202054  -0.0241302  -0.00111685  0.0086403  0.0265639  -0.0378513  -0.00542864  0.0112431  -0.0349907  0.00487846 
84 0.0348811 0.556526 0.091279 0.755559 -0.00388789  -0.00996983  0.0121162  -0.0216569  0.0109285  -0.0344042  0.0148218  -0.0193571  0.0660929  -0.0365483 
85 0.0878949 0.531968 0.119579 0.732518 0.0887651  -0.026776  0.0320545  -0.0203336  0.0561598  0.000217747  -0.026875  0.0123866  0.0138616  0.00633725 
86 0.0440883 0.514714 0.0588964 0.672561 0.00974456  -0.0319401  0.00796593  0.0274837  0.028863  -0.00978729  0.00210996  0.0214982  -0.00515261  -0.0106212 
87 0.00654638 0.636366 0.0598237 0.639683 0.012269  0.00546674  -0.0507979  0.00137485  -0.0240548  -0.00169411  -0.00166832  -0.0128268  0.00769363  0.00285199 
90 0.050754 0.523685 0.07689 0.634562 0.0665026  -0.0256881  -0.011086  -0.0108076  -0.000403932  0.0157109  0.013148  -0.00450293  0.0094125  -0.00782015 
91 0.00172518 0.512134 0.00922731 0.594274 0.00341766  0.0008698  -0.00386681  0.00309043  0.000490806  0.00224533  -0.00511415  -0.00103088  0.00392189  0.000567925 
93 0.0582859 0.77827 0.253284 0.592822 0.0740297  -0.0921301  -0.00736695  -0.0736575  -0.0881071  0.121863  0.054315  0.12016  -0.0115539  -0.0675946 
94 0.0298497 0.668597 0.142189 0.542943 -0.00934236  -0.0327673  -0.0181811  0.066927  -0.091906  -0.0354056  -0.0353483  0.00633481  -0.0426605  -0.0379112 
95 0.0711936 0.571735 0.148466 0.515145 -0.0335684  -0.0938836  -0.00435611  0.00787604  0.0223903  -0.0898594  0.0539394  -0.0115424  -0.0135488  0.0147626 
98 0.0067749 0.509819 0.0169696 0.443397 0.00714001  -0.00492031  0.00322381  0.0047957  0.00470396  0.00513245  0.000651478  -0.00980735  0.00058091  0.00582855 
99 0.0491868 0.775755 0.231855 0.435716 -0.00248147  -0.0643115  -0.0569064  0.123339  0.0405009  -0.0935412  -0.126979  -0.0117276  0.0117432  -0.0661391 
100 0.0156406 2.68502 0.365391 0.376607 -0.107162  -0.157564  0.189209  -0.113532  -0.0780328  -0.0489708  -0.0735986  0.111399  0.147286  -0.0224541 
101 0.00575033 1.39017 0.142762 0.355406 0.00254294  0.0169325  0.024815  0.0944171  0.0256903  0.0613106  -0.0572914  0.0199516  0.0111755  0.0483025 
104 0.00830232 0.734954 0.0883009 0.347246 0.01543  0.00543417  -0.0138089  -0.0631018  0.0161433  0.0222823  0.0355971  0.00569246  -0.0271491  -0.0237315 
106 0.00445456 2.26559 0.176853 0.335129 0.0792794  0.0808988  -0.0197292  0.0382044  0.0251977  -0.038634  0.0408055  -0.0906224  -0.0183277  -0.0652498 
107 0.0108524 0.547406 0.0458748 0.328431 0.00953172  -0.000641937  -0.00671753  0.0208013  -0.0141015  -0.0101913  0.00660801  -0.0160015  0.0271135  0.0140654 
108 0.0253167 0.570746 0.0859126 0.311565 0.00183201  -0.0315652  -0.042288  -0.00102867  -0.012904  -0.0150123  0.0183411  -0.0416892  0.0361869  0.0285686 
110 0.0201519 0.658445 0.113241 0.268461 0.0381743  0.0126267  0.00258625  -0.029925  0.0464174  -0.0121068  -0.0467584  0.0210452  -0.029665  0.0670392 
111 0.00243763 0.638801 0.0368031 0.228298 -0.0088161  0.00626503  0.0043058  -0.0137159  0.00321217  0.00328168  0.0185345  0.0105292  0.0103611  0.0211659 
112 0.0154516 0.652919 0.0973937 0.222902 -0.00544689  -0.059413  -0.0237634  0.0356699  0.00180448  0.000286467  -0.0378304  0.0141911  -0.0121762  0.0480082 
115 0.00874145 0.642058 0.0705717 0.185342 0.0290372  -0.0515828  -0.00440221  -0.00187137  0.00127465  0.0120074  -0.00853878  -0.00112634  -0.0306608  -0.0171309 
116 0.00737417 0.798866 0.0938112 0.160151 0.0054425  -0.0124843  0.0381521  0.0242148  -0.0278293  0.0353706  0.0480334  0.0256642  0.0395894  0.0037941 
117 0.00835116 0.84128 0.106637 0.135282 0.0573855  0.0313079  -0.000487686  -0.0370944  0.049218  0.0131976  -0.00327379  -0.0448213  0.0206492  0.0260628 
120 0.000424155 0.683053 0.0176234 0.0999232 -0.00309619  -0.00707167  0.000150586  -0.00111781  0.000847268  -0.00250901  -0.00614283  0.0127518  0.00650527  0.00020449 
125 0.00133713 0.666296 0.0298268 0.0977782 0.0160598  -0.00212456  -0.00930701  -0.0116266  0.0105119  0.00413348  0.0128997  0.00970209  0.00338982  -0.00240833 
126 0.000791951 0.826629 0.0321631 0.0906882 -0.00585804  -0.0122923  -0.00165896  -0.00749592  -0.000520874  -0.019055  -0.00646162  -0.00293521  0.0188274  -0.00468014 
127 0.000866897 1.58183 0.0612237 0.0862131 -0.025065  -0.00693163  -0.0183058  0.00541782  -0.0197577  0.0409535  -0.00154003  0.0121231  -0.0152019  0.0161117 
129 -2.33393e-06 -1.52296 0.00434578 0.081032 -0.000522435  -0.00115699  -0.000308458  -0.00133882  0.00282648  -7.86069e-05  -0.00231837  -0.00107133  -0.000637225  -0.000680328 
131 -3.3175e-05 0.475583 0.00180022 0.0810464 0.00061102  0.000712001  -0.000888412  -0.000114415  -0.00013479  -0.000167763  -0.000853736  -0.000840788  -0.000271737  -4.68937e-05 
133 0.00133029 0.666213 0.029743 0.0812508 -0.00143921  -0.0136375  -0.0116946  -0.0149238  -0.00225149  -0.017027  0.00170342  0.00191538  0.00596162  -0.00010462 
136 0.000555655 1.82719 0.0542963 0.0726105 0.0199967  -0.0099576  0.00855962  -0.0310075  -0.00463621  -0.00784663  0.023743  -0.0204206  0.0117246  0.0145969 
140 0.00229342 0.606026 0.0312097 0.0686788 0.00848192  -0.0111464  -0.00655038  0.0197147  0.00129029  0.0121305  -0.00529381  -0.0119583  -0.00273195  -0.00435629 
141 0.000471029 0.639098 0.0161901 0.0492544 0.00190219  -0.00925788  -0.0046209  0.00294229  0.0105445  0.00177224  -0.00113466  -4.03184e-05  -0.00293375  -0.00430796 
144 0.000297037 0.836407 0.0199916 0.0442162 0.0052671  -0.000856922  -0.00361452  0.0111007  0.00799036  -0.00221497  -0.00272869  0.000310134  -0.00575616  -0.0112014 
146 0.000472826 0.794377 0.0235945 0.0407195 -0.000452341  -0.0077205  -0.0025978  0.0154749  0.00726364  -5.65788e-05  0.00878875  -0.00992532  0.00191329  -0.00429999 
147 0.000102468 1.00649 0.0144078 0.0344292 -0.00199221  -0.00497403  0.00636268  -0.00619817  -0.00296427  0.00216803  0.00581877  -0.00455759  0.00383728  0.00413924 
148 6.65566e-05 1.04589 0.0120551 0.0329075 0.00092655  -0.0068147  -0.00479805  -0.00139543  -0.000736879  -0.00671743  0.00394341  0.00147148  -0.00272611  0.00149825 
149 9.33409e-05 2.0149 0.0237813 0.0318802 0.00320261  0.012222  0.00165405  0.00964867  0.00562634  0.00268061  -0.000437476  0.016405  -0.000323859  -0.00134898 
150 -9.50733e-05 -2.86996 0.0357971 0.0303811 -0.00707651  -0.00391766  -0.00535916  -0.0143547  -0.022515  0.00696836  0.0102771  0.00630696  -0.00845932  0.0144496 
155 -2.57688e-06 0.316733 0.00137442 0.0319075 0.000790739  -5.53016e-05  6.98679e-05  1.38902e-05  0.00078858  -0.00021437  -0.000212337  -0.000383397  -0.000170055  0.000605655 
159 -1.19163e-05 -9.65969 0.0220054 0.0319479 -0.00810579  0.00354938  0.00557209  0.00817115  -0.00761861  0.00380654  -0.0111496  -0.00466198  -0.0089383  0.00310617 
163 0.000343829 0.873161 0.0226529 0.0321338 0.00630231  0.000689685  0.00761822  0.0123936  0.000739506  -0.000199934  0.0105038  -0.0072487  0.0024406  -0.0095865 
164 4.7913e-05 0.702679 0.00623249 0.0262453 -0.00387988  0.000451011  -0.00014271  -0.000168728  -0.00293238  -0.000648834  0.00259368  0.000540349  0.00270832  -0.000405227 
165 0.000181637 1.155 0.0218137 0.025316 -0.00447855  -0.00285138  0.00136783  -0.00361183  -0.000359936  -0.0121553  -0.0141032  -0.00769779  0.00415803  -0.0030671 
171 -0.000331062 0.0011324 0.0257048 0.0214309 0.0113963  0.00678768  -0.0138714  -0.00689327  -0.000194744  -0.00973321  -0.00566948  0.00788398  0.00170388  0.00727169 
173 0.000163417 0.616263 0.00871801 0.028114 -0.0019835  -0.00253719  -0.00180232  0.00401169  0.00244814  0.00273567  0.000493061  -0.00475587  0.00157887  -0.00273103 
175 1.53288e-05 1.54397 0.00800065 0.0250399 -0.000857209  0.00127599  -0.00262795  0.000330057  0.00504444  0.00169656  -0.000217272  -0.00296293  -0.00393336  -0.0014178 
181 -1.55284e-05 0.444652 0.00185418 0.0247319 0.000670141  0.000418405  -0.000535955  0.000809268  -0.000374698  -0.000902653  0.000217711  0.000629606  0.000111658  0.000678399 
187 0.000130994 0.973851 0.0157566 0.0250439 0.000353643  -0.00535852  -0.0020554  0.00292559  0.00195992  -0.00520386  0.00861054  0.00751292  0.00662875  0.00109576 
190 -6.57761e-06 0.463959 0.0009738 0.0222758 7.28896e-05  -0.000393157  -0.000100683  0.000637135  -0.00027023  0.000501893  -2.93587e-05  6.29767e-05  -0.000177326  -0.000105491 
191 -8.99419e-05 -0.210498 0.0159882 0.0224229 0.000966435  -0.0084001  0.00490415  0.00550687  -0.000895189  0.00471574  0.000720728  -0.00797614  -0.00393116  -0.00520749 
193 -0.000411619 0.332726 0.0165995 0.0243461 -0.00441274  -0.000960527  -0.000720111  -0.00485421  -0.00381647  -0.00726773  -0.0105712  -0.00699101  0.000152523  0.00174175 
194 -5.59921e-05 -0.153838 0.0121013 0.0316929 0.00428004  0.00377558  0.00220086  -0.00127681  0.0023426  0.00413464  0.0028018  -0.00837402  -0.00162587  -0.00204781 
195 -1.57818e-05 0.0626941 0.00525416 0.0325643 0.00208412  0.0034545  -0.00212595  -0.00188854  -0.00104998  -0.000194512  0.000292057  0.000560329  0.00130141  -9.79171e-05 
196 0.000327889 1.059 0.0270744 0.0328057 -0.0067097  0.0068815  0.00381842  -0.015721  0.0020389  0.00578387  -0.0013726  0.0158976  0.00864793  0.00344998 
198 0.000341288 0.714145 0.0170979 0.0273565 -0.00321295  0.00458033  0.00240682  0.00809964  0.00700717  -0.00544012  0.00713238  -0.00653353  0.000100871  -0.00416844 
200 1.34022e-05 6.98109 0.0186394 0.0201779 -0.00738027  0.00907403  0.000320432  0.00237065  -0.00355581  0.00533025  -8.44469e-06  0.00599602  -0.00738124  0.00856776 
201 -0.000245777 0.300782 0.0139965 0.019843 0.00297221  0.00579835  0.00817014  -0.00124823  -0.000190933  -0.00333659  -0.00117971  0.000664144  -0.00833214  -0.00164674 
207 -0.000346074 0.378647 0.0129643 0.0252894 -0.00369996  0.00476373  0.00564002  0.00467374  0.00232492  -0.00668923  0.000651402  -0.00430532  -0.00057898  -0.00293107 
208 0.000214431 0.909615 0.0187432 0.0313956 0.00545067  0.0010634  -0.00630627  -0.00157893  0.0106378  0.00377513  0.00681695  0.00751103  0.00681501  -0.00120792 
209 -2.00712e-07 0.239166 0.000457613 0.0277719 -0.000137901  -0.000117797  0.000238201  -5.42478e-05  0.000129594  -0.000180755  -0.000150312  0.00016417  3.10349e-05  -0.00012984 
211 0.000129945 0.727902 0.0108838 0.0277755 0.00156884  -0.00385819  -0.00274334  0.00319626  0.0025749  0.00266862  0.00420512  -0.00137157  0.00513988  0.00486156 
213 -2.36401e-05 -0.505316 0.00975004 0.0253287 -0.00173367  -0.00130577  0.00517555  0.00566003  -0.000965115  0.000520276  -0.00267305  -0.00162012  0.0044561  -0.000837528 
214 -0.000567658 -0.112964 0.0373113 0.0257911 -0.00398653  -0.0290091  0.0104375  0.00853946  -0.00247018  0.009695  0.00416623  0.00299029  0.0101432  0.0111163 
215 -0.000133 0.0709996 0.0151078 0.0351141 0.00125203  -0.00136  -0.00407367  0.00175997  -0.00592698  -0.00816785  -0.00311915  0.00644884  0.00138434  0.00707534 
218 -5.97365e-06 -0.14295 0.00391957 0.0369596 0.000286842  0.000466056  0.000152726  0.000263615  -0.00111727  -0.00267865  0.00214748  -0.00123072  -0.000338845  0.0005533 
222 -2.59244e-05 0.108227 0.0063739 0.0370403 -0.00114012  0.000410954  0.00299223  -0.00065658  -0.000914949  0.00124296  -0.00225691  -0.00105079  0.00303063  -0.00346536 
225 -0.000379091 0.341098 0.0155262 0.0373886 0.00598541  -0.00522392  0.00356363  -0.00260864  0.0068384  0.00310978  -0.00364705  -0.00919862  0.00202328  9.62091e-06 
226 0.000274925 0.733188 0.0160135 0.0421553 -0.00225489  0.00463615  -0.00500972  -0.0031234  -0.00756788  -0.0110562  -0.000932911  0.00308818  0.0021354  -0.000720712 
227 0.000328024 2.00909 0.0444895 0.038758 0.00219892  0.00676631  0.00301881  -0.00796501  -0.00968997  -0.00563569  0.01544  0.00590432  -0.0148036  -0.0351864 
228 -0.00150534 0.31252 0.033626 0.0342668 -0.00101628  -0.00341426  -0.00734951  0.00329624  -0.00971319  -0.018306  -0.017944  0.0120191  0.0123279  0.00229317 
229 -6.64614e-05 0.42855 0.00435861 0.0517753 -0.00176904  0.000637784  0.00187264  -0.000836375  0.000344028  0.000811995  0.00191013  -0.000377868  0.00164385  -0.0019959 
230 0.000632839 0.961462 0.0341729 0.0524132 -0.0165753  -0.00043616  -0.00893379  -0.00828819  0.0167761  -0.00474089  -0.00368045  0.000133982  -0.018814  0.00853833 
231 6.27471e-06 7.14174 0.0129111 0.0459838 0.0013186  -0.00084427  -0.00165751  0.000605744  0.00367513  -7.38378e-06  -0.00915309  -0.00606228  -0.00495546  0.00159269 
233 -0.000240802 0.375433 0.0109556 0.0459155 -0.00229407  -0.005412  0.000481393  0.00178176  -0.00187914  0.0017937  6.97778e-05  0.00259645  -0.00441095  -0.00700823 
237 -0.000431235 0.474569 0.00663091 0.0484672 -0.00358692  -0.000606113  -0.00108205  -0.00164704  -0.00227066  -0.000820744  -0.00363481  -0.000721836  -0.00167856  -0.00211471 
240 -0.000754157 -0.423382 0.0527813 0.0527294 -0.00596187  0.0271145  0.00509277  -0.00939477  0.00198224  0.0345202  -0.0248544  0.00347585  -0.000197874  0.00868848 
241 0.000742844 0.63825 0.0202705 0.0594545 5.95596e-05  0.0102533  -0.000749428  0.00582305  0.00403374  -0.00883941  0.0119037  -0.00390785  0.00021561  0.00445759 
244 0.000717268 0.911565 0.034358 0.0528419 0.00787652  -0.00841703  -0.0106057  -0.0166084  -0.00175338  0.0165417  0.00827875  -0.00936908  0.0149275  0.00184794 
246 -0.000113284 0.490763 0.00204752 0.045555 -0.00038627  -0.000422327  0.000675016  -0.00149489  -0.000267813  -0.00030882  -0.000603336  -0.000299089  0.000743546  3.19085e-05 
248 0.00044938 1.32909 0.038598 0.0467819 0.0163851  -0.018342  -0.00924776  0.00105935  -0.0155071  -0.0209946  0.00935219  0.00195869  6.33679e-05  0.00507102 
249 0.000120768 0.709629 0.0100631 0.0417045 0.0030677  -0.00143314  0.000684614  0.0047298  -0.00372076  0.00543024  -0.00257057  -0.000953403  -0.00077872  0.00393786 
250 -0.00013073 0.436174 0.00577813 0.0402307 -0.000936779  0.000941394  0.000920153  -0.0033026  0.00151285  0.00232729  -0.00116909  -0.00250048  0.0015974  0.00141184 
251 -0.000178274 -0.411246 0.0254917 0.041824 -0.00850243  0.0118313  -0.0026288  -0.00106599  0.0147179  0.0112191  -0.00641976  -0.000521013  -0.00663498  0.00123279 
253 0.000274301 0.552204 0.00757021 0.0439037 0.00221403  -0.00338906  -0.00152319  0.00495657  0.00137306  -0.00135925  0.00082546  0.000135904  -0.00221289  0.00216866 
254 2.05517e-05 0.509846 0.00089977 0.0406605 0.000296069  -4.25846e-06  -0.000257461  0.000213169  0.000105101  -0.000211374  0.000248267  -0.000667241  3.60576e-05  -0.000215202 
256 0.000586663 0.676985 0.0203802 0.040407 0.0127606  0.000638195  0.00420134  0.00808303  -0.00239185  -0.00510256  0.00763066  0.0046505  -0.00591619  0.00474482 
257 -5.46877e-05 -2.95136 0.0274762 0.0323455 -0.00524916  -0.00380022  -0.00244696  -0.00978151  -0.00642884  -0.00642101  0.00558246  -0.00866317  0.00725331  -0.0192326 
259 -0.000280929 0.279196 0.015754 0.0331801 0.00907588  -0.00224519  0.00499294  0.00310724  -0.000707931  -0.0015908  -0.00999166  -0.00191485  0.000257802  0.00442639 
260 -6.24714e-05 0.470067 0.00273531 0.0371738 0.000182114  0.000209412  -0.00109893  -0.000351481  0.000602925  0.00168862  -0.000914505  -0.00108641  0.000634042  -0.000663442 
262 0.000588727 0.62574 0.0172099 0.0380048 -0.00505927  0.00177232  0.00402121  0.00338488  0.00489096  -0.00261398  0.0113082  -0.00580648  -0.00661659  -0.00192172 
265 2.21159e-05 0.54265 0.00194248 0.0292542 -0.000186268  0.000186405  0.000734488  0.000870622  7.42615e-05  -0.000146564  -0.000242131  -9.01923e-05  -0.000755525  0.00131975 
268 -0.000339463 0.386839 0.0123991 0.0288737 0.00235443  -0.00258505  0.00325238  0.00371275  0.00115441  -0.000635772  -0.00338425  -0.00682313  -0.00739028  -0.0016695 
270 1.44292e-05 0.622454 0.00265852 0.0342522 -0.00141016  0.00175737  0.000280482  -0.000581628  -0.000304825  -0.000857181  0.000358481  0.000155047  0.000623713  0.000452361 
271 0.000108271 2.49417 0.0293855 0.0340409 -0.0152637  0.00889562  -0.00547366  0.0157165  0.00458828  -0.0088557  0.00463015  0.0115813  0.00306604  0.00316038 
272 -3.27419e-06 0.175886 0.0020603 0.0324117 0.000118003  0.000768416  0.000695788  -0.00123174  -8.59593e-06  5.92032e-05  -0.00109747  0.000163435  0.000559525  -0.000302276 
274 -0.000327457 -0.258763 0.0315269 0.0324622 0.0178064  -0.00542408  0.00368027  0.00911776  -0.0127807  -0.0011105  -0.00356491  0.00922033  0.00422387  -0.016451 
275 0.000326956 1.095 0.0278928 0.0371659 -0.00351025  0.00993845  0.00118383  -0.0035933  0.0170899  0.0116313  0.000482853  -0.0132398  -0.00544664  0.00447841 
276 -4.09178e-05 0.380298 0.0044264 0.0324716 0.00154182  -0.00129526  -0.00229215  -0.00122436  -0.000801342  0.000299413  0.000659583  -0.00269605  -3.0563e-05  -0.000590471 
279 -9.681e-05 -0.0301983 0.0143291 0.0330956 0.00754326  -0.00263938  -0.00128925  -0.00428033  -0.0021144  -0.000948401  0.00408964  -0.00385391  0.00912649  -0.00111006 
281 -0.00102651 0.265476 0.0310463 0.0345273 -0.00152229  -0.000444878  -0.0194935  0.00675772  0.00220063  0.0106666  0.00827222  -0.00188642  0.0185292  -0.0013243 
282 0.000116585 0.511835 0.00235062 0.0471081 0.000387611  -0.000189043  0.000645996  0.000918857  7.33819e-05  0.000268162  -0.000443467  0.00103911  -0.000744001  0.0014733 
286 0.000480679 0.706296 0.0199161 0.0458541 0.00189926  -0.00417727  0.00988249  -0.0023602  -0.00352425  0.00900323  0.00313368  0.00812015  -0.00152562  -0.0100397 
288 -4.18666e-05 -0.998482 0.0158412 0.0402745 -0.0022385  -0.0118222  -0.00640433  0.000501691  0.00266414  0.00399922  -0.00309934  0.000614503  -0.00113217  0.00552684 
289 3.64843e-05 2.03261 0.0149551 0.0407909 -0.00250959  0.00730888  -0.000876847  -0.00195846  -0.00639993  -0.00486112  -0.00305937  -0.00791827  -0.000752942  0.00470303 
290 0.000170496 0.653187 0.0102213 0.0403413 -0.000894276  0.00234715  0.00614066  -0.00234509  0.000423127  -0.00414091  -0.0036136  0.000435459  0.0041627  0.00265661 
291 -0.000121216 0.414345 0.00644521 0.0381698 0.00235048  -0.00036488  -0.000199115  0.00100774  0.00066349  0.00402469  -0.0032556  -0.00128384  -0.00223326  0.000977068 
296 0.000447043 0.877383 0.0259753 0.039726 0.0057769  0.00460216  0.00511654  -0.00585999  -0.00819174  -0.00896201  0.00962997  0.00817124  -0.0121102  -0.0102986 
298 9.98463e-05 2.89184 0.0309049 0.0336335 -0.0119542  0.00777202  0.00597105  -0.00277641  -0.00365852  -0.0125873  -0.00609331  0.0208616  0.00231755  0.00767538 
301 5.19462e-05 0.771707 0.00751372 0.032115 -0.0040252  -0.000833936  0.00403163  -0.000970262  -0.00179279  0.00157808  0.000417175  -0.00299961  0.00272957  -0.0001902 
302 -1.75188e-05 0.468331 0.00148976 0.0312958 -0.000679518  0.000910637  -5.42305e-05  0.000165567  -0.000255466  0.000545493  -0.000315107  -0.000338443  -0.00046684  -0.000321603 
303 0.000376502 0.541842 0.00794184 0.0315745 -0.00172369  -0.00196436  0.00104227  0.00246625  0.00278743  0.00344923  0.00134742  -0.00136886  -0.00252938  0.00439548 
304 0.000241773 0.844343 0.0182479 0.0249102 -0.00339431  -0.0063163  -0.00124992  0.0010413  0.000515624  -0.00173027  0.00646931  -0.00136409  -0.0146543  0.00414762 
306 0.000141539 0.811215 0.0132736 0.0194621 -3.94918e-05  -0.00981166  -0.00246552  -0.000363603  0.00487456  0.00468041  -0.00130616  0.00247617  -0.00308028  0.00327335 
309 1.45466e-05 1.18242 0.00630134 0.0154027 0.00191974  -0.00141268  -0.00252335  -0.00103468  0.0030632  0.00361742  -0.00126491  0.00154089  -0.00014127  -0.000353202 
310 1.68037e-05 5.83447 0.018935 0.0149231 0.00499444  0.00659543  0.00879035  0.0103133  -0.00088111  -0.00177981  -0.00220675  -0.00562958  0.00553554  -0.00594219 
314 -0.000640114 0.307896 0.0221857 0.014349 0.00500931  0.00669004  -0.00639905  0.00301106  -0.00390081  0.0108708  -0.00224697  0.00523342  0.00547866  -0.0132852 
317 0.000102232 1.44463 0.0196533 0.0290898 0.00484883  -0.00119894  -0.00375641  -0.00102045  0.0105653  0.00422662  0.00333663  0.00690359  0.00167975  0.0124518 
319 1.98996e-05 1.39172 0.00842486 0.0272761 -0.00244092  0.00514992  -0.000139527  -0.0025494  -0.00197816  0.000574451  -9.34398e-05  -0.000247975  -0.00457248  0.00259975 
320 -9.86496e-05 -2.37027 0.0336527 0.0269089 -0.00810185  -0.0201434  -0.00213829  0.0155297  -0.00463314  -0.00930657  0.00938849  -0.0123594  0.00417469  0.00699709 
321 -0.000462727 0.10756 0.0269551 0.0286835 -0.00716617  0.00700169  0.0109894  -0.0019304  -0.0138408  0.00580162  -0.00767682  0.000289824  -0.00399702  0.0141946 
324 -7.79842e-06 0.385324 0.00189135 0.0358549 -0.00037315  -8.13768e-05  6.06567e-05  0.000525718  0.000316344  0.00018103  -0.000369123  0.00138587  -0.000879606  -0.000433418 
325 1.42411e-05 1.82027 0.00867219 0.0359635 0.00292341  -0.00277733  -0.000999648  0.0023135  -0.00114132  0.00263889  0.00157974  -0.000134833  -0.00121804  -0.00635072 
326 -0.000270516 -0.174809 0.0270232 0.035765 0.00235296  -0.0210588  0.001214  -0.00708496  -0.00602536  -0.00719973  -8.60545e-05  0.00122633  -0.000391338  -0.0118225 
329 -0.00056769 -0.206428 0.0400553 0.0393661 -0.0136504  0.00510592  0.000850119  0.00306717  0.019075  0.0176242  -0.00679086  -0.00747005  0.0145298  0.0198593 
331 0.000169938 0.723876 0.0123361 0.0460167 0.00154494  0.00765809  -0.00152637  -0.000289597  0.00601698  -0.000318968  -0.00543125  0.00459812  0.000940416  0.000948665 
334 1.08391e-05 0.630856 0.0023819 0.0441318 -0.000305952  0.00110964  -0.000148083  0.00112439  0.000244018  -0.0011774  0.00104218  -0.000298762  0.000424358  0.000510954 
336 5.62425e-06 0.507859 0.000420492 0.0440088 6.02998e-05  0.000324724  0.000137186  -1.54039e-06  7.28527e-05  5.23984e-05  -0.000118492  0.000106732  -0.000123517  1.29347e-05 
337 -0.00062226 0.189113 0.0278239 0.0439449 0.00551957  0.00650131  0.0021269  0.0124119  -0.00184537  -0.0107499  -0.00368572  0.00367669  -0.0179074  0.00872435 
338 0.000293551 0.546161 0.00736455 0.0505332 8.73647e-05  0.00171154  -0.00348058  -0.00159733  0.000345663  0.00168229  0.00262147  -0.000630817  -0.00405497  -0.00315775 
340 0.000212264 1.48102 0.0288581 0.0475405 0.00745967  0.00362958  0.00819919  -0.0082478  -0.0123732  -0.00753414  -0.00160105  0.0043307  -0.0165638  -0.0110987 
341 2.68733e-05 0.599508 0.00327057 0.0452532 -0.000135831  -0.000554618  0.00106574  0.00144395  -0.000299102  -0.000540383  -7.4606e-05  -0.00100179  0.00238507  0.000265709 
345 -0.000234998 0.41226 0.00908355 0.0449553 0.000386669  0.000757759  -0.00625828  0.00533437  -0.00212899  0.00202229  0.000571722  0.00135898  0.00112392  -0.0014514 
350 -0.000307108 0.438611 0.00868737 0.0474975 0.00434011  -0.00195431  -0.00369003  0.00218558  -0.00172647  0.00108213  -0.00507148  -0.000175714  0.00187834  -0.000995419 
351 0.00196844 0.888621 0.0552961 0.0506277 0.00698921  -0.00636048  -0.00438398  -0.0233346  0.0225536  -0.0106126  0.0171572  -0.00478506  0.027593  -0.0265462 
