generation s h r distopt trait[0] trait[1] trait[2] trait[3] trait[4] trait[5] trait[6] trait[7] trait[8] trait[9] 
5 0.000469698 1.46564 0.0425853 0.04 0.00387043  -0.0305825  0.00650273  -0.00690392  -0.00216425  -0.0217352  0.0127904  -0.00283844  0.0111595  -3.89687e-05 
8 -0.000187787 0.219447 0.0145179 0.0521353 0.00997317  -0.00462174  0.00542204  -0.00377505  -0.00128033  0.00199192  -0.00294368  -0.00284467  -0.00456163  -0.001767 
9 0.000549048 1.18745 0.0388488 0.0616236 -0.00463542  -0.00886648  0.00653658  0.0248335  -0.00485286  0.0107762  8.99009e-05  0.0235149  0.00467657  0.00593209 
12 0.000325373 0.738541 0.0176196 0.0808543 -0.00653471  -0.002066  0.0129695  -0.00793149  0.00032081  -0.000852053  -0.000824975  -0.00206766  -0.00391386  0.00335544 
13 0.00166113 0.644321 0.0309744 0.0873765 -0.0085201  -0.0158715  5.68925e-06  -0.0159662  -0.00634499  0.00190937  0.0158613  0.00497828  -0.00197535  -0.00747153 
14 -0.000368498 0.407507 0.0116801 0.0851277 0.00633107  -0.00281244  0.00501889  0.00320565  0.0028798  -0.000126287  -0.00312766  0.00429501  0.00400311  -0.000635731 
15 -0.000619241 0.277372 0.0234897 0.0952133 -0.0121611  0.000495705  0.0029142  0.0027502  -0.00943054  -0.00947705  -0.0059271  0.0127921  -0.001701  0.00267544 
16 0.00167541 0.630645 0.0295991 0.106216 -0.00376118  -0.0175236  -0.00596792  -0.00838224  -0.00272189  -0.0174436  -0.00711552  0.00502774  0.0023553  -0.00747425 
17 0.00214203 0.719885 0.0434032 0.105104 0.00141543  -0.00752664  -0.00707738  0.0108975  -0.0119615  0.0163111  0.0235344  -0.0235252  -0.00866393  -0.00805222 
19 0.00286631 1.23038 0.0914185 0.110039 -0.0105282  -0.00781954  -0.034009  0.00338217  0.0237831  0.0024342  -0.0778945  -0.0182277  -0.0049476  -0.0046316 
20 0.00331706 0.848052 0.0679207 0.104603 -0.0264892  -0.0350469  0.00959767  -0.0361847  -0.0103764  0.00543207  -0.00184194  0.0269  0.0162666  0.0123702 
23 -0.000148611 0.491944 0.00219096 0.107114 -6.89555e-05  0.000121159  -0.00120138  -0.00104258  -0.0013602  -0.000395352  9.13948e-05  -9.94904e-05  0.000322705  0.000348913 
25 0.000235906 1.11413 0.0240713 0.12324 0.00965295  -0.00251813  -0.00863938  -0.00737884  -0.00120924  0.00820563  0.0140712  0.00781926  -0.00215684  -0.00427016 
27 0.00203328 0.564462 0.0229298 0.139 -0.00141647  -0.00292153  0.00249614  0.0084618  0.0104432  0.014935  -0.00365494  -0.00904432  -0.00287466  -0.00136427 
28 0.00453777 0.626538 0.0479708 0.140394 -0.0197835  -0.0205822  -0.0200416  0.0177135  -0.0169768  -0.0150713  0.00227963  0.000317086  0.0153613  -0.0037596 
29 0.00465545 1.19011 0.113188 0.131543 -0.0290418  -0.0297572  0.0206433  -0.0270383  0.0220459  0.0161066  0.0701223  -0.0453433  0.00287347  0.0468882 
32 0.00212811 1.50803 0.092546 0.134332 0.0560614  -0.0338372  0.0169372  0.0139764  -0.0268259  0.0330483  0.0107888  0.017008  0.00951354  -0.038558 
34 0.00209236 1.97117 0.11083 0.140652 -0.000283581  -0.0365514  -0.0614099  -0.0333781  0.0463475  -0.0190951  0.00400691  0.0435782  -0.0377062  0.0145727 
36 0.00665283 0.605984 0.0532168 0.144712 -0.0272455  -0.000642043  0.017447  0.0363155  0.000896702  -0.0158494  0.00971497  -0.00184724  -0.00789181  -0.00734877 
38 0.00239623 1.14765 0.0787293 0.13436 -0.00253685  -0.0198805  0.025607  0.0245863  -0.034497  -0.0305161  0.00414542  -0.00339273  0.0141779  -0.0467489 
40 0.00226172 0.883982 0.0589148 0.139307 0.0332884  -0.0153274  -0.002408  0.00338151  0.00455325  -0.0265001  -0.0152197  -0.0228873  -0.00793816  0.0238579 
42 0.00665906 1.66894 0.175883 0.146449 -0.0117613  -0.0839212  0.0831818  -0.00966275  -0.00962171  0.0821142  -0.0777351  -0.0178603  -0.0324332  0.0499234 
43 0.00974855 0.663772 0.0799824 0.124812 -0.0343193  0.00196122  -0.068956  -0.00917768  -0.0062334  -0.00315713  0.0125308  0.00209625  0.0127042  -0.00217271 
47 0.00202038 0.592073 0.0273003 0.101925 -0.00454693  -0.00859706  -0.00368472  -0.00178982  -0.00457547  -0.015301  0.0158257  0.00602433  -0.00696461  -0.00660564 
48 0.00386405 0.634007 0.0455429 0.0990394 0.00731779  -0.0177294  0.00137345  0.0079229  0.0332107  -0.00610127  -0.00476992  0.00526836  0.00285335  -0.0210425 
49 0.000673151 0.526755 0.00849948 0.0853579 -0.00494366  -0.000459838  -0.000699484  0.00151233  0.00422875  0.00152624  -0.00256695  -0.00245149  0.00227493  0.00261292 
50 0.00236591 0.844178 0.0570508 0.0900686 -0.0370531  -0.0126655  0.0300578  -0.00560081  -0.00294373  -0.0108918  0.0241863  -0.000449289  0.000133298  -0.00860938 
52 0.000281133 0.832673 0.0193409 0.0920593 -0.00841383  0.00166421  -0.00606399  0.00938976  -0.00532668  0.00475406  0.00547983  -0.00303008  0.00617919  -0.00687033 
53 0.00367814 1.2521 0.105055 0.0992232 0.0142135  -0.057602  -0.0348509  0.0290175  -0.0353225  0.0104419  -0.0213563  -0.0200732  0.056531  0.00695364 
57 0.000695166 0.590536 0.0158712 0.103067 -0.00227483  0.000593533  -0.00256468  -0.00169755  -0.00124746  -0.00367948  0.00983617  0.0077354  -0.006875  0.00423814 
58 0.00320898 0.862438 0.0681705 0.107423 -0.0552436  -0.0233743  -0.000951517  -0.00107233  0.0102296  0.0125944  -0.0164869  -0.0211261  0.00355058  0.00727625 
60 0.00158181 0.567776 0.0207298 0.103366 -0.00272559  -0.00844333  -0.00739462  0.0102128  0.00469362  -0.0106872  0.00172478  0.00577547  -0.00168956  -0.00407333 
61 0.00373195 0.630558 0.0441789 0.101986 -0.00382463  -0.0223028  -0.00170958  0.00830715  0.0121739  -0.0159783  0.0114741  0.0174289  -0.0116823  -0.019809 
63 -1.40455e-05 0.498789 0.000260978 0.0947061 0.000138523  0.000169335  5.98705e-05  3.39825e-05  8.11606e-06  -2.83534e-05  1.66817e-05  -8.27333e-06  -9.58194e-05  7.14806e-05 
64 0.00155872 1.35635 0.0730258 0.102146 0.0102743  -0.0347099  -0.0134882  0.00177652  0.0100285  -0.0215559  -0.00115194  -0.0375993  -0.0428854  -0.00423306 
67 0.0020459 1.78621 0.102486 0.112141 -0.0134726  -0.0139396  0.0516264  -0.00352655  0.000215197  -0.00384813  -0.0582693  0.0532234  0.0340728  -0.00677879 
68 0.00271053 0.783472 0.0554235 0.108747 -0.0300315  -0.00762217  0.0185522  -0.0154962  0.00115478  0.0260095  0.028286  -0.00629682  -0.00312016  -0.000386404 
70 -3.36391e-05 -1.3055 0.0155865 0.108176 -0.00141036  -0.000225864  0.000627949  -0.000246346  -0.00569065  -0.00927791  0.003171  -0.00915621  -0.00513765  0.00130159 
71 0.002324 0.590883 0.0290942 0.115392 -0.00157408  -0.0191148  0.00840411  -0.0147987  0.00819928  -0.00202285  -0.00792771  -0.00317744  -0.0053417  -0.0040235 
72 0.000601764 3.80045 0.0890746 0.111339 -0.0250284  -0.0254777  -0.0274288  0.0502791  0.0108784  0.0216134  0.0142479  -0.00128465  -0.0351632  0.0367673 
73 0.0070899 0.855642 0.100312 0.113028 0.0449308  -0.0397527  -0.00451151  -0.0150937  -0.0109015  -0.00784222  0.0481419  0.0229982  0.0378656  -0.0418883 
75 0.000401439 1.68932 0.043692 0.0848578 -0.0162167  0.00852969  0.00405359  0.00142365  -0.00810421  0.00411675  -0.0199235  0.00847408  0.009161  0.0303231 
76 0.00123957 0.564346 0.0178775 0.0890253 -0.00160366  -0.000758904  -0.00446554  -0.00881215  -0.000559645  -0.000364388  -0.00798995  -0.00400731  -0.0116818  -0.0014333 
77 0.00157291 0.552334 0.0181722 0.0893855 0.00875995  -0.0115556  0.000495709  -0.0014232  0.00298062  -0.00345402  0.00392378  0.00705997  0.00526053  -0.00199121 
82 0.000311307 0.507965 0.00315673 0.122654 -0.000631872  -0.000719615  0.000652541  -0.000631396  0.00175613  0.00013029  -6.52783e-05  -0.00108131  0.0011352  0.00163102 
84 0.00727663 0.601993 0.0546177 0.139817 0.0088119  -0.0409241  0.0192112  -0.00455986  -0.00593718  0.00565174  0.00389581  0.0064831  -0.0253548  0.00857532 
85 0.00827517 0.715784 0.0845034 0.119421 -0.00475084  -0.0676845  -0.0237554  0.00249519  0.017399  0.0231823  -0.0183135  0.000871457  -0.00700243  -0.0272249 
90 0.00578363 0.913492 0.0976915 0.110339 -0.00700968  -0.0502871  0.014369  -0.0209466  0.011598  -0.0333016  -0.055249  -0.0387423  0.0160715  0.0162866 
93 0.00234243 0.609429 0.0320425 0.0973499 -0.0182845  0.00201463  -0.0142372  0.00292157  -0.0145978  0.00469652  0.00989001  -0.00152724  -0.00412804  0.0111702 
94 -1.83298e-05 -33.0421 0.0495838 0.0922209 0.00278089  -0.00585262  -0.00353004  0.0095744  0.0137723  -0.0350475  0.00941493  0.00454509  0.015116  0.0235932 
97 0.00539825 0.753956 0.0740248 0.116315 -0.0318382  -0.0330812  -0.00748139  -0.0251182  0.00613455  0.0172831  0.00945441  -0.0263391  -0.0390957  -0.00606534 
99 0.00400323 1.22831 0.107843 0.104284 0.021232  -0.0902544  0.0425394  -0.0104206  -0.000537288  -0.0206136  0.0070759  -0.00864093  0.0148301  -0.0185867 
100 0.000648279 0.53348 0.00932731 0.0831323 -0.0041464  -0.000284142  -0.00460552  -0.00120128  0.00199596  -0.00337739  0.000997176  0.00494238  0.00111432  -0.00224002 
104 0.000505859 4.0815 0.0850804 0.0909929 -0.0261139  0.00238981  -0.00507251  -0.000675504  0.00586197  0.0248845  0.00954672  0.0101815  0.0715064  -0.0237332 
106 0.000614624 0.753622 0.0249695 0.0990169 0.00793371  -0.0100652  -0.000821866  0.0189403  0.00788725  -0.00171226  0.00113024  -0.0051111  -0.00105469  0.00248234 
107 0.00218929 0.810068 0.0520944 0.101743 -0.0128568  0.0102863  -0.0142711  0.0282772  -0.00806815  0.00746561  0.0193745  0.0222022  -0.0194476  0.00849157 
108 0.00164871 0.570474 0.0215804 0.0982792 -0.0103156  -0.00983845  0.00889998  -0.00793312  -0.000817684  0.010667  0.00210648  -0.000757954  0.000914511  -0.000247854 
113 0.002951 0.841684 0.0634792 0.131393 -0.0201689  -0.0239419  0.0133472  0.0189831  -0.0155874  -0.0397988  -0.00219163  -0.0125674  -0.0162432  0.0160501 
116 0.0101149 0.64386 0.0764047 0.143416 -0.00313769  -0.0505798  -0.0463804  0.00799077  -0.00123801  0.00304372  -0.0254628  0.00685292  0.0148851  0.0112621 
117 0.000398734 10.5893 0.126714 0.109518 -0.0118422  -0.0613926  0.0519106  -0.04177  -0.0243904  0.013726  0.0562846  0.00765864  0.0536721  -0.028583 
118 0.00875532 0.805018 0.103245 0.10972 0.0250065  -0.0190225  -0.0439698  0.00608706  -0.00141449  0.0344787  0.000665436  0.0227429  -0.0773836  -0.00227174 
121 -7.26507e-05 -7.10629 0.0470094 0.071665 0.000254291  0.00585296  -0.00122209  -0.0287019  0.0136107  0.0185845  -0.0199062  -0.00701657  -0.0193151  -0.00103503 
122 0.00222928 0.843618 0.0553352 0.0795473 -0.00684297  -0.0189694  -0.0297472  -0.000896266  0.0302518  -0.017657  -0.00654966  -0.011079  0.0110944  0.0159358 
125 0.00232383 0.833406 0.0556509 0.0863312 -0.0172016  -0.0333786  -0.0175455  0.0112579  -0.00757856  0.0104461  -0.0100942  0.0178424  0.020985  0.0150079 
127 0.00476229 0.782609 0.0733373 0.0830599 -0.0127429  -0.0383388  0.046432  -0.0111508  -0.0294589  0.000720864  -0.0241721  -0.000862477  -0.00341032  -0.000911946 
128 -3.36786e-05 0.466363 0.00212886 0.0502479 0.000530458  -0.000156827  0.000326411  0.000109511  -0.00138862  -0.000689698  -0.000707602  0.000635284  -0.000645722  0.000618343 
132 -0.000120634 -0.599348 0.0230322 0.0778778 -0.00207394  -0.00559849  -0.0014518  -0.00094698  -0.011165  -0.00598389  0.00115747  0.00779542  -0.0028092  0.0161669 
137 0.00236943 0.55303 0.0224673 0.120309 0.000728639  -0.0136407  0.0127563  0.000966244  -0.000662841  0.0029018  0.00388842  0.00693413  -0.00896251  -0.00146177 
138 -0.000910957 0.191974 0.0335136 0.118767 -0.00521503  0.00266451  0.000185481  -0.0119442  0.008621  0.0163638  -0.00498418  -0.00470703  -0.00722836  -0.0224683 
140 0.00245882 0.776056 0.0520946 0.14022 -0.0174541  0.00156811  -0.0166264  0.0112158  -0.0141206  -0.0355837  0.00871698  -0.0124175  0.0143007  0.0102095 
141 0.00267537 0.688775 0.0449503 0.1406 -0.0130322  -0.0128807  -0.0213967  0.0131317  0.0048803  0.00897979  -0.00219421  -0.0126968  -0.0271901  0.00668853 
142 0.000670753 5.61764 0.117059 0.139795 -0.00335739  -0.060424  -0.0284824  0.0476503  0.00285795  -0.00648872  -0.0496328  -0.0477021  0.0450964  0.0116537 
143 0.00468521 1.02379 0.0989556 0.142596 0.0156988  0.0113785  0.0136322  -0.0308979  0.0185152  0.00491888  0.016266  0.058923  -0.0644597  -0.00414738 
148 0.00115666 2.43647 0.0945772 0.165746 0.0439849  -0.0416048  -0.00870046  0.0021146  0.0289522  -0.0071422  0.0377807  -0.034467  -0.00860814  0.0402536 
149 0.00514745 0.517769 0.0194442 0.169417 -0.00669456  -0.00741099  0.00606933  -0.00791275  -0.00912229  -0.000316385  -0.00138125  -3.03225e-05  0.00388549  -0.00886384 
150 0.000205872 1.12421 0.0226707 0.161173 0.000457019  0.00664943  0.00457551  -0.00253632  -0.0016682  0.000612406  -0.0135929  -0.0024728  0.00815106  -0.0134793 
151 0.000976655 0.707524 0.0284731 0.16885 -0.00898822  -0.00199939  -0.011243  0.00856045  -0.00371402  0.0156619  0.0127831  0.00971895  -0.00295315  0.000753258 
152 0.00347595 3.78217 0.212848 0.174322 -0.0211637  -0.0862846  -0.0194424  -0.0387259  0.0029148  -0.0421999  0.0322947  0.00542165  0.111917  -0.141938 
153 0.00213599 1.58298 0.0960972 0.167917 -0.0360418  0.0544678  0.0323559  0.0279634  -0.0297787  0.00559921  -0.0334761  0.0243188  -0.00312148  0.0223639 
154 0.0122251 0.669969 0.0912492 0.168541 0.00386538  -0.0475066  -0.0253189  0.0291108  -0.00343125  0.0201942  0.00877118  -0.0445042  -0.0242449  0.0387448 
155 0.00675985 0.613682 0.0555433 0.133794 0.0120818  -0.0116108  0.0275785  -0.0189262  0.0174602  -0.00914309  -0.00122781  0.0310323  -0.0169886  -0.00662738 
156 0.000690195 1.22286 0.0446622 0.113347 0.0122503  -0.00388059  0.0130308  0.0196653  0.0137212  -0.0157204  -0.00414546  -0.00939588  -0.0135232  0.0234374 
158 0.00185757 0.676278 0.0361951 0.126896 -0.0121827  -0.0156865  0.00387315  -0.00168558  0.0212915  0.00165251  -0.0109871  0.000262613  0.0144864  -0.0105382 
160 0.00591544 0.626373 0.0547511 0.135127 -0.0331022  -0.0183618  0.012085  0.0144119  0.000920908  0.0241183  -0.0106461  -0.00519067  -0.0168485  0.0142944 
162 0.00631399 1.09061 0.121909 0.126972 -0.00486756  -0.0580047  0.0186834  -0.0743569  -0.0182593  0.0206055  0.00304705  0.00637344  0.0489259  0.0489273 
165 0.0012528 0.711813 0.0325794 0.116324 -0.000176677  -0.0054766  -0.00563422  -0.0079024  -0.0117277  0.0103008  0.00789059  -0.0058399  -0.000205249  -0.0244366 
167 0.00600793 0.665049 0.0630121 0.124639 -0.028204  -0.0394364  0.0185057  -0.0135791  -0.0205445  -0.000964885  0.0123937  -0.00942899  -0.0139909  -0.0152222 
168 0.0031471 0.639667 0.041952 0.102786 -0.00505699  -0.0212237  -0.0100788  0.0194343  -0.0176192  -0.0161251  0.00438631  -0.0133997  -0.00170365  -0.00570356 
170 0.00238493 1.56736 0.100798 0.0958657 0.0147565  -0.0409355  -0.013582  0.00945363  0.0722428  -0.0446343  0.00624191  -0.00285198  -0.017242  -0.0209102 
173 0.00116879 1.17996 0.0563604 0.0938942 0.00673756  -0.00738392  0.0262265  0.0212512  -0.0114994  0.00478477  -0.0300751  0.0284763  0.00730844  0.00363079 
174 0.00112097 2.01403 0.0823397 0.0927878 -0.0193948  -0.0212192  -0.0493827  -0.00474094  0.0431368  0.00939139  0.0205678  0.0249546  -0.017415  0.0139378 
175 0.0020068 0.561985 0.0223394 0.0902246 -0.00026581  -0.00823424  0.00656287  0.00232634  -0.00569126  0.00798831  0.00318294  0.00661231  -0.00819007  0.0128669 
176 0.0010962 1.9839 0.0806124 0.0826225 0.00423565  -0.0205757  0.0423791  -0.00571215  -0.0199995  -0.011344  -0.00224073  -0.0350594  -0.0347415  0.0354771 
179 0.00264053 0.688202 0.044589 0.08875 -0.0230121  -0.0177549  0.0163772  0.0125737  -0.00546193  0.0102409  -0.00447963  0.0216978  0.00471377  -0.0083238 
182 0.00126234 1.41181 0.0678181 0.088311 0.00510434  -0.00491458  -0.0147382  0.0104296  -0.0447196  0.00358196  -0.00772214  0.0363215  0.0252485  -0.0139302 
183 0.000943435 0.514115 0.00732703 0.0878742 -0.00022909  -0.00310834  -0.00153105  -0.00257036  0.00186227  -0.00270409  0.00292792  -0.00318261  -9.24084e-05  -0.00235158 
185 0.00136732 0.671035 0.030588 0.0981101 0.00116139  -0.00372973  -0.00436733  -0.0149011  0.000835602  0.0166142  0.00111218  -0.0134376  0.0139395  -0.00513827 
186 0.00377582 0.653874 0.0482292 0.0995818 -0.0231056  -0.0251037  -0.0114467  -0.0245122  -0.00386971  -0.0125778  -0.0157074  -0.00200708  -0.00107654  -0.00224278 
191 0.000771371 3.38787 0.0943262 0.120048 0.00546224  -0.0372176  0.0421019  0.00219062  0.0230032  0.0049128  0.00533106  -0.0327245  -0.0182155  -0.0609973 
192 0.00556489 1.41987 0.142767 0.123298 -0.0381612  -0.0851676  0.0111132  0.0406378  -0.0281085  -0.0589332  0.0424507  -0.0311735  0.0181733  0.0503035 
195 3.21277e-05 0.502044 0.000513062 0.100053 0.000230598  0.000268755  -0.000263721  2.64109e-05  -0.000146398  0.000110239  -7.38853e-05  0.000102629  0.000129486  -3.51842e-05 
198 0.0051364 0.728224 0.0684645 0.11025 0.0116851  -0.0128006  -0.0170118  0.0072146  0.0311451  0.0327222  -0.0175193  0.02094  0.00889751  0.0343542 
200 0.00067562 6.90667 0.131419 0.0954433 0.00580844  -0.0350361  -0.116418  -0.0202211  -0.00298825  0.0298692  0.0100802  0.00364426  0.00473141  -0.0317685 
201 0.000287303 7.26396 0.088117 0.0955301 -0.0351201  -0.0171953  0.00797176  -0.00746093  0.00483595  -0.0484418  -0.0351472  -0.0229139  -0.0434706  -0.00980933 
202 0.00195657 0.548669 0.0195554 0.0940146 -0.00568007  -0.00801953  0.011703  -0.00418927  0.00589697  0.00338826  0.00375844  0.00441328  0.00692058  -0.00189079 
203 0.00364508 0.706181 0.054829 0.0829704 -0.0209992  -0.00915135  0.0286109  -0.00310723  -0.0307878  0.0170455  0.00323991  0.00211285  0.016839  0.0107848 
204 0.0006203 0.721811 0.0234594 0.0569705 0.0118392  0.00457501  -0.00268614  0.0127949  0.000639029  0.00424354  -0.00289471  -0.000766119  -0.0134568  0.00313877 
208 4.37942e-05 7.69333 0.0354948 0.0512399 0.00420089  0.0117486  0.00091175  0.00450712  -0.012276  -0.00347706  0.0142553  0.0105996  -0.0232353  0.00805133 
209 -9.72112e-05 -1.4255 0.0273622 0.0508108 -0.000110926  -0.00264808  0.00585784  0.0111529  0.00502888  0.00251743  -0.0172483  -0.000702299  0.0114614  0.0110444 
212 -8.67992e-05 0.350892 0.00719551 0.0517586 0.00136894  -0.000139537  -0.00301106  -0.00277363  -0.000349528  0.00145649  -0.00211011  -0.00261274  0.00114041  -0.00427778 
213 0.00104525 0.639629 0.0241658 0.0525904 0.00154643  -0.00686194  0.00382465  -0.00776467  -0.00183013  0.00714665  -0.00271255  0.0151261  0.00552832  -0.0117664 
214 -7.15149e-05 -1.22996 0.0222455 0.0414855 -0.000427061  -0.011956  0.0104778  -0.000714796  -0.00045423  -0.0028781  -0.00358908  0.0144995  -0.00234741  0.00207839 
220 0.000341396 0.586412 0.0108646 0.0423387 0.000561185  -0.000471347  0.000377394  -0.00756405  0.0025709  0.00295018  0.00266751  -0.000993774  0.00082247  0.00600433 
221 -0.000495197 -0.648202 0.0476905 0.038095 0.0137425  0.0242705  0.012637  0.0280183  -0.00135554  -0.0021377  0.0134349  0.0113513  0.0151076  -0.00278517 
222 0.000353842 0.737501 0.0183341 0.0441197 -0.00158626  0.000275113  0.00416995  -0.00384188  0.00123556  0.00306263  0.00320548  -0.00203916  -0.0164106  0.00259849 
223 5.21915e-05 0.600443 0.00457929 0.0399095 -0.00015587  0.00280357  -0.000473925  -0.000821338  0.00147621  -0.000961659  0.00213795  -0.000911447  0.000902499  0.00169301 
227 2.4522e-05 0.523038 0.00150333 0.0392502 -0.000526663  3.59705e-05  3.15762e-05  -0.00018996  0.000406832  0.000719021  0.000611392  0.000575045  -0.000676885  -0.000314815 
228 0.00017193 0.630394 0.00947 0.0389366 0.00185051  -0.00677555  0.00394136  0.000838778  0.000207673  0.0037649  0.00221025  0.000141762  0.00223235  -6.59053e-05 
232 -0.0001313 0.476884 0.00348563 0.0366625 -0.000229441  0.000249154  -0.000963658  0.00191557  -0.000645231  -0.000986433  -0.00166535  0.000920242  0.00154937  -0.000163547 
233 -0.000989997 0.193632 0.0348442 0.0384116 0.000443306  -0.00138956  -0.0113923  0.00831037  0.0173343  -0.00145524  -0.0209558  -0.0130221  0.00329497  -0.00953797 
234 0.000637021 0.674317 0.0210763 0.0496582 -0.00246368  -1.74584e-05  -0.000848181  -0.00615881  -0.00930566  -0.00551993  0.00699809  0.0019234  -0.00616408  0.0138476 
235 0.000279953 1.35213 0.0308871 0.0427682 -0.00590591  -0.0164922  0.0142971  -0.0161031  0.00613277  0.00503634  -0.00645199  -0.00613982  0.00621063  -0.00159818 
238 -1.24692e-06 0.499559 4.68999e-05 0.0393599 -1.44659e-05  -2.68517e-06  -1.10566e-05  2.57675e-06  1.76103e-05  -1.5256e-05  -1.73527e-05  2.44004e-05  -2.00867e-05  3.37638e-06 
239 -0.000118275 -0.654752 0.0233734 0.0393758 -0.00334548  -0.00370559  -0.00306291  0.00161522  0.00026495  -0.0128241  0.00639294  0.00939993  0.0137766  -0.00508458 
240 8.49048e-05 2.20528 0.0240641 0.0408501 0.00418196  0.00103321  -0.000990091  -0.000112709  -0.0144059  0.00212367  0.00585568  0.00819935  -0.00986645  0.0121913 
242 -0.000130273 0.37583 0.00804465 0.0397974 -0.00240746  0.000953597  -0.00160226  0.000606072  0.00301008  -0.00550791  0.000574137  -0.00254562  0.00223192  0.00197172 
243 -9.17735e-05 -1.59152 0.0277083 0.0414019 0.00414271  -0.00140735  0.00861811  -0.0236702  0.00169766  3.67984e-05  -0.00496795  -0.00618009  -0.000890653  -0.00689279 
245 -0.000530864 0.336894 0.0186163 0.0424958 -0.0125006  0.00394066  -0.00497303  -0.00295888  0.00472024  -0.00386641  -0.00865054  -0.000761668  -0.00136822  -0.00517423 
246 9.57587e-06 0.565553 0.0015846 0.0483415 0.000772827  -0.000481999  0.000141156  0.000212261  -2.3175e-05  -0.00025773  0.000209708  -0.000402888  0.00115872  -2.2047e-05 
247 0.00032188 0.52921 0.00613632 0.0482423 0.00263423  0.000863421  -0.000700406  4.64167e-05  0.000466687  0.00092448  0.00386382  -0.000284499  0.00365959  -4.42903e-05 
248 -3.55924e-05 -0.184324 0.00987057 0.0447827 0.00422808  0.000385523  0.00272459  0.00107732  0.00371372  -0.00265684  0.00294715  -0.00547708  0.00334393  -0.000319806 
249 -8.5203e-06 -1.56741 0.00839402 0.0451784 0.000472738  0.000932977  -0.0018715  -0.00380723  0.000906859  0.000216051  -9.53387e-05  -0.00255693  -0.00160673  -0.00643198 
