generation s h r distopt trait[0] trait[1] trait[2] trait[3] trait[4] trait[5] trait[6] trait[7] trait[8] trait[9] 
3 -0.00010147 0.467013 0.00365986 0.04 -0.000182603  0.00111609  -9.1009e-05  -0.00115112  -0.00142892  -0.00243778  0.00119896  0.000393021  -0.00102767  0.0003867 
5 0.000834565 0.53973 0.011529 0.0811761 0.00598176  -0.00421996  0.00252543  0.00230718  -0.00398592  -0.00557765  0.0017061  -0.00283783  0.00115805  0.0028853 
7 0.00127164 5.92597 0.165796 0.115535 0.01479  -0.123094  -0.0412348  -0.0200209  0.0132881  0.00219364  -0.0336206  0.0885338  -0.0292852  0.00295204 
8 0.00443454 1.70068 0.145617 0.1109 -0.00901741  0.0432316  0.00283579  0.0409947  -0.00588025  -0.0163008  0.0316466  -0.124349  0.0212584  -0.0186818 
10 0.000499032 0.608544 0.0147218 0.119112 -0.00122615  0.00295885  0.00709031  -0.00270749  0.00541323  -0.00158649  6.07019e-08  0.0100274  0.00398974  -0.000764424 
16 0.00546234 0.971295 0.101347 0.229344 0.00353591  -0.0243224  0.0241424  -0.0522866  0.0143047  -0.016097  0.0306942  0.0202976  0.0242865  0.0627902 
17 0.00519193 0.517333 0.0192985 0.235549 -0.000685251  -0.0124185  0.00843792  0.00447859  0.00161423  0.00627042  -0.00739478  -0.000300671  0.00536463  0.00100397 
18 0.000552869 10.2603 0.1467 0.242875 0.0205219  -0.0225767  -0.0323888  -0.0192707  -0.0348796  0.00788295  0.00299013  0.0951824  0.0485036  -0.0804335 
20 0.013692 1.12566 0.184341 0.27551 -0.0370611  -0.108555  -0.032905  0.0449414  0.0328905  0.12514  0.0134498  -0.0151455  0.00112275  -0.0238371 
21 0.015183 0.598124 0.0776111 0.262292 0.0304678  0.0148918  0.0474373  -0.0152328  0.00287206  -0.0134211  -0.0244681  0.0118601  -0.0208743  0.0320568 
22 0.0076002 0.824772 0.0992599 0.24719 0.0361973  0.000507691  -0.0550172  0.00966856  0.0111106  -0.00877133  -0.00725004  -0.0307871  0.000466852  0.0649665 
23 0.00347549 0.609266 0.0390141 0.247328 -0.00753972  -0.00768217  0.030131  0.00240554  0.00356545  0.00979953  0.00108825  0.00786549  -0.0172589  -0.00478674 
24 0.0181378 0.584518 0.0789539 0.256851 0.0312744  -0.0392327  0.0116668  0.0109981  0.00452798  -0.0347404  -0.0103037  0.0435143  0.00691736  -0.013581 
26 0.00294639 0.999411 0.0766629 0.251161 0.0406605  -0.0157867  -0.00261903  0.0225694  0.00913454  0.0463762  -0.00292708  -0.0151265  0.0310991  -0.00444451 
29 0.00750538 1.59186 0.180422 0.291803 -0.067399  -0.0966714  0.0380231  -0.0396306  0.0866497  -0.0108412  0.0484622  -0.0252787  -0.0546352  0.0452715 
31 0.0102235 0.513333 0.0243753 0.30539 0.0138227  -0.00725432  0.00658527  -0.00522112  0.000820195  -0.00795732  -0.00868599  -0.006148  -0.0074524  -0.00686036 
33 0.00206144 0.517402 0.012061 0.317685 -0.00530241  -0.00577147  -0.000519276  0.00353586  -0.00494856  -0.00256145  0.00398774  -0.00347637  -0.00233212  0.00260653 
34 0.0508983 0.627827 0.162883 0.329921 0.0584519  -0.0442862  -0.041208  -0.00800532  -0.030245  -0.097202  -0.0345093  -0.0602156  -0.063529  -0.0132335 
35 0.00400593 2.85949 0.193813 0.259722 0.0108345  -0.0583402  -0.00118799  -0.0323416  -0.0528683  0.0909276  0.106586  -0.0578231  -0.0147641  -0.0837267 
38 0.0126631 0.581205 0.0645322 0.293342 0.000781937  -0.0470807  -0.0141605  -0.0280021  -0.0236842  0.00965274  -0.00827025  0.00733577  0.00560279  -0.0124437 
41 0.0173231 1.53215 0.265391 0.313054 0.11765  0.0485606  0.0659267  0.104989  -0.0750044  -0.116253  0.00663731  0.1336  0.0354687  0.0239241 
42 0.0203154 1.05851 0.211851 0.300999 -0.00772547  -0.153054  -0.00950981  0.0732691  0.046264  -0.0693188  -0.0270777  0.078789  -0.0425349  0.0155301 
43 0.00441795 0.574272 0.0363198 0.274815 0.0186302  0.00624304  -0.0084222  0.00163793  -0.00848177  0.0122329  0.0133714  -0.0153159  -0.00201124  -0.0148477 
45 0.00792533 0.92571 0.115978 0.288921 0.0336038  -0.0411487  -0.0655877  0.0107507  -0.0626928  -0.00512596  0.00113849  -0.0132903  0.00971171  0.0445226 
47 0.0287675 0.888563 0.210331 0.295079 0.0100794  -0.119781  -0.0533388  0.0233389  0.040417  0.146338  -0.0174887  -0.00949915  0.051146  0.0184426 
49 -0.000144255 -25.8121 0.123105 0.253453 0.0645077  0.0408203  -0.00165692  -0.0514957  0.0507226  -0.0126814  -0.0437032  0.0425669  -0.0116612  0.00901953 
50 0.0177214 1.90268 0.312275 0.262428 -0.0782349  -0.215934  0.178528  0.00680283  0.0124  -0.0189148  -0.0335472  -0.038063  -0.0801849  -0.0577379 
51 0.0145064 0.677707 0.101626 0.223171 0.0267278  0.0434991  -0.00400973  -0.0568212  0.0493874  0.0351171  0.00174087  -0.0143415  0.0238738  0.00506483 
52 0.00349298 2.03817 0.146296 0.189485 -0.0265096  0.0871267  -0.0110159  -0.0399856  0.00562329  -0.0810802  -0.0199261  -0.0642521  0.0159661  0.00157526 
54 0.000778722 3.18994 0.091472 0.207537 -0.039047  -0.0154061  -0.0166512  -0.0115462  -0.0315443  -0.0151874  0.0556696  -0.014412  0.0405686  -0.00402681 
59 0.0163773 0.73746 0.124626 0.288219 0.0472929  -0.0346686  -0.0368872  0.0205268  0.0457773  -0.0428103  -0.0301595  -0.056186  -0.00564247  0.0477978 
60 0.00368907 3.28968 0.202205 0.274547 0.084707  -0.0845878  0.0357008  -0.108198  0.0749964  -0.000907924  0.0448952  0.00655141  -0.0229687  -0.073237 
61 0.0133881 0.604285 0.0750477 0.276806 0.0355139  0.00641307  0.00313476  0.00774307  -0.0107906  0.0363837  0.010497  0.00879991  0.050944  -0.00607293 
62 0.0109601 0.590177 0.0631612 0.26219 0.0392549  0.000384506  -0.0055576  -0.00905109  -0.0249883  0.022419  -0.029374  0.0050296  0.00352122  -0.0175465 
66 0.013939 0.894708 0.147957 0.291857 -0.00952384  -0.0962265  0.0101003  -0.0546418  -0.0376954  -0.0158065  -0.00436736  -0.0859503  -0.0144585  -0.0129207 
69 0.000726155 0.5046 0.00369058 0.300017 -0.000633029  -0.00199866  0.000148951  -0.000878724  -0.00113704  -0.000823423  -0.000910375  0.00119723  -0.00204068  0.000182358 
70 0.0117633 1.76713 0.242709 0.311519 0.0874165  -0.0491546  -0.0722269  0.0607242  0.00584996  -0.00106261  -0.143891  0.101891  -0.0184708  -0.092101 
71 0.0250297 0.731537 0.152102 0.301255 0.0402446  -0.0346961  0.0229612  0.0750128  0.0489879  -0.0426101  0.0318656  -0.0488314  0.0188865  0.078647 
74 0.00845143 0.562907 0.0463953 0.285227 -0.00234717  -0.0167691  0.00464861  -0.0195623  0.00891099  0.0288194  0.00871481  0.00838326  -0.0180233  0.00897168 
75 0.0218524 0.713677 0.136626 0.28118 0.0216708  -0.099936  -0.0372914  -0.0209863  0.0207148  -0.00624708  0.0184765  0.0287405  0.00386528  0.0687627 
78 0.0208639 1.83714 0.330387 0.261802 -0.0727376  -0.251957  -0.0296914  0.0578857  -0.148546  0.0242382  -0.0216086  -0.0462366  -0.0487717  -0.0922671 
79 0.00444604 0.563598 0.0337372 0.212113 -0.000625809  0.00639026  0.00647063  0.00169403  -0.0023772  0.0182062  -0.01288  0.0176102  -0.00543396  0.0144766 
83 0.0083806 0.542148 0.0379682 0.194786 0.01722  0.00378086  0.00478498  0.00417532  -0.00477362  -0.0139428  0.00654299  0.0118546  -0.00156666  0.0262192 
87 0.00233556 0.722978 0.0456384 0.198207 0.00882378  -0.00796932  -0.000248526  -0.0185259  -0.00691775  -0.024482  0.0147374  0.021136  -0.00943543  0.0140732 
88 0.00640072 0.744982 0.0791688 0.202352 0.0175934  0.0227748  -0.0248578  0.000998118  -0.00337811  0.0508164  -0.00222679  0.0123176  0.0376655  0.0255244 
89 0.0179999 0.786845 0.143442 0.199828 0.0224984  -0.072457  0.0575771  -0.0111608  -0.0507896  -0.0368141  0.0258411  0.0611928  0.0526436  -0.0161586 
90 0.00547859 0.742393 0.0728614 0.158855 0.00165993  -0.0464801  0.0161394  0.0102026  -0.0185655  -0.0152011  0.00875241  -0.0358837  0.02822  -0.00668534 
96 0.0025522 0.541147 0.0205611 0.212067 0.0117195  0.00558108  0.00909878  -0.00156752  -0.000118379  0.003606  0.0124005  0.000389817  0.000119432  -0.00143596 
100 0.0220767 0.816379 0.166664 0.274467 0.0322456  -0.0643431  -0.0755066  0.0521313  -0.0204164  0.0185086  0.0308587  -0.0615289  -0.0931128  -0.00326412 
102 0.0217118 0.566337 0.0769798 0.24668 0.00675728  -0.0406052  0.0252133  -0.0361652  0.03607  -0.000343133  0.0157751  0.00661435  -0.00197781  0.0262704 
104 0.014395 0.614207 0.0813994 0.198423 0.0419597  -0.0396202  -0.0329144  0.0181441  0.00729135  0.0217089  -0.0315251  -0.0142819  0.0115738  -0.00517022 
106 0.000476306 8.45084 0.122947 0.158364 -0.0287901  -0.0712911  0.064095  -0.00894878  -0.0158302  -0.00637485  -0.0235966  0.00422386  0.0135275  -0.0629891 
108 0.00663933 0.826231 0.0929932 0.156853 0.0291846  -0.0471588  0.0216667  0.00416571  -0.0075407  0.0389771  0.0224724  -0.0335339  -0.0106375  0.0420295 
110 0.00386603 0.56326 0.031364 0.13411 0.0115565  0.011123  -0.00790503  -0.0103809  0.0150444  0.0139685  0.00637745  -0.00299668  0.00781234  0.00490302 
111 0.00242214 0.687354 0.0426088 0.118857 0.00125587  -0.000922613  -0.00508629  0.019103  0.0274697  0.00181523  -0.00712171  0.0225563  -0.00960874  0.0035456 
113 -0.000107549 0.480709 0.00288184 0.108203 -0.000516995  -0.000248902  -0.00112898  0.000896688  0.00111292  -0.000860405  0.000456013  -0.00164894  0.000165209  0.000981816 
114 0.00289121 0.563742 0.0272065 0.108699 0.00789578  0.016566  0.00578406  0.00650928  0.00554025  0.00827668  -0.00403826  0.00777027  0.0122363  0.00140908 
116 0.00364356 0.691213 0.0527955 0.0944899 0.0394022  0.00809842  0.0054623  -0.00703286  -0.0125287  -0.00434101  0.0139952  0.0252635  -0.00894479  -0.000128698 
119 0.00201803 0.594861 0.0276933 0.0727421 0.00390475  0.0131042  0.00743098  -0.00990012  0.00277268  -0.0021762  -0.000629118  -0.00895272  0.0116328  0.0140863 
123 0.000802126 0.645205 0.021587 0.0572312 0.00642875  -2.39428e-05  -0.00370115  -0.00575879  -0.00801982  -0.00662218  0.0125495  0.00703985  0.00761143  0.00215688 
126 0.0010778 0.658776 0.0261662 0.0497353 -0.00832128  -0.00897088  0.00268786  -0.0107677  0.00587476  -0.0120104  -0.00728583  -0.00329833  0.012573  0.00331294 
127 0.000245738 1.26603 0.0274379 0.0373682 0.0109307  0.00457429  -0.0105482  -0.00278602  -0.00487178  -0.00146783  0.00237606  -0.00504233  0.0153678  0.0141521 
130 -8.44976e-05 0.471419 0.00310869 0.0339216 0.000236521  0.00138956  0.000907743  0.000770688  -0.000720061  6.76952e-05  0.00023451  -0.00227768  -0.000564392  0.000418016 
133 -0.000159071 0.375765 0.00889196 0.0351451 -0.00525856  0.000244957  0.00219389  0.000443841  0.000407794  0.00388936  -0.00390394  -0.00229574  -0.00302812  0.00117056 
134 0.000182901 0.619201 0.00933895 0.0373398 0.00657476  0.00069331  0.00247875  0.00311621  -0.000115644  -0.00115764  0.00479794  0.00156679  0.000424422  0.000802552 
135 0.000197302 1.14051 0.0224818 0.0348048 -0.00651256  0.0125442  0.00129386  -4.48284e-05  0.00535265  0.00265248  -0.0116397  0.00979006  0.00477348  -0.00376606 
136 -1.87598e-05 -0.869603 0.0101377 0.0318448 -0.00565269  -0.00441394  -0.000965086  0.000620597  0.00167612  -0.00298461  -0.000564874  -0.00545722  -0.00283592  -0.000402009 
138 8.23686e-05 1.6494 0.0194594 0.032138 -0.00454445  -0.00762192  -0.00627132  0.00973079  0.00134109  0.00113519  0.00652088  0.00328595  0.00572326  -0.00876023 
140 -1.83468e-05 0.0894914 0.00548875 0.03083 -0.000199438  0.00339928  0.00192616  -0.00103561  0.00247646  -9.31159e-05  4.11573e-05  -0.000633712  -0.00263642  -0.000503362 
141 0.000222785 1.17031 0.0244388 0.0311261 0.00280279  -0.00806939  0.00245727  0.00662046  0.0139894  -0.00461439  -0.0115288  0.00444245  -0.0102319  -0.000277774 
142 -7.65122e-05 0.314017 0.00754484 0.0273144 0.000277323  -0.000405245  0.0019703  0.00509352  0.00354582  -0.00317938  0.00042458  -0.000391516  -0.00163778  0.0010771 
143 5.24621e-05 2.31519 0.0195164 0.0286808 0.0111291  -0.00717024  0.00841735  -0.00443209  0.00409639  0.00747749  0.00448427  -0.0031776  0.00299146  0.00180996 
150 -0.000157649 0.153904 0.014774 0.0277512 -0.00367476  -0.00178613  0.000877532  -0.00579916  -0.0087481  -0.00102391  0.00457589  -0.00765713  0.000599021  -0.0031096 
151 0.000331308 0.573679 0.00988326 0.0304596 0.00649999  -0.000350195  -0.000901605  0.00261591  0.000383985  -0.00188139  -0.00289489  0.00583636  0.000238166  0.00120963 
153 -0.000258022 -0.0437 0.0236899 0.0244241 -0.0112403  0.00876425  8.25848e-05  -0.0105361  0.00760002  -0.00608758  0.010223  0.00670097  0.000308082  -0.00164707 
154 -0.000207111 0.354863 0.0109668 0.0292334 -0.000926256  -0.000317394  0.00353458  0.00198354  0.000946974  -0.00437219  0.00542765  -0.00570263  0.00150782  0.00431491 
156 0.000319023 0.77787 0.0188299 0.0325841 0.00143215  0.0116918  0.00122242  0.005524  -0.00964972  -0.00548599  -0.00741843  0.00143728  0.00185429  -0.000240865 
157 0.000198383 0.747729 0.0140206 0.0272535 0.00266091  -0.00503927  0.00302342  0.00410165  0.00172746  0.00370441  -0.0106862  0.000446726  0.000640438  0.00257411 
160 0.000145627 0.559775 0.00590146 0.0233322 0.00184766  -0.000613131  -0.00261459  -0.00113642  -0.00406218  -0.000101287  0.000393989  0.00156679  -0.00178121  -0.000784619 
161 -3.64531e-06 0.274058 0.00181508 0.0199693 -0.000689188  0.000158209  -0.000636291  -0.00115766  0.000393808  -0.000874778  -0.000216466  0.000196853  7.47677e-05  0.000194816 
162 -0.000621947 0.263342 0.0242711 0.0200604 0.0110182  -0.0027029  -0.00255316  -0.00576948  -0.00284059  -0.00681781  0.00233347  -0.0132542  -0.0087877  0.010377 
166 0.000177951 0.997791 0.0188228 0.0320087 0.00906599  -0.00541574  0.00664665  -0.0036015  0.00480278  0.00597241  0.00348809  0.00755005  0.00538525  -0.00535916 
167 -0.000585707 0.312376 0.0209726 0.0290968 -0.00109366  -0.0126346  0.00728176  0.00557519  -0.00415924  0.00178138  0.0113518  -0.00414662  0.00529824  0.000558169 
169 0.000681711 0.870935 0.0318 0.0378484 -0.0136181  0.00427532  -0.00234801  -0.00122604  -0.0011258  0.00405467  -0.0231668  0.00951935  0.0119484  0.00356435 
175 8.61881e-05 0.703299 0.00837185 0.0274048 -0.00179003  0.00490444  -0.00188823  0.00208587  -0.00277977  0.00268022  -0.000734592  0.00155914  0.000809591  0.00404687 
177 0.000134079 0.600777 0.0073521 0.0257845 -0.00414673  0.000616814  -0.0025526  -0.000337133  -0.000650728  -0.000713203  0.00419  0.00270603  0.00102246  -0.0017297 
179 6.09645e-05 1.1319 0.0124132 0.0230384 0.00334282  -0.00161654  -2.47696e-06  0.00521002  -0.00410478  -0.00504082  -0.00346883  0.00569814  -0.00422039  -0.00292978 
180 6.29441e-06 0.504904 0.000351416 0.021675 0.000161198  0.000156108  -6.32184e-06  2.07993e-05  0.000199586  -0.000106575  -4.86934e-05  -7.74794e-05  -0.000104127  4.75061e-05 
186 1.10637e-05 14.1578 0.024584 0.0215293 0.00638603  -0.00747254  -0.0135309  0.00168068  0.0032594  0.00476845  0.00152271  0.0088304  -0.00906025  -0.0112294 
187 8.78846e-07 1.01993 0.00135194 0.0212708 -0.000521511  -0.000168757  -0.000480218  -0.000304992  -0.000598012  -0.000110049  0.000222887  -0.000464861  -0.000720892  0.000220188 
188 -4.20666e-05 -0.0144276 0.00930391 0.0212502 -0.00245794  0.000647193  -0.00217084  0.000883752  0.00465137  0.00648349  -0.00167974  -0.00267458  -0.000351472  -0.000916196 
190 3.19034e-05 4.27667 0.0219526 0.0222179 0.0035184  0.01261  0.00273393  0.00329988  0.00388814  0.00570407  0.0101647  -0.00807204  -0.00713617  0.00501046 
191 7.93152e-06 0.568439 0.00147354 0.021488 -5.02766e-05  0.000181128  -0.000611328  -0.000548598  0.000370077  0.000326632  -0.000194448  -0.000927092  0.000519638  0.000224321 
192 -8.96937e-06 0.498424 0.000237859 0.0213026 4.50488e-05  -6.85375e-05  -4.972e-06  -5.19493e-06  8.8115e-06  0.000149918  -2.35583e-05  -1.54172e-05  -0.000155446  -4.7845e-05 
194 -3.11384e-06 0.382426 0.00121014 0.0215121 0.000198154  0.000276842  6.8712e-05  -0.000277835  -0.000299703  0.000353609  -0.000407077  -0.000295113  0.000337466  -0.00082769 
195 0.000112353 0.524953 0.00334961 0.0215844 -0.000285412  -4.32024e-05  -4.16243e-05  0.000481215  -0.00165277  -0.00209272  -0.000442613  0.000306551  0.001773  0.00059893 
207 2.79184e-06 0.563301 0.000840776 0.0188026 -0.000187621  0.000152998  5.17083e-05  -5.08866e-05  3.22431e-06  -0.000199299  -0.000602738  -0.000128138  2.57465e-06  -0.000472844 
211 3.91927e-05 0.856808 0.00747905 0.0187283 0.00310332  0.00152405  0.00448327  -0.00139677  -0.00294232  -0.00331839  0.000531713  0.00119011  -0.000343819  -0.000667753 
217 -0.000478528 0.022199 0.0302455 0.0176509 -0.00255721  -0.0161849  -0.00401885  -0.00953657  -0.00338455  0.00424175  -0.0151457  -0.00247598  0.0160812  -0.00395347 
219 -0.000285382 -0.201073 0.0282908 0.0281105 0.00744544  0.0152491  -0.00180817  0.0124989  -0.00835239  -0.00261292  0.00449785  -0.0157227  0.00015361  -0.00297651 
220 5.37903e-05 4.55895 0.0295501 0.0327967 0.0044523  -0.00162456  -0.0189144  -0.00709582  0.00133325  -0.0168622  0.000165401  0.00891376  -0.00837912  0.00261563 
221 9.13522e-05 1.23412 0.0163779 0.0319661 -0.00679437  -0.00126438  -0.00434735  -0.00414815  0.000620079  0.000278174  0.0129057  -0.000138903  0.00314323  0.00272917 
226 -0.00021913 -0.549077 0.0303242 0.0305038 -0.00853315  0.0141391  0.00901307  0.0155009  -0.00430568  0.00335836  -0.00727666  0.00683007  -0.00223138  -0.0138173 
227 5.18051e-05 0.655183 0.00567075 0.0339063 -0.00356723  -0.000303198  -0.000102874  -0.000492226  0.00212142  -0.00128977  -0.0015309  0.000160261  0.00321408  0.00047329 
229 -0.000658064 0.26007 0.0251383 0.0331336 -0.00697  -0.011489  -0.00427816  0.00500516  -0.0063134  -0.010124  0.0117018  -0.00869762  0.00515664  0.00514508 
230 0.000624382 1.37875 0.0468361 0.041906 0.00795509  -0.0185988  0.0168984  -0.00117239  0.0177246  0.0265592  -0.00572615  0.021034  -0.000819992  -0.00143123 
234 -4.66277e-05 0.422656 0.00379827 0.0336441 -0.000887737  0.000269266  0.00197041  0.000907387  0.00209709  -0.000394689  -0.00185699  0.000379237  0.000555478  -0.000637242 
235 0.000187867 0.536282 0.005223 0.0343301 -0.000410169  0.00169139  0.00277347  -0.000485947  -0.0017313  -0.00133122  -0.00131549  -0.000230395  -0.000240727  0.0031163 
236 1.07086e-05 17.967 0.0273518 0.0314755 0.0128946  -0.00102302  0.0136444  -0.00318907  0.00593649  -0.00844124  0.00691473  -0.0108188  -0.0102372  0.00288201 
237 6.40512e-06 0.522966 0.000767085 0.0313049 0.000129078  5.71032e-05  -4.95381e-06  -0.000189025  9.97283e-05  0.000296078  -0.0002591  -0.000503826  0.000323772  9.66005e-05 
241 -0.000382819 0.0702257 0.0256563 0.0312025 0.00673272  0.00334129  -0.0018677  -0.000186491  -0.00911941  0.0033847  -0.010348  -0.00578328  0.0185994  -0.00414062 
245 -0.000189007 0.332116 0.0112673 0.0368305 0.00550898  -0.00108193  0.00191522  -0.000890641  0.00189678  0.000750573  -0.00155568  0.00842102  -0.00308212  -0.00199433 
246 -0.000187283 0.47961 0.00391069 0.039313 0.00135954  0.00152857  0.000819188  0.00157568  0.00111174  0.00078595  -0.000649095  -0.000530754  0.000606997  -0.00224268 
247 -3.68535e-07 0.182279 0.000684372 0.041627 -4.4137e-05  -0.000473834  -5.13632e-05  -5.91763e-05  0.000266191  -0.000167343  3.41876e-05  -0.000285045  -0.000232764  -1.72857e-05 
250 -0.000931425 -0.145754 0.0490583 0.0416315 -0.0293216  0.0203086  0.0131114  -0.000621384  -0.0202584  0.0102444  0.0144916  0.0136555  -0.00593087  -0.00390207 
251 0.000928278 0.81316 0.0340958 0.051624 0.00586948  -0.00124929  -0.0157315  0.00164337  0.0184486  0.0046414  0.0186497  -0.00512635  -0.00494244  0.0107665 
