generation s h r distopt trait[0] trait[1] trait[2] trait[3] trait[4] trait[5] trait[6] trait[7] trait[8] trait[9] 
2 1.64036e-05 0.704337 0.00366161 0.01 -0.000116016  -0.00166141  0.000723963  0.0012028  0.000732035  -0.000627356  -0.00141779  0.00168438  -0.000583851  -0.00159537 
4 -0.000111931 -0.717268 0.0233452 0.028705 0.000510152  -0.00857887  -0.0108455  -0.00894362  0.00183943  -0.00364232  -0.00591014  0.0135308  0.00623035  -0.000220844 
5 0.000289503 1.5499 0.0348638 0.0379958 0.00899589  -0.00598907  0.0155873  0.0125288  0.00952473  0.0033526  -0.00224411  -0.0060129  -0.0213533  0.00998185 
8 0.000160915 0.734974 0.012298 0.0577839 0.00232455  -0.0031221  0.00462579  -0.00489625  0.00125716  0.00227067  -0.00581471  0.00350317  0.00113591  -0.00605052 
11 0.00382387 0.614976 0.0419781 0.083285 0.00434914  -0.0310593  0.000869438  -0.00387023  -0.00858243  -0.0191879  -0.00162732  -0.00320002  0.0173364  -0.00274956 
13 -0.000631459 -1.16783 0.0648997 0.0735594 0.0465979  -0.00676698  0.0264032  0.0205444  0.0035258  0.0252525  -0.00612892  0.0133712  0.00220076  0.00207281 
14 0.00173145 0.592702 0.0253559 0.0837051 -0.00156733  -0.0110985  -0.00555219  -0.0131158  -0.00994444  0.00876756  -0.00051767  -0.000731357  -0.00694327  0.00946912 
18 0.00113001 0.735714 0.0326394 0.101784 -0.0176647  -0.00128672  -0.022642  -0.00304765  -0.00303693  -0.000853376  0.0122889  -0.00142641  -0.0081389  -0.000662234 
20 0.00493525 0.621667 0.0490644 0.11487 0.00863773  -0.0287387  0.0205063  0.0139096  -0.00166083  -0.002034  0.0191247  -0.0104325  0.0185405  0.00822001 
21 0.00235029 0.686439 0.0418695 0.0997849 -0.00255127  -0.0218634  -0.00953725  0.0229457  -0.00744603  0.00281435  -0.0106257  0.00396638  0.00729375  -0.0201462 
24 0.00102216 0.65272 0.0249914 0.112745 0.00665534  -0.00255533  -0.00157773  0.00518251  0.00702645  -0.000507998  0.0023682  -0.0115878  -0.0149209  -0.0115001 
26 0.00306584 0.57643 0.0306665 0.126075 0.0127034  -0.0109021  -0.000113731  -0.0113107  -0.000144414  0.00844176  0.0170529  -0.0116333  0.00288468  -0.00514934 
27 0.00366459 0.597217 0.0378003 0.122219 0.0195179  -0.0166025  0.0134395  -0.000150523  0.0197935  -0.00739924  0.000332629  0.0114584  0.0035294  0.00111129 
28 0.00259342 0.608778 0.033618 0.114575 0.0130625  -0.00999278  -0.0256877  0.000461592  0.00375528  -0.00424048  0.00636049  0.0103765  -0.00351889  -0.0026493 
29 0.00501763 1.26579 0.123752 0.110907 -0.00681251  -0.0760882  -0.048591  -0.0305103  -0.0125326  -0.0329783  -0.0591104  0.0118842  -0.0264213  -0.0246752 
34 0.00313975 0.575155 0.0307765 0.111093 0.0220151  -0.0104234  -0.000725645  -0.000901668  0.002677  0.0116493  0.0123934  -0.00524399  -0.00532192  -0.000504704 
35 0.00204679 0.562686 0.0226882 0.102249 -0.00247238  -0.00622356  -0.00125086  -0.000490292  -0.00726723  0.00908025  0.0129033  -0.00903726  0.00900445  0.00189595 
38 0.00500269 0.601422 0.0451267 0.114309 0.00519464  -0.0184445  0.00582536  0.0172818  -0.00688447  -0.00254143  0.0144813  -0.0101447  -0.00585054  0.0305929 
41 0.00100352 0.607641 0.0207928 0.115719 0.00739824  -0.00122377  0.00490091  0.00626887  0.00339949  0.0129922  0.00219557  -0.00449881  0.00381299  0.00963528 
45 0.00326332 1.06246 0.0856073 0.148179 0.0483631  -0.0116345  0.0206741  0.00596244  -0.010258  -0.0359481  -0.000663568  0.0398161  0.0334246  -0.0170541 
46 0.00428994 0.598363 0.041147 0.144935 0.0166587  -0.0168653  -0.0153778  0.0037354  0.0172625  0.0199464  0.00661754  -0.0113817  0.00275752  0.00197517 
48 0.0082077 0.64612 0.0693411 0.145126 0.0217404  -0.0499722  -0.0118628  0.00761147  -0.00189406  0.00236771  0.0254506  -0.0172639  -0.00652351  0.0253403 
50 0.00185202 0.530846 0.0151658 0.125873 -0.00916742  -0.00645316  -0.00174961  0.00113991  -0.00157303  -0.00414391  -0.00640101  0.00353655  -0.00443542  -0.00267508 
52 0.00686227 0.715768 0.0769507 0.132861 -0.000129594  -0.0523779  0.00193924  0.0072231  0.00564206  0.0026713  -0.0365186  0.0355391  0.0149226  0.0162396 
56 0.00230186 0.577396 0.0267279 0.129084 -0.0180125  -0.00617949  0.0075499  -0.00713774  0.00410025  -0.000748566  -0.00863938  -0.00431762  0.000342406  -0.0115336 
57 0.00496511 1.05114 0.104481 0.127865 -0.00122512  -0.0759822  -0.0023653  -0.0404645  -0.00334328  -0.0238794  0.000554104  0.0236105  0.0313579  -0.0370937 
58 0.00370016 0.683356 0.0521026 0.1104 0.0165695  0.00622367  0.0187404  0.00416751  -0.00289095  0.00876944  -0.011709  -0.01214  -0.00370101  0.0406126 
59 -8.01317e-05 -12.889 0.0654937 0.0973367 0.0209133  -0.00921353  0.0164188  -0.0193673  -0.0253167  -0.024946  0.0379305  -0.00464348  -0.0067842  0.0187869 
60 0.00142248 0.950947 0.0506382 0.101999 -0.0103428  -0.0235307  0.0255328  0.0245837  -0.0147848  -0.00950659  -0.00506698  -0.0148426  -0.00833566  -0.0047797 
64 0.0050179 1.01616 0.101654 0.11383 0.00170818  -0.051859  -0.052104  0.00615934  -0.018642  0.0449875  -0.0123729  -0.0133848  -0.0412451  0.0219919 
67 0.00140393 0.916062 0.0483234 0.100594 -0.00294137  -0.00963221  -0.0147637  0.0200469  0.0303633  -0.000851805  -0.00306608  0.016247  0.00833097  -0.0186666 
68 0.00264954 0.66821 0.0422311 0.0984026 0.0100429  -0.0124489  -0.0027805  -0.0339593  -0.00130267  -0.00294974  -0.0130046  -0.00456605  -0.0119047  -0.00495693 
72 0.00218515 0.564963 0.0238649 0.108061 0.00581143  -0.0105147  0.0154261  0.00353077  -0.00178213  0.0053811  0.00237525  0.00448038  -0.0106614  0.001805 
74 0.00461612 1.2647 0.11863 0.111969 -0.00408267  -0.0489171  0.0589653  -0.0244198  0.0653011  0.0228765  0.0191782  -0.0335399  -0.0127787  -0.0338631 
77 0.00238682 0.738909 0.0477536 0.106665 0.0416782  0.00948593  0.0109415  -0.0106204  -0.000155951  -0.00941569  -0.00374287  -0.00515477  0.00944805  -0.00152158 
81 -5.45187e-05 0.470133 0.00255241 0.125751 1.61101e-05  0.000155198  0.000206402  0.000289658  -0.00090961  -0.00120616  6.33308e-05  0.000851784  -0.00179704  -0.000350465 
82 0.00767551 0.586065 0.0515812 0.134445 0.0278733  -0.0290884  -0.0179384  0.0147519  0.00215768  0.0143177  0.0099093  0.00989184  -0.00961567  -9.25444e-05 
86 0.00785186 0.832928 0.10214 0.135117 0.0169647  -0.0865005  0.0374831  -0.0117397  -0.00957355  -0.00995435  0.00936035  0.0251115  -0.010719  -0.00978741 
92 0.00198464 0.92011 0.0577264 0.133446 0.0035006  -0.0262918  -0.0231711  -0.00944251  0.0111302  -0.0376008  0.0123529  -0.00414102  -0.010658  -0.0134808 
93 0.000995428 3.90773 0.116359 0.131306 0.0450099  0.000497854  -0.0711077  -0.0178617  -0.0379448  0.00664083  0.0235462  -0.0634845  0.00613897  0.00562316 
95 0.00109816 0.539069 0.0131194 0.137869 -0.000136086  3.09805e-05  0.00393635  0.00534804  0.00267877  0.00784934  -0.00045268  0.00685421  -0.00334258  -0.000926202 
99 0.00207697 1.3026 0.0815942 0.160748 0.00749842  -0.0276687  -0.047828  0.0181765  -0.00361424  0.0209107  -0.000417784  0.0402709  0.0140843  -0.0307787 
102 0.00294894 2.44854 0.151292 0.173512 0.040328  -0.118781  -0.0163999  -0.0636446  0.0157526  0.00148093  0.00726817  -0.0468931  -0.00966507  0.0154592 
103 0.00131455 2.30991 0.0974688 0.16484 -0.0271394  0.037072  -0.00324572  0.0330892  0.0282034  0.0204019  -0.0031586  0.0560605  0.0392304  -0.019504 
106 0.0109368 1.03691 0.152813 0.172533 0.0229848  -0.0486619  0.0734948  -0.0372546  0.0327937  -0.0224698  -0.0415115  -0.0392491  -0.0129516  0.0930282 
107 0.00324279 0.570086 0.0302121 0.139708 -0.0134596  -0.00200262  -0.00686697  0.00594599  -0.0208668  -0.00716297  0.00514069  0.00610378  0.0066209  0.00712993 
108 0.00736784 1.01967 0.12352 0.131053 0.0420509  -0.0353082  0.0498734  0.0471339  -0.0021152  -0.0245275  -0.0523103  0.0462081  0.0423657  -0.0161463 
109 0.00142548 0.565462 0.0193389 0.0997686 0.00341394  -0.0047304  -0.00258504  -0.000887148  -0.00581299  -0.00351755  0.0146553  0.00204424  -0.00808229  -0.00143104 
110 0.000357173 0.59237 0.0114894 0.093464 -0.0085793  -0.00216444  -0.00566394  -1.26708e-05  -0.000483356  0.000240241  -0.00405974  0.000527899  -0.00209764  0.000429945 
116 0.00269051 0.662523 0.0418326 0.118193 -0.0171221  -0.00780574  0.00230289  0.00803817  -0.0290956  0.0193087  -0.00465995  0.00434061  0.00778737  0.00231805 
117 0.00200538 0.650737 0.0347815 0.113585 0.01088  -0.0157677  -0.00481073  0.0109623  0.00533096  -0.00526522  -0.0113217  -0.0026385  0.0195197  -0.0112756 
118 0.0025921 0.527734 0.0170447 0.111095 0.00311993  -0.00612379  0.00234317  -0.000133922  -0.0049123  0.00533963  0.0013288  -0.00393533  -0.0129279  -0.000868446 
119 0.00168862 0.56594 0.0211284 0.106115 0.012116  0.00146019  -0.0095428  -0.00358492  -0.00369354  0.00513846  0.0103504  -0.00650326  -0.0013826  -0.0014778 
121 0.00121645 0.549497 0.0155379 0.114262 0.000336789  -0.00607007  0.00443519  0.00376585  0.00414772  0.00234977  0.00139768  -0.0081021  0.00821216  -0.00358506 
123 0.0039823 0.819116 0.071259 0.126068 -0.0135698  -0.0328937  -0.0149202  -0.00633163  -0.0343852  0.00950703  0.026553  0.028417  -0.0181045  -0.020879 
124 0.000397352 0.516455 0.00512121 0.117224 0.000621764  -0.00140299  0.00331476  -0.000447956  0.00161447  0.000876718  0.00293055  -0.000797394  -4.60558e-05  -0.000286846 
126 0.00468408 0.672754 0.0569107 0.132393 0.0144105  -0.0137459  -0.0263442  -0.00641529  0.00306187  0.0099018  -0.00385381  -0.0316311  -0.00719991  0.0305354 
128 0.00111693 0.686911 0.0288987 0.130806 -0.0121706  -0.00663409  0.00169507  0.0209015  0.00549351  -0.00178915  0.00812816  0.00261862  0.00896577  -0.00407002 
129 0.00215683 1.0361 0.0679688 0.135617 -0.000485995  -0.0389319  -0.0418874  -0.00620518  0.00657275  -0.0339847  -0.00949953  0.00301184  0.00204796  -0.00301681 
130 0.00998772 1.06362 0.14964 0.134611 0.0373139  -0.104021  0.0444388  0.025796  -0.0353252  0.0335325  0.0315062  -0.0540559  0.027475  -0.0222998 
134 0.00249922 1.31358 0.0901001 0.0942425 -0.000594316  -0.0233525  0.0569111  -0.035395  0.0293554  -0.0152497  -0.0205247  -0.00295207  -0.0389477  -0.00628241 
136 0.000695774 1.33777 0.0482736 0.0841516 0.0099079  -0.00850694  0.0161528  0.0290576  -0.0208629  0.000620578  0.00816512  0.017285  0.0154305  0.00391993 
138 0.00386464 1.44194 0.120474 0.0861154 0.0503681  -0.00554449  -0.0624939  0.00743162  0.0258362  0.00190763  -0.0174811  0.0115238  -0.0778753  0.0284873 
143 7.60554e-06 7.74051 0.0148413 0.0848158 0.00169342  0.00535  0.00332486  -0.000730599  0.0083069  -0.00191537  -0.00519413  0.00172983  0.00406893  -0.00761482 
145 0.00152411 0.588219 0.0232063 0.101054 0.000533995  -0.0132764  0.00580664  0.00015895  -0.0102784  0.00674764  0.0101219  0.00386304  -0.00516553  0.0057454 
147 0.00358374 0.623309 0.042077 0.109617 0.0199025  -0.0254663  -0.010018  -0.00299973  -0.0132376  -0.00293578  0.00332196  0.0139931  -0.00548224  -0.01399 
150 0.00528113 0.615858 0.0495392 0.114282 0.00340052  -0.0300446  0.0265261  0.00627979  -0.0168672  0.0100418  0.00967162  0.00354441  0.0174558  0.000822427 
151 0.00115867 0.570599 0.0181017 0.0956696 0.00379275  -0.00501481  -0.00801609  -0.00118208  0.00963443  0.00449001  0.00378767  -0.00693548  -0.00192125  0.00658499 
154 -0.000252236 0.465178 0.00593041 0.113613 -0.00346272  -0.000765554  0.00370912  0.0015084  0.00108193  0.00145095  0.00110028  -5.33307e-05  -0.000392252  -0.00138466 
158 0.00311829 0.669083 0.0459348 0.150202 0.00375196  -0.0116244  -0.0109985  -0.00624013  -0.0126854  -0.0281919  -0.0180455  -0.022559  -0.00302353  -0.00122685 
159 0.00680148 0.804296 0.0909125 0.148505 0.0311742  -0.0369684  -0.00679649  -0.0196659  -0.0180667  -0.0119014  0.00958096  0.061799  0.0266858  0.0200637 
161 0.0094796 0.692433 0.0854416 0.138727 0.0126402  -0.0370826  -0.0130788  -0.0258647  0.0252009  0.0368649  -0.00468084  -0.0297547  0.0433728  -0.0119489 
162 0.000580606 5.80258 0.110872 0.106363 -0.0132606  -0.0652097  -0.0119518  -0.00519517  -0.0274756  -0.0419087  -0.0303943  -0.0389685  -0.0522896  -0.00259608 
168 0.000474792 5.77292 0.0999969 0.131643 -0.0173354  -0.0049953  -0.02912  0.0172595  0.0596059  0.0445751  0.00663322  0.0394519  0.027533  -0.0250942 
169 0.00144047 2.07812 0.095274 0.136731 0.0589976  -0.00676799  -0.00461275  0.0322387  -0.00510246  0.0546113  -0.023005  -0.027903  0.0131765  0.00038416 
170 0.00598384 0.554345 0.0362555 0.136818 -0.00691926  -0.0202336  0.0155631  -0.00110459  -0.0112363  -0.0182403  -0.00132157  0.00580048  -0.00188816  -0.0107626 
174 -0.000137177 0.276609 0.0110722 0.139006 0.00240739  -0.00351938  -0.00579825  0.000815189  -0.000161503  -0.00368029  -0.00549889  0.00324396  0.000990191  -0.00384901 
178 0.00178522 0.661382 0.0339531 0.169987 0.00342192  -0.0115263  -0.00151613  -0.0162548  -0.00997711  0.00654644  0.0124713  -0.00556049  0.0203027  0.000826997 
180 -0.000108051 -12.0003 0.0734801 0.180421 -0.0233022  -0.00632332  0.0244062  0.002749  0.0560503  -0.0155795  -0.0175242  0.022631  -0.00132506  0.00278754 
182 0.00651203 0.58573 0.0473951 0.197541 0.00230853  -0.0168637  0.00799947  -0.030118  -0.0150652  0.000714681  0.0174149  0.00814026  -0.0189739  0.00533588 
183 0.006604 1.52291 0.163901 0.188901 0.0503034  -0.0553513  -0.0109251  -0.00195672  0.0352901  -0.0665298  0.0166297  -0.0405427  -0.116365  -0.00370306 
184 0.0101786 0.663834 0.0817458 0.176197 0.0208981  -0.0149238  -0.00855762  0.00352954  0.0122311  -0.0144753  -0.0148816  0.0153002  0.0703903  -0.0129521 
186 0.00870934 0.647566 0.0717835 0.156638 0.0250752  -0.034133  -0.0279774  -0.00333443  -0.0238725  0.0043956  0.0246609  -0.00425351  0.0339577  0.0140205 
188 0.00579576 1.68525 0.165292 0.136512 -0.0244303  -0.0833924  0.0333286  0.0512538  -0.069222  0.055606  -0.00498021  0.0570621  0.06897  0.0105465 
189 0.00161075 0.558832 0.0194943 0.114842 0.0120123  -0.00676044  0.00675851  -0.00230662  -0.00274991  0.00547489  0.0040713  -0.00844963  0.00360853  0.000707674 
191 0.00170756 0.755613 0.041779 0.111398 0.00827867  0.00307565  0.0158704  0.000868649  -0.00484193  0.00537231  0.0286441  0.00974058  -0.0171259  0.0124057 
192 0.00385694 0.651862 0.0484263 0.106827 0.0165068  -0.0168132  0.00851926  -0.0287607  -0.00843933  0.00240812  0.00320834  -0.0189817  -0.0210197  -0.000863892 
193 0.00159934 0.959255 0.0541836 0.0896338 -0.00480402  0.00580129  0.00509088  0.0128022  0.0192588  -0.046506  -0.00484855  0.0106981  0.00409962  0.000920035 
198 0.000352244 6.68389 0.0932846 0.111867 -0.0142098  -0.012422  0.00566832  0.000304418  0.0691394  0.00520898  -0.047532  -0.0256994  -0.0134757  0.0201203 
200 0.00408319 0.59082 0.0385792 0.125506 0.00637752  -0.0155449  -0.00288493  0.00310161  0.00347115  0.00815705  0.0230152  -0.0196859  -0.0125775  0.00583795 
203 0.00161691 0.636416 0.0297116 0.115912 0.00831627  0.000544162  0.0102889  0.00479221  -0.0130709  -0.00283602  0.0187321  -0.00453886  -0.00675711  0.00940503 
204 0.00264175 0.645978 0.03929 0.10872 0.0132107  -0.00832999  -0.00166848  0.00807259  -0.0146702  0.00429787  -0.00479723  -0.00901349  -0.0298473  0.00174117 
209 0.00118664 0.639285 0.0257173 0.0958213 0.00429939  -0.00405391  0.0145252  0.00357034  0.000715326  0.000832618  -0.00660186  0.00546191  0.0178655  0.00298873 
210 0.00073659 3.3201 0.0910912 0.0894191 0.046986  -0.0508239  -0.00874596  0.0276669  -0.00181843  0.0247293  0.043142  0.00983405  0.00142149  0.00949192 
211 0.00134337 1.88495 0.0862031 0.0852025 0.024766  -0.00350651  -0.00154134  -0.0566048  -0.0370744  -0.0283185  -0.0192704  0.0306145  0.010543  0.00162645 
214 -2.51424e-05 0.459662 0.00201423 0.076922 0.000331623  0.00040711  0.000696026  0.000925616  -0.00101134  -0.000782611  -4.42301e-05  0.000746929  0.000177527  -0.000462101 
215 0.000566455 0.697135 0.0211349 0.0770853 -0.012008  0.00135902  -0.00108608  -0.00576041  -0.00342864  0.0106948  -0.00679893  -0.00854841  -0.00356715  0.00284972 
217 0.00105524 0.840315 0.0378946 0.0733201 -0.00595379  0.00992752  -0.0145806  0.0188431  0.00398475  0.00763821  -0.00952372  -0.0120813  0.0205102  -0.00167178 
218 0.00148831 0.59727 0.0240771 0.0657355 -0.00434807  0.00406262  0.00768911  -0.000716098  -0.00427282  -0.0118451  0.00448401  -0.00231128  -0.0120643  -0.012454 
219 0.000391156 1.55005 0.040526 0.0532349 -0.0242253  0.00285513  0.00304285  -0.00210591  0.0214753  0.0110312  -1.60928e-05  -0.00787354  0.0106627  -0.0165856 
220 0.00108241 0.638323 0.0244766 0.0494254 0.00305996  -0.00594056  -0.00683101  0.00178017  0.000245809  -0.018188  0.000111449  -0.00967852  -0.00832766  -0.00327418 
222 -5.7365e-05 0.465736 0.00280429 0.0368924 -0.0010428  0.000737456  0.000695386  -0.000148261  -0.00107459  0.00120769  -0.000928879  -0.00028629  -0.000839586  0.00121006 
223 0.000199733 0.540345 0.00567885 0.0376619 0.00142394  -0.00253743  0.00258846  -0.000983569  0.0010802  -0.00240169  -1.98644e-05  0.00177305  0.0010489  -0.0022218 
224 -6.05678e-05 -0.572112 0.0161165 0.03491 0.00576684  0.000784136  0.00855685  0.00580667  -0.00429651  -0.00685994  0.00198048  -0.0068366  0.00141883  -0.000860993 
226 -4.76452e-05 0.234531 0.00711304 0.035767 -0.000145218  -0.00189233  0.00304107  -0.00209475  -0.00179009  0.00315995  0.000654429  0.0026332  -0.00144508  0.00327374 
232 -0.000337327 -0.480096 0.0363664 0.0364269 0.0168788  -0.00759424  -0.0024239  -0.00431991  -0.0147139  0.00762104  0.00992107  -0.0057419  -0.0160171  -0.0171139 
233 3.10631e-05 3.28346 0.0185966 0.0407959 -0.00309713  -0.00491448  -0.0148748  -0.00749383  0.00212416  0.000761038  -0.00219048  -0.00211957  0.00441281  -0.000902314 
234 0.000957457 0.770594 0.0321894 0.0404134 -0.00143233  -0.0027223  0.0106563  0.012356  0.00250027  -0.00633794  -0.0179189  0.0107233  -0.0157631  -0.00543091 
235 -0.000141758 0.354819 0.009074 0.0260047 -0.00270151  -0.00156514  0.00141424  -0.00365107  -0.00213486  -7.42126e-05  0.000180065  0.00576575  -0.00159535  0.00410789 
239 -0.000425904 0.298067 0.0185517 0.0286009 0.00620299  -0.00423854  -0.00626642  -0.0017399  0.0084226  -0.00271375  -0.00386846  0.0028606  -0.011022  0.00474248 
240 2.70061e-05 4.00948 0.0194702 0.0352705 0.00243073  -0.00434525  -0.00754935  -0.0043584  -0.00267001  0.000309816  0.00551706  0.00874239  0.0127494  0.00129204 
241 -0.000154685 0.0814837 0.0160927 0.0348855 -0.00224672  -0.00671145  -0.00187648  -0.00467984  7.92027e-05  -0.00311398  -0.0075524  0.00223303  0.0101672  0.00289171 
242 0.000401261 0.633774 0.0146542 0.0370364 -0.00383935  0.000710108  0.00383796  0.00849441  -0.00255429  0.00450499  -0.00280968  -0.0030715  0.00559807  0.00609341 
243 0.00027175 0.826353 0.018834 0.0311531 -0.00134165  -0.00134506  0.0116301  0.00591798  -0.0012821  0.0010223  0.00238597  -0.00236418  0.00695792  -0.0108832 
244 2.49098e-05 3.8322 0.0182209 0.0264349 0.00102396  0.00278894  0.00404601  0.00884891  0.00199327  0.00233307  0.00261779  -0.00538325  -0.00852486  0.0105157 
245 -0.000222942 0.394488 0.00970187 0.0259595 -0.00604666  -0.000610931  -0.00177356  -0.00259723  -0.00612947  -0.00140203  -1.00068e-05  -0.000881727  0.00167386  0.00204559 
247 -0.000345709 0.334776 0.0151185 0.0299476 -0.00772625  0.0049199  6.00752e-06  0.00080304  9.71475e-05  -0.000645294  -0.0068901  0.00406658  0.0032395  0.0083123 
250 -0.000451539 0.177344 0.0241445 0.035251 0.00587486  0.00766409  -0.00302193  0.00268983  0.00126536  -0.0153065  0.000732928  -0.00464053  0.0140146  0.00435498 
251 0.000120545 2.5655 0.0315557 0.0411615 0.00387172  0.00866931  -0.00188119  -0.00360648  0.0152011  0.00137709  0.00551353  -0.00513226  -0.0236383  0.00637118 
252 -0.000164912 0.350475 0.00993251 0.0396703 0.0049771  0.000637188  -0.00286619  0.00174282  0.00175235  0.000201492  0.00414167  0.00379022  0.00468621  0.00237352 
253 -5.81639e-06 -0.36786 0.00449347 0.0416972 -0.00113369  -0.000776141  -0.00162968  -0.00239085  0.00186898  0.00187242  -0.000386113  0.000851232  -0.0011666  0.00083541 
254 0.000177081 0.975928 0.0183598 0.0417669 -0.0061391  -0.00558937  0.00149579  -0.00281585  -0.00325331  0.0109973  -0.00243312  0.0050637  -0.00947991  -0.00224318 
255 -0.000206178 0.36166 0.0106828 0.0395905 0.00304478  -0.00131821  -0.000537524  0.00051022  -0.0054962  -0.0026823  -0.00258437  0.00596179  0.00427861  0.00215253 
257 -6.98738e-05 -0.357711 0.0154832 0.0421143 -0.00649609  0.000916155  -0.00440454  0.00192801  -0.00117431  -0.00285994  -0.00153072  0.00751495  0.00982764  -0.00293525 
258 0.000227105 0.589676 0.00902661 0.0429358 0.00252613  0.00267137  0.000112954  0.0012556  0.00378508  0.0022677  -0.00455475  -0.00338842  -0.00381833  -0.000311061 
260 0.000124583 0.568659 0.00584983 0.0402046 -0.000614094  -0.00150687  0.00437774  -0.000628926  0.00125717  0.000316054  8.72344e-05  0.00204376  0.00101556  -0.00226192 
262 -4.13204e-05 0.480662 0.00178807 0.0386242 0.00102396  -0.000226876  -0.000231809  0.000173  0.000696358  -0.000188179  -0.00020976  -0.000517154  0.000116995  0.00108078 
263 -0.000984901 0.296088 0.0283573 0.0391555 0.011633  -0.0127481  0.0149972  0.00870677  0.00639485  -3.51666e-05  0.00966732  0.00533968  -0.005484  0.00355428 
264 -0.0003005 0.446131 0.00805016 0.0501851 0.000382574  0.00148719  0.00558497  0.00100753  -0.00475064  -0.00175365  0.00145931  0.000492768  0.000829663  0.00123912 
267 0.000213846 0.543531 0.00610365 0.0530951 -0.00253787  0.00227295  -0.00492341  0.000570731  0.000763107  0.000321918  -0.00014444  0.000503525  -0.00033345  -0.000100916 
268 0.000750466 1.03014 0.0398847 0.0510418 -0.0126203  0.00585801  -0.0269658  -0.0158938  -0.00218855  -0.00230188  -0.016722  -0.0097286  0.00425181  -0.0038727 
269 0.000432339 0.995098 0.0292578 0.0430706 0.000786323  -0.0129065  -0.00757195  0.0117393  -0.00747467  -0.00124172  0.00305206  -0.00996217  -0.0076903  -0.0163879 
270 -5.80919e-06 -0.57245 0.00499202 0.0377204 -0.000848737  0.000182677  0.00322828  0.00198465  -0.000324268  -0.00203313  -0.000143155  -0.00177715  -0.00143055  0.000584746 
273 0.000468948 1.22247 0.0368072 0.0377974 -0.00467652  0.0074888  0.0173032  -0.000395199  0.00915082  0.0131567  0.0224267  -0.00153815  0.0143884  0.00284265 
274 1.18488e-05 0.510703 0.000712288 0.0309807 0.000124003  -0.000107286  -0.000262946  -2.68328e-05  -0.00027625  -0.000262763  -0.000189281  0.000160943  -0.000444656  -7.61535e-05 
277 -2.83245e-05 -0.0157927 0.00764454 0.0307889 0.00183944  0.000420173  0.00440379  -0.00157557  0.00397317  -0.000367975  0.000899711  -0.00228781  0.00329225  0.000446281 
278 -0.000115602 -0.457886 0.0210462 0.0312455 0.00542589  -0.0101449  -0.00670573  0.0034463  -0.00436485  -0.0126387  -0.00525462  0.00111599  0.00498428  -0.00460998 
279 0.00022834 0.788373 0.0162289 0.0330437 0.000702095  -0.00479663  0.0090091  -0.000835366  -0.00213181  0.00649842  -0.0086063  -0.000540764  -0.00351867  -0.00494951 
283 9.41738e-05 1.36106 0.0180093 0.0293866 -0.00187909  0.00981385  -0.0130295  0.00500814  -0.00291547  -0.00170774  -0.00292677  0.00174221  0.000609598  0.00250073 
285 -0.000155525 0.289484 0.0114447 0.0277381 3.40413e-05  -0.00201468  -0.00134077  -9.37188e-05  -0.00470566  -0.000819365  -0.00429646  -0.00780851  0.00247251  -0.00409329 
286 -0.000458513 0.232841 0.0221398 0.0304128 0.00982198  -4.95102e-05  -0.0013731  0.00204928  -0.00875012  0.00456291  0.00505666  0.0151342  0.00595427  0.000400727 
287 7.8586e-05 0.611203 0.00591249 0.0371962 -0.00120328  0.000473171  0.00410339  0.00107458  0.000272246  0.000630357  -0.00268094  -0.00270361  0.000539436  0.000183834 
288 -0.000107169 -2.54193 0.0361091 0.0361244 -0.0186907  0.00770486  0.0144892  0.0121208  0.0162089  -0.00596809  0.00160572  -0.011421  -0.00619355  -0.00828168 
291 -0.000812642 0.406921 0.0174069 0.0375786 -0.00444579  0.00192529  -0.00302277  0.00757831  0.0102122  0.00222399  -0.00126492  0.00504872  0.00869391  0.00102646 
292 -0.000233077 -0.44513 0.0296848 0.0471712 0.00742154  -0.00204528  0.00484338  -0.000465961  -0.00666395  -0.0121088  0.000895496  -0.00456839  -0.00814097  -0.0227874 
298 0.000427226 0.977318 0.0285574 0.0495805 -0.0113348  0.000479382  -0.0165524  -0.0159977  0.00585166  -0.00597732  -0.00573672  0.00282472  0.000124127  0.00678471 
299 4.2986e-05 3.57752 0.0230025 0.0450676 -0.00941256  0.000485529  -0.00440244  -0.010185  0.00681424  0.00491906  0.0102413  0.00373372  -0.00862041  0.00730765 
300 -0.00030196 0.460475 0.00691322 0.0445882 -0.00125811  -0.00131884  0.00338281  0.0040269  -0.000237001  -0.00291669  0.00192468  0.00154802  0.00125993  -0.000748191 
301 0.000531312 0.701547 0.0206964 0.0478551 0.00844751  0.0107469  -0.0119562  -0.000287083  0.00260425  0.00668264  -0.00143504  -0.00250715  -0.00356457  0.00509507 
304 -0.000441156 0.43107 0.0110344 0.0419397 -0.00339335  0.00028552  -0.00419264  0.00306065  0.00324958  0.00457307  -0.00446809  0.00115962  0.00200096  0.00514098 
305 4.13974e-05 1.42616 0.0123837 0.0469062 0.00177085  0.00734208  0.00552177  0.00334896  0.000255931  0.00274988  0.000487941  0.000372161  0.00620686  0.00284259 
308 0.000232769 0.522198 0.00454892 0.0464629 0.00306066  -0.000856937  0.00048272  0.000363725  -0.00129564  -0.000612692  0.00154258  -0.00146427  -0.00167541  0.000916881 
309 -2.54648e-05 -22.37 0.0482584 0.0438869 0.0353698  -0.016793  0.00469691  -0.00587411  -0.00183528  -0.008321  0.0109656  -0.0152335  -0.00971493  0.0148318 
311 0.000144074 1.15012 0.0193552 0.044176 0.00306905  0.00479789  0.00346724  -0.00847374  0.00228545  -0.00368899  -0.000685857  -0.0052256  0.0103295  -0.0102495 
312 -0.000353283 -2.86053 0.0688982 0.0425142 -0.00599112  0.00562203  0.0265492  0.0234567  -0.0419875  0.00948269  -0.0122545  0.028771  -0.013886  -0.0200188 
313 0.000150706 0.692441 0.0107707 0.0464844 -0.00527068  -0.001418  0.00159517  -0.000990543  0.00321683  0.00203158  0.00411906  -0.00272908  0.000747828  -0.00657595 
314 -0.000613922 -0.156131 0.0401449 0.0448342 0.0174487  -0.00689135  -0.00270491  0.000625284  0.0221466  0.00846789  0.0142252  0.0194312  0.00977052  0.00379305 
315 -0.000163228 0.468633 0.00452714 0.0512271 -0.00129852  0.00214966  3.08531e-06  0.000471636  0.00168771  -0.000664619  0.000141905  0.00287681  0.00148053  -0.000432607 
316 0.000555584 0.592937 0.0143746 0.0527964 0.0069546  -0.00136603  -0.00438935  -0.00801564  -0.00269601  0.000401238  0.000125305  -0.0075882  0.00248011  -0.00130511 
317 -0.000440738 -0.0859652 0.0321437 0.0472444 -0.0144179  -0.0126596  0.00470405  -0.00391993  0.0067085  0.0108759  -0.0096269  0.0170709  -0.00547344  0.00708817 
318 0.000110241 0.536737 0.00402554 0.0516998 0.000173977  -0.00048336  -0.000483732  -0.00188735  -6.00412e-06  0.00227268  0.000999661  -0.00129739  -0.00138765  0.00154005 
319 0.000480971 0.596305 0.0136142 0.0506224 -0.000249345  0.00282322  -0.00977141  -0.00330604  -0.00287661  0.00110427  -0.00745167  0.000366393  0.00206177  0.00122366 
320 1.93818e-05 10.9052 0.0284006 0.0456265 -0.0099887  0.00386472  0.008218  -0.01375  0.00705897  0.00892915  0.00816328  -0.00895853  0.0126002  0.000261707 
323 0.00163763 0.826164 0.0462122 0.0454136 0.00607443  0.0045349  -0.00883563  0.0096378  -0.0190774  -0.0162638  0.000908886  -0.0296995  -0.0194863  -0.00401039 
324 -2.11607e-06 -6.55523 0.00772768 0.0206422 -0.00294127  0.00340666  0.0051445  -0.00242138  -0.000316078  -0.00061869  0.000441708  0.00190112  0.000400827  0.00163675 
325 -6.10286e-05 -0.293103 0.0139144 0.0206934 -0.00286612  -0.00769265  -0.00569793  -0.00640293  -0.00297253  -0.00167639  0.00246124  -0.00533099  -0.000329211  0.00255415 
329 0.000241532 1.02125 0.0224396 0.0221189 0.00679475  0.00706948  -0.00412593  0.000144172  0.00832935  0.000637205  -0.0124665  0.00216429  -0.00122751  0.0126077 
330 -4.29696e-05 0.421732 0.00366794 0.0157399 -0.000196282  0.00115468  0.00140351  -0.000471065  -0.00161518  0.000950423  0.0023188  -0.000624076  -0.000779591  -6.35574e-05 
335 -0.000352656 0.342845 0.0148924 0.0170503 0.00424499  0.00268617  -0.00301087  -0.00177946  -0.0108661  -0.00173343  -0.000721098  0.00358027  -0.00667658  -0.00230725 
337 4.67117e-05 0.634955 0.00502159 0.025366 -0.00258931  -0.00116531  -0.000243608  -0.000382196  0.00163217  -0.000666185  -0.0025524  -0.00107996  -0.00247513  -0.000182736 
340 -0.000131756 -0.0111505 0.0164136 0.0244279 -0.000124464  0.00923849  0.00871712  0.00230892  0.00712265  0.00546795  -0.00422021  -0.00109343  -0.00175123  0.00013676 
343 0.000117719 0.799649 0.0118783 0.0269905 0.000489585  -0.0034471  0.00178455  -0.00206512  0.0061391  -0.0049073  -0.00582661  0.00283298  0.00413317  0.000832895 
345 1.66246e-05 1.46317 0.008003 0.0247139 -0.00154127  -0.000980533  0.00158718  0.00250499  0.00391835  -0.00231519  -0.000866692  -0.000849807  -0.00164766  -0.00519762 
346 -0.00026912 -0.224998 0.0279376 0.0243752 -0.0105774  -0.00512558  0.00542351  -0.0150315  0.0042337  -0.00989332  0.008188  -9.46222e-05  0.0128896  0.00616451 
347 -0.000287593 0.250572 0.0169413 0.0293821 -0.00241446  -0.0019659  0.00229527  0.0049628  -0.00706723  -0.00254564  0.000318479  0.00961157  0.00737651  0.00664021 
349 8.15479e-06 6.27584 0.0137258 0.0339255 -0.00403157  0.00160296  -0.00160909  0.005725  0.00594734  -0.00396961  0.000304793  -0.00653614  -0.00616187  0.00151612 
351 0.000100243 0.596423 0.0062182 0.0338051 -0.00125203  0.000985165  -0.00117973  -0.00192207  -0.00223802  0.00363651  0.0026496  0.00216288  0.00103573  0.000193879 
