generation s h r distopt trait[0] trait[1] trait[2] trait[3] trait[4] trait[5] trait[6] trait[7] trait[8] trait[9] 
4 -0.000675196 0.125881 0.031794 0.03 0.00559055  -0.0145415  0.0139268  0.00356196  -0.0135006  -0.00170832  -0.0153674  0.00991597  0.00342905  0.00548449 
5 -6.38236e-05 0.455669 0.00336449 0.0465147 -0.00170702  -0.000728969  -0.00146665  -0.000611739  0.000236875  0.00175694  0.000649576  -0.000566108  0.00111905  -0.000459942 
6 3.95104e-05 0.646497 0.00481174 0.0552247 0.00172158  2.97028e-05  0.000643243  -0.000486745  -0.00211266  0.00294239  0.00070539  0.00237051  0.000539444  -9.22837e-05 
7 0.00155447 0.809712 0.0438748 0.063231 0.027877  0.00012518  0.00834412  -0.00463025  -0.00829415  -0.00575814  0.0246161  -0.0033957  0.00752362  -0.0167558 
9 -0.000253738 0.443475 0.0075769 0.0624949 0.00113625  0.00229133  0.00194053  -0.00455019  -0.00342261  -0.00204731  0.00262047  -0.000787551  0.000539338  -0.00164759 
11 0.00184691 1.5699 0.0888294 0.0798414 0.0483101  0.0151916  -0.0014978  0.00302005  0.0333417  0.00791997  -0.0529306  -0.0237249  -0.00105584  -0.0278318 
12 0.00091409 0.556109 0.0143343 0.0705044 0.00123883  -0.00298204  0.00307276  0.00478628  -0.000280963  -0.00472417  0.0109592  -0.000994801  -0.00384922  0.00209463 
13 0.000213424 0.761746 0.0149481 0.0683656 0.000381305  0.0021594  -0.000897269  0.00381517  -0.00273675  0.00812898  0.00973182  0.00149266  0.00501282  -0.00276414 
17 0.000608498 0.525842 0.00794134 0.0943216 0.00126253  -0.00453063  -0.000510381  0.0015466  0.00101339  -0.00074726  -0.00057267  0.00474356  -0.00135661  0.00346941 
19 -0.000183847 -2.03966 0.0432133 0.107962 -0.00573689  0.0165871  0.00802482  -0.00853935  -0.0138536  -0.0132615  0.0216935  0.00515812  -0.0163513  0.0170193 
20 0.0019084 0.610388 0.0290445 0.11806 0.0119475  -0.0203589  0.00259007  -0.00200763  -9.66962e-05  -0.00656151  -0.0124898  0.00415609  -0.00604291  -0.00477149 
24 0.00390605 2.97879 0.196152 0.146526 0.137706  0.00664363  -0.000219682  0.00674565  0.0172461  0.128613  -0.032563  -0.0334249  -0.000541502  0.0201569 
25 0.00618738 1.16408 0.127948 0.132954 0.00632384  0.0058834  -0.0914054  0.0188593  -0.0207579  -0.0687428  -0.0119214  0.0225151  0.00851896  -0.0413195 
28 0.00044706 2.51199 0.0599633 0.112452 0.00698163  0.0169292  -0.00488301  -0.0283334  0.0291333  -0.0120444  -0.00125096  0.0260762  0.0268476  0.00612178 
29 0.00217063 1.17295 0.0763852 0.113304 0.0161581  0.00335419  0.00179286  0.0337172  -0.0562759  -0.0118492  0.0138082  0.0116277  -0.0230121  0.0161088 
30 0.00114892 0.66288 0.0273625 0.105762 0.00847785  -0.00651845  0.00159363  -0.00810345  0.004981  -0.0137989  -0.00943144  -0.00111655  0.0157341  0.00362643 
32 0.00168984 1.4454 0.0798826 0.106445 0.0405764  -0.00956541  -0.0297198  -0.0187859  0.0298143  -0.00415226  0.0169516  -0.0414268  -0.00619712  0.0214251 
33 0.00130208 0.802417 0.0396812 0.0988801 -0.0109236  -0.00766402  0.0167783  0.00772117  -0.020703  0.0141333  0.0022992  0.00172173  -0.00609564  -0.0195355 
36 0.00296574 0.570688 0.0290108 0.103618 0.000894144  -0.000190523  0.0166349  -0.00733262  -0.00989484  -0.00519738  0.0136639  0.0125846  -0.000303149  0.00634153 
38 0.00446645 1.24368 0.115086 0.101226 0.065284  -0.0592391  0.0459805  -0.0192833  0.0257079  0.0240821  0.0399612  0.0104058  -0.00357071  0.00535968 
40 0.0010527 0.763986 0.0333378 0.0803128 0.00937965  0.0130395  0.0044975  -0.00945031  0.0122697  -0.00298492  -0.00268395  0.00023766  -0.0213699  -0.0109764 
41 0.000727061 0.613301 0.018156 0.0764225 0.000583467  0.00286141  0.0111233  0.00386394  -0.00218337  -0.00448864  -0.00404919  0.00899344  -0.00347424  0.00694183 
43 0.000415815 1.53712 0.0415255 0.0810867 -0.0153034  0.00810097  0.0102201  0.0134431  -0.00486193  -0.019754  -0.0230182  -0.0121946  -0.000524385  0.00683328 
44 0.00277885 0.644302 0.0400659 0.0865801 0.0288467  0.00535684  0.0224257  0.00377847  0.00285017  0.000692664  0.000769641  -0.0120086  0.00852223  -0.00111005 
48 0.000228404 1.11137 0.0236321 0.0987956 0.00661128  0.00357492  0.00914662  0.0109802  -0.00212024  -0.00831041  -0.0030076  0.0089138  -0.00928027  0.00704131 
51 0.00397183 1.0575 0.0940092 0.122536 0.0487982  0.0274231  0.00501986  0.0331208  0.014731  -0.0527354  0.0138278  -0.0294485  0.0217907  0.00713918 
53 0.00803067 0.615502 0.0610382 0.117279 0.0362245  -0.0104152  -0.0408787  0.0074519  -0.000901952  0.0203574  -0.00401794  0.00178382  0.0116641  0.00278521 
57 0.00111649 1.42119 0.0641109 0.10327 0.0362469  -0.0245936  0.0282863  -0.00335456  0.0155549  -0.0107247  -0.0185154  0.021943  0.0130748  -0.00528395 
61 0.00407626 1.59697 0.133485 0.121481 0.057296  0.0864874  -0.00113987  -0.0558329  -0.0383994  -0.00860173  0.0321644  -0.0333112  0.00800696  -0.0134173 
62 0.00387064 0.808781 0.0691095 0.106518 -0.0210214  -0.0347705  0.00131449  0.00633907  0.0218252  0.0229232  0.00472626  0.0125874  -0.0425546  0.0094779 
65 0.00428283 0.647709 0.0503327 0.109147 0.024296  -0.00147293  -0.0282578  0.0133729  0.0013184  0.0121239  0.0143636  0.00724283  -0.0228942  -0.00565136 
72 0.00312711 0.9326 0.0735115 0.146885 0.0343445  -0.013028  -0.00248446  -0.00858858  -0.00310968  -0.00571086  -0.0269857  0.00421335  -0.0465371  0.0319495 
74 0.00130465 9.02199 0.210237 0.151198 0.139826  0.104306  -0.0268897  0.00537976  0.00360279  -0.0477726  0.017669  0.00755004  0.05921  -0.0827419 
76 7.14357e-05 13.4816 0.0608897 0.145506 0.00490107  -0.0144478  0.00129951  0.0260774  -0.0432687  -0.0138185  -0.0107494  0.016545  0.0184355  0.000884195 
77 0.00755103 0.707092 0.0790883 0.145293 0.0170221  -0.0204507  0.0264368  0.0275637  0.0244468  0.0330292  -0.0351649  -0.0271704  0.0111529  0.0173363 
78 0.00169725 0.708112 0.0375881 0.116001 0.00441005  -0.00781889  -0.00481377  -0.00510316  0.0195601  -0.00537738  0.00546391  -0.00309023  0.0196268  0.0211408 
79 0.00200008 0.711633 0.041147 0.108357 0.0194512  -0.00151976  -0.000527902  -0.0137221  0.0102928  0.0029763  0.00363155  0.00268012  -0.0142972  0.0280047 
80 0.00111311 1.23724 0.057271 0.0976462 -0.00331243  -0.00685218  -0.0349143  -0.0396195  -0.000543981  0.00854552  -0.00479543  -0.00820932  -0.00447862  0.0157975 
82 -0.000337053 -5.36206 0.0888644 0.0934785 0.0076244  0.0241969  0.0565023  0.00781509  -0.00182433  0.0279365  0.0369318  0.0387094  0.006462  -0.0176571 
83 0.0013441 0.873763 0.0448168 0.0968547 0.0192184  -0.0034971  -0.00550937  -0.00584199  -0.0147701  0.0122979  -0.00134056  -0.0333755  0.0010208  0.00873673 
84 0.00514011 0.746367 0.0711505 0.0903258 -0.0168817  -0.0506857  -0.0178926  -0.0293074  -0.0142275  -0.00477605  -0.0238979  0.0097172  -0.00496601  -0.0106703 
87 0.000162438 0.514947 0.00311836 0.0748869 -0.000237888  -0.000123993  0.000532521  0.00204269  0.000915807  0.000155215  0.0016933  0.00119364  0.000118241  -0.000165086 
88 0.00123143 1.48558 0.0696384 0.0819093 0.047714  -0.00561967  0.00308889  0.0019193  0.0283518  -0.0070335  -0.00719646  -0.0186045  0.0341474  0.0105274 
89 0.00140239 0.545165 0.0159421 0.0773802 0.00168589  -0.00335431  -0.000684131  0.00680817  -0.00517258  0.00134189  0.0111411  0.0041499  -0.00416247  0.00245154 
92 0.00149276 1.4367 0.0747403 0.0849283 0.0324781  -0.0105819  0.0294237  -0.019679  0.0163238  0.00682639  0.00793446  0.00604584  -0.052332  0.00388285 
93 0.00243516 0.83568 0.0571611 0.0796689 0.0139851  -0.0111383  -0.0368882  -0.00167315  -0.0167438  0.000751869  -0.0249691  0.0158427  -0.0178262  -0.0105387 
95 0.00311844 0.737613 0.0544341 0.0721625 0.0234186  0.0100376  -0.00470531  0.0172456  -0.0311872  0.0170141  0.020934  -0.0113378  0.0115951  -0.00556702 
104 0.0096838 0.673061 0.0819277 0.116596 0.0597609  -0.00181211  0.0193033  0.0296039  0.0013615  -0.0368041  -0.0171879  0.00298697  0.0111681  -0.01015 
106 0.000292659 0.657493 0.0135786 0.0795163 0.000841197  0.00615363  0.0044871  -0.000872161  0.00445165  0.00382037  0.00125358  0.00509949  0.00372184  0.00700485 
107 -8.83816e-05 -4.54438 0.0422257 0.0865798 0.0168333  -0.000312177  0.0323215  0.00555909  -0.00397448  -0.00347196  0.00919924  0.0156092  0.00655062  -0.00499327 
109 0.00165279 0.747738 0.0404662 0.10219 0.0148527  0.0192349  -0.00400066  0.00309898  0.00181917  0.0183943  0.0203355  0.00589743  0.00221203  0.0150484 
110 0.000216813 0.550001 0.00658649 0.101111 -0.000891426  -0.00156069  -0.00241035  0.00172519  -0.00336013  0.00181862  -0.00302506  -0.00272567  0.000240844  -0.000359524 
112 0.000409758 3.81996 0.0737346 0.116218 0.0354034  -0.0329615  0.0366731  -0.0145682  -0.018072  0.0198738  -0.0174427  -0.0140402  0.00350674  0.0174512 
113 0.000976815 1.75309 0.0699374 0.120162 -0.00715444  0.0127878  -0.0338655  -0.00313442  -0.00251561  0.00724297  0.0516119  0.0101602  0.0142758  -0.0221409 
115 0.00112969 0.982345 0.0466735 0.130508 0.0235778  0.0109571  0.00670684  0.00405142  0.0121876  0.00314282  0.00668803  -0.0167598  0.0286946  -0.0115602 
116 0.00280563 0.572794 0.0286293 0.132351 0.00608454  -0.00661656  -0.00631432  0.013373  0.0149379  -0.00878484  0.00126658  0.0104713  -0.00418321  0.00954262 
117 0.00022325 0.881107 0.0184472 0.128089 0.0042536  -0.00852959  0.000265771  -0.00243823  -0.0104405  0.00139283  0.00422868  -0.0025647  -0.000534267  -0.0103802 
120 0.00622951 0.897083 0.0993526 0.149008 0.0347813  -0.0182236  -0.034117  0.00584822  0.00586525  -0.019484  -0.0517347  -0.0579986  0.0260037  0.000619787 
121 0.0100089 0.792656 0.108125 0.133058 0.0604518  -0.0294496  -0.0473294  0.0212722  0.0194283  -0.00377962  0.00800045  0.0571844  -0.0273961  -0.00054739 
127 0.00479914 0.688834 0.0602172 0.122299 0.0221288  0.018605  -0.000603715  -0.0125951  -0.00391302  0.0137639  0.0324206  0.0209697  -0.0301916  -0.00491566 
129 0.00595637 1.20131 0.129006 0.115275 0.0528375  -0.0258182  0.0549898  -0.0326012  0.0220174  -0.0425108  -0.0515765  -0.049287  -0.0412669  -0.00363616 
130 0.00296096 0.636924 0.0402908 0.0902898 0.00830485  0.0189553  0.0125029  -0.013473  -0.00223834  0.0277272  0.0026784  0.0068671  0.00304133  0.00445407 
132 0.00025472 3.71196 0.0571916 0.084076 0.0459375  -0.00588402  -0.000374133  -0.012982  -0.0136921  0.00467007  0.003905  -0.0082596  -0.0253462  0.00470685 
133 0.0016734 0.644269 0.031083 0.0844506 -0.00897526  0.00376043  0.00329729  0.0218646  0.00892624  -0.00221142  -0.00855977  0.00497686  0.0137709  -0.00320592 
136 3.18136e-05 0.718326 0.00527095 0.0902877 0.000376826  0.00170639  0.00238341  -0.00166963  -0.0021705  -0.000150533  0.00109558  0.000130462  0.000696358  -0.00313447 
137 0.00350555 0.818526 0.0668002 0.0970043 0.0143224  0.015656  -0.034213  0.00755753  -0.0123695  0.0104967  -0.0141456  -0.0206558  0.0435102  -0.001135 
138 0.00049306 0.768254 0.0230004 0.084343 0.000218226  0.0105946  -0.00518699  -0.00139565  0.00230209  -0.0128984  0.0039475  -0.000430473  -0.0083471  0.0114351 
142 0.00214091 1.3424 0.0848655 0.11583 0.035374  -0.0214155  0.010847  -0.0351416  -0.0115498  0.0321917  0.031883  0.0116902  -0.0415245  0.00961495 
144 0.00300605 0.873929 0.0670182 0.120254 0.0222643  0.0117426  0.0183426  -0.0105904  0.0406155  -0.00592911  -0.0364979  0.0177278  0.00622999  -0.00626779 
146 0.00235812 0.752676 0.0488121 0.120631 0.0335577  0.0207877  -0.013372  -0.0043502  0.0208355  -0.00197227  0.000855155  0.00323569  -0.0132725  0.00112572 
149 0.000589735 2.68217 0.0717144 0.127756 0.035818  -0.00228562  0.00345071  0.0108612  0.00117073  0.00595913  0.0396754  0.0223229  -0.0282712  0.0285714 
150 0.00330804 0.592217 0.0349782 0.12958 0.00821951  0.0146277  -0.00986439  0.00831704  -0.0176331  0.00445211  0.00915798  0.0153916  0.0110521  0.00134213 
151 0.002293 0.526281 0.0156008 0.120758 0.00680997  -0.00113558  -0.000327843  0.00656827  0.000444787  0.00228549  -0.00399644  -0.00884424  0.00103302  -0.00719648 
154 0.00165261 0.923341 0.0528824 0.127932 0.00211594  0.00942203  -0.0255089  -0.00636329  0.0187819  -0.0173797  0.00183496  -0.0174472  0.0217305  -0.024027 
155 0.00374195 0.717767 0.0570882 0.128184 0.00843962  -0.0158431  -0.0235049  0.0314355  -0.0131837  -0.0181771  -0.025593  0.0149225  -0.0030229  0.00226436 
157 0.00499704 1.86995 0.165027 0.128024 0.0876725  0.0496182  0.085255  -0.0497066  -0.037756  0.0131134  0.0440245  -0.00700978  0.0582971  -0.0190553 
158 0.00610297 1.25232 0.135227 0.108623 -0.00340241  -0.0546115  -0.0606639  0.0544068  -0.0224023  -0.0018255  -0.0752842  0.0481184  -0.00836314  -0.00969721 
159 0.00160759 0.778402 0.0423046 0.0798508 0.00326615  0.0210559  0.00806304  -0.0155007  0.0145055  0.0093038  0.00147627  -0.0264461  0.00282273  -0.00488477 
161 0.000885466 1.19439 0.0495781 0.0810085 -0.00204835  -0.0144946  0.0160693  0.0260867  -0.00106233  -0.011705  0.00567945  -0.000389432  -0.0322527  0.00970468 
162 0.00227867 0.57654 0.0264457 0.0831537 0.015014  -0.00591495  -0.0108693  0.00576095  0.00918203  -0.00820309  0.00485454  -0.0100049  -0.00347482  0.000547933 
167 0.000733075 0.545004 0.011497 0.11101 0.00416372  0.000183717  -0.00353662  -0.00223411  -0.00707811  0.000930816  -0.00449999  -0.00282915  -0.00269239  0.00329297 
170 0.00347932 1.88362 0.138502 0.135467 0.0777148  -0.00544842  0.059664  -0.0371016  0.0239987  0.0334121  0.0694583  0.0143459  -0.0362396  0.0118862 
171 0.0016386 1.20809 0.068088 0.126402 0.0124271  0.0115583  -0.0336404  -0.0126989  -0.0131931  0.0451097  0.000687525  -0.00668403  0.0276259  -0.00614248 
174 0.00507484 0.759387 0.0725357 0.134509 0.029318  0.0360952  0.00787199  0.00555755  -0.0142306  -0.0191717  -0.0319519  -0.023334  -0.0126591  0.0266541 
175 0.00225321 0.79657 0.0516873 0.118723 0.00802114  -0.00779507  -0.0399443  0.00750185  0.000384833  -0.0123121  0.00519108  -0.0220053  0.000371303  0.0152184 
177 0.00325589 1.31803 0.10309 0.119385 0.0310707  -0.0596174  0.0107253  0.0576671  0.022812  -0.0174755  0.00225528  0.0153927  0.0182587  0.0355844 
179 0.00289681 2.24461 0.141913 0.113874 0.063079  0.0850258  -0.0133417  -0.0518482  -0.0447186  0.0181816  -0.0452562  -0.00801969  0.0241547  -0.0322269 
180 0.00332392 0.642934 0.0436154 0.100478 -0.0216559  -0.0243556  -0.0114586  0.0101564  0.00215733  -0.00749833  0.0121616  0.019329  0.00319576  -0.00361459 
182 -3.14676e-05 0.394837 0.00363836 0.0910262 -0.0010033  -0.000275289  -0.000441876  -0.00247247  -0.000233305  -0.000914633  -0.00131755  -0.00112786  -0.000853042  -0.00110464 
185 0.00261102 0.612347 0.0342791 0.110182 0.0166654  0.00045986  -0.0031583  0.00666449  0.0155842  -0.00918351  0.018673  -0.00909697  -0.00233784  0.00886625 
186 -0.000586499 -3.41262 0.0957671 0.104275 -0.0180783  -0.0355236  0.030771  -0.0324589  -0.00233782  -0.026516  -0.0348165  -0.00176768  -0.0224843  -0.0561493 
188 0.00164185 0.572687 0.0218699 0.124358 0.0108387  -0.00369562  0.00289313  -0.00820016  -0.00386038  -0.000961512  0.00960536  0.0104739  -0.00241532  -0.00692223 
189 0.00176019 0.586839 0.0247461 0.126136 0.00809035  0.0118819  -0.00946853  0.000595973  0.0138927  -0.000907077  0.0104866  0.00204352  -0.0024689  -0.00128878 
190 0.000289181 0.829717 0.0195284 0.127575 0.00342947  -0.00542144  0.00144784  -0.0061863  -0.00195919  0.0117339  -0.00865316  0.00366692  0.00740757  -0.0038888 
191 0.00489509 2.14982 0.179187 0.135062 0.086121  -0.0625755  -0.0140948  0.0990356  -0.0208758  -0.0446788  0.00367886  -0.0426045  0.0803948  -0.00668864 
194 0.00532521 0.838391 0.0848323 0.127111 -0.0164831  -0.00748644  0.0188611  -0.0374722  0.0323298  0.0328705  -0.000672884  0.0312949  -0.044484  0.00495432 
200 0.00199122 1.25053 0.0772624 0.154343 0.000916968  0.0630969  3.17799e-05  0.00467701  0.00884067  -0.0205054  0.00865953  0.0303069  0.0210508  0.00550286 
202 0.00773912 0.741864 0.0864937 0.157088 0.0357413  0.0411442  -0.00924957  -0.0205935  -0.0197962  0.0546473  -0.00528416  0.00465346  -0.023736  0.00316766 
203 0.00210883 1.07135 0.0693815 0.130259 0.0024222  -0.0100989  0.0162824  -0.0133564  0.0188148  -0.0215583  -0.0103999  -0.0537218  -0.0191507  0.00909554 
205 0.00079821 0.522691 0.00852866 0.121904 0.00413227  -0.00146528  0.00224519  0.000389516  -0.00221764  -0.000951915  0.00285219  -0.00322303  -0.00439709  -0.00215439 
206 0.00488043 0.716414 0.0649932 0.118587 0.0454906  -0.00483178  -0.00286868  0.0242938  0.0257235  -0.0165259  0.00192939  -0.0234353  -0.000655616  -0.00669226 
207 -1.26668e-05 0.49855 0.000271244 0.0958866 -4.64347e-06  1.32631e-05  -0.000205375  2.2229e-05  6.09573e-06  2.36901e-05  6.08845e-05  -0.00015362  3.09554e-05  -4.28936e-05 
208 0.000492806 5.394 0.0981494 0.0959526 0.0477231  -0.0270323  -0.00451627  0.0295515  -0.00358846  0.0403693  -0.01929  0.0111922  0.0593364  -0.00840454 
209 0.00318918 0.601688 0.0360555 0.09335 -0.00723112  -0.00657224  -0.00350257  -0.0039501  -0.0247281  -0.00144846  -0.0019679  0.0202005  -0.00804166  0.00929888 
211 5.12914e-05 24.467 0.0701003 0.0743647 -0.000658378  -0.0229822  -0.01163  -0.0281225  0.0303552  -0.0214759  0.0111996  0.00626358  -0.0376679  -0.0222063 
212 0.000606244 0.513195 0.00567192 0.0740191 0.00137086  0.00188845  -0.000175579  0.00244563  -0.00252684  0.000757543  0.00205971  -0.000750443  0.000473764  0.00295371 
214 0.00245027 0.704093 0.0447256 0.0698052 0.0120222  0.0145101  -0.0137021  0.0107612  -0.0118415  0.0016309  0.0232897  0.00293934  -0.00151589  0.0254071 
216 0.000172862 0.98812 0.0183707 0.0492493 -0.00216125  0.00385103  0.0074399  -0.0026471  0.00732049  -0.00288771  -0.0106052  -0.000550963  0.00524556  0.0073078 
217 0.000147809 6.38004 0.0589469 0.047462 0.0117222  0.0182563  0.0365415  0.0187358  -0.0256345  -0.00662732  0.0202724  -0.00200085  -0.0078063  0.0118644 
218 0.000456607 1.31092 0.0384782 0.0458786 -0.0191859  0.0163339  -0.0189012  -0.0102053  -0.00826165  -0.00427215  -0.0145092  0.00224827  0.00550276  -0.00720498 
221 -0.000119841 0.479391 0.00314436 0.0405998 -4.58086e-05  0.00168828  -0.00158214  0.000238343  -0.00203694  -0.000447165  0.000126036  -0.000231638  0.000165378  0.000169206 
223 -0.000132073 0.0928246 0.0146671 0.0420499 0.00485214  0.00530738  0.00815448  -0.00320073  9.48785e-05  -0.005574  0.00194498  -0.00344341  0.00463679  -0.00429594 
225 -0.000250154 -1.03649 0.0392093 0.0435921 -0.0071473  -0.0289731  -0.00553593  0.0119553  -0.000381978  0.00337604  -0.00942451  0.00146283  -0.0169898  -0.00906124 
228 4.9369e-05 1.68642 0.0153061 0.046373 0.0101417  -0.00237293  0.00331891  0.00443388  -0.00110358  -0.00214227  -0.00318479  -0.00162437  0.00395368  0.0078037 
230 1.08592e-05 2.35408 0.00897407 0.0458377 -0.00149956  0.00246747  -0.00299761  0.000213995  0.00652296  -0.00163869  0.00183905  -0.00160184  0.00271888  0.00214262 
236 -0.000235468 0.131778 0.0186245 0.0457191 -0.00182567  -0.0140574  -0.00322271  -0.00161404  9.95242e-05  0.0039768  -0.00851706  -0.00134808  0.00528514  0.00384994 
237 0.000413897 0.533824 0.00748819 0.0482258 0.000983304  0.000135722  0.00022401  -0.00524559  0.00214097  0.00385209  0.00211322  -0.00146786  0.00072526  -0.000976067 
238 1.77785e-05 1.85811 0.00982747 0.0437255 -0.00271662  -0.00239545  0.000822509  -8.30209e-05  0.00105368  -0.00176391  0.00372378  0.00363738  -0.00513527  0.00500877 
242 -8.84346e-05 -0.844969 0.021812 0.0435217 -0.00269373  -0.0062208  -0.00504703  -0.00637932  -0.0121106  0.00691961  -0.00329353  0.00684115  -0.00616257  -0.00857137 
246 0.00101346 0.63064 0.0230174 0.0445261 -0.00238896  0.00247949  -0.000630556  -0.0138422  0.00257039  -0.0114411  0.011139  0.000727629  0.00776981  0.0018605 
247 3.23665e-05 2.03164 0.0140815 0.0311389 0.00426649  0.00441501  -0.00638942  0.00102432  0.00316706  0.00343826  -0.00702631  0.00186645  0.00624003  -0.00225298 
248 0.000239388 0.588188 0.00919033 0.0306148 0.00313667  -4.51569e-05  0.00593898  -0.00244616  0.00392536  0.00282762  -0.00118124  0.0014877  0.00225295  0.00113045 
249 -4.3912e-05 0.267653 0.0063885 0.026418 -0.00149532  0.000298878  0.0015368  -0.000736796  0.00179028  -0.000299437  0.000540572  -0.00534493  -0.00160919  0.000915579 
