generation s h r distopt trait[0] trait[1] trait[2] trait[3] trait[4] trait[5] trait[6] trait[7] trait[8] trait[9] 
3 -0.000206474 -0.0734698 0.0217639 0.02 0.00667932  -0.00728515  -0.014824  0.000823689  0.00423741  0.00399436  0.000653446  0.000379202  0.00965356  0.00527996 
4 3.06502e-06 34.4678 0.0204065 0.0311915 -0.000608352  -0.00490419  0.00982789  -0.010873  -0.00167024  -0.00788704  -0.00696757  -0.00188847  -0.00228472  -0.00740711 
5 0.000437289 1.0617 0.0313409 0.03935 0.0167725  -0.0007543  0.00102961  0.0180334  0.0110917  -0.00327641  -0.00923904  -0.00696896  -0.00816064  0.0063105 
8 0.0013442 0.642682 0.0277036 0.0551419 0.0178533  0.00156558  -0.0126643  -0.00399482  -0.0034952  -0.00624745  0.0117426  0.00198559  -0.00795249  -0.00369241 
10 0.000605064 0.663126 0.0198708 0.0571791 0.00515479  0.00660146  0.00834667  0.00165074  -0.0048475  -0.00980622  0.000542353  0.00466835  0.0102335  0.00241536 
15 0.00216423 0.605622 0.030259 0.0978745 0.018184  -0.00427286  0.00843796  -0.00218366  -0.00838721  -0.0134088  -0.000439854  0.00309016  0.00739736  -0.013271 
16 2.95041e-05 0.511961 0.0011883 0.0950622 0.000222301  -0.000470157  -0.000670835  2.5174e-05  6.75111e-06  -2.80427e-05  -0.000682573  0.000310225  -0.000318629  0.000162586 
17 0.00168582 0.589646 0.0246042 0.10403 0.00644385  0.0114213  0.0102917  0.00423877  -0.00709558  0.00696382  0.00354057  0.0022054  -0.00720427  0.0118899 
18 0.00117967 0.735441 0.0333295 0.104994 0.00643947  -0.0213398  -0.0154285  -0.00532443  -0.0102876  0.0120848  -0.0044219  -0.00261684  0.00104897  -0.00826078 
20 0.00426802 0.815116 0.0733055 0.118149 0.0324231  0.0409587  -0.022224  -0.0141922  -0.00604326  0.0287444  0.0170928  0.0273126  0.0057844  0.00389044 
21 0.00171383 0.916464 0.0534135 0.106812 0.0252626  0.0171185  0.0134279  0.0125304  -0.0142356  0.0256304  0.00498562  -0.0183688  0.00102634  0.0190145 
22 0.0047288 0.867049 0.0832559 0.105356 0.0407243  -0.02362  -0.0151044  0.0219819  -0.000337621  -0.0203844  -0.0559112  -0.000981156  -0.012784  -0.0172551 
23 0.00164946 0.525551 0.0130307 0.0846835 0.00306059  -0.00167154  0.00412145  -0.00443291  0.00659101  -0.00107863  0.00637151  -0.000839065  -0.00583519  0.00102245 
25 0.000683125 0.835438 0.0302721 0.0870559 0.000884857  -0.0116758  0.00385522  -0.0117117  0.0111736  0.0135319  0.00650775  -0.00308241  -0.0149078  -0.00672381 
27 0.00176305 0.861487 0.0504755 0.0985696 0.024015  -0.0235659  -0.0116855  0.0120093  -0.00935906  -0.0218787  -0.00160291  -0.00312363  0.0108885  -0.020923 
28 0.00112962 0.724389 0.0318408 0.0958344 0.021702  0.00622637  -0.00332314  0.000810163  0.00305937  0.0137829  -0.016678  -0.000925016  0.00361409  0.000994462 
29 0.00330776 0.953878 0.077436 0.0951367 0.0390821  0.0174606  0.0386856  -0.0416663  0.0087464  -0.00546989  -0.0107566  0.0042194  0.025832  -0.00491763 
30 0.00174611 0.885808 0.0518933 0.0785033 0.0242901  0.0044607  -0.000344402  0.007235  -0.0013672  0.00062178  0.0167693  0.0259911  0.014488  0.0293538 
32 -0.000220604 -7.85935 0.0858514 0.0698194 0.00156356  0.0101801  -0.0401434  0.0288174  0.0451046  0.0241201  0.0283971  -0.0102625  -0.034192  0.0111998 
35 -0.000418518 -1.37311 0.0559931 0.0847727 0.0089684  -0.0239725  0.020529  -0.0147725  0.022382  0.00376892  0.00696246  -0.0127341  0.0217324  0.0253449 
37 0.000981305 0.626831 0.0223169 0.098185 0.00636688  0.00826537  -0.00263489  -0.00450019  -0.000513882  -0.0107581  -0.0152896  -0.000242936  -0.000606357  0.00343486 
38 0.00242289 0.653092 0.03853 0.0992461 0.00229121  0.0118271  -0.00107022  -0.000992708  -0.0209687  -0.0101639  -0.00344017  -0.00417812  0.0155231  -0.0228921 
39 0.00332336 0.769316 0.0598173 0.0936713 0.0436042  -0.0196973  -0.018517  0.0176384  0.00282241  0.00903434  -0.00577312  0.00429797  -0.0221633  -0.00148608 
41 0.000397102 0.528147 0.00669165 0.0836735 0.00173545  0.000368936  -9.56679e-05  -0.00370595  -0.00370848  0.0012053  0.000242211  0.00191071  -0.000500597  -0.00295321 
44 0.00454234 0.961091 0.0914347 0.101574 0.0607729  -0.0211134  0.0109148  -0.0364913  0.00486009  -0.0426749  -0.0114453  -0.0198488  -0.0151046  0.0131356 
50 0.00042165 0.951659 0.0275975 0.106389 0.0118377  -0.010302  0.00551571  -0.0105211  0.0113343  -0.00899001  0.00869802  0.00838735  0.00154261  -0.00407126 
52 0.00313195 0.913557 0.0719333 0.117762 0.0526324  0.00108211  -0.00199658  0.0166826  0.0157946  -0.0108357  0.0179347  -0.0199273  -0.0015633  0.0321354 
53 0.000185766 33.2185 0.15568 0.107116 0.0435184  0.0368087  0.0173206  0.001743  -0.0614369  0.00298768  0.0817435  -0.019897  -0.0395194  -0.0908919 
54 0.00224442 0.677932 0.0399727 0.106539 0.0158117  -0.00347343  -0.0209902  0.00186579  0.0113423  0.0040565  0.0014643  0.0216524  0.0144888  0.0081039 
55 -0.00018725 0.491325 0.00255254 0.0951567 0.000118861  0.0011909  -0.00183619  0.000810507  -0.000424493  0.000335458  0.000485939  -0.00033788  -0.000594836  -0.000240241 
58 0.000880697 1.2251 0.0505254 0.101359 -0.00943601  0.00468385  0.00309703  0.0319799  -0.0265171  -0.01682  -0.0159105  -0.000348448  0.00127118  0.0129839 
60 0.00308423 1.29472 0.0989046 0.107044 0.0164118  0.00833869  -0.0331319  -0.018442  0.020922  0.0478462  -0.0502935  -0.00951899  0.00911568  0.0507472 
63 0.00268903 1.14049 0.0829317 0.109508 0.0224085  0.00923974  0.0527942  -0.0115828  0.0143716  0.0162411  0.0415518  0.00415015  0.0317031  0.0122305 
64 0.00320302 0.795627 0.0615213 0.102287 0.0302696  -0.0186832  0.0118712  -0.0108328  -0.00414723  -0.013986  -0.00219964  0.0444123  -0.00195499  0.00820751 
67 0.00574663 1.16365 0.123284 0.100584 0.0679201  -0.0146546  0.0246815  0.0138  0.0100705  -0.00652951  -0.0578889  0.0289555  -0.0152563  -0.070746 
74 -1.10304e-05 0.175474 0.00378401 0.0923768 -0.000139019  -0.00135648  0.00122987  0.00228356  0.000913532  -0.000108499  -0.00147895  -0.00106469  0.00103503  0.000702617 
75 0.000892256 1.37532 0.0558733 0.0996978 0.0335416  -0.0237544  -0.0115902  0.00834267  0.0123923  -0.00859989  0.00621216  0.00120035  0.0144979  -0.0274014 
77 0.00270083 0.658115 0.0413417 0.10534 0.000381571  -0.00597892  -0.0158966  -0.00132153  -0.00298609  -0.00755601  0.00938321  -0.0130161  -0.0204789  0.0259989 
79 0.00315637 1.03449 0.082078 0.105984 0.0370465  0.0532559  -0.0151724  -0.0101868  0.00822238  -0.000298054  -0.0447753  0.00654231  -0.00729522  0.00506329 
80 0.00261289 1.85123 0.11867 0.095168 0.0234716  -0.0324523  0.0292552  -0.0173725  -0.0914855  0.0300935  0.0334284  -0.0292214  0.00579554  0.00638505 
81 0.000127884 2.36655 0.0308973 0.0845801 0.0119742  0.00404057  -0.0171939  0.00309022  -0.00448773  -0.00579187  -0.00149886  0.0133286  0.00159872  -0.0159253 
83 0.00128828 1.85563 0.0835224 0.092518 0.0103133  0.0319169  -0.0506504  0.0237799  0.0435068  -0.00541436  -0.0233848  -0.00234145  -0.0143619  0.00626455 
85 0.00118823 0.874671 0.0421905 0.0958816 -0.0129768  -0.00916369  0.0226875  0.00738888  0.00582327  -0.0140682  -0.000901231  -0.00657557  0.0260171  -0.00236357 
88 0.00110549 2.30892 0.0893709 0.114743 0.0144466  -0.0136229  0.0099184  -0.0278483  0.0120415  -0.00112008  0.0776973  0.0017708  0.0212226  -0.00907178 
89 0.00222535 0.583516 0.0272945 0.117866 0.00962244  -0.01228  0.00169379  -0.000679223  -0.00240232  -0.0144955  -0.0090529  -0.012106  0.000960637  0.00727628 
91 0.00450688 1.04247 0.0987705 0.124687 0.0531152  0.0104293  0.0122859  -0.00335715  0.0248134  0.0454646  -0.00242493  0.0402793  0.0262291  0.0407971 
92 0.00490718 0.739618 0.0685647 0.110574 0.0216435  0.0244182  -0.00413535  -0.00464012  -0.0243531  -0.0209846  -0.0466965  -0.0120104  0.00190071  -0.0153602 
93 0.000159679 2.13662 0.0323284 0.090967 0.0120392  0.0188321  0.000301696  0.0156116  0.00118773  0.0152187  -0.00120393  0.00373676  0.00249401  0.00686079 
94 0.00108599 2.72189 0.0981607 0.0949636 0.0279747  -0.0183993  -0.0201531  -0.0160046  -0.0504927  0.0306407  0.0236862  -0.0225892  -0.0569059  0.00735899 
96 0.000975649 2.60895 0.0906554 0.0960169 0.0467972  0.0459543  -0.00176202  0.0184485  0.00991711  -0.0256637  -0.0344379  -0.0213128  0.0309312  -0.0148077 
97 -0.000208611 0.437313 0.00723432 0.0908372 -0.000604775  0.00182905  0.000804654  0.00286626  0.00297156  -0.000347279  -0.00120888  -0.00070429  0.00471457  -0.00257408 
98 0.000292739 2.96992 0.0537656 0.0931636 0.00462382  -0.0225882  0.00748759  0.0089656  -0.00678  0.0284658  0.0279541  -0.0126879  0.00167235  0.0205233 
99 0.0012318 0.712279 0.0323406 0.0933472 -0.00412973  -0.0202552  0.00342641  -0.0158749  0.0139414  0.00541313  -0.000861743  -0.00594801  -0.00928654  0.00296836 
101 4.89953e-05 0.50949 0.00136417 0.0943491 0.000334436  0.000799401  0.000680744  2.44886e-05  -0.000124291  -0.000135216  -6.77985e-06  0.000504183  -0.000274331  0.000531819 
104 0.00111564 0.606321 0.0217898 0.11163 0.00517113  -0.00582237  0.00229353  -0.00299253  0.000438397  0.0064533  0.00822466  0.00155119  -0.0116025  -0.0123867 
105 0.00346936 0.700564 0.0527592 0.113339 -0.00328787  -0.0153745  0.00743205  -0.00150415  0.0193074  -0.0445689  0.00678938  0.000292695  0.00741156  0.00430989 
108 0.00443584 0.562062 0.0332926 0.123604 0.0138431  -0.00254355  0.0055054  0.0233598  0.00291856  -0.00588972  0.00274079  0.00313356  -0.015508  -0.00576797 
109 0.00170492 0.641624 0.0310861 0.113755 0.0134206  -0.00880518  -0.00628141  0.0116731  0.00121513  -6.2409e-05  -0.00426683  -0.0147885  -0.0164736  -0.00481912 
110 0.000676746 1.09635 0.0401704 0.115138 0.00971278  0.00634665  0.0204807  0.00168547  -0.0122313  0.0160656  -0.0110318  0.00349862  -0.000702673  0.0226848 
114 0.0038696 0.671979 0.0516081 0.147928 0.0284006  -0.011167  0.0147149  -0.00513492  0.00184742  -0.0190564  0.0216243  -0.0210828  -0.0131912  0.006045 
115 0.00178756 2.46131 0.118273 0.142402 0.0458153  -0.0176616  0.0489729  -0.0446815  -0.0373929  -0.0465124  -0.00691385  0.0562623  0.0144518  -0.0141057 
116 0.00934182 0.675782 0.0810917 0.141541 0.00708529  0.0117662  -0.0633309  0.0285217  0.00497111  0.0164246  0.011396  0.0099227  0.031783  -0.00547391 
119 0.000664001 1.74469 0.0574775 0.12702 0.00124198  0.0101559  0.0166397  0.0114216  0.0182319  -0.00358154  -0.0224809  0.0193695  0.00154547  -0.0395407 
120 -0.000708728 -14.3803 0.204886 0.132835 0.15698  -0.0592288  -0.0072314  0.0402497  -0.018092  -0.0166902  -0.0236802  -0.0394619  -0.08069  0.0540426 
121 0.00368971 0.831811 0.0699423 0.132625 -0.0316195  0.0437273  -0.0111528  -0.0223057  0.0126754  -0.000809515  0.00198383  -0.0175161  -0.0297501  -0.000992943 
125 0.00261456 0.530392 0.0179116 0.124003 0.00865815  0.00351142  0.0081155  -0.00471676  0.00627203  0.00195286  0.000221065  -0.00156321  0.00566427  -0.00822754 
126 0.00174343 0.610793 0.0278103 0.116018 -0.00892451  -0.00131467  0.00466239  -0.000474253  -0.00447428  0.0114784  0.000651751  -0.010408  0.0169251  -0.0110946 
127 -1.11374e-05 -0.285893 0.00591704 0.113098 -0.000896711  -0.000773033  -0.00312529  0.00195114  0.00234817  0.000285967  0.00297436  -0.000614522  -0.000721651  0.00216665 
129 0.00401562 1.10987 0.0988562 0.124836 0.0544287  0.0279892  0.0391561  -0.00192869  -0.00277001  0.046777  0.0296509  0.0310455  -0.00910326  -0.0191861 
132 0.00462444 0.590643 0.0410258 0.118251 0.0267455  -0.00415485  -0.0186488  -0.00526844  0.0041054  0.000571471  -0.020805  0.0111109  0.000432757  -0.00115304 
133 0.00375927 0.578321 0.0343858 0.100184 0.0158861  -0.00310861  -0.00878979  0.00347177  0.0124938  -0.00231032  0.00376364  0.015125  0.0176826  -0.0106769 
136 -8.42634e-05 0.30029 0.00820479 0.0923771 -0.00216139  -0.00128618  -0.00130049  -0.00178485  0.0040443  -0.00283638  0.000461254  0.00335735  -0.0012255  0.00432759 
137 0.0010186 0.833551 0.0368594 0.0990488 0.0116994  0.0141163  -0.0182649  -0.00463902  0.00160587  -0.00842727  -0.0178181  0.0139806  0.00131919  -0.00889169 
138 0.00406453 0.611907 0.0427026 0.0997571 0.0158071  0.0112564  -0.0119128  -0.00297924  0.0154935  0.0142272  0.0189378  -0.0200211  0.00904655  0.00351745 
140 -0.000418202 -0.258372 0.0356197 0.0904471 0.00968798  0.0110706  0.018259  -0.0115896  -0.0214149  -0.00446414  0.000240362  5.22601e-05  -0.00857006  0.00571006 
142 1.95935e-06 0.500044 1.87189e-05 0.106287 2.63651e-06  -6.43377e-06  -1.5672e-05  7.81013e-07  -6.89917e-07  1.06405e-06  -1.00004e-07  -6.06587e-06  3.72815e-06  1.87565e-06 
145 0.00291041 0.674115 0.0450305 0.129776 0.0210478  0.0152887  -0.00544071  -0.0161068  -0.00150747  0.00618618  0.0259517  0.00221794  0.0102107  0.0154516 
146 0.00203804 0.559689 0.0220939 0.125553 0.0085665  0.00046473  -0.00279386  0.0108015  -0.00818189  -0.00427049  -0.0137311  -0.00176789  -0.00359706  -0.000523861 
147 0.00339907 0.874432 0.0713076 0.124837 0.0480892  -0.000269859  -0.0192463  -0.0145581  -0.0214218  -0.0113029  -0.0188155  0.0214531  0.00162891  -0.0280396 
149 0.00312032 0.638661 0.0416228 0.12075 0.014388  -0.021119  0.0204942  0.00371859  -0.00445821  -0.0233243  0.000124006  -0.00892618  -0.00129944  0.000555405 
151 0.00287695 0.597226 0.0334847 0.118657 -0.00242508  -0.0172055  0.00461128  0.00544812  0.00885239  0.0152028  0.00374795  -0.0111546  0.0163752  -0.00722914 
152 0.000527571 1.90452 0.0544261 0.113412 0.00548569  -0.00340655  -0.00661442  -0.0354996  0.0184708  0.0205862  0.006034  -0.0111339  0.0258458  -0.00481546 
153 0.00181663 0.575554 0.0234548 0.118662 0.00526981  -0.00676697  -0.00360032  0.00152628  0.00454372  -0.0165439  -0.00985534  -0.00734298  -0.0030807  0.00252725 
154 0.00477066 0.942069 0.091751 0.118769 0.0460159  0.0049288  -0.00717252  0.0212417  0.0615373  -0.00958971  -0.0128169  0.0413513  -0.00345717  -0.00298007 
155 0.00225729 1.56165 0.0978065 0.102308 0.0613881  -0.0319113  -0.0154324  0.0228665  -0.0201353  -0.0407767  0.00236734  -0.0201426  0.0379573  -0.00989873 
157 0.00163887 0.641538 0.0304684 0.0927206 -0.00779009  0.00224714  0.00369078  0.00500963  -0.00944515  0.00562236  0.0120463  -0.00630905  -0.0226222  -0.00252323 
159 0.00261053 0.798879 0.0558485 0.0919566 0.0105049  0.00920529  0.0015168  -0.0214638  0.0244964  0.0349847  -0.00936516  -0.0194243  0.00591108  0.0117055 
164 0.000449556 0.519717 0.00596222 0.109725 0.00339263  0.000175784  0.00391268  0.000217986  0.000332256  -0.000123054  -0.00022519  -0.00185902  7.77779e-05  -0.00223885 
165 0.00295349 0.585042 0.03174 0.115587 0.0186001  0.019955  0.00382022  0.000620248  0.0101471  -0.00402747  0.000819135  -0.0102834  -0.00230105  0.00416942 
166 0.00144564 0.650246 0.029481 0.109587 0.00618306  0.00599471  -0.0037777  0.0205929  0.0015915  0.00395041  0.00877909  0.0154331  -0.000983749  -0.00471854 
167 0.00146961 1.53905 0.0781023 0.110632 0.0169096  0.00655549  -0.0287785  0.0214953  -0.0379391  -0.0334268  -0.0240837  0.0123632  -0.0256348  0.0231099 
169 0.00103305 0.516406 0.00826367 0.118506 0.00299521  -0.00490138  0.00246823  0.00336022  5.7837e-05  0.00123909  0.00323491  -0.00183606  0.00148829  -0.000566244 
170 0.00123721 0.8671 0.0426139 0.122015 0.0121599  0.0140969  0.00708595  0.0270691  0.00744316  0.00258763  0.0061638  -0.0209108  0.00412306  0.0114918 
172 0.00195949 2.71246 0.131486 0.132355 0.0657024  -0.0383791  0.0729288  0.0270952  -0.00114677  0.00963294  0.0549636  0.0303421  -0.0237831  -0.0290649 
173 0.00148563 1.13289 0.0612985 0.128373 0.0167201  0.00716167  0.00639442  0.016025  0.0149603  -0.00337693  -0.0387869  -0.00637421  0.0227049  0.0288649 
174 0.00174183 0.602302 0.0267133 0.125618 0.00265599  -0.0136667  -0.00807891  -0.000405948  -0.00739445  0.0144857  -0.00936427  -0.0100121  -0.000789716  0.00112404 
175 0.00540673 1.0333 0.107241 0.122357 -0.00937577  0.0158604  -0.025997  -0.0918018  0.0219371  -0.00727201  0.0213667  -0.00214604  -0.0320243  -0.00607548 
178 0.000249303 0.533808 0.00580866 0.118899 0.000927178  -0.00158298  -0.00381831  -0.000556518  -0.000327294  -0.00107842  -0.000394173  -0.000467642  -0.000760432  0.0036419 
179 0.000856107 0.85506 0.0348646 0.125652 0.00157297  0.00223869  -0.0153167  0.0152994  -0.00477993  -0.0161721  -0.016307  -0.000494426  0.0136473  0.00160803 
180 0.00649861 0.549013 0.0359264 0.130391 0.0233984  -0.000721253  -0.000149957  -0.0115787  -0.0047869  0.0131927  -0.00212966  0.0129133  0.0142123  -0.00619453 
181 0.00367915 0.84549 0.0712644 0.11102 0.0195557  0.0143819  -0.0016639  0.0449247  -0.0267249  0.0245565  -0.00916947  -0.00357017  0.0274577  0.0173312 
182 0.00452047 0.701902 0.0604239 0.101308 0.0201172  0.00110597  -0.000475574  -0.0395537  -0.0157302  0.0164953  0.0111459  0.00727341  -0.00861634  -0.0301577 
183 0.00254027 0.867015 0.0610411 0.0846218 0.0238728  -0.00188942  0.0106724  -0.0156532  0.0171832  -0.0160635  -0.0238122  -0.0121921  0.0288671  0.0262932 
186 -2.20783e-05 0.475057 0.00148428 0.0928165 0.000182553  0.0011609  0.000421825  -0.000181322  2.50871e-05  0.000346985  -5.27972e-05  -0.000101363  0.000595414  -0.000350222 
191 0.00231303 0.620549 0.033415 0.138818 0.0157127  0.00622445  -0.00472126  0.0136653  0.0101692  -0.0136982  -0.00251752  -0.013491  0.0108391  -0.00500144 
192 0.000904663 0.527695 0.0100289 0.139186 0.00411285  -0.0001649  0.00421868  -0.000828687  -0.00153445  -0.000373423  0.00105033  -0.00776303  0.000545916  0.000996339 
195 0.00452679 0.67045 0.0555734 0.163276 0.0347335  0.00146601  0.00873391  0.0184814  -0.00117851  -0.0283062  -0.000601624  -0.0048094  0.0212457  0.0135829 
197 0.000865133 3.30875 0.0985098 0.164965 0.0120134  -0.0243838  -0.0687739  -0.0258733  0.0317809  -0.0093953  -0.00431016  0.0154817  -0.0393992  -0.0256351 
198 0.00206745 0.813311 0.0508885 0.170129 0.0180917  -0.00183363  -0.00556632  -0.0136666  -0.00237251  0.00834432  0.00362318  0.0130387  0.0403517  0.0124319 
199 0.00619389 0.676318 0.066118 0.171208 0.0196635  0.00639786  0.0121168  -0.00868894  -0.0107591  -0.0291048  0.0226457  -0.0209993  -0.0359859  -0.0225844 
200 0.00732689 0.789437 0.0920296 0.159303 -0.00136373  0.0189128  0.00159831  0.0209522  -0.0145892  0.0581301  0.00917402  0.0369222  -0.0183971  0.0478596 
203 0.00199709 1.62598 0.0947503 0.143335 0.0576098  -0.0221082  -0.00220675  0.0272626  0.00885024  -0.05253  -0.013387  0.0358661  -0.00763765  0.00775883 
204 0.00288927 1.14142 0.0860211 0.136197 -0.0221614  0.00585455  0.00885288  -0.045201  -0.0323251  0.0308818  0.00723852  -0.0423395  -0.0195683  0.0229387 
206 0.00417831 0.5275 0.0216176 0.125158 0.014024  -0.00408509  0.0128824  -0.000117801  0.00219752  0.00435531  -0.00380377  -0.00187049  0.00426099  -0.00529829 
207 0.00587962 0.690345 0.0669194 0.107215 0.0286467  0.00728773  -0.0079451  0.0288455  -0.00159139  0.032625  -0.0240113  -0.000638834  0.00734915  -0.0318024 
208 0.00180718 0.628105 0.0304421 0.0750505 0.00184424  0.00687144  0.0160599  -0.0113133  -0.00395936  0.00262088  0.0142403  -0.0135625  0.00224574  0.0087106 
210 0.000645561 0.828078 0.0291037 0.0618629 0.0128893  -0.00481834  0.00845771  0.00781916  -0.00483812  0.00752335  0.00767485  0.00926435  -0.0168451  0.00406245 
211 0.00026092 0.585275 0.00943509 0.0564063 0.00107199  0.00228444  -0.00142279  0.00128323  -0.00119778  -0.000343505  0.00627294  -0.00589076  0.00143786  0.00114503 
212 -0.000940179 -0.956272 0.0739993 0.0540443 0.0351995  -0.0283266  0.0104873  -0.00550025  -0.00559454  0.00973392  -0.0326572  -0.0100642  0.0444757  -0.00472547 
216 0.000337085 1.75586 0.041143 0.0621402 0.000111024  0.0230818  -0.0014751  0.0103944  -0.00134933  0.0256284  0.0161487  0.00827859  0.000418357  -0.00784964 
218 0.000470266 1.16476 0.0353565 0.0593664 -0.00878105  -0.00432306  0.008796  0.00505041  -0.0125401  -0.00517132  0.0105064  -0.015279  -0.0153875  -0.0169353 
220 0.000217046 0.710809 0.0135285 0.055265 -0.00803671  -0.0025701  0.00186755  -0.00152592  0.00343827  -0.00412804  0.00343563  -0.000795654  0.00223108  -0.00772876 
221 3.21751e-05 1.789 0.0128798 0.0532653 0.000479213  -0.00797534  0.00327143  -0.00410982  1.68859e-05  0.000828011  0.00686266  0.00204637  -0.00412754  0.00233552 
224 0.000954837 0.733647 0.0298716 0.0529625 0.00173054  -0.00181764  0.0118135  -0.00157064  0.0138132  -0.0161167  0.0023964  0.001885  -0.0149151  0.00785332 
225 -0.00011855 0.114888 0.0135142 0.0430191 -0.00178864  0.00639768  0.00254023  0.00308383  0.00301912  -0.00487532  -0.00238298  0.000431161  -0.00882173  0.00244333 
227 -8.40132e-07 -0.877526 0.00215156 0.0443756 -0.000221119  -7.9946e-05  -0.000519622  0.000318801  -3.94803e-05  -0.00074444  0.000356053  -0.00142618  -0.000315168  -0.00117747 
228 6.82198e-05 0.875668 0.0101247 0.0443851 -0.00372062  0.00424367  0.00015456  0.00270511  -0.00252351  0.000190418  0.00108864  0.00516908  0.00457159  -0.00284746 
229 0.000418278 0.755159 0.0206612 0.0436099 0.00692532  0.0167101  -0.00237025  -0.00130242  -8.175e-05  -0.00551515  -0.00203556  0.00508007  -0.000867823  0.00559071 
231 -3.25877e-05 -3.08373 0.021613 0.0385179 -0.0103825  0.000685096  -0.00982676  -0.00313399  -0.00425713  0.00211982  0.0109434  -0.00916722  0.00449289  -0.00242322 
232 0.000119464 1.15781 0.0177289 0.0389386 -0.00020373  0.000365235  -0.0040409  0.00408544  0.00990534  -0.00229795  -0.0025381  0.00398033  -0.00433224  -0.0116906 
233 -0.000118248 0.427917 0.00583981 0.0373733 -0.000760744  0.00348003  -0.00319638  0.000586175  -0.000702605  -0.00048947  0.00274273  0.0010489  0.000138486  -0.00121593 
235 -0.000316197 0.145498 0.021177 0.0389232 0.00865814  -0.00525691  0.0013239  -0.0089477  -0.00320514  0.00290792  -0.000152282  0.0021377  -0.0144995  -0.00552226 
239 0.000694892 1.2066 0.0443072 0.0427933 0.0198385  -0.0221557  -0.0117934  0.00631273  0.019144  -0.00573785  0.00272704  0.0165919  0.0127617  0.00739946 
240 0.000218356 0.793571 0.0160125 0.0337137 0.00535789  0.000561713  -0.000713175  -0.00163751  -0.0124906  -0.00554407  0.00202808  -0.00113002  0.00524789  0.0021222 
242 0.00026684 0.835757 0.01893 0.0303032 -0.0042391  0.0125639  0.00585151  0.00168229  0.000939239  0.00219869  -0.00522449  0.00649457  0.00658639  0.00518471 
243 -3.29269e-05 0.421344 0.00321874 0.025524 -0.00102766  0.00130484  0.000312003  0.000607561  -0.000855151  0.000850076  0.00187353  0.000347873  0.00113256  0.000876016 
245 -5.82789e-05 -1.02563 0.0188585 0.0261611 0.00662945  0.00124904  0.0041274  -0.00803305  -0.0046931  -0.00154803  0.00597289  -0.00696297  0.00321983  -0.0104701 
246 0.000133094 1.18011 0.0190274 0.0272522 -0.00197237  0.00303844  0.00389151  -0.0093312  0.00444551  -0.00456381  -0.012376  0.00365088  -1.14468e-05  0.00629425 
