generation s h r distopt trait[0] trait[1] trait[2] trait[3] trait[4] trait[5] trait[6] trait[7] trait[8] trait[9] 
1 -1.76759e-05 0.250002 0.00420429 0 -0.00274741  0.000772441  -0.00152928  -0.00113904  0.00032629  0.00162259  -0.0012272  -9.65587e-05  -0.00117286  0.000514631 
2 -7.60663e-05 0.310234 0.00759894 0.0131387 -4.22169e-05  -0.0039317  0.00140664  -0.00185997  -0.000204979  0.000979651  -0.00466879  -0.00112622  -0.00263436  0.0024162 
3 -0.000457993 0.368006 0.0155552 0.0245863 -0.00404195  0.00708559  -0.00402179  -0.000101946  0.000267771  -0.00145592  -0.0102283  0.00674357  0.00262286  -0.000265685 
4 0.000130586 0.511894 0.00249413 0.0412215 0.00198854  -0.000110791  -0.000273866  0.000919257  0.000170207  -0.000154254  -0.000488201  -0.000405898  0.000516547  0.00078192 
5 0.000486715 0.700806 0.0197723 0.0486364 0.0123238  0.00605004  -0.002894  0.000775081  -0.00323881  0.00261303  -0.00387482  0.00550367  -0.0098284  -0.00585414 
6 0.000108162 1.53791 0.0211898 0.0512766 0.00127926  -0.000220268  0.00811953  -0.00590838  -0.0141417  -0.0075665  0.00385903  -0.0085499  0.0011192  -1.11885e-05 
7 0.000139233 5.3256 0.051831 0.058702 0.0231859  -0.00384553  -0.00935711  0.0175245  -0.00765318  -0.00328128  0.00766934  0.0372857  0.0146886  0.00229791 
12 0.00273371 1.12766 0.0827761 0.0928015 0.0239288  -0.00447234  0.0362358  -0.0263114  0.016655  -0.00675544  0.0456922  -0.0379689  -0.0110212  -0.0167349 
17 0.00109042 0.58783 0.019582 0.117451 0.00151596  0.00505183  -0.00311944  0.00165694  -0.00237414  0.00732372  -0.00954491  -0.011396  0.00781804  -0.00133746 
19 0.000212899 0.573658 0.007921 0.131184 0.00228252  -0.00209034  0.00297312  -0.000778367  -0.00564029  -0.00282943  -5.97675e-06  -0.000166189  0.00187694  0.000590232 
20 0.003594 0.598479 0.0376747 0.139653 0.0136116  0.00862188  -0.0183923  -0.00890534  0.0160313  -0.00272495  0.00734664  0.0170762  0.00167839  0.0113743 
25 0.000646045 0.688243 0.0220562 0.173456 0.00422755  -0.00210163  0.00121264  -0.00298535  -0.00639394  -0.00983355  0.0037715  -0.00407672  -0.00820413  0.0147672 
26 0.0115065 0.850359 0.126755 0.181082 0.0938259  -0.00611002  -0.0456338  -0.0523561  -0.00871815  -0.02167  0.0252507  0.0294041  0.0187563  0.00171738 
29 0.00456436 0.570218 0.035906 0.164224 0.00810302  -0.0174725  -0.00825414  0.00981251  0.000794052  0.00897745  -0.00238419  -0.0181235  -0.0110819  -0.0146866 
32 0.00353504 1.5653 0.122536 0.171316 0.0312365  -0.0119258  -0.0604555  0.0921993  -0.00086034  -0.00939743  -0.0343231  0.00443784  0.0138671  -0.0161969 
33 0.00630381 0.539615 0.031865 0.167053 0.0177314  0.0133743  0.0127287  -0.00244897  0.00137951  0.00226004  -0.00769145  -0.00599142  0.0129123  -0.00923557 
34 -3.65182e-05 0.407891 0.00366818 0.153475 -0.000116139  -0.000373055  -0.000154746  -0.000167919  0.000585775  -0.001284  -0.00121653  0.00241761  -0.000299202  0.00196076 
36 9.28219e-05 24.6149 0.0945682 0.167509 0.0145621  -0.00768574  -0.0118435  -0.0746496  0.00945425  0.0262321  -0.0219065  -0.00989946  0.0132867  0.0377791 
42 0.00285792 0.525596 0.0172117 0.21077 0.0074858  0.00648555  -0.00157249  0.000462496  -0.00282158  -0.00520991  0.00871385  0.0021908  -0.00864489  -0.00221096 
43 0.00362659 0.972844 0.0827498 0.21181 0.0259647  -0.0258801  0.00961626  0.00371989  0.0481607  0.00466686  -0.0475748  -6.47269e-05  0.0224645  -0.0169713 
45 0.00392607 0.686053 0.0540622 0.217695 0.0148132  0.0427708  -0.00690191  -0.0068107  0.00488456  -0.00179495  0.0230482  0.00382447  0.00439805  -0.0136987 
46 0.000380971 0.528422 0.00658602 0.215755 -0.000813862  -0.00210912  0.00232087  0.000564318  0.000749757  0.00189004  -0.00272213  0.0021313  -0.000757681  0.00398737 
48 0.0304996 0.594411 0.108537 0.230124 0.0915512  0.0140121  0.0140872  0.0401966  0.00919795  -0.0124084  0.0239299  0.0165848  -0.0162384  0.00617261 
49 0.00321736 0.533938 0.0210046 0.157405 0.0100461  -0.00670597  0.0110796  0.000824134  0.00424536  0.00701393  -0.00389365  0.00493149  0.00328285  0.00737476 
51 0.00366187 0.745303 0.0599298 0.15965 -0.0021785  -0.0150369  0.0242859  -0.01598  -0.0155159  0.00273969  0.0161455  -0.0413023  0.00813104  0.015318 
53 0.00168139 0.803935 0.0452029 0.16323 0.012104  0.017911  0.00849663  0.0332678  0.0163232  0.00267371  0.00267593  0.00269039  0.0104409  -0.000215457 
59 0.00335525 0.658932 0.0462006 0.206748 0.0136128  0.0169096  -0.0111217  -0.023765  -0.00511014  -0.0205078  0.00648591  -0.0142248  -0.0168056  -0.00112415 
60 0.0112027 0.891999 0.132257 0.206848 0.0707563  -0.0372807  0.0242037  -0.0156607  -0.0377456  0.0220052  -0.016897  -0.0810405  0.0384871  -0.00461167 
61 0.00609017 0.653803 0.0612541 0.183907 0.0191434  -0.00780739  0.00783036  0.0180762  0.00947982  -0.0370276  -0.0221087  0.00484299  -0.0236499  0.020102 
62 0.00253013 0.539341 0.0200205 0.172463 0.0087406  0.00226405  0.0135816  -0.00098934  5.10096e-05  -0.00908959  -0.000803798  0.00459789  -0.00305692  -0.0044839 
63 0.00457079 0.548629 0.0299559 0.170982 0.0115754  0.0104622  0.0206576  0.00211105  -0.001319  0.010155  -0.00434416  0.00908414  0.00403784  -0.000394138 
64 0.00670015 0.819412 0.0924395 0.163283 0.0359277  0.0074423  0.00504453  -0.00367224  0.008773  0.0668172  0.0252163  0.0279844  0.0333004  -0.00951457 
65 0.00227996 0.61059 0.0317787 0.146464 -0.000867676  -0.0234502  -0.00554233  -0.00575801  -0.00623941  -0.00768384  0.0101713  0.00781523  -0.0085655  -0.00771184 
67 0.00121482 0.922307 0.0452889 0.150817 -0.00433589  0.0238961  0.00548348  0.0132806  -0.0261423  -0.0185211  -0.00231684  0.00546446  -0.000918878  -0.0138669 
68 0.00431115 0.681183 0.0559084 0.153961 0.0330937  8.40344e-06  -0.0196259  -0.00713988  0.0197863  -0.0314557  -0.00227136  -0.000273784  -0.00302127  -0.0141096 
69 0.000605431 0.613146 0.0165559 0.145302 -0.000912032  0.0106825  -0.00289539  0.00309868  0.0057764  0.00440889  0.00662854  0.00497942  -0.002532  0.00363564 
72 0.00194108 0.597869 0.0275854 0.163993 0.0136888  0.000525165  -0.0124301  0.013493  -0.00750011  -0.00156446  0.00502924  0.00751845  0.00871916  -0.00449281 
73 0.00378606 1.73238 0.136353 0.164953 0.0360033  0.0227524  0.0146975  0.0390457  0.0247212  0.0221448  -0.0286255  0.110177  -0.0312346  -0.00149936 
75 0.00627018 0.756941 0.0802403 0.164622 0.0539238  0.00135197  0.00398827  0.0430564  0.000634815  -0.0059976  -0.0304691  -0.0150297  -0.0178005  0.0123148 
78 0.00639178 0.735427 0.0775618 0.156905 0.00666033  -0.0098465  0.0421364  -0.0342496  0.0087442  0.0474363  0.016852  -0.0110423  -0.0138799  0.000874387 
81 0.002736 0.533935 0.0193543 0.153028 0.00573904  0.00100734  0.00235263  -0.00838031  -0.0043459  0.00650843  0.0036946  -0.012156  0.00526433  0.00380711 
83 0.00966237 0.576995 0.0548329 0.157804 0.0256332  -0.0244813  -0.00929104  -0.0090063  -0.0237936  -0.0124086  0.0210255  -0.00800395  0.0159427  0.0101193 
90 2.15524e-06 0.501116 9.81015e-05 0.180988 2.50778e-05  -4.47831e-05  2.76179e-05  1.03068e-05  4.41299e-05  -2.45757e-06  4.59633e-05  3.97301e-05  -1.68763e-05  -1.38241e-05 
92 0.00310787 0.591361 0.0337437 0.198859 0.00828636  -0.0166814  -0.00410204  -0.0179615  0.00983589  -0.00683952  0.00770692  0.011688  -0.010163  -0.00307405 
93 0.0071355 0.638404 0.0629255 0.199929 0.0290525  -0.00495556  -0.018516  0.00602751  0.0131105  -0.0315873  0.0191693  0.0177513  -0.0206874  0.0207764 
94 0.00596207 0.525576 0.0250152 0.189763 0.0144582  0.0064819  -0.00579522  0.0027946  -0.000754755  0.00851229  0.00731062  -0.0136474  0.0015951  0.00424762 
95 0.00402915 0.522953 0.0194231 0.182002 0.0126134  -0.00392159  0.00392436  -0.00365135  -0.00489401  0.00629168  -0.00698828  0.00653645  -0.00232044  0.00368283 
96 0.00746879 1.0303 0.12562 0.179195 0.0609792  -0.097031  0.0112595  -0.0327048  -0.0101445  0.0106304  -0.0170402  -0.0273994  -0.0096351  -0.0100322 
99 0.000519858 0.525802 0.00733311 0.176727 -0.000641732  0.00105402  -0.00215839  0.00324978  0.00124006  -0.00119435  0.000128501  -0.0026345  -0.00441272  -0.0027638 
100 0.00897629 0.595991 0.0589035 0.182518 0.0281064  0.00516121  -0.0166508  -0.0111045  -0.0389956  0.0169667  -0.018364  -0.00523792  0.00883519  0.00109373 
104 0.00358637 0.749361 0.0597964 0.185821 0.0305445  0.00470187  -0.00763463  -0.0132057  0.00434265  0.0355421  -0.0136505  -0.011413  0.0190994  0.0206006 
108 0.000623996 1.79133 0.0567542 0.204594 0.00497321  -0.00532708  -0.0133192  0.0379527  -0.0218713  -0.018693  0.00197648  0.0106044  0.0246165  3.83354e-05 
110 0.00278718 1.42036 0.10118 0.218382 0.0284256  0.0418611  -0.00194206  0.018936  -0.0486402  0.0486297  0.0177461  -0.0440249  0.0147795  0.010599 
111 0.00505591 0.693661 0.0625897 0.218785 0.0297083  0.0313387  0.000229463  0.00555391  0.00614336  0.0282165  0.00127898  0.0333651  0.00854865  -0.000134439 
113 0.0175904 0.572293 0.07205 0.21944 0.0316006  -0.0178958  0.0418302  0.00557561  0.0308131  -0.0231589  0.00848539  -0.00587054  -0.0199709  -0.0100202 
115 0.00236858 0.59885 0.0306287 0.188634 -0.000890555  0.00782759  -0.000765204  -0.00435657  0.00499662  0.00481402  -0.00613691  -0.0145543  -0.0234506  0.00298776 
116 0.00627764 0.60696 0.051924 0.189652 0.0332747  -0.0211731  -0.0052877  0.00176313  -0.0273153  -0.0146463  0.00332643  -0.0111297  -0.00200854  0.00314948 
117 0.0106004 0.819671 0.116258 0.178873 0.016227  0.0247207  0.033667  0.0163091  0.0170554  -0.0898823  0.0113655  -0.0349212  -0.0213547  -0.0326759 
120 0.0101684 0.830996 0.11586 0.168919 0.0357003  0.00181899  -0.0077099  -0.0279501  0.0361967  0.0194018  -0.0609129  0.0320145  -0.0679261  0.0164028 
122 0.00221018 0.96016 0.0637498 0.1507 0.00960311  -0.0142007  0.00792479  0.0137261  0.0317915  0.00987556  0.0285841  0.020847  0.0325604  0.00994486 
123 0.00649896 0.547796 0.0354862 0.150856 0.0254584  0.00781801  -0.0129243  0.000898475  0.00783405  -0.00177031  0.00928946  0.0145658  0.00173158  0.0040269 
124 0.00280711 0.671025 0.0438307 0.135001 -0.00262108  0.0133397  0.000266187  -0.0316271  -0.0149697  -0.0123213  0.00750856  0.00497599  0.0159903  -0.00481995 
125 8.15356e-06 0.69314 0.0025098 0.132741 -0.000520711  9.47253e-06  -0.000665359  0.000268277  -0.000385055  -0.00142971  0.00142732  -0.000505681  -0.000820947  -0.000594958 
126 0.00837729 0.618525 0.0631502 0.141494 0.0311958  0.0112642  -0.0392507  0.0147064  0.000900742  -0.00121726  0.0297155  -0.00190237  0.0039888  -0.0150387 
129 0.00260133 0.78181 0.0541369 0.135026 0.0245903  -0.0172109  -0.00758974  0.00462672  0.0125732  -0.0271897  -0.0197161  0.00114532  -0.00226991  0.0256582 
130 0.00145301 0.589716 0.0228489 0.133143 0.00380717  -0.00181626  -0.00932455  0.000108404  0.000376098  0.00222514  0.00518222  -0.0147844  -0.00515759  -0.0118404 
131 0.00159959 0.546615 0.0172998 0.135984 0.00120898  0.00236307  0.00728962  -0.00876821  -0.00589989  0.00818229  0.00287737  0.00329806  -0.00348989  -0.00539671 
132 0.00234941 0.559249 0.0236402 0.138874 0.00843876  0.00738773  0.00450972  0.00821907  -0.000396363  0.00404542  -0.00227819  -0.00212701  0.0170083  0.0054457 
133 0.0051213 0.753716 0.0720682 0.139151 0.0193351  0.0130684  0.00419016  -0.00276976  0.000105417  0.0371677  -0.0468082  0.00571287  0.000392222  -0.0319174 
138 0.0131746 0.64134 0.0864779 0.16565 0.0528883  -0.0116611  0.0192878  -0.0205924  -0.0229518  0.002276  0.0488073  -0.0123349  0.00928829  -0.0244265 
141 0.00698615 0.689976 0.072877 0.146591 0.0363092  0.0148485  -0.0242794  -0.00718426  -0.0320416  -0.00389977  -0.0196305  -0.0242307  0.0311717  0.0120452 
144 0.0136878 0.736476 0.113715 0.145898 0.0834069  -0.000488126  -0.0343584  -0.0100857  0.0105059  -0.0234418  -0.00180163  -0.0260157  -0.0578434  0.00246338 
146 0.00133435 0.682387 0.0312025 0.0993038 0.00461186  0.0162749  0.00208669  -0.000514842  0.0148174  0.00397728  0.00462785  0.0123928  -0.0130902  -0.0100551 
147 0.000142909 0.506158 0.00187883 0.0990983 0.000910024  0.00103699  5.98812e-05  -6.23111e-05  -0.00052901  -0.000102712  0.000197264  0.000845679  -0.000746539  -0.000131292 
149 -0.000340542 -0.00577824 0.0262502 0.113254 0.00300879  0.00586105  -0.0172896  0.00659294  0.00118861  0.00776443  0.00411585  0.00382091  0.00282385  0.0142146 
150 -2.73148e-05 -0.409307 0.00996747 0.122399 -0.000956202  -0.00178701  0.00711424  -0.00169709  0.0015065  0.00403896  -0.000212501  -0.00452593  -0.00117519  -0.00112128 
151 0.000575492 0.510991 0.00504564 0.130546 0.000232933  0.00155342  0.00199192  0.00153781  -0.000290911  -0.00215386  0.0015163  0.00251977  0.00172086  -0.000569994 
154 0.00569743 0.576088 0.0417716 0.154121 0.0286653  -0.00012711  -0.0101489  -0.00572174  0.00446979  -0.00655582  -0.0133765  0.00367574  -0.00970128  0.0209259 
156 0.00221706 0.692212 0.0412891 0.15094 0.00842242  -0.00863809  -0.0125637  0.0166591  -0.00249643  -0.0105621  0.013732  0.0262532  0.00460418  0.0103479 
158 0.00153517 0.595115 0.0241818 0.160444 0.00262878  -0.00330981  -0.000565108  0.00292511  -0.0033766  -0.00976939  -0.00287476  0.0076252  0.0191569  -0.00421677 
160 0.00168314 0.940837 0.0544589 0.173428 0.0121498  -0.0164372  0.00725919  0.0273577  0.00461765  -3.21745e-05  0.0313528  -0.0218462  -0.0139317  -0.0084356 
165 0.0261735 0.733743 0.156258 0.212962 0.138966  -0.0191175  -0.0114863  0.0569498  0.0234197  0.0252221  -0.00969225  -0.000979501  -0.00919096  -0.000342705 
166 0.0104483 0.578515 0.0575935 0.143972 0.0259475  0.00572738  0.0265943  -0.0202917  -0.0068907  0.0113435  -0.0331006  0.00489371  0.00243361  -0.0137928 
167 0.00366838 0.692956 0.0532154 0.105958 0.0252058  0.00586391  -0.00281006  -0.0176519  0.0215956  -0.0108053  -0.00289541  0.0253812  0.0245692  0.0018194 
168 0.00155819 1.49091 0.078535 0.0903025 0.0524217  -0.0215855  0.0431792  -0.0194967  0.00132967  0.0198225  0.0111526  0.00965933  -0.00613146  0.00769689 
172 0.000321483 4.12632 0.0682626 0.0822195 -0.0169459  0.00422008  0.0285634  -0.00248424  -0.0287117  -0.0255133  0.0249291  -0.0335909  -0.0135304  0.0111624 
173 0.00163255 0.609873 0.0267988 0.0855462 -0.00344574  0.0118543  -0.0209301  0.00122194  -0.00659862  0.000646216  -0.00721936  -0.00148926  0.00183018  -0.00495675 
174 0.00168971 0.528284 0.0138718 0.0826765 0.00690992  0.00256556  -0.00464201  -0.005382  -0.000405454  -0.00353742  -0.00425652  0.00707108  0.00259657  0.000215682 
175 -5.45534e-05 0.494915 0.00105409 0.0797331 -0.000505948  2.62616e-05  -0.000121144  0.000443416  -0.000396663  -0.000485237  -5.18418e-06  0.000498344  -4.0078e-05  1.88144e-05 
180 0.00328993 0.584728 0.0334425 0.124554 0.01225  0.00213387  0.0025102  -0.00143347  0.00294376  0.00779877  -0.00502961  0.00612605  0.0213529  -0.0191617 
184 0.0103474 0.709989 0.0932219 0.148764 0.055452  0.0237555  -0.0144175  -0.0307143  -0.0522623  -0.00886088  0.0139077  0.00669138  -0.0242817  -0.0161921 
185 0.00218612 0.682742 0.0399788 0.117059 0.013019  0.00745606  0.0227975  -0.00208819  -0.00509197  0.0217036  -0.0108191  -0.00822582  -0.00163883  0.0128358 
186 0.0020389 1.02382 0.065326 0.115434 0.0422275  0.031961  0.0183758  -0.0241822  0.00182809  0.00986271  7.49948e-05  0.0173325  -0.00466896  0.0108415 
189 0.000803884 2.27948 0.0756036 0.123986 0.0206118  -0.0282479  -0.0128827  0.0358767  -0.0263806  -0.0102821  0.0138447  -0.0340091  -0.0297564  0.00214919 
190 0.00162567 0.669784 0.0332314 0.126167 0.00767687  -0.00468782  0.0191645  -0.01116  0.00947772  0.0124238  -0.0127028  -0.00559941  0.00827293  -0.00512407 
192 0.00304703 0.644403 0.041971 0.131472 0.00216063  -0.000999933  0.000397848  0.0148185  0.0127872  -0.021352  0.0166201  -0.011784  0.0200281  0.0100257 
194 0.00137872 1.24595 0.0641079 0.133968 -0.00357605  0.010384  0.00671591  -0.025029  0.0262102  -0.0328487  -0.0330934  0.0126357  -0.00608535  -0.0161177 
195 0.00426008 0.924789 0.0850041 0.13709 0.0551593  0.00163974  0.00757676  0.00608252  0.0243676  -0.0456055  -0.011305  -0.0270179  0.0149554  -0.0181927 
199 0.000603208 0.913834 0.0315954 0.145002 -0.00637028  -0.002064  -0.0252328  0.0015746  0.00518615  -0.00644496  -0.000808391  0.00812681  -0.00681258  0.0115201 
200 0.0110439 0.658771 0.0838422 0.150568 0.0493936  0.0342328  -0.0020945  0.0226391  0.0188643  0.013192  0.0139735  0.0289339  0.0365856  -0.000394622 
201 0.00491202 0.825315 0.0798942 0.114663 0.0171685  -0.032902  0.0119833  -0.0309803  -0.00921855  0.0232299  -0.011501  0.0391435  -0.0368153  0.0160603 
207 0.000918827 0.543997 0.0127297 0.0908163 0.0072269  0.00214112  -0.00635003  -0.00205722  0.000962063  0.00131024  -0.00209474  -0.00505642  -0.00429646  -0.00310185 
208 -0.000529077 0.399358 0.0146007 0.0856108 -0.00242083  0.00744515  -0.00414536  -0.00380871  -0.0034318  0.00485295  -0.00310622  -0.00688852  -0.00520426  -0.000828136 
209 0.000867104 0.556626 0.0140246 0.0886477 0.0102196  -0.00518696  -0.00413283  0.000240586  -0.000557035  -0.00154036  0.000121407  0.00371692  -0.00561419  -0.000416832 
210 0.00202572 0.897423 0.0567253 0.0836163 0.0363453  -0.006125  -0.00162466  0.0161813  0.00613853  -0.0132911  -0.0213304  0.0130062  0.0266667  -0.00672233 
212 0.000894702 0.548526 0.0131903 0.0704842 0.00279759  -0.00384614  0.00149765  0.00685837  -0.00512497  -0.00303426  0.00732039  -0.00271204  0.00236894  0.000240092 
216 -9.41072e-05 0.484252 0.00243569 0.0638257 -0.00100928  -0.000838741  0.0009576  -0.00104522  -0.000591615  -0.000230459  0.000592121  0.000751229  -0.000854822  -0.000390086 
219 0.00149563 0.65814 0.0307632 0.0645587 0.00929156  -0.00800298  0.00363013  0.0122043  0.00823827  0.0103076  0.00898958  -0.0111495  -0.00124889  0.0159082 
222 -0.000359065 0.405467 0.0116559 0.0517041 0.00391596  -0.00149134  -0.000343231  -0.00372213  -0.00193838  -0.0037362  -0.00689768  -0.00587327  -0.000489165  -0.00207362 
223 0.000114645 0.509587 0.0020983 0.0550677 0.00070296  -0.000563793  -0.000654876  0.000856662  -0.000414901  3.72812e-05  0.000913817  -0.000723029  0.000463906  -0.000825557 
226 0.000258867 0.526125 0.00520399 0.0540167 -0.000109615  -0.000742352  -0.0034723  0.00288443  0.000973177  0.00143759  0.00023596  -0.000501466  0.00146041  -0.000829439 
230 0.000526448 1.3884 0.0432435 0.0515653 0.0109985  0.00758752  -0.0180113  0.0037234  -0.021104  -0.00259796  0.0100827  -0.00062304  0.0265056  -0.00982191 
233 0.00110625 0.688228 0.0288612 0.0461808 -0.0117554  -0.00564963  0.00170623  0.0093118  0.00809673  0.0159843  0.0133395  0.000555981  -0.00523085  -0.00682456 
235 -5.61773e-05 -0.33681 0.0137128 0.0320473 -0.00217497  -0.00348497  0.00710812  0.00591076  -0.00454488  -0.00112839  -0.00536157  -0.00410184  -8.60272e-06  0.00426645 
239 0.000108811 1.74033 0.0232334 0.0329121 -0.00604859  -0.00488632  0.00329316  -0.00502794  -0.0123827  0.00408489  0.00323523  0.0135713  -0.00217023  0.00859244 
242 -0.000275109 -1.89195 0.0513003 0.0312154 0.00392117  0.0282912  0.00213923  -0.00886033  -0.00141478  0.0258699  0.00127409  -0.0288591  -0.00111706  -0.0150301 
244 0.000104351 0.641761 0.00769242 0.035349 0.00177738  -0.00260412  0.00165677  3.55112e-06  -0.00392432  -0.000658075  0.00149875  0.00184982  -0.00461617  0.00191769 
245 -8.34972e-05 0.107752 0.0114461 0.0338409 0.00048767  0.00229136  0.00324659  0.00111209  0.00631646  0.00210319  -0.00756684  -0.000597385  -0.00251577  0.00234175 
248 -4.89288e-05 0.287264 0.00645272 0.0350529 0.000743597  -0.000133108  -0.000709183  0.00283327  -0.00172899  -0.00146962  -0.00350065  -0.00132138  -0.00253926  0.00263421 
251 0.000155431 0.811103 0.0139073 0.035744 0.00579989  -0.000768013  -0.00145414  0.00304061  -0.00147529  -0.00919729  0.00302643  0.00169752  0.00567934  0.00409411 
258 2.66869e-05 0.812781 0.00577827 0.0334995 0.00221216  0.000695392  -0.0025876  -0.00083365  9.20794e-05  -0.00208818  0.000317056  -0.000432874  0.00149368  0.00370575 
260 1.85823e-05 1.64198 0.00921308 0.0330988 -0.00434275  0.000393115  0.00162272  -0.00113762  0.00568216  -0.00217608  0.00105933  -0.0022164  -0.00122046  -0.00417051 
261 1.55143e-05 0.538025 0.00153617 0.0328169 -0.000336812  0.000163136  -0.00106132  0.000497246  0.000360982  0.000503728  -0.000106417  -2.92502e-05  -0.000175428  -0.000647381 
262 -0.000314263 0.471225 0.00601885 0.0325796 0.000412634  0.00383079  0.00253954  -0.00131289  -0.000970266  0.00207366  -0.00131219  -0.00233358  -0.000762738  -0.000466642 
263 0.000427686 0.730382 0.0198522 0.037091 -0.00306909  0.00023035  -0.0118738  -0.00305683  0.000174072  0.00339489  0.00900573  0.00502287  0.00974424  0.00463343 
265 -1.13163e-05 0.236318 0.00345481 0.0307921 -0.00173982  -0.000351309  0.000714436  -0.00181671  -0.000751178  0.000372701  -0.000413814  -0.000965595  0.0012704  0.00124649 
267 -0.000871434 0.277047 0.0278891 0.0309753 0.00433851  -0.003977  -0.00306179  0.0148073  0.00305085  -0.0131297  0.0062118  -0.00393702  0.00182998  -0.0165951 
269 0.000140737 0.578015 0.00662757 0.0427935 0.000191396  -0.00165638  -0.00147244  0.000174291  -0.000668662  0.0034802  -0.0012211  -0.00153179  -0.00456459  -0.00130926 
273 -0.000493033 0.353361 0.017011 0.0411164 -0.00240138  -0.00077909  0.000661759  0.00212891  -0.00219131  -0.0121585  -0.0104273  -0.000144044  0.00387956  -0.00126464 
275 0.000262618 0.794653 0.0175928 0.0467302 -0.00582283  -0.00747201  -0.00258595  -0.00128947  -0.00664678  -0.00483485  -0.00784469  0.00213243  -0.00269321  0.00839797 
278 9.28831e-05 6.64393 0.0477694 0.0438306 0.00806626  -0.00864665  -0.0112206  -0.0128971  -0.0113679  0.0284198  -0.00469568  -0.00569517  -0.0266787  0.012112 
280 -0.000245057 -0.784106 0.0354782 0.042758 0.00701775  0.00906116  -0.0153445  -0.0116203  0.00945667  -0.00738629  0.0179788  0.014744  -0.00700448  -0.00481606 
283 3.4325e-05 6.93536 0.0297231 0.0455339 0.00400806  0.0200895  0.00733393  0.00570808  0.00908213  -0.00383671  0.00558489  0.00210687  0.0142767  0.00638616 
284 0.000414734 0.562616 0.0101951 0.0451554 -0.000695654  -0.00367997  0.00292233  -0.00677476  0.00254497  0.000608119  -0.00239203  -0.000980878  0.00436579  0.00169861 
285 0.000110273 1.27953 0.0185423 0.0403034 0.00284055  -0.00281353  0.00641999  -0.00105109  0.0104435  0.010661  0.00368465  -0.00438504  0.0054229  -0.000758584 
288 -3.67579e-05 0.493547 0.0009744 0.0389114 0.000491124  8.39893e-05  -0.000479953  0.000213991  0.000330659  -0.000201229  0.000180149  0.000247116  0.000343765  0.000252049 
292 -0.000265609 0.457707 0.00670633 0.0393809 0.00247491  -0.000799129  0.0014007  -0.0037491  0.00138481  9.39851e-05  0.00276024  -0.00250255  -0.00246842  0.00054045 
293 9.166e-06 5.21544 0.0131485 0.0426204 -0.0028559  0.00161962  -0.00296487  0.00242248  -0.00629555  -0.00539338  -0.00584827  -0.00560554  -0.0034016  0.00123558 
294 0.000671914 0.670356 0.0213987 0.0425127 -0.00557544  -0.000372477  0.00874039  0.00952365  0.00246812  0.00422839  0.00382613  0.012021  0.00752748  0.00445072 
295 -1.1372e-05 -2.49918 0.0116801 0.0336993 -0.00595726  0.00116487  -0.00405377  -0.00299204  0.000882676  0.00071227  -0.00462856  -0.00605201  0.00211726  -0.00322094 
296 0.000163989 0.639402 0.00956279 0.0338676 -0.00142371  -0.0037753  -0.00194539  0.00640919  -1.44126e-05  -0.000615778  -0.00285584  -0.00140863  -0.00442952  0.000405941 
300 -0.00032947 -0.0570846 0.0270976 0.0313535 0.00403811  -0.00833295  0.0149846  0.00786827  -0.00353512  -0.00247806  -0.00238988  -0.0129991  0.00815039  -0.0101159 
303 0.000444919 0.609907 0.0139875 0.0362293 -0.0078174  -0.00795527  0.000811115  -0.00201803  -0.000752548  -0.00177451  -0.00126608  0.00306313  0.00260334  0.00671146 
306 -4.12844e-05 0.484128 0.00161926 0.0294575 -0.00116166  -0.000125109  0.000444663  -7.09001e-06  7.78746e-05  -0.000218721  0.000152031  -0.000610368  0.000735047  -0.000263134 
307 -2.31708e-05 0.0424522 0.0065121 0.0301501 -0.00147889  0.00105072  -0.0038997  0.00185222  -0.00272105  0.00344431  -0.000922481  -0.000478102  -0.000299776  -0.000202949 
308 4.47894e-05 0.540456 0.00269237 0.030532 -0.000211075  0.000100141  -0.00204504  -0.0012672  -0.000660301  0.000344127  -0.000274549  3.41546e-05  -0.000879728  -3.75484e-05 
309 -4.39238e-05 -0.879395 0.0155677 0.0297895 -0.00159126  -0.00150991  -0.00153408  -0.0117703  -0.00801231  -0.00345844  -0.00264831  -0.00105109  0.000114475  -0.00351551 
310 -3.73207e-05 -6.1829 0.0315838 0.0305178 0.00717627  0.00197379  -0.000215509  -0.0167076  0.00715015  -0.00369799  -0.00946773  0.0145257  -0.00918859  0.0145976 
311 -6.75482e-06 -1.77432 0.00783902 0.0311233 -0.00271012  0.00320321  -0.00194393  0.00290076  -0.000230777  -0.000122524  -0.00411663  -0.000229857  -0.00111627  -0.00365209 
312 0.000149 0.784791 0.0130281 0.0312316 -0.00176207  0.00140718  -0.00294689  0.00260986  -0.00481415  0.00362867  0.00460829  0.00757886  -0.00175901  0.0055711 
317 -4.91129e-05 -0.386584 0.0131975 0.0287476 -0.00497542  0.00204645  0.0014653  -0.00343501  0.00514274  0.000521441  0.00047459  0.00656109  -0.00685309  -0.00378495 
318 -9.18761e-05 0.475963 0.00297291 0.0295895 -0.000864756  -0.000198335  0.000350174  -0.00180328  0.000705617  0.00113367  -0.00140093  -0.000928612  2.84872e-05  0.000260251 
326 -4.11741e-06 0.490088 0.000404045 0.0311033 -3.70938e-05  3.00633e-05  0.000158029  1.22187e-06  -0.000245614  -0.000199744  -0.000113276  6.30411e-05  9.25057e-05  0.000102035 
327 7.33391e-05 1.38283 0.0160925 0.0311695 0.00558495  -0.0038853  0.00624828  -0.0040202  -0.00254179  0.00205605  0.00741423  2.53277e-05  0.0083262  0.0047426 
330 -0.00020625 0.430361 0.0075815 0.02997 0.00238787  0.000478139  0.00500726  -0.00131381  -0.00183757  -0.00140609  -0.00268462  -0.00331231  -0.000606031  0.000922117 
331 -7.30262e-05 -0.394036 0.0161603 0.0332336 0.00631702  -0.000343795  0.00199815  0.00786938  -0.00988289  0.00141499  0.00435065  -0.00520942  0.00180053  0.00249629 
332 -3.70589e-05 0.486826 0.00139772 0.0343147 0.0004477  0.000307793  -0.000703616  -0.000581511  -0.000789351  0.000249352  -3.08032e-05  0.000172701  -0.000205916  -0.000258423 
333 0.00038557 0.881357 0.0242503 0.0348505 0.00352759  -0.00634181  -0.00284494  0.00209943  0.0079597  -0.00602484  0.0144805  0.00168386  -0.0108711  -0.00962074 
334 -1.14089e-05 -11.5068 0.0234074 0.0287935 0.00204024  0.00834488  -0.00565152  0.00479331  -0.000961065  0.00134911  -0.0147755  0.0123962  0.00627025  0.00226932 
336 0.000222513 0.683074 0.0127651 0.0289909 -0.0103452  0.00204068  -0.000689536  -0.000938484  0.000970073  -0.00257919  0.00478704  0.000543527  -0.00217747  -0.00385481 
338 -0.00016074 0.120798 0.0156153 0.0248593 -0.000665132  0.00564518  -0.00361166  -0.00304987  0.00409181  0.00812795  0.000404728  -0.00396931  0.00934295  0.00177882 
343 -0.000546683 0.387213 0.0157113 0.0279059 -0.0021734  0.00488244  -0.00607399  -0.00314094  -0.00368259  -0.0103796  -0.00311206  0.00536996  -0.00125337  -0.0031835 
344 -0.000139415 0.235161 0.0121535 0.0364084 0.00285675  0.00143103  0.000762868  -0.004401  -0.000904429  0.00645408  -3.12836e-05  -0.00312905  0.00392897  -0.00706018 
349 -0.000102228 0.329145 0.00835897 0.0382753 -0.00291029  -0.00263784  -0.00229936  -0.00373802  0.00113505  0.00181944  -0.00545436  -0.000832103  -0.000124509  -0.000357851 
352 0.000252188 0.793921 0.0172185 0.0395882 -0.00447325  -0.0043042  0.00670227  0.00811909  -0.00319779  -0.00299163  -0.0109458  -0.000840799  0.00271976  0.000101106 
354 9.22971e-05 2.0593 0.0239919 0.0362639 -0.00881131  -0.00207503  0.00713991  0.00138888  0.0189594  0.00593912  -0.00119571  -0.0037383  -0.00159105  0.00530009 
357 6.05668e-05 0.546631 0.00336135 0.0349683 -0.000623125  0.000199498  -0.000784672  -0.000129611  0.000273562  -0.000867318  0.00228141  -0.00117571  0.000978275  -0.00136633 
361 -0.000430221 0.442166 0.0099819 0.0340913 -0.00518347  0.00287447  -8.12092e-05  -0.0065633  0.000494698  0.00300066  0.0014884  -0.00171263  -0.0026076  -0.000476607 
363 -2.49619e-05 0.276198 0.00472722 0.0399065 0.000409483  0.000740398  -0.00128198  0.00258795  -0.000677719  0.000402354  -0.00231323  -0.0018143  0.00077758  0.00184968 
364 -6.46572e-06 0.490152 0.000504686 0.040218 -0.000109217  6.71302e-05  0.000269814  -0.000112684  -0.000166081  0.000222652  -3.2044e-05  0.000194965  -6.84974e-05  -0.000178574 
367 9.1782e-05 0.526131 0.00309796 0.0402983 -0.000287912  7.78763e-05  0.000894498  0.000169714  -0.00131642  -0.000582846  0.00135365  0.00125138  0.000105954  -0.00178809 
368 -0.000205659 0.465925 0.00529672 0.039143 -0.0021708  0.000785805  -0.00163134  0.000638056  0.00395429  -0.000208069  -0.000503034  -0.00122627  0.00148572  -0.000114734 
369 -2.83819e-05 0.394008 0.00346894 0.0416876 0.000911635  -0.00102345  0.000492256  7.83229e-05  -0.000617927  0.00167676  -0.0021491  -0.00134285  0.000509754  -0.000177392 
371 -7.13898e-05 0.0492672 0.0113453 0.0420267 -0.00357184  -0.00328852  0.0024989  -0.00281117  -0.00200514  -0.00758313  -0.00229763  0.0023426  -0.00395712  -0.00174533 
372 1.39389e-05 4.88836 0.0156419 0.0428676 0.0107927  -0.00514342  -7.14906e-05  0.000966663  0.00310202  0.0025426  -0.00791119  0.00235728  0.0011544  -0.00390227 
374 -0.000744406 0.0924631 0.034843 0.0427047 -0.00374167  -0.00541468  -0.00393533  -0.000566832  0.00326157  0.0118857  0.0135196  -0.0146045  0.0136237  -0.0205262 
375 0.000957289 1.37069 0.0577191 0.0506792 0.0115288  -0.0220813  -0.0112359  0.0208713  -0.0115074  -0.0034549  -0.0131482  0.0159227  -0.0298545  0.0262123 
376 0.00033615 2.01021 0.0450537 0.0401441 -0.0061254  -0.00243827  0.0206186  0.0215121  -0.00207981  -0.0129208  0.0234079  0.011733  0.00560106  -0.0144994 
377 -2.06535e-05 -0.0487947 0.00673338 0.0357135 -6.62029e-05  -0.00143873  -0.000597268  -0.00256472  0.00343358  0.00171631  -0.00124237  -0.00130391  0.00257699  -0.00342197 
378 5.51715e-05 1.78512 0.0168402 0.0360015 0.000909776  0.000293401  0.00890218  -0.00784406  -0.0112426  -0.00062587  -0.000296327  0.00261773  -0.00149166  0.00243856 
381 -5.60489e-05 -2.8972 0.0275969 0.0352269 0.0131597  -0.00820182  -0.00448265  -0.00340179  -0.008211  0.00314635  -0.00172744  -0.0127552  -0.00398886  0.0151843 
385 -0.000347418 0.234671 0.0192049 0.0360137 0.00502657  0.00487679  -0.00261166  0.00122183  0.000646678  -0.00274982  0.00182606  0.00524266  -0.0163647  -0.00220512 
387 0.000456928 1.31572 0.0386055 0.040552 -0.0141916  0.0224683  -0.00677084  -0.0038174  0.00550543  0.0114447  0.0220323  -0.00086033  -0.00235855  0.0084098 
390 0.000278165 0.578993 0.00937649 0.0344622 0.00331331  -0.000441734  0.0011473  0.00363168  9.08649e-06  -0.00364124  -0.000180889  -0.000740641  0.00637353  0.00278891 
392 -0.000116598 0.345694 0.00848396 0.0301582 0.00159478  -0.0013556  -0.00280231  0.00180142  0.00566804  -0.00242291  0.000766685  0.00115944  -0.000817632  0.00398757 
395 -0.000562815 -0.150639 0.0382761 0.0320331 0.00216717  0.0143157  -0.0156385  -0.0187964  -0.018608  0.00323413  -0.0155938  0.000593674  0.000315138  -0.0075645 
396 0.000360274 0.92205 0.0246601 0.0398634 0.00235439  0.00482961  0.000413056  0.00858521  0.0202057  -0.00809461  -0.000453298  0.00494988  0.00029763  -0.00260604 
400 -0.000107268 0.470379 0.00356592 0.0350554 0.000795867  -0.000517948  -0.00190468  0.00157892  -0.0020179  0.000709716  6.93846e-05  0.000735394  -0.000578618  -0.000487116 
404 -0.00017542 -0.0387346 0.0194435 0.0365535 0.00433732  0.000923067  -0.00455835  0.00497464  0.00874838  0.00702691  0.00691952  -0.0107011  0.00350885  0.00349909 
408 -0.00143528 0.196475 0.0417669 0.0388792 -0.02203  -0.00497539  -0.0189833  0.002783  -0.00827028  -0.014712  -0.0160467  -0.0090537  0.00785746  0.0134255 
410 0.000522987 1.30387 0.041 0.0542946 -0.00249845  -0.0106077  0.00847962  -0.0237739  0.0152831  0.0199627  0.0159777  0.00544129  -0.00282571  0.000410205 
412 0.000455109 0.617087 0.0146013 0.0492448 0.00458256  -0.00600148  0.00659349  -0.00241031  -0.00149265  -0.00733542  -0.00537381  -0.000237461  -0.0046823  -5.56039e-05 
413 -8.6656e-05 0.268372 0.0089607 0.0443852 -0.0010643  -0.00578396  -0.000721787  0.00574414  0.000574142  0.00223998  -0.00189732  -0.00133154  -0.000435698  0.00113198 
416 -3.20084e-07 -0.163261 0.000921519 0.0453509 -0.000111476  8.24366e-05  -0.000454129  8.86377e-05  -1.36334e-05  4.83754e-05  0.000143043  0.000155488  0.000748726  9.01753e-05 
420 0.000257873 1.45592 0.0313975 0.0453545 0.0103487  -0.0121573  0.0132192  0.0191815  -0.00331309  0.00362565  0.00836575  0.0041628  0.0069718  0.00530964 
421 0.000551061 0.720916 0.0220668 0.0424168 -0.00398006  0.00701327  0.0044108  -0.00050578  -0.00149108  -0.00600373  0.00316206  -0.00882031  0.0163997  -0.0026812 
423 -0.000592264 -0.0457508 0.035962 0.035331 -0.0106098  0.0166266  0.0223025  -0.00721554  0.00622667  -0.00871378  -0.000317313  0.00166626  0.0152751  0.00196967 
426 -6.26954e-06 -4.29246 0.0109629 0.0429036 -0.00654512  0.000614637  0.00286928  0.00299142  -0.0015095  0.000744245  0.00382249  0.00159704  -0.00589915  -0.00223435 
428 -3.46156e-05 0.293769 0.00534381 0.0429766 0.00179487  0.0026534  -0.00154919  0.00197221  0.00195536  -0.00231477  -0.000640953  0.000625216  -0.000450091  0.00134857 
430 0.000386285 0.58178 0.0112432 0.0433774 0.00481484  0.000853047  0.00323835  -0.00139864  -0.00142073  0.000428427  0.0033994  0.00568616  -0.00336022  -0.00571622 
431 -0.00016074 0.488024 0.0027773 0.0386703 -0.000356626  8.25158e-05  0.000335587  0.000178002  -0.000376621  -0.00115593  0.00114516  -0.000778238  0.00135993  0.00148009 
432 0.000226985 0.601918 0.00962028 0.0406958 0.000442455  0.00276615  0.000542634  -2.57929e-05  -0.00430614  -0.00184695  0.00133719  -0.00296398  -0.00604734  -0.00391275 
435 4.09254e-06 2.13381 0.00517162 0.0378046 0.00144384  -0.000537905  -0.000188198  -0.00405804  0.000535359  -0.00163027  0.00106792  -0.00168445  0.000595407  -0.000769244 
437 -0.000121019 -0.669573 0.0237942 0.0377504 0.00351432  -0.00115426  -0.010841  0.0082442  0.0156753  -0.000227619  -0.00849391  -0.00649063  -0.00164414  0.00205944 
438 -0.000369641 0.389454 0.0127884 0.0393207 -0.00187217  -0.00436325  -0.00299976  0.000871083  0.0023276  -0.00684961  0.00339123  -0.00107867  0.00690711  -0.00430541 
440 7.51298e-05 0.788895 0.00931757 0.0437702 0.00609791  0.000440603  -0.00236303  -0.00128587  0.000529566  0.00298301  -0.00325911  -0.0043243  0.00164384  0.000999353 
448 0.000141863 0.573437 0.0064559 0.0429034 -0.00306844  0.000732617  -0.00272061  0.00155562  -0.000605002  0.00156649  0.000813864  0.00411117  -0.000353989  -0.00118136 
451 9.02768e-05 0.936971 0.0125613 0.0412171 -0.00409168  0.00355133  0.0043268  0.00193548  -0.000545812  0.00534721  -0.00332531  -0.00444817  -0.00662629  -0.00152447 
453 0.000477486 0.684814 0.0187882 0.0401071 0.00740646  -0.00779728  0.0101646  -0.00713635  -0.00410519  -0.00215336  0.00194558  0.00641291  -0.00407523  0.000302196 
454 -6.15154e-05 -0.0731599 0.0118759 0.0336334 0.0071434  -0.000533376  -0.00253128  -0.00618163  0.00355671  -0.00406768  -0.000408244  0.00368532  -0.000474781  -0.00139062 
463 0.000183461 0.674539 0.0113176 0.0345358 0.00651497  0.00211325  -0.00542993  0.00154898  -0.00617945  -0.000121414  0.000314049  -0.00253058  0.00197559  0.000829371 
464 0.000144249 0.999486 0.0169759 0.0317691 0.00611175  0.00384162  -0.00787836  -0.00697562  -0.00610929  -0.00276759  -0.00429973  0.00530555  -0.00226795  -0.00534597 
465 -3.45336e-05 0.191437 0.00652873 0.0294115 0.00231007  -0.000347613  -0.00218447  -0.00182064  -0.00494827  -0.000367282  0.00105471  0.000142282  0.0011905  -0.00138212 
467 9.57339e-05 0.859518 0.0117332 0.0299929 -0.00140059  -0.00415828  0.00565153  0.00526449  0.00249493  -0.00246629  -0.00494133  -0.00222099  -0.00349825  -0.00220588 
468 7.41542e-05 5.95389 0.0402161 0.0283521 -0.0238072  0.00137119  -0.00490242  0.00442069  0.00241299  0.020358  -0.00975262  0.00242596  -0.0203494  -0.0083502 
474 -0.000238966 0.0253388 0.0213018 0.0270128 0.0101159  -0.00888462  0.00543948  0.000652569  0.00258832  -0.00381626  -0.00195836  0.000801509  0.00423785  -0.0140991 
476 0.000190944 1.21851 0.0234246 0.0311237 -0.00246423  -0.00467521  0.00834565  0.00555522  -0.00688727  0.013721  0.0108198  -0.00109037  0.0079351  0.00182958 
479 0.00012499 0.665898 0.00910736 0.0278883 0.00318786  0.00130992  0.00195391  -0.00360043  -0.00197963  9.97649e-05  0.00302998  -0.00421818  0.000543831  0.00480482 
480 -2.36046e-05 0.481321 0.00132815 0.0255495 -8.99198e-05  -0.000506661  0.000924449  0.000327947  4.07488e-05  -0.000252433  -0.000581764  8.69035e-05  0.000290458  -0.000203199 
481 0.000224193 0.805539 0.0165524 0.0260074 -0.00185619  0.00294143  0.00505857  -0.000624376  -0.00129286  -0.0121961  -0.0020142  0.00324699  0.00695546  0.00474463 
482 3.12539e-05 0.571508 0.00298997 0.0212654 -0.00150284  0.000730647  -0.000185773  -0.000512648  0.000741456  0.00120557  0.000290613  0.0018221  -0.000576249  0.000332423 
486 -0.000114458 0.469503 0.00373763 0.0205174 0.000550238  -0.000552432  0.0015394  0.000765172  0.00141663  0.00223514  -0.000123786  0.00017391  -0.000604045  -0.00173018 
491 -0.000611918 0.309462 0.0216027 0.0231393 -0.00672183  -0.0113732  0.00326103  0.00240043  -0.00455922  -0.00541252  0.00822367  -0.00837088  0.0073921  0.00577255 
493 -0.000345285 0.327048 0.0154585 0.0338752 -0.00714163  0.00372036  -0.00118336  0.00611019  -0.00675507  0.000572481  0.00717039  -0.00284589  3.29263e-05  0.00546923 
494 -0.00059824 -0.101046 0.0379293 0.0386378 0.0244148  0.0120406  0.0133088  0.0059909  0.00227033  0.00972837  -0.0139172  0.00571584  0.0112443  0.00565379 
497 0.001013 0.837506 0.0369752 0.0457307 0.00202567  -0.0115421  -0.0174731  -0.0258974  -0.00753244  0.00571844  0.000438679  0.00141497  -0.0127347  -0.000226461 
498 -0.000367392 0.165702 0.0221676 0.0328452 0.000613455  0.00947692  -0.00383025  -0.00659803  0.0113663  0.00269853  0.00468067  -0.00548596  -0.000126192  0.0124303 
500 -9.94564e-05 0.466954 0.0036266 0.0380298 0.00112598  0.000543893  -0.000387728  -0.000699923  0.00249795  5.6115e-06  0.000699759  0.00111357  -0.0007412  0.00155867 
