generation s h r distopt trait[0] trait[1] trait[2] trait[3] trait[4] trait[5] trait[6] trait[7] trait[8] trait[9] 
5 0.00455171 0.594691 0.0415939 0.2 0.0257758  -0.00629372  -0.00484776  -0.0104737  -0.0274184  0.00166787  0.000340277  -0.0094602  0.000108199  0.00697715 
12 0.0610896 0.534763 0.0999603 0.535708 0.0442075  -0.0532369  0.00252146  0.00931748  -0.0125094  0.0212286  -0.0551482  0.0160265  -0.0280997  0.0203839 
13 0.0100951 0.521578 0.0302867 0.526317 0.0111046  -0.00953037  -0.0151173  0.00235555  -0.0183136  0.00536576  -0.00127397  -0.00760441  -0.00619667  -0.0026519 
14 0.0269127 0.52842 0.058054 0.565669 0.0357982  -0.0152882  0.000726356  -0.00820836  0.017307  0.0219468  -0.00575024  0.0216253  0.0224187  0.0016163 
16 0.0557817 0.514513 0.0679874 0.639447 0.00238756  -0.0491611  -0.0102709  0.025092  -0.0130036  0.0217646  -0.00280278  -0.0184914  -0.00230096  -0.0216055 
18 0.0578819 0.508345 0.0588226 0.693407 -0.0125153  -0.0485738  -0.000787558  -0.0102667  -0.0138661  0.000336985  0.0234921  0.00573852  -0.00745273  0.00230044 
20 0.0265876 0.563325 0.0835765 0.750152 -0.0173279  -0.0229341  0.0001066  0.0301872  -0.00654799  -0.0672781  0.0105351  -0.011471  0.020205  0.00524439 
21 0.0133368 0.506929 0.0213294 0.782064 0.00791268  -0.00623495  -0.00446026  0.00425337  0.00281996  0.0129053  0.00773952  0.0055314  0.00393805  0.00591358 
22 0.0744861 0.554515 0.13494 0.823185 -0.0026766  -0.0527204  -0.0151679  -0.0594896  0.0234405  0.0218322  0.0951894  -0.0161622  -0.0338854  -0.0125136 
23 0.0161332 0.510362 0.0281306 0.827817 -0.012347  -0.0177476  -9.25821e-05  0.00859649  -0.00511028  -0.00156029  0.0130907  -0.00236035  0.00401954  0.00532484 
24 0.0613375 0.512042 0.0680969 0.867524 0.0258923  -0.0297398  0.00168876  0.0465443  0.0198054  -0.000124454  0.0190424  0.00234088  -0.0122474  0.00165273 
25 0.0357053 0.53701 0.0761914 0.881846 0.029486  -0.0156893  0.046553  0.0114598  -0.0168243  0.0018298  0.0388542  -0.010646  0.020835  0.00689616 
28 0.020587 0.543854 0.0614863 1.00925 -0.0317422  -0.0263952  -0.022547  -0.00361101  -0.0239901  0.00123634  -0.00981594  -0.000788383  0.00357247  0.0294635 
29 0.0756452 0.533343 0.11121 1.04833 0.0549097  -0.0173194  -0.0298869  -0.0320224  0.0289726  0.0162698  -0.0273866  -0.00956666  -0.0585041  0.0420186 
31 0.0482861 0.505952 0.0472659 1.11141 0.00553896  -0.0196785  -0.000202866  -0.00595612  0.0138044  0.000362416  0.00913821  0.0325063  -0.00421563  -0.0207845 
32 0.00225188 0.536419 0.0181711 1.13935 0.00363604  0.000813838  0.0116871  -0.00126218  0.00509637  0.00362453  0.00187578  -0.00418379  -0.00535039  -0.00945332 
33 0.0195787 0.50595 0.0254841 1.1878 0.000731862  -0.00771807  -0.00333512  -0.00690531  -0.00535544  0.00963753  -0.019095  -0.00622936  -0.00191841  -0.00136535 
34 0.00978681 0.499531 0.00540056 1.22911 0.000757322  -0.00375806  -0.000794993  -0.00104625  -0.000189476  0.00114281  -0.00126426  -0.000331977  0.00177006  -0.00256111 
39 0.0464184 0.499775 0.0314397 1.4732 0.00291123  -0.0151485  0.00291362  -0.0188195  -0.0104939  -0.00974774  -0.00555252  -0.00624804  -0.00491288  -0.00941785 
40 0.0710863 0.502089 0.0541403 1.50742 0.00577674  -0.0249451  -0.00640084  0.0115447  -0.0208932  -0.00497653  -0.0120122  -0.00153359  -0.00820192  0.0377636 
43 0.0817837 0.502882 0.0632041 1.5341 0.0278854  -0.0190982  -0.00863318  0.00447622  0.0318672  -0.00943297  0.0384367  0.00920487  -0.00809632  0.00506803 
45 0.0128829 0.555092 0.0538677 1.50826 0.0219582  0.00294987  -0.0186553  -0.0238992  -0.0204867  -0.00425218  -0.00224166  0.0214599  0.0196726  0.014189 
46 0.0259345 0.528623 0.0570783 1.50401 -0.00626164  -0.0137428  0.00627487  -0.0178127  -0.0164401  -0.0232573  0.000102765  -0.0237025  -0.0340992  -0.0117237 
47 0.0613334 0.497303 0.0336051 1.49548 0.0163657  -0.0163474  -0.00333457  -0.00150855  0.00603553  0.00353884  -0.00320678  -0.0191307  -0.000162014  0.0124735 
48 0.0671645 0.518331 0.0829123 1.47544 0.010373  -0.0164296  0.00866155  -0.00994999  0.0032931  -0.0528296  -0.0430122  -0.0347747  0.00560522  -0.0207444 
49 0.0660935 0.501053 0.0481373 1.45325 -0.00899406  -0.0265136  -0.0211294  0.0175348  0.000820326  0.00805032  0.0133311  0.00180627  0.0224  -0.00558508 
50 0.117731 0.512928 0.109254 1.43106 -0.0111148  -0.0463089  0.00416869  -0.0504631  0.00565871  0.0302389  0.00230686  -0.000437888  0.0783876  -0.00280599 
52 0.0373316 0.502179 0.0314819 1.39163 0.0193816  -0.00339888  0.00776243  0.00925988  0.00758855  -0.00292168  -0.0103167  0.0155374  -0.00426696  -0.00507305 
56 0.0667571 0.505505 0.0592443 1.37839 0.0153628  -0.0177599  -0.00722158  0.0138157  -0.0128562  -0.0244505  -0.0105494  -0.00778924  0.013462  -0.0399891 
57 0.0281495 0.502709 0.026194 1.35475 0.00709966  -0.0088476  0.0113582  -0.00811874  -0.00183942  0.00795119  0.00517688  -0.0129  -0.000424827  -0.0101253 
58 0.064426 0.533421 0.101411 1.34446 -0.0198562  -0.031803  -0.0395178  0.0387299  0.0471072  -0.0162499  -0.0333209  0.017326  0.0436113  -0.00460199 
59 0.0989838 0.501524 0.0709069 1.32104 0.0251557  -0.0280527  0.0144314  -0.0133158  0.0235258  -0.0268825  -0.00434062  0.0422798  0.00142627  0.0117417 
63 0.00465257 0.63757 0.0506382 1.28482 0.0194183  0.00843884  0.0123871  0.0295885  0.00150787  0.0170622  -0.000654166  -0.0179561  -0.0213811  0.00369291 
67 0.0500092 0.523493 0.0759787 1.28301 0.0326741  -0.00942299  -0.0243386  0.00830121  0.0193324  0.0421221  -0.0371719  -0.0106696  -0.0170451  -0.00457788 
69 0.0469191 0.507998 0.0501743 1.26385 -0.00714757  -0.0216764  0.0189829  -0.00257832  -0.0165737  -0.00814372  0.0192967  -0.0278197  0.00895844  -0.00787069 
72 0.0871363 0.541546 0.131685 1.24558 -0.000554666  -0.044998  -0.060632  -0.0577679  0.0162925  0.0295193  -0.055811  0.0627747  0.00043162  0.0104849 
74 0.0255729 0.542778 0.0680958 1.21158 0.0373037  -0.00166677  -0.0135056  -0.0275829  -0.0217877  0.00448741  -0.0237186  0.0150811  0.00406207  -0.031593 
78 0.0186484 0.506352 0.0252997 1.20111 0.00884234  -0.00391647  0.00764903  -0.000491514  0.000680998  0.00788289  0.0106261  0.0134147  -0.00758672  -0.00864692 
79 0.104813 0.50329 0.0792207 1.1934 0.0167474  -0.0389834  0.00577946  0.00973454  0.000506129  -0.0217163  0.0286948  0.0289037  0.044319  -0.0158976 
81 0.179191 0.540667 0.200577 1.15088 -0.0136444  -0.0908671  0.0388801  0.0859296  -0.0417976  -0.0740648  -0.074859  -0.0427146  0.0906533  -0.0037027 
82 0.0402922 0.503267 0.0360034 1.07689 -0.00848105  -0.0247809  0.0152615  0.0045375  -0.00182814  -0.00115881  -0.00270702  0.0096695  0.0135097  0.00828841 
84 0.0357557 0.503146 0.0325435 1.05839 0.00879357  -0.0131523  0.0158254  0.000231985  0.0136783  -0.0155914  0.00897597  -0.00235312  -0.000913512  -0.00641416 
85 0.133823 0.493407 0.0676198 1.04166 0.0187559  -0.0542837  0.0203507  -0.00450041  0.00936302  0.0117816  0.0134677  -1.50202e-05  -0.0191861  -0.00797343 
93 0.051127 0.70532 0.204885 0.979523 0.0699704  -0.0135661  -0.0736237  -0.0786249  -0.0803154  0.0469263  -0.0466434  -0.0648613  -0.0994874  -0.0190453 
94 0.0488029 0.525704 0.0776555 0.95373 0.0247533  -0.0165784  0.0371703  0.0276502  -0.0197732  -0.0158371  0.0202109  -0.00816682  0.0386423  -0.0196583 
97 0.0224576 0.530936 0.0547156 0.928414 -0.0133222  -0.0201224  0.0237899  0.00644226  -0.0163506  0.0190119  0.00234922  0.0128209  0.0283442  -0.0142079 
100 0.0498197 0.500552 0.0359028 0.916375 0.00608821  -0.0268762  -0.0105307  -0.00458917  0.0134845  0.00621713  0.00732931  0.00668234  0.00498223  -0.00734719 
101 0.0239632 0.504958 0.0273853 0.889452 0.0167499  -0.0101048  -0.0153718  0.0095443  -0.00117497  0.00459937  -0.000406263  -0.00374052  -0.000737694  0.00163287 
104 0.0710257 0.523702 0.094081 0.876039 0.0094579  -0.0333637  0.0571751  0.0296188  -0.021452  0.0298665  0.0190635  -0.0266848  -0.0307819  0.0112765 
109 0.00449999 0.521683 0.019987 0.835959 0.00106951  -0.0018727  0.00671158  -0.00191913  -0.00510427  -0.00171406  -0.00760047  0.014626  -0.00540286  0.00402885 
113 0.0543483 0.51583 0.0689136 0.833269 0.00543844  -0.0360535  0.0222359  0.019825  0.00887041  0.014014  -0.0273307  -0.013471  0.0185729  0.0313642 
114 0.00864902 0.54705 0.0407125 0.800884 0.00839032  -0.00874192  -0.0133792  0.0157246  -0.00548477  -0.0132896  -0.0179628  0.0116676  0.0203212  0.00244514 
115 0.0479629 0.550835 0.103006 0.795489 0.0696819  -0.00838465  0.00160301  -0.00794427  0.0321634  -0.0262456  0.0171447  0.0365535  0.0191901  -0.0435546 
117 0.00605976 0.502476 0.00883613 0.765477 0.00220292  -0.00386697  0.00406805  -0.00256457  -0.00190003  0.00322551  0.00265106  0.000401471  -0.000263199  -0.00372454 
119 0.00665378 0.545192 0.0349373 0.76152 0.00596003  -0.00120752  0.0137709  0.00799145  0.0166596  -6.13192e-05  -0.00446662  0.00532219  0.0116266  0.0216594 
122 0.0164453 0.510338 0.0284155 0.757153 0.00019826  -0.0120427  0.0114424  0.0189585  0.00808285  -0.00914037  -0.00176995  0.00142023  0.0033008  0.00266452 
124 0.00760686 0.507511 0.0160121 0.746304 -0.00233309  -0.0073762  -0.00444818  -4.72253e-06  -0.00854836  -0.00848584  -0.000887453  0.00274129  -0.00186478  -0.00445946 
125 0.0216317 0.511156 0.0344065 0.74121 0.000825926  -0.00908797  0.0106703  0.00224417  0.0204274  -0.0145103  0.00866198  0.00623672  -0.0154765  0.000601395 
131 0.0150655 0.53859 0.0491858 0.72663 0.00836559  -0.00289455  0.00492481  0.023762  0.000996043  -0.0176246  0.0295849  0.000129988  -0.0165845  0.0170307 
134 0.020583 0.531282 0.0524976 0.716266 0.0215796  -0.00990811  0.00638192  -0.00872863  -0.0167457  0.0186565  -0.00732386  -0.0334922  -0.015873  0.00440728 
137 0.0278694 0.526577 0.0574345 0.7019 0.0291948  -0.01248  0.00360864  0.00741545  -0.00262909  0.0423364  0.0168564  0.00896452  -0.00691712  0.00331588 
138 0.0332011 0.557367 0.0895574 0.682038 0.00745823  -0.0271288  -0.0127612  0.0561952  0.0400506  0.0102937  0.00686728  0.0453996  0.00639305  0.007002 
142 0.0433338 0.671294 0.172789 0.657658 0.051425  -0.0384049  -0.0330003  0.0585121  0.0914772  -0.0343052  0.0953178  -0.0136451  0.00796134  0.0484158 
145 0.0136134 0.504327 0.01804 0.624574 0.000793713  -0.0120373  0.00811487  0.000168155  -0.00282921  -0.00370805  0.000816615  0.0077134  0.0026199  0.00502534 
147 0.0302624 0.558579 0.0861605 0.613654 -0.0267644  -0.0431655  -0.0225208  0.0275658  -0.0384711  0.0327628  -0.0152165  -0.0101661  0.0228401  -0.0129229 
148 0.00358323 0.514183 0.0144675 0.588861 -0.00632947  -0.00365318  -0.00526431  -0.000766247  -0.00292983  0.0020555  0.00599805  0.0006935  -0.00458605  -0.00756978 
149 0.0432875 0.530982 0.0783918 0.585816 0.014542  -0.0261313  0.0395731  -0.047074  -0.0249054  0.00285695  0.0148385  -0.0207789  0.0111897  0.00796068 
150 0.0108687 0.514382 0.0260813 0.548456 -0.00177456  -0.0110232  0.00198354  -0.00547087  0.0125995  -0.00780487  -0.0103293  -0.00955512  0.00911363  0.0045817 
151 0.00926118 0.511226 0.0213641 0.53851 -0.0107549  -0.00933328  0.00157632  -0.0104466  0.00508195  -0.00116511  -0.00522285  -0.0080951  0.00350111  0.0031275 
152 0.021057 0.633185 0.106314 0.529882 -0.0123489  -0.0453727  -0.0500882  0.0139796  -0.00979258  0.0185751  -0.00550015  -0.0768917  0.000516191  0.00187364 
153 0.0119675 0.652377 0.0855284 0.50984 -0.0217876  -0.00984043  -0.0488805  -0.00626737  0.0213171  -0.012834  -0.0140745  0.0204626  -0.0376132  0.0407957 
155 0.00750006 0.602152 0.0554967 0.498036 0.0295369  -0.00189152  -0.0355407  -0.00409455  -0.0039147  0.0119155  -0.00298114  0.0221386  -0.0159982  -0.00342444 
156 0.0150598 0.514506 0.0312881 0.490477 0.00829378  -0.0136282  -0.00276309  0.00462145  -0.00177305  0.00962868  -0.00476766  0.0184519  -0.0112493  -0.01048 
157 0.0202818 0.604173 0.0925164 0.474995 0.0146341  -0.0367468  0.00271888  0.0037587  0.055694  0.0343198  -0.0165796  0.00457922  0.0235288  -0.0429437 
159 0.0374958 0.535708 0.0770135 0.453367 -0.0194285  -0.0544237  0.00910692  0.00698969  -0.021199  0.0185838  0.0213027  0.00590331  -0.0184206  -0.0289337 
160 0.00764406 0.509789 0.0180871 0.41077 -0.00444156  -0.00631436  0.00385136  -0.00549625  -0.00354342  -0.00409194  -0.00246026  -0.00960027  -0.00970806  0.000859022 
161 0.00401097 1.00627 0.0900336 0.401394 -0.0338594  -0.0165065  0.00436697  -0.01187  -0.0471251  -0.0117465  -0.0405499  -0.0457448  -0.0207678  -0.00047605 
162 0.00100375 0.505452 0.00473077 0.396376 -0.00081162  -0.00218725  0.0014302  0.000721753  0.00110007  0.00260368  -0.000931321  0.00209709  0.00105  0.000118397 
164 0.0280638 0.550381 0.077178 0.395108 -0.00883735  -0.0322556  -0.0199347  -0.0384554  -0.0139453  -0.0334148  0.00836482  -0.00531591  -0.0322157  0.022685 
166 0.00665788 0.617091 0.0559355 0.358376 0.0211136  0.0128286  -0.00151483  -0.0312292  0.00923761  -0.0224305  0.00158698  0.0151208  0.0252814  0.00906113 
167 0.0178613 0.547773 0.059483 0.348995 0.0117716  -0.0283907  0.0069032  0.0172879  0.0191441  -0.00775566  0.0260998  -0.00710174  -0.0184805  -0.0273366 
168 0.0196923 0.530708 0.0508398 0.322636 0.0213247  -0.0233119  -0.000352244  0.00485411  0.00914191  -0.0134646  0.00785917  0.0300575  8.06868e-05  0.0182406 
169 0.0116329 0.546797 0.0472359 0.290849 0.0167724  -0.0131263  -0.00104845  -0.0208865  -0.00109375  0.00908498  0.0114984  0.0251515  0.0213352  0.00604515 
170 0.00238903 0.624289 0.0344815 0.270236 -0.00304974  -0.00598075  0.017052  0.0136389  -0.0039375  0.0160938  0.0136117  -0.0122344  -0.00752336  -0.00101733 
171 0.0308118 0.678955 0.148737 0.265784 0.0440622  -0.117534  0.0404745  0.0289713  -0.00889674  0.0383686  -0.030742  -0.0320182  0.00661008  0.018008 
172 0.00188529 0.599837 0.0274569 0.200735 0.0124601  -0.0070551  0.0109846  0.00169177  0.0142182  0.00440202  0.00775101  0.00680547  0.00753192  0.00637727 
173 0.00258411 0.686702 0.0439342 0.195987 -0.0160908  0.0221041  -0.00633239  -0.0222612  -0.00456519  -0.0110171  0.00615718  0.00774984  -0.0114346  0.0166164 
174 0.00458444 0.582563 0.0389966 0.189288 -0.00725206  0.00213468  0.0180579  -0.020535  -0.0173997  -0.000243175  0.000686811  -0.00156526  0.00507053  -0.0196053 
175 0.00654218 0.578197 0.0453915 0.176794 0.0241072  -0.0108246  0.0123515  -0.00315896  -0.0039127  -0.0208726  0.0202429  -0.00651038  -0.0150067  -0.00843719 
176 0.00876125 0.775478 0.098176 0.157274 -0.00342674  -0.0196863  0.0439959  -0.0504593  -0.0242171  -0.0481776  0.0199876  -0.00316076  -0.0379378  0.00106298 
179 0.00743601 0.770652 0.0896653 0.126539 0.0066741  -0.00794945  -0.0331958  -0.0211827  0.0227727  -0.0358875  -0.0478407  0.0430254  -0.00245789  0.0207122 
180 0.000991616 0.625989 0.0223595 0.0927559 -0.00620182  0.00311951  -0.00173093  -0.000822046  0.0112472  0.00921288  0.00862792  0.000999449  0.000953866  -0.0126631 
183 0.000750454 0.860076 0.0328727 0.0872499 -0.00736711  -0.017947  -0.0102786  -0.0108361  -4.98725e-05  0.0146699  -0.00382348  -0.0151144  0.00406564  -0.00252375 
184 0.00340252 0.71361 0.0539169 0.0828394 0.0144675  -0.0122713  0.0109463  -0.00428319  0.0215872  0.0173266  -0.024162  0.0283101  0.0135225  -0.00863875 
185 3.14274e-05 0.881832 0.00692816 0.0588695 -0.00363822  0.0014523  0.000368537  0.000679615  -3.96959e-05  0.000494599  0.00149821  -0.00141139  -0.00477305  0.00218884 
187 0.00110207 0.574507 0.0181346 0.058602 -0.00562111  -0.00978467  0.00744368  -0.00122967  -0.00626761  0.0029084  0.00865539  -0.000420921  -0.00177384  0.00431549 
191 0.00070513 0.649856 0.0205608 0.0482983 0.00340572  -0.00124264  0.00404201  0.00308582  -0.00163002  0.0120345  0.00329487  0.00962398  -0.00799884  -0.00829463 
192 -0.000333917 0.382455 0.0125331 0.0403466 0.00438787  0.0027617  -0.00667352  -0.00367812  -0.000893211  -0.000975719  -0.00285378  0.00575412  -0.00393463  0.00369456 
194 -0.000117179 0.441565 0.00523427 0.0442924 0.00141861  0.00174185  -0.000489231  0.0014259  -0.000388595  -0.000552592  -0.000527848  -0.00335244  -0.00276053  -0.000695821 
199 -0.000570627 0.263048 0.0232621 0.0455961 0.0145493  -0.00139171  0.00802483  0.00105895  0.000809617  0.0100812  -0.0108735  0.00278086  0.00389227  0.00431113 
200 -1.70305e-05 0.496548 0.000485116 0.0514762 -0.000132074  8.06305e-05  -6.9633e-05  -7.7697e-05  0.000289973  0.000309848  7.69935e-05  3.84554e-05  -2.21121e-05  -0.000111899 
201 -5.39692e-05 0.495734 0.00096045 0.0516413 0.000158913  0.000207059  -0.000147804  -0.000262018  -0.00046021  0.000717892  0.000183787  1.04393e-06  5.19919e-05  1.39552e-05 
203 0.000661023 0.80013 0.0281682 0.0521613 -0.00648472  -0.00859431  0.00755897  0.0015639  -0.00935773  0.00114833  0.0101951  -0.0055128  0.0153405  -0.0126256 
205 -0.000319481 0.42123 0.0100363 0.0453871 -0.000327062  0.000953734  -0.000386474  0.00289378  0.00428266  0.00753281  0.00259268  -0.00121386  -0.0017302  0.00221685 
208 -0.0011072 0.287136 0.0307206 0.0487804 -0.00805082  0.0139507  0.0149128  -0.00298088  0.00525318  -0.0116634  -0.0128905  -0.00444478  0.00320931  -0.00965349 
209 -1.63213e-06 0.497818 0.000119355 0.0590536 2.49107e-05  -2.34505e-05  -5.23091e-05  -3.96294e-05  1.51679e-05  -1.87049e-05  9.9143e-06  -4.85175e-05  5.55798e-05  -5.14493e-05 
210 0.000269459 0.516583 0.00423173 0.0590675 -0.000917344  -0.00179631  0.00164952  9.43258e-05  -0.00047963  0.000346889  0.00194871  0.00225622  -0.000431803  0.00129794 
211 -0.000288364 -2.173 0.0555201 0.056741 -0.00540127  -0.00222921  -0.0241939  0.00824012  -0.000870428  -0.0201173  0.0249934  -0.0237519  -0.0251415  -0.0129888 
213 -0.000121534 -1.6101 0.032027 0.0592279 0.00460964  -0.00014638  -0.00348794  0.00625859  -0.0176215  -0.00363935  0.0125489  0.00214127  0.0197393  0.00881251 
214 -0.000535278 0.375503 0.016333 0.0602452 -0.0029537  0.0105761  0.00417675  -0.00140369  0.00326948  0.00892068  0.00133166  0.00295466  -0.00469672  -0.00198595 
215 0.00114061 0.822444 0.0383494 0.0645361 0.0139381  -0.0156722  -0.008705  0.00669193  0.00781527  -0.0124522  0.00975958  0.00732492  0.00307095  0.0231465 
217 5.80528e-05 0.502903 0.000821987 0.0549995 0.000115266  -0.000129152  0.000259109  -0.000289061  -4.89411e-05  0.000238039  -0.000541155  0.000123283  -0.000207575  0.000291222 
218 0.000473263 0.548052 0.00954221 0.0544692 -0.000583914  -0.00147756  0.000606936  0.00189144  -0.000585134  0.001052  -0.00382943  0.00680426  0.00405757  0.0023892 
219 0.000797417 0.872353 0.034458 0.0499374 -0.0196527  -0.016868  0.0107722  -0.00655609  0.00550482  0.00736775  -0.00571218  0.0042379  -0.00319052  0.0145676 
222 -0.00058131 0.417098 0.013892 0.0411904 -0.00378241  -0.00834537  -0.00347135  0.00020811  -0.00492076  -0.00290747  0.00731191  -0.00131474  -0.00124316  0.00274513 
224 5.26281e-05 0.51572 0.0018195 0.0477297 0.000454737  -0.000506774  -0.000783789  9.66195e-05  0.0003272  -0.00126473  -7.71336e-05  0.000167898  -8.41732e-06  -0.000694613 
225 0.000487736 0.699378 0.0197226 0.0471752 0.00894868  0.00639149  0.00399717  -0.00270227  0.0057758  -0.0112283  -0.00766441  -0.00415156  -0.001547  -0.00263909 
228 -0.000200594 0.428748 0.00756283 0.0416879 0.0024417  -2.98252e-05  -0.000547441  0.00374158  -0.00452608  -0.000344836  -0.000437157  -0.00192874  0.00319374  0.00148964 
229 -4.42835e-05 0.225769 0.00696975 0.0440283 -0.00276117  6.49512e-05  -0.000466934  0.000605213  0.00562893  0.00150001  -0.000272198  -0.001417  -0.00206198  0.000310172 
231 -0.000546041 0.25314 0.0232259 0.0445284 0.00202011  -0.00632141  -0.00497204  0.0117875  0.00859839  0.0102799  0.00623777  0.00826711  -0.0014939  0.00653007 
232 -1.30777e-06 -159.373 0.0289176 0.0502889 -0.00620179  0.00203772  0.000387474  0.00452123  0.0165564  -0.00703159  -0.0196601  -0.0021019  -0.000130809  -0.00764877 
233 0.000498318 1.08194 0.0340535 0.0503019 0.00654573  -0.00360297  0.0104041  -0.0174585  0.00143912  -0.00296535  -0.00983468  0.0180304  0.0157884  -0.00296869 
235 0.000170006 0.564334 0.00661506 0.0450786 0.000358568  0.00274773  -0.00310422  0.000981604  -0.00152395  0.000838804  0.00345766  -0.00293148  -0.000848819  -0.0010887 
238 -4.92406e-05 0.319186 0.00596786 0.043152 -0.00261866  -0.00137658  0.00242019  0.000522142  0.0022111  -0.000880124  -0.000113083  -0.00225812  -0.000126114  -0.00315304 
239 -0.000118749 0.481451 0.00296954 0.0437188 0.000457339  0.00123315  0.000442627  0.00127479  0.00106752  0.000608944  2.90413e-05  -0.000127363  -0.000261253  0.00191615 
242 3.06192e-05 0.530025 0.00191776 0.0450565 -0.000300166  -0.00120148  0.000124696  -0.00097887  -0.000429529  0.000390982  -0.000571868  -9.30939e-05  0.000538898  -0.000454903 
245 -1.686e-05 0.366577 0.00299971 0.0447154 -0.000281329  0.00101687  -0.000594963  -8.05332e-05  0.000587171  -0.00070767  9.57105e-05  0.00239383  -0.000839151  0.00048512 
247 0.000425215 0.522389 0.0061776 0.0449036 0.000861655  -0.00192341  0.00143519  0.000506414  -0.00475644  0.00166507  0.000492058  -0.000988482  -0.0008543  -0.00201478 
248 -0.00045992 0.139385 0.0257608 0.0398899 0.00646948  0.00121318  -0.0201517  0.00158113  0.00666964  0.0108668  0.00184495  0.00081681  -0.00486226  -0.00462831 
253 -2.45518e-05 -0.0346377 0.00724609 0.0452905 -0.001719  -0.00037695  -0.00389125  0.0024227  -0.00244023  -0.00215563  0.000306054  -0.00348655  -0.000416667  -0.00231789 
254 0.000934113 0.745764 0.0303016 0.0455608 0.0114939  -0.00393817  0.0132802  -0.00656071  -0.0176736  -0.00828769  -0.00692899  -0.00610479  -0.0047738  0.00787725 
255 0.000161722 0.784834 0.0135739 0.0337951 0.00696714  0.00248935  0.00420275  -0.000319874  -0.00604267  4.45859e-05  0.00785643  0.00300131  -0.00201454  0.000664272 
257 -0.000195901 0.458564 0.00570014 0.0313113 0.000742091  -0.00219937  -0.00171863  0.00139401  0.00143245  0.00257459  -0.000617944  -0.000550292  -0.00105364  0.00342512 
258 0.00032359 0.584637 0.0104683 0.0342975 0.00129884  0.00121012  0.00527018  -0.000643837  0.000374646  0.00514296  -0.00308914  0.000763751  -0.00320732  -0.00558929 
261 -5.61065e-05 0.369489 0.00541223 0.0292024 0.00159662  -0.00103726  -0.00383535  -0.000269137  -0.000209483  0.000493793  -0.000998235  0.00183569  0.0019444  -0.00156531 
262 -5.37656e-05 0.319421 0.00623202 0.0301478 0.000521501  -0.00128733  -0.000155444  0.0032873  -0.00301264  0.00338469  -0.000844744  0.000577176  0.00210478  -0.000263418 
264 0.000112789 2.23691 0.0279912 0.0310267 -0.0164194  -0.0015371  0.00955966  -0.00748481  0.00607696  0.00750403  0.0033426  -0.0134125  -0.00503224  -0.00738282 
268 9.33975e-06 0.506234 0.000482645 0.0291526 -1.23621e-05  -0.000187998  1.99113e-05  0.000162157  -1.70688e-05  -0.000273678  -0.000226421  7.57448e-05  0.000148668  -0.000128302 
269 -0.000246993 0.338066 0.0126505 0.028992 7.04753e-05  -0.00497182  0.00574769  0.00572366  0.0016967  0.00297437  -0.000500032  0.00306435  -0.00356051  0.00595571 
270 9.93074e-05 0.618233 0.00685333 0.0329781 -0.00601457  0.000252351  -0.000785025  0.000109292  -0.00153121  0.00146099  0.00112337  0.000967912  0.000587084  -0.0017546 
271 0.000467333 0.594111 0.0132661 0.0314365 0.00401037  0.000136171  -0.00243186  0.00392561  -0.00143881  -0.00709387  0.000150096  0.00895058  -0.000902281  -0.00228483 
272 -8.60098e-05 -0.417614 0.0177679 0.0228261 -0.000935263  -0.00367692  0.00209239  -0.00456536  -0.00692878  0.00394734  -0.00558067  0.0132523  -0.00192853  0.00141687 
273 -0.000155526 0.433199 0.00644767 0.0246383 -0.00306267  -0.00330443  0.00108658  0.00174871  0.00192504  -0.00147322  0.00130659  0.000597056  0.00204365  0.00221771 
275 -0.00012726 0.249244 0.0112986 0.0276149 -0.00200427  0.00236697  -0.00548947  -0.00198746  0.00401237  2.1336e-05  -0.000825694  -0.00135159  -0.00624875  0.00512835 
280 5.90168e-05 0.508314 0.00140151 0.0298304 7.83941e-05  0.000695408  0.000424602  -0.000515463  -0.000540544  0.000128461  0.000524625  -0.000156022  3.60508e-05  -0.00064726 
281 0.000150159 0.920526 0.0158924 0.0288242 0.00631022  0.00358599  -0.000843418  -0.00808638  -0.00331513  0.00310515  0.00921376  -0.00269669  -0.00198234  -0.00413055 
283 8.95638e-05 3.15068 0.0308134 0.02609 -0.00653178  0.0191962  -0.0116094  0.0106436  0.00602787  -0.0135403  -0.00490208  -0.00662892  -0.000206576  -0.00159868 
284 -4.95166e-05 -1.7231 0.0209836 0.0243132 -0.00613848  0.00129259  0.0152376  0.00453923  -0.00631995  -0.00164471  0.00360968  -0.00871602  0.000805565  -0.00398439 
285 0.000108726 0.58852 0.00620494 0.025311 -0.00230601  -0.00237286  -0.00182142  -0.00302723  -0.00165671  -0.000877232  0.00213278  0.0011767  0.000289989  -0.00235366 
288 9.82845e-06 0.508917 0.000592126 0.0230636 0.000231341  -0.000290449  -9.93272e-05  0.000114078  5.32304e-05  -6.61704e-05  0.00017198  5.34882e-05  0.00031505  0.000225717 
289 -1.31494e-05 -2.92356 0.0134189 0.0228495 0.000359614  0.00195124  -0.00200626  -0.00338456  0.00605425  0.0047311  -0.00216893  0.00744329  -0.00568166  -0.00303733 
292 0.000128475 0.649221 0.00875714 0.0231354 0.00280827  -0.000847649  0.000918661  -0.00549724  -0.0013742  -0.00321752  0.000456459  -0.0028454  0.00225107  -0.00337731 
297 7.81065e-06 1.06217 0.0041909 0.0201688 -0.000324005  0.00193225  0.0018064  0.00154636  0.000136615  -0.000122948  -0.000684048  0.000270016  0.0025204  0.00106946 
299 -6.60299e-05 0.206945 0.00879803 0.0199743 0.002067  0.00143051  -0.00069532  -0.00224543  -0.000712145  0.0012355  -0.00553457  -0.0028365  0.000194494  0.00498121 
300 -0.00035849 0.349639 0.0146871 0.0215639 0.00340874  0.00288457  0.00298474  -0.0103168  0.00185363  -4.18491e-05  -0.00674327  0.0012516  0.00294493  0.00461266 
301 -0.000522348 0.395651 0.014772 0.0286977 0.00725838  -0.00279089  -0.000941587  -0.00858279  -0.0026874  -0.00229605  -0.00323338  -0.00554288  -0.00344616  0.00420011 
302 9.80646e-06 0.537841 0.00121835 0.0366884 0.00019119  -3.55195e-05  0.000282354  -0.000443202  -0.000185691  0.000114511  8.18094e-05  0.000568372  0.000889047  5.17675e-05 
303 -3.07424e-05 0.0279386 0.00761906 0.0365546 0.00304838  -0.0020671  0.00304823  0.00162977  0.00268423  0.000325757  0.00201831  -0.00170334  0.00366226  0.00219963 
304 -0.000177374 0.335514 0.010804 0.0369727 -0.00127166  -0.00237539  0.000201618  -0.00210002  0.00113439  -0.00763511  0.00158913  -0.00228345  0.00613628  0.000201635 
307 0.000201652 0.56661 0.00733095 0.0392984 -0.00127128  0.00140021  0.00204783  0.00104413  -0.00136398  0.00473399  -0.000763187  0.000129148  -0.00092314  -0.0043772 
309 -0.000137785 0.26478 0.0113866 0.0366434 0.0036653  0.000905304  -0.00506771  -0.00555373  -0.00431638  -0.00362796  -0.000658342  0.00118616  -0.00374593  -0.00334818 
311 -5.30081e-05 -1.37898 0.0199598 0.0384777 -0.00721517  -0.00763755  0.000489408  0.00724207  0.000865295  0.00767055  -0.00818617  -0.00163991  -0.00410474  0.00944351 
312 -0.000123196 0.388972 0.00739752 0.0391604 -0.00262004  0.000304622  -0.00160826  0.000212452  0.00151973  0.00347829  -0.00443183  0.00220332  -0.00230648  -0.000954197 
313 -0.000364468 0.305803 0.0168292 0.0407031 -0.00446999  -0.00654172  0.00120956  -0.00989995  0.0013666  -0.002417  0.0036932  0.00867103  -0.00473934  0.00140621 
315 -0.000277159 0.402214 0.0104145 0.0449586 -0.00424875  -0.00223392  0.00684886  5.56191e-06  0.000816342  -0.0049478  -0.0029163  0.000461941  0.0020547  -0.000651695 
316 -0.000470116 -1.35725 0.0590923 0.0479424 -0.0190268  0.0212904  -0.0250184  0.0307371  0.00603582  0.00752609  0.0168097  0.00948498  0.0201909  0.0152525 
322 6.9078e-05 0.792438 0.00898904 0.0526184 -0.00299005  8.06977e-06  -0.0030632  0.00239515  -0.00453675  0.002657  0.00112606  -0.00136273  -0.00410897  -0.0030153 
323 9.60171e-05 0.941196 0.013017 0.0519579 0.00444375  -0.00442097  0.000808016  -0.00211282  0.00911731  -0.00275583  -0.0037517  -0.00182487  0.00408219  -0.00049376 
324 -0.00021542 0.154993 0.0172433 0.0510256 -0.00369262  -0.000456044  0.000104808  -0.0109747  -0.01181  0.00380616  -0.000475621  -0.000981259  5.76043e-05  0.00280655 
325 0.000442497 0.561362 0.0104251 0.0530948 0.00395919  -0.00380048  0.00230183  -0.00398959  0.00394725  0.000962863  0.00137178  -0.00292801  0.00200088  -0.00513632 
327 -7.64471e-05 -4.13986 0.0376646 0.048751 0.0192992  -0.0134942  0.00964827  -0.00578805  -0.0158955  -0.0115124  -0.0168593  0.00464454  0.00391176  0.00558276 
328 -0.000473793 -0.449452 0.0424206 0.0495289 -0.00332278  -0.0197053  0.00262523  -0.007014  0.00295024  0.0162923  0.0275783  0.0158218  -0.000678828  -0.00765422 
331 5.89601e-05 0.521085 0.00223032 0.0541019 0.000326915  -0.000385115  0.00144173  0.000616843  0.000580728  -0.000138667  0.00110989  -0.00066821  -0.000398555  -0.000257682 
334 0.0008035 0.671332 0.0234675 0.0535542 -0.00620982  0.00366743  -0.00309163  0.0149266  -0.00243052  0.00893913  0.00302135  -0.00871166  -0.00104219  -0.00971732 
335 -0.000140595 0.0850317 0.0152771 0.0454409 -0.000534453  -0.00719472  -0.00228787  1.87245e-05  0.000821071  -0.00970311  0.00622771  -0.00275343  -0.00559402  0.00190298 
336 0.00019916 1.31333 0.0254526 0.0469625 -0.00243059  0.00955719  0.0138858  0.00131711  0.00199492  0.0113231  -0.0137868  0.00390551  0.00173879  -0.00393586 
338 -0.000695889 0.414426 0.015444 0.0447922 -0.00459778  0.00163697  -0.000545044  -0.00390397  -0.0104626  0.00101194  -0.000632373  -0.000746031  -0.00112418  0.00929787 
339 0.00116212 0.710274 0.0312641 0.0519853 0.00668825  -0.00842524  -0.00271572  0.000694086  0.00471035  -0.0201875  -0.00266182  -0.00614521  -0.0132426  -0.0142804 
340 -0.000365712 -0.407661 0.0364398 0.0392559 0.0261968  0.00303756  -0.00423201  -0.0136456  0.0137146  -0.00952892  -0.00990819  0.00556677  -0.000425453  0.00447393 
341 0.000118311 0.5504 0.00488439 0.043667 0.00119338  0.000718563  -0.00276655  0.00287792  -0.0004019  0.00148365  -0.00022828  0.00103105  -0.000202963  0.00156889 
343 0.000942755 0.679233 0.0259992 0.0422907 -1.93746e-05  0.0104737  0.0129854  0.0149305  0.00194039  -0.00139913  -0.000924757  -0.00685704  0.000514027  -0.0109935 
344 -0.000175436 -0.0167178 0.019043 0.0290893 -0.00103763  -0.0042466  0.000712151  0.00435068  0.00233752  0.0110176  0.00905443  -0.00457937  -0.00108677  0.00964894 
346 -1.33085e-06 0.498388 9.26364e-05 0.0319631 3.72978e-05  8.4604e-06  -2.75294e-05  -2.16374e-05  -5.90558e-06  2.72501e-06  2.9852e-05  9.0436e-06  -2.78804e-05  6.40329e-05 
347 1.78949e-06 17.4104 0.0110019 0.0319839 -0.00289066  0.0030548  0.00657044  0.00257769  -0.00164366  0.00360557  -0.00148638  0.00499961  0.00203178  -0.00255024 
348 -2.12871e-05 0.340546 0.00368478 0.0319559 -0.000210171  -0.000480125  0.000853652  0.00214163  -0.00093318  -0.000305522  0.00230768  0.00037565  0.000160292  0.00123743 
351 0.00010181 0.581351 0.0057561 0.0322873 -0.00149071  0.00343503  0.000593085  -0.00108427  0.00178239  -0.000569677  9.74071e-05  0.00190535  -0.00105457  -0.00305454 
352 0.000100316 0.518969 0.00275978 0.0306702 -0.00016021  0.0016169  -0.00104751  4.83932e-05  -0.000791337  5.12622e-05  0.00150864  0.000840959  0.000447881  0.000253219 
354 -9.32392e-05 0.316034 0.00828362 0.0289888 -0.000687474  -0.00126176  0.00467391  -0.00225652  -0.000555872  -0.00461734  0.000572848  -0.000423575  0.00290567  -0.00300617 
356 -0.000195987 0.180922 0.015817 0.0305548 0.00278118  0.00536089  0.00420101  0.00315257  -0.00776758  0.00361616  -0.00471648  0.00623207  -0.0031933  -0.00643601 
359 -7.04955e-05 -0.300546 0.0150248 0.0336096 -0.00677484  -0.0100312  -0.00327712  0.00212251  -0.00530599  -0.00501265  -0.00159241  0.00130866  -0.00231353  -0.00104663 
360 -5.47995e-05 0.399335 0.00469761 0.0346425 0.000717684  0.00177207  0.00101021  0.000254032  -7.25471e-05  -0.00158844  0.00209765  0.00270134  -0.00168277  -0.000519308 
365 -0.000139898 -2.6471 0.0419623 0.0354246 0.000430909  0.0255434  -0.00423647  0.0123496  -0.00124793  -0.0011977  0.015548  -0.0164755  -0.00122052  0.0204953 
366 0.000373957 1.25419 0.0335834 0.0373471 -0.00064122  -0.0129777  -0.0176529  -0.00638563  0.0211298  0.00681087  0.00863387  0.00226104  0.000173623  -0.00583658 
367 -3.57385e-05 0.420412 0.00337317 0.0319519 -0.000276271  -0.000155641  -0.000257114  -0.00147214  0.000364366  -0.00213231  0.000597682  0.000913948  -0.000107046  0.0017779 
368 -2.30242e-06 0.489551 0.00031022 0.0325063 0.000144989  -0.000125011  0.000138664  -7.11196e-05  3.72581e-05  -0.000113431  -4.85546e-06  2.05934e-05  7.57302e-05  0.000121917 
369 1.26869e-08 3.68697 0.000402159 0.0325417 0.000124539  0.000122484  -7.92206e-05  0.000182281  -9.68377e-05  0.000105334  0.000125266  0.000213085  6.72642e-05  -7.49845e-05 
376 0.000189186 0.734599 0.013324 0.0325415 0.00110364  0.000487152  -0.00440318  -0.000179692  -0.0101367  -0.000749923  -0.00404194  0.00293369  -0.00115171  0.00520276 
377 2.12855e-05 0.52324 0.00140672 0.0294921 -0.000871396  -5.11202e-05  -0.000414033  -0.000480911  -0.000159205  -0.000339508  -0.00047861  -0.000634828  6.59963e-05  0.000192829 
378 -0.000339328 0.133208 0.0223151 0.029129 0.01595  -0.00129601  0.00242343  8.81405e-05  0.00109841  -0.0144444  -0.000612865  0.00259621  -0.00366099  -0.00237414 
379 -0.000444626 0.349458 0.0163673 0.0344657 -0.00324043  -0.0027545  0.00616357  0.00843528  0.00231428  0.0090805  0.00120137  -0.000743734  4.34194e-05  0.00713075 
380 -0.00108198 0.386468 0.0221851 0.0404055 0.0100182  -0.0122213  0.00739577  0.00132936  -0.00592848  0.00862949  -0.0046799  0.00300979  -0.00633422  0.00230032 
382 0.000457389 0.679895 0.0181423 0.0521073 -0.0104231  0.00273375  -0.00957617  -0.00066733  0.00455474  0.00630274  0.000837227  0.00509078  0.00558726  0.00160484 
383 0.000517122 1.02452 0.0329342 0.0475173 0.00373781  0.0109439  0.00338515  0.00677664  0.0106738  -0.0151075  0.00818106  -0.00939507  0.00758905  -0.0184007 
384 6.9285e-05 0.912624 0.0106935 0.0417241 0.00164218  0.00217177  -0.00509418  0.000124552  -0.00444518  0.00136857  -0.00180863  0.006735  -0.0030828  0.00109743 
386 0.00013199 0.53468 0.00427983 0.0408854 -0.000405562  -0.00103244  0.000266922  -0.00054052  -0.00138777  -0.000745849  -0.000528814  -0.00328553  0.0010995  0.00139914 
387 -0.000736899 0.313881 0.0234316 0.0392382 0.00538768  0.0170976  0.0030827  0.000789824  0.0129265  -0.0018823  -0.00408156  0.000342412  0.00529072  -0.00146774 
388 0.000170663 0.735577 0.0126813 0.0477159 -0.00150918  -0.00581516  -0.00574748  -0.0013841  0.000245033  0.0038072  -0.00527776  0.00117928  -0.00346521  0.00582785 
389 -0.000589762 0.444864 0.0114139 0.0458929 -0.0029952  -0.0022143  -0.00030162  0.00323144  0.00449674  0.00630357  -0.00224151  0.000999353  -0.00242171  0.00583326 
390 -1.16941e-05 0.457954 0.00140244 0.0519239 0.000294232  0.000695375  -0.000354136  -0.000886382  0.000105518  -0.000284162  0.000117395  0.00018765  -0.000123924  0.000573944 
391 0.000277811 0.906366 0.021249 0.0520364 0.00152037  -0.00215016  -0.000834355  -0.0181527  -0.00532032  0.00510766  0.00276401  -0.000720662  -0.00539297  0.004768 
392 7.94752e-05 0.676933 0.00749985 0.0492952 -0.00235934  0.00641052  -0.000255035  -0.000432942  0.000672919  -0.00138391  -0.000390727  -0.00199409  0.00168432  2.55612e-06 
393 0.00087761 0.758412 0.0301168 0.0484824 -0.00274112  -0.000237229  0.0070948  0.011456  -0.0131598  0.00424768  -0.00710613  -0.0169206  0.00281753  -0.0134876 
394 0.000460899 0.64491 0.016346 0.0383839 -0.00210838  -0.0037711  -0.00226005  -0.00226237  -0.00512157  -0.00283149  0.00746526  -0.00502999  0.00208988  -0.0108928 
395 -0.000240584 0.404074 0.00961 0.0318202 -0.00297406  0.00555679  -0.00458155  0.00410377  -0.000379525  0.000608876  0.00353423  -0.000904451  0.000945668  -0.000282687 
398 -0.000250025 -0.250874 0.0274045 0.0353997 -0.00606116  -0.012174  0.00870498  -0.00617728  0.00560271  0.00646205  0.00206894  0.0136242  -0.00995634  0.00948423 
399 0.00101062 0.662684 0.025647 0.0387711 0.00848881  0.00395422  -0.00326188  -0.00693802  -0.00282121  -0.0141925  -0.00975282  0.00417952  0.00687048  -0.0119215 
403 -4.32514e-05 -0.0885847 0.0100911 0.0222056 0.000786149  0.000223915  -0.00187065  -0.000689184  -0.00365496  0.00373648  -0.00697681  0.00433025  -0.00106983  0.00113854 
404 -1.1882e-05 0.495431 0.000466095 0.023159 -1.9448e-05  -0.00011454  -9.3147e-05  0.000148955  0.000194399  0.000255436  -2.06491e-05  0.000252984  -6.60132e-05  3.25577e-05 
405 1.85429e-05 0.508755 0.000805927 0.0234141 -0.000404028  0.000159242  -9.75879e-05  -0.000143991  -0.000548121  -9.735e-05  0.000153119  -6.67719e-05  -0.000147561  -0.000266594 
408 -0.000232329 -0.0791371 0.0232003 0.0230147 -0.0070201  0.0120312  0.00515295  0.0102025  0.00601626  -0.00585062  0.00289253  -0.00599857  0.00989144  0.000981363 
409 0.000240864 0.634223 0.0113723 0.027605 0.00454321  -0.00437354  -0.00141103  -0.00594934  -0.000900783  -0.000774468  0.00356312  -0.000386388  0.000357473  -0.00614745 
410 4.28826e-05 0.538356 0.00256513 0.0228298 -0.000364377  -0.000399049  -0.00171705  -0.000602214  -0.000458747  0.00103314  0.000455942  0.00105394  -0.000593147  -0.000169275 
423 3.87263e-05 0.525701 0.00199545 0.0218705 1.93702e-05  -0.000988647  -0.000459151  -3.12965e-05  -9.41966e-05  0.000189705  -0.000613926  0.000940639  0.000967052  0.000741935 
425 -4.15325e-05 0.455787 0.00271037 0.0209664 -0.000353966  -0.000190677  -0.00107648  0.00171762  0.0014918  -0.000580093  5.32471e-06  -0.000209623  -0.000466869  0.000501508 
428 1.34043e-05 0.5341 0.00135219 0.0219346 0.000492696  0.000127831  -8.2828e-05  -0.000689506  -0.00043327  -0.00036729  0.000696934  -0.000469508  0.000240589  1.94479e-05 
433 -0.00028256 0.144554 0.0200453 0.0216269 -0.00377255  0.0106945  -0.0027767  -0.000103391  -0.00861596  -0.00201071  -4.83166e-05  -0.013467  -0.000322295  -0.00239693 
435 -0.000321168 0.404599 0.0110738 0.027392 0.00134466  0.000765927  0.00188568  0.000921027  4.39851e-05  -0.00259875  0.000421856  -0.00802953  0.00596949  0.0029645 
438 -0.000427537 0.423714 0.0114271 0.0327344 0.00311162  -0.00038124  0.0052697  -0.00101614  0.00448351  -0.00343772  0.00628851  -0.0042297  -0.00133266  0.000903821 
439 -2.3283e-05 0.496849 0.000541958 0.0387191 -6.91493e-05  0.000256426  0.000125873  6.04291e-05  -4.71381e-05  -0.000277408  -4.91404e-05  -0.000167398  0.000283391  0.000117312 
440 0.000102489 0.611089 0.00674865 0.0390186 0.00283091  -0.00144307  -0.00292298  -0.00163707  0.000779746  -0.00226207  0.00132172  0.00237575  -0.00163487  0.00290434 
441 0.000142822 1.00877 0.017048 0.0376825 -0.00203712  0.00186736  0.000738713  -0.0111454  -0.00534413  0.00701291  0.000369806  0.00256557  0.00854909  -0.00082773 
442 -6.70754e-06 0.401101 0.00162896 0.0357373 0.000501678  0.000634831  0.000789742  0.000650722  0.000189356  0.000218857  -0.000118984  0.000646812  -0.000648963  -0.000119413 
445 -0.000458187 0.447446 0.00982059 0.0358311 0.00314519  0.00370602  0.00319182  -0.00372581  0.00468998  -0.00146766  0.00207157  -0.000656722  -0.00384522  0.00225599 
446 9.61305e-05 0.588137 0.00582181 0.0417391 -0.00102485  -0.00295087  0.00170598  -0.00157165  -0.00276163  -0.00273164  -0.000519337  -0.00104024  -0.000503413  0.00143574 
448 0.000530914 0.619358 0.015923 0.0405713 -0.00333977  -0.0057301  -0.00540192  -0.00476054  -0.000808821  0.00411225  -0.00999034  -0.000357859  -0.000291253  -0.00633437 
449 -7.18567e-05 0.459136 0.00342761 0.0333955 -0.000571477  -4.33961e-05  -0.000306354  0.000363423  0.00195496  -0.00194439  -0.000600882  -0.00171813  -0.000239294  0.00047041 
450 0.000251669 1.0483 0.0234922 0.0344546 -0.0014215  -0.00214843  -0.00924255  0.0178513  0.00710212  -0.00263923  -0.00105986  0.00558665  0.00297239  -0.00652508 
452 0.000134501 0.953196 0.0156143 0.0305856 0.00429412  0.000437246  -0.00477901  -0.000418707  -3.39583e-05  0.00976464  0.00141808  0.00835449  -0.00565463  0.00174018 
453 -5.33318e-05 0.410055 0.00438059 0.0283017 0.00192814  0.000291546  0.00116846  0.000223201  -0.000495263  -0.000433079  0.0029848  -0.000580642  -0.00138674  0.00153937 
455 5.05765e-06 1.30334 0.00403139 0.0292288 -0.000811685  0.00218809  -5.89988e-05  -0.00164116  -0.00133067  0.00128172  -0.00137104  0.000256807  0.00145632  0.000792787 
456 -6.18224e-05 0.472073 0.00262835 0.0291421 -0.00156311  0.00159371  6.04304e-05  -0.000225195  0.000742187  0.000289121  -0.000281523  -0.00105611  -0.000133289  -0.000154442 
459 3.6707e-05 0.881509 0.00748435 0.0301842 -0.00206276  -0.0032346  0.000529168  -0.00113211  0.00510576  0.00100663  -0.00297855  0.000591353  0.00158657  0.000956784 
466 -0.000114296 -0.674252 0.0231701 0.02957 -0.00881956  -0.000235562  0.00224545  -0.00691437  -0.0132278  0.0127033  -0.00381184  -0.00579389  0.00390971  0.00253506 
467 4.51834e-06 0.502021 0.000191125 0.0314434 -7.08003e-05  -8.09727e-05  -3.25907e-06  -9.64359e-05  7.58106e-05  -7.73776e-05  3.63149e-05  -4.61915e-07  -3.84438e-05  3.34314e-05 
469 3.13454e-05 3.35101 0.0189062 0.0313714 0.0136394  -0.00513688  -0.00172396  -0.00376459  -0.00490348  -0.000359851  -0.00258401  0.00861539  0.00286616  0.00381944 
473 0.000506004 0.855788 0.0268329 0.0308678 -0.00543254  0.00495291  0.00821631  0.00785615  -0.00425738  -0.0147913  -0.00104704  0.0105433  -0.013162  -0.00378544 
474 -6.92909e-05 0.448183 0.00379008 0.0211411 0.00253022  7.24789e-05  0.00131302  -0.000177295  0.00110616  0.00135716  -0.00109284  -0.00119228  0.000276263  0.000666594 
481 4.42886e-07 3.63399 0.00235627 0.0227209 -0.000667246  0.000353296  -0.000833438  -1.27267e-05  0.000169279  -0.000741548  -0.00107494  -0.0011997  -0.000451293  0.000954043 
485 0.00012206 0.958465 0.0149609 0.0227111 -0.0103446  -0.00381848  -0.00503324  -0.00291847  0.00140718  -0.000476563  0.000376932  0.00796414  -0.00112223  0.00116193 
488 -0.0004154 0.118107 0.0251937 0.019843 -0.00291698  -0.0101729  -0.0129581  0.0019168  -0.002029  0.00095878  0.00397393  0.00948857  0.0144078  0.00571775 
490 0.000279431 0.568474 0.00874998 0.0284469 -0.000353199  0.000803552  0.00496472  0.00265776  -0.00184979  -0.00150816  -0.00370915  -0.00424936  -0.00169324  -0.00192388 
494 -0.000134806 -0.244437 0.0200358 0.0230182 0.00549313  -0.00108351  0.0106455  0.00171395  -0.00641503  0.00834469  0.00728611  -0.00546269  0.00775282  3.67581e-05 
496 4.03557e-05 2.16942 0.0164155 0.0257809 -0.00102267  -0.00378489  0.0066165  -0.00889815  -0.00300108  -0.000783017  -0.00149146  -0.00350371  -0.00385769  -0.009599 
498 -5.673e-05 0.309367 0.0065773 0.0249859 -0.00229682  0.00341395  0.000488184  -0.00274621  0.000164676  -0.000407479  -0.000166307  -0.00356949  0.00195371  0.00133094 
499 1.70837e-06 0.501596 0.000104433 0.0260965 4.83742e-05  -6.82018e-06  4.55213e-05  -5.36724e-06  3.72956e-05  -3.83274e-05  1.87361e-05  -1.33738e-06  -1.05483e-05  5.56299e-05 
