generation s h r distopt trait[0] trait[1] trait[2] trait[3] trait[4] trait[5] trait[6] trait[7] trait[8] trait[9] 
2 -7.79664e-06 0.219504 0.00295766 0.01 -4.75544e-05  -0.00115945  0.00194318  -0.000549091  -0.00139927  1.92453e-05  -0.000415207  -0.000623546  -0.000881072  0.000167057 
6 0.000112571 7.3191 0.0554003 0.0500399 -0.0331115  -0.0263176  0.0249467  -0.0196588  0.0111296  -0.00351963  0.00840965  0.00730905  0.00327694  -0.00050725 
7 0.00131098 0.885817 0.044969 0.0531813 -0.00738652  0.0135416  -0.0243908  0.0192278  0.00756406  -0.010421  -0.0153004  -0.00974767  0.0126722  0.0128118 
8 0.000206036 0.724034 0.013588 0.0448019 -0.00969585  0.00133048  -0.0031046  -0.000635364  0.00596702  0.00346156  2.03453e-05  0.00255473  0.00494881  -0.000454213 
10 -6.07279e-05 0.436394 0.00393102 0.054695 0.00209569  0.000757561  -0.000368214  -0.00171205  -0.000916609  0.000405965  -0.00135598  0.000969755  -0.00190682  1.88913e-05 
12 0.00148716 0.630944 0.0279175 0.0715992 -0.0124961  0.00785033  0.00856402  0.00427046  -0.002298  -0.000249472  -0.00162643  -0.0186613  -0.00473601  -0.00955849 
16 -0.000271708 -3.319 0.0644132 0.0958595 -0.0204809  0.000577175  -0.0232253  0.0284547  0.00542184  -0.01033  0.00975973  -0.0248507  -0.036619  -0.0137953 
19 -0.000508993 0.242382 0.022907 0.120389 0.00391048  0.00588632  -0.000134571  0.00278747  -0.0145108  0.0136357  0.00126718  0.000352331  -0.00638871  -0.00528797 
21 0.00638698 0.597537 0.0500343 0.139693 -0.0152545  -0.00328049  -0.00412496  -0.031813  -0.00304642  -0.0134145  -0.00400415  0.0206855  0.0152522  0.0191077 
24 0.000524191 0.522735 0.00691339 0.143176 -0.00192297  0.000547297  0.00248319  0.00513062  0.00305214  -0.00087124  -0.00041477  0.000248051  0.00065672  -0.0007541 
27 0.00410803 1.19117 0.106426 0.170329 -0.0340313  0.0345576  0.0371152  -0.0165062  0.0176111  0.0179713  -0.0549264  0.0397382  0.0380441  0.0254501 
28 0.000605207 0.997413 0.0346957 0.166265 0.000455558  -0.00991841  -0.0208893  0.00600999  0.0154235  -0.00905297  0.00798997  0.0091241  -0.012875  -0.000167354 
31 0.00369907 2.87963 0.187077 0.190948 -0.114701  0.0335693  -0.0315204  0.0410915  -0.0478779  -0.00139873  -0.0675616  0.0383188  0.00275287  -0.0984785 
32 0.00708143 0.949665 0.112681 0.184433 -0.0423321  -0.0456432  0.0103723  -0.0580753  0.00205167  -0.0152827  0.00932472  0.0400114  -0.0389915  0.0435356 
33 0.00913378 1.12141 0.150259 0.166009 -0.0104847  -0.053229  0.0482123  0.0940007  -0.0250761  0.0188762  0.0723448  -0.0185826  0.00499958  0.0434151 
35 0.00477861 0.666072 0.0563641 0.14088 0.0116174  0.0365309  -0.00538232  -0.00406548  0.0301747  0.00845807  0.00579217  -0.0116014  0.0226213  0.00016764 
38 0.0055994 0.813629 0.0837519 0.139098 -0.00722138  4.77688e-05  0.0151723  -0.0344901  -0.00189676  -0.0532576  0.022194  -0.0345954  0.010088  -0.0301879 
39 0.000387333 2.34493 0.05345 0.124268 -0.000622495  0.0120537  -0.0187705  -0.0219894  0.0102499  -0.00488902  0.018567  0.0108604  -0.0296111  0.0201716 
40 0.0028391 0.571555 0.0285551 0.130081 -0.00348382  -0.00604999  -0.0213757  0.00702391  0.00101091  0.0150916  -0.00338164  -0.00402068  0.000738374  -0.00186424 
42 0.00335997 0.571251 0.0310082 0.135197 -0.0199095  -0.000527229  -0.0116138  0.00568331  0.00732369  0.0104079  -0.00606094  0.00535481  -0.0101626  -0.00818607 
43 0.0015251 1.18098 0.064421 0.130084 -0.0129238  -0.0103097  -0.00154183  0.0340044  -0.0180421  0.0178722  0.0125512  -0.00369871  0.04305  0.00697331 
44 0.00484917 0.737174 0.0678109 0.131672 -0.00379975  -0.00422114  -0.00299888  -0.0371342  0.0286658  0.0196539  -0.0086869  -0.0375744  0.00150255  -0.0219216 
45 0.000217514 10.7685 0.0944633 0.120679 -0.0404742  -0.000568202  0.0163601  0.0176413  -0.0126748  -0.00616979  0.0587637  -0.0275578  0.0400265  0.0263159 
47 0.00197039 0.603567 0.0285889 0.132114 -0.0158897  0.00688778  -0.00523282  0.000451338  0.00831908  0.010894  -0.00422672  0.0148027  0.00783417  -0.00188922 
48 0.00308955 0.713574 0.0513733 0.130467 -0.0244279  -0.00149485  -9.12165e-05  0.00758503  -0.0165859  -0.0185426  -0.0251216  0.0171631  0.012475  0.0168079 
50 0.00360592 0.632564 0.0437567 0.128966 0.00201068  -0.00567277  0.0191271  -0.0158455  -0.0157381  0.0188675  0.00779078  -0.0082986  -0.0229824  -0.000265594 
51 0.00168314 1.52711 0.0830945 0.121329 -0.0206297  0.0218371  0.0305408  0.0141129  -0.0352961  0.00956636  -0.0281087  -0.0178471  -0.0149735  -0.0469062 
53 0.0012958 0.749146 0.0359328 0.127238 -0.00700153  -0.00505685  -0.00186589  0.00760132  0.0219352  0.0028258  0.00957555  0.0136773  -0.0109575  -0.0163508 
54 0.00425288 0.682932 0.0557956 0.128956 -0.0286979  0.00997333  -0.0222311  0.0146366  0.0171601  -0.0274509  0.000917867  0.0195485  0.00295844  0.00647269 
55 0.000621909 0.591709 0.0151081 0.117248 -0.00174675  -0.00673492  0.00205467  0.00347853  0.0078091  -0.00105204  -0.00191633  -0.00595987  -0.000254108  0.00788519 
57 0.0041234 0.90633 0.0817981 0.127977 -0.00720104  0.0231579  -0.0118132  -0.0392125  0.0205819  -0.00621527  -0.0373679  0.0140519  -0.0485052  -0.00409736 
61 0.0019336 0.76377 0.0451606 0.143501 0.000511227  -0.0375982  -0.010166  0.000265123  -0.0202726  0.00327297  0.00542701  -0.000478229  -0.00157395  0.00826605 
63 0.00130414 1.95421 0.0870327 0.155067 -0.0311444  0.0165025  0.00701795  0.0352007  0.0238855  -0.0323709  -0.0128107  0.000966189  0.0142115  0.0553049 
64 0.00174999 0.782702 0.0444772 0.158468 0.00961723  0.00843961  -0.000303864  -0.0181752  -0.022544  0.0177112  0.00650527  0.00870856  -0.01251  -0.0196849 
65 0.000952174 0.535194 0.0115945 0.161634 -0.00224945  -0.000105339  0.00149437  0.00301112  0.00228026  -0.00277956  0.00597556  -0.00798662  0.00237059  -0.000149141 
66 0.00938042 0.719444 0.0907232 0.167604 -0.0549869  0.00805051  -0.014954  0.0170279  -0.0325314  0.0464824  0.029272  0.00183404  -0.0139553  0.0188383 
67 0.00309048 0.83147 0.0639839 0.144123 -0.02082  -0.0254464  0.00834087  0.0121795  -0.00852435  0.0168568  -0.0306037  -3.20125e-05  0.0359801  -0.01439 
71 0.00561355 0.742686 0.0737974 0.161522 -0.011613  -0.00415079  -0.00594977  -0.0430259  0.0315575  -0.00683747  -0.00658727  0.010673  -0.0361632  0.0299937 
73 0.00811759 0.69963 0.0805191 0.159464 -0.0356123  0.0451105  0.0204343  -0.0228955  -0.00488103  0.0108688  -0.0167004  0.00826923  0.0138124  -0.039476 
74 0.00435406 1.89834 0.155682 0.139285 -0.112912  0.0165869  0.0647311  -0.0216134  0.00503806  -0.0580066  -0.00325874  -0.0141618  0.0409991  0.0356794 
75 0.00356027 0.571074 0.0318835 0.122694 0.00739401  -0.0048174  -0.00963778  0.0100664  -0.00669141  -2.29604e-05  -0.00685509  -0.0207079  -0.0124041  -0.00836744 
76 0.00345455 0.729517 0.0563093 0.108838 0.0225134  -0.0231527  -0.00936526  -0.0112805  0.0158673  0.0180292  0.00546493  -0.0290758  0.000960614  -0.0214444 
78 0.000423461 0.580365 0.0116698 0.102906 -0.00281737  -0.000228694  0.00165743  0.000646205  -0.0100024  -0.00232348  0.00347958  -0.00031742  0.000466029  0.00267537 
79 0.00231798 0.630357 0.0347816 0.107267 0.00229902  -0.00793488  -0.0117522  -0.00570045  -0.00146317  -0.01632  0.0168542  0.0138495  -0.0117717  -0.00937963 
80 0.00166826 1.58648 0.085082 0.103812 -0.0436279  0.0341942  -0.0168007  0.0293135  0.000817447  0.0445295  -0.0195886  0.00673378  0.0110799  0.0221222 
84 0.00582539 0.660766 0.0612402 0.118167 -0.015679  -0.0349906  -0.000699524  -0.0194863  -0.0165313  0.00973446  0.0383526  0.00370922  0.00427389  -0.00538439 
85 0.00111667 1.16471 0.0544695 0.0977478 -0.0264341  0.0108026  -0.00786797  0.0164022  0.0247255  -0.00507059  -0.00163556  -0.0186514  0.0182301  0.0223739 
88 0.00428961 0.799553 0.0716571 0.110688 -0.026009  -0.00585767  -0.0286534  -0.0090212  0.0402855  -0.0111632  0.0149324  0.0219565  -0.0320263  -0.0065781 
90 0.00118629 0.774946 0.0361162 0.102339 0.00452864  -0.0208011  -0.0140178  0.0145718  -0.0184543  -0.000108252  0.000617382  0.00147139  0.00102772  -0.00990816 
93 0.00400058 0.58201 0.0362971 0.121705 -0.0178126  -0.00395172  -0.00616462  -0.0282744  0.00234744  -0.0035157  0.00103866  -0.00635087  0.00368329  -0.00861867 
94 0.00312252 0.985005 0.0777728 0.112715 -0.0449344  0.0227237  -0.0271425  -0.010965  0.00606943  -0.00413738  -0.0262955  -0.0402649  0.00862412  -0.0146679 
97 0.000579603 1.85571 0.0560456 0.117246 0.0174379  -0.0235255  0.0202248  -0.00746861  -0.0111721  -0.0169004  0.00043854  0.0270445  -0.0210636  -0.0152658 
99 0.00590151 1.29152 0.136396 0.132807 -0.092318  -0.04354  0.0331607  -0.00877805  0.0110926  0.0670476  0.0155829  0.0382683  0.0155828  -0.0209813 
101 0.00140396 5.56609 0.168318 0.115462 -0.0258909  0.027089  -0.0120807  0.0665591  -0.04164  -0.116595  0.0664027  0.00281449  -0.0228578  0.0456369 
103 0.00287854 1.0194 0.0772755 0.115198 0.00626248  0.0185722  0.0518943  0.0128224  0.0134206  0.000887731  -0.0387821  -0.0255739  -0.00472994  -0.0191986 
104 0.00329835 0.621588 0.0400827 0.107204 -0.03501  -0.000948726  0.000339933  -0.00827762  -0.00508376  -0.00626426  -0.0076392  0.00713887  0.0114744  0.00230714 
105 0.00473803 0.676854 0.0579104 0.0937864 -0.0136409  0.00754582  0.0087225  -0.016348  0.00208337  0.0388855  -0.0198842  -0.0254518  -0.0126836  -0.00684044 
107 0.000140453 0.52406 0.00367782 0.0729092 -0.00177934  0.00115351  -0.000486806  -0.000478745  -0.000194965  -0.000300377  -0.00232369  -0.00106209  -0.00138054  4.24938e-05 
108 0.000634831 1.89292 0.0594524 0.0778657 -0.00742461  -0.0268026  -0.0222708  0.025515  -0.000163989  0.0103062  -0.0102021  -0.00185834  0.0373905  0.00149949 
114 6.82727e-05 25.0184 0.0817919 0.118592 -0.00688016  0.0229644  0.00803435  -0.0249383  0.0045599  0.0560448  0.0218984  -0.0105405  -0.0362181  -0.019093 
116 -0.000145996 -0.29939 0.0216067 0.134904 0.00358501  -0.0024901  -0.0132085  0.00641405  -0.00367329  -0.000180239  -0.00580662  -0.000450995  0.0131851  -0.00330086 
117 0.00306951 0.539362 0.0220731 0.144286 -0.00938694  0.000615864  0.00719597  -0.00750187  -0.00207365  -0.0111052  0.000833582  -0.00153335  0.0125518  0.00156394 
118 0.007188 1.19218 0.140737 0.142265 -0.0635243  -0.0512482  -0.0196626  0.00860604  -0.0113869  -0.0780497  -0.0330757  0.0443422  -0.0569505  0.0126264 
119 0.00555383 0.997007 0.104932 0.120383 -0.0231572  0.00674013  -0.0558211  -0.0346233  0.00394119  0.00831028  0.046868  -0.0389003  0.0451592  0.0167505 
121 0.00146726 0.706475 0.0348112 0.107041 -0.00680315  0.00755244  0.0186588  -0.0162323  0.0119243  -0.00999587  -0.0103821  -0.00873131  0.00840792  -0.000195558 
122 0.000832308 1.15209 0.0465811 0.106806 -0.0106264  -0.018078  0.0210513  -0.0142884  -0.0109507  0.00837548  -0.0111141  0.0217935  0.00716941  0.0155821 
123 0.00158424 0.890928 0.0497576 0.109448 -0.00394603  0.0372825  -0.00770201  4.94386e-06  0.0186101  -0.00170606  -0.013546  -0.00378289  0.0196995  -0.0087079 
125 0.00085127 0.71465 0.0270349 0.116811 0.000629065  0.00336788  0.0116921  0.0111588  -0.00166167  0.000744772  0.015242  0.00289519  -0.00112519  0.0145823 
127 0.00131371 0.622104 0.0253382 0.129877 -0.00486564  0.00194895  0.00227606  -0.00716284  -0.0147471  -0.00111623  -0.00592618  -0.0123569  -0.0121813  -0.00177399 
130 0.00100237 0.508284 0.00580509 0.151243 -0.00288174  -0.000598628  0.00259878  -0.00113994  0.00128938  0.00211791  0.000921787  -4.52411e-05  -0.00311399  -0.000535194 
131 0.00350146 0.602386 0.0379124 0.157018 -0.0112382  0.0162513  -0.0132844  -0.0121415  0.00789056  0.0129923  -5.72427e-05  0.0158254  -0.0140612  -0.00662027 
132 0.00150687 0.507064 0.00660914 0.15465 -0.00567852  0.00159002  -0.00199853  0.000758036  0.000734939  -0.0014482  0.000998795  -0.000109414  -0.000830974  2.62614e-05 
134 0.00540085 1.47976 0.145149 0.168222 -0.0949829  0.0103187  -0.0420476  0.00348237  0.0149015  -0.0245045  0.02186  -0.0723564  -0.0424921  0.0426433 
135 0.000682452 1.32931 0.0475675 0.155745 -0.00282836  0.00499925  0.0112043  -0.00858205  0.00765319  0.0202271  -0.0111985  -0.0109227  -0.0215374  -0.0292268 
138 0.00519009 2.52194 0.204116 0.169224 -0.046329  -0.00992049  -0.00927022  0.116673  0.0144589  0.0627346  -0.0153018  0.133696  0.0264903  0.0525806 
139 0.00673455 0.671124 0.0679278 0.156911 -0.0265804  -0.0236729  -0.0124991  -0.0235809  -0.0379175  -0.00599883  -0.0189395  0.00231561  0.0281827  -0.00170929 
142 0.00325953 0.541606 0.0233845 0.144904 0.00146103  0.00245874  0.0142061  -0.00331352  0.00560145  -0.00961219  -0.00907646  -0.00777913  -0.00370936  -0.00674058 
143 4.37698e-05 0.508557 0.00122439 0.13857 0.000185883  -0.000319259  -0.000137017  0.000597649  -4.12973e-05  -0.000265289  2.96784e-05  -0.000904512  0.00011876  -0.000285473 
144 0.00281267 0.644894 0.0403916 0.144292 -0.0172503  0.00779641  0.0187936  -0.00287619  -0.0258022  -0.00515095  -0.00331325  -0.000771903  -0.00997902  0.0104027 
145 0.0055727 0.552196 0.034286 0.139745 -0.0143786  0.00503427  0.0166918  -0.0124665  0.00450358  -0.00198532  0.00456755  0.0105087  -0.00380938  -0.0184223 
147 0.00824293 0.955555 0.12233 0.130503 -0.0533805  -0.00461811  0.0640067  -0.0486087  0.00869382  0.0239015  0.00983798  -0.0348428  -0.0289446  -0.0532788 
149 0.00235023 0.798734 0.0529797 0.102694 -0.0146223  -0.0144312  0.000995952  0.0101714  0.000766062  -0.0323063  0.00343666  0.0285405  0.0200758  0.00257577 
153 0.00693208 0.740005 0.0815495 0.113479 -0.0295869  0.0187556  -0.0442297  0.0132977  0.0313748  0.00292498  0.010627  -0.0153206  0.0143764  -0.0417468 
156 0.000611312 1.15463 0.0400013 0.0990102 -0.00518688  0.000940974  0.0166524  0.00355584  0.00818465  -0.0115814  0.0155489  -0.018963  -0.0141007  0.0167647 
157 0.0018074 0.942198 0.0565188 0.10376 -0.0192799  -0.0240669  0.00132234  -0.0180593  0.00186276  -0.0124273  0.0111732  -0.0376469  0.0133471  0.00611378 
158 0.00231028 0.6308 0.0347825 0.10173 -0.0188577  -0.00230154  -0.0189124  -0.000894531  -0.00732606  0.00933984  0.0132748  -0.0055903  -0.00970219  0.00692293 
159 0.00128579 0.812037 0.040054 0.0961914 -0.0266347  -0.00307628  -0.00566392  -0.00480953  -0.00677918  0.0115163  -0.00602686  -0.0218931  -0.00375829  -0.011041 
161 0.0013402 0.781842 0.0388651 0.0996259 -0.0167014  0.00423648  0.0164938  0.0137651  -0.00534452  0.0151958  0.0183103  0.00999317  -0.00604872  -0.0045715 
162 0.000885399 0.621159 0.020719 0.0976256 -0.00759587  -0.00309137  -3.86773e-05  0.00136206  -0.0137429  -0.0111201  0.0049201  -0.00240313  0.00378566  -0.00182382 
165 0.00125325 0.534692 0.0132129 0.110563 -0.0047225  -0.00424676  -0.00535995  -0.000163029  0.00548648  -0.00517246  -0.00606047  0.00337914  -0.000515645  0.000466715 
166 0.000398889 9.45756 0.119432 0.111669 -0.0285289  0.0603031  -0.0694845  0.034633  -0.0337703  0.0273569  -0.0129213  -0.00446043  0.0339104  0.0236759 
167 0.00107729 1.84716 0.0761471 0.114887 0.0143368  -0.0125132  0.0325301  -0.0127675  0.00188071  0.0333055  -0.00447878  0.050849  -0.0216214  -0.00539222 
168 0.00250482 3.69516 0.178463 0.117204 -0.107969  -0.0218902  0.0918038  -0.0526396  0.0197814  -0.0703601  0.0329491  -0.000490055  0.0160915  -0.0427448 
171 0.00240138 0.638972 0.0365507 0.103926 -0.0109666  0.010997  -0.019196  0.0139585  0.00950129  0.0159597  -0.00633247  -0.000737207  -0.00022943  -0.0120726 
177 0.00374855 1.87153 0.143112 0.107781 -0.0202753  -0.0415554  -0.0782883  0.0313775  -0.032328  -0.0160917  -0.0333899  -0.0227617  -0.0412699  0.0811739 
182 0.00969464 0.859294 0.117849 0.118434 -0.0760431  0.0399106  0.0227412  -0.0226564  0.0141601  -0.0153945  0.0190196  0.00153787  0.0683105  0.00380181 
188 0.00152735 0.653561 0.0306351 0.0961006 -0.00475211  0.0139025  0.00549937  0.0146864  0.0105834  0.0120044  -0.00235309  -0.00161325  -0.0145663  0.000530222 
189 0.00148979 0.688538 0.0335207 0.0955171 -0.00912343  -0.00366452  -0.000937905  -0.00400402  0.0209708  -0.0121849  -0.00599935  0.00258957  0.0036956  -0.0191171 
190 0.00484363 0.722023 0.0655787 0.0952195 -0.0498243  -0.0309287  0.00705011  0.00705221  0.00946507  0.00628641  -0.0188661  -0.0136053  0.00596128  0.0075102 
191 6.20122e-05 0.502688 0.00081764 0.0697872 -0.000623014  3.13795e-05  -0.000153668  -0.000194132  -0.000167901  0.00015651  -0.000329918  -0.000227576  -1.14767e-05  -6.81799e-05 
195 0.00129976 0.561228 0.0178592 0.0964371 -0.00712738  0.00613593  -0.00395228  0.00646894  0.00141177  -0.00545753  0.000489746  0.0118235  -0.0010282  -0.000405791 
197 0.000752554 0.717963 0.0256144 0.105651 -0.00615685  0.00714269  0.00747103  -0.00299928  -0.00791418  0.00707856  0.00447379  0.00303984  0.00427588  0.0184955 
198 0.00296898 0.734919 0.0528126 0.110304 -0.0234038  0.01397  -0.0155  -0.0112206  0.0201939  -0.000563795  -0.0309205  0.00467854  -0.01148  -0.0127379 
199 -2.11277e-05 0.480007 0.00129996 0.103401 0.000100602  0.000408123  -0.000366205  0.000535081  -0.000393548  -0.000364619  -0.000436188  -0.000208892  0.000716778  -0.000239361 
200 0.00462697 1.3464 0.124937 0.111373 -0.0792831  -0.0166178  -0.0250358  -0.0095985  -0.02826  0.0823722  0.00731948  -0.00973775  0.0225183  -0.00943472 
201 0.00112614 0.553231 0.0155007 0.0899628 -0.00417173  0.00123181  -0.00554983  0.000682941  -0.00124126  -0.0108814  0.00456893  0.00649891  0.00144449  0.002223 
203 5.56404e-05 14.6267 0.0560601 0.0834734 0.00633764  -0.0110408  -0.00210235  -0.0102192  -0.00821081  -0.0421734  -0.00161616  -0.0276977  -0.00740768  0.0141832 
204 0.00182613 0.570623 0.0227382 0.0831394 -0.00374324  -0.0115222  0.00573651  0.00937495  -0.000185368  -0.00656312  0.00798672  0.00752689  -0.00882399  -0.00283603 
205 -0.00033685 0.475258 0.00577924 0.0713281 0.00254811  0.00164886  -0.00270769  -4.98578e-05  0.00191855  -0.000160462  0.00210995  -0.00104984  0.00200807  -0.00188705 
206 0.0031694 0.78994 0.0606074 0.0736519 -0.0249627  0.00357442  0.0108262  0.0291409  -0.0138874  0.0083702  -0.0208046  0.0336019  -0.0111123  -0.0110736 
211 -0.000392079 -0.298247 0.035384 0.0475418 -0.0212914  0.00098715  0.0116419  0.00513752  0.00632176  0.0119381  0.00393873  -0.00762373  -0.0171802  -0.00919386 
213 0.00114483 0.63249 0.0246369 0.0515012 0.00910217  0.00910611  0.002338  -0.000185973  -0.0147457  -0.0077871  -0.000329189  0.00175621  0.00725268  -0.0100915 
215 -3.81817e-05 -14.3623 0.0476368 0.0388355 0.0254101  -0.0137767  0.00703349  -0.0262602  -0.00376166  -0.00234041  0.0119053  0.0153128  -0.0018459  -0.0171893 
218 0.000856042 1.0268 0.0424623 0.039324 -0.00906079  0.0226322  0.0168204  0.00461204  -0.0108348  -0.00482429  0.00302792  -0.010491  0.00427059  0.025028 
220 -0.000105337 0.325035 0.00858663 0.0262813 -0.00325699  0.000170475  -0.00400715  0.00184511  -0.00178196  0.00057914  -0.00205572  -0.00311871  0.00489959  0.0014705 
221 -0.000119603 0.427386 0.00589478 0.0282143 -0.00125331  -0.00192829  0.00204893  -0.00235504  -0.00190898  0.00123668  -0.000438657  0.00211635  -0.00304219  -0.00078429 
222 -0.00144764 0.158015 0.0445228 0.0302598 0.00931566  0.0131708  0.00669354  -0.0200519  0.00699125  -0.00765822  0.00145154  0.0260688  -0.0219852  0.00160612 
226 -0.00151632 0.0014877 0.0550083 0.0486246 0.0232518  -0.0131806  0.0090807  0.00542582  -0.0156529  -0.0242899  0.0118926  -0.0260842  0.00674274  -0.0223011 
228 -0.000703128 -0.251401 0.0459756 0.0623042 0.00366546  -0.0109917  -0.0196794  0.0137013  -0.0121863  0.0186982  -0.0216029  0.0163189  -0.0122615  0.00479929 
229 0.00215951 0.833513 0.0536571 0.067714 -0.00636122  0.0130325  -0.00206067  0.0124206  0.0240246  -0.00686942  0.0387944  -0.010449  0.0151916  0.00639626 
230 7.59587e-06 0.628189 0.00197354 0.0492749 0.00114908  0.000259035  1.65597e-05  -0.000573169  0.000606101  0.000217224  1.33262e-05  -0.000860301  0.00101087  4.32306e-05 
231 0.000808412 1.31005 0.0511648 0.0491977 -0.0193244  -0.0208315  0.0274174  -0.00640071  0.00308868  0.00849228  -0.0266327  -0.0052339  0.0121492  -0.00719806 
234 0.000233244 2.21767 0.0400258 0.0401538 0.00455046  0.0217024  -0.0211553  -0.00357257  -0.00773489  -0.00281887  -0.019799  0.00634822  -0.0108286  0.00572035 
235 -2.53198e-05 0.491992 0.000900769 0.0371364 -0.00015085  0.00056292  -0.00026559  -0.000351874  -0.000383906  -0.000104004  -7.03947e-05  -0.00012169  -0.000220231  0.000225679 
236 -0.000189985 -1.48327 0.0388207 0.0374758 -0.00545771  0.0141832  0.00861562  0.0119432  0.00877766  -0.00167831  0.0119274  -0.0207174  0.0168098  -0.0111947 
238 0.00115219 0.913789 0.0436597 0.0399304 -0.00292217  -0.0105472  -0.0116703  -0.0226108  0.0279659  0.010199  0.0038599  0.00867358  -0.00329911  0.0123215 
239 -1.9661e-05 -0.206962 0.00745645 0.0210454 0.000512448  0.0024882  -0.00147344  0.0021154  -0.00423467  -0.0021281  -0.000689251  -0.00331447  0.00290071  -0.000403504 
240 -0.000116567 0.210836 0.0116121 0.0215074 -0.00705245  -0.00239456  -0.00176887  -0.00340826  0.00299948  0.00300183  0.00364719  0.00280997  0.00453164  0.00220954 
241 -9.5172e-06 -0.319475 0.00558539 0.0240654 0.000895134  0.000175653  0.00337058  0.000623141  -0.000277998  0.00353278  0.000169323  0.00176389  0.000399961  -0.00166058 
242 -0.000425361 0.415823 0.0119725 0.0242623 -0.00786122  -0.00422192  0.00333583  -0.00279238  0.00366207  0.00222406  -0.00132023  -0.00205371  0.0038764  -0.00233412 
243 -0.00020135 0.284181 0.0131854 0.0318451 -0.007924  0.0013256  -0.00825433  -0.000685498  0.000838701  0.000826678  -0.0011582  -0.00142893  -0.00282236  0.0052885 
246 -1.96114e-06 -0.483711 0.00277791 0.0348638 0.00116908  -0.000803109  0.000282997  -0.000540028  0.00153865  0.000470295  -9.39733e-05  5.12062e-05  -0.000858615  -0.00141281 
249 3.12428e-05 0.519949 0.00157909 0.0348919 0.000176699  0.000464226  0.000179116  0.00062244  0.000626469  0.000111387  -0.000289255  0.00069376  -0.000576687  -0.000724486 
250 -0.000184953 0.385908 0.0091886 0.0344413 0.00149975  0.00453033  -0.00462426  -0.000442364  0.00313797  0.00023938  -0.00257272  -0.00186961  -0.00201936  0.00399768 
251 0.00019252 1.21426 0.0234513 0.0370293 0.0133656  0.00176589  0.00543005  0.0105863  -0.00105076  -0.0027603  -0.00746485  0.00301929  0.012321  0.0011314 
253 0.000567408 0.684291 0.0204522 0.0343317 -0.00515847  -0.00385797  -0.00293804  0.00780532  -0.000702684  -0.0136274  0.00312836  0.00423617  -0.00838353  -0.00479886 
255 -0.000101238 0.19143 0.0111788 0.0247269 0.000984296  -0.0027359  5.67042e-05  0.00142271  -0.0025827  0.00600216  0.00016196  -0.00040183  0.00650587  0.0054105 
257 -5.71136e-05 0.480353 0.00211902 0.0266958 -0.000747095  -0.00116532  -0.000177975  -0.000292676  0.000378567  -0.000440856  -0.000116443  -0.000228651  0.00115282  -0.000851042 
259 -0.000297584 -0.0299524 0.0251179 0.0277449 0.00681249  0.00555395  0.0123277  0.00080004  0.00558696  -0.00550683  -0.00982903  0.00769663  -0.0094435  0.00971977 
260 0.00061193 0.88526 0.030705 0.0326712 0.000339951  -0.00410642  -0.0016133  -0.00155183  -0.00834184  0.00405946  0.0235961  -0.00651785  -0.0150205  0.00314111 
261 -7.96248e-05 0.03862 0.0121225 0.0213463 0.0012874  0.00627138  -0.000552008  0.00122997  -0.00363058  -0.00173011  -0.00694447  0.000989444  -0.00621861  0.000316623 
264 2.84794e-07 0.504854 7.43589e-05 0.0231364 2.32825e-05  4.33791e-05  -4.59543e-06  -9.34455e-06  -3.26272e-05  1.49435e-05  3.11335e-05  8.26272e-06  2.58447e-05  -1.9031e-06 
265 0.000149029 1.78253 0.0276481 0.0231302 -0.00742583  0.00216315  0.00285067  0.00264268  -0.00785526  0.00353762  -0.00924924  0.000380248  0.0125573  -0.0192843 
270 -6.14118e-06 0.0126171 0.00346013 0.0196466 0.0012415  0.000893402  0.00105792  0.00047034  0.000654183  0.00133671  0.00208321  0.000801959  0.000452289  -0.000943566 
271 -0.000489724 0.214479 0.0236542 0.0198023 -0.00827269  -0.00425094  0.00672103  -0.000715904  -0.00197361  0.00918183  0.00463221  0.00424499  0.00540253  0.0164458 
274 -0.000317783 0.277931 0.0168037 0.029698 0.000690968  0.000888255  -0.00310238  0.00128749  -0.00915204  0.00905941  0.0047338  -0.0076556  0.00160509  -0.00451543 
277 6.84987e-05 1.36351 0.0153813 0.0346382 -0.00202495  -0.00624127  -0.00408221  0.00555141  -0.00861611  -0.00599685  -0.000762438  0.00482131  -0.00335682  -0.000868605 
278 0.00035533 1.63658 0.0401858 0.033635 -0.00268852  -0.00620177  -0.0046403  -0.0221049  0.0148635  -0.0205807  -0.0146886  0.00919273  -0.00340649  -0.0101338 
279 -0.000172267 0.185696 0.0147175 0.0278576 0.00361414  -0.0011524  0.00530674  -0.00879764  -0.00114503  -0.000428746  -0.000214694  -0.00787405  -0.00339389  0.00464701 
281 3.39735e-05 1.05613 0.00869328 0.0307949 0.000805269  -0.000889048  0.00287299  0.00200984  -0.00268588  -0.00343142  0.00444714  -0.00123537  -0.0022663  -0.00405127 
282 2.7383e-06 0.917528 0.00213852 0.0302383 0.000188776  -0.00057319  0.000166819  -0.000707616  0.00122831  -0.000483437  0.00111183  -0.00077623  7.34245e-05  0.000306546 
286 -7.83253e-06 0.487119 0.000635294 0.030193 -0.000172843  0.000198306  0.000317699  9.3276e-05  0.000135366  0.000134863  -0.000390832  0.00011468  -4.46583e-05  0.000142681 
287 -0.000443717 0.341258 0.0167898 0.0303224 -0.00289146  0.0111369  -0.00154783  -0.00737186  0.00330544  -0.000621183  -0.0014239  0.00184602  -0.0049234  0.00719579 
288 -0.000255526 0.444454 0.00753743 0.0369224 -0.00374672  0.00127144  0.0018697  7.02095e-05  0.00334323  -0.000546253  0.000754113  0.00331464  -0.00348696  0.00157089 
289 -7.63447e-05 -0.824308 0.02011 0.0402346 0.00514965  -0.0131999  0.00842156  0.0016986  0.00487469  0.00161078  0.00174009  0.0055607  0.00536298  0.00638606 
291 -0.000293577 0.481866 0.0046197 0.0411724 -0.0011091  0.0014884  0.00321629  -0.00113726  0.00176502  -0.000919596  -0.000917264  0.00112543  0.000317712  0.000297431 
293 0.000113505 1.07527 0.0161607 0.0445959 0.00444124  0.00078985  0.00468882  0.00558411  -0.00313463  -0.00289999  0.00559221  0.00297595  -0.00687357  -0.00905769 
294 5.58546e-05 1.59894 0.0156687 0.0433046 0.00492008  0.00520451  0.00015262  0.00688682  -0.00933803  -0.000594805  -0.00233086  0.000885068  -0.0013563  0.0071523 
295 -0.000127662 0.409468 0.00680009 0.0426549 -0.000514702  0.000786021  0.000242217  -0.00183566  0.00302906  0.00248901  5.61907e-05  0.00172993  -0.00438038  -0.00209196 
296 0.000296111 1.22175 0.0292352 0.0441261 -0.00813286  -0.00632821  -0.000160941  0.000596705  0.00477439  0.0035924  -0.00207308  -0.0227301  0.0127027  0.0054876 
297 4.14774e-06 0.520505 0.000583275 0.040633 -0.000314589  0.000111634  -0.000149719  -0.000100784  0.000328399  2.57765e-05  0.000140797  0.000213135  0.000149674  -6.73762e-06 
298 1.28699e-06 0.504144 0.000146061 0.0405819 5.85962e-05  4.76954e-06  9.42611e-06  1.74844e-05  8.82595e-05  7.2261e-05  -2.35815e-05  -5.99843e-05  1.5438e-05  8.89987e-06 
299 -4.22874e-05 0.342969 0.00515394 0.0405661 -0.000607203  -0.00321849  -0.000141554  0.000854252  8.82986e-05  -0.00128323  0.00158232  0.000860613  -0.00317842  -0.000291078 
300 -6.88681e-05 0.482842 0.00217466 0.041084 0.000486516  -0.000282569  7.26322e-05  0.000113446  0.000580243  -0.00096855  0.00011738  -0.00104572  -0.000624562  0.00127369 
301 -2.20264e-05 -0.0926959 0.00722636 0.0419138 -0.000252423  -0.00137237  -0.000299086  0.0019262  -0.00407586  -0.00463701  0.000511384  0.000831172  -0.00151516  -0.00226073 
302 -4.91602e-05 0.464564 0.00263998 0.0421757 0.000294098  -0.00188955  6.36915e-05  -0.00031489  -0.000228746  -0.00106283  -0.000338918  -0.000457887  -8.32939e-05  -0.00130232 
303 -0.000973563 0.296536 0.0281624 0.0427546 -0.00592775  -0.00969695  0.00630893  0.00454162  0.0191781  0.00471462  0.00776056  0.00358442  0.0104401  0.00560595 
304 0.00058548 1.00214 0.0342873 0.0529338 0.00431513  0.0142962  -0.00772749  -0.0047924  0.00253934  -0.0115085  0.00989281  0.00372227  -0.00170081  -0.024828 
305 0.000304078 0.587089 0.0102935 0.0470817 -0.00067845  0.00703549  -0.00436462  -0.0031861  -0.00409521  0.00118949  0.000481382  -0.0025451  -0.000130191  -0.00137291 
307 0.000336687 0.554983 0.00860763 0.0437339 0.00221821  0.00152605  -0.00274503  0.00403237  -0.000282541  0.00378072  0.00384779  -0.00154742  -0.00270773  0.00203502 
309 -0.000134238 0.382992 0.00792719 0.0396991 0.00311949  -0.00181645  0.00419855  0.0034132  0.00150291  -0.00321637  -0.00261691  0.000376711  0.000181537  -0.000951301 
310 0.000770661 0.676325 0.0233152 0.0413554 0.0161088  0.00477519  -0.00614669  0.000569474  -0.00358829  0.00568955  -0.0117707  0.0054473  -0.00294352  -0.00102978 
311 -0.000124411 -0.766211 0.0251022 0.0306578 0.00811484  0.00454763  -0.00700195  0.00477292  -0.00913314  8.94297e-05  0.00756792  0.00949826  0.015179  -0.00323533 
312 9.43583e-06 0.508828 0.000577261 0.032624 -6.67099e-05  -3.41346e-05  0.000367644  0.000158892  9.8693e-05  6.42806e-05  -4.41174e-05  -0.000355428  -0.000141365  7.12356e-05 
316 9.70746e-05 0.636138 0.00727075 0.032479 -0.000898872  -0.00232827  0.00159051  -9.48602e-05  -0.00316081  0.00351218  -0.00301263  0.00332792  -0.00127245  7.47428e-06 
319 0.000114253 0.530147 0.00371258 0.0309486 -0.000978949  -0.000716895  -0.00103263  0.00217974  -0.00173333  -0.000327012  -0.000190689  -0.000361879  -0.00113465  0.00138827 
320 -0.000177706 -0.0398489 0.01959 0.0290443 0.0110469  -0.00424865  -0.00564699  0.00749233  0.000113103  -0.00216249  -0.00101771  -0.0117319  0.0030569  -0.00171861 
324 9.34438e-06 0.632208 0.00222297 0.0319577 0.000268372  -4.96022e-05  0.000376539  1.84024e-05  -0.000110327  -0.000161446  0.00102543  8.21867e-05  -2.77125e-05  0.00190467 
328 -0.000480165 0.397201 0.014057 0.0318111 0.00336337  0.00468267  0.00177538  -0.00751904  -0.000785838  -0.00144685  0.0027274  0.00638101  -0.00334994  -0.00652557 
330 0.000362318 1.23004 0.0325232 0.0386294 -0.00917932  0.00517315  -0.00608953  0.00788761  0.00819199  0.0144432  0.000236399  0.012336  -0.00945803  0.0181669 
331 -2.30186e-05 0.480155 0.00135186 0.0336151 1.0533e-06  0.000606794  -0.000130243  0.000798716  -0.000109864  -0.000123233  -0.000674352  0.000221337  4.48122e-05  -0.000520962 
332 -6.62245e-05 -1.10462 0.0206168 0.0339558 -0.00997271  -0.00153654  0.00107483  0.0018799  -0.00354401  -0.000476886  0.00377744  -0.000219345  0.000598087  -0.0170613 
336 6.46637e-05 0.522875 0.0024328 0.0349173 -0.00084215  -0.0018799  0.000690062  0.000167524  -0.000570297  -0.000493856  -0.000756145  -4.35039e-05  -0.000135133  9.99607e-05 
337 -9.46601e-05 0.312091 0.00843547 0.0339788 0.00146982  -0.00232605  0.00283418  0.00319757  0.00323124  -0.00373627  -0.00173026  0.00169754  -0.0017043  0.00348547 
338 -0.000161623 -0.083635 0.0194253 0.0353444 -0.000272669  0.00336268  0.00388449  -0.00455055  0.0121998  0.0117104  -0.00635767  -0.000489546  0.00106728  0.00154808 
339 -0.000156413 -0.51228 0.0251664 0.0375614 -0.000839923  -0.0104481  -0.00342965  0.00496916  0.00624686  -0.0103298  -0.0146028  -0.00450644  -0.00904397  0.00509417 
342 0.000161105 0.594148 0.00778964 0.039589 -0.00367938  0.00163454  -0.00291966  0.00406072  -0.00233037  -2.02363e-05  -0.000955575  -0.00348014  0.000962572  0.000270147 
344 0.000173577 0.802728 0.0144975 0.0374992 1.01337e-05  0.00032643  -0.00211019  -0.000673808  -0.00835477  -0.00694182  -0.00172496  -0.00376258  0.00217067  -0.00808264 
345 0.000820771 0.965864 0.039101 0.0351088 -0.0101073  -0.0109271  -0.00806952  -0.0225798  -0.00735652  0.00654129  0.00237573  -0.012845  0.00911812  0.0195366 
349 -4.02525e-05 0.441642 0.00306548 0.0203026 0.000155709  -0.00133432  9.94145e-05  0.000774365  -0.00102006  -0.00162912  -0.000616284  0.00162207  -0.000174734  0.000496991 
351 0.000142875 0.734142 0.0115677 0.0212709 -0.00481449  0.00211757  0.00011455  0.00210696  -0.00140614  0.00374022  0.00651468  -0.00122176  0.00447112  -0.00466949 
