generation s h r distopt trait[0] trait[1] trait[2] trait[3] trait[4] trait[5] trait[6] trait[7] trait[8] trait[9] 
3 0.00351272 0.589542 0.035523 0.1 0.00713732  -0.0265958  -0.0135866  -0.00589525  0.0145977  -0.00185888  -0.0026295  -0.00230787  0.00681575  -0.00300284 
7 0.010558 0.723242 0.0970702 0.27741 0.0128349  -0.0413083  0.0018924  0.0709672  0.0344895  0.0179473  0.000631168  -0.00198182  -0.0314813  -0.00213539 
9 0.0263967 0.629932 0.117715 0.352661 0.0214957  -0.0593341  -0.0326242  -0.0246999  -0.0145886  -0.0294812  0.0591658  0.0327878  0.0344745  0.0367943 
12 0.0119419 0.714064 0.101105 0.455153 -0.0576646  0.00854368  0.0527493  -0.00978121  -0.00626164  0.0484544  -0.0253063  0.00965234  0.0188854  0.0216471 
13 0.00308705 0.536423 0.0213023 0.490825 0.00658149  -0.00642948  0.00956109  -0.000735496  0.0101453  0.00415614  0.00553721  -0.00792044  0.00624633  -0.00495631 
14 0.0267698 0.624128 0.115946 0.536649 0.00213197  -0.0352537  0.00323554  -0.0010665  0.01385  0.0512036  -0.0798047  0.0228519  -0.0404361  -0.029064 
15 0.0500455 0.566783 0.11922 0.559812 -0.022607  -0.0358114  0.0254429  0.00346104  0.000928472  -0.0341765  0.0252738  -0.0916863  0.00753729  -0.0385973 
18 0.0265095 0.518459 0.0476823 0.661716 -0.0181246  -0.0146653  -0.00915968  -0.0372782  0.000387177  0.00265176  0.00878511  -0.00514736  0.00503008  0.0109687 
19 0.0956244 0.516609 0.101128 0.691078 -0.00565454  -0.0708886  -0.0604837  -0.00151775  -0.00658388  -0.00871212  -0.010119  -0.00835939  -0.0268415  0.022298 
21 0.0116907 2.62918 0.31281 0.720449 -0.0432767  -0.0723708  0.155512  0.0525624  0.106336  -0.054573  0.107792  -0.146625  -0.0618557  -0.112085 
22 0.022414 0.627096 0.107231 0.757103 0.0247044  -0.0292331  0.0342334  -0.0225082  0.0364894  0.0224565  0.00303832  0.0593562  0.038417  -0.0388718 
24 0.00515999 4.17423 0.273766 0.832606 -0.0963185  -0.0234743  -0.0125346  0.105557  0.0237299  0.0947859  -0.145159  0.0378606  -0.143687  -0.0334964 
25 0.133944 0.71081 0.335225 0.872881 -0.125751  -0.172577  0.0268858  0.0786141  -0.108488  0.100162  0.121255  -0.128749  -0.076548  -0.0305901 
26 0.0171194 0.552302 0.0607749 0.833746 -0.00491582  0.00231736  -0.0121296  0.0109859  -0.00415659  0.020381  0.010472  0.000269538  0.0263805  0.0464533 
28 0.0319656 0.693332 0.157329 0.900652 0.0751378  -0.0402167  0.000608856  0.0302723  0.0221159  -0.113364  -0.0273357  -0.0226933  -0.0432  -0.0101708 
29 0.0635443 0.526812 0.09218 0.922918 0.0325693  -0.0467151  -0.0175584  -0.0107186  0.0302969  0.00814163  0.021868  -0.0197203  0.00508328  0.0543487 
30 0.135127 0.569827 0.207905 0.929285 0.0913635  -0.0640681  0.0629124  -0.0611029  -0.0451642  0.0370956  -0.0905663  0.0449418  0.0839722  0.0489071 
31 0.0274789 0.823067 0.187733 0.900778 -0.082885  -0.00932366  -0.00161704  -0.0464802  0.110217  0.00151495  -0.114379  0.0038705  0.029153  -0.00513559 
33 0.0614235 0.530347 0.0948888 0.970748 0.0119374  -0.0267299  -0.00321823  -0.00512  0.00197112  0.0208532  -0.017943  0.0381154  0.0487137  0.0593617 
34 0.149441 0.501025 0.101296 0.98336 -0.0477533  -0.0486616  -0.0312324  -0.00787118  -0.0415607  -0.0284062  0.0263779  -0.0033654  -0.0263355  -0.0253044 
35 0.138666 0.525498 0.14707 0.954485 -0.047755  -0.0531131  -0.101639  -0.0349692  -0.0119121  -0.0110222  -0.0121654  -0.036686  0.0112984  0.0555875 
36 0.00817072 0.698551 0.080565 0.929052 0.0538968  -0.0295379  -0.0244734  0.00213505  -0.0173563  0.0043515  -0.0227801  -0.0223085  -0.0246009  -0.0129565 
37 0.0276084 0.551294 0.0771645 0.969792 -0.0268413  -0.00446882  0.0234468  0.00710205  -0.0293387  0.0345262  -0.00612708  0.00916548  0.0490853  0.00547767 
38 0.0262809 0.518698 0.0477089 1.00132 0.00178941  -0.00563757  -0.0294081  0.00980198  -0.00859613  0.0109099  0.0199416  0.0197011  0.00967596  -0.0144183 
41 0.227651 0.747038 0.466935 1.12841 -0.00447871  -0.218463  0.0877582  0.154635  0.0179964  -0.246743  -0.0617182  -0.2153  0.1611  0.0366941 
44 0.17766 0.523913 0.170097 1.03354 -0.0891329  -0.0460613  -0.0284508  -0.0775042  -0.0705705  0.0661131  -0.00709035  0.00845509  0.0367737  0.0350012 
47 0.00328225 0.636233 0.042316 0.951142 0.00185931  -0.00133051  -0.00801963  -0.0055464  0.00684989  0.0200581  0.0122106  0.00135569  3.15052e-06  0.0330175 
49 0.0296025 1.36204 0.31586 0.949418 -0.102846  -0.0835511  0.107627  0.100794  0.0822529  -0.125476  0.116438  -0.0632051  0.0120778  -0.14233 
50 0.177348 0.622876 0.304285 0.933928 -0.0939074  -0.0441076  -0.072125  7.01304e-07  -0.140167  -0.116633  0.041804  0.143157  0.0291643  -0.142412 
52 0.0263251 0.50541 0.0299977 0.841996 -0.000318238  -0.00377012  0.000943768  -0.0283287  -0.00332027  -0.000223986  0.00182688  0.00750059  -0.00227787  0.00250589 
58 0.0736972 0.522705 0.0947513 0.826422 -0.0116971  -0.0324581  -0.0310412  0.0164456  0.0203577  0.0575724  -0.0108277  -0.0049783  -0.00666093  0.0513618 
60 0.207474 0.677752 0.386281 0.782218 0.0844217  -0.145038  -0.00313457  0.102079  0.108433  0.0488612  0.0930406  0.192152  -0.225328  0.0111173 
61 0.120339 1.42488 0.637001 0.650641 0.066914  -0.386275  -0.043958  -0.00449473  -0.32341  -0.111716  -0.125516  0.0983473  0.327534  0.0187993 
62 0.0693334 0.547952 0.122797 0.55651 0.000542346  -0.0281173  0.000253001  -0.0481779  0.0487498  -0.00943088  0.0924721  0.00408685  -0.0184516  0.0243581 
64 0.0583393 0.741613 0.236685 0.492613 -0.046212  0.109296  0.055875  -0.108631  -0.00314137  0.120766  0.0898167  0.0479236  0.00322151  -0.0452476 
65 0.00910127 0.892002 0.119256 0.431238 -0.0433203  -0.0217772  -0.00339632  0.00631089  0.0522541  0.0535167  -0.0177015  -0.0463823  0.0545819  0.0279545 
67 0.0554329 0.621945 0.16637 0.420602 0.0367122  0.004966  0.00423013  -0.0755492  0.0911928  -0.0142112  -0.0830534  -0.00384506  -0.060359  -0.0388189 
68 0.00634347 0.661192 0.0639926 0.35065 -0.0158378  -0.00403999  0.0383788  -0.0117325  0.0161661  -0.0137716  0.0167649  -0.000194255  -0.0105797  0.0370578 
73 0.000191215 0.9156 0.0178284 0.341514 0.00688619  0.00579939  -0.00174703  -0.00639296  -0.00837772  0.00651154  -0.00619896  -0.00544894  -0.00116774  -0.00328757 
77 0.000507741 99.3789 0.442598 0.341234 0.098647  -0.0995782  -0.00215156  -0.170993  -0.137711  0.175476  0.164961  0.0177097  -0.242165  0.105247 
83 0.0260826 0.567931 0.0855648 0.34049 -0.0270428  -0.00426194  0.0268193  0.0486926  0.0142009  -0.0269413  -0.0423037  0.00680064  0.024431  0.0110178 
88 0.000304617 0.793793 0.0189196 0.300308 -0.00149732  -0.00592135  -0.00718533  0.00304797  -0.00380944  0.0089237  0.00249943  0.00993697  0.00322064  0.00708677 
89 0.0314874 0.623255 0.125438 0.299801 -0.00611074  -0.074104  -0.0345457  -0.00262241  0.0766563  -0.0148079  -0.0203596  0.0290753  0.0212777  -0.0346065 
92 0.00104563 0.554779 0.0151503 0.242649 0.000320881  -0.00323298  -0.00398281  -0.0045024  -0.00222512  0.0036228  -0.00590477  0.00451838  -0.00396151  0.0096846 
93 0.000533763 0.526572 0.00754047 0.240486 -0.0032216  -0.000391363  0.000495122  0.00100437  -0.0022632  -0.000271865  -8.62413e-05  -0.00206141  -0.00202198  0.0056153 
94 0.011758 0.537205 0.0425153 0.239374 -0.0174808  0.00895643  -0.0199393  0.0119732  0.0164877  0.00458137  -0.00679237  -0.0138214  -0.0145606  0.0117819 
96 0.00279458 0.608871 0.0349143 0.213566 -0.00550217  0.0113101  0.00122208  0.00227063  -0.00765097  0.00865725  -0.0172393  0.0184896  0.016716  -0.00148105 
99 0.0165205 0.859401 0.153689 0.206929 -0.0469595  0.027586  -0.0410652  -0.058099  -0.00938071  -0.0147399  -0.0986843  0.0286277  -0.0684501  0.00660356 
100 0.00176493 0.559873 0.0205876 0.162586 0.00618393  -0.00410412  -0.0039122  0.00420237  0.0157396  -0.00359365  0.000989453  0.00748164  0.00309696  -0.00293345 
103 0.00200144 1.23869 0.0768476 0.15707 -0.00777163  0.00377494  -0.0117515  0.0219426  0.0154098  -0.030804  -0.0425486  0.0364695  0.027131  0.0121852 
104 0.00601493 0.633801 0.0568001 0.15057 -0.0336728  -0.00930653  0.00277126  -0.0170483  0.0118161  0.00849798  -0.000575654  -0.0258679  0.00727814  -0.0278059 
105 0.00495894 0.992807 0.0987492 0.12913 0.00396954  -0.0119207  -0.0174548  -0.0328108  0.00513105  -0.0184251  0.0303863  -0.0707299  0.0320887  -0.0298459 
108 0.00191286 0.65943 0.0349334 0.108295 0.00741786  0.0231962  0.0057147  0.0118338  0.00692605  0.00288529  0.0122655  -0.00180653  0.00941256  0.0124884 
111 0.000823447 0.564659 0.014602 0.0990797 -0.00843792  0.00737342  -0.000249382  0.00262238  -0.00295852  -0.00116309  0.000633691  0.00435221  0.00715304  -0.000315117 
113 0.0023387 0.636782 0.0357855 0.094835 -0.0203708  0.00647481  -0.00311069  0.0152376  -0.00922103  -0.00385686  -0.00188477  0.0131422  0.00791975  0.0155869 
116 0.00183319 1.53993 0.0872523 0.0815948 0.0109974  0.0134328  -0.0406575  0.0427276  -0.0212804  0.0158405  0.034345  -0.0265455  -0.0332286  0.0118635 
117 0.00314729 0.609316 0.0371313 0.0694708 -0.010816  -0.00861685  0.0102252  0.00200339  0.0201867  -0.0182526  -0.01625  0.0083467  0.00188362  -0.000993359 
119 2.10297e-05 1.5411 0.00935813 0.0410347 -0.000149782  0.00418133  -0.00347836  0.00150631  -0.00407713  -0.000918982  0.00364935  -0.0015902  -0.000482499  -0.00470679 
120 -0.00041483 -1.15811 0.0524504 0.0407777 -0.00369525  -0.0143542  -0.00489214  -0.00582231  0.00382214  -0.0317984  -0.0340628  -0.00886605  -0.0100527  0.0103843 
125 3.47206e-05 0.767554 0.00609577 0.0455822 -0.000592992  -0.00375137  -0.000784809  -0.000933245  -0.000107127  -0.0010885  -0.000364001  -0.000617963  -0.00276093  -0.00345162 
126 -5.71323e-05 -1.87103 0.0232772 0.0451997 -0.000531881  -0.0110861  0.00424176  0.00348477  -0.0111379  0.00537686  2.53496e-06  0.00987003  0.0115429  0.00221125 
127 -9.14189e-06 -21.1202 0.0281162 0.0458274 0.000688908  0.0172227  0.00709412  -0.0121928  -0.00426693  -0.0051741  0.00931275  0.00403215  0.0119915  -0.00163593 
129 0.00141595 0.798028 0.0410782 0.045927 -0.00133555  -0.00824093  0.0100235  0.0175514  0.0189602  -0.000617734  0.0157527  0.00202692  -0.00888154  -0.0227637 
131 -0.000161543 0.421324 0.00713126 0.0263505 -0.00136645  0.00280831  0.00449152  -0.00209337  0.000319908  0.00337372  0.00165652  0.00133753  0.000457408  0.000564342 
133 7.35497e-05 1.4957 0.0171147 0.0292558 -0.00118957  0.0101008  -0.00426381  0.00548729  -0.004288  0.00492332  0.00486426  0.00841818  0.000711135  -0.00187739 
134 -0.000178999 -0.0429165 0.019717 0.0279707 0.00252068  0.00573558  -0.0103382  0.00833747  -0.00321862  0.00973274  0.00646671  0.00308  -0.00266602  0.00310133 
135 -0.000285531 0.330967 0.0138968 0.031006 -0.00545884  -0.00286481  0.00143993  0.00129044  -0.00425738  -0.00195883  -8.25012e-05  0.00918165  -0.00619838  0.00258534 
136 0.000158369 0.871948 0.0153495 0.0353121 0.00873357  -0.00165668  -0.00370365  0.00356746  0.00495651  -0.00897989  0.0042812  -0.00116685  -0.00122741  0.00193415 
138 -5.68864e-05 -0.642452 0.0161233 0.0329938 0.00259293  -0.00528991  -0.00869804  0.00352537  0.00153621  -5.9018e-05  -0.00220183  -0.000189102  0.00489896  0.0102919 
139 0.000289314 0.779555 0.0179861 0.0338449 -0.00875923  -0.00368671  -0.000395115  0.00416991  0.00701401  -0.00558034  -0.00515413  -0.0101658  -0.000973938  -0.00210845 
142 5.22543e-05 0.522813 0.00218391 0.029261 0.000358656  -0.000146045  0.000529099  -0.00049764  -0.00072407  0.000382036  -0.0011742  -0.000373966  0.00125681  -0.000568805 
147 0.000169343 0.983644 0.0180992 0.028354 -0.00788537  0.00725443  -0.00600109  -0.00340751  0.000956612  0.00812101  -0.00279602  -0.00455059  -0.00166137  -0.00818527 
151 -2.71152e-05 0.457383 0.00215005 0.0251917 0.000663122  -0.000142239  -0.000476289  0.00108611  -0.000330529  -0.000780721  -0.000405413  -0.000772908  -0.000320557  -0.00108303 
159 0.000144367 1.41964 0.0230434 0.0257243 0.00901455  -0.00698315  0.00678642  -0.00804446  -0.00573357  -0.000358996  0.00228418  -0.00854782  -0.000833515  -0.0133501 
160 -0.000158307 0.29382 0.0114271 0.022746 -0.0010649  -0.00045398  0.0017796  0.00127415  -0.00353684  -0.0081293  -0.00474892  -0.00184947  -0.00409424  0.00176595 
162 5.07599e-06 4.54999 0.00906806 0.0259942 0.00409223  -0.000448369  0.00500057  -0.00186984  0.00496991  -1.53133e-05  0.00108672  0.00108856  -0.000508723  -0.00307496 
163 -0.000411159 -0.164665 0.033065 0.0258964 -0.0035893  -0.0104986  0.0107228  -0.00283641  -0.000669241  -0.00793429  -0.00762769  0.0068071  0.01781  0.0190275 
164 9.40072e-05 0.675568 0.00812522 0.0328918 0.000608222  0.00296103  0.000782358  0.000379041  0.00560488  0.00152942  0.00154543  0.000981859  -0.00214144  0.0037992 
165 4.46301e-05 0.507157 0.0011308 0.0314303 -0.000483638  0.000255213  -0.000267729  -0.000223609  -0.000509421  0.000337988  -8.62853e-05  7.62791e-05  -0.000366681  -0.000580113 
169 -4.433e-05 0.472711 0.00219997 0.0307121 -0.0015646  -0.000840596  -3.4266e-08  -8.27711e-05  0.000349989  -0.000965678  -0.000355895  -0.0006325  -7.59124e-05  0.000301564 
173 0.00015232 0.740807 0.0121126 0.0314256 0.00964595  -0.00159926  -0.0034315  -0.00428284  -0.00123666  -0.000359097  0.000832089  -8.44195e-05  -0.00427685  -0.000589072 
175 -0.000397093 -0.25778 0.0346954 0.0289008 -0.0107144  -0.00579703  -0.00979093  -0.00108615  0.00558963  0.000439998  -0.0183377  0.0052784  -0.00367394  -0.0234362 
176 -0.000163782 0.312961 0.0110705 0.035106 -0.000526054  0.00294645  0.00757115  0.000948017  -0.000350015  0.000931275  -0.00202104  0.00200618  0.00616638  0.00287282 
180 -0.000946232 0.383656 0.0209997 0.0373661 -0.0059537  0.000667413  0.0030776  0.00825476  0.00635095  -0.00869919  -0.00629112  -0.00360613  -0.0121551  0.00333817 
183 0.000489645 1.46228 0.0434041 0.0484036 0.00214101  0.0221213  -0.0134557  0.0054189  0.012243  0.0123019  0.0164353  0.0167472  0.0177726  -0.00344644 
184 -0.000429235 0.371774 0.0148422 0.0430509 -0.00242807  0.0117828  0.00665253  -0.00330236  -0.00269181  -0.00227369  -0.00185933  0.000355091  -0.00109911  -0.00178624 
185 -2.18382e-06 0.478385 0.000434532 0.0477777 -0.000253248  -0.000109639  -0.000103193  -3.27148e-05  7.18068e-05  -0.000212379  -8.1027e-05  -0.000187667  3.79873e-05  -8.63399e-05 
191 -9.95199e-05 -1.16798 0.0257677 0.0478005 0.0155701  0.00458562  0.00447901  -0.0086834  -0.000507949  0.000850883  -0.00402159  -0.0162862  0.000377216  -0.00474512 
192 0.000568341 0.638738 0.0177612 0.0488305 -0.00443589  -0.00745021  -8.16551e-05  0.00447062  0.00138833  -0.00162303  0.00510676  0.00979198  -0.0083247  0.0049459 
193 7.97956e-05 2.77257 0.0269309 0.0426173 -0.00886509  0.000410068  -0.00214563  -0.00431443  0.00244409  -0.0062408  0.00680842  -0.00074395  -0.00796709  0.0216331 
194 0.000576747 0.710883 0.0220568 0.0416707 0.0131728  -0.0102636  0.0052003  0.000748589  -0.00742361  0.0106681  -0.000203402  0.00253124  0.00215871  6.10085e-05 
196 -9.82328e-05 -0.0447631 0.0146309 0.0340568 -0.007495  -0.00139813  -0.00105498  0.00229271  -0.00167142  0.00673509  -0.00890488  0.00176927  0.00186256  -0.00393869 
198 -0.000256951 0.428322 0.00858564 0.0354697 0.00269345  0.00399526  -0.00111392  0.00440051  0.0044172  0.00052229  -0.000157642  -0.00077318  0.00033414  -0.00306144 
199 -0.000309727 0.329728 0.0145268 0.0389241 -0.00855672  0.00316356  -0.0037177  -0.000670808  -0.00357574  -0.0039075  -0.00667859  0.00317849  -0.0047926  -0.00279278 
200 -0.000112585 0.455626 0.00447111 0.0427184 0.00163031  0.00219456  -0.000905428  0.000775925  -0.00160084  0.0015965  -0.00124777  0.00105126  0.000139414  -0.00181712 
202 0.000244046 3.18206 0.0511571 0.0440165 -0.000988228  0.00408855  -0.0086979  -0.0167087  -0.0161905  0.0255096  0.025593  -0.0172499  -0.00663055  -0.0183064 
205 0.000550424 1.4316 0.0452788 0.0411514 -0.00342371  0.000236061  -0.0126881  0.0181784  0.00522232  -0.0275596  -0.0106887  -0.00289358  0.0174022  0.0182945 
206 6.42218e-05 0.706009 0.00727468 0.0338107 0.00103226  0.000197096  -0.000394334  -0.00341681  0.00256006  -0.00252607  -0.000295649  -0.00148452  -0.000983506  0.00487782 
209 -0.000134801 0.416347 0.00671701 0.0328473 -0.00143388  -0.000214767  0.00114278  0.0045182  0.0031538  0.00182382  0.00114891  -0.00199382  -0.0011555  -0.00118012 
214 0.000184912 0.98785 0.0189949 0.034839 0.00841157  0.00185514  0.000654809  -0.0157201  0.000909025  -0.00262515  -0.00374955  -0.0018048  -0.0034587  0.00143561 
215 -0.000239673 0.407445 0.00942181 0.0320758 -0.00157333  0.000556229  -0.0008846  0.00530455  0.00284272  -0.00480432  -0.000123006  0.000604287  -0.00354257  -0.0036017 
217 0.000104382 0.550355 0.00458575 0.0356169 0.000529753  -0.00112294  0.0008213  -0.00129992  -0.000454491  -0.00101948  0.00185488  0.000970567  -0.0033675  0.000393173 
227 -0.000401134 0.155496 0.0235143 0.0341201 0.00374496  0.00195335  -0.00507408  -0.0150337  -0.00191611  0.00071882  -0.00424896  0.00446087  0.00832383  -0.0131109 
228 0.000525983 0.608375 0.0151025 0.0395651 -0.00206022  -0.00565854  -0.000714488  0.000326736  0.00494038  0.00115218  0.00998675  0.00412282  -0.00413332  0.00562612 
231 1.20724e-05 2.7017 0.010311 0.0322421 0.00781154  -0.0024678  0.0027116  -0.0022128  -0.0010259  0.000520198  -0.000628268  0.000401544  0.00263769  -0.00425692 
232 0.000338212 0.696446 0.0163023 0.0320543 0.00510392  -0.0104396  0.00180163  0.00341959  -0.00880659  0.000713234  0.00122487  -0.000693965  -0.0058494  -0.00123615 
235 -0.000273893 -0.0259756 0.0240066 0.026255 0.00872528  -0.00866243  -0.00216153  -0.0080569  -0.00193912  0.000828307  0.0151519  -0.00125824  0.00703402  0.00839501 
237 -4.93953e-05 0.0638097 0.00928361 0.0310364 -0.00221013  -0.00407081  0.002756  -0.00441532  0.00225501  0.000895318  -0.00245414  -0.00438701  -0.00101253  -0.00233624 
240 0.000163172 0.566055 0.0065668 0.0318222 -0.00268428  0.00276205  0.000888622  0.00175108  0.00375754  -0.000753014  -0.00266984  -0.00140992  0.000712701  0.000350363 
241 -0.000387138 0.0998615 0.0248954 0.0291461 -0.00118758  0.00620809  0.0150381  -0.000789554  0.0110886  0.00292115  0.00046417  0.00671538  -0.0131203  -0.00203006 
244 8.0518e-05 0.662518 0.00723486 0.0351668 0.00127251  -7.23487e-06  -0.00261096  -0.00208429  -0.0046838  -0.0028724  -0.00142917  -0.00109555  0.00245398  -0.000330282 
248 -1.25435e-05 0.448797 0.00160286 0.0340028 -1.07131e-05  -0.000445785  -0.000226832  -0.000608444  0.000276319  0.000479504  0.00110622  0.000179093  0.000161979  0.000600298 
251 9.431e-05 0.978161 0.0134303 0.0341868 0.00242951  0.00551888  -0.00516234  0.00854372  0.000505701  0.0041299  0.00270154  0.000439292  0.000695314  -0.00436822 
