generation s h r distopt trait[0] trait[1] trait[2] trait[3] trait[4] trait[5] trait[6] trait[7] trait[8] trait[9] 
4 0.000444652 3.12654 0.0683221 0.06 0.0354733  -0.0346018  0.00909081  0.00890323  0.0321301  -0.0232863  0.0063231  0.0117939  -0.0170531  0.00242674 
5 -0.000540263 -1.72495 0.069331 0.0652019 -0.0106815  -0.00376158  -0.0132624  0.0307935  -0.0180406  0.0130389  -0.0216461  -0.0315399  0.0300568  -0.0263099 
6 0.000527721 0.543233 0.00955898 0.0815646 0.00286958  0.000957605  -0.00312333  -0.00315763  -0.00252829  0.00289624  0.00427633  0.00403526  0.00222988  0.00285896 
9 0.00215595 0.533083 0.0169501 0.12857 0.00348585  -0.00934886  0.00291292  -0.00505499  0.00436474  0.0065691  -0.00680282  -0.0064285  -0.0015167  0.00126748 
12 0.000543252 0.864439 0.0281386 0.175471 -0.00158481  0.000602307  -0.0107837  -0.0113849  0.000401083  0.0177991  0.00344181  0.00831008  -0.0111222  0.00462907 
13 0.0101086 0.544588 0.0429419 0.193281 0.00872279  -0.0315544  -0.0102214  0.0174609  -0.00181931  0.00589082  0.00688528  0.0156708  0.00261943  0.00500264 
15 0.00606615 0.52477 0.0248487 0.20323 -0.00346161  -0.0196236  -0.00656089  -0.00303555  0.00141161  0.00618172  -0.00347294  -0.00220167  -0.00192906  -0.0103582 
17 0.000589838 0.50853 0.00450484 0.225859 0.00185733  -0.000764277  0.00277213  -0.00115616  0.00207841  0.000310449  -0.000239409  0.000560278  -0.000369259  -0.00152139 
21 0.00610547 0.607935 0.0514357 0.302231 -0.00757358  -0.0110858  0.0139874  -0.0414099  0.0126414  0.00211578  0.016294  -0.0105181  0.00381097  0.000115847 
22 0.000567655 0.509051 0.00455053 0.311668 -0.000191525  -0.00102727  -0.00245678  0.00158204  -0.000237717  -0.000638162  0.00277848  -0.000615292  -0.00148122  0.000566045 
23 0.0289448 0.596828 0.10697 0.330472 -0.00400644  -0.0577293  0.0464933  -0.0249261  -0.0483904  0.00920385  -0.0137343  0.024489  -0.0436413  -0.0138449 
25 0.00209157 0.543327 0.0190859 0.322467 0.00541496  -0.00597603  0.00329176  -0.00315077  -0.00859637  0.00923655  -0.00890899  0.00393227  -0.00415759  -0.00267258 
28 0.0299979 0.534779 0.0674258 0.376823 0.0021317  -0.04389  -0.0133534  -0.00811014  0.0132246  -0.0169403  -0.0185305  0.0260247  0.0288928  -0.00734456 
31 0.0144249 0.652697 0.0940236 0.393173 -0.0428146  -0.0398709  -0.0472638  -0.0254592  0.0147316  -0.00878465  0.014698  -0.0235284  0.0383047  0.00213378 
32 0.00312537 0.617584 0.0383704 0.393465 0.00226337  -0.00630115  0.0106542  -0.00881517  -0.00976172  0.0202776  -0.00836878  -0.0242732  0.00453324  0.00707055 
33 0.033549 0.543133 0.0789506 0.408385 0.0443498  -0.0413028  0.00816115  -0.0221362  -0.0141837  0.0267735  0.00347709  -0.00412421  0.0244831  0.0213831 
34 0.0105638 0.80424 0.113239 0.3842 -0.039339  -0.043274  0.0039426  0.0203126  -0.00125824  -0.00351764  -0.0555162  -0.0373296  -0.0485583  -0.0461224 
40 0.0276733 0.619395 0.115703 0.478843 -0.00261894  -0.0215914  -0.037617  0.0211493  0.0257871  -0.0354766  0.0710104  -0.00207585  0.0498353  0.039974 
41 0.0146133 0.517634 0.0335914 0.46835 -0.0110516  -0.021359  0.0145625  0.0092169  -0.0104479  -0.00299042  -0.000376761  -0.00423478  -0.00558266  0.00925613 
42 0.0109603 0.670262 0.0864659 0.471477 -0.0280857  -0.0310679  0.0201815  0.03628  0.0154991  0.0354774  -0.00439669  0.00822806  -0.0162197  0.0463661 
44 0.0152974 0.568521 0.0653759 0.496855 -0.00467239  -0.0202399  0.00881797  0.00286374  0.000226109  -0.0229421  -0.00327631  0.00269081  -0.0530383  0.0199785 
46 0.0110881 0.510802 0.0231778 0.518547 0.00629445  -0.00807883  -0.00610496  0.00627796  -0.00205929  -0.002146  -0.00765387  -0.00780046  0.00913957  -0.011993 
49 0.0155824 0.591114 0.075834 0.564396 -0.0163194  -0.0358649  -0.00737674  -8.28531e-05  -0.0261646  0.0105806  -0.019102  -0.0187967  -0.049863  -0.0119458 
50 0.0185749 0.950615 0.182222 0.568938 -0.00356417  -0.0431416  0.0656779  0.0650688  -0.0240143  -0.0237166  0.0757123  -0.017837  -0.00899485  -0.124551 
51 0.0587802 0.558279 0.122149 0.570145 0.0618298  -0.0457372  -0.0243073  0.0334037  -0.00120477  -0.0585203  0.0426169  -0.000236039  0.0139259  -0.0431582 
52 0.0405488 0.597244 0.127355 0.534902 0.0364809  -0.0351031  -0.0570376  -0.0415511  0.0452561  0.0661789  0.0263186  -0.034482  -0.0191356  0.000883747 
53 0.00825518 0.531079 0.0324914 0.51343 -0.00029064  -0.0169261  -0.0036107  -0.00837097  0.0127967  0.0179857  -0.00571625  -0.00289346  -0.00610255  -0.010976 
55 0.00692148 0.607451 0.0546563 0.539411 0.014191  0.0115327  0.00739652  0.0339531  0.00362503  0.00400214  -0.00426742  0.0302768  0.0111461  0.0188976 
56 0.00536691 0.512108 0.0165397 0.550775 0.00118263  -0.00938921  0.00511943  0.00708027  1.30617e-05  0.00888441  -0.00152573  -0.00347212  -0.00226948  -0.00303306 
57 0.00740858 0.580125 0.0489104 0.563659 -0.00444854  -0.00369977  0.00860995  0.00920384  0.00643567  0.00272525  -0.0443691  0.0129885  -0.00350484  0.00120655 
59 0.0355522 0.529506 0.0687805 0.593261 0.0239676  -0.0223942  0.0321036  0.0262943  -0.00481428  0.00145914  -0.00267355  0.0300882  -0.0164781  0.026898 
60 0.00382409 0.564658 0.0315326 0.581313 0.0154155  0.00610656  0.00325448  0.00479248  -0.015745  -0.0123823  0.00765751  0.00569599  -0.00120168  0.0138587 
61 0.0628384 0.581556 0.14725 0.596561 0.0716778  -0.028213  -0.0329946  -0.0333623  -0.0149657  -0.0542741  0.0775198  -0.0259745  0.0494313  0.0353573 
63 0.0120122 0.5058 0.0186633 0.580717 0.00715697  -0.00769052  -0.00596375  -0.000308532  -0.00420103  0.00122778  -0.000252523  0.0126463  -0.00309457  0.00368333 
66 0.0731835 0.549319 0.128052 0.627386 0.0451626  -0.0622464  -0.024291  0.0389239  -0.0237521  0.0674355  -0.000598473  0.0118586  0.0425079  0.0363078 
67 0.0100669 0.586603 0.0593168 0.586929 -0.00079688  -0.00706218  0.0136988  -0.01775  -0.0279207  0.00945798  -0.0105206  0.00566972  0.0394972  0.0198337 
71 0.0134925 0.605324 0.0757105 0.65377 0.0215813  0.00283351  0.00086846  -0.0521337  0.0253209  -0.0292935  0.0234831  0.000912789  -0.0183918  0.0122398 
72 0.0256267 0.516193 0.0442569 0.662674 0.010141  -0.0230358  0.0124455  0.0117592  -0.0107127  -0.0218072  0.0137566  -0.0127632  0.00215202  -0.00921583 
73 0.00712236 0.5199 0.0242917 0.66239 0.00137232  -0.00377682  0.0127083  -0.00715628  -0.00926367  0.00898263  -0.00814817  0.000938583  0.000475327  -0.0112793 
74 0.0157869 0.546179 0.0549077 0.676188 0.00593429  -0.00469671  -0.00276955  -0.0278006  0.0144023  0.0160167  -0.0216951  0.00725955  0.0135306  0.0317272 
75 0.033686 0.510502 0.0440483 0.68388 0.00115929  -0.0278977  0.013302  -0.0230677  0.00263672  -0.00720071  0.0138827  0.000244804  0.00251922  0.0139151 
77 0.0281932 0.533413 0.0640346 0.697876 0.0293196  -0.0146745  -0.0101776  0.0298078  0.0205209  -0.00434343  0.00652784  0.0235762  -0.031439  0.00255602 
78 0.0352457 0.504632 0.0352365 0.696987 0.0127055  -0.0248861  -0.00853038  -0.00281272  0.0166996  0.00696013  0.00429304  0.00279572  -0.00469165  -0.00214589 
80 0.0280729 0.633505 0.123045 0.710278 0.0553163  -0.0279278  0.0537051  -0.0194516  -0.0111603  0.0721733  -0.0019293  -0.0465166  0.00133002  0.0231242 
81 0.0603246 0.509034 0.0618938 0.709245 0.0195641  -0.0446502  0.029132  0.00810358  0.0185971  -0.00553455  -0.00537461  -0.0021419  0.0107602  0.00379083 
82 0.00591958 0.516413 0.0201215 0.685234 0.00227805  -0.000707427  -0.00988634  -0.00372807  0.00235693  0.00297708  -0.0104234  0.00542996  -0.011578  -0.000973607 
83 0.0503593 0.526891 0.080543 0.699631 0.000809351  -0.0374904  -0.00424164  -0.00229529  -0.0120753  -0.0173669  -0.0409511  -0.0333113  0.0147238  0.0400859 
84 0.0658983 0.522435 0.0880733 0.682302 -0.0131347  -0.0416032  0.0140244  0.00922381  0.0190348  0.00149512  -0.0472768  0.0419215  0.0243457  -0.0249403 
87 0.0439281 0.513457 0.0568958 0.691126 0.00705595  -0.0284353  -0.017573  -0.015751  -0.028345  -0.00418789  0.00921501  -0.0152224  -0.00592917  -0.0254776 
89 0.0105868 0.501802 0.0114617 0.697816 -0.00129703  -0.00761435  -0.00295948  0.00120342  -0.00396722  -0.00214328  0.00175667  0.000152218  -0.00608516  0.0010161 
92 0.0502307 0.529592 0.0836466 0.748329 -0.00939181  -0.0491359  0.0345724  -0.024861  -0.00914092  0.0447577  0.0132523  -0.00377159  0.0145303  -0.0138962 
93 0.0335601 0.520511 0.0570252 0.733924 -0.0219123  -0.0321534  -0.00289176  -0.0193468  -0.0128384  0.0222064  -0.0220159  -0.00465337  -0.0101921  -0.00932944 
95 0.0314555 0.508818 0.0396449 0.749214 0.0205471  -0.0176474  0.00828304  0.0201496  0.00614535  -0.00369043  0.00608653  0.00802424  -0.00594721  0.0132402 
96 0.0338787 0.526003 0.0633929 0.747329 0.00668678  -0.032373  0.01802  -0.0123893  0.0330079  0.0159305  -0.0114034  -0.0255706  -0.00294348  0.0176594 
98 0.0297256 0.517496 0.0497825 0.762391 0.0131653  -0.0190313  -0.0187847  -0.00368907  0.00415092  0.00576349  0.030029  0.000112486  0.0194409  -0.0156895 
99 0.0410502 0.514894 0.0566114 0.761778 3.35952e-05  -0.0241145  0.0160362  -0.0141415  0.0178452  -0.0204855  -0.0213466  -0.00396725  0.00241585  -0.0308357 
100 0.0788306 0.512887 0.0823742 0.753857 -0.0319342  -0.0613646  0.00355055  -0.0236551  0.0242099  -0.00692281  -0.0185008  0.0192721  -0.00324556  -0.0083465 
102 0.00336603 0.521962 0.0173446 0.720699 -0.00743671  -0.00245091  0.00158382  -0.00781416  -0.00648298  -0.00785441  0.00139366  0.00738577  -0.00396763  2.54953e-05 
103 0.122138 0.562952 0.188458 0.718364 0.0847183  -0.0717998  -0.0889744  0.0435053  0.00327783  0.0594844  -0.00495833  0.0793472  -0.0407393  -0.0429599 
104 0.0339188 0.525926 0.0633532 0.633096 -0.00885481  -0.0301469  -0.0505092  0.00507323  0.00512297  -0.00194784  -0.01748  0.00919807  0.00172186  -0.00512998 
105 0.0408034 0.583336 0.118774 0.606181 0.0158614  -0.0341656  0.0652385  -0.0438394  -0.00733714  -0.0205948  -0.0572593  -0.00772133  0.0516805  0.00482321 
109 0.0119198 0.507688 0.0208463 0.572243 -0.00990236  -0.0139342  -0.000586634  0.00776142  0.00340314  0.00355081  0.00391046  -0.000367676  0.00493169  0.0042221 
112 0.0112406 0.745456 0.104986 0.561794 -0.0249572  -0.0418773  0.0134342  -0.0199514  0.0436879  0.0340054  -0.0221547  -0.0141974  -0.0229862  0.0614911 
113 0.0325194 0.54836 0.0818359 0.551756 0.00501929  -0.0232491  0.0269441  0.00115818  -0.0348215  -0.0291253  -0.0314887  -0.0135191  -0.0368084  -0.0285324 
116 0.0580593 0.618977 0.168387 0.521951 -0.0220998  -0.0715228  -0.0296412  0.072939  0.00409412  -0.0582896  -0.0301277  -0.10951  0.0142739  0.005755 
119 0.00690826 0.521488 0.0248069 0.464754 0.00481687  -0.00327876  -0.0146846  -0.00369924  -0.000985932  -0.0104891  0.00859039  -0.0108936  -0.00292657  0.006331 
121 0.00958751 0.58117 0.0560567 0.457288 0.0116512  -0.013895  0.0489175  -0.00455035  -0.0103215  -9.86811e-05  0.00762431  0.000647481  -0.0100319  0.0115831 
123 0.00935993 0.576245 0.0536998 0.446733 0.00187561  -0.00394974  0.00702768  0.035794  -0.0305922  -0.0187842  0.00584924  0.00338731  -0.0114821  -0.00822761 
128 0.0328895 0.547297 0.0814896 0.436181 0.00435594  -0.0630793  -0.0186982  -0.00670797  0.012047  0.0345739  -0.0225089  0.00984894  0.00223399  0.0172866 
131 0.00547801 0.637615 0.0549635 0.397358 -0.0207076  -0.00864445  0.00423645  -0.0178957  -0.00518026  -0.00467906  0.0239692  0.00561139  0.0343219  0.018615 
133 0.00428693 1.79418 0.148637 0.390424 -0.0871309  -0.0837242  -0.000573072  0.0218498  -0.0177185  -0.0527753  -0.0263561  0.0113602  0.024943  0.0496843 
135 0.0179771 0.528858 0.047062 0.384906 0.00878259  -0.0358388  0.00234368  0.00650193  0.0252642  -0.00217303  0.00845071  -0.0032107  -0.00894085  0.000919388 
136 0.0283229 0.657105 0.133797 0.36102 0.0148155  -0.0758047  -0.0191901  -0.0753141  -0.00612733  -0.000127872  0.027293  -0.0392883  -0.055176  -0.0229131 
137 0.00889544 0.561723 0.0471711 0.32001 0.029817  0.00985413  -0.00775277  0.0199178  -0.0115608  -0.0160115  -0.010005  -0.00113946  -0.00121026  0.0170073 
138 0.00920548 0.784782 0.102306 0.30586 0.042364  -0.0543721  0.0475649  0.00506523  -0.00105841  -0.0499121  -0.0100751  -0.00758818  0.0217902  0.0173554 
142 0.0170239 0.691113 0.114131 0.290494 0.0785716  0.0207346  -0.00958075  -0.00672619  0.0121556  0.0422517  0.0573041  0.0112906  -0.00627189  0.0300303 
149 0.00265956 3.0127 0.163126 0.259819 -0.0728292  -0.0820658  -0.0105543  -0.0694301  -0.0603356  0.0237234  0.0128776  0.0659159  0.00713701  -0.0295688 
150 0.00379827 0.521577 0.0182858 0.254657 -0.00421428  -0.00407364  -0.00101476  0.0121331  0.00327043  -0.00560874  0.00550397  0.00823533  0.00337682  0.00032207 
151 0.0039676 0.60676 0.0412122 0.247101 -0.00165874  -0.0276179  -0.00537299  0.00560821  0.00393082  -0.028162  -0.00242253  -0.00130186  0.00214083  -0.00720623 
152 0.00109948 1.73594 0.0736848 0.238955 0.0204584  -0.00820352  -0.030174  0.0135358  0.0173194  -0.00475536  -0.0163942  -0.0483418  0.0275644  -0.0127221 
153 0.0121942 0.633219 0.0807889 0.236644 0.00857901  -0.0241769  0.00922759  0.00182837  0.035861  0.00904106  0.0522252  0.0313481  -0.0151402  -0.0217506 
156 0.00155285 0.627452 0.0281454 0.209476 0.00836057  -0.00274421  0.00245525  0.00810047  -0.0111347  0.00132152  0.00392617  -0.00840807  0.015098  -0.0142582 
157 0.00195106 0.587602 0.0261695 0.205739 -0.00907837  3.51888e-06  -3.93413e-05  0.00240702  -0.0126103  -0.0141041  0.00418272  0.0146334  0.00051797  0.00260405 
159 0.00585596 0.531672 0.0275082 0.200946 0.00430863  0.00184325  -0.0138944  0.0143227  0.00085467  -0.0137385  0.00788424  0.00898034  -0.000743833  0.00192456 
160 0.00522991 0.678483 0.0611222 0.18585 0.0165584  0.000243429  -0.00621982  -0.00889239  0.0094208  -0.00555465  0.0205277  -0.0110519  -0.00144799  -0.0517561 
164 0.0050338 0.608388 0.0467862 0.171243 0.016741  0.0122417  -0.00204799  -0.011047  0.00262019  -0.0203887  -0.0336262  -0.00237036  -0.00729534  -0.00452499 
165 0.00142683 0.713818 0.0349327 0.155894 0.000887192  -5.32082e-05  -0.00672661  -0.00702515  0.0165926  0.0112595  -0.0119008  0.0190775  0.00189409  0.0146166 
166 0.003025 0.537274 0.0213277 0.151252 0.00179441  0.00340266  0.00197113  0.018828  -0.00696461  0.0019723  -0.000389986  0.00131155  -0.0037105  0.00369567 
168 -0.000566858 0.484119 0.006015 0.140913 -0.00210608  -0.000632235  -0.00182217  0.000303473  -0.00037128  -0.00124368  0.00155276  -0.000132675  0.00453508  0.0018034 
170 0.00744658 0.614735 0.0585741 0.142911 0.0340646  0.00572172  -0.0178336  0.0221444  0.0058268  0.00136377  -0.0282978  0.0110381  -0.0202182  -0.00788519 
171 4.49609e-05 0.681169 0.00570808 0.114038 -0.00292626  0.00253477  0.00351298  -0.000828591  0.00122741  -0.000623954  -0.000263529  0.000498944  -0.0015243  -0.000169886 
173 0.00223545 0.566999 0.0245126 0.113841 0.00250275  0.00663941  -0.00236036  0.00163121  -0.00101828  -0.00120653  -0.00496195  0.0207543  0.00289479  0.00872114 
176 0.00212456 0.586115 0.0270783 0.10357 0.000697148  0.00125793  -0.0104706  0.00208659  -0.0014114  -0.00220956  -0.00165639  0.0113255  -0.00112343  -0.021864 
177 0.000118988 0.544248 0.00458975 0.09276 0.000868228  -0.00103858  -0.000931052  0.000936443  0.00113272  -0.000765518  0.00147125  -0.000405916  0.000914716  -0.00352909 
178 -4.6992e-05 0.337079 0.00553404 0.0921164 -0.00186393  0.000857996  0.00233055  -0.0022403  0.000312931  -0.00192756  0.00124154  -0.00023663  -0.00121849  0.00301153 
179 0.00102663 0.534014 0.0118378 0.0923711 0.00235462  0.00303727  -0.00164372  0.00672261  0.00391801  -0.000374939  0.00220264  0.00297533  0.000870641  -0.00689311 
181 -8.32776e-05 0.340294 0.00729418 0.086639 0.00184137  -0.00189843  0.00250532  0.00122609  0.0052715  0.00132892  0.00155116  0.00165129  -0.000910027  -0.00170729 
182 0.00303063 0.704975 0.0498485 0.0871183 0.0149595  0.0157988  0.00779723  0.00389074  -0.0222974  0.00568088  0.00301082  0.0294334  0.0158529  -0.0167151 
187 0.00255067 0.693976 0.0444894 0.0675541 0.0170799  0.0204646  0.00929922  -0.0142829  0.00771015  -0.00575826  0.020798  -0.00863816  -0.0194425  -0.000720072 
189 0.000186383 0.737471 0.0133056 0.0449014 -0.00324763  0.0046296  -0.00147964  -0.00183587  0.00252899  0.00501653  0.00673932  0.00611217  -0.00494619  -0.000834015 
190 0.000410893 0.605199 0.013151 0.0427758 0.001819  0.000696474  -0.0018441  0.00362832  -0.00569673  -0.0010996  -0.00512127  0.00472423  -0.000441798  0.0083777 
195 4.60482e-05 0.522364 0.00202982 0.0376691 -0.00104646  -0.000618904  -0.000962648  0.000216237  6.11417e-06  -0.000375445  0.000654273  -0.000422537  -0.00091403  -0.000292484 
197 -6.39079e-05 0.261898 0.00780192 0.0370529 0.0025382  -0.00151129  -0.00243832  0.00317307  0.00050606  0.00531357  -0.00226903  -0.000876465  -0.000880803  -0.000973144 
198 3.24913e-05 3.7252 0.0204728 0.0379055 0.00206432  0.00393888  0.00891991  -0.00783123  -0.00236772  -0.00511919  0.0138388  -0.00486069  0.00225556  0.00253515 
201 9.65675e-05 1.24543 0.0169682 0.0374744 0.00282098  -0.00764273  -0.00648377  0.00872748  -0.00203219  0.00841563  -0.00186924  0.00470066  0.00165689  0.000229629 
207 0.000623448 0.593232 0.0152518 0.0361631 -0.00407082  0.00467841  -0.00383442  0.005283  -0.0083788  -0.00836943  -0.000158158  0.000279697  0.0021401  -0.00257111 
208 -3.43698e-06 0.499062 0.000113574 0.0261633 2.11022e-05  -1.24741e-05  2.406e-05  -7.01097e-05  -6.21141e-05  -9.55846e-06  -2.16237e-05  2.15582e-05  4.35875e-05  4.69754e-06 
210 -0.00033706 0.223043 0.0193263 0.0262289 0.00407228  6.14468e-05  0.00344422  0.0106042  -0.00647126  0.00668605  -0.00927609  -0.00540321  0.00131613  0.00539009 
211 -5.3182e-05 0.245785 0.00735399 0.0320167 0.00262104  -0.000821392  0.000652883  -0.00293103  -0.000968383  -0.00193689  0.00119311  -0.00530926  0.00148521  0.0010063 
215 -7.61706e-06 0.495822 0.000356814 0.0328368 -0.000149177  -0.000174334  4.8115e-05  6.09558e-05  -4.02812e-05  -5.04709e-05  -8.89864e-06  6.23071e-06  0.00021992  -0.00012644 
216 8.52843e-05 1.14199 0.0147985 0.0329526 0.00365862  -0.00207373  -0.00786371  -0.000793988  0.00514945  0.000742325  0.00635695  -0.00469556  0.00202751  0.00672327 
219 0.00011847 0.574243 0.00593188 0.0316321 -0.0032114  -0.00117803  -0.00129898  0.00146934  0.000329583  0.00089509  0.00207187  0.00376087  -0.000541644  3.69049e-06 
220 6.94527e-05 0.748978 0.00831674 0.0297006 0.002781  0.00339398  0.000773477  -0.00297695  0.00391852  0.00157535  0.00359149  -0.00116933  -0.00213888  -0.0019435 
221 -0.000352821 0.136307 0.0226582 0.0285075 0.00506721  0.00922618  -0.00861918  -0.00744094  -0.00534519  0.00155534  0.0138711  -0.00586324  0.00113215  -0.0037259 
222 -0.000150391 0.385245 0.00830954 0.0341403 -0.000115618  -0.00298432  -0.000969684  -0.00198301  0.0047691  0.00421722  -0.000423748  0.00356195  -0.000809783  -0.00109745 
223 -1.09386e-05 0.4566 0.00137805 0.0362762 -0.000134577  -1.50867e-05  0.000241407  -0.000871997  8.72756e-05  -0.000401678  0.000809166  0.0004153  -0.000212525  0.000143807 
225 -0.00027583 0.010583 0.0232392 0.0364267 0.00284382  -0.00247976  0.00141727  -0.00464041  0.017085  -0.0107547  0.00288233  0.00885606  0.00184626  0.00213839 
227 -0.00096536 0.330066 0.0256304 0.0400346 0.0077683  -0.0130101  0.00852501  0.00771586  -0.00135078  -0.0019722  0.00886885  0.00365348  -0.00596009  0.0127223 
233 0.000694265 0.859875 0.0316095 0.0506813 -0.0120773  -0.00491854  0.00774182  0.00220229  0.00255286  -0.0185884  -0.0180504  -0.001069  -0.00158183  -0.00910048 
235 0.000197657 0.624397 0.0099177 0.0432963 0.0027288  0.00361875  0.00386804  0.00277427  -0.00635313  -0.00288981  -0.00116407  0.000285664  4.40225e-05  -0.00223803 
236 -0.00014001 0.491066 0.00223913 0.0409504 0.000871167  -0.00104366  0.0004336  0.000310435  0.00013209  -0.00109265  0.000352493  0.000694803  0.00103068  -2.21973e-05 
237 0.000720422 0.61417 0.0181419 0.0426258 -0.00957457  0.00565784  -0.00709154  0.0103364  0.00166929  -0.00166682  -0.00273974  -0.00498457  -0.00282909  0.00154685 
238 -6.41181e-05 -0.0594104 0.0119782 0.0331178 -0.00509698  -0.000748818  -0.000905944  0.00146671  -0.00272299  -0.000240395  -0.00168958  -0.00669069  0.00652615  0.00403515 
240 -0.000246991 -0.0671831 0.0236731 0.0340722 0.00582672  0.00802507  0.00129283  -0.00122164  -0.0132287  -0.0109325  -0.00228576  0.00378413  0.00930728  -0.00762969 
243 -1.7408e-06 0.436844 0.000663153 0.0375224 -0.000303991  0.000429994  -1.08786e-05  3.35716e-05  0.000211046  -0.000280752  -0.000147592  -8.02911e-06  0.000126503  -2.62888e-06 
250 -2.17746e-06 0.352316 0.00113416 0.0375456 0.000719042  -0.000500003  0.000217805  -0.000170717  0.000411985  0.000456163  3.10014e-05  -3.30603e-05  -9.49849e-05  0.000231973 
251 -0.000139097 0.464139 0.00446809 0.0375746 0.00102176  0.000189739  0.00248136  0.00177958  -0.000806085  0.000660652  0.000388372  0.00130542  0.00253967  0.000410741 
252 -4.86954e-07 -0.365443 0.00129835 0.0393822 0.000653082  0.000559098  0.000106138  -0.000165538  0.000407979  -0.000210771  0.000402539  0.000698356  -8.9035e-05  0.000198527 
254 -0.000172617 0.47044 0.00451959 0.0393884 0.00200051  0.00105882  0.00157819  0.00037403  0.000299131  -0.00085166  -0.00298417  0.00131446  0.00110609  -4.02332e-05 
256 0.000181005 1.69251 0.0293811 0.041522 -0.00906811  0.00378708  -0.0123333  -0.0134351  -0.00195607  -0.00703363  0.0118165  0.00909926  -0.0116912  0.00465366 
257 9.82877e-05 1.53303 0.020152 0.0392822 -0.00977748  -0.00585565  -0.0039626  0.00982574  0.00459548  0.00581476  -0.00100672  -0.00440066  0.00860683  0.00381844 
263 2.49109e-06 15.3963 0.0121832 0.0380106 -0.00286061  -0.00363495  0.000500989  -0.000712292  -0.00795485  0.00638206  0.00179255  0.0037001  -0.00045445  0.00227026 
264 -8.66041e-05 -0.000146129 0.0131631 0.0379778 0.00621085  -0.000312036  0.00595477  -0.00517525  0.00523204  0.0026318  0.00298723  0.000122748  0.00533106  -0.000832089 
266 0.000526622 0.571905 0.012311 0.0391014 0.00341736  0.00689932  -0.00160087  -0.00584884  -0.00104977  0.00338736  -0.000851408  -0.00176451  -0.00375164  -0.00500217 
268 5.41016e-05 0.834609 0.00850943 0.0316613 0.0015209  -0.00166106  -0.000298369  0.00254175  0.00535372  -0.00240617  -0.00391468  -0.00123194  -0.000644681  -0.00301306 
271 6.37661e-05 1.00242 0.0113201 0.0307951 0.00545698  0.00115213  -0.00181548  0.00780767  0.00378374  0.00281041  0.000252917  -0.00226128  0.00202121  -0.00114233 
275 -6.79459e-05 0.250941 0.00822765 0.0297418 -0.0010708  -0.00392547  0.000213777  0.000366066  -0.00482211  0.000490711  -0.000576607  -0.00496114  0.000506522  0.00150436 
277 4.42066e-05 0.720906 0.00624995 0.030863 -0.00173552  -0.000456217  -0.00227472  -0.00253218  0.00331639  -0.000662934  -0.00178292  0.00169437  -0.00116234  -0.00232739 
278 6.7057e-05 1.11281 0.0128206 0.0301383 0.0039536  0.00939837  0.00135447  -0.000495709  0.000785466  0.00415393  0.00196362  -0.00456189  0.00366761  -0.00152839 
279 -0.000222558 0.12289 0.0183238 0.0290045 -0.0141531  -0.00146397  -0.00479889  -0.00692774  0.00131344  2.08856e-05  -0.000604762  0.00689403  0.00355507  0.000172067 
280 -0.000172232 0.447916 0.00599166 0.0326166 -0.000458163  0.000327778  -0.0018425  0.0030412  0.00339069  -0.000962986  0.00189921  0.000911533  0.00190551  -0.00156397 
281 9.30993e-05 1.17856 0.0158959 0.0351581 0.00241163  0.00787892  0.00267968  0.0106997  0.00232791  0.00183111  0.00412658  -0.00129897  -0.000898091  0.0059014 
286 1.92667e-06 1.59787 0.00290877 0.0338083 -0.000709902  0.000763986  -0.00116624  0.00031343  0.000505786  0.00137925  -0.00160145  -0.000839732  0.00051444  0.000471539 
287 2.60534e-05 1.23258 0.00873746 0.0337797 0.000517846  0.00388619  -0.000289971  -0.00154791  -0.0034956  0.00278246  0.00179866  0.000875417  0.00123776  -0.00574435 
293 7.20265e-07 2.10549 0.0021507 0.0333919 0.000787036  0.000466502  1.58699e-05  8.40721e-05  0.00085469  -0.000192904  0.000846156  0.000478163  -0.000703548  0.00125452 
294 0.000167767 1.48888 0.0257587 0.0333811 -0.00895782  -0.00611868  0.0074428  0.0127517  -0.000270583  0.00652619  0.0018426  -0.00701689  -0.0140841  0.00584573 
295 2.23749e-05 2.14367 0.0121286 0.030766 -0.000407896  0.00573962  -0.00238811  -0.00418871  0.00392917  0.0057345  -0.00359821  -0.00447819  -0.00251344  0.00176194 
296 -4.88754e-05 0.379317 0.00485751 0.0304002 -0.000720492  0.00137908  0.000383456  -0.00135448  0.00240619  -0.000416357  -0.000384582  0.00210595  -0.00130746  0.00263388 
297 8.71027e-07 4.55337 0.00375797 0.0311937 0.000642385  0.00228167  -0.0016791  0.000414218  -0.00130258  -0.000109616  0.000233201  0.000611282  -0.00065222  0.00171772 
303 0.000242772 1.08605 0.0238543 0.0311797 0.0171662  -0.00304906  0.00479078  0.00908515  -0.00596298  -0.00172857  -0.00692651  0.00779114  -0.00350729  -0.000197094 
304 -3.75991e-05 0.451943 0.00268858 0.027008 0.000526442  -4.60676e-06  -0.000376787  0.000717677  -1.57624e-05  -0.00141255  -0.00167226  -0.000190124  -0.000313533  0.00116955 
305 -3.89013e-06 0.493054 0.000328768 0.0276954 7.44595e-05  6.62002e-06  4.87512e-05  4.08905e-05  -7.06161e-05  -0.000123524  2.18658e-05  3.26498e-06  0.000278505  -1.23605e-05 
312 -0.000732901 0.351394 0.020882 0.0277655 -0.00907353  0.00982653  -0.00237864  0.00561417  0.00325264  -0.0113371  0.0023688  0.00593018  0.00633243  7.93828e-05 
313 0.00029062 0.581513 0.00973573 0.0387826 0.00193058  -0.00329206  0.00451974  0.000408718  -0.00194118  0.00192004  -0.00282777  0.000539793  -0.0059939  -0.00282051 
314 -2.05866e-05 0.472029 0.00151775 0.0348355 0.000272518  0.000463035  0.000426498  -0.000203108  3.3266e-05  -0.000401921  -0.000147763  -0.000145234  -0.000853336  0.000926278 
316 0.000401065 0.672883 0.0166543 0.0351298 0.00927391  -0.00683568  0.00251678  -0.00463501  -0.00911222  0.00318698  0.00223062  0.000427034  0.00239304  -0.00356952 
317 4.92258e-05 0.530306 0.00244301 0.0288638 0.00067234  -0.00178121  -0.000914482  -0.000757842  0.00022593  -0.000795224  -0.000272926  -0.000391639  9.49662e-05  0.000112386 
322 0.000213232 0.606001 0.00950909 0.0279981 -0.00239298  0.000229167  -0.000589805  -0.00108421  -0.00230598  0.0038516  0.00150412  -0.00109928  -0.00690381  -0.00344018 
323 -0.000243147 -0.705859 0.0342462 0.023889 0.000621187  0.0168671  -0.00612539  -0.0204232  0.00407365  0.0180456  -0.00183591  -0.00427834  0.0055096  -0.00624697 
324 -6.22288e-05 -6.7323 0.042425 0.0285282 -0.0143912  -0.0128692  -0.006124  -0.0128191  0.00822982  -0.0256596  -0.0188102  -0.0103228  -0.00575657  0.00237877 
325 3.87531e-05 0.548146 0.00273201 0.0295988 0.000820832  -0.00168335  -5.58216e-06  0.000761753  -0.000445632  -0.000583499  -2.48377e-05  -0.000666313  0.00138502  -0.000688639 
327 9.27705e-05 0.941508 0.0127996 0.0289368 -0.00112947  -0.00010687  0.000559162  -0.00229562  -0.00484472  0.00892831  -0.00153907  0.00534907  0.00193649  0.00436369 
329 3.58102e-05 3.36449 0.0202555 0.0272869 -0.00335342  -0.0061095  -0.0087658  0.0077355  0.000389735  0.00362577  0.00158276  0.00581072  -0.00569251  -0.0119609 
333 0.000128684 0.663703 0.00917963 0.0266226 -0.000916748  -0.00156454  0.000142788  0.000729576  -0.00257787  -0.00624402  0.00411446  0.00115697  -0.00344667  0.00215515 
336 -0.000119322 0.13523 0.0131953 0.024085 0.00243743  0.000714039  -8.33589e-05  -0.00706159  -0.00311503  0.00903937  -0.00181572  0.00175412  0.00428187  0.00129193 
337 -7.32318e-05 -0.41502 0.0163719 0.0264465 0.00434493  -0.00203898  0.000989309  0.00420336  -0.00395313  -0.00571683  -0.00468253  0.00168632  0.0122935  0.00146506 
340 -4.90559e-05 0.382593 0.00479997 0.0277966 0.000463404  -0.00235568  -0.00118251  -0.00167306  0.000333202  0.00227509  -0.000314006  -0.000945588  -0.00123366  0.00229707 
341 0.000445981 0.675265 0.0176827 0.0286655 0.00305427  0.00427859  0.00639928  0.00605977  0.00275598  -0.000159802  0.011075  0.00844094  -0.00211902  0.00116393 
343 -0.000203605 0.219396 0.0151184 0.0193862 -0.00935416  0.00303833  0.00359592  0.000316434  0.00351849  0.000841891  0.00297901  0.00109312  -0.000633903  0.00975931 
346 1.50196e-05 0.924268 0.00504868 0.0240718 -0.00225734  -0.00255013  5.12195e-05  0.00031376  -0.00192793  0.000783265  0.000678114  -0.00249377  0.00154963  -0.000615489 
349 -5.79018e-06 0.492789 0.000408692 0.0237578 -0.000291229  7.24942e-05  4.24504e-05  0.000141012  -8.07955e-06  -0.000127303  4.0741e-05  -0.000115608  2.93626e-05  0.000152034 
351 -0.000647482 0.354037 0.0194512 0.0238793 0.00227581  -0.00210546  0.000201881  0.00804387  0.00624349  -0.00404392  -0.00532426  0.0101015  -0.0039857  0.0101184 
352 3.84973e-05 2.70789 0.0184383 0.0348986 0.00393579  0.0100457  -0.00923955  0.00589679  -0.00164095  0.00692042  0.00670204  -0.00135164  -0.00149779  -0.00196211 
353 -6.26277e-05 0.476366 0.00243364 0.0343427 -8.37714e-05  -0.000255051  0.00109955  0.000584789  0.000377116  -0.000926228  0.000559238  0.00150663  -0.000529895  0.000660289 
355 -1.63009e-05 0.0964429 0.00512968 0.0352427 0.00189556  -0.000687204  -0.000383815  -0.00294552  0.00244496  0.000346042  0.00191313  0.000868632  -0.00161225  0.000559803 
359 -0.000237367 0.359334 0.0115586 0.0354732 0.00441794  0.00471178  -0.00393009  0.00199029  0.0044825  -0.00635701  0.0010802  -0.000687761  -0.00316942  0.000533614 
362 -0.000218622 0.334551 0.01203 0.0386748 0.0043964  0.00502669  -0.00329273  0.00197775  0.00602178  0.00173962  0.00212041  -0.00400332  0.00396064  -0.0031422 
365 -1.55019e-05 0.486388 0.000918804 0.0414052 0.000470476  5.52647e-05  -0.000167408  0.000197521  -0.00015034  0.000495337  0.000330491  -0.000200907  0.000255433  0.000264508 
366 -3.01129e-05 0.195035 0.00606089 0.041592 1.3998e-05  -0.0026679  0.00145541  0.0010517  0.00248422  -0.000140218  0.000382012  -0.000384297  0.00446013  0.000121603 
368 0.000265393 0.692331 0.014289 0.0419524 0.00336808  0.000642011  -0.0041489  -0.00156433  -0.00527137  -0.0023227  0.00694578  -0.00741719  -0.0055044  -0.00245374 
370 -2.68855e-05 0.353701 0.00396659 0.0386607 0.00101553  -0.000402874  0.00126914  -0.00113383  0.000160325  -0.00221701  0.000555705  -1.85038e-05  0.0013504  0.00213785 
371 3.82726e-05 1.00286 0.00877388 0.0390068 0.00278741  -0.00480526  0.00261572  0.00371247  -0.00174239  -0.00186553  0.00207413  -1.87195e-05  0.0038087  -0.000414306 
373 3.49348e-05 0.5205 0.0016927 0.0385131 0.000623105  -0.000148113  0.000870182  -3.03454e-05  -0.000108543  0.000680818  0.000426204  -0.00074264  0.000587091  -0.000379145 
374 0.000424582 1.80622 0.0470891 0.0380569 0.00246037  0.0103639  0.0267081  -0.0153711  -0.0156627  -0.00339249  -0.0133127  0.00399361  -0.0150169  -0.0218818 
377 -0.00027312 -1.30175 0.0443644 0.0319974 -0.00580321  -0.0182681  -0.0212346  -0.00175726  0.0102638  -0.0122089  -0.0152752  -0.00067354  0.0172563  0.0189955 
379 -5.97978e-06 0.436202 0.00123532 0.0360138 -0.000538567  0.000393711  -0.000446924  -0.000300444  -0.000578884  -0.000219035  -0.000341359  -0.000496649  3.32045e-05  0.000208758 
380 8.77134e-05 0.51899 0.0025819 0.0360967 -8.52469e-05  -0.00178514  0.000231399  0.00013518  -0.00020207  0.000468227  0.00065594  0.000229644  -0.00144601  -0.000752562 
383 -0.000269202 0.180856 0.0185398 0.0348606 -0.00182756  -0.00344114  0.00304613  -0.0134678  -0.00815148  0.0024598  -0.00386163  -0.00484027  0.0020061  0.00479805 
385 7.82403e-05 0.52106 0.00256784 0.0385292 0.000175568  0.00100415  0.00114849  0.0011171  -9.84877e-05  -0.000647311  0.000147486  0.000287704  0.000446034  -0.00150185 
386 0.000278873 1.08753 0.0255985 0.0375002 -9.743e-06  -0.0131356  -0.00661622  0.00668015  -0.00188733  0.00972279  -0.0021667  -0.0047412  -0.000763672  -0.0163855 
387 7.85871e-05 1.17704 0.0145882 0.0335772 -0.00455452  0.0070889  0.00334528  -0.00877391  0.00333319  -0.00122764  0.00466001  -0.000252712  0.00438738  1.40717e-06 
388 0.000747027 0.869644 0.0332303 0.0323859 -0.00429509  0.0127244  -0.00296941  0.0171329  -0.00469094  -0.000195534  0.0201451  -0.00487344  -0.0128555  0.00215827 
389 -8.02037e-05 0.371288 0.0064263 0.017381 -0.00201684  -0.00218899  -0.00227446  -0.000241318  0.00356583  -0.000295993  -0.00113272  0.00112538  0.00164981  0.003022 
390 -0.000890285 0.192988 0.0330764 0.0195526 -0.0199621  -0.00201803  0.0172809  0.00559504  0.00526911  -0.00072233  0.0177961  0.00314139  -0.00254166  -0.000490171 
394 -0.000126602 0.113681 0.0139875 0.0356789 -0.00309347  0.00883971  0.00591881  0.0016416  0.000845445  0.00502137  -0.00292705  0.00103579  -0.000446565  -0.00586896 
395 0.000228828 0.893966 0.0189887 0.0374112 0.0004556  0.00474833  -0.000309254  -0.00421495  -0.0100485  -0.00408007  -0.013589  0.00201539  -0.000589384  0.00364226 
396 6.25351e-05 5.45281 0.0351947 0.0342169 0.017578  0.0144267  -0.0203655  0.00531139  0.00456212  0.0106375  -0.0104743  -0.00486846  0.00328189  0.000662306 
397 -0.000565605 0.0539643 0.0317717 0.0332906 -0.0164308  -0.00977477  0.0059972  -0.00965305  -0.00754731  -0.0061502  -0.00634952  0.0123419  -0.0132551  0.00718684 
398 9.01915e-05 0.53586 0.00359732 0.0409149 0.000381384  -0.00179909  0.000623358  -0.00074022  -0.000396159  -7.25298e-05  0.00195895  0.00193666  0.000907191  -0.000220718 
400 -0.000280012 0.444505 0.007887 0.0397975 -0.00325136  -0.000682771  0.00100045  -0.00284899  0.00290228  0.00082938  0.0017493  0.00467014  -0.00191096  -0.00210155 
403 -0.00014575 0.381556 0.00831073 0.0431728 -0.00329106  -0.00181973  -0.00466434  0.00109611  -0.00340648  0.000500799  0.00123996  -0.00251541  -0.00208418  -0.00281152 
404 0.000537267 1.12967 0.0367799 0.0448291 0.0200619  -0.0118089  0.0131834  0.0121097  -0.00917636  -0.0129211  0.00952491  -0.000414481  0.00181003  0.0120436 
405 -0.000273227 0.42012 0.00934612 0.0383735 0.00103585  -0.00289964  0.000882923  0.00256359  0.00186134  0.00103599  -0.00267977  0.00622986  0.00212064  0.00393576 
407 -0.000370496 0.457787 0.00791443 0.0417827 -0.00479071  0.00288971  0.000411732  0.00265546  -0.000919637  0.000798114  0.0033493  0.00154513  -0.00296917  0.000460417 
408 5.76348e-05 7.43452 0.0399789 0.0460039 0.000732405  0.0186608  -0.00460377  -0.000495677  0.0282122  -0.00233074  -0.00999336  -0.0119895  -0.00890877  -0.0101867 
409 0.000490132 0.597675 0.0138406 0.0453732 -0.0061847  -0.00557608  -0.000332758  -0.00458634  -0.00263734  0.00675383  -0.000607318  -0.000305419  0.00664687  0.00196506 
410 -0.00020431 0.207428 0.0154642 0.039607 -0.0035216  -0.00381429  0.004368  -0.00284443  0.00566801  -0.00374573  0.0109217  -0.00325004  -0.00211884  -0.0021277 
412 0.000460561 0.620354 0.0148919 0.0421075 0.00589526  0.00165961  -0.00675107  -0.0051762  0.00390175  0.005663  5.74186e-05  -0.006504  0.00472135  3.65906e-05 
413 1.66332e-05 14.2943 0.0302929 0.0362297 0.0198998  -0.00275602  0.0197137  -0.00478989  -0.0030292  -0.000266244  -0.000772475  0.00144218  0.00336124  0.00890341 
416 -0.000470025 -0.396133 0.0410484 0.0359994 0.00762594  -0.0203071  -0.0232388  0.00455467  -0.00302108  -0.0170727  -0.0106705  0.00695258  -0.0107344  -0.00869624 
418 0.000576879 1.30966 0.0432144 0.0420249 -0.0121077  0.00814904  0.0063403  0.0043939  -0.0161089  0.010174  -0.000383389  -0.00727123  0.0303815  0.0159974 
419 -0.000543868 0.355598 0.0177303 0.0344874 0.00412923  0.0053614  0.00055735  -0.00128885  0.0136259  -0.00587555  0.0047719  -0.00103282  0.000476013  0.00472704 
421 -5.42218e-05 0.470173 0.00254378 0.0416341 -0.000302013  -0.000400746  0.000518544  -4.51169e-05  0.0013961  -0.00148693  -0.000344216  0.000983475  -0.000466713  -0.00069606 
422 0.000108433 0.969538 0.0142704 0.0422802 -0.00499113  0.000415136  0.00379706  0.00596468  0.00685089  0.00176281  0.000966477  -0.00207064  -0.00735035  -0.00439007 
424 9.3985e-07 22.5705 0.00910884 0.0409779 -0.00369526  -0.000801629  0.00216091  -0.000442074  0.00046215  0.00461405  -0.0035485  -0.00387695  -0.00370794  0.000966408 
426 -8.79434e-05 0.462544 0.00363047 0.0409665 -0.00107513  0.00129105  0.00152517  0.00072571  0.000603374  0.0011844  -0.00176046  -0.000742645  0.00144063  0.000108782 
431 8.50849e-06 0.506497 0.000470283 0.0420262 0.000209039  2.32327e-05  3.71453e-05  2.32295e-05  -6.25166e-05  0.000143121  9.02286e-05  -0.000161569  0.000340226  2.4871e-05 
432 -0.000117743 -1.27145 0.0288838 0.0419248 -0.00827971  0.0143867  0.00373812  -0.00324815  -0.00903064  0.00393854  0.00673016  -0.0168126  -0.00531077  -0.00899955 
433 0.00101807 0.870167 0.0388187 0.0433063 0.0196488  -0.0103912  -0.00085584  -0.00640172  -0.0102013  -0.0123886  0.00101122  0.0151698  0.0124918  -0.0180663 
434 6.75203e-05 0.726978 0.00782958 0.0292897 -0.00142747  -0.000532925  -0.00100181  0.000408093  -0.00401048  0.00216067  0.00381493  -0.00409324  -0.000988208  0.00218476 
435 4.68455e-05 0.829145 0.00785334 0.0281135 -0.000811171  0.00335021  -0.00283446  0.00444444  0.000167583  0.00322308  0.00245131  -0.00140309  0.0016394  -0.00096142 
436 -3.78907e-05 0.425868 0.00335209 0.0272676 0.0009735  6.02604e-05  0.00139215  -1.2765e-05  -0.000685661  0.00103613  -0.00127486  -0.000924307  0.00201989  -0.000493631 
439 -8.34024e-05 0.167213 0.010537 0.0279538 -0.00221861  -0.00477478  -0.0028859  -0.0029203  -0.00173147  -0.00234631  -0.00146339  -0.00551253  -0.00208987  -0.00458801 
440 -0.00040397 -0.275867 0.0354097 0.0294078 -0.0028831  -0.0174217  0.00564358  -0.00948553  0.00837056  0.0160672  0.0193527  -0.00109136  -0.0078354  0.00740697 
442 -4.29978e-05 0.480152 0.00184786 0.0356213 0.000644897  -0.00111069  0.000347873  0.0003528  0.000564426  0.000233326  0.000730881  0.000327419  -0.000415277  -0.00057682 
443 -0.000436653 0.42051 0.0117882 0.0362198 0.000982036  -0.00396153  0.00561251  -0.00302175  -0.00421543  -0.00619646  0.000559695  0.000985444  -0.00453159  0.00192018 
445 8.75856e-05 0.939194 0.0124041 0.0418165 -0.00320097  -0.00119319  -0.00334618  0.00669119  -0.00486874  0.00629908  0.000699359  -0.00303776  0.00358322  -0.000532935 
447 0.000117943 0.553129 0.00500701 0.0407558 0.00217061  0.000810766  -0.00195046  -0.00166444  -0.00169501  0.00189896  -0.00210232  -0.00140193  0.000470245  -0.000202972 
450 -0.000249733 -0.367544 0.0294392 0.0392823 0.00681261  0.0011896  -0.0124815  0.00353145  0.0101965  -0.00346329  0.0110027  0.0149671  1.98767e-05  0.0137674 
451 0.000450448 0.955475 0.0286444 0.0423423 -0.0118373  -0.00169425  0.00363959  0.0150248  -0.00476355  -0.0106511  -0.0132244  0.000286395  -0.00616055  -0.00945849 
454 9.39053e-05 0.543101 0.00402408 0.0366404 -0.00220642  0.00229859  -0.00174598  -0.000107885  0.000270101  0.000760816  -0.000997755  -0.000966816  0.000520241  0.000358612 
457 0.000311881 0.612936 0.0118708 0.0353358 -0.000916124  0.00453459  0.00373086  -0.00219802  2.5129e-05  0.00189236  -0.00540622  -0.00212236  0.00790706  0.000963255 
459 -2.774e-05 0.49292 0.000886542 0.030607 -0.000213926  -0.000299623  0.00010544  -3.00703e-05  -0.000176467  -0.000319754  0.000513492  4.12711e-05  -0.000411468  -0.0002652 
460 0.000149029 3.11032 0.0394417 0.0310568 0.00951271  0.0283457  -0.0131918  -0.00286091  0.00245039  0.00863652  0.00432765  0.0107168  0.00334281  -0.0159411 
461 6.16627e-05 0.702348 0.00706466 0.0285571 0.000937617  -0.000193503  0.00280188  0.00213161  -0.00554419  0.000295113  -0.00188498  -0.00140596  -0.000116779  -0.000479492 
462 0.000226886 1.07471 0.0228366 0.0274563 0.00362819  -0.00235863  0.0136443  0.00335553  0.0048377  0.00347758  -0.0128468  0.00520596  -0.00865388  0.00168168 
463 7.6829e-05 1.77426 0.0197881 0.0229562 -0.0102514  -0.00218428  -0.000871303  -0.00950866  -0.00684618  0.00147922  0.00574762  -0.0063888  0.00488352  0.00661608 
464 -0.000336347 0.0200614 0.0254129 0.021217 -0.0128192  -0.00420235  -0.00364227  -0.00875019  0.0106602  -0.00738697  -0.0100273  -0.00191741  -0.00797061  0.00616717 
465 -1.11506e-05 0.471375 0.00112996 0.0280458 -0.00023814  6.09953e-05  -0.000744856  5.20953e-05  0.000522523  -0.000296371  0.000473452  -0.000113992  0.000231612  8.48564e-05 
466 -2.06947e-06 0.484464 0.000358615 0.0282439 -3.43594e-05  0.00018283  -0.000192641  0.000159188  -1.08072e-06  -7.64882e-06  -0.000107875  0.000114618  -3.15274e-05  7.56219e-05 
467 -0.000269519 0.41082 0.0098077 0.0282805 -0.00374179  0.00194587  -0.00428801  -0.00159551  -0.000171515  0.000504917  0.00247207  -0.00437364  0.00502168  0.00259409 
470 8.87042e-05 0.550044 0.00421422 0.0327008 0.00279456  0.00115276  0.000125704  -0.00148602  0.000994535  0.000441029  -0.00103182  0.000739754  -0.00188826  -0.000190183 
474 0.000238188 0.598808 0.00970339 0.0313152 0.00119989  -0.00117976  0.000577087  -0.000120151  -0.00463159  0.00265992  0.00106147  0.00388831  0.00550736  -0.00398412 
476 -9.35738e-05 0.451096 0.004279 0.0272485 0.000669352  0.00232328  0.000396941  -0.00143799  -0.00104885  0.000288191  0.00159041  -0.00151942  -0.00111292  0.00172599 
477 -2.57194e-05 0.483011 0.00132215 0.0289147 -0.000911507  2.27199e-05  -0.000212231  0.000241021  0.000468958  0.00070411  -6.77813e-05  0.000202706  9.68823e-05  -0.000206967 
482 3.64673e-05 0.598803 0.00379641 0.0293561 0.000459567  -0.00146821  0.00171358  -0.000711261  -0.00159287  0.00192084  -4.39813e-05  0.00119768  -0.000759788  0.000602623 
486 -2.36965e-05 0.259249 0.00477706 0.0287283 -0.00181196  -0.00118965  -0.00160736  0.00178564  -0.000916724  0.000801452  0.00279619  0.000432364  0.00107144  -0.00130898 
487 -3.2992e-05 -0.498165 0.0114772 0.0291378 -0.000501965  0.00385078  0.00176664  0.00692809  -0.000673645  0.00346181  -0.00208875  -0.00015293  0.00544767  -0.0043618 
490 1.60105e-05 1.73474 0.00889235 0.0296985 0.00361177  0.000655629  0.00158557  -0.00507306  -0.000595701  0.00148871  0.00183467  -0.00505458  -0.00121638  -0.0020937 
493 0.000125194 0.68583 0.00964677 0.0294277 0.00193271  -0.000737347  -0.00329984  0.000160668  -0.0035264  -0.00480452  -0.00376184  -0.00279252  -0.00413486  -0.00181678 
495 -5.93359e-05 0.476705 0.00235179 0.0272178 -0.00141301  -0.000136465  -0.000172757  -8.0879e-05  0.000564711  0.00113739  -0.00103726  -0.000726094  0.000361849  -0.000364283 
497 9.64789e-05 0.555915 0.00464565 0.0282868 0.0011987  -0.00329434  -0.000549705  0.00175841  -0.00091226  0.00162186  -0.00022275  -0.00146808  -0.000419373  -0.000234262 
499 -0.000354784 0.409325 0.0113474 0.0265268 0.000697436  0.00328309  -0.00427713  0.000276569  -0.0028732  0.00504411  -0.00124991  -0.00476473  -0.00429226  -0.00476884 
