generation s h r distopt trait[0] trait[1] trait[2] trait[3] trait[4] trait[5] trait[6] trait[7] trait[8] trait[9] 
2 0.000145874 0.625571 0.00856008 0.02 0.00547845  0.00271938  0.000913307  0.00431147  -0.0017733  -0.000276766  -0.00236512  -4.78824e-05  0.00274816  -0.000271746 
4 4.37719e-05 0.509016 0.00125677 0.0549169 0.000386214  0.000555866  -0.000147993  -0.000128464  -0.000239482  2.82937e-05  0.000253477  -0.000263306  -0.0008639  -0.000380616 
5 7.29021e-06 2.60953 0.00784314 0.0744144 0.00012382  -0.00219385  -0.0031377  -0.00443762  0.00166816  -0.00113899  0.00114958  0.0010334  0.004537  -0.00030825 
6 0.00222873 1.29497 0.0841156 0.0942904 0.0496887  -0.0269327  0.009064  0.00990638  0.0234909  -0.00811411  -0.0484078  -0.0231825  0.00807942  0.0117099 
7 0.0014811 1.34505 0.0707155 0.0940071 0.0219565  0.00673886  -0.0161719  -0.0142845  -0.00728807  -0.0173549  0.0321634  -0.0165261  -0.0365058  0.0318281 
9 0.00111847 0.589441 0.0200133 0.111115 0.00229853  0.00117462  0.00898146  -0.00230435  0.00344486  0.0142436  -0.00432086  -0.000956473  -0.0034924  -0.00783355 
10 0.00392879 1.3826 0.117588 0.121785 0.0461207  0.0262693  -0.0182517  -0.00831065  -0.0740398  0.0293284  0.0227484  0.0261185  0.0507264  0.0221949 
12 0.00825467 0.859599 0.108816 0.129716 0.0525187  0.0291371  -0.00719574  0.00408021  0.0787337  -0.0233695  0.00993267  0.0197814  -0.0300219  0.00538519 
15 0.00105041 0.570007 0.0171619 0.13106 0.00424188  0.00338273  0.000422427  0.00320635  -0.00617007  -0.00417885  0.0118891  0.0047368  0.00173881  -0.00568254 
16 0.00246017 0.966738 0.0677331 0.142879 0.0253512  -0.0192183  0.0183073  -0.00841852  0.00946462  -0.0114611  0.0352952  0.0108855  -0.0378138  -0.0124358 
20 0.01413 0.708868 0.108645 0.197613 0.0597888  0.0365679  -0.0305156  0.00780227  -0.00810735  0.00913964  0.00818154  0.0202646  0.0242462  -0.0684468 
23 0.0152312 0.688035 0.107087 0.205098 0.0782186  -0.0350334  0.000771704  0.021663  -0.0231396  -0.0149029  0.0494093  -0.0163264  -0.012353  0.00585087 
25 0.00871877 0.69346 0.0821565 0.189882 0.0262961  0.00293449  -0.0100267  0.00656321  0.0290767  0.0507912  -0.0225292  -0.00578814  0.0330264  -0.0291371 
27 0.00129991 8.4316 0.202496 0.193847 0.0795851  -0.00847722  -0.0289913  -0.03204  -0.141277  -0.0203836  -0.0143279  -0.0777209  0.0397612  0.0673088 
30 0.0241134 0.580294 0.0890443 0.21916 0.0359595  -0.0251105  0.00886776  -2.66232e-05  0.0240507  -0.00224679  -0.036708  0.0422001  -0.0470022  0.00236878 
33 0.0095338 0.890421 0.121802 0.197085 0.0174213  -0.0348203  0.0294706  0.0455076  0.0727442  -0.023593  0.00539517  0.0347664  -0.0547194  -0.0173198 
34 0.00256414 1.21425 0.0855157 0.187447 0.0448081  -0.021986  0.00161009  0.0121172  -0.0293071  -0.0539657  -0.0278162  -0.00157961  -0.00328493  0.0106831 
36 0.00229245 0.541142 0.0194792 0.207259 0.00899976  0.00350167  -0.00061628  -0.00578396  0.000823388  -0.00775375  0.00615665  0.00796697  0.00337659  -0.00887534 
38 0.0106445 1.19879 0.17188 0.231359 0.0721925  0.0804673  -0.0695603  -0.0431739  0.0887764  0.0196492  -0.0104456  0.0305825  -0.0407995  0.0133043 
39 0.0148823 0.873185 0.14866 0.218361 0.083845  -0.00711764  0.0739954  0.0311825  -0.028683  -0.0522964  0.0100158  -0.0145318  -0.00230828  -0.0685352 
44 0.00268285 0.524159 0.0162016 0.227713 0.00497761  0.00316692  0.000803212  -0.00109825  0.00367035  0.00912024  -0.000645916  0.0112636  0.00122873  0.000622272 
48 0.0153233 0.528282 0.0428435 0.279164 0.0155312  -0.00518837  -0.0017505  0.00301815  0.00974177  0.00983103  -0.018776  -0.0202113  0.0215841  0.0116961 
51 0.00241855 0.511217 0.01055 0.301382 0.00147917  -0.00201806  -0.000753941  0.00600524  0.000404381  0.00638703  -0.000983277  -0.00232285  0.00278028  0.00365518 
52 0.0314538 0.568538 0.0946577 0.315158 0.0626463  -9.41912e-05  0.0203988  -0.00852042  -0.0251931  -0.0357922  -0.0145548  -0.0153875  0.0288731  0.0367255 
55 0.00293246 0.55971 0.0265252 0.313633 0.00942315  0.000831158  0.000890622  -0.0117024  -0.00953539  -0.00746551  0.00801709  -0.0108957  -0.00984018  -0.00706282 
57 0.0153885 0.764567 0.127455 0.344515 0.0659575  -0.0132547  -0.0147168  0.0252668  -0.0352225  -0.00891368  0.0511324  0.0693425  -0.0451594  -0.00902413 
59 0.0392573 0.558352 0.0985791 0.352981 0.0773046  -0.00861502  -0.0285096  0.00142136  0.0106495  -0.0136673  -0.0151832  -0.0231989  0.0240969  -0.0346873 
62 0.024912 0.594341 0.0978632 0.338493 0.0523783  0.0496316  -0.0110853  0.0423487  0.021248  0.0238897  0.0322886  -0.0112562  0.0152211  -0.00556768 
63 0.0112235 0.558957 0.0518986 0.314598 0.0262617  0.0185272  0.00579012  -0.00436862  -0.0298324  0.00909881  0.0175519  -0.0136127  0.011116  -0.00426854 
64 0.00804168 1.25606 0.155505 0.310743 -0.0165173  -0.0811495  0.0854593  0.00923296  -0.033155  0.0313592  -0.0743597  -0.0265258  -0.0144925  0.0375432 
67 0.00598937 1.19299 0.128594 0.34869 0.065488  -0.00373649  0.03365  -0.000105574  0.0172592  -0.0700482  0.00344191  -0.0150312  -0.0533138  0.0530718 
68 0.0396273 0.604287 0.130121 0.354408 0.0962839  -0.0104347  -0.0445047  0.0242443  -0.0276381  0.00733565  -0.0369971  0.0141841  0.00584807  -0.0506139 
70 0.0143745 0.542851 0.0504717 0.31847 0.0216339  0.0129085  0.0109832  -0.0180294  0.0140539  -0.00397002  0.0205797  0.0215171  0.00697939  -0.017848 
71 0.0319819 0.640248 0.134595 0.307938 0.0981247  -0.0155434  0.0111962  -0.0304662  -0.0244646  0.0115632  -0.022492  -0.0761101  0.00903857  0.0089265 
72 0.0139196 0.794756 0.127908 0.260566 0.0278385  -6.29984e-05  -0.0152546  0.0361185  0.00515981  0.0103596  -0.0364543  0.0235087  0.105115  0.0313619 
73 0.0014079 0.83487 0.0434174 0.24147 0.0115744  0.0104693  0.0231972  0.0109502  -0.00489727  0.0133114  -0.0042432  0.0156109  0.0207974  0.00938469 
74 0.0159997 0.868324 0.153112 0.24794 0.0480872  0.0486868  -0.0330797  0.0442747  0.0365734  0.0648021  0.00694994  0.0706642  -0.0549199  -0.0459457 
77 0.0207042 0.634952 0.106097 0.241559 -0.00931853  -0.0197348  -0.0112935  -0.0718242  0.0329814  0.0235545  0.0392429  -0.0238827  -0.00811964  -0.0409275 
79 0.0124484 1.04072 0.16354 0.22606 0.0827413  -0.0152515  0.0744187  -0.0727596  -0.0528644  -0.0123692  -0.00182965  0.026285  0.0683495  -0.0228255 
80 0.000219204 6.4397 0.0721394 0.207953 0.0387239  0.0115424  0.0163922  -0.0103053  -0.0492823  0.0130352  0.00911209  0.00138554  0.00428408  0.0222365 
85 0.0059487 1.23368 0.131855 0.264283 -0.00101991  -0.000582242  0.0224008  0.0172555  0.0707358  0.0224743  -0.0731294  -0.0122817  0.0232122  0.0709838 
88 0.0126507 0.590057 0.0678597 0.299548 0.0430824  0.00453978  0.00138821  0.00564594  0.0208127  -0.0144909  -0.0311701  0.0114697  -0.006607  0.0300748 
89 0.00943405 0.528859 0.0335837 0.292642 0.0141219  0.0147557  0.00593884  -0.0047954  0.00416341  -0.000997376  0.0185027  0.0058924  -0.00435924  -0.0154285 
91 0.0181027 0.589766 0.0812249 0.307381 0.0384877  0.0287209  0.0148965  0.000444824  0.00898888  0.0475992  0.035917  -0.000105167  0.00173988  0.0207274 
95 0.0168909 0.559928 0.0644464 0.341249 0.0415066  0.00549615  0.0136356  -0.0254529  -0.0324044  0.0088376  0.014419  0.0100904  -0.011262  -0.00136162 
96 0.0228509 0.767464 0.156056 0.331689 0.0261907  0.0531666  -0.0717344  -0.0446531  -0.0237344  -0.0697239  0.066612  -0.0449426  -0.00374679  -0.0424894 
98 0.0179785 0.666144 0.109467 0.329185 0.0151479  0.0121651  -0.0510941  -0.00314234  0.0559286  0.0100453  -0.0331448  -0.0168691  -0.0625699  -0.0214 
99 0.0107309 0.539599 0.0418001 0.318759 0.0165663  -0.00554673  -0.00295469  0.0117073  0.00164645  0.000301608  -0.019062  -0.0280028  -0.00780894  0.00921659 
100 0.0146179 0.83046 0.138715 0.319584 0.0522972  -0.0203523  0.0666122  -0.000184775  -0.0192645  0.0115476  0.0365601  0.0384615  0.0320462  -0.0854865 
102 0.00499704 0.516848 0.0186638 0.312299 0.00921073  -0.00179372  -0.00434195  -0.00613859  0.0107919  0.005845  0.000214222  0.00606054  0.000359946  -0.00402673 
103 0.00372279 0.571091 0.0326101 0.304214 0.00126588  -0.00852692  -0.01148  0.0105187  -0.0050521  -0.00601682  0.00788944  -0.0245087  0.00134099  -0.00449814 
105 0.01089 0.525877 0.0343454 0.298044 0.0179115  -0.0149345  0.00593954  0.00339298  0.0120216  0.0171782  -0.00762381  0.0015601  0.00938255  -0.000866945 
108 0.00688156 0.533827 0.0308437 0.279283 0.00374709  -0.0106563  -0.015759  0.00587922  0.0184405  0.0122802  -0.0030102  -0.00190492  -0.00503135  0.00345929 
111 0.0249966 0.533536 0.0601259 0.266723 0.0407233  -0.0151694  -0.03209  0.00214888  -0.00536697  -0.00826812  -0.00291235  -0.0160392  0.00126048  0.0181037 
112 0.00935476 0.730231 0.0927852 0.215527 0.0388123  -0.0617063  -0.00855475  0.0270404  0.0210842  0.0236475  0.0333001  -0.000458883  0.0106969  -0.016229 
117 0.00481468 0.555419 0.0328045 0.192719 0.0125001  0.000744335  -0.0242441  0.00968836  0.00681453  0.00422803  -0.00500008  0.00229187  -0.01158  0.00300409 
118 0.0187714 0.678808 0.115982 0.179827 0.0619601  0.0216706  -0.000328003  0.00278193  -0.0234942  -0.0288855  -0.0187946  -0.00871057  0.0654085  0.0551515 
120 0.00500119 0.680734 0.0601444 0.117218 -0.00432721  -0.00456476  0.000526287  -0.0150546  0.00807486  0.00266151  0.0270326  0.00906717  -0.0362946  0.0338867 
121 0.00205942 1.09535 0.0699886 0.093549 0.04228  0.0166012  0.0132861  -0.00888258  -0.0281741  -0.00999113  0.0146799  0.0363551  -0.00785774  -0.00934095 
128 0.00186133 0.563701 0.0218068 0.0818175 0.0114278  1.41323e-05  -0.00612582  0.00824127  0.000696289  -0.00309885  -0.00954177  0.00739985  -0.00393485  0.00825366 
129 0.00335427 0.726693 0.0551445 0.0695306 0.0166709  0.00804758  -0.0179484  0.0103625  0.0171869  0.0019073  -0.0302142  -0.00966183  -0.0306391  0.00496681 
132 -0.000160285 0.386958 0.00851434 0.0385468 -0.0011718  -0.00151051  0.000884471  0.00554234  -0.00259233  -0.000438428  -0.00103027  0.00142036  -0.00404589  0.00331344 
135 -0.00048957 0.234412 0.0228103 0.0405728 -0.00430533  -0.0039328  0.00378985  -0.0130251  0.00864962  -0.00680972  0.00183644  0.0100366  -0.00653767  0.00585276 
136 0.00061041 0.713274 0.0228196 0.0462152 0.00250262  -0.00599723  -0.01114  -0.00552532  -0.00662911  0.00727846  0.00639361  -0.0129031  0.00440012  0.000471376 
138 -0.000442004 0.465654 0.00779972 0.0390592 0.00101387  -6.14376e-05  -0.00062126  -0.00109042  -0.00480362  -0.00177018  0.00123471  0.00187043  -0.00293248  -0.00428931 
140 0.000106979 0.852659 0.0122843 0.044359 -0.000960188  0.00724147  0.00739339  -0.00119366  -0.0019298  -0.000387921  0.000340386  0.000991942  0.00180911  0.00576263 
141 0.000696243 0.732539 0.0254476 0.0431364 -0.000847533  0.0117591  0.00568669  0.00303886  0.0148737  0.00193491  -0.00927912  -0.00785806  0.00567725  0.00787139 
142 -4.34901e-05 0.384098 0.0044904 0.0341284 -0.00119568  0.000233274  -0.00119142  -0.000598664  -0.00243219  0.00135824  -0.0021  0.00165715  0.000706221  -0.00121922 
143 0.000211676 2.45205 0.0406486 0.0347597 5.85647e-05  -0.0137435  0.00785521  0.00585463  0.000407643  -0.0119006  -0.013116  -0.0195194  0.0254211  0.00513605 
145 -0.000520303 0.359328 0.0171163 0.0315688 0.00643703  0.00920407  0.00251513  -0.00102058  -0.00592371  -0.00560782  0.00694678  -0.00333939  -0.00210377  0.00539241 
146 -0.000512369 0.460699 0.00898318 0.038949 0.00321697  0.00315844  0.000495962  -0.00220322  0.00194381  -0.00486159  -0.00050303  0.00277591  0.00153046  0.00419025 
148 0.00104716 0.733326 0.0312608 0.0450503 0.0126562  -0.000183938  0.00679126  0.00463027  -0.000134824  0.0230923  -0.00513218  0.00560283  -0.0100401  -0.0075931 
150 0.000108105 0.613848 0.0070166 0.0313515 -0.00114377  -0.00224741  -0.00301367  -0.000481793  0.00195184  -0.00410947  0.00238601  0.00231355  -0.00080873  0.00107811 
151 -0.000114585 0.17831 0.0121431 0.0295773 0.00480638  -0.00752158  -0.00373536  0.000401692  -0.00183442  -0.00120662  -0.00172126  0.00532799  0.00200629  0.00367008 
153 -0.000746898 -0.0360526 0.0400258 0.0314549 -0.0173219  -0.0157034  0.000908472  0.00740873  0.0189507  -0.00625439  -0.0117349  -0.00828734  0.0193903  -0.00436836 
154 1.80885e-05 11.7541 0.028534 0.0416724 -0.017128  0.00647246  -0.00135357  0.000607101  0.00167777  0.0177706  0.0102326  -0.0039741  0.000503638  0.00611221 
156 -0.000351215 -0.759527 0.0420647 0.0414548 0.0169622  0.00700723  -0.00620733  -0.00232642  -0.00510407  0.000918825  -0.0193304  -0.000183834  -0.0256576  0.0181596 
158 0.0009242 0.63 0.0219263 0.0454948 -0.00597607  -0.011047  0.00326856  0.00215111  -0.00311113  -6.07388e-05  0.012488  0.000315922  0.00856345  -0.00828469 
160 7.34627e-05 0.857384 0.0102477 0.0338526 -0.000570465  0.00337252  0.00247478  0.000867671  -0.00535664  0.000444002  0.000403851  -0.00684109  -0.0026969  -0.00181954 
162 0.000189944 0.608958 0.00909907 0.0327497 -0.00133189  0.000126709  8.10782e-05  -0.00600172  0.00327485  0.00407773  0.00134768  0.0010028  -0.00362696  -0.00128321 
163 -2.46168e-05 0.10986 0.00619811 0.0297088 0.000115681  -0.000194259  -0.00202366  0.00369678  0.000114356  0.00104153  0.00371012  -0.00205754  -0.00117436  0.000358748 
171 0.000235685 0.617025 0.0105042 0.0301203 0.00551147  0.00513785  0.00272586  -0.00419338  -0.00279758  0.000650523  0.000128786  -0.00102092  -0.00192141  -0.00394319 
172 -0.00023673 -0.22193 0.0261469 0.0259148 -0.000143554  -0.0189034  -0.000181259  0.0021244  -0.00406623  -0.00810034  0.00968643  0.00969666  0.00319931  0.00644336 
173 0.000203338 0.717928 0.0133136 0.0301386 0.000431589  0.00157076  0.000366304  -0.00409421  -0.000104053  0.00205676  -0.00900652  0.00448629  -0.00631207  -0.00351759 
174 -0.000303286 -0.17637 0.0286465 0.0265521 -0.00694484  -0.00178999  0.00162964  -0.0121132  0.00932213  0.0129558  -0.00335583  -0.00650934  -0.0123756  -0.0125801 
176 -0.00014137 0.271081 0.0113783 0.0317545 -0.00541985  0.00471891  0.00163994  0.00136606  0.00249666  -0.00469454  -0.00326974  -0.00573268  0.000531631  0.00107611 
178 -0.000502974 -0.114195 0.035156 0.0339076 0.0180841  0.0154105  -0.0111017  0.010134  -7.17807e-06  0.00489429  0.0059677  -0.00112057  -0.00217215  0.019492 
179 1.20164e-05 0.503091 0.000385534 0.040655 0.000120487  7.96506e-05  2.42052e-05  -0.000165263  -5.10104e-05  -7.9068e-05  -0.000169338  0.00011063  -7.0737e-05  -0.000212381 
180 -0.000869222 -0.183057 0.0487403 0.0405069 0.028932  -0.0220485  -0.0005681  -0.023518  0.00806545  0.00148001  0.00396712  0.000688288  0.0157356  -0.0129592 
181 0.000595806 0.769483 0.0253411 0.050104 -0.00297207  0.00267326  0.000805332  0.0176817  0.00424727  0.00019248  -0.0102103  0.00475007  0.00869657  -0.0096115 
182 -5.3828e-06 -13.6249 0.0174389 0.0437582 0.00887396  -6.56181e-05  -0.00481735  0.00331138  -0.0119042  -0.00246992  0.00566348  0.00128214  -0.00254923  -0.00177862 
183 0.000118837 0.552116 0.00497781 0.0438197 -0.00285184  0.000866285  -0.00018624  0.000982976  0.0018436  0.000633093  -0.000262471  -0.000771838  -0.00071992  0.00314827 
184 0.000382919 1.03935 0.0287392 0.0424421 -0.0149674  -0.00426835  -0.00644652  0.0121677  -0.0090813  -0.00413478  -0.00282293  0.0168919  -0.00100086  -0.000469639 
188 -0.000433812 -0.233792 0.0356859 0.0376629 0.000338228  0.00981754  0.0247391  0.00348523  0.00630169  -0.0030704  0.000729576  -0.00330076  0.0216385  0.00490129 
189 0.000451723 0.578922 0.0119445 0.0430395 -0.00380499  0.00466041  -0.00364625  -0.00547489  -0.000303773  -0.00183145  0.00540989  0.00482283  -0.000908955  -0.00253083 
190 0.000496327 0.841554 0.0260382 0.0374269 -0.00377688  0.0103196  -0.00579255  -0.00569012  0.00289008  0.00164949  -0.00538962  -0.000716971  -0.0120063  -0.0175075 
191 -3.72208e-05 0.39991 0.00386039 0.0300761 -0.000649585  0.00182336  -0.0001908  0.000789363  -0.000889785  -0.0019696  0.000751613  0.00225064  -0.00038152  0.000222781 
192 -0.000369718 -0.0710518 0.0290628 0.0306887 0.0152425  -0.0033184  -0.00538049  -0.00939911  -0.0145155  -0.011039  -0.00683652  -0.00606173  -0.00547648  0.00616232 
195 8.45076e-07 0.628596 0.000659313 0.0362158 -1.17889e-05  0.000416083  5.65465e-05  0.000208624  -3.79232e-05  -8.44628e-05  0.000282292  0.000269402  -0.000231776  1.22212e-05 
196 2.1949e-05 1.71015 0.0103075 0.0362041 0.00207118  -0.00380915  0.00230141  -0.00450723  0.00165864  0.00123296  -0.000985548  -0.00608745  -0.00371456  0.0023949 
197 -3.38466e-05 0.474897 0.00184372 0.0358997 0.000825866  1.87792e-05  -9.70068e-05  0.000294547  -0.00018223  -0.00104437  0.000813315  -0.000425595  0.000802713  9.92447e-05 
198 9.13813e-05 0.764145 0.00982601 0.036368 -0.00359533  0.0015628  0.00381057  -0.00294441  -0.00104328  0.00576123  -0.000441141  0.00307672  0.00232579  0.00293961 
199 0.000409449 0.606971 0.0132379 0.0350893 -0.00493787  -0.00501677  -0.00641818  0.00588957  0.00328062  -0.00417394  0.00115333  -0.000972253  -0.00267779  -0.00348998 
200 -2.5027e-05 -0.0426409 0.00737044 0.0286687 0.00184068  0.00103875  -0.000718785  -1.13004e-05  -0.00270126  0.00477613  0.00138801  -0.00149138  0.00100553  -0.00375091 
201 4.43338e-05 2.07333 0.016703 0.0291019 -0.00533224  0.00724341  0.00508129  -0.00111807  -0.00255174  0.0103605  0.000688786  0.00102699  -0.00170438  0.00726205 
202 -0.000105063 0.461211 0.00403828 0.02833 0.00163492  0.000540944  0.00110542  0.00115533  0.000730568  -6.14755e-05  -0.000752425  0.000430313  0.00287683  0.00110473 
205 1.94065e-05 7.56968 0.0234254 0.0301273 -0.000952659  -0.00617836  -0.00911427  -0.0136002  0.00307319  -0.0113734  0.00582379  -0.000579941  -0.00435017  -0.00704668 
206 1.2921e-05 0.615399 0.00244219 0.0298035 -0.00104662  0.00103183  0.000322016  0.000250621  -0.000533274  0.00012282  -0.000708654  0.00119945  -0.00117751  -0.000104178 
207 0.000173228 0.682856 0.0112563 0.0295859 -0.00719871  -0.00102017  0.00234366  -0.00146359  0.00284559  0.000304865  0.00559315  0.00514972  0.000443894  0.000132361 
211 9.28472e-06 0.657018 0.00241484 0.0264975 -0.00062941  0.000596187  -0.000477006  0.000696302  0.000458741  -0.00173926  0.000281388  0.000341351  -0.00084429  -0.000472782 
212 -0.000120267 0.289268 0.0100692 0.0263217 0.000232757  0.00259125  0.00253259  6.14283e-05  0.00243508  0.00499383  -0.00317424  0.00104076  -0.00611228  -0.00296901 
213 -0.000366079 -0.373108 0.0357576 0.028515 -0.0173251  -0.0177974  -0.00304201  7.02855e-05  0.00230436  0.0172298  0.00644897  -0.00209301  0.0165394  0.00554447 
214 2.08542e-05 0.589401 0.00273088 0.0343402 0.000316816  -0.0002901  -0.000398356  -0.000948615  -0.000930401  -0.000945753  -0.00167817  -0.000982962  -0.000403878  0.00071339 
215 0.000201244 1.51054 0.0285187 0.0340352 0.00231176  0.00990804  -0.00103046  0.0106539  0.00613113  -0.0181144  -0.00999628  0.00703865  0.0010323  0.00888706 
216 -0.000237664 -0.135992 0.0245899 0.0309382 0.00748774  0.000980732  0.0187788  -0.00785424  -0.00816723  0.00708919  0.000599514  -0.000333045  0.00278295  0.00285123 
217 -0.000510929 -0.06044 0.0338473 0.0345668 -0.00745351  -0.00282239  0.00917898  0.00387589  -0.0159093  0.000423798  0.0157927  -0.0119039  0.0158544  -0.00933169 
219 -8.08451e-05 -6.29621 0.0468748 0.0413028 -0.00433466  -0.0229109  -0.00026666  0.0174941  0.0291369  -0.00952303  0.00699072  -0.00733032  -0.0158391  0.00736924 
222 -0.000134292 -0.802602 0.026452 0.0422702 -0.00297687  0.0100444  0.00679555  -0.00474384  -0.00660251  -0.00505624  -0.017671  0.000100734  -0.000497871  0.0118149 
225 5.05783e-05 0.573568 0.00385806 0.0438301 0.00107203  0.000410655  0.000423784  -0.000943815  0.000901662  -0.000382534  -0.000335057  -0.00181096  0.00136858  -0.00250443 
226 4.54634e-05 1.07169 0.0101962 0.0432492 0.00541923  -0.00565426  0.00059086  -0.00129414  -0.000106271  -0.00189511  0.00389183  0.00281309  -0.00104159  -0.00358497 
227 0.000867645 1.03815 0.0432068 0.0427204 -0.00703915  0.00526599  -0.0295608  -0.00521208  -0.016292  0.0168693  -0.00466261  0.0115887  -0.0132666  -0.00254869 
229 -0.00016426 -0.613707 0.027051 0.0309478 0.00815824  0.00752341  -0.000845081  0.00766139  0.00493662  -0.0100358  -0.0152351  -0.00155712  -0.013765  0.000302482 
230 0.000563923 0.638358 0.0176678 0.0334969 0.00291389  0.0055818  0.0012947  -0.000354237  -0.00319297  -0.00793855  0.00754078  0.000917293  0.009034  -0.00762688 
231 -6.25282e-05 0.102476 0.00997145 0.0236278 0.00133387  -0.00393469  0.000813417  -0.00029085  -0.00222135  0.00612237  -0.00113727  -0.00311436  -0.00166972  0.00502236 
235 2.23455e-05 0.529126 0.00161356 0.024916 0.000651582  0.00108196  -0.000425166  -0.000365062  -0.000223247  0.000452891  -0.000202339  -3.44221e-05  0.000246953  -0.000579916 
237 -2.1056e-06 -2.54606 0.00506509 0.0244634 -0.00110098  0.00364662  -0.000385073  0.00187379  -0.000455204  0.000790445  -0.00130948  -0.0013319  -0.00135888  -0.00114826 
238 -3.35455e-05 -0.211935 0.00977393 0.0245064 0.00178503  -0.00171669  -0.00114781  0.00466491  -0.000746006  -0.000122069  0.00493876  0.00149892  -0.00615907  -0.00108346 
239 0.000168944 0.655714 0.0102583 0.0251816 -0.000374391  -0.00135648  -0.00183569  0.00254668  -0.00148746  0.00166672  0.00208901  -0.00100636  0.00417295  -0.00810038 
240 7.61833e-06 1.51175 0.00555259 0.0215681 -0.00251053  -0.00203592  -0.00129465  -0.00291296  0.00141531  -0.00237303  -0.000937091  -0.000349446  0.00110179  -0.000611119 
241 -4.57925e-05 0.473336 0.00221027 0.0213907 -0.00031112  0.00065472  0.000169579  0.000203615  -0.00131653  -0.000383623  -0.00105939  0.000788668  0.000668089  0.000467508 
245 1.02292e-05 0.507031 0.000536405 0.0224356 -0.000196642  3.36387e-06  2.13881e-05  0.000108114  9.23641e-05  -0.000181699  0.000366238  4.1945e-05  0.000231646  7.62226e-05 
246 -0.000250731 0.275235 0.0150159 0.0222065 -0.000101809  -0.00276306  0.00723985  0.00133229  -0.00277679  -0.00136039  -0.00418258  0.00529921  0.00912576  -0.00502243 
249 -3.00235e-05 0.359672 0.00410526 0.0272743 0.000440488  -0.000581799  -0.00138525  0.000574197  -0.000390732  0.000901618  -0.00188992  -0.00221461  -0.00193252  0.000946318 
252 -0.00108239 0.312898 0.0284783 0.0278193 0.00206711  -0.00375858  -0.0196996  0.00103769  0.00148494  -0.0075508  -0.00267741  -0.00454389  -0.00341261  -0.017458 
253 0.000199644 0.553488 0.00653679 0.0430916 0.00129532  -0.000900616  -0.000114163  -0.000393183  0.00266549  0.00423111  0.00120437  -0.00240048  -0.00262691  0.000975948 
254 -4.69627e-05 -16.2957 0.0561597 0.0407095 0.0209271  0.0265862  0.0268758  -0.0237025  0.0250341  0.0043587  0.00511754  0.00441093  -0.00182752  0.00550811 
255 -7.87742e-05 -0.135551 0.0141515 0.0412823 0.00154453  -0.00159109  0.00392566  0.00564136  -0.00490691  -0.00696806  0.0018778  -0.00255194  0.00243576  -0.00771427 
258 -0.000205609 0.246135 0.0144508 0.0422257 0.00334506  -0.0035388  0.000441927  0.00370145  -0.00725317  -0.00047567  -0.00106579  -0.00290036  0.0088178  -0.00557499 
260 0.00124128 0.595553 0.0217918 0.0445941 -0.0144895  0.000843455  -0.00799734  -0.00170882  0.00130846  0.00728857  0.00939197  0.000631891  -6.70582e-05  0.00734152 
262 0.000106393 0.636897 0.00763292 0.0273519 0.0023215  -0.000975007  -0.000260099  0.000147438  -0.00575637  0.000734169  0.00254988  -0.000257822  -0.00227998  0.00252798 
266 -0.000607303 -0.134677 0.0392698 0.0253326 -0.0191801  0.00765777  0.00193216  -0.0126919  0.00269085  0.01873  0.0169219  0.00571298  -0.00704798  0.0149689 
268 -0.000484793 -1.15922 0.0567197 0.0353444 0.0100573  -0.0216908  -0.00679021  0.0151333  -0.00729589  -0.0187996  -0.0242988  0.0214036  0.0262583  -0.0150218 
269 -5.11309e-05 -2.8164 0.0260431 0.041643 -0.00630239  -0.00673445  -0.00488059  -0.0167548  -0.00339858  0.00777042  0.00264089  -0.00211683  -0.00579581  0.0131015 
270 -0.000111819 0.443718 0.00501807 0.0422525 -0.00067789  -0.000328718  -0.000613452  0.00100388  -0.000442053  0.0032483  0.000988176  0.00152396  -0.000432468  -0.00299942 
271 0.000677229 1.28277 0.046037 0.0435557 -0.00651791  0.0157648  0.0121779  0.000599074  -0.0022291  -0.0242745  0.0150252  -0.0184872  -0.0154011  0.0167566 
272 9.89214e-07 0.506623 0.000161882 0.0349299 1.95946e-06  5.67765e-05  2.11308e-05  -5.51538e-05  0.000111247  3.6229e-05  -7.4184e-06  1.61089e-05  -7.17379e-05  -1.84603e-05 
275 0.000103651 5.49677 0.0455088 0.0349157 0.028451  -0.0137667  -0.00111922  0.0101362  0.0105981  0.0223987  -0.013421  -0.00559035  -0.0107403  0.00522661 
278 0.000212681 0.530166 0.00506781 0.0333985 -0.002272  0.00170788  -0.00160895  -0.0010937  0.000989215  -0.0020956  0.00070917  0.000841425  0.000872822  -0.00254483 
281 -6.26158e-05 0.443681 0.00375608 0.0300467 -0.000324306  -0.000294646  0.00153327  -0.00132343  -0.00192641  -0.000538489  -0.00123231  0.00119496  -0.00131332  -0.00106838 
284 0.000165814 0.922021 0.0167299 0.0310712 -0.00654046  0.00385744  0.00491098  0.00219802  0.0112084  -0.00509973  -0.00409402  -0.00492246  0.000807573  -5.08387e-05 
285 -0.000348148 0.42144 0.0104633 0.0282776 -0.00448753  -0.00368664  -0.00102712  -0.00501964  0.000207875  0.00299633  -0.00165677  6.4292e-05  -0.00601093  0.00126379 
286 0.000154146 0.682315 0.0106026 0.0338796 0.000818477  0.00350156  0.00336055  0.00336217  -0.00311651  -0.00181846  0.00220327  -0.00225811  0.00467473  0.0056622 
287 0.00022854 0.961263 0.0205335 0.0315229 -0.00146175  0.0027103  -0.00436798  0.0140796  -0.00404231  0.000633948  -0.00740606  -0.00772663  -0.00183861  -0.00775594 
292 0.000163953 1.69727 0.0280188 0.0276619 -0.0123833  -0.0074279  0.00441626  0.00300922  -0.00859633  0.00230722  0.0195216  0.00177442  0.00890734  0.00227411 
294 6.28238e-06 0.686739 0.00216626 0.0245202 0.00135806  0.000298581  0.000641991  -0.00122337  0.000667609  6.50517e-05  -6.21926e-05  -0.000126302  -0.000350981  0.000507415 
295 0.000122754 0.855023 0.0132028 0.0243918 -0.000443229  0.00293314  -0.00167581  -0.00359666  0.00350262  0.00905425  9.12401e-05  0.00215657  0.00691623  -0.00174042 
296 -3.69566e-05 -1.46772 0.0170551 0.0217305 -0.00223169  -0.000344896  -0.0013455  -0.00791143  0.00585414  -0.00610136  -0.00524696  -0.0046565  -0.00853983  -0.0052665 
297 5.76656e-05 0.733422 0.00733768 0.0225648 -0.000251976  0.00216152  0.00111157  0.0027358  0.0031863  0.00100413  -0.00278582  0.00363384  -0.000743494  -0.00277607 
298 0.000181728 0.74724 0.0134059 0.0212487 0.00259752  0.00476252  0.00299271  -0.0012457  -0.00227642  -0.00606631  0.00485992  0.00154966  0.0083945  -0.00114503 
303 -7.88224e-05 -0.0431704 0.0130867 0.0164254 0.00523076  -0.00174548  -0.00158942  -0.00255354  -0.00664917  0.0062885  0.0058939  -0.00246234  -0.00253136  -0.000917682 
307 -0.000389 -0.0406128 0.0290059 0.0186714 -0.00797459  0.0158381  -0.00730245  -0.00439865  -0.0127604  -0.0072659  -0.00961998  0.00838516  -0.00405466  -0.00770176 
308 9.73683e-06 0.714713 0.0028918 0.0271606 0.000331323  6.2368e-06  0.0017355  0.0020028  -0.000880809  -0.000537788  -0.000112348  0.000323352  -0.000169333  -0.000136484 
311 -0.000105351 -0.233533 0.0175819 0.0269807 -0.000878844  0.00531187  0.0016641  0.00375175  0.00379036  -0.00978026  -0.00450706  -0.00461479  0.00759436  0.00734755 
314 -3.36423e-05 -2.54139 0.0202303 0.0288672 -0.00428663  -0.00618597  0.00747111  0.00116786  -0.00245692  0.0105493  0.00941495  -0.00168725  -0.00107728  0.00924484 
315 -2.32682e-05 -0.698343 0.0105609 0.0294442 0.00277708  -0.0040576  -0.00377703  0.000800897  -0.00563688  0.000433521  -0.00442495  -0.000515237  0.00353797  0.0028503 
316 -0.000618762 0.34895 0.0193428 0.0298367 -0.00811049  -0.00334818  0.00587734  -0.00163329  0.000385381  0.0102937  -0.0109697  0.00100634  0.00539273  -0.00184588 
317 0.00015887 0.571402 0.0067367 0.0388482 0.00221593  0.00290839  -0.00333949  -0.00144912  -0.0015272  0.000913129  0.00153187  0.000419962  -0.00265162  -0.002458 
318 -0.000367158 0.319816 0.0162706 0.0367467 0.00792106  0.00524238  0.00115022  0.00202746  -0.00382981  -0.00223259  0.00015304  -0.00271983  -0.00357245  0.0113683 
319 0.000630305 0.870335 0.0305531 0.0414433 0.0115466  -0.00158459  -0.00579681  0.0115434  0.0184765  -0.00918769  0.00119666  0.00917929  -0.0094231  0.00552482 
320 0.00030431 0.741785 0.0171552 0.0329764 0.00521734  -0.00596316  -0.0089083  -0.00337059  0.00613295  -0.00481855  -0.00326596  0.000100163  -0.00332458  -0.00763161 
321 -9.92215e-05 0.254957 0.00986218 0.0279853 -0.00302168  0.000121043  0.00134772  0.00339461  -0.00151248  -0.000519797  0.00283889  0.00713054  -0.0036491  -1.25108e-05 
323 0.000101128 2.01166 0.0247267 0.0297053 0.00943062  0.00615665  0.0109621  -0.00303791  0.00369066  0.00198904  0.0110146  -0.00694325  -0.000813671  -0.0129385 
326 0.000136706 0.543981 0.00490485 0.0279514 -0.0014538  -0.00211038  -0.00280116  0.000419541  -0.000524715  0.00146266  0.00136492  0.000123816  -0.000860994  -0.00210556 
327 -0.000730413 0.210978 0.0290673 0.0253887 -0.00162531  0.00689378  -0.0132013  -0.00485107  0.00409189  -0.00605004  0.01411  -0.00199298  0.00404332  0.0180049 
328 -0.000398527 -1.33665 0.0541055 0.0370846 -0.020047  -0.0190901  -0.0131131  -0.00337264  -0.0125082  0.00075984  0.000183527  0.0123347  -0.00848376  -0.0399572 
330 0.000164021 0.55077 0.00577237 0.0421174 0.00062098  0.000599606  0.000862996  -0.000273341  0.0026087  -0.00242396  0.000355717  -0.0040159  -1.175e-05  0.00167948 
331 1.49504e-05 3.3172 0.0129795 0.0401231 0.0026064  0.00287318  0.00390674  0.00953169  -0.000814198  -0.000911252  0.00614541  0.000602924  0.00274865  -0.000354094 
332 0.000125329 0.538793 0.00441069 0.0399364 0.00138811  -7.77915e-05  0.001043  -0.000176428  -0.000910693  0.0035142  0.00050928  -0.00130859  -0.00028603  0.00108153 
333 -0.000156351 0.217978 0.0132815 0.0383353 -0.00107814  0.00560841  -0.00753799  -0.000906618  0.0057171  -0.00181258  -0.000745672  0.00312521  0.00620253  -0.00117238 
334 -0.000400661 0.0914887 0.0255901 0.0403231 0.00213477  0.0104106  0.0165583  -0.00203383  -0.0110692  -0.0109956  -0.00152558  -0.00105517  -0.00235383  -0.00334569 
335 -5.02201e-05 0.445948 0.00329538 0.0450188 0.000438535  0.00111719  0.00150228  0.00103554  0.00149278  -0.000388222  7.76032e-05  0.00190937  0.000168314  0.00017543 
336 -0.000521231 0.448433 0.0103767 0.0455732 -0.00108987  0.00770507  0.00210364  -0.000573376  0.000263855  0.00330132  0.00325622  -0.00107076  -0.00414298  -0.00157568 
337 0.00122904 0.800283 0.0384163 0.0509734 -0.0071325  -0.0230689  -0.0147285  -0.0117456  0.00134216  0.00649133  -0.00328045  -0.014544  0.0156406  0.00519834 
338 7.11043e-05 1.03652 0.0123527 0.0370135 0.0040029  0.00390919  -1.50867e-05  -0.00323467  0.00188063  0.00522263  0.00169011  0.00043329  -0.00679394  0.00555043 
339 0.000408065 0.722131 0.0190412 0.0360402 -0.000608807  -0.000244536  0.00284625  0.00109212  0.00811745  0.0118474  -0.00583742  -0.00642804  -0.000304402  0.00843229 
340 3.06574e-05 0.510649 0.00114293 0.0298482 0.000486666  -0.000210769  0.000552194  -0.000236556  0.00011376  -3.58522e-05  -0.000286333  0.000620018  -0.000281443  0.000322964 
345 -0.00109176 0.278875 0.0310913 0.0293302 -0.0070529  0.0108824  0.02413  0.00353255  0.000964113  0.00424751  0.0132047  -0.00280145  -0.00101497  0.00124367 
347 2.4589e-06 581.552 0.0755706 0.0441884 0.0161654  -0.0152085  -0.029805  0.0208067  0.00745885  -0.0151433  -0.0370083  0.00722815  0.0385437  0.0265446 
350 3.08306e-05 1.28465 0.00983678 0.0441606 0.00100843  -0.00666031  0.000617022  0.00198885  -1.18759e-05  0.00032557  0.00542965  -0.000269548  0.00224963  -0.0035112 
