generation s h r distopt trait[0] trait[1] trait[2] trait[3] trait[4] trait[5] trait[6] trait[7] trait[8] trait[9] 
2 -0.000631143 0.311706 0.0218102 0.02 0.00487798  0.00219157  0.00938638  0.00237736  -0.000540162  0.00792712  0.000943914  0.00454994  0.00754427  0.0145496 
3 0.000323127 0.61801 0.0123512 0.0488569 -0.000873578  -0.00468012  0.00260151  -0.00468386  0.00330706  -0.00275284  0.00547925  -0.0066353  -0.00264993  0.00126233 
4 -0.000302122 0.0515973 0.0232805 0.0635079 -0.00326332  0.00276502  -0.000101693  0.00301511  0.00240821  0.0150537  -0.00774231  0.00977404  -0.00476225  -0.0101988 
5 -0.00011457 0.441518 0.00517776 0.084599 -0.00118313  0.00111913  -0.000515296  0.00178981  -0.00233459  0.000391782  0.00125181  0.00270956  -0.00125311  -0.00214596 
7 0.00113108 0.507549 0.00589703 0.12394 -0.00200326  -0.00390559  0.00103943  6.56616e-05  -0.00165497  -0.0020741  -0.000127171  -0.00220814  -0.000982853  0.00123478 
10 0.000173065 0.531186 0.00464775 0.178438 0.000586638  -0.000893559  -0.000109546  0.00305364  -0.0017687  0.000105704  -0.00127934  -0.000949253  -0.000139638  0.00232928 
11 0.00808949 0.898576 0.113389 0.19777 -0.0631881  -0.0340051  0.03486  0.0242132  0.0464024  -0.0322874  0.0079309  0.0400526  -0.0220567  0.023605 
12 0.0026276 0.556172 0.0243519 0.192556 0.0147579  -0.00830795  -0.0128086  -0.00722871  0.00239929  3.80506e-06  -0.00377087  0.00468528  -0.00541458  -0.00431723 
13 0.00549857 1.16495 0.12072 0.202964 -0.0214214  -0.0554202  -0.0149667  0.0383052  0.0506199  0.0352395  0.0641776  -0.031036  0.0184649  0.0111669 
15 0.00895336 0.878786 0.116285 0.216427 0.0313141  -0.07388  -0.0340229  0.036631  0.011133  -0.0482205  -0.0150377  -0.0141627  0.0382656  -0.0156147 
16 0.00594493 0.936513 0.101753 0.206012 -0.0443188  -0.0262636  -0.0539017  -0.0216302  0.00661171  0.00807419  -0.0137447  0.0545054  -0.0133119  -0.0296737 
19 0.00332725 0.650555 0.044782 0.223401 -0.0188456  -0.0220928  0.017295  0.00356634  0.0215149  0.0181523  -0.00503175  0.00300842  -0.00305898  -0.00377119 
20 0.00176826 0.54548 0.0179707 0.227038 0.00281603  -0.00458173  0.0051959  0.00516236  -0.00711125  0.000521934  0.0084671  -0.00113968  -0.00520438  -0.00945816 
21 0.0220137 0.662565 0.119879 0.235401 -0.0870844  -0.0451399  0.00702512  -0.052856  -0.0124098  -0.0273152  -0.0270615  0.0015269  0.0100764  -0.013044 
22 0.00554824 0.567016 0.0387067 0.192538 0.018761  -0.0121841  -0.0170139  -0.00999099  -0.0184679  -0.0118924  -0.00819064  -0.00243508  -0.00266648  -0.00677251 
24 0.00553054 0.54147 0.0304957 0.201189 -0.0069301  -0.0120229  0.00206653  0.0141921  -0.0109675  -0.0107607  0.00253609  -0.00561936  -0.00741991  0.0142331 
25 0.00278756 0.731563 0.0508078 0.200202 0.00877973  0.00870261  -0.0111495  -0.0305228  -0.0308719  -0.00553146  0.00609712  -0.0178675  0.00385465  0.00420839 
28 0.00632522 0.56649 0.0411883 0.242534 0.00479057  -0.0238301  -0.00788353  0.0263534  0.00591306  0.0107189  0.00391891  0.00981817  -0.00898586  -0.00257694 
32 0.0126615 0.54084 0.0461952 0.298644 -0.012891  -0.0166731  0.0211385  -0.0113526  -0.0135565  -0.00622589  -0.00695212  -0.00259738  -0.00661245  -0.028156 
35 0.00222553 0.576373 0.0261063 0.331767 0.00301743  -0.0100131  -0.0112149  0.00759888  -0.00235646  -0.00687572  0.00833854  -0.00873509  0.00598996  -0.0124142 
36 0.00356427 0.523861 0.0185984 0.346809 -0.00626891  -0.00191498  0.00672313  0.00448184  -0.000628409  0.00600527  -0.00853161  -0.00922866  0.000767476  -0.00653029 
39 0.0202134 0.517648 0.0401575 0.397882 -0.0208312  -0.0172722  0.00753296  0.0109458  -0.0215046  0.0116065  -0.00623922  -0.00352338  -0.0053954  0.00511778 
40 0.025689 0.577106 0.0902031 0.390902 0.0432953  -0.0582918  0.0115378  -0.0122022  -0.0222998  -0.0403146  -0.0007388  0.0183946  -0.00961822  0.00531186 
43 0.00816864 0.528878 0.0311883 0.413866 0.000813431  -0.00702573  -0.00317095  -0.00168198  0.018385  0.0215247  -0.00270576  -0.000757506  -0.00365984  0.0093376 
44 0.0304721 0.532134 0.0656246 0.423223 -0.0348203  -0.0234336  0.032513  0.00497285  0.00474725  0.00388031  0.0135368  0.0122311  -0.0029597  0.0329237 
45 0.0121966 0.526402 0.0367901 0.405549 -0.0132792  -0.0151996  0.0038874  -0.00350214  -0.0112923  -0.0172856  0.00207312  -0.00420158  -0.0026093  -0.0215337 
47 0.0247461 0.518547 0.0459538 0.428899 -0.0157488  -0.0317953  0.0138704  -0.00940825  -0.00227218  -0.00627904  0.00958451  0.00501779  -0.00353638  -0.0199436 
50 0.0268845 0.554698 0.078433 0.456808 -0.0050026  -0.0251212  -0.021166  0.0462796  -0.0179199  0.0324978  -0.00593346  -0.0155392  0.00214463  0.0353175 
51 0.0343734 0.542104 0.0791091 0.446236 -0.0127308  -0.0462946  0.000370543  0.00189961  0.00405845  0.0028598  0.0265773  -0.00669976  0.0302251  -0.0475372 
52 0.00675471 0.513858 0.0198947 0.425686 -0.00761002  -0.00607005  -0.00260846  0.00585617  -0.0095623  -0.00047308  0.00373018  -0.0104517  0.0034299  0.00577634 
54 0.0263759 0.52479 0.0540318 0.456014 -0.00673989  -0.0353232  -0.0029596  -0.0100378  0.00519524  0.0218403  0.0128664  0.00945586  0.00508783  -0.0270542 
55 0.0432411 0.594965 0.13016 0.445469 -0.0179901  -0.0911953  0.0039957  0.0206257  -0.00214542  -0.0247292  0.0282372  -0.0383491  0.0277548  -0.0648506 
56 0.00838596 0.521342 0.0273442 0.41206 -0.0141462  0.00470363  0.00621249  -0.0052514  -0.00177441  0.00977636  -0.00216751  0.00533018  0.00339042  0.0177755 
57 0.0652709 0.534014 0.102904 0.419383 -0.0164883  -0.0588582  0.0304153  -0.016591  -0.0039294  0.0189275  -0.0490188  -0.00398383  -0.00612226  0.053131 
58 0.0223817 0.630815 0.108674 0.35421 -0.0538164  -0.0451976  -0.0454403  0.0158727  -0.0265753  -0.013822  -0.00675123  -0.0365277  -0.0129647  -0.0459244 
62 0.0132161 0.527931 0.039405 0.390643 -0.00481103  -0.0188327  -0.0147974  -0.012484  0.00657956  -0.00604316  0.00485969  -0.0171404  0.0180535  0.00877359 
66 0.00922237 0.517948 0.0264787 0.445496 -0.00143395  -0.0109754  0.00982701  0.00783493  0.0162851  -0.00745605  -0.00692238  -0.00509304  -0.00463596  0.0021226 
67 0.0436544 0.535345 0.0833562 0.453439 0.00169368  -0.066215  0.000657343  0.0201617  -0.00337205  -0.0121868  -0.0440301  -0.00628958  -0.00398391  0.000246273 
69 0.0060355 1.42437 0.149015 0.439407 -0.00196978  -0.0820808  -0.00990591  0.0624074  -0.0750998  -0.0127121  -0.0433314  -0.00117095  -0.0124859  -0.0602919 
70 0.0141027 0.52333 0.0374792 0.447546 0.0191078  -0.0282904  -0.00298253  -0.00479079  -0.00535026  -0.00186957  0.00785277  0.00538114  -0.00391615  0.00832522 
72 0.00465645 0.551346 0.0310616 0.462234 -0.0193002  0.00532181  0.00232326  0.0114241  0.0110919  0.00418815  -0.0135591  -0.00351541  -0.00263498  0.00918564 
75 0.0685064 0.593259 0.163793 0.505735 -0.0965305  -0.0673018  0.0385457  -0.0260342  0.0224314  -0.0158066  -0.0470054  0.00306248  0.0884595  -0.0044514 
77 0.00902268 0.555112 0.0449438 0.46556 -0.00527071  -0.0115588  -0.00645213  -0.00456808  9.55099e-05  -0.033051  0.0199446  0.011487  0.0108767  0.0074595 
80 0.067669 0.522491 0.0895957 0.503091 -0.0349024  -0.0513545  0.0120853  -0.0182472  -0.0200891  0.0120162  0.00795715  -0.0132003  -0.0476478  0.0252403 
82 0.0276498 0.578462 0.0944577 0.465813 0.0453858  -0.0228719  0.0239262  -0.0320869  0.0269399  0.0320273  -0.0178549  0.0132806  -0.0419932  0.026965 
83 0.00946295 0.522545 0.0298934 0.453252 -0.00995839  0.00153261  -0.00940894  -0.0204942  -0.000525112  0.00032134  0.0142605  -0.00502588  -0.00223903  0.00703886 
84 0.030352 0.572045 0.0951516 0.460926 -0.000577395  -0.0208853  0.0172738  0.0234101  0.0260027  0.00101122  0.0475356  0.0046303  -0.0151108  0.0677075 
85 0.0265344 0.645736 0.124817 0.4461 -0.0295323  -0.0169009  0.0450224  -0.0563824  -0.0523369  0.0488285  0.0262331  0.0406868  0.0207471  0.0363065 
89 0.00701986 0.527873 0.0283604 0.492262 -0.00702078  -0.00491823  0.00466604  -0.00382493  9.5302e-05  0.0201678  0.006742  0.00207393  -0.00682103  0.0138347 
92 0.0491324 0.519811 0.0703445 0.543128 -0.0144904  -0.0486276  0.0104182  0.00750782  0.00965008  -0.0142625  0.0163431  -0.0006087  -0.0255293  0.0315129 
93 0.00470006 0.5143 0.0167094 0.516229 0.00587073  -0.008914  0.00525848  0.000778387  -0.00246699  0.00720646  0.00616482  0.00152075  0.00465851  -0.00412117 
98 0.026454 0.571801 0.0885006 0.608233 -0.0482322  -0.0132366  0.0119987  -0.037221  -0.00915761  0.0157291  0.00460777  -0.0262624  0.0509467  0.0127924 
100 0.0345085 0.605747 0.122061 0.624691 0.0413361  -0.0459131  -0.0025628  -0.0575297  0.00724158  0.0230505  -0.00464034  0.0034524  -0.0776795  -0.033386 
102 0.0380143 0.583867 0.114853 0.616157 0.0143845  -0.0562038  0.0346821  0.00251417  -0.0265957  -0.0485976  -0.0402369  0.0157153  0.0264859  -0.0545865 
104 0.00178009 0.526599 0.0138132 0.585099 -0.0043247  0.00346382  -0.00450101  -0.0032512  0.00732909  0.00280922  -0.00139628  0.00732836  -0.00285367  0.00196708 
105 0.0165824 0.603838 0.0834287 0.583577 -0.0208814  -0.0046845  0.019726  0.0386992  0.0395497  0.042247  -0.0012761  -0.0220129  0.027892  0.00157338 
106 0.015477 0.540711 0.0511676 0.569312 -0.0022469  -0.014991  -0.0116526  -0.0274203  0.00485676  0.00586196  0.0319502  -0.00551092  0.0156051  -0.0121669 
107 0.0205975 0.519766 0.0426545 0.555659 0.00882569  -0.0251011  -0.00136012  0.00939484  0.00776037  -0.00816764  0.02545  0.0152593  0.00260617  -0.00265711 
109 0.0313507 0.538567 0.0723558 0.537 -0.0168967  -0.0220227  0.00433193  0.00153786  0.0279219  0.00622288  -0.0537078  0.0074291  -0.0106124  0.0239379 
110 0.00973631 0.634379 0.0724681 0.507444 0.00614217  -0.0152698  -0.0102881  -0.00613945  -0.0202466  -0.0334294  0.000150428  0.0470852  0.0219237  0.0247399 
112 0.0308612 0.518121 0.0516166 0.497806 -0.0164575  -0.031704  0.00838814  -0.00557669  -0.00190724  0.00152893  0.0130756  -0.00234001  -0.0172114  -0.0284284 
113 0.000127313 0.50158 0.000901368 0.466279 -0.000475007  2.62815e-05  0.000272072  -0.000146768  0.00025664  -0.000110934  0.000522094  -0.000352426  7.04626e-05  -0.000103229 
115 0.0070722 0.523254 0.0260825 0.466142 -0.010746  -0.0112527  0.0159888  0.00605961  -0.00766183  0.00394597  0.00139408  -0.00352844  0.00377272  -0.00655233 
118 0.0175147 0.52308 0.0418727 0.458521 -0.0167392  -0.0218407  0.0111943  0.0101086  0.00911086  0.0161328  -0.00273853  -0.00183994  0.0202936  0.00161958 
119 0.0152812 0.516607 0.0335004 0.439179 -0.0152941  -0.00928478  -0.0172143  -0.00795819  0.00895895  0.0135601  -0.00560644  0.00214076  0.00994891  -0.00658462 
120 0.0208799 0.648438 0.111643 0.42156 0.0302171  -0.0673567  -0.0145908  -0.0225078  0.045231  0.0500272  -0.010867  0.0206875  -0.00390515  -0.0344209 
122 0.00428869 0.984116 0.0910368 0.396292 0.0385746  -0.0283085  0.00513554  -0.00358687  -0.0328472  -0.0375892  0.0397759  -0.0397275  -0.0161997  0.00666141 
123 0.00559694 0.66539 0.060879 0.390855 0.0172769  -0.00683888  -0.0219451  0.0300555  0.000176701  -0.0335358  0.0260215  0.00796474  -0.0042527  0.00963083 
124 0.0134114 0.519028 0.0332055 0.383649 -0.00871844  -0.00427166  -0.0268785  0.00263185  -0.0012193  -0.00140069  0.0101596  -0.00861527  -0.00158267  0.00977639 
125 0.00448551 0.516522 0.0174868 0.365875 -0.00813549  0.000349313  -0.00485849  -0.00993074  0.00333739  -0.00715688  -0.00189406  0.0056779  0.00253391  0.00355645 
126 0.0126813 0.523504 0.0355523 0.359707 -0.0230437  -0.00474263  0.00994548  0.00212197  0.0206765  0.00889712  -0.00782912  -0.00278946  -0.00465088  0.00310835 
127 0.00672807 0.524166 0.0258963 0.341742 -0.00156446  -0.00734552  -0.0116047  0.00804579  -0.00887311  0.00941097  0.00464143  -0.00809755  0.00353582  0.0121612 
128 0.0123469 0.564444 0.0568967 0.331786 -0.00235758  -0.0239552  0.00243203  -0.0218661  0.00398812  -0.0220948  -0.026744  -0.00922126  -0.0294481  0.00149559 
130 0.0102089 0.532639 0.037114 0.312747 -0.0125486  -0.0218996  0.00554501  0.000553639  0.00213599  0.0193129  0.0123889  -0.0111577  0.00516225  -0.00521131 
131 0.0137229 0.567519 0.061418 0.296063 -0.0437749  0.0132935  -0.0112583  -0.000479926  -0.0137699  -0.0219479  -0.000597311  0.0144007  0.0202785  0.0161853 
135 0.00418478 0.535112 0.0243966 0.272073 -0.0181622  0.00475014  -0.00942996  -0.00709608  0.000334354  -0.00576982  -0.00259817  0.00444459  0.00623526  -0.00216751 
137 0.00439418 0.670481 0.0547579 0.264287 -0.0177689  0.00390244  -0.00285852  0.00987581  -0.0116028  -0.0354517  -0.0166511  0.00734207  -0.0242332  -0.0158711 
138 0.0179038 0.818431 0.150652 0.255858 -0.0321766  -0.124788  0.0287311  -0.058279  0.00767229  -0.0384286  -0.00362746  0.0176147  -0.00229555  -0.00156984 
140 0.00190377 0.532426 0.0157637 0.218444 -0.00491792  0.00321525  -0.010315  0.00158307  0.00331017  -0.00547008  -0.00101894  0.00754696  0.00107341  0.00224469 
141 0.00497556 1.18452 0.116528 0.214046 -0.0679718  0.0369514  -0.0277422  -0.0273955  0.0332955  0.034099  -0.0355933  -0.0300131  -0.040344  0.00255628 
144 0.000422531 0.508067 0.00370422 0.20212 0.00173349  -0.000327635  8.38013e-05  0.000820777  -3.31285e-05  0.00272258  -0.000575276  0.000572709  -0.00136197  -2.84713e-05 
145 0.00455641 0.666118 0.0550447 0.201072 0.0121236  -0.00903302  -0.00970681  -0.000515036  -0.0110805  0.0333063  0.0346223  -0.0016325  -0.0150102  -0.006935 
147 0.00791996 0.625364 0.063127 0.189431 0.0322397  -0.0172988  -0.0027973  0.0315926  0.00719006  -0.0175035  -0.0201677  -0.00726417  0.0272262  0.00903431 
150 0.00144932 0.508998 0.00729204 0.167318 -0.00285129  -0.00104301  -0.00320554  0.000945481  -0.000104313  0.00158014  -0.000920608  0.00251567  0.00285273  0.00386844 
151 0.00861994 1.08656 0.14186 0.162932 -0.00847022  -0.0553724  -0.0160256  0.0528732  -0.0255266  0.092282  -0.023902  0.0543159  -0.030285  -0.0180999 
153 0.00238143 0.867847 0.0591704 0.13403 0.00749716  0.00337542  -0.00741935  0.0148368  -0.00326348  -0.0353811  -0.0241155  0.00353657  0.0352333  0.0077744 
155 0.000449607 0.541108 0.00860308 0.124841 -0.000858959  0.00238962  -0.00505726  -0.000165186  -0.00540542  -0.00103331  0.0024908  0.000780987  -0.00214338  0.000517008 
156 0.00245448 1.08222 0.0755524 0.123028 -0.010901  -0.0375892  -0.0346454  0.0021784  -0.0216721  -0.0106343  0.0313107  -0.0101656  -0.0212685  -0.0291979 
159 0.00092331 0.674546 0.0253913 0.112625 0.000102351  0.0136134  0.00841421  -0.0101303  0.00195058  -0.00394918  0.00216768  -0.00298187  0.014939  0.00545836 
162 0.00263849 0.635434 0.0378245 0.10845 -0.0223251  0.000879175  -0.0118944  0.0123591  0.0198707  0.00846115  -0.00732774  0.00613515  -0.00888454  0.00076123 
163 0.000305236 0.922048 0.0226987 0.0955326 -0.00111934  0.0122873  0.00426368  -0.0121861  0.00100675  0.00017197  0.00843384  0.00256526  0.000273975  0.0108395 
166 0.00261798 0.708528 0.0467297 0.0939218 0.00427412  0.000198228  -0.000557282  0.0119714  0.0159577  -0.014235  0.0222537  -0.0243789  -0.0217705  0.000966893 
167 -0.000459292 0.38651 0.0144446 0.0787828 0.00257183  -6.67551e-05  -0.00672487  0.00759254  -0.000152441  0.00654336  0.00155239  0.00334545  -0.00646487  0.000960894 
168 0.000320799 0.537245 0.00691635 0.0816464 0.000661769  0.00194355  -0.000378852  -0.00204285  -0.000851002  -0.00328947  -0.000676058  -0.00253593  0.00456398  0.00020262 
169 0.000459214 3.27829 0.0714073 0.0796579 -0.00584325  0.0187905  0.0166995  0.014067  -0.0121868  -0.0148186  0.0449201  0.00615133  0.0342974  0.025198 
170 0.000592848 0.536771 0.00934596 0.0767221 0.00259011  -0.00387959  -0.00206668  0.00547707  -0.000431332  8.84765e-05  -0.000355576  -0.00354686  0.00215173  0.0037131 
171 -0.000415575 0.434698 0.010424 0.0727571 0.000527341  0.00395029  -0.00342997  -0.000841431  -0.00391809  -0.00275908  0.0020639  -0.00423106  0.00534171  0.00257773 
173 0.00166271 0.542843 0.0169138 0.0755597 -0.00795548  -0.000541551  -0.00232335  0.00330358  0.00183703  0.000967158  -0.0114826  -0.00479745  0.00680582  0.000828407 
175 0.00074649 1.434 0.0527935 0.0636234 0.00290496  -0.0133025  0.0200902  -0.0136395  0.0322181  0.00163126  -0.0193913  0.00462023  -0.0237163  0.00340619 
180 0.00109788 0.752204 0.0332776 0.0574606 -0.0175082  -0.0148661  -0.00274087  0.00335371  -0.0035361  -0.0089664  -0.00663579  -0.0141019  -0.0117404  -0.00935235 
181 0.000618767 0.540477 0.0100171 0.0469515 -0.00237099  0.00152053  0.00224359  0.00410458  -0.00078301  0.00542542  -0.00234332  -0.00352179  0.00383031  0.00281326 
182 4.02582e-05 0.805476 0.00701365 0.039823 0.00188756  -0.0012509  -0.00190763  -0.00058736  -0.000524636  -0.0016809  -0.00194569  -0.00572335  -0.000432724  0.000499184 
183 0.000229792 1.85909 0.0353401 0.0393143 -0.0142967  0.0185838  0.00269025  0.00364132  0.00243754  0.0109402  -0.00191783  0.00515417  0.0207573  0.00958817 
184 2.63121e-05 0.601426 0.00326728 0.0362746 0.000562015  -0.000272649  0.000861212  0.00251989  -0.000460296  -0.0011593  -2.30212e-06  -0.000770633  0.000423762  -0.000929554 
187 -0.000365707 0.326042 0.0159554 0.0359101 -0.00448318  0.00129893  -0.00233066  0.00124715  0.00627646  -0.00309468  -0.00257235  -0.00969033  0.00815591  -0.00312939 
188 0.000128931 0.581614 0.00648814 0.0406855 0.000416055  -0.00197397  -0.00211882  0.000699822  0.000740158  0.00412206  -0.00272875  -0.000615984  0.00225942  -0.00160545 
189 1.0218e-05 0.51256 0.000716533 0.039069 -4.22755e-05  -0.000154373  -0.000395907  0.000149857  2.37599e-05  -0.000223913  3.49031e-05  0.000175772  -1.82978e-05  -0.000474817 
190 6.16294e-05 0.897894 0.00990382 0.038938 -4.4077e-05  -0.00455208  0.00419709  -0.00221622  0.00112643  -0.00156236  0.00210353  -0.00333764  -0.00323331  0.00501061 
191 0.000229072 0.739862 0.0148249 0.0381384 0.00321948  -0.00458912  0.00290019  0.00369644  -0.00347713  0.00244008  0.00147267  0.00805077  0.00654794  0.00619464 
194 -0.000356612 0.334384 0.0153734 0.035007 0.0072256  0.0067575  -0.000953274  -0.00138782  -0.00520456  -0.00388799  0.0047948  -0.00639513  0.00525901  0.0013726 
195 -3.28124e-05 -0.855714 0.0133393 0.0397765 -0.00339937  -0.000558381  -0.00518795  -0.00778208  3.9539e-05  0.00455734  -0.00430006  -0.00583197  0.00217537  -0.000766681 
197 9.50387e-05 0.636495 0.00720354 0.0401868 -0.0038594  6.23816e-05  -0.00227389  0.000742248  -0.00314051  -0.00317649  -0.00120126  0.00255061  0.000738586  0.00168036 
199 0.000600301 0.607203 0.0160471 0.0389865 0.00184283  -0.00432189  0.0029087  0.000554608  0.00116241  0.00704591  0.00281377  0.00438558  -0.011013  -0.00521865 
200 -8.72843e-05 -0.0511363 0.0138719 0.0303286 -0.00290172  -0.000504364  -0.00682931  0.00256972  0.000267035  -0.00256812  -0.00405575  0.00251734  0.00919131  0.00407178 
201 3.18763e-06 0.511899 0.000389522 0.0317351 -0.000154864  -0.000113874  7.72183e-05  -0.000130491  -5.60664e-05  0.000180921  0.000162003  -2.41955e-05  -7.20955e-05  0.000154541 
202 9.18894e-05 0.659865 0.00766556 0.0316848 -0.00191012  -0.00341577  -0.00413072  -7.33078e-05  0.000626508  -0.000348363  -0.00177798  -0.00388685  -0.00132261  0.00241755 
204 0.000432664 0.917905 0.0268909 0.0302 -0.000208625  -0.00913155  -0.0036705  0.0204099  -0.00346505  -0.00190765  0.0104765  0.00374893  -0.00778838  -0.00308831 
205 4.9451e-05 1.22466 0.0119723 0.0218968 0.00474045  -0.00101985  0.000815176  0.00444563  -0.00572845  0.00221927  0.00359768  0.00420902  -0.00549599  -0.00088888 
207 -4.78246e-05 0.181213 0.00780933 0.020737 0.00192593  -0.00242218  2.58238e-05  -0.000157148  0.00185714  0.00160556  -0.000715069  0.00273013  0.00439066  -0.0042561 
208 -0.000140498 0.0149808 0.0165105 0.0218597 0.00750672  -0.000856042  0.00350013  0.00510437  3.24991e-05  0.000274225  -0.00151544  -0.00572555  -0.00952673  0.00716204 
209 -8.36593e-07 0.490186 0.000181219 0.0248668 -6.706e-05  4.36188e-05  8.63681e-05  5.17964e-05  -1.1595e-06  -6.2614e-05  -4.94723e-05  3.61414e-05  -6.8058e-05  -6.31727e-05 
212 -8.67015e-07 0.497585 9.15224e-05 0.0248836 2.87737e-05  -9.04703e-06  4.38038e-05  -2.85568e-06  2.16568e-05  3.84002e-05  1.6305e-05  5.63684e-05  -1.08323e-05  5.95634e-06 
214 4.45069e-05 1.04578 0.00985704 0.024901 -0.00284159  -0.00219393  0.000839291  -0.00508611  0.00395337  -0.00242983  0.00246878  0.00347587  -0.00125631  0.00405121 
216 -0.000269497 -0.877738 0.0385376 0.0239907 -0.0123885  0.0124492  -0.0150385  -0.018263  0.00418514  -0.00970116  -0.00697002  -0.015538  -0.00568659  -0.0135284 
218 0.000197521 0.57515 0.00770633 0.0290704 -0.000454544  0.000418752  0.00162323  -8.51768e-05  -0.00243137  0.00169742  -0.00509823  0.00368083  -0.00114578  0.00259181 
220 0.000272322 0.92928 0.021623 0.0254477 0.00917968  -0.0117107  0.00699435  0.00133283  -0.00415695  0.00267897  -0.000882118  0.00322281  -0.00191885  0.0124959 
225 5.95537e-05 0.548544 0.00340079 0.0193727 0.000437959  0.000935668  0.00140818  -0.000194456  0.000425983  0.00141103  0.000385103  0.000297987  0.00244384  0.000308785 
226 -0.000369486 0.372948 0.0137067 0.0177693 0.00427969  0.00602406  0.00222785  -0.00455062  -0.00452571  -0.00584674  -0.00414808  -0.000444713  0.00151364  0.005765 
228 -3.08863e-05 0.475593 0.00173662 0.0261783 0.00091917  -0.000176979  -0.000470166  0.000362298  0.000309042  -3.1561e-07  -0.000299756  -3.98396e-06  -0.00122784  0.000307189 
232 -1.91418e-05 0.483372 0.00112843 0.0267617 -0.000155772  6.533e-05  0.000159689  0.000171896  -4.34201e-05  -0.000704494  -0.000545182  0.00062464  -4.68117e-06  6.45062e-05 
233 7.13174e-05 0.850573 0.0100003 0.027117 -0.00407258  -0.0036368  -0.000787058  -0.00161389  0.00288412  -0.00237665  0.00621512  0.000257573  0.00369584  -0.000805773 
236 -3.05165e-05 0.486349 0.00129106 0.0257685 7.09952e-05  -1.31977e-05  0.000921981  3.68489e-06  0.000137444  -0.000714815  0.000279907  -0.000362746  0.000252636  -8.91157e-05 
237 0.000232093 0.802824 0.0167665 0.026354 -0.000305815  -0.00431772  -0.0127917  0.00153626  0.000941124  0.00685577  -0.00459356  0.00275129  -0.0011424  -0.00430463 
239 -0.000308969 0.374364 0.0124635 0.021505 0.00566372  3.11122e-05  -0.00113198  -0.00285542  -0.00314015  -0.00233724  -0.0072238  0.00288325  -0.00601766  -0.00133946 
240 -0.000424583 -1.02207 0.0508408 0.0277756 -0.012597  -0.0146497  0.0118563  0.0182636  -0.0206183  0.0148558  0.0250772  0.0110558  0.0184382  -0.000697838 
243 0.000477058 0.811793 0.0243906 0.0345855 0.00139501  -0.000830891  0.00193012  0.000561827  0.0100312  0.00529435  -0.015905  -0.0110653  -0.00915223  0.000629778 
248 2.01814e-05 1.62941 0.00954832 0.0268182 -8.92367e-05  0.00545447  0.00326009  0.00292942  -0.000852319  0.000396854  0.00173987  0.00153352  -0.00594501  -0.000771763 
249 6.20837e-07 0.505322 0.000114963 0.0264392 -5.64562e-05  3.52223e-05  5.34005e-05  2.89911e-06  5.54136e-05  9.95669e-06  -3.18819e-05  -4.02031e-05  8.29291e-06  -7.5704e-06 
250 0.000205416 1.07315 0.0216998 0.0264275 0.00895462  -0.00137341  -0.0112282  -0.00589301  0.00567269  -0.00607581  0.00949212  0.00331376  0.00753865  0.00100185 
251 -3.21102e-05 0.477671 0.00169365 0.022204 -0.00065634  -0.00124606  0.000632959  0.000357133  0.000391555  -0.000192091  0.00012446  0.000385661  -3.82229e-05  -3.06256e-05 
252 -0.000289273 0.342685 0.0134941 0.0229157 -0.00293729  0.00119929  0.00183685  -0.00305009  0.00297233  -0.00473374  0.0100831  0.00312234  -0.00127068  0.00388233 
257 0.00034086 0.604001 0.0119093 0.0285384 0.000618575  0.00822573  0.00230438  0.00119486  0.000331855  -0.00387912  -0.00351551  0.000747688  0.0026024  -0.00567446 
259 -0.000203066 0.335159 0.0115726 0.0217633 0.00227268  -0.00719326  0.00132498  0.00315346  0.00642541  0.000433192  -0.00234629  -0.00184337  0.00348609  0.00166988 
262 -0.000151771 0.350175 0.00953803 0.026014 -0.00541205  -0.00121383  0.00360631  -0.001179  -0.000641678  0.00167714  0.00549679  0.00238392  0.000318972  -0.00256724 
263 0.000265604 0.583334 0.00941053 0.0287838 -0.000158624  0.00563015  -0.00173922  -0.00324132  -0.00047568  0.00356387  0.00123543  -0.00235252  -0.00105473  -0.00471197 
264 -4.48745e-06 -0.378724 0.00397152 0.0237264 -0.00105598  -0.000160954  -0.000641897  -0.00177061  0.00207132  -0.00143593  -0.001014  0.00180486  -0.000399187  -0.000536206 
265 5.75149e-06 0.529366 0.000821954 0.0238207 0.000140102  9.94077e-05  -0.000352277  0.000298064  0.00024179  0.000237228  -0.00024179  3.33283e-05  -9.53891e-05  0.000499744 
266 -0.00015492 0.232408 0.012878 0.0236997 0.00153715  -0.00390621  -0.00421339  0.00121566  -0.0035762  0.00467274  0.000124267  0.00152337  -0.00620648  0.00731512 
269 9.30965e-06 0.602368 0.00195245 0.0267695 0.000912482  0.000475874  -0.000684887  -9.82626e-05  -0.000384338  0.00131282  2.83365e-05  -0.000420945  -0.000456725  0.000128328 
271 -0.00017864 0.0854762 0.0172114 0.0265951 -0.00685147  -0.00202579  0.00582817  0.00223866  -0.00467172  0.00270765  -0.00690172  -0.00541203  0.00238372  0.00971833 
272 -9.19159e-06 0.489903 0.000609333 0.029765 -0.000169037  6.54502e-05  0.000329153  0.000183221  2.73336e-05  0.000249168  0.000102016  0.00022052  0.000260951  -8.09609e-05 
273 0.000115781 0.830819 0.0123776 0.029919 0.00160388  -0.00281034  -0.00274218  -0.0012369  -0.00418019  0.00246873  -0.00484145  -0.00679821  0.00481398  -0.00415771 
274 3.37621e-05 0.520968 0.00168291 0.0279172 -0.000388701  0.000507409  0.000262458  0.000186061  -5.19256e-05  -0.000249239  -0.000830293  0.000670385  0.0008906  -0.000568634 
276 -0.000339381 0.134511 0.0222771 0.0273059 0.000832337  0.00468945  -0.0127926  0.0129369  0.00352547  -0.00494822  0.00527461  0.0080543  -0.00353593  0.000679467 
279 0.000229832 0.545196 0.00644763 0.0329401 0.00012739  0.00127597  0.00122896  -0.00470469  -0.00130042  -0.00277556  9.49718e-05  -0.000123457  0.00245493  -0.000915047 
280 2.29774e-05 2.31497 0.0129154 0.0292445 0.00471222  -0.00216996  -0.00410558  -0.00187214  -0.00097858  0.00136842  -0.00786743  -0.00276567  0.0062376  -0.00287246 
281 -0.00011454 -0.236613 0.0183711 0.028849 -0.0113311  -0.00219205  0.00518442  0.00369218  -0.00795584  0.000591774  -0.00448663  -0.00124352  -0.00817737  -0.00340533 
284 -0.000279762 -0.936976 0.0400997 0.0307703 0.0127403  0.0110048  -0.00555201  -0.0176778  -0.00610814  0.0146737  0.00131305  -0.00797192  -0.0185015  -0.0179172 
285 -9.49785e-05 0.325069 0.00815266 0.035023 -0.00116318  -0.00186289  -0.00208849  0.0041781  0.00302695  0.00135979  -0.00329569  0.00161982  -0.00293236  0.00259397 
286 -0.000179432 0.308446 0.0117265 0.0363538 -0.000608809  0.00174841  -0.000319115  0.00438172  0.00320969  0.00507098  -0.00438289  0.00395593  0.00365461  -0.00552714 
288 4.0024e-08 0.502326 1.92986e-05 0.0387433 -5.18946e-06  1.13341e-05  -2.19474e-06  6.46657e-06  4.00447e-06  -3.04756e-06  1.80169e-06  -1.06076e-05  -5.22185e-06  1.4321e-06 
290 -2.27331e-05 -0.812194 0.0109234 0.0387428 0.000720081  0.00729753  -0.000404009  -0.000162162  -0.000324201  0.00407769  0.000963212  -0.00238147  0.00571261  0.00306483 
291 0.000118365 0.528626 0.0036823 0.0390351 -0.000439147  0.00066108  9.55574e-06  0.00115223  0.00300841  -0.000938472  7.26104e-05  0.00100886  0.000550759  0.000586572 
292 0.000347138 1.17172 0.0305369 0.0374884 -0.0106495  0.00485799  0.0024791  -0.00307326  0.0155712  -0.00957137  0.00696524  0.00877964  0.0177283  -0.00243716 
293 0.000131393 0.754609 0.0115678 0.0325315 -0.00296046  -0.00285993  0.00363741  -0.00256504  -0.00437512  0.00235955  0.0049282  -0.00464707  0.000285328  0.00513677 
299 5.34655e-05 1.60488 0.0153714 0.0304453 0.00537074  -0.00709435  0.0086904  0.00173475  -0.00530524  0.00245429  -0.00185599  -0.00353878  0.00303678  -0.00438341 
302 -5.87851e-05 0.0957789 0.00974947 0.0295542 0.00186222  0.00387978  0.000897219  -0.00358269  -0.00707741  -0.00126392  0.000499831  -0.00283955  0.00169385  0.000147116 
303 8.54181e-08 29.4954 0.00314752 0.0305326 0.000663022  0.000430405  0.000443639  0.00154806  -0.000721268  -0.000291978  5.66136e-06  -0.00234195  -0.000733324  0.000246505 
304 -3.05768e-05 0.482189 0.00147612 0.0305312 -0.000531983  0.000150644  -0.00105126  -0.000130532  -0.000267169  0.000336722  0.000466516  0.000121705  -0.000416689  -0.00040026 
305 -0.000481362 0.409453 0.0132097 0.0310279 -0.00437112  -0.0021167  -0.0032768  -0.00598826  0.00343788  0.00559398  0.00252912  0.00135581  -0.00132849  -0.00715554 
306 0.000440579 0.601963 0.0134069 0.0380028 0.00335761  -0.000808171  0.00470664  -0.00234969  0.00380943  -0.00710818  -0.00605792  0.00428297  -0.00281201  -0.00348662 
312 0.000488634 0.705749 0.0200535 0.0316817 0.00142138  -0.00466628  -0.00165752  0.00320674  0.00568127  -0.0115406  -0.0118581  0.000746533  -0.000400883  0.00765014 
316 -6.40869e-05 0.107608 0.0100296 0.0226983 0.00172417  -0.000377144  0.00737464  -0.00174558  -0.0042459  -0.00278009  0.00131547  -0.000569893  0.00106888  -0.00333033 
317 -6.84942e-05 -2.976 0.0308588 0.0240687 -0.00271898  -0.0148962  -0.00453427  0.002103  0.0089871  -0.00938097  0.00868698  0.00521006  -0.018498  0.00918892 
319 0.000167552 0.629105 0.00930234 0.0254519 -0.00153853  0.0057167  0.00050262  -0.00407335  0.00254581  0.000823841  -0.00120868  -0.00268968  0.0042821  0.000670372 
321 -0.000671081 0.404102 0.0160538 0.0219148 -0.00405059  -0.00309571  0.00701621  -0.00264548  0.0055397  -0.00627411  -0.0100356  -0.000456791  -0.00210921  0.000291921 
322 -2.11146e-05 0.434203 0.00235741 0.0339347 -0.00117533  -0.000280599  0.000371131  0.000331056  -0.000734082  0.000984562  -0.000971772  9.15563e-05  -0.00035787  0.00112289 
323 0.00035979 0.808854 0.021082 0.0342444 0.0147509  0.0124409  0.00211699  0.0066267  0.000567454  -0.00269081  -0.00210946  -0.00321854  -0.00114874  -3.16234e-05 
324 0.00023341 1.25059 0.0264701 0.0285124 -0.00330744  0.00825969  -0.0195218  0.000299136  -0.0136945  0.000473881  0.000968507  0.00715846  0.000497136  -0.000344276 
326 4.71353e-06 0.501456 0.000165732 0.0240744 -1.11046e-05  -8.24752e-05  9.41033e-05  1.73667e-05  -1.94045e-05  7.98232e-05  3.66694e-05  -3.19299e-05  -4.0181e-05  -2.56437e-05 
329 -0.000298865 0.449762 0.00775313 0.0239763 0.00187731  0.00298752  -8.37345e-06  -0.00132237  0.00234607  -0.00467788  -0.00348508  0.000150771  0.000872961  -0.00236548 
334 0.000223213 0.731632 0.0143809 0.0295596 0.00294159  -0.00204759  0.00116892  0.00799426  0.0034045  0.000681802  0.0103073  0.00201017  -0.0024912  -0.000383996 
338 -0.00075746 0.158277 0.0321856 0.0255065 0.021882  -0.00524504  -0.00668088  -0.00047083  0.0147432  0.00939385  -0.000438824  -0.010764  0.00316028  0.00728499 
341 0.000404408 0.588636 0.0119763 0.0375277 0.00173731  -7.06559e-05  0.00817717  0.0011265  -0.0072619  -8.83384e-05  0.00211714  0.00283755  0.00253615  0.000750755 
343 0.000291325 0.762389 0.0174857 0.031686 -0.00821693  0.00671275  0.00725947  -0.00551538  -0.00438388  -0.0071101  -0.00465999  0.00203315  0.00372919  -0.00072233 
346 -0.000219457 0.401792 0.00928669 0.0266968 0.00134641  7.21331e-05  0.00592614  0.00341594  0.00230262  -0.0010829  -0.00123191  -0.00314291  -0.00293837  0.00333654 
348 -9.18391e-05 0.42448 0.00526765 0.030532 -0.000524492  -0.000213609  -0.00062084  0.00103279  0.0013461  0.00100291  -0.00269569  0.00215767  -0.00136506  0.00306134 
349 1.95486e-05 0.533508 0.00161874 0.0320007 0.000430485  2.14957e-05  -0.000969227  0.000229182  -0.000635008  0.000831172  -0.000256745  -0.000148952  -0.00046309  -0.000214395 
350 -1.43148e-05 0.473484 0.00123223 0.0316938 0.000561823  -0.000209778  0.000277562  5.41356e-05  -0.000240544  0.000374645  -5.39209e-05  0.000832593  8.68762e-05  0.000420574 
351 0.000143591 0.60576 0.00779424 0.0319188 0.000699585  -0.0011022  -0.00359869  0.00260602  -0.00474215  0.00291245  0.00120661  0.000334232  -0.0025057  -0.000698178 
354 -0.00141392 0.142815 0.0449672 0.0295843 -0.0150553  -0.000310822  -0.0161566  0.00173767  -0.0159883  0.00650333  -0.018449  -0.0289183  0.00641788  0.00393678 
355 -4.02138e-05 0.486921 0.00145074 0.0478556 0.000375751  -0.000683106  -0.000630893  0.000327451  -0.00032783  -0.000613878  -8.59484e-05  -0.000210064  0.000515291  -0.000436126 
356 0.000545693 0.603096 0.0150038 0.0482739 -0.00506884  -0.00408079  0.00218798  -0.00149646  0.00311994  -0.00468887  0.00342659  0.00382257  0.00799524  -0.00733113 
358 -0.000120631 -1.21805 0.0287919 0.0422472 -0.00371606  0.025588  0.00206284  -0.000654908  -0.00383189  -0.00350492  0.0105172  0.00236994  8.63923e-05  0.00353983 
359 0.000482965 1.27345 0.038648 0.0436516 0.0158102  -0.01576  -0.00742594  -0.00736252  0.0190649  0.0114353  0.00459333  0.00197819  -0.0189783  0.00256083 
361 0.000114208 1.90218 0.0253077 0.0377176 -0.0151786  -0.000534127  -0.00198898  -0.0163483  -0.00541667  -0.00369832  0.0078703  0.00299302  -0.00201813  -0.00453774 
362 0.000148347 0.552154 0.00556381 0.036172 7.09347e-05  -0.00353934  0.0012646  0.000731449  0.00119501  -0.000780775  0.00120357  -0.000647431  0.00161351  -0.00312745 
363 0.00043446 1.39047 0.0393314 0.0340599 0.00611548  -0.00286511  0.00909275  0.0205676  -0.0166712  -0.00480384  -0.0078307  0.0233056  0.00173935  0.00933507 
364 0.000190111 0.818473 0.0155618 0.026939 -0.00161187  0.00790214  0.00118991  -0.000927623  0.00966879  0.00607665  0.00572176  0.00326717  -0.000704667  -0.000728191 
366 -2.33674e-05 0.442948 0.00230933 0.0231434 -0.000645785  0.000741608  0.000592141  0.000177697  -0.000899483  0.000308878  -0.000473786  0.00126198  0.00108685  0.000284578 
367 -2.37185e-05 0.345608 0.00382729 0.0236429 -0.000898515  0.000834386  -0.00117192  -0.00120005  0.000118121  -0.000194994  -0.00218186  -0.0015109  -0.000547031  -0.00171365 
368 -2.17381e-06 -4.22174 0.00640753 0.0241393 0.0006841  0.000192753  0.00222178  -0.00367605  3.82405e-05  -0.000885591  0.00142093  0.00312439  0.00232989  0.00202649 
369 -7.86177e-06 0.281389 0.00262197 0.0241843 0.000265572  0.000834265  0.000889894  -0.00110033  2.80183e-05  0.00074854  -0.00103466  0.0001795  0.00155851  -0.000112955 
370 1.09283e-05 0.513023 0.00075455 0.0243463 0.000145911  -2.17069e-05  -0.000155574  0.00051366  -0.000241088  -4.05475e-05  6.27677e-05  -0.000134504  5.13403e-06  -0.000421556 
372 1.54717e-05 0.622404 0.00275232 0.0241208 -0.000659664  -0.000290832  0.00112795  0.000125699  0.0002543  -0.000257023  0.000160036  0.000736656  -0.00132273  -0.00182177 
373 -3.37919e-05 -1.95507 0.0182164 0.0237979 -0.00711762  -0.00492773  -0.00521281  -0.00232265  -0.000383243  -0.00946083  0.0108429  -0.00139442  0.00387203  0.000407573 
374 7.58195e-06 0.507393 0.000473538 0.0244976 -5.29218e-05  -0.000130768  4.41513e-05  0.000229898  1.47187e-05  6.45224e-05  -0.000157216  5.58645e-05  0.000341607  -2.49341e-05 
376 -2.15743e-05 -0.449763 0.00905329 0.0243424 -0.00209988  -0.00035401  -0.00163039  -0.00307354  0.00194823  -0.00188024  0.000118325  -0.00722238  0.00230013  0.000724025 
377 -0.000208713 0.196263 0.0159253 0.0247816 0.0094973  0.00108329  -0.000226358  -0.00355198  -0.00566752  -0.000347221  0.00977626  0.00166143  0.00434416  -0.000355176 
386 6.44279e-05 2.05236 0.0200007 0.0286855 -0.00712922  -0.0036421  0.00511855  0.00823482  -0.0114476  -0.00101339  -0.00373428  -0.00305792  -0.00176466  -0.00913474 
387 6.55077e-06 0.534563 0.000951667 0.0275397 -0.000425146  0.000200715  0.000364946  0.000339462  0.000346922  -2.77744e-05  0.000231743  6.63026e-05  -0.000429176  -0.000269806 
390 -0.00105634 0.131419 0.0394774 0.0274205 0.003807  0.0189948  -0.0227515  0.01324  0.0171175  0.00533555  -0.0114543  0.00456783  0.00387559  -0.00129442 
395 0.000963024 0.584201 0.0180179 0.0425298 0.00339918  -0.0136231  0.00847052  -0.00202536  0.00237069  0.00586648  -0.00251379  0.000927711  0.00100984  -0.00184727 
397 4.53337e-05 0.662455 0.00542761 0.0290898 -0.000899352  -0.00109059  -0.000143399  -0.00113995  0.00244716  0.00415349  0.000986835  0.000139905  0.000883498  0.00106143 
404 -0.00045965 0.0229364 0.0296199 0.0282999 0.00590014  -0.00252816  0.00515338  -0.0190972  0.00129143  -0.00171912  0.0160914  0.00872784  0.00976292  -0.00313533 
405 -0.000200206 0.137677 0.0170351 0.0355055 0.0102846  -0.00691931  0.00161817  -0.00743777  0.00586395  0.00293501  -0.00313187  -0.00500328  -0.000866066  -0.000123404 
406 0.000195339 0.752332 0.0140412 0.0382213 -0.000347901  6.26557e-05  0.00300758  0.00482336  0.00153268  0.00236929  -0.00352893  -0.000577658  0.0027271  0.0116848 
408 0.000191546 1.32994 0.025215 0.0355746 -0.00440102  0.00445765  0.0170429  -0.000507377  -0.00974428  0.00857291  -0.00346846  -0.00870278  0.00474541  -0.00520601 
411 1.70784e-06 11.2741 0.0085791 0.0327723 -0.000784848  0.00456041  -0.00201625  0.000160342  0.00214951  -0.00106867  0.00102331  0.00252022  -0.00190793  -0.00559423 
414 -4.39833e-05 0.355989 0.00503366 0.0327462 0.00142128  -0.000621194  0.00174003  -0.0005321  0.000741617  -0.00308931  -0.00246875  -0.000670106  0.000694944  -0.00158126 
417 3.83754e-05 0.626515 0.00440687 0.033411 -0.00157317  0.00236116  -0.000170846  0.000125083  0.00123164  0.00143516  -0.000932583  0.00115608  -0.00235187  0.000107558 
418 4.17261e-05 1.34004 0.0118407 0.0328317 0.000531017  0.00462039  0.0066412  0.00452783  0.00141896  -0.00458621  -0.00244608  0.00107847  -0.00319589  0.00368216 
420 -5.02755e-05 0.0460434 0.00955479 0.03219 0.00485334  -0.00531262  -0.00166768  0.0030254  -0.000993698  0.00290084  -0.0022559  0.00341398  0.00118237  0.000190915 
422 1.42155e-05 0.786009 0.00403273 0.0329617 -0.000235172  0.00265013  0.000722028  -0.000977985  -0.00148473  0.000648595  1.82131e-05  -0.000491284  -0.00219997  9.01735e-07 
425 -0.000142071 0.0968388 0.015137 0.0327454 -0.0018621  -0.00692999  0.00105538  -0.00971732  0.00247356  0.00369743  -0.00185461  0.00144346  -0.00659983  -0.00363686 
426 -0.000152018 0.150216 0.0145848 0.0348474 0.000385444  -0.0087673  -0.00362936  -0.00408625  0.00628626  -0.000770284  0.00518346  -0.00394423  -0.00111373  -0.00469647 
428 0.000193295 0.616434 0.00948862 0.0369644 -0.000654947  -0.00152613  0.00323594  0.000449519  -0.000796165  -0.00463941  0.00294188  -0.00346065  -0.00576389  0.000768964 
429 -0.0006933 0.33431 0.0214445 0.0342504 -0.00846242  -0.0151876  -0.00264204  -0.00843806  -0.000864633  0.00782779  -0.00242571  0.000702902  -0.00215698  0.0025211 
430 -0.000270676 -1.56894 0.0473261 0.0432046 0.0154971  -0.00908943  -0.00619283  0.0308925  -0.00398055  0.00229841  -0.00083868  -0.000506528  -0.0125737  0.0272782 
434 0.000351037 1.42436 0.0360217 0.0462314 -0.00223231  0.0115759  0.0117606  -0.023258  -0.0121237  -0.00745315  0.0117676  0.00241221  -0.00229141  -0.0112804 
435 -0.000247645 -0.0596797 0.0235472 0.0422655 0.0125831  0.00059846  -0.0169608  0.00103844  0.00225169  -0.00114369  -0.00482567  -0.00240234  -0.00196061  -0.00823088 
436 0.000151295 0.546396 0.00529974 0.0451004 8.35086e-06  0.00153135  -0.000711617  0.00117666  0.000740339  -0.00198339  0.00326482  0.00136437  0.00261693  1.9459e-05 
440 -0.000300012 -1.04975 0.0431238 0.0433908 0.0019962  0.0120779  -0.00850256  0.0256287  -0.028663  -0.00494371  -0.00553649  0.000905999  0.00665165  0.00767837 
442 0.000684524 1.40669 0.0498119 0.0467207 -0.0190213  -0.0160435  -0.0107772  -0.0107671  0.0386229  -0.00765437  -0.00570835  0.00650604  0.00148952  -0.00157944 
445 -1.20004e-05 0.48952 0.000709303 0.0387109 -0.000205074  -0.000432445  -8.01687e-05  -2.1424e-05  -0.000232459  -0.000387609  0.00017433  -9.46884e-05  8.3679e-05  0.000128542 
446 -0.000463721 0.442236 0.0103574 0.0388655 0.000126068  -0.00474934  -0.00299187  -0.00141565  -0.00507308  0.00388384  5.77462e-05  0.00534216  -0.00196251  0.000731383 
448 0.00014261 2.00465 0.0292944 0.0444338 0.0118595  0.0129185  0.0078004  0.00146968  -0.000140349  -0.000186271  -0.0100304  0.000529007  0.0114925  -0.0159562 
449 0.000711343 0.900436 0.0337502 0.0427991 -0.0162547  0.0174808  0.0100241  0.00471674  0.0106314  -0.000424635  0.0169  -0.000244932  0.00128834  -0.0067833 
451 -9.51677e-05 -1.68629 0.0288481 0.0334764 -0.00438338  0.00210902  0.0026695  -0.00619897  0.00172795  -0.00547528  -0.00405444  -0.0177024  -0.0195481  -0.00425367 
452 5.66129e-05 0.542435 0.00310012 0.0348689 0.001269  -0.00149961  -4.36643e-05  0.00157689  0.000251577  -0.000210402  0.000380422  0.00143853  0.000676186  0.00069583 
453 0.000304841 0.617836 0.0119878 0.0340475 -0.00179559  -0.0062886  0.0056013  0.0051668  -0.00157703  0.00152308  -0.00460444  0.00220342  0.0021065  0.00275062 
455 0.000288119 1.67778 0.0368371 0.0292308 -0.00513467  -0.00317773  -0.0150591  0.00481593  -0.0103578  0.0119036  0.00963114  -0.0141834  0.0210743  0.00913809 
456 -4.92758e-05 0.42939 0.00373081 0.0237983 0.00109356  0.00146707  -0.00141076  -0.00200267  0.000265103  0.000911331  -0.000482857  -0.00171148  5.63292e-05  0.000709622 
460 -1.67962e-05 0.243815 0.00414873 0.024812 -0.0033821  0.000934241  0.000602959  0.00130857  0.000627201  0.000299776  0.000866336  -0.000546562  -0.00111014  -0.000244296 
464 6.40564e-05 0.777097 0.00842605 0.0251482 -0.00078905  0.00439056  0.00192279  -0.00136431  0.00425808  -0.0026166  -0.00218614  0.000695305  -0.0038901  -0.000408551 
465 -0.000110938 0.404624 0.00650628 0.0238407 -0.00185139  -0.000484661  0.00102308  8.08985e-05  0.00127395  -0.00324807  -0.00293789  -0.00247732  -0.00172466  -0.00277494 
467 -0.000353152 0.0782719 0.0244102 0.0260638 0.00659005  -0.014914  0.0117471  0.00142577  0.00978505  -0.00892185  -0.00294244  0.00204908  0.000642652  -0.00116585 
468 6.74115e-06 7.82865 0.0140573 0.0321331 -0.00394037  0.00884794  -0.00115945  -0.0017336  -0.000993061  0.00246887  -0.00294472  -0.00558183  0.00658985  0.00301837 
470 -0.000158572 0.452879 0.00546838 0.032028 -0.00223354  0.00187449  -0.00076145  0.0013326  -0.000249156  -0.00139844  9.10117e-05  -0.00237091  0.00293604  0.00166662 
471 0.000309143 0.557856 0.00846042 0.0344148 -0.000562685  0.00351287  0.00151817  0.000714135  -0.00685417  0.000160471  4.92371e-05  0.0008159  -0.000681752  0.00282288 
474 0.000308344 0.58982 0.0105267 0.0295852 -0.00171351  0.00442383  0.00051409  -0.000794703  -0.00209669  -0.000727871  0.00315393  0.00576331  -0.00508341  0.0036713 
481 -0.000446608 0.362961 0.0156511 0.0238115 -0.00576953  -0.00157363  0.00541109  0.00678849  0.00296377  -0.000701994  -0.00659156  0.00490532  0.00683719  0.00320864 
483 -0.000144207 0.38051 0.008303 0.0318386 -0.00224817  0.000141683  0.00409816  0.00344198  0.000973328  0.000779205  0.00563982  -0.000611818  -0.000443895  -0.00113571 
484 -0.000992681 0.359523 0.0236332 0.0340281 0.0103607  0.0129158  -0.00402276  0.0123308  0.00444321  0.000409879  -0.00808775  0.000479847  0.00543463  -0.00102262 
485 6.98263e-05 0.513943 0.00197399 0.0463798 0.000297518  0.000365696  -9.9727e-05  -0.00123842  -0.00044575  0.000161078  -0.00107786  0.000533781  -0.00035403  0.000577974 
486 -0.000662255 -0.230407 0.0439915 0.0456209 0.0238612  -0.00315132  0.0224955  -0.00346906  -0.0179335  0.00443305  0.00764135  0.00391946  0.00278238  0.0203746 
490 0.000315496 0.84807 0.0209575 0.0523807 -0.00152573  -0.00549608  -0.00783217  -0.00816887  0.00296145  0.0114605  -0.00819336  0.0067452  0.00383714  0.0033377 
491 0.000220872 1.35385 0.0274634 0.0492777 0.0040167  -0.0119853  -0.0108952  -0.0120845  0.000101562  -0.000590029  0.0119666  0.00303528  -0.00673662  0.01147 
492 0.000110349 1.69961 0.0230097 0.0469834 -0.00267388  0.0151901  0.00221456  0.0128591  0.00696224  -0.000859358  -0.00102654  0.00188758  -0.00478171  -0.00667871 
495 0.000642473 0.748578 0.0252739 0.0457941 -0.0151224  -0.0101254  -0.000954227  0.000339789  -0.0101734  0.000397899  -0.00482848  0.0115497  -0.00253154  -0.00630542 
497 0.000379863 0.594245 0.0119684 0.0381423 0.0020123  0.00308226  0.0038373  0.000728554  0.000237651  -0.00526976  0.00425711  -0.004793  -0.00198525  -0.00644782 
500 1.57629e-05 0.783003 0.00422418 0.0327878 -0.00180805  -0.00136702  0.00115456  0.002097  -0.00040933  0.000273048  0.000171886  3.25863e-05  -0.00149926  -0.00211069 
