generation s h r distopt trait[0] trait[1] trait[2] trait[3] trait[4] trait[5] trait[6] trait[7] trait[8] trait[9] 
1 0.019492 2.38889 0.378737 2 0.0406864  -0.181887  0.0161489  -0.0425619  0.209138  0.128421  -0.1224  -0.131527  0.0995129  -0.0649331 
2 0.0124531 0.682937 0.0955117 1.99517 0.0160462  -0.034865  -0.0305008  0.0486792  0.0118821  0.0157479  -0.0355353  -0.0257522  0.0450085  -0.00292958 
3 0.0749313 0.598519 0.175987 1.99206 0.0211644  -0.0189874  0.0326323  0.100153  0.0237402  -0.100718  -0.0101337  0.0827398  0.0314655  -0.0205232 
10 0.0413266 0.501557 0.0327428 1.97384 0.0113017  0.00911457  0.00274248  0.0127441  -0.00520873  -0.00951526  -0.0051997  0.0102089  0.00896087  -0.0190296 
11 0.126531 0.496841 0.0747619 1.96356 0.0264556  0.0545185  -0.012775  -0.0352071  0.00147323  0.00323121  -0.00855192  0.00252897  0.00597768  -0.0196612 
12 0.0817602 0.49959 0.0543932 1.93298 0.0265859  -0.0276466  0.0258807  0.010786  0.00768718  0.0104208  -0.0045484  -0.0175369  -0.0103103  -0.0099551 
13 0.182172 0.488471 0.0792471 1.91255 0.0505104  -0.0147828  0.0151031  0.00899699  0.0224384  -0.0395214  0.0189797  -0.0267728  -0.00305049  -0.00703471 
14 0.0747723 0.536117 0.114011 1.86828 0.0249543  -0.0264165  0.0354972  0.0416959  0.000683722  0.0698882  0.0380258  0.0329826  -0.0226201  -0.0273697 
17 0.106153 0.501968 0.0766843 1.84888 0.0345195  -0.00924004  -0.00963609  0.0107739  -0.0137243  -0.0221232  -0.000319546  0.0187526  0.0151741  -0.055989 
19 0.0627467 0.566773 0.134417 1.8214 0.0152419  0.0346116  0.0255168  0.0165715  0.00332244  -0.0495097  0.00965263  0.016266  -0.0997312  -0.0542743 
20 0.122943 0.56475 0.191325 1.80461 0.0398098  -0.0511355  -0.0448524  -0.0691634  -0.034533  0.0266726  0.043871  0.119216  -0.0490458  -0.0718571 
21 0.0499197 0.511553 0.0586208 1.77219 0.0126024  0.00823946  -0.00451512  -0.00316388  -0.0393506  0.013404  0.00999747  -0.0227921  0.0144623  -0.0249513 
22 0.0580172 0.507151 0.0565902 1.7584 0.0100391  -0.00481118  0.00556323  -0.0115281  -0.0174135  0.0156485  0.0128227  -0.0126359  0.0357599  0.0276354 
23 0.0895696 0.502532 0.0674273 1.74229 0.0210385  0.00710926  0.0267882  0.0332217  -0.00490901  -0.00760182  -0.015249  -0.025431  -0.0239751  0.0263824 
27 0.00540263 0.511644 0.0162929 1.71749 0.00311272  -0.00243041  0.0117294  -0.0071249  0.00401838  0.00340715  -0.00372354  0.00237661  -0.00332884  -0.00178067 
28 0.0523963 0.560868 0.117116 1.71592 0.0122715  0.00485881  -0.0177589  0.0758475  -0.016053  -0.0378558  -0.0160313  -0.010905  -0.0652249  0.0339508 
31 0.0777154 0.521072 0.0953968 1.70098 0.0385797  -0.0347743  -0.00201772  0.0229194  0.0202653  -0.050837  0.0242527  -0.0167242  -0.0367857  -0.0256394 
33 0.0192421 0.518192 0.0396011 1.67883 0.00853631  -0.00913804  0.018971  0.00022839  -0.00846032  -0.00855111  -0.00699182  -0.00500387  0.0284484  -0.00489787 
34 0.0388847 0.529579 0.0723737 1.67315 0.0158884  0.00681797  -0.00712128  -0.0344313  0.037961  -0.000914898  0.00765521  -0.0329049  0.0219955  -0.025215 
35 0.0416332 0.512573 0.0536891 1.66171 0.0144073  0.0338072  0.000195541  0.0257131  -0.00187304  0.00557962  -0.00151353  -0.00550318  -0.0222714  -0.0175381 
36 0.019485 0.561278 0.0700953 1.64939 0.0163054  0.0144184  -0.0183656  0.00209835  0.00578554  0.00842137  -0.0316773  0.000190741  0.0321003  -0.0442673 
39 0.103393 0.526575 0.123593 1.64353 0.0389569  0.00406577  0.0788883  0.034408  -0.0149843  -0.0296057  0.0230394  0.0303563  0.06116  0.00631962 
42 0.134846 0.510797 0.115964 1.61332 0.0423313  -0.0365294  -0.0814188  -0.0447488  0.0230671  -0.031479  -0.0011012  0.0121952  0.000831582  -0.00402183 
43 0.0905994 0.554194 0.150014 1.57363 0.0484597  0.0168539  -0.044181  -0.00647569  -0.0231044  0.0617748  0.0401288  0.0555968  0.0061041  -0.0937521 
44 0.350415 0.480206 0.145866 1.54582 0.109247  0.00154622  -0.0140015  0.0665897  -0.0233873  -0.0515174  -0.0205249  0.00282119  0.000468081  0.0328476 
46 0.0390972 0.507982 0.0442677 1.44539 0.0124643  -0.00289583  0.00343581  0.0123974  -0.00640833  -0.0125239  0.00733899  -0.0303794  -0.0191511  0.00943068 
48 0.0412729 0.547107 0.0918168 1.43206 0.00139264  0.0103805  0.052891  -0.00267589  -0.0128934  -0.0199225  0.0104569  -0.0578955  -0.000681164  0.0386157 
50 0.0277479 0.506487 0.0329335 1.41787 0.00892212  -0.0126458  -0.0113459  0.00073736  0.00583926  0.01503  0.00262134  -0.00216713  0.0166856  0.0128782 
54 0.00336421 0.499901 0.00207496 1.40819 0.00136828  -0.000101499  0.000336651  0.000378503  -0.00050417  -5.28417e-05  0.000788039  0.000868969  -0.000686497  -0.000249015 
59 0.0742223 0.495981 0.0375751 1.40699 0.0248724  0.00838014  -0.00484744  0.0104919  -0.0176096  -0.00096889  0.00147715  -0.00306548  0.0139393  0.00851625 
61 0.0361692 0.588308 0.11472 1.38132 -0.00999622  0.00258859  0.0329353  -0.0969807  0.0116502  -0.00593271  0.00996648  -0.00858437  -0.0403296  0.0243664 
62 0.10852 0.508106 0.092956 1.3684 0.014362  0.0390183  0.0271396  -0.0214292  -0.0521477  0.00289128  0.0135513  -0.0159259  0.00444723  0.0503146 
63 0.0784971 0.51645 0.0884399 1.33022 0.0188669  0.00286389  -0.0234923  0.0399773  -0.0173159  0.0168877  -0.0134705  0.0327837  0.0255691  0.0530315 
67 0.0103976 0.502984 0.0133029 1.3015 0.00333035  0.00171804  -0.00243029  -0.000563424  -0.000335427  0.00500492  -0.00393753  -0.0101992  -0.00336513  0.000828707 
68 0.055776 0.640525 0.178488 1.29752 0.0396507  0.0109709  -0.041195  -0.0807863  0.00626789  0.0191024  -0.01605  0.0885791  0.0516686  -0.103752 
69 0.0472461 0.501249 0.0359999 1.27644 0.0211318  -0.0111023  0.0171573  -0.0163988  -0.00166378  0.00791953  0.00362732  0.000762171  0.00914645  1.02028e-05 
71 0.0119073 0.500805 0.0104004 1.25822 0.00309164  0.00473268  0.00181318  0.000507836  -0.00237805  -0.00244973  -0.00323491  -0.00576447  -0.00342683  0.00236091 
73 0.0139134 0.519202 0.0340086 1.25351 0.00410845  0.00417686  0.0144914  -0.0146524  -0.0109841  -0.0125584  0.0163528  0.00584992  -0.0106488  -0.00204151 
74 0.0179466 0.59496 0.0831186 1.24799 0.00559995  0.00721367  -0.00795497  -0.0103098  -0.0343228  -0.00814923  0.0714031  0.0176626  0.000846956  0.000435122 
75 0.0103333 0.510079 0.0216169 1.24084 0.000812546  0.0054787  -0.0167565  0.00549553  -0.00496855  0.00612821  -0.00152828  -0.00636677  0.000784279  0.00446134 
76 0.233327 0.499276 0.146098 1.23669 0.100975  -0.0239895  -0.0244544  0.0246642  0.0600212  -0.0632861  -0.0179509  -0.0204241  -0.0284548  0.0144951 
77 0.0201845 0.585635 0.0838972 1.14878 0.00770751  0.0178464  0.0184345  0.0394653  0.0229241  -0.0200299  -0.0313709  0.0394917  0.00768883  0.0351274 
82 0.0148685 0.855927 0.145142 1.14005 -0.00142651  -0.0236654  0.0388586  0.0214635  0.0185099  0.0652995  0.0949704  -0.0318602  -0.0446046  0.0436192 
83 0.0647916 0.53442 0.102964 1.13356 0.00545773  0.076862  -0.0513455  -0.019235  -0.002891  -0.0141306  0.0104233  -0.024022  -0.011444  0.0251608 
84 0.0557362 0.533244 0.0931387 1.10552 0.0321076  0.0247344  0.0186298  0.0106104  0.00228303  0.0680236  0.0247499  0.0210454  0.0182213  -0.023507 
85 0.119871 0.516456 0.117655 1.08071 0.0729171  0.0561676  0.00794279  0.0128535  0.0429415  -0.0424824  -0.0193981  0.0108446  0.00227788  -0.0315412 
86 0.0549166 0.511033 0.0615379 1.02699 0.0333142  -0.00494284  0.0246717  -0.013747  0.00999946  0.0106775  0.00582892  -0.033209  0.0214344  -0.00668815 
87 0.0597983 0.590356 0.150388 1.00063 0.00892806  0.0232759  -0.0290699  0.0168079  0.0293155  0.0201271  -0.098575  -0.0549922  0.0224317  0.0797419 
89 0.120725 0.515933 0.117223 0.971173 0.0760188  0.0372947  0.0148584  0.00912266  0.0277481  -0.0445003  0.00601145  0.0499998  -0.0313236  6.43152e-05 
90 0.156784 0.53966 0.183289 0.910605 0.0711731  0.119811  -0.0316497  -0.0107625  -0.0195058  -0.0254984  0.00117053  0.0106119  0.00701961  0.108918 
92 0.0213759 0.538479 0.0589717 0.826775 0.0129508  0.00748184  0.00264812  0.0189753  -0.0352432  0.000120044  0.00632988  0.0198587  -0.0284986  -0.0199545 
93 0.0120946 0.501359 0.0117317 0.813883 0.00772101  -0.00144492  0.000637781  0.000342889  0.00359667  -0.0014335  -0.00054507  0.000150494  -0.0016898  0.00756578 
94 0.0501296 0.915378 0.28572 0.806464 0.0401475  0.132854  0.029133  -0.0826194  -0.0680794  0.094593  0.161548  -0.0358447  -0.0607394  0.100225 
95 0.0158741 0.506187 0.0226659 0.775545 0.0127088  -0.000152688  -0.00292472  0.000996363  -0.00451952  -0.00895817  0.006711  0.0111826  0.00427111  0.00732488 
96 0.0693118 0.568873 0.143729 0.765324 0.0504762  -0.0217403  -0.0757282  -0.0076583  -0.0183806  0.0453007  0.0382861  -0.0288324  -0.039065  0.0750388 
97 0.0531584 0.542373 0.100539 0.720212 0.0444017  -0.0286645  -0.0457189  -0.0193298  -0.0272406  0.00901209  0.0223933  0.0141291  0.00629306  0.0573339 
100 0.0349852 0.566415 0.0985656 0.68331 0.0338932  -0.0292383  0.063959  -0.00703365  0.0311758  -0.0126383  0.0279873  -0.0227711  0.033732  0.000120487 
101 0.0416413 0.560737 0.103587 0.657666 -0.00112614  0.00766134  -0.0026122  0.0138335  -0.0361742  0.00867275  -0.0867215  0.0121347  0.0376427  -0.00186032 
103 0.0453717 0.630999 0.155449 0.625881 0.0125002  0.0246621  0.027486  -0.0773244  -0.0971382  -0.00886976  -0.0814403  -0.00140808  -0.0065205  -0.0217657 
104 0.0101249 0.518049 0.0278923 0.589368 0.0128913  -0.00194018  -0.014325  0.00330213  0.00462128  0.0087106  0.0132277  0.00266496  0.00764525  0.00735983 
105 0.0262829 0.553586 0.0767673 0.580759 0.0397285  0.0162212  -0.0161316  0.0364448  -0.00951163  0.0257096  0.012773  -0.0321515  -0.0200806  -0.0105703 
106 0.0178949 0.510038 0.0294855 0.557976 0.0161795  0.00702364  0.00551835  -0.00782264  0.0024672  -0.0017826  -0.0205976  -0.000428035  0.00467368  0.00332956 
107 0.0300212 0.523791 0.0570192 0.541849 0.0302747  -0.00987495  0.0071445  -0.00114376  -0.0135935  0.028908  0.00390922  -0.00778711  -0.00891237  -0.031764 
108 0.00391603 0.84452 0.0734171 0.51383 -0.00247698  -0.0235825  0.0101898  0.035689  -4.74039e-05  0.00449726  0.00155907  0.00341542  0.0109759  -0.0574062 
109 0.00752345 0.525118 0.0279476 0.510013 0.00693765  0.000862738  0.0132018  0.00520821  0.00147261  -0.000521628  -0.0193145  -0.00819291  0.00296976  -0.00890773 
110 0.0761807 0.560849 0.143236 0.502611 0.0821883  -0.0594108  -0.0347247  -0.0415149  -0.0366697  -0.0107399  0.000254477  -0.0744969  0.0160949  -0.00580657 
111 0.00670663 0.548392 0.0362764 0.423319 -0.000800933  -0.013167  0.0143223  -0.0112611  0.00171798  0.00194734  0.00892261  0.0258541  0.0067526  0.00310472 
112 0.00967505 0.527254 0.0331039 0.415349 0.00956439  -0.014628  0.00733542  0.00724463  -0.00459236  -0.0158878  -0.0083967  -0.0160145  -0.00746365  0.00528521 
113 0.0229011 0.557233 0.0737322 0.403592 0.0284252  -0.0395143  -0.0283157  0.0225774  0.0140267  -0.0318036  0.0119419  -0.015962  -0.00896695  0.00833881 
114 0.00921414 0.581638 0.0551003 0.374491 0.0158437  0.0150893  -0.0154895  -0.00580726  -0.0285147  -0.0260614  -0.00243094  0.0206691  -0.0173725  -0.00751471 
115 0.0160288 0.690114 0.110456 0.362038 0.0145946  -0.00390175  -0.0275494  -0.0264642  -0.0220202  0.0170932  -0.0485324  0.0549978  0.0106825  -0.0651278 
116 0.00700903 0.536945 0.0325029 0.339367 -0.000102308  -0.00996221  0.0123611  -0.0061756  -0.00385701  -0.00386176  -0.00597764  0.00820228  -0.008484  0.0236953 
117 0.0125372 1.2625 0.194675 0.328916 0.0621423  -0.0114513  0.0944815  0.0552244  -0.0271465  -0.0240389  -0.0120144  0.0315117  0.0531899  0.129026 
118 0.00792951 0.52129 0.0265283 0.309397 0.014138  -0.00894634  -0.00387698  -0.00315121  0.00734726  0.00637739  0.0120777  0.00297582  0.0113243  -0.00460957 
120 0.00649053 0.819158 0.0909485 0.296358 -0.0159652  -0.0200316  -0.000763514  -0.0288101  0.0129441  0.0665591  -0.0267596  0.0253171  -0.0240657  -0.0158437 
124 0.00669556 0.607188 0.0536879 0.285234 0.0192181  0.00969234  -0.0285208  0.0208164  0.00928273  0.0160083  0.0225721  0.00847252  -0.00178405  -0.0156669 
125 0.00199765 0.518162 0.0121229 0.273286 0.00168175  0.00458936  0.00344946  -0.00560384  0.00254772  0.00128739  0.00192604  -0.000854081  -0.00705543  -0.00417218 
126 0.0142534 0.692702 0.104853 0.26961 0.00366001  -0.0273997  -0.025814  -0.0384932  0.0334131  0.00846279  -0.0200554  -0.0736515  -0.0310435  0.010171 
128 0.00658186 0.699783 0.0725301 0.241944 0.0152877  0.000134734  -0.0438755  0.0349232  -0.00443655  -0.0199032  -0.0201044  0.00908356  0.0146375  -0.0276662 
129 0.0133792 0.70885 0.105715 0.227983 0.0125242  0.018646  -0.0211654  -0.065085  0.0642322  -0.0164069  -0.0241142  0.0175444  0.026067  0.00483426 
130 0.00134068 0.514839 0.00896786 0.196688 0.00241189  -0.00551046  0.00206863  0.00302373  0.00318545  -0.00229895  -0.000399464  -0.00257796  0.0029289  -4.2155e-05 
134 0.00139864 1.0336 0.0546174 0.193252 0.00309177  0.0314512  0.0160353  -0.000410683  -0.0143464  -0.0160371  0.0079331  0.00117712  -0.0116553  -0.0326167 
135 0.00311021 1.12392 0.0880193 0.189601 0.032187  -0.0141746  -0.0262771  0.0246012  0.0188726  -0.0332864  -0.048453  -0.0357459  0.0108864  -0.00257563 
136 0.00847374 0.674614 0.076973 0.181227 0.0275692  -0.0478123  0.0168434  -0.0197762  -0.0250042  0.0293989  0.00440637  -0.018372  -0.0164218  0.00937222 
139 0.00399814 1.42415 0.121371 0.156221 0.00130056  -0.014965  0.00347446  0.0532814  0.0324081  -0.0510396  0.0535069  0.0189322  -0.0690065  -0.00395447 
140 0.000657898 1.37864 0.0480731 0.142881 0.013705  0.00268973  0.0220627  0.0195491  0.0171199  -0.0108511  0.0172396  0.0157383  -0.0169402  0.00207935 
141 0.00357255 1.02192 0.0862818 0.140561 -0.00192123  -0.0133743  0.00914914  -0.0484768  0.0224993  0.0256018  0.0302066  -0.00667834  0.0483348  0.0193214 
142 0.00211537 0.566153 0.0236929 0.127244 0.00445984  -5.30824e-05  0.0141183  0.00289647  -0.0104673  0.000302052  -0.0113577  -0.00453747  0.00459792  -0.00730474 
145 0.0073367 0.773631 0.089552 0.11865 0.0398626  0.0628141  -0.00435791  -0.00854376  0.0135757  -0.00483467  -0.0432103  0.0139125  -0.000555669  -0.0111468 
146 0.000946051 0.567597 0.0160037 0.082268 0.00598561  -0.0101948  -0.00529067  0.00478634  0.00218374  0.00132457  -0.00645406  0.00280385  0.00304199  0.000401445 
148 0.00147228 1.60665 0.0806736 0.0763048 0.00233677  -0.029424  0.0100494  -0.0217361  -0.035729  -0.00762933  0.0453401  0.0321406  -0.0145284  -0.0207113 
150 0.00200254 0.733076 0.043205 0.0659638 0.00818335  -0.00129659  0.0181662  0.00619768  -0.00418683  5.18171e-05  -0.0337271  0.00797127  0.0142999  0.00255448 
153 0.000189446 0.574451 0.00751202 0.0484839 -0.000852274  -0.00198199  -0.00134615  0.000339499  0.0019254  0.000724585  -0.00620535  -0.00177805  -0.00187259  0.000664604 
157 7.71572e-05 1.26395 0.0153546 0.0464893 0.000747893  0.00419204  -0.00387428  0.00111982  -0.00571843  -0.00108894  -0.00886942  -0.00539795  0.00578419  0.00512043 
158 -0.000413116 0.151337 0.0240066 0.045652 -0.00511989  0.00311349  -0.000565281  -0.0126629  -0.0109303  -0.00329354  0.00824688  0.0039983  0.00401032  0.0122205 
161 4.34831e-05 0.527845 0.00220092 0.049973 0.0011055  -0.000197609  0.00139175  4.99667e-05  -0.000689491  0.00069263  2.20965e-05  0.000585968  5.40777e-05  0.000584381 
162 0.000448223 0.731012 0.0203511 0.0495361 -0.000216272  0.00507836  0.00146388  0.00214753  -0.00241825  0.00982205  -0.00730067  -0.000754305  -0.011432  0.00973119 
164 -0.000280953 -0.390723 0.0316395 0.0447851 0.0155585  -0.000237023  0.0106957  0.00552278  0.0076229  -0.00937548  0.0135345  -0.0127566  0.00546749  -0.00960326 
165 0.00016396 0.825889 0.0146192 0.0478194 0.0070133  0.00457366  -0.0040703  -0.00179642  -0.00273091  0.00614668  0.00850571  -0.00188203  -0.00142288  0.000817824 
166 -0.000779997 -0.610419 0.0588613 0.0460733 0.0203872  -0.0158393  -0.0311704  -0.0108732  0.0103006  0.0160835  0.00808174  0.011061  0.0308753  0.0142332 
167 0.000402335 0.854129 0.0238713 0.0538799 -0.0138831  0.00484804  -0.000771353  0.00118042  0.0073976  0.00592244  0.0101449  0.00672312  -0.00950236  -0.00483653 
169 0.000288309 0.636043 0.0125262 0.0500079 0.00463567  0.00237718  0.00379327  0.00367924  0.00829479  -0.00207392  -0.00481735  -0.00076452  0.000686856  0.00211465 
170 0.000127314 0.625369 0.0079905 0.0470375 0.00293746  0.00332733  -0.00297361  -0.00425951  -0.00274066  -0.000158771  -0.00257334  -9.78917e-05  -0.0010521  -0.0013739 
171 0.000448627 0.569848 0.0111988 0.0456642 0.0067209  -0.00156746  0.00340182  0.000557805  -0.00153853  0.00171864  -0.00334197  0.00315942  -0.00623018  0.000784791 
174 -0.000484872 0.197644 0.0242205 0.0404561 0.00166853  0.00437309  -0.00627808  -0.0110696  -0.000644717  -0.00591436  -0.00305068  -0.0157099  0.00100114  -0.010501 
175 -1.03162e-05 -0.224501 0.00546778 0.0460617 -0.00196136  -0.000264151  -0.00320245  0.00236579  -0.00171795  -0.000251853  -0.00109823  -0.00216002  0.000961715  0.000561953 
176 -7.07777e-06 0.494078 0.000409506 0.0461736 -1.12295e-05  -9.7599e-07  -0.000238237  0.000136428  8.81736e-05  -0.000227016  -1.04512e-05  5.10294e-05  0.000101375  0.000141058 
177 -0.000880006 0.452427 0.0129583 0.0462502 0.00642184  0.00432506  0.000621062  -0.00254136  -0.00344387  -0.00119194  0.00619149  -0.00549015  4.77791e-05  0.00440083 
182 0.000631967 1.34298 0.0461509 0.0549497 -0.0103029  0.014191  0.01174  0.0122945  0.0166889  0.00561368  -0.0319294  -0.00920416  -0.0076027  -0.00783268 
183 -8.51834e-05 -0.980501 0.02246 0.0488641 0.0084871  -0.0038492  -0.00146124  -0.00442987  -0.0010922  0.00842469  0.0128175  0.00235387  7.00061e-05  0.0124032 
184 0.000455426 1.45249 0.0416471 0.0497282 0.0133697  -0.024784  0.0112125  0.000910823  0.0060145  -0.000625781  0.00777034  0.0219105  -0.0137038  0.00708023 
185 -0.000431297 -1.05501 0.0517924 0.0449174 -0.0187351  -0.0119629  -0.00545434  0.00601895  -0.0102845  -0.00369773  0.0110911  -0.0190543  -0.0196358  -0.0336344 
187 0.000541963 1.08108 0.0354866 0.049487 -0.00430649  -0.00663897  -0.0112584  -0.00873898  0.00125633  -0.00504935  -0.0272265  0.00505134  -0.0110593  0.00879595 
188 -0.000304237 0.420707 0.00982623 0.0436708 -0.00101898  -0.00202026  0.00118144  -0.00163006  0.00306111  0.000142273  -0.00520912  0.00204071  0.000111303  -0.00683226 
189 0.000462632 0.54231 0.00885348 0.0470258 -0.00364799  0.00437185  0.000848809  0.000233534  0.0010599  -0.00146734  0.0053799  0.00128801  0.00209216  0.00263294 
190 0.000867327 0.669764 0.0242702 0.0418199 -0.00312136  0.00663221  -0.00292668  0.0155538  0.0012495  -0.00310109  0.00142423  0.0127901  0.0101996  0.00200074 
191 7.20479e-05 0.992141 0.0119091 0.0296977 -0.00314964  -0.00520074  0.00114289  -1.53226e-05  -0.00641828  -0.000369746  0.00451781  -0.00334892  0.00553025  0.00010424 
193 0.000149352 0.773184 0.0127749 0.0284588 -0.00171854  0.00195132  0.00179025  -0.00627837  -6.46865e-05  -0.0055341  -0.00774216  -0.000771666  0.00432199  0.00199169 
194 -0.00041802 0.436727 0.010291 0.0257015 -0.00599274  -0.00177793  -0.00167963  0.00293284  0.00232991  -6.29872e-06  0.00152295  -0.00508467  -0.00381036  -0.00269962 
195 -1.46916e-05 0.401535 0.00240554 0.0328431 0.000126419  0.000325513  0.00115012  0.00047774  0.000682231  -0.000513813  -0.00125105  -0.00108971  -0.00063126  0.000482866 
197 -0.00116708 0.271599 0.0326713 0.033066 -0.00451621  0.00211164  0.00650797  0.0169667  0.00233894  -0.0115908  0.0197661  0.0101004  0.00462819  -0.00764059 
198 0.000440936 1.21722 0.0355613 0.0475513 -0.00542104  -0.00152726  0.00447086  -0.0176727  -0.0179751  -0.000118841  -0.0225211  -0.00820159  -0.00135246  -0.00107797 
201 -0.000317194 0.307657 0.0156244 0.0426648 -0.00183869  0.0108657  -0.00611337  -0.00098671  -0.00451006  -0.00574868  -0.00102976  -0.00322914  -0.00421024  0.00131526 
202 0.000501497 1.63014 0.047602 0.0462335 0.00406155  -0.00652594  -0.0164443  0.0211208  0.00895643  0.0165446  0.0142272  0.0221589  0.0149931  0.0147716 
205 -0.000379984 0.337992 0.0156957 0.0404495 -0.00708435  -0.00648687  0.00702568  0.00151392  0.00514505  0.00283897  0.00443932  -0.00650809  0.00144909  -0.00193391 
206 0.000402453 0.683824 0.0172027 0.0449023 0.0104273  0.00209786  0.0062284  0.00418145  0.000915363  0.00405745  -0.00450611  0.00847721  -0.00197521  -0.00362685 
207 0.000192512 1.80504 0.0316976 0.0401727 0.00757706  0.00181839  2.00935e-05  -0.012729  0.00254603  0.0047468  0.0171601  0.00143625  -0.00485128  0.0208065 
209 -5.63919e-05 -0.182607 0.0124087 0.0377008 -0.000198868  0.00164351  -0.00137964  0.00288669  0.00385205  -0.00281538  -0.00106257  -0.00528313  0.00820095  -0.00468392 
210 -8.30575e-06 0.490497 0.000561932 0.0384415 -0.000117743  2.21075e-05  0.000156408  0.000322203  -6.02206e-06  0.000326209  0.000111011  -0.000134859  -0.000170797  -8.37044e-05 
211 -0.000714618 0.138857 0.0321373 0.0385494 -0.0217393  0.0128213  0.0100282  -0.0106257  0.00419875  -0.00692145  -0.000481559  -0.0021828  0.00801177  -0.006902 
212 0.000639407 0.583499 0.0146182 0.046914 0.00537965  -0.000380706  -0.00169211  0.000798649  -0.0012437  0.00688716  -0.00520995  -0.00968592  -0.00094405  0.00320511 
213 -1.77128e-05 -1.6271 0.0122762 0.0395186 -0.000238618  -0.00467536  0.00482556  -0.00193629  0.00563434  -0.000442531  -0.00274955  -2.25397e-05  -0.00541217  -0.00574118 
216 -0.000225758 -0.085089 0.022987 0.0397421 -0.00509896  0.00228036  -0.00633031  -0.00182828  -0.00876529  -0.0124915  0.00427001  -0.00363436  -0.0135363  0.00249972 
218 -4.17279e-05 0.481899 0.00173846 0.0424879 -0.00113078  0.000788474  0.000567028  0.000392336  0.000221346  0.000259845  -0.000498002  -0.000155536  0.000307706  0.0004038 
220 0.000204756 0.992363 0.0200803 0.0429761 -0.00358941  -0.000774642  0.0013488  -0.00499717  -0.00621572  0.00859374  -0.0123561  -0.00376468  -0.00179307  -0.00896627 
221 0.000626935 0.997686 0.0353225 0.0405242 0.0225192  -0.00829942  -0.00292404  0.0127506  -0.00205413  0.0117175  -0.0182727  -0.00259789  0.00273275  -0.00330527 
222 -0.000227394 0.331671 0.0123753 0.0318665 -0.0081418  -0.00174687  0.00433024  0.00194784  0.00224684  -0.0054364  0.00317382  -0.00171629  0.00130524  0.00345511 
223 -0.000434525 -0.610095 0.0439261 0.0352547 0.0102485  -0.00605449  0.00698561  -0.0224676  -0.00345054  -0.0219529  0.0260504  0.00284315  0.00280387  0.00676916 
226 3.47854e-05 0.910903 0.00756128 0.0409575 -0.00116267  -0.00171948  0.00145905  -0.000108847  0.00458507  0.0028534  -0.00387172  -0.000827598  0.00226627  -0.000864858 
227 -0.000674816 -0.162252 0.042285 0.0405306 -0.00252338  0.00300061  0.0127779  0.0249574  -0.00756924  0.0220957  -0.00176564  -0.000190528  0.0203191  0.00499704 
229 -3.26847e-05 0.466774 0.00208434 0.0481433 0.000829154  -0.000715295  -0.000843758  -0.000463802  -0.000224278  -5.17674e-05  -0.000263803  -0.000829633  0.00117083  -0.000191304 
231 -8.99448e-05 -0.930531 0.0226863 0.0484815 -0.00287466  -0.00324243  -0.0076241  -0.00189233  -0.000166855  0.00621366  -0.00649773  0.00969763  0.00602915  0.0149309 
232 -1.5754e-05 0.494992 0.000561905 0.0494005 -6.72451e-05  1.87498e-05  3.20731e-05  0.0002491  -0.000372572  -0.000259096  0.000109108  -5.29462e-06  0.000166714  -4.60095e-05 
235 -3.53805e-05 0.493283 0.000975352 0.0495597 -0.000565319  -0.0003811  0.000325936  0.000240405  -1.26886e-05  2.36768e-05  -0.000229563  0.000505267  -7.46786e-05  9.03727e-05 
236 -0.00062085 -0.339304 0.0456577 0.0499154 -0.0164904  0.0299881  0.011708  0.000122214  -0.00987211  0.0152211  -0.0112645  0.00296534  -0.0135432  -0.011317 
237 -0.000887944 -0.0623365 0.0446998 0.0557905 -0.00150248  0.0118792  -0.011139  -0.00783031  0.0234223  -0.0172511  -0.000286059  -0.0249556  0.0121058  0.00732755 
239 0.000288232 1.16708 0.0277301 0.0632529 -0.00556883  -0.00606794  0.00487995  -0.00984888  0.00357768  -0.00575373  0.00414855  -0.0015797  -0.0149774  -0.0170404 
240 0.00061108 0.558728 0.0119871 0.0609322 0.00556525  0.00295232  -0.00472044  -0.00252255  -0.000675615  -0.000159867  0.00270551  6.7635e-05  -0.00295308  0.00766999 
242 -0.000433843 0.24045 0.0212269 0.0556942 -0.000368106  0.00614618  0.00619224  0.00404192  -0.00965387  0.013167  0.00282031  0.00302354  0.00119345  -0.00853825 
246 -0.000547984 0.150234 0.0276939 0.0594624 0.0103238  -0.0087541  0.0113703  0.00191114  -0.0134642  0.0064121  -0.00126042  -0.00832083  0.00516498  0.011441 
247 -0.000557346 -1.25852 0.0626078 0.0639055 0.00556123  -0.0327452  -0.0216196  -0.00188027  0.0287721  -0.0126197  0.0311815  0.00231516  0.00831993  -0.0176541 
248 0.000966442 1.10115 0.0481932 0.0681279 9.16434e-05  0.0171377  0.0224265  0.00993854  -0.0017795  -0.00274011  -0.00654081  0.0297348  -0.0177055  -0.0132684 
250 0.000278141 1.97432 0.0404938 0.0606254 -0.00169627  0.00965254  -0.0264228  -0.019239  0.00498954  0.00907262  -0.0124845  0.00934531  -0.000863148  -0.0111467 
253 -0.000132239 0.166306 0.0132863 0.0582867 -0.00487736  -0.000778077  -0.00349904  0.000956752  0.00279326  -0.00272308  0.00474816  -0.000701097  -0.00982326  0.00205487 
256 0.000151154 3.27688 0.0409692 0.0594103 0.0114013  0.025675  -0.00679389  0.00712131  -0.00157067  -4.67805e-05  -0.00751127  0.0185219  -0.00838132  0.0178944 
258 0.000324631 1.72888 0.03994 0.0581244 0.0271465  -0.0135099  0.0156706  -0.0144082  0.00441682  -0.00948793  0.004457  -0.000276545  0.00423565  0.00867056 
260 0.000815095 0.785822 0.0305243 0.0552618 -0.00120676  -0.014607  -0.00397713  0.0189792  -0.00916728  -0.0144104  0.00528428  0.00201924  -0.00411976  0.000455963 
261 0.000502068 0.602267 0.0143335 0.0473191 -0.00293651  0.00263368  0.00117535  -0.00464883  -0.00264418  -0.00116406  -0.00966666  -0.0057947  -0.00403119  -0.00390854 
263 1.04024e-05 22.2384 0.0300736 0.0416792 -0.0143784  0.000763353  0.0127776  0.00495547  -0.00850724  0.000739565  0.00207413  0.000884393  0.0204912  0.00337385 
264 3.74007e-05 0.522175 0.00182155 0.0415542 0.000293931  -0.000250532  -0.000993866  -0.000234447  0.000237339  0.000792063  0.000137249  0.00100587  -0.0002674  0.00058339 
265 0.000553753 0.644537 0.0178942 0.0411018 -0.00232808  -0.00577145  -0.00726097  -0.00229478  0.00800964  0.00839833  -0.00319134  -0.00284608  -0.00260609  0.0079826 
266 0.00020918 0.748527 0.0144202 0.033701 0.00304122  -0.00734538  0.0027313  0.00131485  -0.00195556  0.00100847  0.00348517  -0.00980402  -0.00343497  0.00326258 
269 -0.000363264 0.375373 0.0134605 0.0304401 0.00245818  0.000210034  -0.00252204  -0.00272852  0.0106852  -0.000911727  -0.00120159  -0.00263155  0.00611591  -0.000717552 
271 -0.000262385 0.479865 0.00460103 0.0359156 -6.6243e-05  0.000544201  0.00265979  0.000304415  0.00159427  0.000439414  0.00229652  -0.000774327  0.00168289  -0.00150376 
272 -0.000292476 0.31016 0.0149052 0.0393998 -0.0087568  -0.00161204  -0.00377806  0.00355911  -0.00329  -0.00118085  0.00967684  -0.00057921  0.00294938  0.00102399 
273 0.000239643 1.89565 0.0365715 0.0429519 0.010351  -0.00921419  -0.0237749  0.00427849  6.78054e-05  0.00436501  -0.00389052  -0.00771338  -0.0206987  -0.00630474 
274 0.000259675 0.834483 0.0186387 0.0400656 -0.00236025  -0.00373373  0.00288713  -0.000135381  -0.00768054  0.000834187  -0.0084149  0.00997749  -0.00728405  -0.00603584 
278 -1.3826e-05 -30.9453 0.0416975 0.0366825 0.00316467  0.00823604  -0.0192132  -0.0191236  -0.00656061  0.00680515  -0.00995268  -0.020355  0.0131418  0.0122691 
279 0.000307408 0.615168 0.0119011 0.0368705 0.000396411  -0.00531571  0.00519808  0.00189428  -0.00490041  0.00219144  -0.00595365  0.00279026  0.00270621  -0.00180083 
280 5.04917e-05 0.522456 0.00212991 0.0324357 0.000986373  0.000881148  0.000768623  -4.39649e-06  -0.000919449  0.000616679  -0.000509052  0.000333754  -6.85217e-05  -0.000771668 
281 -5.60717e-05 0.474713 0.00238187 0.0316478 -1.58904e-05  -0.000845352  -0.00117317  0.00109583  -0.000331737  0.000467728  7.13962e-05  6.81914e-05  0.00142701  -7.93167e-05 
286 4.45961e-05 0.691135 0.00583915 0.0325216 0.00370348  0.00084885  0.00165987  0.00265982  0.00160478  0.00139345  -0.00156307  0.000124463  -0.00155416  -0.000662108 
289 0.000215142 0.75718 0.0148766 0.0318286 -2.06681e-05  -6.73122e-05  0.00791919  0.00387982  -0.00174325  0.00257531  0.001554  0.0052638  0.00991195  -0.00234564 
290 -1.77654e-05 0.496546 0.000495573 0.0282479 7.38667e-05  -0.000114824  -0.000211281  -6.13424e-05  0.000198851  3.87029e-05  -5.47178e-05  0.000191811  0.000310861  -3.30052e-05 
291 1.64481e-05 1.25463 0.00704617 0.0285606 -0.00282473  0.0014158  0.00351406  -0.00109736  -0.00222442  0.000222103  0.00148447  -0.00118303  0.00344982  -0.00236859 
292 -9.67815e-05 0.473705 0.00319136 0.0282712 0.000677989  -0.00158073  0.000414207  0.0011395  0.000377893  0.000130587  -0.000822488  0.000544926  0.00213997  -0.000208805 
293 -0.000372015 0.268426 0.0185665 0.029934 0.00430769  -0.00873427  0.00425616  -0.0121799  -0.000662002  -0.00242435  0.00718373  0.00272355  -0.00314372  0.00286059 
296 -0.000229034 0.375107 0.0106984 0.0356108 -0.00503836  -0.000929016  -0.00287083  -0.000776348  -0.00212649  0.00554903  0.00398303  -0.00416265  -0.00310879  0.00109265 
297 -5.73956e-05 0.288462 0.00696908 0.0386936 -0.000611427  0.00142255  0.000115232  -0.00451676  0.00275171  -0.00150248  -0.00131321  0.0025549  0.00115516  -0.00251801 
298 -0.000104454 0.211841 0.010973 0.0394283 -0.00415634  0.0015783  -0.00275379  0.00259286  0.00507429  0.00113194  -0.00245514  -0.0068065  0.00248589  -0.000877198 
302 -0.000157384 -1.07402 0.0314781 0.0407314 -0.0089039  -0.00694265  -0.00879176  0.0123856  0.00724634  -0.00641762  -0.0185381  0.0118377  -0.00529717  0.00521001 
303 0.000136297 0.644375 0.00887215 0.0426198 0.00290459  -0.000581124  0.00341311  -0.00281838  0.00186812  0.000812132  0.00329323  0.000582838  -0.00572654  0.00149006 
306 -4.2034e-05 0.482018 0.00173908 0.0409897 0.000104149  -0.000767569  -0.000686755  -0.000367883  -0.000622667  -0.000785576  -0.000788685  -0.000317081  -0.000159375  0.000254204 
312 -1.29514e-05 -2.80817 0.0130912 0.0414993 0.00461638  0.0018908  -0.0032207  -0.00261243  -0.0011597  0.000841618  0.00725931  0.00694529  0.000249134  -0.00512298 
315 -0.000446934 -0.672369 0.0457811 0.0416551 0.00616469  0.00131032  0.0179009  -0.0126772  -0.0224395  0.000174124  0.0263466  -0.0188517  -0.000844184  0.00460732 
318 -2.93425e-05 0.280559 0.00507509 0.0467138 0.000446705  0.0012413  0.00107934  0.000812213  -0.00269918  -0.00091644  0.00277997  0.00166534  -0.00176417  -0.000672423 
321 0.000286493 0.977005 0.0233786 0.0470268 0.0101519  0.00172798  -0.0080458  0.0117683  -0.00531549  0.00845631  -0.0100647  0.00246234  0.00535504  -0.00121871 
322 0.000177629 0.84035 0.0155503 0.0438756 -0.00261205  0.00514749  0.00792977  -0.00616829  -0.00418989  -0.000864136  -0.00450432  0.00487091  0.00269463  0.00616317 
324 2.59711e-05 1.72962 0.011302 0.0418026 -0.0039035  0.00494002  0.0055487  -0.0036375  -0.00119618  -0.00292722  -0.000202784  0.00234542  0.00199675  0.00495436 
325 0.000319773 2.14296 0.045833 0.0414908 0.000670226  -0.0138415  -0.00269224  0.0180614  0.013629  -0.0345749  -0.0035199  0.0113035  -0.00234601  -0.00695199 
328 -7.75323e-05 0.454383 0.00376174 0.0374401 0.00120803  -0.000712778  -0.000234276  -0.00226299  0.00179643  0.000220024  0.00159537  -0.00074286  0.000651681  0.000458224 
329 0.000176571 2.58554 0.0383744 0.0384616 -0.0111501  0.0181869  -0.00543638  0.00120127  0.0162575  0.00100341  0.00777428  0.00110153  -0.0223653  -0.0126229 
335 9.26157e-05 0.572275 0.00517475 0.0360935 0.00195477  0.000396415  0.000626967  0.000971923  0.000663963  0.00122959  -0.00136648  0.00321573  0.00200029  0.00181658 
341 5.25731e-05 0.591878 0.00439569 0.034787 0.00239006  0.000249082  0.00254549  -0.00024783  -0.000960957  0.00148788  -0.00031714  0.00157159  0.00112265  0.000196638 
344 -0.000150951 0.424694 0.00674423 0.0340229 -0.0022509  -0.000377639  0.00300871  0.00013088  0.00287308  -0.000339562  0.00304407  -0.00235602  0.00115626  -0.00258495 
345 -0.000701288 0.310316 0.0230757 0.0361735 -0.00507976  -0.0100895  -0.00341602  0.00256166  0.0128005  0.00565703  0.00196292  0.00422785  0.00171775  0.0128889 
346 -0.00135318 -0.248778 0.0636752 0.0448337 0.0188249  -0.00116676  -0.00338226  0.0151726  -0.0205083  -0.00138048  0.00566964  -0.0507721  -0.0137793  -0.015324 
347 -9.60228e-05 0.393317 0.00640176 0.0580013 0.00264898  -0.0018718  0.00370536  -0.00239279  -0.00251233  -0.000336972  0.00189142  0.000783013  0.000425712  0.000457657 
348 0.000583922 0.568625 0.0126652 0.0588233 -0.00373563  0.000891829  -0.00132954  0.00536369  0.00122342  0.00421947  0.00024691  0.00277419  0.00585776  0.00733134 
