generation s h r distopt trait[0] trait[1] trait[2] trait[3] trait[4] trait[5] trait[6] trait[7] trait[8] trait[9] 
3 -4.9099e-05 -0.0315908 0.0102179 0.04 0.00172052  0.000742868  -0.00272094  0.00297349  -0.000278935  0.00449228  -0.00325018  -0.00102384  -0.00341358  -0.00641286 
5 0.00309994 1.10056 0.0862159 0.0799612 0.0491824  -0.0450736  -0.00841532  0.0240753  0.0134765  0.0011944  -0.0337698  -0.0143088  0.00960377  0.0266793 
6 0.001282 2.41036 0.0988882 0.0648462 0.0424695  -0.0369196  5.44558e-05  -0.0215574  -0.0198871  -0.0490196  0.0512803  0.0175875  -0.00227841  -0.0201205 
12 0.00378679 1.04365 0.0906525 0.108117 0.0151113  -0.0495175  -0.0310933  -0.0218468  0.0206149  0.0424725  0.0318988  -0.0225051  -0.00817089  0.0165471 
16 0.0111656 0.700625 0.0946696 0.149805 0.0435553  -0.0415461  -0.0115902  0.0266535  -0.0112714  0.00719928  -0.0302427  0.0486303  -0.029125  0.0137036 
18 0.00332149 0.66056 0.0462016 0.136344 0.00612415  -0.00327197  0.0193831  0.00975728  -0.00799051  0.0126373  -0.0166535  -0.00892031  -0.0108083  -0.0303016 
22 0.000844304 4.77029 0.119959 0.19574 0.0285377  -0.0287443  -0.0510313  0.0387156  -0.0408359  -0.0485483  -0.0143684  0.0300889  0.0585798  -0.00885584 
23 0.00128788 0.85968 0.0430361 0.208831 0.00770345  -0.00803118  0.0055799  0.0204822  0.0263653  -0.00977802  -0.0206516  0.00111163  0.00721888  0.00265112 
24 0.00251466 2.12128 0.127505 0.220948 0.0561462  -0.0364748  -0.0298293  0.0363103  -0.0194936  0.0576601  -0.032915  -0.0266591  -0.0588484  -0.0245859 
25 0.00898679 0.525595 0.030917 0.225792 0.0109405  0.0025037  0.0111553  -0.01176  0.0107938  0.00192822  0.0183043  0.00941461  0.00176883  0.00448571 
26 0.00524267 0.620738 0.0503808 0.217421 -0.00952761  -0.018346  0.0268518  -0.00617697  -0.0214197  -0.0229516  0.00288705  -0.00250373  -0.00249736  -0.0185815 
27 0.0239588 0.756183 0.156422 0.218701 0.0345012  -0.00363345  0.0200889  -0.0551887  0.0777642  0.0360276  0.0450417  -0.0430015  0.0548025  0.0747552 
28 0.000229953 37.6019 0.184331 0.172227 0.0435029  -0.0581729  -0.0401014  -0.0516154  -0.0910208  -0.0781541  -0.0754113  -0.0406225  -0.0184676  -0.048562 
32 0.0175619 0.669129 0.109141 0.219005 0.0357941  -0.0115328  0.0469211  -0.0661871  0.0343778  0.0305101  0.0346292  -0.00561513  -0.0232031  -0.00578001 
34 0.00420119 0.533516 0.0238914 0.204797 0.00193517  -0.0101057  0.00426924  0.000837574  0.0172172  0.00493218  -0.00526948  0.00679831  0.00243636  -0.00673215 
36 0.00845985 1.1662 0.149738 0.227281 0.0184648  -0.0796989  -0.0287564  0.0558798  0.00883001  -0.00144426  -0.058256  -0.0301122  -0.000882767  0.0860103 
37 0.0132899 0.734659 0.111625 0.220475 0.0628126  0.010279  0.0433994  -0.0199172  -0.0235293  0.0290447  0.0185085  -0.000801148  -0.0508139  -0.0425008 
38 0.016041 0.991019 0.176806 0.200245 0.0724261  -0.0818825  0.0576855  0.100316  -0.0352911  0.000402606  -0.0216675  0.0566531  0.0312483  -0.00423082 
43 0.00780523 0.562079 0.0442763 0.194468 0.0107569  -0.00196647  -0.0139365  0.000676713  0.0074703  0.000304206  0.0111103  0.0251527  0.0284098  0.00519777 
47 0.0187144 0.865764 0.164944 0.232186 -0.0251938  -0.0955246  -0.0619343  -0.0845835  0.0231239  0.0231528  0.0424925  0.0548163  0.0216194  0.0104006 
48 0.00762745 1.48789 0.173039 0.203338 0.092714  -0.0325546  -0.00582246  0.0352595  0.0723341  -0.0457581  -0.0578939  -0.0330368  -0.0499271  0.068904 
50 0.00544639 0.618886 0.0509596 0.202526 -0.0138452  0.00501592  0.00204093  0.000942136  -0.0203093  -0.00986067  0.0202662  -0.00965577  0.0361893  -0.00718717 
51 0.00739587 0.610139 0.0572024 0.202368 0.0166911  -0.0220758  0.00963831  0.0111303  0.00576405  -0.0428293  0.00384099  0.00685809  0.00557155  -0.0181383 
54 0.0107807 0.686897 0.0898099 0.226271 0.0355855  -0.0085056  -0.022102  0.016726  -0.0495233  -0.000195017  0.00321021  -0.031615  -0.0350143  -0.0356437 
57 0.00639551 0.864247 0.0964263 0.248089 -0.0103921  -0.0020782  0.0272604  -0.0233364  0.0487602  0.0375222  0.0286619  0.0567419  0.00640984  0.00550385 
58 0.0139145 0.608095 0.0778833 0.253047 -0.00827669  -0.0492102  0.00986622  0.0200112  -0.0175784  -0.014692  0.0338341  -0.0325591  0.0186532  -0.00048267 
60 0.00990795 0.548171 0.0441344 0.260802 0.0144582  -0.0128739  0.0187639  -0.00106848  -0.0275366  0.0144038  -0.00898286  -0.00630758  -0.010011  -0.0057804 
61 0.0156526 0.667043 0.102394 0.259782 0.0432396  -0.0338966  0.0504069  -0.0147638  0.0160411  -0.00829628  -0.0288663  -0.0355565  0.0239757  0.0413354 
62 0.0272937 0.711249 0.151824 0.24475 0.0876068  -0.0113554  -0.0422096  -0.0110814  -0.0261283  0.0313251  0.011706  0.103049  0.0288796  -0.00939171 
63 0.0148691 0.699336 0.108903 0.197288 -0.00637666  -0.0851614  -0.00962405  0.0179333  0.0223955  -0.028814  0.0508908  -0.00366888  -0.00511443  -0.0138312 
65 0.00636725 0.555544 0.0378159 0.184395 0.0124917  -0.0113471  -0.00264157  -0.0187366  -0.0148707  -0.00670798  -0.0179719  -0.0134533  -0.00146848  -0.00386397 
67 0.00834018 0.560913 0.0453613 0.198355 0.0214922  -0.0173461  -0.013758  -0.000563423  0.0211767  0.0130512  0.00964333  0.0161728  0.0039315  -0.010791 
68 3.09136e-05 135.652 0.129139 0.192317 0.0177865  -0.054603  0.000461716  -0.0980072  -0.0423537  -0.0227737  0.0145107  -0.00358074  0.00988932  -0.0337621 
69 0.0173107 0.666255 0.107444 0.204094 0.0591777  0.0139141  0.0355757  0.0509466  -0.000287259  0.0204053  -0.054939  0.0177848  -0.0139684  -0.00642697 
73 0.0127202 0.622764 0.0792586 0.214866 0.0242676  0.00203728  -0.0112501  0.0108067  0.0228155  0.0486753  0.00623809  -0.0248644  -0.0366446  0.0235732 
76 0.00996266 0.876682 0.122303 0.237272 -0.00952389  -0.047183  -0.0107747  0.0695254  -0.0133297  -0.00263701  0.0627446  -0.0327195  0.0102535  -0.0489277 
78 0.0275416 0.761468 0.169359 0.251862 0.0580006  -0.0818925  0.0218307  -0.0445134  0.0335969  -0.0154182  -0.11086  -0.0266339  0.0317419  -0.0279387 
80 -0.00119107 -1.59347 0.0998403 0.220458 0.013563  -0.00487681  0.0136662  0.017794  0.00497204  0.0417305  -0.000328404  -0.0783769  -4.08818e-05  0.0367118 
81 0.00655309 0.661032 0.0650104 0.237992 0.02262  -0.000408788  -0.000785671  -0.00807298  -0.00188921  0.024693  -0.0157498  0.0327074  -0.0411245  0.00513501 
82 0.000363496 0.501668 0.00157845 0.238964 0.000936009  -0.000113752  0.000468814  -5.56392e-05  0.000418106  -0.000493055  -9.007e-05  0.000383043  -0.000779387  -0.000446512 
84 0.0292193 0.65541 0.135193 0.270317 0.0822369  -0.0618932  -0.0474355  0.0247273  -0.0424982  -0.0312529  -0.0300789  0.00105394  -0.0334167  -0.00406598 
87 0.0159616 1.08227 0.191932 0.250076 0.064424  -0.0448241  0.0177491  -0.0750745  0.0124829  0.110646  0.0799305  0.00508079  0.0108763  0.0761276 
88 0.0119167 0.753225 0.109778 0.226498 -0.0413623  -0.00662099  -0.0232739  0.0186901  -0.00668192  -0.0804578  0.0284988  -0.0230646  -0.00197781  -0.0392346 
90 0.00136666 21.6192 0.337254 0.230257 0.143919  -0.0672043  -0.0554304  0.0754022  0.213801  -0.134215  0.0926114  0.0703922  0.0489995  -0.00979142 
91 0.00377764 0.527017 0.0203606 0.231652 -0.00252437  0.00187943  0.00269953  -0.000315215  -0.00512656  0.0191812  0.000474649  -0.00125926  0.0010063  -0.000488264 
92 0.0122963 1.18465 0.182768 0.229841 0.0338409  0.0320883  0.0906031  0.0492423  -0.0608698  0.0124184  -0.115283  0.0223808  0.045256  -0.0299515 
93 0.00159351 2.31208 0.107358 0.210454 0.0651552  0.0171229  -0.0202125  -0.0206132  -0.0339683  0.0623156  -0.00323314  0.0213097  0.0187044  -0.0173888 
94 0.0130907 1.13794 0.18203 0.214068 -0.0290775  -0.0605391  0.127957  -0.0410301  -0.0436432  0.0466802  0.0381654  -0.00714881  -0.0694974  0.0121099 
97 0.00470518 0.682031 0.0585447 0.210546 0.0154741  -0.0276004  0.00641619  -0.024808  0.0223021  -0.0144436  -0.0178574  0.0118806  0.0220566  0.0108221 
98 0.0188825 0.598131 0.0866644 0.209413 0.0203823  0.000770329  -0.0623322  0.0196959  -0.0152718  -0.0346042  0.00761417  -0.0151516  -0.0197819  -0.0266818 
101 0.0261038 0.650334 0.125686 0.202332 0.0210561  -0.088744  -0.0554356  0.0117728  0.00975425  -0.0125257  0.0108147  -0.00997647  -0.0479046  0.0387687 
106 0.00389786 0.882244 0.0771445 0.123164 -0.00309894  -0.0393546  -0.0497012  -0.0324132  -0.0126826  -0.00504106  -0.00624977  0.0143265  0.0201985  -0.00578965 
109 0.000169192 1.78141 0.0294459 0.106204 -0.0046465  -0.00804198  -0.000551556  0.00529041  -0.00535442  -0.0203078  0.0136311  0.00416292  0.00198307  0.0102158 
110 0.000724006 8.88535 0.155571 0.105404 0.0992921  -0.0205465  0.0262142  0.0292324  -0.093344  0.0308054  0.0107953  -0.0120218  0.0465779  -0.0169366 
111 7.476e-05 26.7905 0.0886224 0.101913 -0.0330137  -0.0519488  0.0113231  -0.0464731  0.0101791  -0.0238835  -0.000102907  -0.0203328  0.0262554  -0.00074694 
113 0.00118378 2.44013 0.0957677 0.101546 -0.00519706  0.0240196  -0.0381522  0.0309752  0.0170349  0.00866353  -0.0513813  -0.0243511  -0.0286668  0.0416222 
114 0.00234722 0.791978 0.0523445 0.0955428 0.00281594  0.0323498  0.0214079  -0.00350461  -0.0220692  -0.0187417  0.0185479  -0.000561667  0.00564353  -0.000664467 
115 0.0027782 0.640888 0.0395857 0.0823648 -0.0120378  -0.00750113  0.0128876  -0.014004  0.0182822  -0.0171068  0.00435619  -0.00170883  -0.0104238  -0.0156915 
120 8.7088e-06 0.992603 0.00414245 0.0633215 -0.00250195  -0.000630346  -0.00152244  -0.00131607  0.00173368  -0.000730874  -0.000638402  0.00130239  -0.000896441  7.54323e-05 
121 0.000791486 0.718892 0.0263245 0.0632527 -0.00051459  0.0143844  0.0003073  -0.00426498  0.00504119  -0.00560473  0.0118869  0.0156433  -0.000748355  -0.00491144 
124 4.39771e-05 0.562369 0.00331238 0.0566545 -0.00089593  0.00177762  -0.000648512  -0.00123199  0.000342043  6.57467e-05  0.00207554  0.000710913  -0.000208629  -0.000304571 
126 -0.000378967 -0.0310815 0.0283759 0.056265 0.00544788  0.0168392  0.00798891  0.0142134  -0.0082338  0.00586387  0.000685636  -0.0100353  -0.00470656  -0.000777539 
128 3.73085e-05 64.5769 0.0977285 0.0595381 -0.00105615  -0.0209815  -0.02131  -0.0279924  0.0348916  0.0485954  0.0227791  -0.00950747  -0.0568681  0.0212047 
129 9.31028e-05 0.696478 0.00855399 0.059224 0.0011126  -0.00233676  -0.00263209  -0.0053911  -0.000417207  -0.000369266  -0.00264093  -3.3602e-05  0.00067704  -0.00476824 
130 0.00011706 0.575751 0.00595603 0.0584327 0.00314935  0.00135701  0.000988639  0.000454381  0.00141337  0.00408934  -0.000366727  0.000844169  0.00171271  0.000172297 
131 0.00152545 0.720298 0.0366623 0.0574224 0.0163647  0.000951544  0.00396028  0.0191476  -0.00654776  -0.00475609  -0.000660097  -0.0085122  0.0179699  -0.0152249 
132 0.000133413 1.5443 0.0236056 0.0421075 -0.0159088  0.00288181  0.000561241  0.00248101  -0.00466557  -0.0095777  0.00535936  0.00880414  -0.00014434  -0.0083428 
134 0.000879727 0.756204 0.0300241 0.0404925 -0.00923839  -0.00536168  0.0127681  -0.00456148  0.00658522  -0.00440586  -0.00846379  0.0163467  0.0128161  0.00613523 
135 -0.000262862 -0.603015 0.0340556 0.0275735 0.0144489  -0.00755307  -0.0142923  -0.00642959  0.00669955  0.0011903  -0.00205247  -0.0198272  0.0142991  0.000507067 
136 -2.53278e-05 0.145178 0.00599566 0.0319874 0.0011212  0.00295492  -0.000688112  0.00329317  0.00140835  0.000789092  0.000218149  0.000870954  0.00228515  -0.00245085 
138 0.000101266 0.573434 0.00545424 0.0323809 0.00413003  0.000397583  0.00138654  0.00216327  -0.00235614  -0.000346864  0.000249389  0.000272456  0.000196412  0.000290805 
139 4.68911e-05 0.80022 0.007504 0.0307776 0.00146072  -0.00124481  0.00253919  0.00365639  -0.0018023  -0.00345391  0.00126679  -0.00228921  -0.00306074  -0.00119115 
140 -4.8357e-05 0.126245 0.00850276 0.0300062 0.00245967  0.00133672  -0.000391149  -0.00409898  -0.00110835  -0.00283585  0.00420533  -0.0024663  -0.00258244  -0.00279262 
142 -0.00043174 0.271416 0.0198725 0.0308015 0.00246554  0.00716453  0.00492056  0.00132095  0.00810636  0.00848589  -0.00491758  -0.00773601  0.00906374  -0.00276517 
144 0.000489227 0.55339 0.010226 0.037156 -0.00232822  -0.00232299  0.00619646  0.000478845  0.00159254  -0.00130803  0.000707855  0.00573371  -0.00417267  0.000308247 
145 -0.00118747 0.273844 0.0327935 0.0298573 0.00321196  0.00123347  0.00705599  -0.00505318  -0.00469093  -0.0219974  0.000420175  -0.0139375  -0.00435245  -0.0164008 
146 0.000377872 0.637568 0.0144208 0.045603 0.00969362  -0.00142102  0.00274212  0.0012897  0.00270676  0.00398871  0.00139712  0.00410736  0.00256352  0.00735935 
147 0.000130841 5.53892 0.0513435 0.0412533 0.00286529  0.00907318  0.0206551  -0.0182995  -0.0163429  0.0150417  -0.00153244  0.0177853  0.00110775  0.031159 
148 0.000584257 1.26432 0.0422549 0.0396358 -0.00916871  -0.0114684  -0.025562  0.00131266  0.0093911  -0.00955164  -0.00831693  0.0238481  0.00981542  -0.00103847 
150 -2.97858e-05 0.434183 0.00280038 0.0314152 -0.000501511  -0.000706906  0.000876887  -0.00200078  0.00129822  0.000536115  -0.000154557  -0.000459957  -0.00010643  -0.000315102 
151 0.000171861 0.825875 0.014967 0.0318857 -0.00414244  -0.00266724  -0.00815312  -0.00086556  -0.00136617  -0.00407796  -0.00442385  -0.00396137  -0.00749887  -0.00474562 
155 0.000139303 0.77454 0.0123682 0.0290663 0.00417845  0.0029988  -0.000116907  0.00163401  0.00657179  -0.00147324  0.00775105  -0.00321063  -0.000850073  -0.00271459 
156 0.000136758 0.759865 0.0119227 0.0265624 -0.00349755  -0.00438362  -0.00149225  0.00513585  0.00318878  0.000236803  -0.00108093  -0.00258624  -0.00693248  -0.00399474 
157 -9.29491e-05 0.0957508 0.01226 0.0238497 0.00256856  -0.000826782  -0.00192824  -0.00207013  -0.00474025  0.00740234  -0.00645898  0.001385  -0.00162646  -0.00338759 
158 -9.38789e-06 -1.96183 0.00961483 0.0257248 -0.000117692  0.00601603  0.00181278  -0.0014464  -0.0016457  0.00336306  -0.00359155  0.00332967  0.00351784  -0.000693373 
159 3.08062e-07 0.50288 5.95729e-05 0.0259066 -7.06768e-06  -2.3308e-05  1.58897e-05  4.70732e-06  -2.57846e-05  -2.61714e-05  1.77635e-06  -1.09361e-05  1.61396e-05  -3.07903e-05 
163 9.13906e-06 2.98969 0.00954004 0.0259006 -0.0022254  0.000188236  -0.00143419  0.00582194  -0.00199442  0.00552185  4.96214e-05  0.00364345  -0.000366266  0.0014808 
164 -4.36205e-05 -0.60899 0.0139104 0.0257236 -0.00975977  -0.00230772  -0.00258358  0.00105912  0.00335853  0.00236304  0.0029886  -0.00460498  -0.0039533  -0.00474277 
166 0.00019676 1.58071 0.0291617 0.026558 0.000342359  0.00290348  0.00980258  0.00837417  0.0110579  -0.00653022  0.0173453  -0.0098739  0.00700515  0.00795587 
167 -0.000715509 0.299063 0.0239898 0.0225518 0.00856607  -0.0200776  0.00232128  -0.00257796  0.00487618  0.00237106  -0.00255951  0.000387808  -0.00503268  0.0050557 
169 -1.75422e-05 0.0625601 0.0055403 0.0349907 0.00204581  0.000723361  -0.00266716  -0.001184  -0.00147476  -0.00146371  0.00240283  -0.00166119  9.46659e-05  0.00214736 
170 -3.88792e-05 0.328681 0.0051618 0.0352405 0.00190116  0.000145  0.000405019  -0.00228984  0.000530989  0.000465446  -0.00234289  0.00091136  -0.00210382  0.00252131 
172 -0.000263201 0.453708 0.00698404 0.0357879 -0.00135223  -0.00213455  0.000105932  -0.00141698  0.000425849  0.001602  0.00148383  -0.00577447  -0.0005017  0.00135174 
174 -4.08394e-06 -0.94154 0.0048527 0.0392939 -0.0022177  -0.00104014  -0.00315119  0.00039759  -0.000641466  -0.000746975  -0.00107821  0.000851245  0.00203036  -0.000693944 
175 0.000200906 0.744832 0.0140267 0.0393458 -0.00498028  0.00139552  0.00274137  -0.00161502  -0.0021209  -0.00400077  -0.00113533  0.00738681  0.00911552  -0.000650521 
178 -0.000110133 0.452335 0.00458315 0.0367043 -0.0016893  -0.00194472  -0.00166844  0.00162083  0.000274473  0.000401938  0.000837379  0.00210402  0.000165246  -0.00188851 
179 0.000198212 2.4902 0.0397174 0.0381752 -0.00731476  0.0316095  -0.00836478  -0.00309981  -0.00374062  0.00542102  0.0169276  0.00275052  -0.00937892  -0.00444681 
180 3.78175e-05 2.99608 0.0194309 0.0354846 0.00403043  0.00821751  0.00469295  -5.46158e-05  -0.00748864  0.00411877  -0.000272  0.0025893  -0.00498157  -0.0129275 
181 -0.000301633 0.153516 0.0204482 0.0349476 -0.00434202  -0.0104817  -0.00403237  -0.00309603  -0.0123398  -0.00393177  0.000190575  0.00850641  0.00312412  -0.00369888 
182 -0.000249916 0.468446 0.00561951 0.0390258 -0.000965063  -0.000132203  -0.00101972  -0.00325327  0.000688806  -0.00199138  0.00310928  -0.0012927  -0.00134759  -0.00118819 
184 0.000228542 0.615849 0.0102917 0.0421066 0.00454232  -0.00604671  0.00183607  0.000741797  0.00295534  0.000559014  -0.00107394  -0.00342399  -0.00471164  -0.000823609 
187 0.000673943 0.621306 0.0180864 0.0392994 0.00848347  -0.000336746  0.0014996  0.00320218  0.00837603  -0.00557023  -0.0104713  0.00172657  0.00410853  0.00344047 
188 0.000408831 0.652132 0.0157737 0.0295081 -0.00587776  -0.00485392  0.00193452  0.00536005  -0.00483034  -0.00504117  -0.00490001  -0.00687264  -0.000462999  0.00616651 
190 -5.73234e-06 0.455955 0.00100496 0.0214938 0.000205442  -0.00011231  -0.000153599  -0.000421981  -4.41969e-05  -0.000527724  -0.000440339  -0.000382619  1.71227e-06  -0.000364295 
192 -3.26285e-05 0.26338 0.00555726 0.0216267 0.00376186  9.54061e-05  2.13543e-05  -0.000664699  0.00160916  -0.000143052  0.000436194  0.00318292  0.00150824  0.00103646 
197 -0.000253704 0.318417 0.0135766 0.0223684 -0.000949365  -0.00280024  -0.00354767  -0.00196053  -0.00639215  -0.000614702  0.00462436  -0.00737557  -0.00389773  0.00519025 
201 3.10229e-05 0.530707 0.00195214 0.0274605 0.00101316  0.0013761  0.000400154  -0.000805342  0.000110007  -4.44939e-05  0.000127487  -0.000181602  0.000127679  4.87841e-05 
202 -4.24766e-05 0.422708 0.00362402 0.0268897 -0.000730931  0.00142979  -0.00114953  -0.00172316  0.00080376  -0.000257629  -0.000126964  0.000480208  -0.00089915  -0.00212053 
203 -0.00039672 0.383142 0.0136217 0.0276683 -0.00627453  -0.0028717  -0.00532925  0.00225628  0.00439388  -0.00136857  0.00328585  -0.00519482  0.0032108  0.00593054 
204 -0.000772468 0.317942 0.0237278 0.034093 0.0136998  -0.0103015  -0.00495357  0.0061343  0.000699679  0.00421879  -0.00148772  -0.000195615  -0.00862837  0.0105854 
205 3.62504e-06 5.39024 0.00842072 0.0439898 5.69634e-05  0.00621209  -0.0013703  -0.00220954  -0.00183494  -0.00256568  7.58524e-05  0.000292039  -0.00126619  0.0037298 
206 -0.00034713 0.324117 0.0156305 0.0439485 -0.00182388  0.00627674  0.00403146  -0.00377908  -0.00183994  0.00294726  0.00116869  -0.00485395  -0.00742591  0.00888326 
208 3.00583e-06 0.500335 6.3523e-05 0.0477354 4.7295e-06  -8.51218e-06  2.78753e-05  2.20194e-05  -1.79841e-05  3.4036e-05  3.76324e-06  2.99969e-05  1.36386e-05  -9.82872e-06 
209 0.000212406 2.59962 0.0422294 0.0477039 0.00140241  -0.00916468  0.00994222  -0.00168618  0.00397869  -0.0172343  0.0125107  0.00996182  0.0215339  -0.0237352 
212 0.00102119 0.684077 0.0274222 0.0454233 -0.00849153  0.0129182  0.00422414  0.00586931  -0.00721087  0.0110773  -0.00848119  0.00896607  -0.000305927  0.0115578 
213 -0.000247835 0.0869654 0.0202366 0.0322894 0.000308747  0.00104394  -0.00468156  0.00303695  0.0139142  0.00955442  -0.000348752  -0.0028633  -0.00659288  0.00636506 
215 9.99429e-09 5.90523 0.00046485 0.0359231 -0.000223132  0.000125289  -0.000176113  8.855e-05  1.68639e-05  -4.15887e-05  0.000149813  -0.000155261  -0.000109552  -0.000226226 
218 -9.64428e-05 0.429501 0.00521559 0.035923 0.00271398  0.00137395  -0.00315422  -0.000444469  0.00236149  -0.000670323  -0.000579216  -0.000508447  0.00108631  4.79967e-05 
219 0.000207338 0.867923 0.0174676 0.0372412 0.00489074  0.00555656  0.00465717  0.00232677  0.00205453  0.013091  -0.00641386  -0.00112595  0.00157257  -0.00165678 
221 -0.00038318 0.472057 0.00655061 0.0343452 -0.00105509  -0.00102457  -0.00176786  0.000218334  0.00185605  -0.000788496  0.00258817  0.000796574  -0.000582252  0.00508288 
222 8.12142e-06 0.549579 0.0012691 0.0395328 -0.000236516  0.000706503  -0.000319181  0.000182638  -0.000368798  -2.20578e-05  -0.000140672  0.000561281  0.000666329  -7.06189e-05 
224 0.000214078 0.578768 0.00821369 0.03943 0.000594023  0.000413768  0.00332879  0.000517077  -0.00167585  -0.00159958  -0.00577434  0.00345313  -0.00196277  0.00105156 
226 -3.1028e-05 0.377378 0.00390122 0.0366151 -0.000372526  -0.0016104  0.00224309  0.000268004  -0.00156643  0.000536187  -0.000461445  0.000888394  -1.36116e-06  0.00190806 
227 -0.0002668 0.349725 0.012666 0.0370364 0.00324403  -0.00298554  -0.000156908  -0.00346635  0.00495342  0.00700092  -0.00288681  -0.00674386  -0.00125627  -9.75187e-05 
228 -0.000492034 0.0941514 0.0282667 0.0404788 -0.00656163  -0.00245285  0.00602929  0.0055794  -0.00798087  0.0191937  -0.00312362  0.0026739  -0.0103362  -0.0112523 
232 0.000306955 0.572611 0.00944379 0.0461594 -0.00268869  0.00439473  -0.00308656  0.00223173  -0.00354268  -0.00355027  -0.00359274  0.00169336  0.00236017  0.00127842 
235 3.00294e-06 0.616334 0.00118211 0.0427057 0.000367218  -0.000187677  -0.000434296  0.000361299  -0.000260868  -0.000185848  0.000269478  -0.000629666  0.000292414  0.000500963 
236 0.000140277 0.537065 0.00456134 0.0426706 -0.00126971  -0.000244575  -0.00194422  -0.00171017  -1.47048e-05  -0.00278836  2.20945e-05  -0.00172324  -0.00116369  0.000574326 
237 0.000627817 0.768731 0.0259766 0.040994 -0.0062667  0.00251157  0.00277986  0.00140758  -0.00920896  -0.00537842  -0.00968373  0.00099245  0.0177706  -0.0097576 
238 2.60955e-06 0.532732 0.000584523 0.0324483 0.000328812  -0.000116776  -1.73454e-05  0.000133243  -0.000236687  -0.000121045  -6.40564e-05  0.000313081  0.00013416  -0.00010519 
239 0.000443421 0.728753 0.0201426 0.032408 0.00234452  0.0016643  -0.0023853  -0.00607174  -0.00623283  -0.00975544  0.00830218  -0.00749881  0.00629737  -0.00748792 
240 -0.000496572 0.155168 0.0261758 0.0246365 -0.0186002  -0.00368518  0.00769962  -0.00564318  -0.00108646  -0.00524639  0.0037895  -0.00255115  -0.00316096  -0.013226 
245 -8.01045e-05 0.470669 0.00306624 0.0332213 -0.000947549  0.000119543  0.00119906  -0.000111657  -0.00156023  0.000389193  0.00153476  -0.000768418  -0.000786203  0.000943191 
247 -7.39988e-05 -7.20543 0.0477515 0.0344058 0.0181022  0.0126183  -0.0115193  0.0234449  0.00775925  -0.00567812  -0.00115229  0.0144413  -0.027243  0.00815091 
248 0.000222138 0.76877 0.0154534 0.0354649 0.00615945  -0.00669021  -0.00563922  -0.00431348  -0.00673779  -0.000253967  0.00188114  -0.00629723  0.00403663  -0.000867213 
249 -0.00110534 0.18077 0.0375842 0.0321815 0.00634775  -0.0184563  0.00531712  0.00943208  -0.00494741  -0.00548185  -0.00164377  -0.0225512  -0.00207306  0.0185559 
250 0.000534736 1.44715 0.045 0.0462774 -0.00358701  0.0115677  0.0163421  -0.000741727  0.00121938  0.0167185  0.0109925  0.0316338  0.00948208  -0.0108751 
251 -8.18433e-05 -1.30385 0.0243005 0.0400875 0.00132115  0.00556425  -0.00416403  0.00626952  -0.00468449  -0.0113743  -0.00634786  -0.0162286  -0.00677879  0.000477761 
