generation s h r distopt trait[0] trait[1] trait[2] trait[3] trait[4] trait[5] trait[6] trait[7] trait[8] trait[9] 
5 0.0100381 0.502632 0.0124509 2 0.00253578  0.00194625  0.00594843  0.0031789  -0.00422461  0.00403254  -0.00216818  0.00753787  -6.23165e-05  0.00191924 
6 0.177636 0.491113 0.0868848 1.9975 0.0427532  0.020789  0.000664948  0.0328312  0.0146254  -0.00391626  0.054625  -0.00418833  -0.0147979  -0.0275857 
9 0.102273 0.507699 0.0879452 1.95614 0.0260981  0.0412577  0.0385616  -0.000844034  0.0143181  0.0139281  -0.0502549  -0.0288074  -0.00627533  0.00833865 
13 0.0539749 0.497207 0.0281853 1.9311 0.0138289  -0.00423706  0.00707422  0.00810872  -0.00338552  -0.0094147  0.00744791  0.00180284  -0.00812872  0.0156374 
15 0.142978 0.487904 0.04961 1.91744 0.035109  7.41606e-05  -0.0118182  0.00221729  -0.0101253  -0.0207089  -0.015283  -0.00206634  -0.00457169  0.0171404 
16 0.0313496 0.606959 0.116877 1.88227 0.00831607  -0.0960521  0.0110542  -0.0420691  -0.0304417  0.00153675  -0.0237687  0.00720304  -0.0303872  -0.00193838 
19 0.117343 0.492979 0.0551202 1.87405 0.030248  -0.0144617  -0.0300501  0.00872966  -0.0228794  -0.00641415  -0.0117058  0.0146081  0.000986062  0.00435247 
20 0.0203498 0.505967 0.0261479 1.84421 0.00549941  0.00388095  0.00706635  -0.00078811  0.000644808  -0.000775944  0.0130796  -0.0192448  -0.0050366  -0.00447521 
22 0.0315753 0.508109 0.0386181 1.83874 0.00915312  -0.00551531  0.00282468  -0.0204354  0.00299693  -0.0114043  0.0206473  -0.000986944  -0.00884121  0.0175238 
26 0.057789 0.521009 0.079342 1.83026 0.0164251  0.00717404  -0.05069  0.0184991  -0.0424919  -0.0111315  0.023454  0.0138722  0.0135707  0.0143539 
29 0.0265897 1.53531 0.32797 1.81485 0.0389085  -0.209269  -0.0833323  -0.0756878  0.0874297  -0.0339861  0.0599671  0.10823  -0.0807242  -0.137692 
31 0.025208 0.511347 0.0379429 1.80761 0.0107932  -0.0163021  0.00227527  -0.00597832  0.0253882  -0.00467165  -0.0127036  0.0104596  -0.00864707  0.00213396 
34 0.0968126 0.508119 0.085241 1.80071 0.0347273  -0.0390685  0.0241209  0.0172452  0.00805611  -0.0235957  -0.000277241  0.0446864  0.0273644  -0.0169427 
35 0.0531401 0.498939 0.0334739 1.77486 0.0123467  6.50287e-05  0.00892327  0.0165305  -0.00505839  -0.000488871  -0.00572464  -0.00905849  -0.00507086  0.021185 
39 0.0381319 0.499709 0.0256251 1.76022 0.00844224  0.00950792  -0.000219535  0.00457377  -0.0138788  -0.00546494  -0.00543391  -0.00983501  -0.00697072  0.0087563 
41 0.114701 0.499903 0.0764897 1.74956 0.0349366  -0.00933865  0.025831  0.0179763  0.0331546  -0.0280386  0.00556675  -0.035776  -0.00938863  -0.0163729 
43 0.0242925 0.512002 0.0379487 1.71824 0.0103894  -0.0171224  0.00880322  -0.0156322  -0.0168051  -0.00232886  -0.00425764  0.0134213  -0.00243471  0.0150034 
44 0.0767032 0.54019 0.120781 1.71124 0.0373592  -0.0181586  0.0259101  0.0773271  -0.000908422  -0.0389682  0.0211006  0.0161172  -0.057857  0.0253001 
46 0.199754 0.484951 0.07492 1.68951 0.0537767  0.0111035  -0.0240145  -0.0124657  0.0173711  -0.0152542  0.0188396  -0.00679851  0.0304958  0.000311082 
47 0.167595 0.497006 0.100696 1.63473 0.0489789  -0.00753163  0.070686  -0.00639535  0.0134892  0.0472647  0.0135119  0.00455504  -0.00460631  -0.00249853 
48 0.224588 0.504367 0.154968 1.58663 0.0891635  -0.0683396  0.0476557  0.0523233  0.010043  0.00523681  -0.0733166  0.0296158  0.00180696  -0.00139882 
52 0.0948134 0.518973 0.104715 1.52144 0.0235043  0.0398513  0.0399985  0.0100356  0.0175563  0.046362  0.0139293  0.0509197  0.0404248  0.0156654 
53 0.116031 0.558979 0.178359 1.49138 0.0445469  -0.0404834  -0.0832347  -0.0715056  0.0885584  0.062694  0.00959771  0.00237387  0.0578769  0.0304429 
54 0.0327713 0.506213 0.0363468 1.4541 0.0124031  0.0102395  -0.00319593  0.00111124  -0.00465615  0.00759477  0.00478623  0.0291322  0.00992592  -0.00121729 
55 0.0231475 0.568854 0.0809882 1.44297 0.00125468  0.0462461  0.0256421  0.051432  -0.0080327  0.00210709  0.0123537  0.00897477  -0.0273958  -0.00796196 
58 0.0150097 0.574481 0.0674314 1.43502 0.0184345  -0.0197791  0.0137773  0.00348275  0.0138231  0.0423187  0.0140974  0.026053  0.0129223  0.0242401 
59 0.515135 0.550663 0.40972 1.42982 0.204678  0.143759  -0.0341648  -0.217111  0.123224  0.0580344  -0.0455084  0.149784  0.0915526  0.0746093 
60 0.0393293 0.505168 0.0392587 1.27628 0.00513269  0.011028  -0.00278878  0.00921129  -0.00637937  0.00774536  -0.0274233  -0.0178256  0.0108648  -0.00348461 
61 0.0714581 0.501008 0.0515706 1.26108 0.0174491  0.0298068  0.00966074  0.00239552  -0.00429219  0.0143458  -0.0091622  -0.0248371  -0.0185757  0.00987075 
62 0.129107 0.507345 0.104544 1.23341 0.0547991  -0.0253167  -0.0317794  0.0418454  -0.00287584  0.0313012  0.0276179  -0.00382068  0.0187328  -0.0490744 
63 0.0617025 0.679714 0.211164 1.18316 0.0310631  0.0100479  -0.0756272  -0.0462034  -0.128839  0.0162335  -0.0560411  0.0555355  0.0357766  -0.106312 
64 0.0138611 0.891462 0.146942 1.15758 0.0445091  -0.0224958  0.000475888  0.00576891  -0.0572086  0.0974632  0.00916861  0.0525218  -0.0587457  0.00237008 
65 0.214919 0.507933 0.158344 1.15162 0.0885576  0.0952835  0.0290381  -0.00364052  -0.0540197  -0.0335621  -0.00933742  0.0251996  0.0486269  -0.0127902 
66 0.0283486 0.689104 0.146556 1.06374 -0.00538651  0.0417792  -0.00557955  -0.0287042  0.0298247  -0.0134377  0.116237  -0.0536359  0.028391  -0.02419 
67 0.0577335 0.507102 0.0562922 1.05052 0.00617861  0.00161138  -0.00899794  0.0208223  -0.0037869  -0.0343052  0.0128683  -0.03297  -0.0111467  -0.00674245 
68 0.062843 0.528664 0.0940033 1.02346 0.0237183  -0.0198662  -0.0289333  -0.00726222  0.0582164  0.0013701  -0.0151058  -0.0375294  -0.0326989  0.029877 
70 0.0201716 0.55809 0.0695485 0.993236 -0.00493127  0.0261232  0.0341489  0.0314267  0.00771792  -0.0182005  -0.0283135  -0.00771749  0.0268928  0.00110481 
74 0.0960425 0.501508 0.068965 0.983132 0.0339425  0.0260969  0.00343534  -0.0118966  -0.0236217  -0.0196188  -0.0274101  -0.0231157  -0.0232483  0.000833373 
76 0.0115239 0.589161 0.06442 0.93533 -0.00412739  -0.00632243  -0.011737  -0.0331131  -0.0220836  -0.0289473  0.0178796  -0.0313961  -0.0104747  -0.0108604 
77 0.0888634 0.794773 0.320478 0.929185 0.0186276  0.0415118  0.0379702  0.184926  0.0164965  0.0426557  -0.114907  -0.075907  -0.00835685  0.209451 
81 0.0239474 0.506411 0.0297788 0.882184 0.0109817  -0.000596729  0.0114745  0.0113929  -0.0018189  -0.0201882  -0.00740234  -0.00106353  -0.00105057  -0.00603803 
82 0.144317 0.568982 0.21459 0.868668 0.0728091  0.0439473  -0.0490501  0.0318572  -0.0968209  -0.00305884  0.0263601  -0.0566961  0.139295  -0.0519594 
84 0.01909 1.22624 0.233959 0.787259 0.0539887  -0.118862  -0.10682  0.0112722  0.123696  -0.00838965  -0.0242082  -0.0673437  0.0466436  0.0590634 
87 0.0268026 0.736213 0.158939 0.775156 0.0605762  -0.0714676  -0.0949567  -0.0324232  -0.0127931  0.00718821  -0.0339965  -0.0662257  0.0238942  -0.009415 
91 0.143513 0.568472 0.213291 0.757903 0.0959063  0.0231552  -0.0412936  -0.0445041  0.0278169  -0.00101937  0.122511  0.040413  -0.12004  -0.0156954 
92 0.0389245 0.53068 0.0735655 0.66356 0.0109066  -0.0211656  0.0332814  -0.0340324  -0.0277238  -0.0149584  -0.0313576  -0.0238537  -0.00580817  -0.00083399 
93 0.00418179 0.50215 0.0066786 0.634134 0.000904713  0.00197723  0.00180022  0.00318256  -0.00337529  -0.00237324  -0.00186228  0.00039678  -0.00227099  0.00083574 
96 0.103384 0.534823 0.13604 0.630835 0.0758509  -0.0133442  0.040967  0.0250832  -0.0459674  -0.0759368  0.0311058  0.0247633  0.0232762  -0.0163107 
99 0.0293599 0.51763 0.0495848 0.547331 0.0269895  0.0120951  0.0284128  0.0076046  0.0158082  -0.0105767  0.00746918  0.00793883  0.0132107  0.00798171 
101 0.0537843 0.529617 0.0870181 0.520224 0.0364176  0.0415144  0.0170572  -0.00785158  -0.00817765  0.00862646  0.0273757  -0.0449745  0.0168925  -0.0311622 
105 0.0396673 0.552901 0.0947556 0.467168 0.0729355  0.012373  -0.00609122  0.00430814  0.0201857  0.0180489  0.0414306  -0.0302779  0.00479331  0.00779976 
107 0.00976324 0.879673 0.121554 0.423491 0.0825118  -0.0459845  -0.0445746  0.0221272  -0.0215078  0.0149531  0.00914807  -0.033038  0.0235738  -0.0309677 
108 0.0448975 0.636029 0.157437 0.411861 0.0245128  0.0080872  0.070419  -0.0655786  0.00988325  -0.0655691  -0.0297663  0.0919016  -0.033086  0.00609481 
109 0.0325551 0.552097 0.0847526 0.354556 0.0467612  -0.00803844  0.0225402  0.03422  -0.0176575  0.0293265  -0.0260348  0.00485612  -0.0300739  0.0217955 
110 0.00202858 0.563916 0.0228063 0.306062 -0.00593818  0.000536997  -0.00794181  0.0055388  -0.0100174  0.00617998  -0.0072207  -0.00221134  -0.00967652  -0.0100809 
111 0.00938535 0.788901 0.104039 0.302733 0.015251  0.0190128  0.0153834  0.0546138  -0.035862  -0.0145304  0.00194265  -0.0570483  0.0411971  0.0236241 
113 0.0169002 0.667215 0.106461 0.28689 0.0250662  -0.00644712  0.0503713  -0.0238165  -0.00553889  0.0666696  -0.0440408  0.00234748  -0.0293535  0.0166522 
114 0.0129474 0.673507 0.0948731 0.256021 0.0338992  -0.0162774  -0.0147065  0.0101322  -0.0170317  -0.05863  -0.00686528  0.00953969  -0.0110906  -0.0572639 
115 0.000128031 36.1826 0.135023 0.229527 0.0274067  0.0314711  0.0355246  0.0284881  -0.014199  0.0881704  0.0188872  -0.0514846  -0.0071762  0.0581504 
117 0.00185247 2.57088 0.123706 0.229247 -0.00219692  0.0437816  -0.0384435  0.030931  -0.0878159  -0.0453213  -0.0165322  -0.00530923  0.00428014  -0.02935 
119 0.019922 0.725068 0.133842 0.225175 -0.018862  0.0753639  0.0719598  -0.0120303  0.0465221  0.0399399  0.033739  -0.00802709  -0.0229931  -0.0326225 
120 0.00860196 0.669678 0.0764572 0.176004 0.0425269  -0.0268034  -0.0266958  -0.0105779  2.05197e-05  -0.00730089  0.0179792  -0.00147367  -0.0442338  -0.0126024 
124 0.00471873 0.568133 0.0359702 0.149707 0.00485855  0.00235315  -0.0168305  -0.0200547  0.00988176  -0.00721119  -0.0180616  0.00290353  0.00585297  -0.00779073 
128 0.00142292 0.577476 0.0210152 0.133059 -0.00612648  0.00758224  -0.00438985  -0.00842272  -0.00229866  -0.0118129  -0.00239641  9.35998e-05  0.0099383  -0.00265541 
129 0.00209375 0.540365 0.0184358 0.127604 0.010917  0.00711081  0.00290644  0.00277983  0.0101425  0.00047631  -0.00113402  0.00034793  -0.00648073  0.00273057 
130 0.00387027 0.674411 0.0519751 0.119127 -0.0186656  0.0134805  0.00758263  -0.0157686  -0.024629  -0.0256714  -0.00084256  0.00342675  -0.0242265  0.000383865 
131 0.00076885 0.647571 0.0213058 0.101629 0.00448147  0.0107316  0.00150972  -0.00547811  0.00492649  -4.77251e-05  -0.00330591  -0.015223  0.00173386  -0.0040555 
133 0.00260638 0.735056 0.0494978 0.0977744 0.00758873  0.0196273  0.0128229  -0.0178846  -0.0061636  -0.010316  -0.0149829  0.0151255  -0.0163482  -0.0256511 
135 0.000879909 0.549354 0.0131914 0.0834077 -0.000451093  -0.00769644  0.00544881  0.00316176  0.00377096  0.00151813  0.00482923  -0.00252895  -0.00147291  0.00514566 
139 0.00413631 0.713616 0.0594475 0.0779572 0.0296764  -0.0221887  0.019659  -0.00387208  0.0321708  -0.011872  -0.0115046  -0.00771584  -0.0183702  0.00736548 
140 0.000417476 0.716622 0.0190193 0.0441537 -0.00582588  0.0105045  -0.00484944  -0.00866096  0.00766453  0.00133326  0.00182331  0.00195894  0.00709075  0.000977698 
143 1.48923e-05 0.85816 0.00461901 0.0391428 -0.00101537  0.00175421  -0.000633148  0.00252018  -0.000796683  0.000845508  0.00040887  0.00242573  0.00146851  -0.000957801 
145 1.27969e-05 0.787919 0.00383899 0.0389521 0.00111682  -0.000489648  -0.000501563  0.00020684  0.00212931  -0.000575653  -0.000872015  0.000370719  -0.00167351  -0.00209586 
147 -7.43803e-05 0.145931 0.0102639 0.0387875 -0.00199358  0.00515906  -0.0034839  -0.00505063  -0.000677735  -0.00167195  -0.00256059  -0.00108947  0.00436609  0.00265531 
150 1.82467e-05 0.62637 0.00303701 0.0397348 0.000830196  0.00120513  -0.00128273  0.000400602  -0.000307992  -0.00137055  0.000514117  0.0012816  -0.000181704  -0.00116742 
151 -2.96669e-05 -12.0078 0.0385229 0.0395045 0.0190003  -0.00601435  0.00694526  -0.00375104  0.00910942  -0.00984922  0.00722196  0.0143352  0.0152861  -0.0187941 
152 -5.46977e-05 -0.597508 0.015496 0.0398783 0.00158162  -0.00463546  0.00309259  -0.00935305  -0.00600396  -0.000800488  -0.000538343  0.00426646  -0.0079333  0.000987287 
157 0.000115443 1.51204 0.0216167 0.0405583 0.00552457  -0.00397984  -0.0108836  0.00897939  0.011105  -0.00650904  -0.0038338  0.000407674  0.00268198  0.00583932 
161 -0.00109387 0.0694762 0.0434159 0.0391093 0.00403315  0.0111923  0.0129319  0.0093569  -0.00907585  -0.00658787  -0.0245339  0.0181408  0.020017  0.00558291 
162 -0.000708736 0.117357 0.0329433 0.0512251 0.00109875  0.0120126  -0.00081894  0.00853271  -0.00861629  0.00395355  0.0209681  0.0164982  -0.00731829  0.0033153 
163 -0.000109659 -9.13887 0.0650074 0.0577321 -0.0399358  -0.00429497  -0.0117019  0.00433539  -0.0096878  0.0236484  -0.0108449  -0.0143763  -0.0383191  -0.00334322 
164 0.000346137 0.749709 0.0185935 0.0586742 -0.00783629  -0.00206687  -0.00613774  -0.00131936  0.00837572  -0.00385556  0.00392345  0.00486493  0.00439549  0.00986043 
165 -3.44333e-05 0.484183 0.00147619 0.055647 -0.00100119  -5.6179e-05  0.000356613  0.000261568  6.53065e-05  0.000596876  0.00050425  -5.21224e-05  0.000285652  -0.000528113 
166 -0.000253547 0.371321 0.0114259 0.0559555 -0.00053169  -0.00137911  -0.00709275  0.00643709  5.33492e-05  -0.00195169  0.00284215  -0.00250952  0.00170268  0.00394165 
170 0.000568045 0.952359 0.0320559 0.0581773 0.00253772  0.00854541  0.0117544  -0.00223667  0.00636128  -0.0191509  0.0130785  0.0111751  0.00936994  0.00374133 
171 -0.00176955 0.273078 0.0401107 0.0530727 -0.00736564  -0.0265054  0.00359418  0.0044166  0.00291045  0.00875162  -0.00711225  0.0133862  -0.021339  0.00703355 
173 0.00171057 0.568357 0.0216507 0.0677336 0.00427462  -0.00917288  0.00134486  -0.00903128  0.00802907  -0.00513326  -0.000561905  -0.0122393  0.00263149  -0.00592504 
176 0.00121134 0.69062 0.0303922 0.0536538 -0.00110814  0.00498165  0.0130177  -0.00244887  -0.000581667  0.0161626  0.0031255  -0.0198475  0.00753064  0.000469127 
180 -2.31725e-06 -0.308853 0.00273811 0.0408427 -0.000560323  0.000561651  0.000542489  -0.000928599  0.00157457  0.000536904  -0.00140181  -0.000504967  -6.74981e-05  -0.000847998 
181 0.000342158 2.11055 0.0469397 0.0408711 0.00944327  0.0236451  -0.0220791  -0.0129476  0.00920836  -0.00973288  -0.00778833  -0.0139144  0.0213703  -0.00307485 
184 1.46036e-05 0.506108 0.000597388 0.0364465 0.000336801  0.000128938  -3.51629e-05  -9.96196e-05  -0.000267991  -0.00026928  5.23817e-05  0.000190555  8.05429e-05  -0.00016056 
189 -1.03841e-06 -1.91364 0.0031663 0.0362456 0.00114722  -0.000817674  -0.000866979  -0.00128054  -0.000714644  -0.000574601  -0.00181592  0.000927008  0.000392026  -0.000705564 
191 1.04299e-05 0.505759 0.000490205 0.0362599 0.000214641  -7.29406e-05  0.000209136  0.000100501  -1.57604e-05  0.000114604  -0.000113586  4.55719e-05  0.000324356  -3.87756e-05 
193 -0.000247207 0.328377 0.013029 0.0361158 0.000210587  -0.000319351  0.00419294  -0.000652998  0.00815801  0.00417747  -0.00299353  0.00198768  -0.00602161  0.00429234 
199 -1.34671e-05 0.293796 0.00333287 0.0393902 0.0004983  0.000966256  0.00105304  -0.00135599  -0.00128748  0.000671493  -0.00216734  -0.000324403  -3.98383e-06  -0.000259598 
200 -5.17941e-05 0.425484 0.00392932 0.0395608 -0.000968891  3.93352e-05  -0.00043987  0.00228554  0.000197253  0.000738578  -0.000533972  0.000395154  0.00157782  -0.00235943 
202 -0.000325561 0.0756915 0.0235087 0.0402101 0.00951138  -0.00428353  0.00378631  -0.00725893  0.0135585  -0.00690216  0.00437694  0.00219619  0.0101953  -0.00417349 
203 -9.743e-06 -0.12845 0.00494894 0.0440734 0.000480334  -0.000973075  0.00110114  0.00241681  4.90364e-05  0.00151248  0.000753481  4.82294e-05  0.00290885  -0.00222249 
205 0.000572875 0.542951 0.00992761 0.0441838 0.00221969  -0.00100112  0.00531613  0.000576251  -0.00612857  0.00217479  0.00239932  0.000884983  -0.00388944  0.000279564 
206 -0.000581677 0.0484618 0.0324181 0.0371416 0.00639116  -0.0120645  0.00376385  -0.0132739  -0.0110996  0.00372942  0.0121043  -0.00146622  -8.7357e-05  -0.0197076 
208 0.000456091 2.28507 0.0570495 0.044287 -0.0109107  0.0173733  0.00436551  0.00767479  -0.0189522  -0.0218057  -0.0191828  -0.0170601  -0.0334636  0.0119291 
209 0.00031917 0.621874 0.0124747 0.0387989 -0.00536771  -0.00322942  0.000712196  -0.000331239  0.00506379  -0.00228697  0.000642891  0.00708295  0.00171143  0.00560141 
210 4.35147e-05 0.512875 0.00149732 0.0344418 -0.000114985  8.58524e-07  -0.000810916  0.000178553  -0.000314345  -0.000404942  0.000856976  0.00031766  0.00030957  0.000587651 
212 -0.000754746 0.160197 0.0320375 0.0338042 0.00856593  0.00429904  -0.00679726  0.00865002  0.0183263  0.0104302  0.0108373  0.0110544  -0.0108006  0.0035458 
213 0.00125713 0.70617 0.0321983 0.0435632 0.0052298  -0.00837591  0.00270982  0.00743901  -0.00709911  -0.0113666  0.0139328  -0.00589105  0.0214263  0.00300543 
214 0.00030273 0.819844 0.0196793 0.0253262 -0.00481515  -0.00831227  0.00739278  0.00716605  0.000569545  0.00145545  -0.00875869  0.00064863  0.00991849  -0.00332169 
216 -4.43769e-05 0.443063 0.00317931 0.0184046 -0.00147372  -0.000323314  -0.00161745  0.000692635  0.00127861  0.000118197  0.00033174  0.000876206  0.00139546  0.000511724 
217 -2.75711e-05 0.488954 0.00110388 0.0195731 0.000309222  -0.000254413  2.08065e-05  0.000196999  0.000788663  0.000184993  0.000330179  0.000254751  8.57097e-05  0.000426028 
219 3.0062e-05 0.616953 0.00375015 0.0202652 -0.00270952  0.000933475  0.00115688  -0.000494455  -0.000480264  0.00135357  1.29105e-05  0.000189437  -0.000346138  0.00143152 
221 5.45073e-06 2.19178 0.00607334 0.0195094 0.0036905  0.00065848  -0.00309414  -0.00163872  0.00165517  0.000286517  -0.000395909  -0.00241464  -0.00130949  0.000222154 
222 -0.000131057 0.111749 0.0142671 0.0193692 -0.00220888  0.000531342  -0.00113321  0.00165195  -0.00128312  0.00413249  -0.00413429  0.00316918  -0.00984185  0.00718699 
224 -8.65634e-05 0.43775 0.00464316 0.0224996 -0.00190198  -0.000432261  -0.000788169  -0.00191886  0.00170277  0.00177164  -0.000826968  -0.000517367  -0.00236984  -0.000919536 
225 9.05625e-05 0.706439 0.0086477 0.0243475 -0.00101593  0.00331529  -0.00449962  -0.00510213  -0.00257202  -0.0015076  -0.00168526  -0.000316108  0.000503894  -0.00209737 
228 2.81519e-05 0.613828 0.00358024 0.0224108 -0.000866335  0.00259807  0.00165954  -0.000761243  -0.000734137  0.000969023  7.69235e-05  -0.000245303  0.000604166  -0.000273801 
230 -2.98795e-05 0.274013 0.00519714 0.0217736 0.00194218  -0.00144842  0.000919439  0.0018321  0.00124332  -0.000541168  0.00330375  0.000725974  -0.000514479  0.00184207 
232 0.00015956 0.762458 0.0129425 0.0224493 -0.000969674  -0.00473637  -0.00235287  -0.00159407  -0.00478327  5.7278e-05  -0.00212241  0.00692416  0.0077893  -0.000228175 
235 -0.000232947 -0.307048 0.0274234 0.0185586 -0.00452034  -0.00687957  0.00846869  -0.00578129  -0.0176348  0.00446258  0.0150952  -0.00294984  -0.00227771  -0.00254567 
237 0.000101013 0.786882 0.0107663 0.0240291 0.000709468  -0.00202198  0.00162645  -0.00452294  0.000504238  -0.000941577  -0.00861727  -0.00125823  -0.000354918  0.00333334 
244 -0.000408716 0.313252 0.0174769 0.0218263 0.00411991  -0.0102436  0.00499854  0.00248726  0.00346327  0.00588446  -0.00121189  -0.0047026  -0.00786002  -0.00451456 
245 0.000139888 0.597585 0.00738982 0.0297521 -0.00390232  0.00388028  -0.00194511  0.000556336  0.00025051  -0.00095246  0.00312962  0.00239958  0.00192437  7.84801e-05 
248 -0.00014316 0.406303 0.00732588 0.0273004 -0.00379745  -0.00346365  -0.00228618  -0.00228742  0.00119741  -0.00124205  -0.000254146  -0.00326133  0.00047002  -0.00170112 
254 -0.000689938 -0.647343 0.0562713 0.0298074 0.0288531  0.0148404  0.000414572  0.0089511  0.029042  0.00193544  -0.0202598  0.00170093  0.0259599  -0.00994837 
256 -4.95816e-05 0.475626 0.00219897 0.0397323 -3.50213e-05  0.000352993  -0.001217  0.000853505  0.000937661  -0.000630888  8.75158e-05  0.000381937  -0.000153839  -0.00102256 
261 1.16782e-05 0.597692 0.00213624 0.0403515 0.000915783  0.000666404  -2.87417e-05  0.000383098  -0.000728294  0.000536714  -0.000864819  0.00027947  -0.00118434  0.000293304 
264 5.55451e-05 4.00615 0.0279088 0.0402065 -0.00432807  0.0180803  -0.00511482  -0.00701415  -0.00777001  -0.00134559  -0.002828  0.0107358  0.00353374  0.0126486 
266 -0.000548845 0.397335 0.0150198 0.0395097 0.00142237  -0.001949  -0.00953939  -0.000488942  0.00138469  -0.00413018  -0.00402727  0.00923293  -0.00273087  -0.000796248 
268 1.61982e-05 0.869917 0.00489569 0.0459349 0.00145381  0.000956656  -0.000181117  -0.00181623  -0.00351369  0.00109333  0.000796346  -0.000153274  0.00181198  -0.000353877 
270 0.000174871 9.97591 0.0813769 0.0457582 -0.0149049  -0.0247673  0.0310179  0.00639571  -0.0139903  0.0105028  0.043031  -0.0469576  -0.020053  -0.00433096 
271 -0.000258621 0.0283256 0.0220909 0.0438059 0.00301598  0.0133897  -0.00682739  -0.00144882  -0.0017846  -0.00858957  0.00949438  -0.00538795  0.00564046  0.00479185 
273 0.00119413 0.696394 0.0306288 0.0466649 -0.00925035  0.00663744  -0.000843109  -0.00296675  -0.0138939  8.88209e-05  -0.0216493  0.0104741  0.000807763  0.00518512 
274 0.000125735 2.428 0.0311368 0.0313719 0.00276341  -0.0141291  -0.00325529  0.00668168  -0.00284639  0.00012554  0.00893787  0.0248335  -0.000870407  -0.0012353 
276 -2.33426e-05 -1.21044 0.0126374 0.0292997 -0.00242917  0.00578997  -0.00201298  -0.00150722  0.0060031  -4.07947e-05  0.00301097  0.00433979  0.00475108  -0.00523863 
280 -0.000196256 0.465731 0.00518881 0.0296953 0.00151463  -1.00386e-05  0.00193816  -0.00102746  -0.0029353  0.000898114  0.00162666  0.00135995  -0.00101553  0.00220635 
281 6.02782e-05 1.07793 0.0118043 0.0328342 -0.00255332  0.00473773  0.00261609  -0.00452152  -0.00226029  0.00293834  -0.00783452  0.00104008  -0.00259046  0.000417644 
283 6.49633e-05 4.89456 0.0337897 0.0319032 0.0139832  0.0122835  -0.000409322  0.00524315  0.0229157  -0.0124507  -0.00570204  -8.46754e-05  -0.000300533  0.00741006 
286 6.46442e-05 1.16187 0.013082 0.0308683 0.00452796  -0.00264684  -0.00366547  -0.00569952  -0.00193135  0.00198974  0.00274249  -0.00140566  -0.00470586  -0.00764055 
289 -0.000166307 0.345368 0.0101433 0.0298028 -0.00393575  0.00325682  0.00493857  0.00479574  0.000524612  0.00170072  0.0040916  -0.00207195  0.00207075  -0.000954424 
290 0.000518221 0.648467 0.0175442 0.0324735 -0.000664369  -0.00819792  -0.000139441  -0.00653938  -0.00713108  0.000779389  -0.0114536  0.000884836  0.00369947  -0.000503326 
296 -4.56243e-06 -20.0272 0.0193546 0.0231612 -0.00741929  -0.0109514  -0.00218958  0.00688588  0.00326778  -0.00399962  0.00506651  0.00422599  0.00300869  -0.00825555 
298 -0.000500234 0.0211235 0.0309589 0.0232595 -0.00424582  -0.00126437  -0.013917  -0.0155256  0.000119396  0.0032362  0.0139687  -0.0109681  -0.00955275  0.00932377 
300 -9.00039e-05 0.47518 0.00298997 0.0322702 0.00210792  2.59588e-05  0.000156932  -0.00152431  0.000584339  7.31078e-05  0.000960186  0.000317985  0.000828406  -0.000302714 
301 -6.90397e-05 0.299466 0.00744199 0.0336359 0.000993789  0.00136378  0.000195201  -0.000111546  0.00331561  -0.00170181  -0.000540074  0.00556309  0.00109579  -0.00248098 
302 -0.000395907 0.378075 0.0138995 0.034647 0.00344434  0.00483993  -0.000878331  -0.00309169  0.00209246  -0.0067454  -0.00164456  0.0048609  -0.00579178  -0.00614983 
305 0.000383905 1.51504 0.0394739 0.039955 0.0131719  0.0220923  0.0086624  0.0194504  -0.00368041  0.000226999  -0.0159769  -0.0127231  0.00291069  0.00201506 
307 -0.000135371 0.426268 0.00631953 0.0348219 0.00142767  0.000299795  0.000170122  0.00176815  0.003032  -0.00100242  0.00189867  0.00340526  0.00273604  0.00132984 
308 -7.98443e-05 -2.9504 0.0331945 0.0367144 -0.0173509  0.00445928  -0.00901584  -0.0121039  -0.00583617  0.00462527  -0.00818347  -0.0196275  -0.00179088  0.00650197 
309 -0.000247667 -1.45572 0.0440145 0.0377862 -0.0118294  -0.0214552  0.00861264  -0.00393347  0.00391007  0.0133133  0.0215404  0.0162331  -0.000580826  0.0180829 
310 -0.000619812 0.0975816 0.0315923 0.0409328 -0.00252744  -0.0127724  0.0043563  -0.00653078  0.00956352  -0.00948366  -0.0188601  0.00588144  -0.000607377  0.0139591 
313 0.000149002 0.562685 0.00611301 0.0479114 0.0018717  -0.00111505  -0.000735885  -0.00124952  0.00152653  -0.00236832  -0.000948849  -0.00379404  0.00180291  -0.00200865 
315 -7.1419e-05 -4.71695 0.0386023 0.0463304 0.0100366  -0.00697561  0.0103562  0.00457657  -0.0193133  -0.00118172  -0.0246214  0.0126433  -0.00554126  -0.00643241 
316 0.000116973 0.731235 0.0104016 0.0470949 0.00155888  -0.000218932  0.001731  -0.0014837  0.000990238  -0.00153754  0.00301238  0.00364575  0.0079435  -0.00342153 
317 -0.000252482 -0.284842 0.0281547 0.0458363 0.0145103  0.00501066  0.0046352  0.00782056  -0.00659177  -0.00362584  -0.0122329  -0.00206288  -0.00556874  -0.0152603 
319 0.000532352 1.62787 0.0489946 0.0485126 -0.00549979  -0.0169496  -0.0375691  0.00863604  0.00636225  0.0105734  0.00478997  -0.00175913  0.0175674  -0.0104873 
320 0.000279745 1.70945 0.0367828 0.0426763 -0.0155242  -0.0051106  0.0130645  -0.00865479  -0.000937233  -0.0111771  0.0127639  -0.00810591  -0.00890426  0.020163 
321 0.000640673 0.703626 0.0228437 0.0392627 0.00847635  0.0112888  -0.00141502  0.00230104  -0.00319049  -0.00209993  0.00831591  0.000261201  -0.0141883  -0.00548927 
325 0.00019312 0.55064 0.00625567 0.0300182 -0.00248797  0.000416714  0.00107652  0.000364944  -0.00104592  0.00314289  0.000108815  -0.000127352  0.00433117  -0.00131108 
326 -8.33502e-05 0.407716 0.00554726 0.0266081 0.00211265  8.92685e-05  0.00147703  0.00143349  -0.00180978  -0.00406548  -0.000161437  0.000804558  -0.00103622  -0.000716788 
327 0.000112686 1.0444 0.0156643 0.0281308 0.0010095  -0.00396402  0.00732291  0.00772514  0.00581252  0.00190189  0.00674937  -0.00342984  0.00198817  -0.00408173 
328 -7.88539e-07 0.499756 2.77314e-05 0.0260512 2.80225e-06  -5.06313e-06  -2.62232e-09  -3.41211e-06  -4.33547e-06  -2.16921e-05  -6.8734e-06  -6.35743e-07  -6.88807e-06  1.18095e-05 
331 -1.92885e-05 -8.52691 0.0263895 0.0260663 0.00961022  0.0156922  -0.0115876  0.00669608  0.00423849  -0.00198599  0.00611527  -0.000673271  -0.00789436  -0.00752429 
334 -4.71867e-05 -0.350023 0.0126665 0.0264337 -0.00147578  0.00406451  0.00480235  0.000980682  -0.00850691  -0.001047  -7.04898e-05  0.00636754  0.00184702  -0.000540806 
337 3.36986e-05 0.82179 0.00658597 0.0273117 0.000542027  -0.00101838  -0.00485383  0.00139915  0.00203038  -0.00063938  -0.000333507  -0.00343573  0.000244065  0.000143349 
338 -9.44643e-05 0.475001 0.00307424 0.0266877 0.000185301  0.000391673  -0.0012502  0.00124838  0.000215626  -0.000657882  -1.23627e-05  0.00237848  -2.4707e-05  6.73018e-05 
339 -0.000131717 0.275405 0.0108787 0.0284025 0.00108236  -0.000502521  -0.00305415  0.00232435  -0.00697683  -0.00136919  9.76107e-05  -0.00397836  0.0022906  0.00552787 
341 8.79212e-05 0.569608 0.004948 0.0306337 -0.000720001  -0.000573989  -0.00232001  -0.00156258  0.00328752  0.000393351  -0.00102136  -0.000779544  -0.000768158  -0.00161472 
342 8.35849e-05 0.620439 0.00634581 0.0291635 0.00283228  -0.00110163  0.00221433  -0.00307104  0.00258309  -0.000691036  -0.00165687  -0.000896471  0.00121913  0.00212468 
345 0.000190733 0.886198 0.0171645 0.0276934 0.00454313  0.00773949  0.00964467  0.00185422  0.00310079  0.00648615  -0.000434894  -0.00295895  0.00644434  -0.00393253 
