generation s h r distopt trait[0] trait[1] trait[2] trait[3] trait[4] trait[5] trait[6] trait[7] trait[8] trait[9] 
2 0.000517279 0.774281 0.0238216 0.05 0.0108461  -0.00320563  -0.00637043  3.70049e-05  0.00330421  -0.0186451  0.00338015  0.00160323  0.004336  0.00275972 
6 0.0247441 0.679804 0.133563 0.240092 0.0902146  -0.0122649  0.0218315  -0.0102453  0.0370227  0.000733708  0.0757755  0.0233639  0.0079994  0.0352895 
8 0.00516303 0.510629 0.0152381 0.270165 0.00847748  -0.00306312  0.00598938  0.0032673  -0.00406263  -0.00404325  -0.00687103  -0.000152598  0.00417773  -0.00261921 
10 0.00414529 3.98473 0.239287 0.354869 0.0864387  -0.00259635  -0.0955521  -0.00267499  0.0916378  0.0633841  0.00126833  -0.14809  0.0720648  0.0331939 
11 0.0216362 0.775613 0.154134 0.386908 0.0660497  -0.0219848  -0.00421598  0.117487  -0.0361851  -0.0238264  0.0221797  0.00563669  0.0464476  -0.023074 
12 0.0412502 0.524458 0.0690584 0.393179 0.0398691  0.00284909  0.0280028  -0.0297833  -0.014581  -0.0130802  0.008881  0.0284598  -0.00669841  -0.0135206 
17 0.0565221 0.524228 0.082674 0.548379 0.0532113  0.0015067  -0.00549277  -0.0050932  0.00675734  -0.0022444  -0.057768  0.0114316  0.0197026  -0.00620183 
20 0.0542129 0.524431 0.0809212 0.633802 0.0330473  0.00525978  0.00515075  0.00102716  -0.0125875  0.0212716  -0.00943664  -0.0154682  -0.065466  0.0132602 
21 0.0113593 0.608114 0.070324 0.638432 0.00959907  0.0300965  -0.0352167  -0.0175529  -0.0290256  -0.0297017  -0.0154432  -0.0181434  0.00373838  -0.00963686 
22 0.0743116 0.582667 0.161835 0.677513 0.0768054  0.029083  0.0628641  0.039074  0.00585163  0.0473246  -0.0185979  -0.0226535  0.0572545  -0.086926 
23 0.049149 0.54885 0.102535 0.668871 0.0305762  0.0372905  -0.0214455  0.00200635  -0.0102363  -0.0276217  0.0399488  0.0636619  0.00178299  0.0347028 
24 0.0903315 0.523609 0.109051 0.679261 0.0615489  -0.0523843  0.0273927  -0.000309624  -0.00687869  -0.0391359  -0.0282959  0.0156865  -0.00566487  0.0441761 
25 0.0417124 0.519714 0.0636845 0.66011 0.0306216  -0.0213406  -0.0230086  0.00525729  -0.0291423  0.00234913  -0.0111573  -0.0149147  -0.0213  -0.0212172 
27 0.0352527 0.526951 0.0658251 0.724858 0.0175208  0.00225939  -0.00206705  -0.0171995  -0.0136902  -0.00581064  0.024732  0.0173275  -0.0377281  -0.0341212 
28 0.0484988 0.601639 0.142569 0.749527 0.0506755  -0.0545122  -0.0710751  0.0105835  -0.00212184  -0.0383418  0.0258201  -0.0389873  -0.0304334  0.0709582 
31 0.0428789 0.556753 0.101979 0.861557 0.0337425  0.0436544  0.0125735  0.019639  0.0128288  -0.000996688  0.0612199  -0.0156241  0.0253371  -0.0448568 
32 0.0115014 0.505859 0.0182593 0.8848 0.00462855  0.00655276  0.00222297  -0.00916588  -0.00130921  0.00731823  -0.00446599  0.00145207  0.00888649  0.00487778 
33 0.0497517 0.542795 0.0973645 0.926579 0.0360622  -0.0170693  -0.0379483  -0.00439117  0.0141745  -0.0684098  -0.0298596  -0.003146  -0.0165687  -0.0192828 
34 0.084954 0.518271 0.0963053 0.947893 0.0404769  -0.0156755  0.0107705  0.0198452  -0.026267  0.0209928  -0.0659498  0.0193562  0.00277429  -0.0319121 
35 0.0338414 0.609648 0.122975 0.952062 0.0116126  0.00256702  0.0722035  -0.0458791  0.0833713  -0.0177501  -0.0110359  -0.0103092  0.00585417  0.0116179 
36 0.0272531 0.521006 0.0511854 0.983076 0.0131034  -0.0012061  0.0217739  0.00366109  -0.0127613  0.00672822  0.032841  -0.0144775  -0.0201658  -0.00750857 
40 0.147161 0.498316 0.0921598 1.16512 0.0586307  0.0173589  0.0367597  -0.0409739  -0.0252378  0.00657335  0.0278986  -0.0121908  -0.00928434  0.00557618 
43 0.0174467 0.502686 0.0183131 1.15383 0.00785331  -0.000323359  -0.00501839  0.00290249  0.00687558  0.00780067  -0.00139551  -0.00917962  -0.00651354  0.00179365 
46 0.0405768 0.536559 0.0812557 1.14631 0.0208531  -0.0437752  0.0159464  0.025907  0.00012621  -0.0311915  -0.0042016  0.0168063  -0.0305581  0.0334526 
49 0.175699 0.528117 0.176661 1.12883 0.076845  0.000637338  0.113991  -0.0388291  0.00655924  0.0935113  0.0430313  0.00416715  -0.00744828  0.00948121 
51 0.13579 0.639894 0.280408 1.0547 0.09918  0.0544974  0.0922403  -0.118744  -0.106986  -0.0979946  0.0292639  0.0717985  0.0872975  0.0923717 
52 0.0654351 1.01128 0.359913 0.992507 0.10412  0.0478877  0.0619568  0.187555  -0.00702171  0.071953  0.113152  -0.154923  -0.168466  0.0835222 
53 0.0732023 0.513944 0.0801985 0.960045 0.0305519  0.00719899  0.0160018  -0.019238  -0.0424244  0.00398031  -0.0272817  0.0195086  0.0130687  -0.0413406 
58 0.0932934 0.515273 0.0970471 0.922518 0.066874  0.0186025  0.0274373  0.0123047  -0.0231509  -0.000353498  -0.00693763  -0.00696852  0.0248036  -0.0494747 
59 0.0948789 0.565077 0.166183 0.872837 0.0491247  -0.0229119  -0.0554749  -0.0236452  0.00217678  -0.0909893  -0.057131  -0.0582151  -0.0138577  -0.0768973 
62 0.0383991 0.528823 0.0710723 0.819269 0.018847  0.00728085  0.0155065  -0.000448143  0.011108  0.0487981  -0.0244966  0.00772258  -0.0337533  -0.0099374 
65 0.0045796 1.20408 0.113393 0.79594 0.00529039  -0.0141475  0.0181493  0.0350838  0.0222565  0.0852923  0.0340473  0.0303026  -0.0273619  -0.0217549 
66 0.0439997 0.535203 0.0835748 0.793065 0.00651716  -0.0128764  -0.0510697  -0.000885962  -0.0292889  -0.0268572  -0.0149383  0.04062  -0.0245169  0.010687 
67 0.118499 0.580016 0.204728 0.765436 0.0379228  -0.0191728  -0.0970249  0.015819  0.0310961  0.107929  0.00362341  0.106559  0.0112543  0.0795828 
69 0.0230705 0.72511 0.144029 0.688408 0.016694  0.0342655  -0.0123297  -0.0699568  0.00681781  0.0213281  -0.05516  0.0189243  -0.0863885  -0.053669 
70 0.0474463 0.733366 0.210012 0.671637 0.0465512  -0.0899988  -0.00954406  -0.131256  0.075699  -0.00378329  0.0420249  0.0689655  0.00277444  -0.0651498 
72 0.050546 0.523258 0.0761543 0.636193 0.0355507  0.00487377  -0.0333138  0.012195  -0.00461461  0.0167149  0.00790329  -0.051393  0.0153895  -0.00348041 
73 0.0721206 0.569518 0.147425 0.596181 0.0471618  -0.0327392  -0.0336235  0.0620186  -0.000210731  -0.0559919  0.00295371  0.0617956  0.0613198  -0.0523313 
75 0.137444 0.829497 0.417486 0.534596 0.234224  -0.110284  -0.0362744  0.165862  -0.114716  0.0680238  -0.0880499  -0.0811845  0.129794  0.171662 
86 0.00251291 0.508406 0.00935594 0.396245 0.00356205  0.0039215  -0.00156647  -0.00134325  -0.00541613  -0.000683482  0.000538785  -0.00289703  0.00179404  -0.00367503 
93 0.0146922 0.588424 0.0725377 0.393065 0.000882286  0.0279319  0.0102304  -0.00642504  -0.00597151  -0.0118478  0.0114451  0.051157  -0.0227671  -0.0298732 
94 0.0624921 0.702003 0.224731 0.374052 0.177266  -0.0118949  -0.0115922  0.0101382  0.0498758  -0.0716855  -0.0218372  0.033898  0.0967613  -0.00933806 
95 0.0128997 0.910275 0.145124 0.281598 -0.0447983  0.020705  -0.0985904  -0.0220245  0.0570814  -0.0436502  -0.00428941  -0.0446353  0.00174277  -0.0352564 
96 0.0115194 0.558368 0.0523331 0.257838 0.000764411  0.00872474  0.00673081  -0.0314647  -0.000678407  -0.0272243  -0.0261789  0.0134527  -0.00416879  -0.00118595 
97 0.00714868 0.613124 0.0569852 0.234578 -0.00120144  0.0225708  0.0105114  -0.0102089  0.0319803  0.00755168  0.0234421  0.00319853  0.0185478  0.0231985 
98 0.00692563 0.519232 0.0235525 0.218869 0.00510353  0.0118768  0.00357996  -0.00193674  0.0117247  0.00773247  -0.00222215  -0.00039699  -0.0106438  0.00744337 
101 0.00192715 0.504949 0.00632219 0.202489 0.00106364  0.00317257  0.00157025  -0.00300017  0.00080756  -0.000315629  -0.000243901  0.00246191  -0.00301534  0.00115856 
104 0.0060161 1.41094 0.147695 0.197678 -0.0216541  0.116385  0.0105267  0.013478  -0.0461036  -0.0063398  -0.0479555  0.0409035  -0.0254052  -0.0268921 
108 0.00236591 0.664461 0.0394595 0.181875 0.0223104  -0.00529277  -0.0189601  0.00491195  0.0184843  -0.00284564  -0.0148208  0.00312007  -0.0064484  -0.00518892 
109 0.00100139 1.27533 0.0557077 0.175258 -0.00941306  0.0122524  0.0317277  -0.012082  -0.0179556  0.0153581  -0.0313685  0.000596421  -0.00181663  0.0128871 
110 0.000715532 0.72519 0.025387 0.172379 0.0121574  -0.00612374  0.0045513  -0.00279333  0.0111266  0.000992651  -0.0144602  0.00870338  0.00439966  -0.00129951 
111 0.00461396 0.527825 0.0228673 0.170291 0.00613405  0.00545968  -0.00655857  -0.0169438  -0.00612362  0.00404876  0.00350892  -0.00701849  0.000170567  -0.00314334 
113 0.00295868 0.558723 0.0264243 0.156192 -0.00547987  0.00187136  0.00959743  -0.00398443  0.00308268  -0.00236604  0.0177092  -0.00238824  -0.0114838  -0.00950934 
114 0.00528748 0.585766 0.0426926 0.146429 0.0198057  -0.0127482  0.0089674  0.00616701  0.0241962  -0.00123054  0.00469039  -0.021164  0.00304501  -0.00912562 
117 0.00408579 0.710465 0.0586472 0.127153 0.00810402  0.0162762  -0.00248798  -0.0295517  0.0185902  0.0166026  0.0273986  -0.0101387  0.0253019  -0.010701 
118 0.00149298 1.2767 0.0680686 0.109957 0.0418972  -0.0162611  0.00171685  -0.0160506  0.0119065  0.00636321  -0.0432293  -0.0064007  0.00809827  0.0139783 
120 0.00615235 0.732886 0.0756859 0.10295 -0.00800359  -0.0157248  -0.00431028  -0.0272542  -0.017587  -0.0160782  0.0074951  0.00341829  -0.0612761  0.0162858 
123 -0.0010797 0.449624 0.0147736 0.0668215 -0.00700061  -0.0027464  0.00861182  -0.00548  -0.000485284  -0.000329263  -0.00581608  0.00356758  -0.00318819  0.000670777 
124 0.000740781 0.681553 0.0231949 0.0744674 -0.000647013  -0.00812193  0.00956278  0.0129134  0.00356105  0.00638006  0.00597969  -0.0109639  0.00119962  0.00162088 
125 -4.75023e-05 -7.31584 0.0385336 0.0693173 0.0220445  -0.0128591  0.00745285  -0.00664979  0.00190639  -0.000133253  -0.00159053  -0.0185494  -0.00374012  0.0192226 
126 0.000716801 2.96737 0.0840591 0.0696591 0.00789067  0.0210752  -0.0385152  -0.0479804  0.0180359  0.0130089  0.0412262  0.0234643  -0.00213423  -0.00497131 
128 -0.000576842 -0.545851 0.0491253 0.0643105 -0.0212971  1.30996e-05  0.0181328  0.00703178  -0.0176553  0.00313197  -0.0301774  -0.00693796  0.00569476  0.0163929 
132 0.000934535 0.890754 0.0382123 0.0686502 0.000459959  -0.0101077  -0.00403353  0.0159337  -0.0169931  0.010637  0.0151558  0.0133023  0.010741  -0.0127954 
133 0.00132774 0.742298 0.03587 0.0614716 0.0216149  0.00949289  -0.00198929  -0.000163517  0.00111794  0.00903914  0.0101865  -0.019134  0.011884  -0.00559433 
135 -7.32215e-06 0.436925 0.00135919 0.0495166 0.000801573  -5.6043e-05  0.000110054  -0.000435286  0.000246874  -0.000210686  -4.08183e-05  2.16439e-05  -0.000267637  0.00090612 
136 0.00070409 0.958267 0.0359198 0.0495905 0.00733799  -0.00124726  0.0193099  0.0124019  0.00460808  -0.00236584  -0.00546184  -0.0129991  -0.0189666  0.0110807 
141 0.000271994 0.585472 0.00964443 0.0418971 0.000274075  0.00100919  0.00421481  0.00174369  0.00466066  -0.000441212  0.00430861  -0.00294414  0.000384009  -0.00467123 
143 -7.90885e-05 -1.89362 0.0275172 0.0385151 -0.0080004  0.0113506  -0.00539088  -0.00940451  -0.00502579  -0.0103512  -0.00558743  0.0129612  -0.00285038  0.0103491 
146 0.000455288 1.60929 0.0449368 0.0395285 0.000907082  0.00898541  -0.000208229  0.00996193  -0.00733139  -0.000958211  0.00592932  0.0155976  -0.000282841  -0.038798 
149 -0.000125262 0.0445007 0.0151077 0.0332764 -0.000611022  0.00954523  0.00271017  -0.00133889  0.0081333  -0.000537137  0.00594319  0.00432342  0.00126672  0.00235871 
151 -1.33187e-05 -0.159194 0.00592609 0.0351083 -0.00278215  0.000422646  0.00254378  0.00295629  0.000170407  -0.00178964  0.000136197  0.00104473  -0.00216757  0.00171723 
155 -0.000677548 0.421257 0.0146187 0.0352975 0.00472352  -0.00177816  0.0018722  -0.000688192  -0.000477266  -0.000111007  -0.0125943  0.00499039  0.000157229  0.000685328 
157 0.00112293 0.850665 0.0396802 0.0438599 0.00752902  -0.00748084  -0.00388678  0.0138467  0.00909956  -0.0111794  0.024266  -0.015301  0.00413366  0.0143947 
159 -8.68582e-05 0.358663 0.00700789 0.0283089 -0.000243304  0.00456132  0.0021139  -0.00399111  0.00151244  -0.00136008  -0.000932986  0.000134659  -0.000337668  0.00164569 
160 0.000130183 2.95854 0.0357766 0.0298036 -0.0141339  -0.0191512  -0.00214154  -0.00276015  0.00412652  0.0146133  -0.00968356  -0.0131031  -0.0132124  0.00553378 
161 -0.000318141 0.0765403 0.0232159 0.0275332 -0.0104531  -0.0038956  -0.0108333  0.00426992  -0.00394471  -0.00668844  0.00603247  -0.00858794  0.00754235  0.00718457 
170 5.23575e-05 0.551072 0.00327065 0.0328066 -0.000154371  -0.000662339  0.000347397  0.00133416  -0.000487098  -0.00014382  -3.94969e-05  -0.000718547  -0.00152423  -0.00228799 
171 -0.000224759 0.407089 0.00914136 0.0319987 -0.00145203  0.00214105  -0.00141849  0.00143611  -0.00076141  -0.00267492  0.00595087  0.00168058  -0.000862141  0.00510706 
173 -0.000233959 0.115929 0.01896 0.0353369 0.00112303  -0.00613248  -0.00251584  0.00379906  -0.0101307  -0.0045659  0.00360238  -0.00760042  0.00816728  -0.00623883 
174 9.29497e-05 0.530438 0.00336462 0.0385057 0.000538997  -0.000104932  0.0018869  0.000723054  -0.000573422  8.83851e-06  -8.44846e-06  0.000327607  -0.00210238  -0.00144209 
175 0.000203866 4.73295 0.0587367 0.0372792 0.0211705  0.0375738  0.0154957  -0.0296065  0.00210723  -0.00593249  -0.0112584  0.000986954  -0.0164971  -0.00581713 
176 2.85621e-06 0.70977 0.00154809 0.0344368 -0.000165373  0.000641198  0.000241625  -6.55199e-05  -0.00109016  0.000576047  0.000199824  0.000418146  5.70211e-05  -0.000396376 
181 -0.000653309 0.327238 0.0212557 0.0343953 -0.00768493  0.00594965  -0.00117251  -0.00473172  -0.00616131  0.00803881  0.00242697  -0.0113142  -0.00575033  -0.00800182 
183 -8.30345e-05 0.331226 0.00748743 0.0428551 0.00282979  0.00088676  0.00190641  -0.000569038  0.00231303  -0.003783  -0.00105143  0.00384377  -0.00273328  -0.000545249 
185 -0.000731933 -0.0503683 0.040148 0.0438132 -0.00507689  0.00626964  0.00045994  0.00203872  -0.00298012  -0.0128086  -0.00838992  0.0084581  0.0306473  0.0169789 
186 0.000120774 0.775784 0.0115424 0.0514956 0.00169219  -0.00118198  -0.00334675  0.001632  0.00706495  -0.000584316  -0.000578725  -0.0034034  -0.00596642  0.00416315 
187 0.000182475 5.67682 0.0614528 0.0503094 -0.0204893  -0.0185414  -0.0071609  0.0110874  0.0174514  0.0141587  0.0447877  -0.00108909  -0.00513198  -0.0173249 
189 -2.51156e-05 0.177261 0.00569418 0.0484621 0.000745844  0.000802149  -0.00288332  -0.00145071  0.00139802  -0.000246715  -0.00184713  -0.00313165  -0.0021625  0.000946073 
190 0.00018504 0.593961 0.00834004 0.0487205 0.00153324  0.00487264  -0.00133144  0.00303685  -0.00536159  -2.02955e-06  -0.000832923  0.000107836  -0.00104479  -0.00138711 
193 1.23825e-06 9.35022 0.00662079 0.0467832 -0.00010095  0.00138463  -0.000928503  0.00357102  0.00105776  -0.00332378  -0.0030898  -0.00131746  -0.00214731  -0.000483063 
194 -0.000192999 -3.682 0.0568112 0.04677 0.0165278  -0.00690487  0.0341075  0.0048269  -0.0279434  -0.00900216  -0.0205247  0.00773352  0.0108264  0.0161213 
197 -4.01314e-05 -1.0306 0.0156748 0.0487898 -0.00658563  -0.00174936  -0.00494421  0.00609718  0.00183425  -0.000270642  -0.00490823  0.0075027  0.000203924  0.00733396 
199 0.000596117 1.80814 0.0558325 0.0491994 -0.00417513  0.00933348  -0.0276536  -0.0195784  0.0137729  -0.000357737  -0.00151632  0.0279951  -0.00245962  -0.0297118 
200 0.00016731 2.43161 0.03595 0.0427158 -0.00214107  -0.00485596  0.0201434  0.00945776  0.00128421  0.0190468  -0.0162872  -0.00615044  0.00785468  0.00630916 
203 -0.000713956 0.272434 0.0255014 0.0407105 -0.0141746  -0.00981329  0.00125885  0.00791046  0.0138079  -0.00511887  0.000657816  -0.00194992  -0.00801836  0.00188518 
204 4.43009e-05 33.7912 0.0767779 0.0486986 0.0107435  0.00323575  -0.0348384  0.000868639  -0.0449799  0.0118492  0.0200889  -0.0364782  -0.0157567  -0.0202087 
206 0.000667686 0.732286 0.0249067 0.0482416 0.0109396  -0.00427485  -0.00736842  0.00203282  0.00470871  -0.0073155  0.00805814  0.00505246  0.00857911  0.0135727 
207 0.000237239 0.940134 0.0204359 0.0407405 -0.00212843  -0.00889221  -0.0026774  0.00177355  0.00677401  -0.0062157  -0.00582882  0.0135162  -0.00221731  -0.00419603 
211 7.42119e-05 0.53461 0.00320567 0.0377171 -0.000693592  -8.68494e-05  -3.90593e-05  -0.00128622  0.000210524  0.000642869  -0.00159375  -0.00141056  0.00127332  0.00123417 
214 -0.000303735 0.312383 0.0151003 0.0367202 -0.00185857  0.00725488  -0.00698779  -0.00406559  0.00141017  0.00265801  -0.00147288  0.00951531  -0.00109428  0.00190014 
216 -3.72772e-08 0.498676 1.40527e-05 0.0406467 -1.84895e-06  -1.1055e-06  -2.59219e-06  -6.80417e-06  4.01553e-06  -5.7297e-06  -5.43358e-06  -2.00219e-06  -5.6365e-06  -5.05621e-06 
218 -0.000182731 0.478058 0.00400702 0.0406471 0.000897527  -0.000819666  -0.0024245  0.00245972  0.000638844  -0.000729315  0.00118877  0.000208859  -0.000143048  -0.000482813 
220 0.000529554 1.85943 0.0536463 0.0428362 -0.00365534  -0.00753553  0.0474881  -0.00456518  0.0122529  -0.00875621  0.0101095  -0.00972664  -0.00891299  -0.00536221 
222 0.000358521 0.549604 0.00843721 0.036132 0.00257879  0.000513133  -0.00273829  -0.000779843  0.00424231  0.00324989  -0.000154946  0.00185871  0.00479922  -0.00104708 
224 0.000120781 1.62365 0.023298 0.0307745 0.00787757  0.00871359  0.0033877  0.00108817  -0.00302192  0.000187349  -0.00684104  0.0106565  -0.00305136  0.0146053 
228 -9.90074e-05 0.422087 0.00555536 0.0287453 -0.000438011  0.000383394  -0.00184766  0.0027124  0.00119384  0.000805551  -0.000828705  0.00386449  -0.00141295  -0.000246043 
233 6.68809e-06 0.818711 0.00291997 0.0304188 0.00012579  -0.000630772  0.000809518  -0.00065766  -0.00230724  -9.26016e-05  0.000117197  -0.00099673  0.000157119  0.000812961 
234 -2.79327e-07 0.498623 3.92307e-05 0.0303087 2.5671e-06  1.37081e-05  -8.59104e-06  5.57577e-06  1.36046e-05  7.07395e-06  1.82824e-05  1.49993e-05  1.22061e-05  1.72138e-05 
238 2.82691e-05 0.952158 0.00715037 0.0303133 -0.00130883  -0.00125161  -0.00261999  0.0019587  0.00493762  0.00271054  -0.00111748  0.00113159  -0.00126233  -0.00113909 
241 5.05963e-05 0.530438 0.00248222 0.0298434 8.9804e-05  0.000776077  -0.00112158  -0.000771886  -0.00128086  0.000763362  0.00113764  -0.000188768  0.000288162  -0.000247159 
243 2.60749e-05 0.99287 0.00716976 0.0289833 0.00253247  0.00273737  -0.00365447  -0.00100597  0.00271604  0.000213167  -0.00186671  0.0028153  0.00109703  0.00175938 
245 -0.00011865 0.478028 0.00323041 0.02853 -0.000550539  0.000369119  0.000924904  0.00225592  0.000411765  0.000498914  0.000109901  2.48952e-05  -0.00189064  0.000214261 
248 -2.26451e-06 0.290324 0.00137814 0.0305388 8.3481e-06  0.000710764  0.000361235  0.000693893  5.15949e-06  0.000508827  -0.000339259  -0.000253557  -0.000114855  -0.000574902 
252 -0.000274396 -0.154517 0.0268041 0.0305758 0.0123557  0.0116974  0.00164593  -0.0153014  -0.00497837  0.00238515  -0.00491467  -0.0078737  -0.00795099  0.00350497 
257 7.62597e-05 1.61095 0.0184081 0.0347752 0.00612384  0.00135189  0.000277001  -4.40773e-05  0.00440127  0.000917542  -0.00653573  0.00344054  0.00643415  -0.0135384 
258 -0.000324995 0.0765866 0.0234635 0.0336609 0.0158948  -0.00305208  -0.00905049  0.00875879  0.00142489  0.00119918  -0.00373726  -0.00370722  0.00728617  -0.00675875 
260 0.000229379 1.28715 0.0268719 0.0381851 -0.00207408  -0.013289  -0.0057609  0.00676097  -0.000894747  -6.03002e-05  -0.00796164  -0.00235605  0.013109  0.0148565 
261 4.125e-05 0.523599 0.00197349 0.0350536 -0.00064225  -0.000200238  0.000231178  0.000112577  0.000747474  -0.00102417  0.000662471  0.000347765  -0.00101438  0.00042375 
262 0.000337189 0.545818 0.00786409 0.0344602 -0.00516503  -0.00147921  -0.0029108  -0.00274886  0.00114729  -0.000341173  0.00183618  -0.00117454  -0.00103421  -0.00311383 
264 1.25561e-05 0.502242 0.000335699 0.0291611 -0.000156691  0.000165286  0.000139278  -3.38368e-05  -2.20228e-05  4.92061e-05  0.000143155  4.74772e-05  9.66496e-05  7.26901e-05 
268 0.000548163 0.88592 0.0290864 0.028945 -0.0156031  -0.00551341  -0.000687785  -0.0022251  -0.00325498  0.0106651  0.0170518  -0.0117677  -0.00229578  0.00280833 
273 -3.61531e-05 0.445168 0.00281606 0.0170236 -0.000573139  0.000653036  -0.000974736  0.00104512  0.000649578  0.00104642  -0.00163005  -0.000673168  0.000298031  -0.000645684 
274 -0.00050709 -0.0726859 0.0340862 0.0180542 0.00510455  0.0228817  0.014531  -0.00240488  -0.0141156  -0.00481859  0.00303859  0.0014174  0.012372  0.00292066 
282 0.000163422 1.22195 0.0217228 0.0288648 -0.00120218  -0.00243645  -0.00263648  0.0116702  0.00733948  -0.00843626  -0.00724388  0.00392292  -0.0112438  -0.00142411 
283 -3.19347e-05 -0.00589092 0.00803883 0.0258798 0.00514178  -0.00161022  -2.525e-05  -0.00143371  0.00421366  -0.000821848  0.0014566  0.00266843  0.00194154  0.00144699 
285 -0.000112509 0.12565 0.0129801 0.0264896 0.00535819  0.00150113  0.00111766  -0.00921065  0.0057165  -0.000557186  -0.000626908  0.000141137  -0.00368102  0.00211726 
286 -5.29287e-06 0.46986 0.000798828 0.0285345 -0.000165611  0.000257837  -7.39686e-05  0.000615694  -0.000172088  -0.00023505  0.000177543  -1.05463e-05  -3.32296e-06  -0.000207755 
288 2.92489e-06 0.634066 0.0012524 0.0286271 -0.000499163  0.000820964  -5.62843e-05  -0.000558559  -0.000274036  -0.000249038  0.000158255  -0.00033483  0.000184439  -0.000148079 
292 -0.000323229 0.0748617 0.0234472 0.0285759 -0.00596499  -0.00294669  0.00678294  0.00229227  0.00213333  0.00298573  0.00926244  -0.0118017  0.0123043  0.00801929 
293 6.87328e-05 1.9915 0.0202491 0.0337619 -0.00642968  -0.00170763  -0.0013096  -0.00764574  0.00228511  -0.00845421  -0.0125373  -0.00581799  -0.00614562  -0.000316442 
294 -8.6617e-05 -1.62148 0.0271107 0.0327282 -0.000114873  -0.00959724  0.0102791  0.00341119  0.00252927  0.00927035  -0.00908126  0.00013953  0.0072785  -0.0172561 
295 -0.000339499 0.148403 0.0218535 0.0340258 0.00942777  -0.00464514  0.00394731  -0.00132177  0.00780879  0.0118149  0.0049082  0.00806591  -0.00380543  0.00675204 
296 0.000276413 0.897257 0.0209567 0.0386951 0.00374704  -0.00838906  -0.00531797  -0.00876001  -0.0096848  0.00202842  -0.000501779  0.0120175  -0.00264334  0.000422278 
297 0.000142067 0.79006 0.0128385 0.0349419 -0.00796528  0.000595585  0.000905475  -0.000838549  -0.00371322  0.00483334  -0.00268778  -0.00528917  -0.00508993  -0.0011168 
298 -0.000426846 -0.197306 0.0345071 0.0328463 0.00941829  0.00997483  -0.00497368  -0.00498474  -0.00290529  0.00353537  0.0281508  -0.00584895  -0.00965801  -0.00347253 
299 -0.000156777 0.390099 0.00830283 0.0388049 0.00298128  -0.00270105  -0.00446551  -0.00463745  0.00229691  -0.00106509  0.000551079  -0.00100471  0.00186128  0.000344541 
300 -0.000447328 -0.246375 0.0365469 0.0407751 -0.015873  0.00396149  0.00752228  -0.00194882  -0.0116403  -0.00107065  0.00389905  -0.00597218  0.0276981  0.00727651 
301 1.14615e-05 0.532402 0.00121883 0.0459351 -6.44212e-05  -0.000465392  -0.000412778  0.000144107  -0.000277572  -0.00026907  -0.000468269  8.94281e-05  0.000823682  0.000135993 
304 -1.67936e-05 -29.7555 0.0450765 0.0458102 0.0158426  0.0112743  0.00965134  0.0147132  -0.0112526  -0.010866  -0.00787891  0.0247828  -0.0201904  0.00394495 
306 4.4338e-06 15.0432 0.0160598 0.0459931 -0.00173153  0.00101505  0.00161507  -0.00656469  0.0123701  0.0049785  0.00402766  -0.00171514  -0.00285691  -0.00174801 
308 0.000190359 0.868003 0.0167389 0.0459449 -0.00902716  0.00729896  -0.00192899  -0.00484282  0.00233101  -0.00101701  -0.00550555  -0.000501927  0.00894678  -0.00108528 
309 0.000103193 0.739563 0.00994404 0.0438246 -0.00198882  -0.00405095  -0.00134549  -0.000382186  0.00171557  0.00411333  -0.00134982  -0.00500892  -0.000424114  0.00544134 
310 0.000654995 0.837735 0.0297436 0.042631 -0.0205686  -0.00509249  -0.00134292  -0.0032533  -0.000873734  -0.0134149  -0.00961681  2.3363e-05  -0.00650448  -0.0103819 
312 -4.86945e-06 0.343158 0.00174784 0.0340973 1.88937e-05  0.000223194  0.000802175  0.000744051  0.000579527  0.00012921  0.00087384  -0.000283522  0.000474595  -0.000621224 
313 -0.000101751 -1.0306 0.0249589 0.0341686 0.0073333  -0.00553211  0.0072567  0.0121915  -0.00809523  -0.00162684  0.00695821  -0.0110277  -0.00923265  -0.00371852 
314 0.000109893 1.47602 0.020712 0.0356266 -0.00686612  0.00582903  -0.0101572  -0.00707856  0.00966569  -0.00362446  -0.00645633  -0.00305426  -0.00579605  -0.00185014 
318 -0.000142817 0.0492303 0.0160477 0.0340494 0.00120332  0.0036836  -0.00572238  -0.00176043  -0.00356552  -0.000220997  -0.00541929  -0.00293575  0.00162684  -0.0123803 
319 8.44782e-05 0.908274 0.0117455 0.0360859 -0.00640859  -0.00563831  -0.00386598  0.00331409  -0.00190003  -0.0040441  -3.86111e-05  0.00307286  -0.00305524  -0.000650646 
321 0.000227019 1.62656 0.0319809 0.0348958 -0.00380023  -0.0151063  -0.0154174  0.00297802  -0.00837971  0.00440316  -0.00519078  -0.00425481  0.0182889  0.00802713 
322 -6.51487e-05 0.00851428 0.0113174 0.0314758 -0.000249437  0.00156673  -0.00180452  0.00547474  0.00376512  -0.00306504  0.00198602  -0.00159798  -0.000146527  -0.00788968 
323 0.000168535 0.70396 0.0117259 0.0324942 0.00438351  0.000659488  0.00481066  0.00761446  0.00315243  -0.00228326  0.00144835  0.00193378  -0.00185357  -0.00350726 
325 8.05396e-05 0.81218 0.0100284 0.0297885 0.00307149  0.00376515  -0.00664682  0.00357406  0.00108268  -0.00156427  -0.000778847  0.00358627  0.000766412  0.00152652 
328 -0.000396896 0.335026 0.0161874 0.0284045 -0.00225303  0.00113804  0.00336326  0.000642708  0.0126219  -0.00210747  -0.00356753  -0.00126794  0.0074536  -0.00320783 
329 -0.000248718 0.400085 0.00997221 0.0346957 -0.00186964  0.00261607  -0.00344667  -0.00143165  -0.000318269  -0.000815653  0.0018344  -0.00693759  -0.0047511  -0.000584507 
330 1.00455e-05 0.503786 0.000390097 0.0381122 -0.000125178  0.000139192  3.98045e-05  -6.00212e-06  -0.000139141  -7.75068e-05  0.000136385  0.000220488  -0.000127764  8.12633e-05 
332 8.19105e-05 0.513061 0.00206941 0.0379802 0.000149265  0.000828875  0.000338479  -0.000921838  -0.000181452  -0.000374189  0.000344919  0.000726399  0.000386208  0.00128065 
333 -1.18468e-05 0.451239 0.00152011 0.0368862 7.7872e-05  -0.000978307  -0.000205539  -0.000450286  0.000771045  0.000210699  0.000341622  -0.000445597  0.000313768  -0.000223506 
334 -0.000345271 0.390796 0.0122843 0.0370464 -0.000834  0.004661  0.000159416  0.00828061  -0.00559426  -0.000228548  -0.000422065  -0.00365226  0.00346671  0.00173355 
335 3.30938e-05 0.503458 0.000676963 0.041446 -3.36334e-05  -0.000303027  5.09378e-05  2.56453e-05  0.00014186  0.000403831  0.000213949  0.000301016  0.000164961  0.000123569 
336 0.000375028 0.588094 0.0114976 0.0410448 0.00497031  0.000686457  0.00377326  0.00292923  -0.00381515  0.00776356  -0.00038994  0.00256274  0.000554069  0.00153182 
337 -0.000170319 -0.531246 0.0265061 0.03619 -0.0131238  0.0031148  0.00567172  -0.007419  -0.00143171  0.00225481  0.0080383  0.0158011  0.0105491  0.000849477 
338 -5.85318e-05 -0.13267 0.0121708 0.0384714 0.00107693  0.000730426  0.00296837  -0.00307995  0.00403181  -0.00744822  0.00283163  -0.00657867  -0.000415649  0.0022219 
339 -0.000355975 0.404852 0.0116433 0.0392248 -0.00249341  -0.000988751  0.0018999  -0.00245579  0.00368634  -0.00728781  0.00443332  0.00526906  0.00195301  0.00089364 
341 0.000287283 0.844344 0.0198912 0.0435272 0.000471462  -0.0132782  -0.00269572  -0.0031395  0.00668948  -0.000705944  -0.0110983  -0.00306098  -0.00445374  0.00209307 
343 0.000133097 3.42262 0.0394408 0.0400921 0.00304059  -0.0138081  -0.018804  -0.0119664  -0.00993992  0.0033757  0.00590685  0.0122416  -0.0237455  -0.000295534 
346 2.09e-05 19.7629 0.0401253 0.0383965 0.0230822  0.00990593  -0.00478595  -0.00095299  0.0110673  0.00968039  0.0220063  -6.71032e-05  -0.00100544  0.0159318 
347 0.000358165 0.537439 0.00732746 0.0381234 -0.00102885  0.000672128  0.00144964  0.000599881  -0.00299994  -0.000522861  -0.0039105  -0.00452161  0.000323268  -0.00214605 
348 -0.00010705 -1.16757 0.0267215 0.0330952 0.0123143  -0.00879982  0.000205936  -0.0079479  -0.0146961  0.0088229  -0.0107323  -0.00256681  0.00113755  0.00220461 
350 1.27528e-06 24.092 0.0109701 0.0346749 -0.00155154  -0.0042954  0.0034634  -0.00204979  0.00192164  0.00198987  0.000994891  0.00333123  0.00763479  -0.00229343 
