generation s h r distopt trait[0] trait[1] trait[2] trait[3] trait[4] trait[5] trait[6] trait[7] trait[8] trait[9] 
2 0.000464495 0.598407 0.013524 0.05 0.00496295  -0.00803102  -0.00131295  -0.00331512  0.000306237  0.00129707  0.00031679  -0.00280295  0.00450689  0.00714225 
3 0.00323472 0.688306 0.0493661 0.0942779 -0.0163756  -0.0280505  0.00470253  -0.012797  0.0220211  0.00808583  0.009123  -0.0149139  0.0181385  -0.00334372 
5 0.00215498 0.549059 0.0206089 0.167624 0.00236247  -0.0072225  -0.00634865  0.00191974  -0.00168036  0.0082815  -0.00653165  0.00023859  -0.00530479  -0.0134434 
8 0.01238 0.561394 0.0556426 0.308535 0.000383709  -0.024123  0.0256488  0.0223401  -0.000902819  0.0127186  0.0252019  0.0205316  -0.0109279  -0.00429087 
9 0.00479696 0.60169 0.0442438 0.337124 0.00103903  -0.0123546  0.0063411  -0.000715739  0.00246225  -0.0107219  0.0275958  0.00402618  -0.0293907  -0.000710447 
10 0.0122606 0.815771 0.124244 0.378765 -0.0738452  -0.0128629  -0.0399567  -0.0373769  -0.0546089  -0.00591068  0.0190223  -0.0487143  -0.0318639  -0.00755505 
11 0.0220413 0.514489 0.0387427 0.409536 0.00373545  -0.0272161  -0.0158893  0.0127782  0.00407569  -0.000343585  0.00452077  0.0123072  0.0117619  0.00189704 
16 0.0232515 0.539931 0.0627184 0.624876 0.000978482  -0.0183242  0.0214366  -0.00173597  0.0374089  0.0215222  -0.000703138  -0.0100538  0.0197458  0.0279325 
17 0.0321375 0.5124 0.0454833 0.655477 0.00555648  -0.0280191  -0.0147099  -0.0138345  0.00698332  -0.00691443  0.00660537  0.00808974  -0.00150818  -0.0252406 
20 0.0519947 0.515657 0.0667616 0.778991 -0.0135689  -0.0363314  -0.0312463  -0.0130112  -0.0128159  -0.0111073  0.0209604  0.0205038  -0.0237593  0.00977419 
21 0.0417855 0.58825 0.123532 0.79491 0.0327197  -0.0341297  0.00556147  0.0737881  3.95776e-05  -0.032375  -0.0437448  0.0218752  -0.0177945  -0.0615819 
23 0.032036 0.597873 0.113236 0.867486 0.0437682  -0.0372065  -0.0295602  0.0268092  0.0584605  -0.0159461  -0.00875183  0.0426131  0.0127308  0.0469395 
24 0.0602532 0.571094 0.135316 0.898237 -0.0362152  -0.031417  0.0206202  0.0392374  0.032351  -0.00173343  0.0552092  -0.0833875  0.0543394  -0.00656473 
27 0.0271435 0.509193 0.0366502 1.01188 -0.0154955  -0.0137909  -0.000237015  0.00615118  0.0174877  -0.00417612  0.00949548  -0.00999211  -0.0185322  0.00428232 
28 0.00336574 0.50638 0.00956022 1.0475 -0.00204812  -0.000801013  0.00204223  -0.000763784  -0.00466438  0.00398428  0.00418023  0.00112322  0.00249836  -0.00438161 
29 0.0487935 0.520251 0.0706482 1.09493 -0.0466157  -0.0176476  -0.00329797  -0.00455176  0.0139302  -0.0195871  0.0162582  -0.0313944  -0.0103608  -0.0232407 
33 0.0136678 0.50325 0.0163898 1.26869 -0.012576  -0.00325694  0.00320983  0.00653185  0.00404499  0.00104906  0.000302361  -0.00221857  0.00456578  0.00188956 
34 0.0355315 0.50076 0.0267516 1.31242 -0.0169587  -0.0110202  -0.00674549  -0.00494545  0.00180137  -0.00501931  0.00273817  -0.00194698  -0.0140272  -0.00039901 
35 0.129824 0.532775 0.152956 1.34814 0.00289335  -0.0580082  0.018369  0.0593006  -0.0587702  -0.0634072  0.0247811  0.0531394  0.0503685  -0.0521421 
37 0.0468438 0.501473 0.0362961 1.39973 -0.0240447  -0.014008  -0.00126111  -0.00814429  0.0072233  -0.00697664  0.016546  0.00678965  -0.00636333  -0.00372892 
38 0.0200231 0.522935 0.0448871 1.4321 -0.0139757  -0.00828331  0.00039985  0.0101508  -0.0190532  0.00640108  0.0296362  -0.00885358  0.0169155  0.000946982 
40 0.0367356 0.497894 0.018622 1.5227 -0.00110621  -0.0108673  0.00360286  -0.0106775  0.00210134  0.00371654  -0.00327912  -0.00243339  0.00590553  -0.00553982 
42 0.0701422 0.5376 0.111698 1.55973 -0.0159122  -0.017401  -0.0152271  0.0143967  -0.0966879  0.00973125  -0.0310086  0.00943672  0.0298672  -0.00976426 
43 0.0758142 0.495577 0.0371084 1.53784 -0.0070849  -0.0247284  -0.00529371  0.00783581  -0.0149011  0.00600993  -0.00988951  0.00391503  -0.00155543  -0.0158812 
44 0.0764387 0.502272 0.0581485 1.5139 -0.0204569  -0.0242128  -0.0335251  -0.00644105  -0.00157447  0.0105617  0.00375974  -0.0283271  0.0134102  -0.0100332 
45 0.0606736 0.582999 0.14573 1.48937 0.0217518  -0.0490706  0.0129445  0.112  -0.0250574  -0.0212644  0.0255891  -0.0353524  0.0350869  0.0378014 
47 0.0609763 0.518826 0.0787708 1.46946 0.00687569  -0.0177853  -0.0183797  -0.0116577  0.0351038  -0.0196251  -0.0516579  -0.0277254  0.0125113  0.0125037 
48 0.12421 0.515635 0.118984 1.44918 -0.0524224  -0.0365291  -0.00973037  -0.00705173  0.0706931  -0.00148131  0.062481  -0.00418894  -0.0157425  0.0275921 
50 0.00577844 0.513833 0.0183138 1.40821 -0.00107039  0.00195984  0.00306075  -0.00636399  0.00642636  0.00966335  -0.00242051  0.0096928  -0.00259675  0.00626969 
51 0.0354595 0.504439 0.0350094 1.40616 0.00555004  -0.0108106  -0.0021561  0.00642154  -0.00365139  0.00505937  -0.0150176  0.0199244  -0.00103618  0.0192247 
56 0.136779 0.494119 0.0721035 1.39371 -0.0185399  -0.0383449  0.0248534  -0.0196039  0.0128039  0.0284604  -0.022001  -0.0227476  0.0111283  -0.0168398 
58 0.108114 0.504004 0.0831228 1.34694 -0.0334702  -0.0443049  -0.00034871  0.0462382  0.0224838  -0.00953036  0.0113892  0.00495071  -0.0239556  0.0190707 
61 0.0654007 0.513393 0.073469 1.30827 -0.0438556  -0.0141002  0.00915778  0.0090553  0.0134681  -0.00502472  -0.0308938  0.00489928  -0.0431306  0.00802462 
63 0.00536655 0.52786 0.0247127 1.28383 -0.0035871  0.00346469  -0.000628285  -0.01426  -0.000135769  -0.00257372  -0.00961338  0.00395606  -0.00893775  0.0136935 
64 0.0452993 0.510476 0.0532636 1.28175 -0.0231806  -0.0177636  -0.025251  -0.00766099  0.0237433  -0.019274  -0.0117735  -0.00607017  -0.000227691  0.0133071 
65 0.00616354 0.511043 0.0170381 1.26435 -0.0105683  -0.000327774  -0.00130468  -0.00353635  -0.000259  0.00561113  0.000593232  -0.00712039  -0.00894139  0.00131906 
67 0.0458171 0.498177 0.0260129 1.26192 0.00151101  -0.0181701  0.00823687  -0.00473159  -0.00492522  -0.00746119  -0.00356348  -0.00935533  -0.000519246  -0.00857803 
68 0.126264 0.513009 0.115068 1.24404 -0.0554886  -0.0392954  0.0388821  -0.0555619  0.0328892  -0.0222558  0.00398214  -0.0147929  -0.0397548  0.0250276 
69 0.0695483 0.500019 0.0475939 1.19529 -0.019515  -0.0287803  -0.013132  -0.00299054  0.000549285  0.0225479  0.0109043  -0.0133825  -0.00808916  -0.00158331 
70 0.0263031 0.646095 0.124418 1.16683 0.0266092  0.00372221  -0.04285  -0.0638456  0.0189857  0.0390403  -0.0421823  0.0649267  -0.0294918  0.00981406 
71 0.0909146 0.497184 0.052962 1.15565 0.0112109  -0.0367686  0.0104677  -0.0114105  -0.00442432  -0.00458651  -0.0292926  -0.00222108  -0.0109677  0.00798111 
72 0.137958 0.49501 0.0759494 1.11737 -0.0182323  -0.0577367  0.0128223  -0.0125303  0.00576121  -0.0216475  0.000286859  0.0200608  0.0151262  -0.0254524 
74 0.0894478 0.507009 0.0779 1.05796 0.0125104  -0.0410231  -0.016696  -0.00611499  -0.0149657  -0.0178958  -0.0374945  0.0307177  0.0295114  -0.0121777 
76 0.0452581 0.527248 0.0761598 1.01666 -0.0355323  -0.0135636  0.0437658  0.000908178  0.0139138  0.0390605  0.00145922  0.00046241  0.0239164  -0.0119951 
79 0.0524607 0.533911 0.0907479 0.994656 -0.00266612  -0.0348328  0.0170693  -0.0297311  0.044869  -0.0162353  -0.0339788  -0.0196872  0.0302825  -0.0332185 
80 0.0159536 0.505751 0.0221202 0.968612 -0.00412884  -0.00797035  -0.00237805  -0.00215238  -0.00466657  0.00310104  0.0117406  0.00249204  0.00991141  -0.0111696 
81 0.0216664 0.51807 0.0421742 0.960407 0.00921009  -0.00962301  0.019079  -0.000935362  -0.00386899  -0.000627841  0.00750548  0.0296341  -0.0166332  -0.00313269 
82 0.030726 0.506981 0.0360954 0.949182 -0.0090835  -0.0151544  -0.0212546  -0.0124843  -0.00612408  0.00614969  0.00117686  -0.00288732  -0.00648563  -0.0159996 
84 0.131764 0.504845 0.100253 0.933104 0.0184081  -0.0688151  0.0133956  0.0131355  -0.0403515  0.00797177  0.0136325  0.0377164  0.0342322  -0.0123422 
85 0.01239 0.503683 0.0160384 0.864237 -0.00881498  -0.00713519  -0.000510873  0.00631185  0.0021714  0.00286045  -0.00455093  0.00404249  -0.00578971  -0.00224587 
92 0.127246 0.497439 0.0770936 0.857083 -0.000307961  -0.070762  0.00822024  -0.0263075  -0.00363088  0.0068266  -0.00686306  -0.0031789  -0.00728829  0.00251188 
94 0.0229321 0.51081 0.0351751 0.7841 0.0165411  -0.0155901  -0.0162423  0.0045421  -0.000119492  0.00996099  -0.00645695  0.0108642  -0.00174559  0.0131976 
97 0.0964721 0.508505 0.0858433 0.769506 0.00380938  -0.0523714  0.0260769  -0.0250635  -0.0414657  0.0240008  -0.0199012  0.00328553  0.0132239  0.0206507 
101 0.0365656 0.525441 0.0655546 0.707137 -0.0141311  -0.0220681  0.0122697  0.0114111  -0.0321451  -0.0232325  -0.00606758  0.0109936  -0.0398833  0.00292309 
102 0.0148898 0.507338 0.0233021 0.68127 0.00369263  -0.00879637  0.0012291  -0.00685148  -0.00206829  0.0185464  -0.00575145  -0.00266199  0.000627385  0.00383616 
104 0.0824953 0.529024 0.111033 0.670335 0.0423439  -0.068024  0.0131591  0.00274908  -0.0106256  0.0360846  -0.00786969  -0.0608258  -0.0190385  -0.0137202 
106 0.0068573 0.50975 0.0170256 0.608343 0.00252514  -0.008334  0.00459896  0.00956757  0.00624784  0.00641985  -0.00173395  0.000588731  0.000191807  -0.00420856 
110 0.0833873 0.528702 0.111294 0.6027 -0.032648  -0.0755867  0.0110931  -0.029872  -0.00154151  -0.00878553  -0.0596081  -0.000682801  -0.0241603  -0.0193624 
112 0.0294428 0.51906 0.0513083 0.532122 -0.0243174  -0.0264951  -0.00834156  -0.0311736  0.010274  -0.00297552  -0.00929718  -0.00595634  -0.000491211  0.00782821 
115 0.0282327 0.749201 0.167459 0.50412 -0.0606116  -0.0572403  0.0596711  0.100013  -0.0600076  -0.0296368  -0.0533767  -0.00553442  -0.00280881  -0.0127315 
118 0.0212997 0.511684 0.0347406 0.475705 0.000302302  -0.0183309  -0.00838688  -0.00780232  -0.00204288  -0.0029004  0.00631645  -0.00345656  -0.0176687  0.0190517 
119 0.0496304 0.553569 0.107409 0.453011 -0.025198  -0.0510624  -0.0269811  0.0503532  0.00149741  0.009207  0.0541166  0.0358625  0.0165258  0.021356 
120 0.0300854 0.556988 0.0847939 0.395956 0.000953917  -0.0371725  0.0454481  -0.0341541  0.0109969  -0.0201296  0.0240955  -0.0197624  -0.0112189  0.0308565 
123 0.0129578 0.51297 0.0273997 0.356566 0.0121191  -0.0121847  -0.0128847  -0.0061052  -0.00393663  0.0125957  0.00662146  -0.00150213  -0.00196743  -0.00529085 
125 0.00891098 0.575943 0.0522814 0.338031 -0.0104025  -0.0156867  0.0210394  0.00452267  -0.000157318  0.0173096  0.0284222  0.00756013  -0.00941009  0.0257444 
128 0.00987786 0.524564 0.0318431 0.324643 -0.00678196  -0.0192156  0.00254123  -0.00555304  0.000567305  -0.0157059  0.00221844  -0.016036  0.0072336  -0.000244249 
129 0.00312067 0.536811 0.0215316 0.309134 0.00459216  -0.00214352  -0.00728566  0.000101513  -0.00301816  0.0070576  -0.0011246  -0.014786  0.00715996  0.00740013 
133 0.0118353 0.558403 0.0530743 0.304053 -0.0159136  -0.0168794  -0.0112777  0.00743588  -0.00587935  0.0388091  0.0115936  -0.00357869  0.0191186  -0.00654126 
136 -1.10431e-05 0.499653 0.000123964 0.284046 2.71387e-05  -2.1524e-07  -1.1568e-05  7.53371e-05  4.237e-05  -4.91283e-05  -8.11528e-06  4.40434e-05  -2.6561e-05  -4.36016e-05 
138 0.0078874 0.561399 0.0442707 0.284065 0.00755385  -0.0203141  -0.000664111  0.00983882  0.0140283  -0.0063665  0.0291703  0.0118108  -0.0126021  0.00252727 
140 0.00631044 0.761368 0.0811851 0.269883 -0.0496603  -0.0225207  0.00151395  -0.0250762  0.0266826  0.00831934  0.0281512  0.0130603  0.00895082  -0.0340917 
142 0.00187369 0.587425 0.0256186 0.257965 -0.00571526  -0.00249467  -0.0063056  -0.010887  0.010648  0.00429452  0.00993466  -0.00124902  0.0129339  0.0077312 
143 0.00277839 0.730924 0.0506543 0.254311 -0.00111046  -0.0041805  -0.0130964  0.0165483  0.00107916  -0.0233222  -0.0277897  0.0246235  0.005701  0.012067 
146 0.01502 0.530642 0.0440224 0.248796 0.0183177  -0.0240191  -0.0166949  -0.00163336  -0.021125  -0.00793728  -0.0040115  -0.00449611  0.0132817  -0.00470688 
151 0.00138037 2.59065 0.10733 0.216775 -0.000262547  -0.0503624  0.0650819  0.0105888  -0.0135653  0.0114323  0.0141496  -0.036426  0.0158431  0.0504265 
153 0.00403185 0.521268 0.0187187 0.213569 0.0113054  0.00177982  -0.00351171  -0.0101265  -0.000829328  -6.55357e-05  0.00125504  0.00104429  -0.00996792  -0.00134721 
154 0.0016074 0.568598 0.0210231 0.203932 -0.00509143  -0.00619481  0.0019022  -0.00539359  -0.0125887  -0.000882068  -0.000425606  -0.00564973  0.00707029  -0.0101794 
155 0.00142006 0.845777 0.0443083 0.199955 -0.00511067  -0.0243886  -0.00361077  0.0159029  0.0186391  0.0164914  -0.00160961  -0.0147084  -0.0152479  -0.00235709 
156 0.00326156 0.713591 0.052786 0.196375 0.0125731  0.00365995  -0.0314351  0.00872947  -0.006229  0.029628  0.0195666  0.00997886  0.0113182  -0.00483276 
161 0.00368235 0.690386 0.0529612 0.187901 -0.0315987  -0.000713768  -0.0048168  -0.0223474  -0.0257419  -0.00317738  -0.0214847  0.00443496  -0.00102382  0.0113244 
162 0.00413203 0.567738 0.0335503 0.177852 9.61131e-05  -0.0102535  -0.0043505  -0.0147304  -0.00568262  -0.012884  0.0107576  -0.00779871  -0.0198096  -0.00416121 
163 0.000810893 4.71848 0.116852 0.165854 0.0568207  -0.0217814  0.0251697  -0.0370347  0.0611535  -0.0256541  -0.000872126  -0.0058971  -0.0267504  0.0528895 
164 0.00743815 0.672409 0.0716576 0.163392 -0.0360782  0.0010452  -0.02098  -0.0215318  -0.0179854  -0.0247852  -0.00451916  0.0308902  0.0225637  -0.0225118 
167 0.00666509 0.750715 0.081722 0.138876 0.00226255  -0.0069414  -0.0278867  -0.0178671  -0.020102  0.0669091  0.00358934  0.0248141  0.00431668  0.00031624 
169 0.00830802 0.783217 0.0969341 0.112443 0.0572693  -0.0638992  -0.0144268  -0.0105117  -0.0259081  0.0100549  -0.0270146  -0.00822021  -0.0110114  -0.00487517 
170 0.000748716 1.13595 0.0436315 0.0661044 -0.0245899  0.028715  -0.00153452  0.00718166  0.00322703  -0.00565168  0.00253011  -0.00499682  0.00618197  -0.0175675 
171 0.000285412 0.686432 0.0145892 0.0601777 -0.00460657  0.00110514  -0.00801816  -0.00208798  -0.00190773  -0.00913156  -0.00337588  -0.00147523  0.00193273  0.00417357 
172 0.00128152 0.783705 0.0381303 0.0577579 0.0131454  -0.00670446  -0.0118384  -0.00146071  -0.000236022  -0.00248201  -0.0131729  0.0297688  0.00431608  -0.00305473 
174 0.000358104 1.27468 0.0333073 0.0453353 -0.00150162  -0.00328742  -0.00509841  0.0208242  0.0195823  -0.00276464  -0.0121574  -0.0090284  -0.00391205  -0.000970383 
175 -0.000340013 0.304933 0.016291 0.0411976 0.00383941  -0.00706673  -0.00362063  0.00886493  0.000696538  0.00730075  -0.00560328  -0.00336752  0.00307563  -0.00174282 
182 -9.32043e-05 0.461123 0.00380776 0.0451366 -0.00290639  -0.00069214  0.00124749  0.000961987  -0.00034273  0.000482675  0.00143051  -0.000357253  0.000270965  0.000702409 
184 0.000785008 0.876017 0.0343566 0.0461576 -0.00115221  -0.0026272  -0.000407409  -0.0136457  0.000466632  -0.00691879  0.00231339  0.0155742  -0.00312605  -0.026077 
185 0.000579699 0.582103 0.0138018 0.0366855 0.00793289  0.000157667  -0.000532328  -0.00187535  0.00303686  -0.00887189  0.0019279  -0.00354979  0.00357982  0.00258214 
186 -0.000283907 0.376555 0.0118425 0.027682 -0.00273159  -0.003131  -0.00156054  0.00570894  -0.0020066  -0.000739626  -0.00168153  0.00117517  -0.00107709  -0.0088324 
188 -0.000191645 -0.0239138 0.0200414 0.0324074 -0.0101257  0.00450404  0.00355603  -0.00662558  -0.0111096  -0.00124599  -0.00709289  -0.00538645  -0.00172085  0.00387798 
190 -5.72984e-05 0.353803 0.00578877 0.0352407 -0.0031737  -0.00290408  -0.00175754  -0.00197289  -0.00181118  -6.58419e-05  0.00057621  -0.00127354  -8.64872e-05  0.00166625 
191 -0.000224527 0.0803104 0.0194159 0.0360445 0.00316166  -0.00179594  -0.00887133  0.000885643  -0.00926622  0.00770668  0.00631034  9.1875e-05  0.00182706  -0.00979019 
193 0.000174634 0.585121 0.00771167 0.0390353 0.00425817  0.00241098  -0.00287819  -0.00222724  0.000974296  -0.00133692  0.00135855  -0.00330856  3.98382e-05  -0.0025981 
195 -0.000150952 0.484775 0.00303394 0.0367306 -0.000499822  -0.000404136  -0.00160759  -0.00114932  -0.000787417  0.000601499  -0.00136274  0.000253047  0.00136246  -0.000356634 
199 0.000238071 0.673944 0.0128705 0.0387311 -0.00331354  -0.00134928  0.00318841  -0.000547562  0.000402372  -0.00525574  0.000220925  0.00319979  0.00338467  0.0096361 
200 0.000178045 0.663589 0.0107939 0.0355255 0.00272766  -0.00496335  0.00381446  0.00532828  0.000140691  0.000342523  0.00206861  -0.0030305  0.0036556  -0.00381172 
202 0.000107093 0.563672 0.00522298 0.0329246 0.00175089  -0.00223616  0.00124898  -0.00338938  -0.000390553  -0.000934238  0.000264105  -0.000648077  0.00163793  0.00140278 
204 0.000270849 0.591572 0.00996146 0.0312561 0.00491327  -0.00515663  -0.00193514  0.000471587  0.00187322  -0.00290329  0.00411383  -0.00265543  -0.00216787  0.00197984 
206 9.68136e-05 0.677999 0.00830251 0.0265731 0.00420821  0.00055487  -0.00456485  -0.00357998  0.00343349  -0.00072951  0.00162833  -0.00122903  0.000125788  0.000872833 
207 -2.94237e-05 0.41347 0.00319135 0.0246844 0.000352453  0.00156435  -0.000765229  -0.00119247  -0.00117332  -0.00141319  -0.000805689  0.00109706  -0.000568293  -0.000237275 
208 -0.000520261 0.251215 0.022759 0.0252734 -0.00598255  -0.00724732  -0.00832173  -0.00284184  0.00916235  -0.00507071  0.0122676  0.00309172  -0.00588009  0.00693096 
210 0.000283922 0.879822 0.0207681 0.0340462 0.00178375  0.00224506  0.0133041  -0.00443201  -0.00670937  -0.00185703  -0.00509211  0.000713268  -0.0108062  -0.00589699 
211 -0.000161463 0.449709 0.00570055 0.0295848 -0.00297935  -0.00148451  -0.000577589  0.000556474  0.000219007  0.000214927  -0.00360877  -0.00170697  -0.00204488  -0.00074841 
214 0.000419635 1.01091 0.0292813 0.0321984 0.0208527  0.0108993  0.00953005  -0.00422592  -0.00865795  -0.000741405  0.00462431  -0.00588747  0.00796693  -0.00023845 
218 -0.000202151 0.18546 0.0159492 0.0248433 -0.00280979  -0.00684902  -0.00644765  0.00089906  0.00657896  -0.0100271  0.00173492  -0.00240133  0.00181092  -0.00114491 
219 0.000284064 0.564774 0.00858074 0.0286245 -0.00200526  0.00207614  -0.000150532  0.00428518  0.00442012  0.00186754  0.000793311  -0.00339631  -0.000180044  0.00341914 
222 -0.000199268 0.330044 0.0116404 0.0231374 -0.00572019  -0.00366082  0.000714229  -0.00475147  -0.00432921  7.6029e-05  0.000753711  0.00525907  0.00276084  0.00341967 
223 -0.000440961 0.350115 0.0162641 0.027104 -0.000685312  -0.00212779  0.00280378  0.00589098  -0.00537945  -0.00620683  0.00486617  0.00726153  0.00824775  0.00224958 
224 0.00043437 0.686364 0.0179948 0.0342882 0.0021053  0.00434045  0.00855811  -0.000269337  0.00300547  0.00622085  0.00273738  -0.00403563  -0.00964175  -0.00792176 
225 -0.000447683 0.421823 0.0118374 0.0272288 0.000411044  0.000799307  0.000806107  0.00141391  -0.00435226  -0.00414277  0.00720575  0.00329724  0.00503704  0.00352068 
227 0.000374981 0.613947 0.0130746 0.0344846 0.00687043  0.00500184  -0.0047426  -0.00371395  0.00597593  0.00229244  -0.00306677  -0.00153115  0.00107038  0.00292865 
234 -6.0087e-05 -1.12579 0.0197674 0.0285356 -0.00259585  0.00439179  -0.00294494  -0.00555596  0.016811  -0.000391425  8.17309e-05  -0.00609281  0.000354355  -0.00227314 
236 -0.000108804 0.317757 0.00890644 0.0295697 5.83102e-05  -0.00429177  -0.00358574  -0.000809648  -0.00124692  0.00265104  0.00138674  0.00452754  0.00380939  -0.00136857 
238 -0.000142134 0.28093 0.0111609 0.0313557 0.00867514  0.00175072  0.00315693  0.00332914  0.00155622  0.000294578  0.0022118  0.00337451  0.00221901  0.0012173 
239 -6.9323e-05 0.319891 0.00706729 0.0335458 -0.000284488  0.00329806  0.00147259  -0.00052114  -0.00244663  -0.00147504  0.00346003  -0.00377528  -0.00146637  0.000108743 
241 -0.000242513 0.251077 0.0155409 0.0345637 -0.00165319  -0.00656057  0.00869801  -0.00580884  -0.00511285  -0.00600701  -0.00443064  0.000595676  -0.00159331  -0.00126416 
243 0.000318688 0.636641 0.0131986 0.0379103 -0.00165601  0.00523238  -0.00154005  0.00450209  -0.00254424  -0.00220963  -0.00673189  0.000609764  -0.00650489  -0.00469912 
244 3.0429e-05 6.09973 0.0261057 0.0334448 -0.00044748  0.00544157  0.00336129  0.00760063  -0.00727872  0.00549199  -0.00247722  -0.00516843  -0.0202152  0.00761467 
246 -0.000797089 0.241293 0.02873 0.0329868 -0.00202438  -0.00970946  -0.00366826  -0.00354872  -0.0175375  0.00968831  0.0131148  0.00500014  0.00378859  -0.00939216 
248 -0.000225406 0.248826 0.0150502 0.0434227 0.00943196  0.00533177  0.00074245  -0.00738821  0.00101667  0.00237079  -0.00492684  -0.00184821  -0.00139795  -0.00420532 
249 0.00059938 0.594112 0.0150247 0.0459452 -0.00913012  -0.00300875  0.0074452  0.00219286  0.00246031  0.00376819  -0.00402253  -0.00170824  0.00240104  0.00528907 
250 0.00034821 0.858822 0.0223545 0.0388814 0.000196829  -0.00718021  -0.00980757  0.00850002  0.00488277  0.000903117  0.00449203  -0.0142248  0.00527387  0.00216729 
251 0.000545487 0.695558 0.0206569 0.0341118 0.00507226  -0.00248703  -0.000110396  0.000519672  0.0139281  0.00058558  -0.0104497  0.0070039  -0.00371061  0.00530633 
253 -0.000422664 0.177306 0.0233609 0.0248652 0.00471268  0.00562808  0.0125602  0.00940313  0.00515607  -0.00138738  0.000240314  0.00638588  -0.00500732  0.0122983 
254 1.20705e-05 0.530565 0.00121483 0.032265 -0.000259012  -0.000419022  0.000156834  0.000709719  -0.000207018  -0.000320082  0.000249137  0.000290181  0.000627368  -0.000140254 
255 -0.000257457 0.466493 0.00587743 0.0320774 0.00356826  -0.001852  0.000644368  0.000423008  0.000175458  0.000900154  -0.00298031  -8.62807e-05  -0.00255236  0.00124191 
256 -0.000100088 0.0935068 0.0127573 0.0358671 0.00509951  0.00186551  -0.00588475  -0.00114578  -0.000564181  0.00762394  -0.000851014  0.00600352  -0.000813255  -0.00120453 
257 0.000119834 0.60637 0.00714078 0.0372363 0.00133646  0.00220455  -0.00316677  0.000560819  -0.00264731  0.000755447  0.00132754  -0.00299411  0.000780662  -0.00388408 
258 -0.00019616 -0.124252 0.0221325 0.035591 0.000540333  -0.00166007  -0.0104911  0.00128233  0.00830124  -0.00645912  0.0074393  -0.00132386  -0.00147164  -0.0143249 
259 -1.64306e-05 -0.150185 0.00653697 0.0382478 0.00292935  -0.000450221  0.00108574  -0.00147906  -0.000597004  -0.00014449  -0.00371644  0.00343805  0.0013107  0.00168948 
260 -0.000426777 0.184833 0.023199 0.038462 -0.00959177  -0.00303729  -0.00710214  0.00302036  -0.00829997  0.00953804  0.00554035  0.00530368  -0.00897659  0.00883945 
264 -7.85327e-05 -1.21871 0.0232355 0.04366 -0.00480528  0.00643583  -0.0115984  -0.000376572  -0.00100982  -0.00154138  -0.00759157  0.0141963  0.00792586  0.00391555 
265 -0.00125764 0.0175463 0.0492808 0.0445503 -0.00568335  -0.00463068  0.023601  -0.0104447  -0.029774  -0.000752479  -0.0273785  -0.00349159  -0.0075552  0.00168671 
266 0.000809186 0.550977 0.0128552 0.0569488 -0.000874131  -0.00017396  -0.0020728  -0.00287678  0.00867413  0.00108681  0.00356365  -0.00724133  -0.00196385  -0.00254443 
268 0.00109762 0.588682 0.0197415 0.0493387 0.00192235  0.00725429  -0.00878506  0.00708714  0.00735574  -0.00439862  0.00223628  -0.00121023  0.0112229  -0.000356691 
270 -9.60528e-05 0.471467 0.00331176 0.036569 0.00154833  -0.000975955  0.000896003  0.000435176  -3.1886e-05  0.00137089  -0.00144175  0.0014822  0.000662708  -0.000175058 
271 -3.57342e-05 0.458233 0.00244352 0.0378596 -0.000530344  0.000477685  -0.000417113  -0.000471395  0.000847415  0.00035699  0.000712586  0.00105919  -0.00155734  -0.000405744 
272 0.000115248 1.51572 0.0216377 0.0383286 -0.011876  -0.00301843  0.00528212  -0.00253271  0.00280377  -0.00310595  0.0119811  0.00597514  0.00137026  0.0092244 
274 -9.1574e-05 0.394775 0.00620882 0.0367946 -0.00207242  0.0013844  0.00207781  0.0027675  -0.00208345  0.00137134  0.00107414  0.00264629  0.000609793  -0.00236892 
275 0.000308877 0.799729 0.0192429 0.0380186 -0.00252448  -0.00839153  -0.00533609  -0.00489366  0.00744328  0.00860626  -0.000161264  -0.00918394  4.15021e-05  -0.00521869 
277 -1.48418e-05 0.348116 0.00300285 0.0337133 0.000379131  0.000513302  -0.00164446  -0.000686117  0.000933788  -0.000524494  -0.000975405  0.00148913  0.00087702  0.000591372 
278 0.000137394 2.97416 0.0368704 0.0339327 -0.0103577  0.00433905  0.0167765  0.0128039  0.0237017  -0.00553491  0.00967722  -0.00621264  0.00779255  -0.0015969 
279 7.96706e-05 0.860788 0.0107226 0.0318441 0.00678417  1.93674e-05  -0.00061199  0.00571018  -0.00380058  -0.001812  -0.000632478  0.00184493  -0.00127401  0.00357956 
285 -0.000424955 -0.269798 0.0361756 0.0305676 -0.00745353  -0.0179127  -0.020214  -0.0165181  -0.00729845  0.0072793  -0.00559802  -0.00220836  0.0094504  -0.00436141 
287 0.000608955 1.01386 0.0353735 0.0368704 0.0185703  0.0159078  -0.00239359  0.0160508  0.00685217  -0.00905004  0.000937145  -0.0114923  0.00780007  0.00820772 
288 9.68364e-05 0.638577 0.00732659 0.0273981 -0.000711544  0.00478875  -2.489e-05  -0.000122547  -0.00419481  -0.00145974  0.00163022  -0.000183488  -0.00151724  0.00234612 
291 0.000315649 0.74491 0.0175844 0.02557 0.00522734  -0.00220584  0.0116013  -0.00851747  -0.00120811  0.00192186  0.00392133  0.00240924  0.00322671  -0.00575646 
292 -2.33245e-06 0.451292 0.000674124 0.0183908 4.37337e-05  -4.49324e-05  0.000420474  -0.000150738  0.000180746  8.89695e-05  -8.99779e-05  0.000134262  0.00036681  -0.000223013 
293 -6.40504e-05 0.394483 0.00519966 0.0184541 -0.00240248  -0.000700382  -0.0012605  0.00319768  0.000653453  -0.000428388  0.00183338  -0.000198703  -0.00144763  0.00168911 
298 -2.44223e-05 -1.07815 0.0124164 0.0201149 0.00262885  0.0050776  0.00581376  -0.00485559  0.00343575  0.00105666  -0.000814342  0.000452917  -0.00641897  0.00301748 
299 -0.000222072 0.408745 0.0090052 0.020713 0.00110636  -0.00282673  0.000522016  -0.000489685  0.00498701  -0.0012157  -0.00170154  0.00360797  -0.00525436  0.00122382 
303 6.13186e-05 0.835502 0.0090713 0.0255172 -0.000975269  0.00487111  -0.000931329  -0.00267235  -0.00030625  9.07597e-06  -0.00250409  -0.00445225  -0.00476396  -0.000847693 
305 5.31403e-05 0.544465 0.00307453 0.024286 0.00021421  5.78747e-05  0.00111005  0.000898105  -0.0024381  -0.00066828  0.000442203  -0.000578112  0.000440948  0.000499555 
308 -0.000493734 0.423074 0.0123321 0.0231662 0.00215991  -0.00267195  0.00153882  -0.0053537  0.00337301  0.00392976  -0.00437565  -0.000559814  -0.00740244  0.00285838 
310 -3.43087e-06 -66.5525 0.030333 0.0321018 -0.00756886  0.00278705  0.0187318  -0.00531502  -0.00652629  -0.0033362  -0.00673179  0.00671572  0.00507755  -0.0174923 
311 -0.000105758 -0.102965 0.0159714 0.0321552 -0.00711295  0.00506762  -0.00793036  0.0011717  0.00548907  0.0022376  -0.00671754  0.00566915  0.000247975  -0.00144329 
313 6.05108e-05 0.668256 0.00638165 0.0337598 -8.07347e-06  -0.000268857  0.000227126  -0.00242558  -7.82602e-05  0.00281516  0.000355303  -0.00414253  0.00287725  0.00110522 
315 -5.38181e-05 0.442435 0.00352051 0.0328514 -0.000286595  -0.00166091  0.00141149  0.000733069  0.00112532  -0.000107411  -6.8918e-05  -0.00143511  -0.00106206  0.00159792 
317 8.23978e-05 0.631181 0.00657553 0.0336606 -0.000720471  0.000922749  0.0018218  -0.00170859  -0.00491181  -0.000371385  0.0033356  0.000483199  -1.01833e-05  7.18016e-05 
318 -8.52405e-05 0.387285 0.00619973 0.0324136 -0.00160503  -0.00142177  0.000788131  0.000262194  -0.00325309  -0.00159771  -0.00223287  0.00129075  -0.0024953  -0.00267126 
322 -0.00019357 0.459016 0.00563518 0.0337029 0.00206396  -0.00186692  0.000916605  -0.00242869  -0.00129222  0.00199559  -0.00231855  -0.000967634  -0.00223805  -0.000545949 
323 -0.000585787 0.423929 0.0133591 0.0364619 -0.00482857  -0.00336075  0.00600824  -0.00419362  0.00387782  -0.00213336  0.00392669  -0.00518974  -0.00500421  -0.00178541 
325 0.000129594 0.513404 0.00263749 0.0437656 0.0014488  0.000822734  -0.000619404  -0.000305617  -0.00116212  -0.000872431  0.000134624  -0.000649669  0.00106312  -0.000145973 
328 0.00039442 0.73298 0.0191718 0.0422592 0.00442158  -0.00779153  -0.00983575  0.00608333  -0.0047002  0.0076271  0.00442198  -0.00334009  -0.00565874  0.00324854 
332 0.000191939 0.583154 0.00799083 0.0373028 -0.0022355  -0.00142983  0.00193656  0.00173752  -0.000126358  0.000912685  0.0017396  -0.000102406  0.00664656  0.00140707 
333 -9.34992e-05 0.487885 0.00212966 0.034635 -0.0014527  4.62929e-05  0.00134858  -0.00024696  0.000219009  7.9523e-05  -0.000557345  -0.000279873  -5.0131e-05  0.000312303 
334 0.000256067 1.69607 0.0349969 0.0359595 -0.00523622  0.0101069  -0.00286523  0.00900019  0.00798489  -0.007183  -0.00575032  0.0141995  0.0252522  -0.00427638 
336 -2.05205e-05 0.358764 0.00340489 0.0322033 0.000469459  -0.00115457  -0.00144621  -0.000782525  0.000832436  -0.000386403  0.00051705  0.000891641  0.00233034  -2.95403e-05 
337 0.000178312 0.5743 0.00728048 0.0325203 0.00323438  -0.00325889  -0.0018303  0.00183037  -0.000554369  0.00157661  0.00404571  -0.00155901  0.00189951  -0.000155175 
339 -0.00016487 -0.245363 0.0221715 0.0296526 -0.00351498  -0.00570869  -0.00389692  -0.00335121  -0.00905963  -0.00369638  -0.0060125  0.00532621  -0.00865231  0.0136049 
341 -0.000102257 0.419657 0.00573315 0.0323135 -0.00301541  0.000319488  0.00107056  -0.000234602  0.00125725  -0.00266192  -0.0011021  -0.00266837  0.00185819  0.0014209 
342 -0.000102515 0.152372 0.0119398 0.0338589 0.00367565  0.00273794  -0.00339747  0.00139152  -0.00542864  0.00160153  0.000613082  0.00687291  0.00488361  0.00213882 
343 -8.26177e-05 0.401792 0.00569731 0.0353404 -3.85829e-05  -0.00420115  0.0010177  0.00128545  -0.0018735  0.000818348  -1.48131e-05  -0.00156136  -0.00105438  0.00209537 
344 0.000138664 1.65561 0.0253156 0.0364906 -0.000978777  0.0139293  0.00483745  -0.00848425  -0.00530433  -0.0123416  0.00200711  -0.0126554  -0.00216538  0.00108969 
345 -0.000147329 0.482857 0.00318031 0.0345385 -0.000236369  -0.00055364  0.00228729  -0.000526112  -0.000344571  -0.000117409  -0.00191874  0.000410616  0.000488526  -0.000148851 
347 -6.57651e-05 0.442123 0.00390229 0.0366094 -0.00248212  -0.000682481  0.000571995  0.000429594  -0.00117733  0.00215282  0.00113212  0.000531584  -0.000356634  0.000614198 
348 9.92397e-06 23.4515 0.0301823 0.0374969 -0.00174184  -0.0151611  -0.015027  -0.000874254  -0.00420892  -0.0068779  -0.00064006  0.00290383  -0.00490883  -0.0188028 
350 -3.64305e-05 0.313723 0.00521016 0.0373643 -0.000746534  -0.00119182  -0.00230156  0.00190074  -0.00299597  0.0015763  2.85454e-05  -0.00124843  -0.00105191  0.00145999 
351 3.86683e-06 1.59872 0.0041224 0.0378487 0.00109454  -0.000371854  -0.00153551  -0.000146083  -0.000625901  -0.000726212  0.000136679  -0.001368  -0.00176425  -0.00271237 
352 6.16378e-05 0.554574 0.00366834 0.0377976 -0.000149186  0.00136148  -0.000289609  -0.000122736  -0.000528567  0.00164599  -0.000581501  -0.00148779  0.0023437  0.000669784 
354 4.51155e-06 0.507084 0.000357562 0.0369732 0.000140552  -2.60345e-05  -6.37506e-06  0.00017082  8.07541e-05  -0.000161546  -0.000110155  4.89295e-05  -2.56749e-05  0.000174332 
355 -0.00061965 0.336036 0.0201668 0.0369122 0.00284404  -0.00669255  -0.013968  0.00410752  -0.0013335  -0.00821894  0.00493238  0.000131646  -3.06623e-05  -0.00694027 
359 0.000548642 0.667097 0.0191504 0.0445236 -0.0018462  0.00591456  2.33484e-05  0.00900437  0.00397194  0.00288513  0.000893595  -0.00776293  0.0032849  0.0123011 
360 -0.000787317 0.436814 0.01412 0.0378663 -0.00700229  -0.00347567  -0.00652397  3.82651e-05  0.00313979  0.00037338  -0.00481096  0.00322181  0.000646912  0.00719421 
362 -0.000138915 0.482133 0.00315253 0.0471326 -0.000565352  -0.00204819  -0.000282279  9.01158e-05  0.000894797  -0.00170704  0.00098846  -0.000162345  -0.000715125  0.000326379 
363 0.000198794 0.517544 0.0037375 0.048584 0.00101006  -0.000434733  0.00300338  0.000358409  0.00060705  -0.000232042  -2.11657e-05  -0.000215362  0.00038083  -0.00173111 
367 5.54259e-05 1.48786 0.0147987 0.0464934 0.00065374  -0.00893136  0.00439959  0.00168646  0.000988258  0.00525175  0.00771781  0.0035474  -0.00120943  -0.00379935 
368 2.58327e-06 0.57226 0.000864102 0.0458935 -0.000184071  -0.000232526  0.000190389  0.00018362  3.41679e-05  0.000556011  5.78797e-05  -0.000493872  0.000133131  -0.000116009 
369 0.000586875 0.584327 0.0140736 0.0458653 0.00465502  0.00194494  0.0101203  0.00262704  -0.000857321  0.00685679  0.000672074  -0.00161096  -0.000886675  0.00342206 
370 -0.00040206 0.394342 0.0130397 0.0389477 0.000772518  -0.00266716  -0.000986012  -0.00155244  0.00078053  -0.00772239  -0.00618624  -0.000761371  0.00748789  -0.00194396 
376 2.80316e-05 0.563957 0.00267797 0.0438072 -0.000516853  0.001287  -0.00124453  -0.000932178  0.000424529  -0.000761746  -0.000768116  -0.000883474  -0.000496169  0.000673043 
377 0.000205404 0.596519 0.00890581 0.043486 0.00193446  -0.00153397  0.00031742  -0.000103634  0.00610077  0.00256669  6.85709e-05  0.00172896  -0.00499027  -0.00118432 
378 -2.14417e-06 -103.193 0.0298202 0.0410567 -0.0023209  0.0155166  -0.000719204  -0.00180747  -0.00198046  -0.00253951  0.00457918  -0.00865689  0.0212474  -0.00903196 
380 0.000120705 0.649787 0.00850425 0.0410828 -0.00238332  -0.000450645  0.00114846  0.00426581  -6.23822e-05  -0.00177569  -0.000295741  0.000698527  -0.00653556  -0.000690746 
382 3.64807e-05 0.519567 0.00168994 0.0395866 0.000650815  0.00103627  -6.5432e-06  -0.000421204  -0.00019902  -0.000479666  -3.60369e-05  0.000245282  0.000185508  -0.00090303 
388 -3.92204e-06 0.480462 0.000553651 0.0391231 -0.000193444  -2.83854e-05  -3.77692e-05  9.30482e-06  -0.000379371  0.000147694  -7.61305e-05  0.000276821  -0.000102461  -9.017e-05 
392 -0.00025452 0.382362 0.0109458 0.0391732 -0.000405281  0.00167145  -0.00396871  0.00464004  -0.00198181  0.00112717  0.00776316  -0.00101481  0.00361604  3.88201e-05 
393 -7.62847e-05 0.202591 0.00952662 0.0422977 0.00197927  -0.000740964  -0.00165366  0.00312972  0.00090842  -0.00679158  -0.0012513  0.000436092  -0.00499739  0.000282115 
396 0.000283771 0.667926 0.0138065 0.0431901 0.00142852  -0.00224474  0.00099128  0.00133806  -0.00574539  0.00854496  0.00170309  0.00161387  -0.00613154  -0.00562489 
399 0.000141951 0.538648 0.00468539 0.03977 0.00240859  0.000625319  -0.00107553  -0.00258926  -0.000419681  -0.000774967  -0.000753196  -0.00196847  -0.000537509  0.0015465 
402 0.000932272 0.824177 0.0347646 0.0379435 0.0103476  0.00689755  0.0154582  -0.0020451  0.0147941  0.00824195  0.00425776  -0.00708162  -0.0187372  0.010229 
404 -0.000138987 0.0617031 0.0156106 0.022536 -0.00192194  -0.000492627  -0.0111818  -0.00217237  -0.00640193  0.00103414  0.00270594  -0.00280551  0.00571983  -0.00447629 
406 -0.000148019 0.191292 0.0135203 0.0254336 -0.00122617  0.00909066  -0.00386349  0.00399059  -0.00335102  -0.00492177  -0.00474263  -0.000469744  0.00275977  0.00142183 
407 -0.000270759 0.217892 0.0174814 0.0281939 -0.00169908  -0.00286821  0.000612683  -0.00842967  -0.00723579  -0.00132031  -0.0109112  -0.00334745  0.000733645  -0.00617673 
411 1.54896e-06 6.27658 0.00598252 0.032645 0.00237658  0.00172397  0.000941116  -9.53232e-05  0.00269415  -0.00304061  0.00069117  -0.00210279  0.00171402  0.00139087 
413 -0.000103142 -0.0256227 0.0147264 0.0326212 0.00664667  -0.00715313  -0.00340216  -0.00208014  0.00858853  -0.00373642  0.00369399  -0.00104882  -0.00136248  -0.00113746 
414 5.11363e-07 3.38054 0.00242734 0.0341657 0.00116969  0.00130432  -0.000634756  1.73328e-05  -0.000938319  -5.08805e-06  0.000956356  -0.00020806  -0.000380736  0.000660323 
416 -9.38981e-05 -0.389035 0.0182735 0.0341582 -0.00701046  -0.00237173  0.00575024  -0.00182995  -0.00719751  -0.00374331  0.00735121  0.00758405  0.00790593  -0.00169025 
417 0.000387403 0.617064 0.01347 0.0355061 0.00283944  -0.00242291  -0.000433355  0.00369695  0.00258256  0.00456673  -0.00879308  0.00175558  -0.00516522  0.00436434 
421 -4.16266e-05 0.46696 0.00234572 0.0295526 0.000129884  -0.000671627  -0.000531685  -9.37814e-05  -0.00080974  0.000600932  -0.00039435  -0.000173365  -0.000268893  -0.00186233 
422 -5.91425e-05 -0.924928 0.0183601 0.0302487 0.0119582  0.00663853  -0.00154428  0.0065501  -0.00558729  0.00158923  0.00533663  0.00596798  0.000667457  -0.00253979 
424 -0.000112385 -2.18494 0.0347402 0.031211 0.00112473  0.0255581  0.00304889  -0.000150761  0.0150004  -0.00222015  0.0072065  0.0128375  -0.00958469  0.00213127 
426 -0.000261952 0.126348 0.0197884 0.0329624 0.00273259  0.00564666  0.00845512  0.00268876  0.00265109  0.00473518  -0.00479432  0.00860342  0.00157428  0.0120241 
427 0.000276593 0.592274 0.0101051 0.036722 -0.00318976  -0.00368533  -0.00180956  -0.00441395  -0.0019599  0.00459447  -0.00272547  0.002939  -0.00218473  0.00313199 
429 -2.04479e-05 0.372767 0.00322598 0.0327406 -8.1754e-05  0.000257054  -0.000331995  -0.000376878  -0.00104481  -0.00133329  -0.00112131  -0.000830378  -0.00229105  -0.000129615 
430 0.000342263 0.661861 0.0148866 0.0330514 -0.00160425  -0.00391622  0.00190709  -0.00844818  -0.000857652  -0.00197602  -0.00118249  -0.00832986  0.00551403  0.00478136 
431 0.000191446 0.618973 0.00954547 0.0273897 0.00112978  -0.00713841  -0.00156503  0.00218571  0.00153066  -0.000504073  0.00180236  -0.00496891  0.000578982  0.000886163 
433 0.00026411 0.856526 0.0194066 0.0236382 -0.00374126  -0.00206028  0.00712904  -0.00533781  -0.000983065  0.00201403  -0.0023803  -0.00994653  -0.00446474  -0.0122271 
435 -5.14132e-05 0.133509 0.00868174 0.0171666 -0.00413242  0.0028534  0.00370551  -0.00312462  -7.05538e-05  0.00484609  0.000314109  0.000109271  -0.00130126  -0.00116884 
436 -6.97349e-05 0.44635 0.00386884 0.0186039 -0.00274527  0.00083628  0.0016889  -0.000400179  9.33711e-05  0.00044706  -0.00118834  1.49916e-05  -0.00027762  0.00142179 
437 4.86459e-05 0.749625 0.00696941 0.0203922 0.00326774  -0.00186051  0.00126664  -0.000250275  0.0023148  -0.000723642  0.00251595  0.00395574  -0.000306853  -0.00219364 
438 -1.50985e-05 0.0266611 0.00534668 0.0191624 0.00138008  -0.000898411  0.000219107  0.00023544  0.0034806  0.0027151  -0.000139796  -0.00240743  -0.000630285  -0.00027004 
439 -0.000296509 0.174766 0.0196423 0.0195524 -0.00988441  -0.00185305  0.00485468  -0.00385649  -0.012483  0.00585512  0.000108115  0.00128425  0.00237284  0.00698908 
443 7.0837e-05 0.996754 0.0118638 0.0260548 0.0034597  -0.00381099  -0.0027023  -0.00265796  0.00312977  0.00508445  -0.00519806  -0.000433244  -0.00254588  -0.00552746 
444 -0.000421796 0.131721 0.0249304 0.024658 -0.00813798  0.00510147  -0.00101707  0.00357272  0.00973832  0.00197677  -0.0110178  0.00602852  0.0129503  0.00955448 
445 0.000426455 0.657876 0.0164114 0.0320921 0.0012464  0.00120006  -0.00854681  0.000866094  -0.00112191  -0.0054361  0.00425037  -0.00634657  -0.00981143  -0.00266892 
446 -0.000440044 0.398628 0.0133628 0.024567 7.5436e-06  0.00239638  0.00138953  -0.00721591  -0.00507734  0.00180358  -0.00385534  -0.00472259  0.00707622  0.00159723 
447 -0.000107498 0.290269 0.00949695 0.032306 0.000411749  -0.00440892  0.000110255  -0.00483588  0.00460228  0.00227236  0.000790678  0.00289552  0.00340018  0.000520543 
449 0.000163664 0.638524 0.00952315 0.0339291 -0.00165374  -0.00416438  -0.00529127  -0.00129303  -0.00174487  -0.00357538  0.00295226  0.00306111  0.00188658  -0.00186293 
450 0.000108124 0.643275 0.00787198 0.031425 -0.00192852  -0.000577512  0.00116462  0.0038444  0.00289463  -0.00389437  0.00157421  -0.000265629  0.00368539  -0.00145045 
453 -6.49917e-05 0.338797 0.00647384 0.0296549 -0.00496117  -0.000134301  -0.00193859  0.00153296  -0.000680013  0.00149834  -8.0735e-05  0.00227097  -0.000364494  -0.00177965 
454 1.78572e-05 0.867846 0.00512588 0.0307312 -0.000223119  0.00237328  0.000389055  -0.000380647  -0.000899508  0.000306208  0.00371852  0.0016884  0.000973027  -0.00132983 
455 7.90169e-05 1.17383 0.0145934 0.0304393 -0.00143239  -0.00447538  -0.00179877  0.00449931  -0.00714073  -0.00368599  0.00267946  0.00918043  -0.0029694  0.00159763 
457 -0.000326475 0.456886 0.00750767 0.0291125 -0.00326124  -3.76628e-05  -0.00110067  -0.00134136  -0.00035818  -0.00157672  0.00112634  -0.00124724  0.00589043  0.0016067 
458 -0.000140591 0.308647 0.0103743 0.0342646 -0.0043137  -0.0062108  0.00201509  0.00266919  0.00118816  0.0034806  -0.004458  -0.00202356  -0.00106403  -0.00079496 
460 8.29055e-05 0.520203 0.00258902 0.0362583 0.00115429  0.000240457  -0.000662892  0.00117567  0.000535327  0.000888367  0.00065516  0.000648204  -0.000397055  0.00118675 
463 -8.32593e-06 0.234403 0.00297413 0.0350965 0.000426387  0.000510726  -0.00090787  0.000271325  0.00125592  -0.00173801  -0.00037369  0.000268973  0.00162503  -0.000232819 
465 0.000988046 0.72484 0.0298087 0.0352149 0.0238737  0.00654035  0.00570778  0.00233858  0.000733684  0.00536324  0.00749207  -0.00605902  -0.0105551  0.00205503 
468 -6.20124e-06 0.412785 0.00147085 0.0158912 0.000465469  0.00117296  -0.000561741  -0.000338818  0.000121243  0.000103939  -0.000205226  -3.77275e-06  0.00026077  -7.01979e-05 
469 -0.00025009 0.225391 0.016576 0.0160852 0.00826871  -0.00147855  -0.00264054  -0.00365391  -0.000385592  -0.00428803  -0.00444022  0.0120655  -0.00018113  0.00015244 
471 -0.000524399 0.0635768 0.0302607 0.0225578 0.010946  -0.00432929  -0.00313451  0.000701895  -0.00590151  -0.0092559  -0.0028021  -0.02113  -0.0109075  0.008546 
473 0.000158151 1.21747 0.0213032 0.0321464 0.00211853  0.0053737  0.0149413  0.00650793  0.00176918  0.0025539  0.0100438  0.00570179  0.00162181  -0.00303245 
474 -0.000381018 0.12286 0.0239777 0.0295847 3.22831e-06  -0.00357736  -0.00780649  0.00620543  0.0063989  -0.00590572  0.00465444  -0.00608676  0.017099  0.00598105 
476 0.000349559 0.652885 0.0146215 0.0354449 -0.00183023  0.00259844  -0.00077544  0.00284864  0.00734806  0.00327025  -0.00524001  -0.00200377  0.00180104  -0.00977574 
478 -0.000260251 0.399427 0.0102344 0.0301139 0.00453862  0.00113427  0.000980394  0.00179231  0.00306789  0.00280743  -0.0077768  0.000661357  0.000684682  7.63712e-05 
479 -1.6891e-06 0.498439 0.00010271 0.0341633 6.40168e-06  -5.57531e-05  5.11277e-05  -3.13969e-05  9.11588e-06  -4.47119e-05  2.19036e-06  -3.89562e-05  1.31303e-05  -4.81719e-06 
484 0.000310741 0.709287 0.0161287 0.034188 -0.00437548  -0.00848561  -0.00665668  -0.0072213  -0.00461434  0.000603687  0.000213196  0.00553053  -0.00232567  0.00385083 
486 0.000228211 0.638301 0.0112364 0.0292938 -0.00475096  -0.00325777  -0.00316101  -0.00577375  -0.00020711  -0.000397797  0.00390067  0.00153772  -0.00503942  -0.00256266 
487 7.09517e-05 3.97143 0.0313857 0.0250986 -0.0168679  0.00220426  -0.000363395  0.00946116  -0.00587484  0.0172101  0.00227663  -0.00904207  -0.0134578  -0.00269701 
488 6.97374e-05 1.20592 0.0140324 0.023643 0.00699355  0.00347618  0.00465348  0.000864525  0.000661189  0.000579993  -0.00152142  -0.0047634  0.00477257  -0.00805949 
490 -1.57893e-06 -0.526405 0.00254607 0.0221191 0.000918623  0.00065814  -0.00113741  0.00105334  0.00101544  -0.000374802  0.000768971  0.000187905  -0.000805555  -0.000595914 
492 -0.000180493 0.411465 0.00799633 0.0221548 0.00138838  0.00172249  -0.00401497  0.0027296  -0.000401266  0.000498987  0.00298316  -0.00112408  -0.000978296  0.00489347 
494 0.000228395 0.547077 0.00655966 0.0259103 -0.0021897  0.00332474  0.00161586  -0.00202326  -0.00129878  -0.0010609  -0.000236873  0.0040554  0.000563506  -0.000918453 
497 -0.000327176 0.28587 0.0167428 0.021047 -0.00119033  -0.00304465  -0.00342443  -0.00400084  0.0007762  0.00505985  0.0121696  0.00715875  -0.000178822  0.0040396 
499 4.62468e-05 0.537821 0.00264524 0.0277526 1.12055e-05  -0.000842872  0.000360344  -9.45463e-05  0.00173078  -0.00153631  0.000512709  0.000119813  0.000214652  -0.000684689 
