generation s h r distopt trait[0] trait[1] trait[2] trait[3] trait[4] trait[5] trait[6] trait[7] trait[8] trait[9] 
2 -0.00016277 -0.0456883 0.0188497 0.02 0.00138848  -0.00535507  0.00906186  0.00110018  -0.0019232  0.00190952  -0.00430969  0.00592816  -0.00641865  -0.0117949 
4 4.57263e-05 3.27993 0.0225482 0.0581182 -0.00253981  -0.00244344  0.00905181  0.00270106  0.00192729  -0.0054084  0.0133084  -0.00835627  0.0112612  -0.000222997 
8 0.00622379 0.677967 0.0665851 0.134458 -0.0182003  -0.0307412  -0.0300542  0.0224017  0.0296745  -0.0107059  -0.00524766  -0.00515121  0.0022216  0.0264199 
9 0.00369047 0.671747 0.0503648 0.127221 -0.000531214  -0.0175845  0.0167469  -0.0302413  0.0109565  0.00617311  0.0167346  -0.00230142  -0.00692567  -0.0232521 
11 0.00373575 1.3289 0.111135 0.148838 0.0329534  -0.0725047  -0.0252629  -0.0184041  0.0342446  -0.024617  -0.00236419  0.0446227  -0.0271105  0.0228204 
13 0.00141874 0.604433 0.0243556 0.162342 -0.00968535  -0.00511704  0.0139772  -0.00349084  -0.0010542  0.00496599  0.00394921  0.00614254  -0.0123936  0.0057406 
16 0.00783093 0.861929 0.106336 0.204792 -0.0213318  -0.0348446  0.0412042  -0.0341048  -0.0580804  0.0291973  0.0324609  -0.00146443  -0.0197788  0.0332304 
19 0.0207828 0.570694 0.0776126 0.231604 -0.028299  -0.0494377  -0.032729  0.00659941  -0.0191453  -0.0259625  -0.0119587  -0.0168176  -0.00243737  0.0138451 
20 0.0227793 0.680144 0.128258 0.197403 -0.0759898  -0.0653015  0.00157722  0.0312139  -0.0468461  0.0408666  -0.0259201  -0.0238017  0.0133036  -0.0124364 
23 0.0139842 0.69446 0.104326 0.170314 -0.0274975  -0.0861459  0.00342727  0.00974331  0.00101355  -0.0251649  0.0327896  -0.0258901  0.0135128  0.00613189 
24 -0.000354102 -1.03889 0.0466856 0.131506 -0.0148018  0.00267331  -0.0267927  0.00234655  -0.00126391  0.0147624  -0.00732355  0.0297345  0.00807429  0.00273094 
29 0.0047754 0.551619 0.0315419 0.200674 0.00525898  -0.0145611  -0.004678  -0.0126611  -0.00656547  -0.00688411  0.00701763  0.00702083  0.0170424  -0.00967178 
30 0.00700517 1.35333 0.154211 0.20475 -0.0564461  -0.0500461  0.0777173  0.0171181  -0.0120709  -0.00678273  -0.0801427  -0.0521526  -0.0426244  -0.0246168 
31 0.00712924 0.583496 0.0489605 0.199098 0.0139722  -0.00505117  0.00450857  -0.000124662  0.0218746  0.025436  -0.0101362  0.00706761  0.0288141  -0.00690088 
32 0.00494877 0.553123 0.0325733 0.194894 -0.00437883  -0.00542701  -0.0101956  0.00773654  0.000752731  -0.00164598  0.00925494  0.013312  0.0124388  -0.0206816 
35 0.00689563 1.07603 0.125802 0.23114 0.0158062  -0.052173  0.0136822  -0.00318746  -0.0299248  -0.0325784  -0.0158719  0.0858942  -0.0262367  -0.0488062 
37 0.0111552 1.17152 0.172479 0.245835 -0.0544714  -0.0877314  0.0223276  0.0910865  0.0303033  -0.00221396  0.0767284  0.0470072  0.0356146  -0.00108434 
41 0.0193368 0.911995 0.177823 0.26625 0.023923  -0.0612705  0.00270523  -0.0129753  0.130964  0.0158582  0.0325588  -0.0524566  0.076105  0.0105937 
45 0.0300373 0.566172 0.0909017 0.278579 0.0133405  -0.0626507  -0.0203585  -0.038033  0.0263952  0.0130991  -0.0282193  -0.0118202  -0.0202115  -0.00928509 
46 0.00828805 0.98102 0.126031 0.232801 -0.000659875  -0.0154179  -0.0956216  0.0171792  -0.00385621  0.0178123  0.0258979  0.0128186  -0.0537039  0.0464291 
47 0.00130176 5.02413 0.153212 0.228746 -0.0242233  -0.0623136  -0.00574775  -0.0363319  0.0279974  -0.0328307  -0.0929196  0.0677669  0.0488527  -0.0132811 
49 0.0261561 0.593379 0.0998268 0.246721 0.0263303  -0.031911  -0.00130344  -0.0383924  -0.0436017  -0.016575  -0.0241552  -0.0472643  -0.0419313  -0.00516265 
51 0.0103002 0.613853 0.0686776 0.214892 0.0100724  -0.0337388  -0.00313091  -0.0192402  -0.0327776  0.0192078  0.0142281  0.0175204  -0.0283517  0.0184485 
52 0.00247889 0.547279 0.0217084 0.203704 0.00805194  -0.00788585  0.0118747  0.00452039  0.00370945  0.00935735  -0.0042373  -0.00689558  0.000564239  0.00395565 
53 0.00306311 1.28856 0.0981841 0.212515 -0.05107  -0.0266968  -0.00326679  0.020457  -0.0262138  -0.0356288  0.0225871  0.0575317  -0.00391115  0.00990718 
54 0.00548401 0.523812 0.0231479 0.217915 -0.0050031  -0.016212  -0.00497477  -0.00289286  -0.00951485  0.00442816  0.0101553  8.85085e-05  0.00125015  6.71276e-05 
57 0.0052368 1.79236 0.164084 0.246843 -5.72924e-05  -0.0397555  0.0442382  -0.0505298  -0.0484833  -0.00533755  0.124934  -0.032974  -0.0180533  -0.0378423 
58 -0.000216938 -0.185207 0.0243851 0.249151 -0.00270819  -0.00405313  0.00491825  0.0159877  -0.00120389  -0.00302133  -0.00452517  0.0146539  -0.00558631  -0.003752 
59 0.0233405 0.61493 0.104204 0.263204 0.0165385  -0.0435278  -0.0130505  -0.00535845  0.0419546  0.058692  -0.0384183  -0.00847828  0.0329903  0.0254954 
61 0.0355961 0.790091 0.202458 0.244028 -0.057076  -0.113971  -0.0726211  0.0552897  0.0240523  -0.0219752  -0.0629353  -0.0416127  0.0933116  0.030829 
64 0.00699246 0.58383 0.0485812 0.188699 0.0249947  -0.0159306  0.0156137  0.0153556  -0.0194993  0.00942074  0.0156377  -0.0117208  -0.00938096  -0.00794601 
65 0.006772 1.68033 0.178217 0.183196 -0.0593157  -0.0174245  0.0614573  0.0466202  -0.0307795  -0.0954043  -0.0347419  -0.10202  -0.00356318  -0.0176584 
72 0.0133831 0.582455 0.0668629 0.273224 -0.0205247  -0.0265089  0.0289129  -0.0116962  0.0022166  0.00126776  -0.0301228  0.000308395  -0.0218838  0.031321 
73 0.00434017 0.709488 0.0603052 0.264867 0.00212552  -0.0096083  -0.0197622  -0.0201546  0.00607532  -0.00990403  0.0267155  0.0350338  0.0207192  0.0154195 
74 0.00321932 1.53495 0.115278 0.273993 -0.0370758  -0.0104415  -0.0272857  0.0380916  -0.0309827  0.0794088  -0.00498783  0.0329974  0.00380167  0.0348724 
75 0.0237558 0.618268 0.106614 0.284814 -0.0365984  -0.0521081  -0.022612  -0.047331  -0.00348197  0.0101992  0.0644664  -0.00989177  -0.00709826  0.0118322 
76 0.00389879 0.832379 0.0719559 0.255558 0.0176457  0.00301423  -0.00204406  0.0355853  0.0390368  -0.0260039  -0.00599259  -0.00212943  -0.00885413  -0.0356058 
77 0.00578272 0.604438 0.0492409 0.264927 0.0350959  -0.0149767  -0.0185458  -0.00213873  -0.00281657  0.000555229  0.0103793  -0.0178225  -0.0031115  -0.0132976 
79 0.00223382 0.556332 0.0224774 0.289699 0.000958989  -0.00518554  0.0108354  -0.00204916  0.00647469  -0.0088883  -0.00771901  -0.00594317  0.00712924  0.00944274 
80 0.0141286 0.590027 0.0717451 0.304067 -0.00757409  -0.030331  0.00826906  -0.0345316  0.0363017  0.0230533  -0.00200327  0.0201498  0.0237864  0.00917243 
81 0.000823068 18.0253 0.239297 0.297891 -0.0383086  -0.0513263  0.0503414  -0.110642  -0.0187269  -0.00532623  -0.00744943  0.0904366  -0.166228  0.046262 
82 0.0108131 0.564705 0.053296 0.310883 0.0252674  -0.00985487  0.00177267  0.0165224  -0.0113264  -0.0198109  -0.00817117  -0.0130978  0.0315027  0.00879028 
83 0.00988965 1.72267 0.218839 0.308717 -0.0721548  -0.126685  0.101105  0.0541176  0.0164188  -0.00943952  -0.0864806  -0.000380493  0.0033891  0.0750657 
84 0.00719751 0.573481 0.0461855 0.300061 -0.0103203  -0.00287117  -0.0160631  0.0064113  0.00115022  -0.0211485  -0.00788866  -0.0326196  0.0118915  -0.00172137 
86 0.00756353 0.568635 0.0457878 0.306549 -0.0052658  0.00357376  0.00575674  -0.00306047  -0.0134173  0.0125465  -0.0169045  -0.0116358  0.0274004  -0.0224532 
87 0.0166698 0.7665 0.13312 0.305408 -0.054764  -0.019097  -0.0254299  -0.0724878  0.0557346  0.00637195  0.0167736  -0.0242628  0.000407176  -0.0666254 
88 0.0143521 1.29253 0.212184 0.288226 0.023512  -0.0385668  -0.0998198  0.0361278  -0.0173671  0.03147  -0.0963209  -0.100382  0.0327242  -0.0999773 
89 0.0203188 0.5434 0.0607671 0.27333 0.0136617  -0.0131301  -0.00395979  -0.00610944  0.00446842  0.0112169  0.0442546  0.0290128  0.00481145  0.0176478 
90 0.0102893 0.56454 0.0519056 0.246808 0.0194227  -0.0179095  0.0154797  0.00607355  0.00790915  0.0216688  0.00780814  0.0205112  0.00472923  -0.0261448 
94 0.0130784 0.600722 0.0729101 0.286344 0.00559432  -0.0105278  0.0343351  -0.00678634  -0.0236232  -0.0266088  0.033908  -0.00997899  -0.025236  0.0282228 
95 0.0112475 0.568017 0.055717 0.280141 -0.0299487  -0.00513477  0.000990833  0.0174038  -0.0251647  -0.00169484  0.0195049  0.0262917  -0.00527349  -0.0118986 
96 0.0170467 0.895294 0.163646 0.277607 -0.0579977  -0.0645448  -0.0438009  0.0163146  0.0540467  0.0578663  0.0436128  0.0474021  -0.0814294  -0.00402729 
98 0.00223251 10.4957 0.29696 0.275531 0.0894815  -0.0956752  -0.101379  0.0456471  0.0455517  -0.0790183  -0.0257568  -0.0443065  0.218369  0.00575148 
100 0.0024238 0.659748 0.0393643 0.29513 0.00383543  0.0112484  0.00880059  0.0133102  -0.0276935  -0.011778  -0.00568735  -0.0116713  -0.00462698  -0.00762053 
101 0.0219359 0.642981 0.112364 0.305061 -0.0261886  -0.0552961  0.0311404  0.0492898  -0.00710061  -0.0326751  0.00559618  0.0641128  -0.0113285  0.00973661 
102 0.0283692 0.834301 0.193965 0.267139 0.0530901  -0.154699  -0.0157232  -0.0316293  -0.0411903  -0.0221621  -0.0355184  -0.0420994  -0.053867  -0.0387396 
103 0.0170833 0.655833 0.103383 0.208301 -0.0432842  -0.0285637  0.0290453  -0.0588838  -0.0166781  0.0348293  -0.00352809  0.0389357  -0.016215  -0.0201248 
105 0.00726294 1.14229 0.136291 0.162635 -0.0152337  -0.0518998  0.0145264  0.00616677  -0.0634417  0.0697898  0.0655591  -0.0302863  -0.012045  -0.0338334 
111 0.00243256 1.90958 0.116955 0.138612 -0.0594894  0.0111151  0.068865  0.034879  -0.0191754  -0.00838758  0.0189736  -0.0478735  -0.0310937  -0.000499219 
113 -0.000154403 -68.5028 0.2059 0.129552 0.122201  0.122736  0.00148089  -0.00533052  0.058238  0.00585697  -0.0354527  -0.0108142  -0.0403265  0.0770781 
117 0.00302792 0.644776 0.0418929 0.130147 -0.00296009  0.000492652  -0.00721129  -0.0135712  0.00647253  0.00436305  0.025268  0.00138931  0.0219291  -0.0181001 
119 0.00111538 0.524609 0.0105049 0.117961 -0.00608471  0.00289419  -0.00322015  -0.00272516  0.00123272  -0.000921423  -0.00212871  0.00145597  0.00306101  0.00536348 
120 0.00303216 0.972043 0.0756113 0.113138 -0.0348443  -0.00895362  0.0386512  -0.0187435  0.00419689  0.00291435  0.0356509  0.0248427  -0.0064573  -0.0249315 
121 0.000626484 3.96149 0.0930718 0.0988563 -0.0662639  -0.0255025  -0.0197283  0.0476899  -0.00278887  0.00570788  0.0165068  -0.013615  -0.016423  -0.013771 
122 0.000853435 2.3845 0.08016 0.0956361 -0.0256444  0.0250061  -0.0398218  -0.0199462  0.0195068  -0.00033822  -0.0283  0.022346  -0.0161514  0.0348903 
126 0.00233271 1.48485 0.0957653 0.091067 0.0746986  -0.0119176  0.00391116  0.0111232  -0.00758089  -0.046537  0.00509028  0.00565059  0.0186337  0.0261124 
130 0.00288727 0.749396 0.0536587 0.0772218 -0.0175693  -0.0245619  0.000767575  0.00583553  -0.00399174  0.0288234  0.00707895  0.0139148  0.0134088  -0.025737 
132 0.00237141 0.793613 0.0527603 0.0554987 -0.0189916  -0.00443492  -0.00217991  -0.0241546  -0.022089  0.00214557  -0.00456027  -0.0147816  0.0202661  0.0259338 
133 -0.000384386 0.428492 0.01049 0.026674 -0.00544858  -0.00221042  -0.00264694  0.00255611  -0.000688191  0.0029139  0.00460123  0.00345088  0.00422212  -0.00143429 
134 0.000167144 1.06389 0.0194157 0.0331053 0.00322015  -0.00189609  -0.0020499  0.00122548  -0.000781691  0.00848367  -0.00481314  -0.0106438  -0.00772699  -0.00941035 
135 -6.79215e-05 0.476496 0.0025275 0.0304767 -2.12405e-05  0.00025141  0.000284583  0.000444446  -1.03917e-05  -0.000446568  0.00118088  -0.00159591  -0.00126813  -0.000544991 
137 0.000106295 0.553503 0.00476999 0.0315714 0.000533639  0.000835485  0.00133094  -0.000659341  0.00370026  -0.00103045  -0.0016383  -0.00057813  0.00110508  -0.000755431 
138 0.000185799 0.922414 0.0177175 0.0298407 0.00514549  0.0039916  0.0048425  -0.00599046  -0.00978567  -0.00245633  1.48745e-05  0.00220477  -0.0101029  -0.0018559 
139 -0.000308291 0.410867 0.0104871 0.0265459 -0.00135013  0.00183427  -0.0045401  0.00509818  -0.00454331  0.00107713  0.000244505  0.000578911  0.00572416  -0.00179579 
140 0.000111048 0.60278 0.00675701 0.031828 0.0016725  -0.00250768  0.00441261  0.000778142  -0.00157639  -0.000655138  -0.00211811  -0.00229624  0.00151856  0.00123105 
142 1.76715e-05 0.520869 0.00121462 0.030033 0.000227402  0.000220864  -5.40639e-05  3.28515e-05  0.000221974  -0.000853354  -3.14913e-05  3.56141e-05  0.000337807  0.000690613 
144 4.90601e-06 11.2337 0.0145132 0.0297374 0.00705286  -0.00942948  0.00328259  -0.000206718  -0.00511821  -0.00154214  -0.00518274  -0.00106816  0.000983535  0.00190061 
146 -0.000191779 -0.205604 0.0232661 0.0296548 -0.00518599  0.00953447  0.00232801  0.00229496  -0.00219919  -0.0132949  -0.00134216  0.0102246  -0.00759887  -0.00819439 
150 0.00037302 1.32094 0.0349938 0.0327292 -0.00221838  -0.00418666  0.0105101  -0.0025565  0.0177154  0.00488697  -0.00437528  0.0196306  0.0157216  0.00978395 
151 -4.78864e-05 0.477419 0.00208002 0.0264244 0.0010298  -0.000223569  6.70094e-05  -0.00065672  -0.000315143  -0.000275452  0.000322803  0.00108912  0.000905164  -0.000703811 
152 5.97964e-05 0.514844 0.00188473 0.0273155 0.00109767  -0.00026668  -0.00049924  -0.000325427  0.000228354  0.000290313  -0.000889541  -0.000687955  -0.000334193  0.000639045 
153 -0.000476567 -0.366662 0.040648 0.0261982 0.000206263  0.00318684  -0.0171803  -0.00364568  0.0060755  0.017953  -0.0115648  0.00198605  -0.0288817  -0.00159493 
156 -0.000641318 0.272522 0.0241639 0.0341031 -0.00113002  -0.00855985  0.00423051  0.0026101  0.0155927  -0.0063811  -0.0135483  0.00163837  -0.000297682  0.00380216 
157 -0.000303541 0.375594 0.0122929 0.04248 -0.00725406  -0.00238985  -0.00286981  -0.000870629  -0.0022657  -0.000323059  0.00416249  0.0066452  -0.00357932  -0.00206265 
159 8.72671e-05 0.7565 0.0094623 0.0459144 0.00389603  -0.000976289  0.00279105  -0.00284556  0.00215884  -0.00154164  0.00224669  0.00250978  0.00314045  -0.00541012 
161 0.000189417 2.2041 0.0359281 0.0449541 0.00693758  0.0197664  -0.0117478  -0.00232909  -0.0184558  0.00283538  -0.00918165  -0.0150875  -0.000961391  0.00685838 
162 8.06767e-05 0.542743 0.0037143 0.0427957 -0.000753039  0.000568731  -1.69538e-05  0.00175774  -0.00151363  -0.00198235  0.000437825  -0.000895426  0.00121415  0.00106167 
164 0.000703931 0.62268 0.0185888 0.0418426 0.00208662  -0.00921776  0.000553665  0.00271919  0.00337827  -0.00809406  0.00538162  -0.00352231  0.00981911  0.00581489 
165 -0.000252959 0.406757 0.00971541 0.0323592 0.00201555  0.000789932  0.00428203  0.00114002  0.00477966  -0.00433182  -0.00175202  0.00450202  -0.000816936  0.00211007 
167 0.000172079 1.47255 0.0258713 0.036057 0.0112361  0.00221058  0.00769331  0.00188176  0.000615955  0.000339215  0.00658658  -0.00515257  0.0198462  -0.00334081 
168 -3.98495e-05 0.296274 0.00569867 0.0335864 -0.000133931  0.00227087  -0.000391704  -0.00117972  0.00251728  0.00218502  0.00244265  0.00293417  0.000234749  0.000113531 
169 -8.59061e-06 0.49637 0.000353244 0.0341745 0.000180512  4.19263e-06  -8.20522e-05  -0.000138858  0.000105064  -0.000177278  0.000111158  0.000102787  2.76505e-05  3.73207e-06 
170 0.000539624 0.728912 0.0222281 0.0342999 -0.0117714  -0.00294533  0.00303207  -0.00912379  0.00412358  0.00249082  0.0127618  0.00446821  -0.00551767  -0.00423447 
173 -0.00169505 0.216125 0.0439015 0.025239 -0.0116252  -0.0166269  0.00932603  -0.0222874  0.00656909  -0.00683429  0.0258263  0.000278814  -0.00297407  0.0128939 
175 0.000607661 0.621144 0.0171622 0.0483063 0.00310265  0.00260869  -0.0029378  0.0106655  -0.00847623  0.00133039  0.00549921  -0.00346608  -0.004277  -0.00464357 
177 0.000358968 0.754601 0.0191195 0.0415454 0.00367866  0.00277023  -0.00415683  -0.00208997  0.00999763  -0.00198782  -0.0117251  -0.00262933  0.00815999  -0.00279684 
178 0.000193257 0.685189 0.0119649 0.0369746 -0.00437498  -0.00128844  0.000636307  0.00789575  -0.00688125  -0.00128376  0.00157116  0.00100011  0.00264666  0.000369826 
179 -0.000767936 0.349325 0.021524 0.0342619 0.0144918  -0.00515022  -0.000491416  -0.00399654  -0.0072351  -0.00599801  0.00205553  0.00613563  -0.00125567  0.0088747 
181 -1.10563e-05 -12.901 0.0243438 0.0440694 0.00277592  -0.00431457  0.019202  -0.0056471  0.00196391  0.00923635  -0.00679227  -0.00546481  -0.000169888  -0.000706244 
182 1.38115e-05 1.14905 0.0059881 0.0441947 0.00162892  -8.62082e-05  0.000389917  -0.0016154  0.00016879  0.00236388  -0.00229854  0.00182953  -0.00381874  -0.00126698 
183 0.000141871 1.37641 0.0223 0.0440381 -0.000116303  -0.00364295  0.00281066  -0.00706927  -0.00101822  0.00336553  -0.00644978  -0.0104634  -0.00699884  -0.0146186 
184 -0.000220327 -0.00170839 0.0210288 0.0423969 0.00189006  0.0017964  -0.00985721  -0.0104425  -0.00963218  -0.0100511  -0.00471859  -0.00138039  0.00112998  0.00315412 
185 0.000282362 0.598524 0.0105499 0.0449205 0.00235954  -0.000239988  -0.00403382  0.0036865  0.00456158  0.00493122  -0.00202764  0.00180018  -0.0033274  -0.00350218 
186 -0.000227013 -0.0523908 0.0223976 0.0416596 -0.0144491  0.00385607  -0.00141244  -0.00781071  -0.00638566  -0.00259782  0.00724414  -0.00811258  -0.00697774  0.00070404 
190 -0.000306899 0.2607 0.0171419 0.0443008 -0.00110776  0.00172607  0.00295101  0.00251669  0.00582287  -0.0060043  0.00158885  -0.00265281  -0.00440258  -0.013255 
191 0.000242285 0.942659 0.0207112 0.0476394 -0.0100605  0.00153375  -0.00494964  0.00532457  0.0035102  0.00437242  0.00935164  0.00822383  -0.0039694  0.00838186 
192 0.00010226 0.628666 0.00725476 0.045025 -0.00238361  0.00206146  0.000575327  0.000380799  0.00129683  0.00411721  0.00292708  -0.00112082  0.00359978  0.00089925 
193 0.000685865 0.78991 0.0282 0.0438748 -0.0116824  0.00930653  -0.00770437  0.0142136  -0.00304603  0.0130385  -0.000395621  -9.26352e-05  0.00912871  0.00692729 
196 2.09256e-05 0.510036 0.000916629 0.0352047 0.000338202  -0.00036967  0.000320032  3.81003e-05  -0.000108787  -0.000516534  5.91334e-05  -0.000115285  -0.000158926  -0.000405725 
197 -0.000738702 0.392765 0.0178111 0.0349062 -0.00300975  0.000708305  -0.00564267  -0.00615127  -0.00549985  -0.00116167  0.00599392  -0.00386219  0.00836751  0.00924887 
198 -0.000877549 -0.236183 0.0508412 0.0442427 0.0155257  0.0223136  0.0253966  0.00552224  -0.00127183  0.0147982  -0.0150548  -0.0202382  -0.0176173  0.00178738 
200 0.00151859 0.739742 0.0381584 0.053248 0.00365199  -0.014896  -0.00869255  -0.00882602  -0.0016597  -0.00960328  -0.00989761  0.00414521  0.0271367  -0.0109932 
202 5.48753e-05 0.531836 0.00264373 0.0363031 -0.00131827  -0.000287737  0.000794293  0.000332283  0.000149023  -0.0011524  -0.00150385  0.00078351  -0.000165003  0.000417678 
203 0.00071257 0.711647 0.0245611 0.0355393 0.00291925  -0.00898222  -4.36111e-06  0.0185415  0.00610098  0.00575356  -0.0054448  0.00637909  -0.00460265  0.00289977 
204 4.98076e-05 2.10456 0.017879 0.0234675 0.00174733  0.00827169  -0.00635787  0.0019656  -0.00851751  -0.00858891  -0.000425517  -0.00553721  0.000623306  -0.00513325 
207 9.73494e-06 0.530496 0.00108974 0.0223812 0.000205973  0.00041022  -0.000242551  0.000106906  0.000332296  0.000470727  -2.90906e-05  0.000413914  -0.000470537  0.000425435 
209 -0.000562273 0.403777 0.0147182 0.0221627 0.00115873  0.000669202  -0.00137478  0.00111448  0.0030868  0.00536932  -0.00907753  -0.00583962  0.00751519  -0.000604558 
210 1.3612e-05 0.876583 0.00452815 0.0324594 -0.000840373  -0.00181277  5.7078e-05  0.002739  -0.000958199  -0.00157291  -0.00119598  -0.00111598  -0.00163182  0.000524962 
211 0.000158023 2.83118 0.0383816 0.0322491 -0.00688954  -0.0130959  -0.0189786  -0.00978219  -0.00616103  0.00687536  0.0131922  0.0190786  -0.0065515  -0.0114944 
212 -0.000539427 0.356004 0.0176329 0.0296984 -0.000373303  -0.00476669  -0.00590397  0.00884264  0.00170215  0.00769823  -0.00501969  0.00338883  -0.00872543  -0.000184967 
214 -6.03406e-05 -1.12681 0.0198153 0.0377036 -0.00724938  0.00212832  0.00633229  -0.00652936  -0.0062948  0.00197826  0.00414845  0.00351631  0.0117036  0.00653805 
215 -5.9674e-05 0.482044 0.00207071 0.0384955 -5.54762e-05  -0.000391144  -0.000183342  0.000283916  0.000588318  0.00124938  -0.00104318  -4.18679e-05  -0.000735543  -0.000692435 
218 0.000263022 2.50154 0.0458804 0.039263 0.000511022  -0.00871769  -0.000793407  0.0130458  0.0283522  -0.0273848  -0.00769687  -0.00243771  0.00111268  0.0154185 
224 0.000208647 0.743261 0.0142484 0.0357574 -0.00105989  0.00155057  0.00447141  0.00108724  -0.000710848  -0.00273259  0.00858163  -0.0026902  -0.00896872  0.00300385 
226 0.000358733 0.832029 0.0218264 0.0327104 0.00350604  0.00414221  0.00206503  0.00312881  -0.0105462  0.00170032  -0.00755113  -0.0074649  -0.00510219  -0.0134162 
227 1.30687e-06 0.5226 0.000343715 0.0266702 0.000156592  -0.000137218  0.00010017  7.73382e-05  4.13666e-05  0.000118966  6.25844e-06  0.000109606  -6.07938e-05  0.000164809 
231 -2.25397e-07 -11.9899 0.0033557 0.0266457 -0.000692043  0.000834769  -0.00130312  -0.000723177  -0.000876046  -0.0011476  0.0011145  -0.000810015  9.55218e-05  -0.00196776 
236 0.000182675 0.594873 0.00832668 0.0266499 0.00368516  0.000546011  0.00564187  -0.000108229  0.0038891  -0.00206986  0.000582496  0.00186165  0.00048658  -0.000401999 
237 4.98503e-05 1.35908 0.013088 0.0229687 -0.00253327  -0.00213024  -0.00142203  -0.00325032  -0.00576486  0.000366974  0.0080205  -0.00203574  0.00677532  -8.59546e-05 
238 8.54536e-05 0.975279 0.0127456 0.0218566 0.00638484  0.00344659  0.000127618  -0.00351246  -0.000977831  0.007457  8.86719e-05  -0.00335927  -0.00463744  0.00284437 
239 -0.000148239 0.251306 0.0121443 0.0198056 0.00256218  -0.00145751  0.00699548  0.00191094  -0.00439752  0.00441684  -0.000179429  0.00095491  -0.00626669  0.00267279 
240 -0.000671709 0.369011 0.018769 0.0232489 0.00687258  0.00995574  0.00263138  0.00308476  0.0017064  0.00901315  -0.00024366  -0.00838111  -0.00525329  0.00272716 
250 -0.000254808 0.356496 0.012096 0.0348202 -0.00592692  -0.000380518  -0.00474089  0.000428267  -0.00737273  0.00140632  -0.0040318  -0.00188102  -0.00201364  -0.0028629 
251 -2.73623e-05 0.396511 0.00336561 0.0383052 -0.000338707  -0.000168712  -0.000275317  -0.00020205  0.000506053  0.000455936  -0.00296423  -0.000556784  0.00115086  0.000427102 
