generation s h r distopt trait[0] trait[1] trait[2] trait[3] trait[4] trait[5] trait[6] trait[7] trait[8] trait[9] 
2 0.000194763 0.52268 0.0042055 0.05 -0.000779453  -0.00199039  0.00165741  0.000798938  -0.00243875  -0.000226835  -0.00175756  0.000455704  -0.000162363  -0.000640067 
3 0.000811028 0.634307 0.0208766 0.097943 0.00680469  -0.00829605  1.35159e-05  0.00798645  0.00430078  -0.00561425  -0.00244148  -0.0114471  0.00182988  0.0081584 
5 0.00293838 0.57346 0.0294341 0.192631 0.00470236  -0.0111974  -0.00903969  0.00689029  0.00143773  0.0082097  0.00366516  -0.00467926  0.0025561  -0.0218712 
7 0.0062966 0.636569 0.0587122 0.283862 -0.00648393  -0.0144297  0.0244437  -0.00849465  -0.0220556  0.0178578  0.0105626  0.0171617  -0.0285422  -0.0223855 
8 0.0164176 0.687373 0.11099 0.321624 -0.0476815  -0.0372171  -0.0074491  0.00438701  -0.0416289  0.0203651  0.00671902  -0.0441302  0.0505589  -0.04346 
9 0.00192751 1.38911 0.082731 0.341276 -0.0593554  0.0122348  -0.0121921  -0.00602321  0.0428765  -0.00837715  -0.0178722  0.0115464  0.0195087  0.0156477 
14 0.0627612 0.585076 0.150023 0.578213 -0.00301602  -0.0664401  -0.0332829  -0.0680156  0.0138019  -0.0012352  -0.0992867  0.0113409  -1.61323e-05  0.046597 
15 0.0593517 0.574544 0.137158 0.570896 -0.0193701  -0.0576289  -0.0598194  0.00167017  0.0431205  -0.0690948  0.0324514  0.0154238  -0.0447135  -0.0401398 
16 0.0326301 0.526361 0.062446 0.565384 -0.029625  -0.0229106  -0.0055122  0.011722  -0.00310705  -0.00958797  0.0351134  -0.0210034  0.000997445  0.0235053 
17 0.0292334 0.569321 0.0916316 0.583921 0.0186205  -0.0373298  0.037036  -0.000897052  0.0584451  -0.0288306  -0.0182867  -0.0196588  0.00148321  -0.0177069 
18 0.0160945 0.518205 0.0359157 0.606168 -0.00493636  -0.0195385  -0.00561221  -0.0125234  0.00727135  -0.0134714  -0.0190195  0.00601795  -0.00407384  0.00682526 
19 0.0307207 0.71243 0.161507 0.640116 -0.103354  -0.0362529  0.0562267  -0.0690522  -0.010994  -0.0562638  -0.00836978  0.0354483  0.0388169  0.00622196 
20 0.0427209 1.427 0.391204 0.660749 0.00894308  -0.207753  0.0950046  0.0331294  0.00214957  -0.147909  -0.0656639  0.191651  0.169691  -0.0892025 
23 0.024218 0.550285 0.0713885 0.732491 0.0121425  -0.0170137  -0.0037698  -0.0217407  -0.027549  0.0411884  -0.00819106  -0.0162801  0.0294109  -0.0228029 
24 0.0195455 0.541883 0.0585565 0.754021 -0.00414058  0.00953008  -0.0323401  0.000969839  -0.00466999  0.00490422  0.0298862  -0.0145698  -0.0309876  -0.0127482 
25 0.0468338 0.554709 0.105116 0.781625 -0.024366  -0.0469539  -0.0115956  -0.0238812  -0.0356414  0.0430648  0.0181707  0.00924253  0.0615735  -0.0146435 
27 0.0464521 0.521578 0.0703365 0.832664 0.00840023  -0.0133993  0.00248676  0.0443403  0.00888148  -0.0116272  0.00872341  0.0119349  -0.0472578  0.00767881 
29 0.0706448 0.560271 0.136916 0.891028 -0.0381466  -0.0533306  0.0476272  -0.0382928  -0.00555156  -0.0517569  0.0226204  0.0322632  -0.0803101  2.41692e-05 
30 0.0641122 0.588194 0.154225 0.894447 -0.121704  0.00342772  0.00234534  0.0250256  -0.0243628  0.0397524  0.055105  -0.0512433  -0.017603  0.0135569 
31 0.0197474 0.512343 0.0340079 0.902464 0.0145054  -0.00667692  -0.0156295  0.0189542  -0.00410306  0.012432  0.00144784  0.000772887  0.0110328  -0.0014844 
33 0.00650741 0.842494 0.0943253 0.98104 0.0346523  -0.0131837  0.0640824  -0.0239809  -0.00711046  0.0142083  0.0253414  0.0320334  -0.000908472  0.0303225 
36 0.0075342 0.614267 0.0587999 1.11519 -0.00747943  -0.0121111  0.0217244  -0.0115542  -0.0259054  -0.0128929  -0.0266134  0.00788147  -0.0240861  -0.021483 
37 0.0597374 0.556192 0.121241 1.15788 -0.00976943  -0.0224377  0.00315078  -0.0247504  0.0972085  0.00453612  0.033675  -0.0153211  0.00640045  0.0509724 
39 0.0329994 0.690017 0.158512 1.22552 0.00709599  -0.0115222  0.0831998  0.0600488  -0.0412538  0.0584044  0.0276793  0.0266362  -0.0881989  0.00686581 
40 0.11841 0.505114 0.0924366 1.25921 -0.00778846  -0.0520936  -0.0153798  -0.0381667  -0.0492661  -0.0212399  0.00106403  0.0137604  -0.0291107  0.0126763 
43 0.0680079 0.588676 0.159455 1.26082 -0.0530155  -0.0128351  -0.0196391  0.0635587  -0.0515735  -0.0366449  -0.0651728  -0.0468832  -0.0691553  0.0528624 
44 0.0676497 0.5107 0.070297 1.23445 0.0217643  -0.0344386  0.0140533  0.0296345  -0.0158154  -0.0106666  -0.00557757  -0.0218557  -0.0286021  -0.0227048 
45 0.106755 0.502797 0.0792185 1.20765 0.0284937  -0.0411274  0.00178775  0.0326904  0.0174505  0.0113575  0.0232426  -0.030815  -0.0139078  0.0241584 
46 0.0459604 0.518784 0.0662105 1.16489 -0.000108663  -0.00980365  -0.0357955  0.0229115  0.00520595  0.00413357  -0.0049268  -0.00261247  0.0276264  0.0405332 
47 0.0343386 0.513886 0.0494423 1.14544 -0.0210678  -0.0179935  0.0177565  0.0149797  -0.0108835  -0.00563234  -0.0044049  -0.00324827  0.0021144  -0.0308648 
51 0.246765 0.545302 0.252745 1.13061 -0.0454281  -0.136119  0.102861  0.0165809  -0.0623523  0.0560578  -0.0791088  0.0306984  0.1106  0.0772616 
53 0.0610061 0.581802 0.14518 1.02846 0.0277421  -0.0485075  0.0370797  -0.0456971  0.0524622  -0.0382389  -0.0692826  -0.0483513  -0.0396005  -0.0396333 
54 0.214324 0.575422 0.277134 0.999254 0.129087  -0.15473  -0.11576  -0.0190957  -0.0318928  -0.111534  -0.043074  -0.0471746  -0.0386341  0.0583372 
56 0.0121701 0.601237 0.0704886 0.89684 -0.00358283  -0.0200638  -0.00930974  0.0373859  0.00099508  -0.0198934  -0.0196526  -0.0412447  -0.00223713  0.0240784 
58 0.0119568 0.53603 0.0422287 0.89007 0.0136275  0.000130394  0.0033572  -0.0157697  0.0247266  0.00497993  0.020884  -0.00724274  -0.00618106  -0.0132128 
65 0.0322313 0.511587 0.0444191 0.883368 0.000891867  -0.0219539  0.0188699  0.00185676  0.0109669  0.00933913  -0.0031306  -0.0137904  -0.00438697  -0.026534 
66 0.0494019 0.901611 0.279053 0.865226 -0.0621738  -0.0928498  0.00548811  -0.195166  0.107424  -0.00615933  -0.116121  0.0283489  0.0257843  0.027086 
69 0.00491292 0.512892 0.0162702 0.836897 0.00854626  -0.00535817  -0.00513389  0.00122839  -0.00559643  0.00317826  -0.00275038  -0.00312784  -0.00279654  0.00827745 
72 0.0305882 0.518018 0.0512318 0.833964 -0.0167249  -0.0245072  -0.00422504  -0.016295  0.029878  0.00642054  0.00300265  0.0110837  0.00621687  0.018883 
74 0.0820894 0.527453 0.108448 0.815699 -0.0269992  0.00173628  -0.0640072  0.0332209  0.0458193  0.0523615  0.0182226  -0.00679169  -0.0244183  -0.00357438 
76 0.0365218 0.724239 0.180792 0.765814 0.0546506  0.0147436  0.0104552  0.0289523  -0.0860568  0.119795  0.0049589  -0.0613071  0.00294354  -0.0546412 
80 0.142515 0.555781 0.196067 0.742025 -0.0940455  -0.04217  0.00155345  0.0972044  -0.06193  0.0618502  0.0510928  0.0568031  0.0679411  0.015957 
81 0.0688556 0.531664 0.103143 0.646041 0.0294122  -0.0687764  0.0137941  -0.00191751  -0.037599  -0.015165  0.0276596  -0.0172527  -0.0242574  -0.0394258 
84 0.0803829 0.557814 0.144288 0.592267 -0.0561553  -0.0538252  0.00446258  -0.0328125  0.0194998  0.0569525  0.0528106  0.0850801  0.00353307  0.0028245 
85 0.0305789 0.512477 0.0442326 0.522939 -0.00812446  -0.0329222  0.000628851  0.0102329  0.0198965  -0.0116412  -0.00459513  -0.00575107  0.0107067  0.00114986 
87 0.0403399 0.561358 0.102348 0.493299 0.0205015  -0.0278349  -0.0456433  0.0134441  -0.00763756  -0.00342803  0.0264337  -0.0502931  -0.000695937  0.0609694 
89 0.0147028 0.548348 0.0541128 0.451438 0.0166898  -0.00188088  -0.0399274  0.0177333  0.00192448  0.0150938  -0.00232903  -0.00120523  -0.0141574  -0.0172803 
90 0.0233108 0.574536 0.0844361 0.434972 -0.0414672  -0.0274233  0.00356438  -0.0121073  0.0279128  0.0527854  0.00402943  0.017888  0.00980618  0.0223786 
93 0.00548164 1.48907 0.146916 0.407624 -0.0167528  -0.0621043  -0.0163684  -0.012092  0.0622821  -0.0185278  -0.105293  -0.03977  -0.000895373  -0.0118747 
94 0.0229939 0.627088 0.108618 0.400863 0.00631532  -0.0364143  -0.00906071  -0.0324186  0.0057628  -0.0120125  0.00369339  -0.0480257  -0.00974493  -0.0818924 
96 0.00147665 0.558949 0.0186816 0.371426 0.010441  -0.00604062  -0.00742536  0.00310545  0.00928654  0.00209394  -0.00298878  0.00385568  0.00253183  0.00422908 
102 0.0151539 0.560429 0.0612113 0.369434 -0.00579591  0.00220547  0.0234184  0.0155692  -0.0282786  -0.00781089  0.0319154  0.0136862  0.00884569  -0.0277975 
104 0.00212833 0.509732 0.00922057 0.348485 -0.00475823  -0.000162989  -0.000901848  -0.00126266  0.00287883  0.00551062  0.00298775  0.0034969  0.000350106  0.000108912 
105 0.020363 0.705709 0.129443 0.345421 -0.0174637  0.00780224  -0.0776498  -0.0389804  0.022925  -0.0343985  0.0709509  -0.0340289  -0.0177118  -0.0250215 
107 0.0110491 0.540709 0.0430032 0.314892 -0.0261835  -0.0148125  0.00805148  -0.00904652  -0.00471512  -0.00749666  0.0237354  0.00609088  -0.0102046  -0.00381975 
109 0.00603662 0.527067 0.0258781 0.296932 0.00522647  -0.00961787  0.01118  0.00739037  -0.0147573  -0.00325241  -0.000163285  0.0118092  -0.00154656  -0.000110574 
111 0.0163491 0.689094 0.111259 0.286618 -0.0380213  -0.00920729  -0.00796031  0.0184826  0.000540998  0.0426988  0.0417643  -0.0449486  0.0364908  0.0593587 
112 0.00208502 0.563111 0.0229769 0.256775 0.00931463  -0.00782419  0.00547329  0.00724536  0.0129713  -0.00398831  -0.00534319  -0.00327677  -0.00742611  -0.00434865 
113 0.0329244 0.725376 0.172103 0.252686 0.00982396  -0.121306  -0.0168524  0.0438083  -0.00418375  -0.0498913  0.0568321  -0.0309576  0.0129153  -0.0757813 
114 0.00289491 0.665358 0.0437693 0.177359 0.00993544  -0.0308118  0.00803253  -0.014345  0.00181699  0.0038069  0.0138424  0.00752807  0.0181669  -0.00111727 
115 0.00102655 4.14804 0.122248 0.169014 0.00483721  -0.032381  -0.00988283  -0.0161424  0.0387057  0.0460565  -0.0218253  0.0831568  -0.000626401  -0.0500321 
116 0.00199296 0.900584 0.0564883 0.165951 -0.0184954  0.00390507  -0.0225868  -0.0118361  -0.0177186  0.0207467  0.035406  0.0126078  0.00231894  -0.00458744 
118 0.00504516 1.9061 0.167981 0.159839 -0.0166062  0.0156635  -0.0619023  0.0855059  -0.0429348  -0.102278  -0.0234136  0.0424545  -0.0198038  0.0388114 
121 0.000878858 0.969297 0.0406092 0.143235 -0.0147781  -0.0167471  -0.00776455  0.00881517  0.00495045  -0.00187674  0.0281831  -0.00792348  -0.0019819  0.0111006 
123 0.000738572 0.509901 0.00543246 0.140134 0.00339925  0.000798697  0.000708403  0.00186905  0.00089676  0.00182319  -7.23529e-05  -0.00296808  -0.000609026  9.86404e-05 
125 0.00375893 0.536898 0.0236802 0.137475 0.000212194  0.000853887  0.014509  -0.000890537  -0.00642553  0.00643813  0.00115763  0.00793853  0.00734374  0.012151 
127 0.00221926 1.31607 0.0850421 0.123075 0.0184996  -0.00692464  0.0156407  0.00792139  -0.0114107  0.0096694  0.0198478  -0.00222136  0.0472305  0.0606736 
128 -0.000814587 0.454791 0.012153 0.113713 0.000670053  0.000785186  -0.00457533  0.00325391  7.70719e-05  -0.00663002  -0.00427766  0.0025187  -0.00551604  0.00400961 
129 0.00225824 0.643672 0.0360368 0.117242 -0.00399144  0.0046654  0.000753008  -0.00136833  -0.0217345  0.00476277  0.00532189  -0.00774084  -0.024983  0.00714522 
132 0.00128046 2.04426 0.0888674 0.107191 -0.0255892  -0.00779499  0.00570201  -0.0315866  0.00950402  0.0526617  -0.0336235  0.0224109  0.00352246  0.0405319 
133 0.00130518 0.696834 0.0320572 0.101046 -0.000301256  0.00572565  0.0169339  -0.00666206  -0.0161821  0.00732752  -0.00479626  0.00193626  -0.016777  -0.0063147 
134 0.00334198 0.639072 0.0431409 0.0943713 0.00434019  -0.00527922  -0.0224274  0.0200426  -0.00131133  0.00854874  0.0120832  -0.0146491  -0.00886392  -0.0198939 
136 6.07128e-05 1.09256 0.0119957 0.0746293 0.00452457  -0.00188061  0.00400463  0.00171038  0.00352241  0.00131275  -0.00202641  0.00150104  0.00495636  0.00747472 
137 9.20295e-05 0.527914 0.00320614 0.0742215 0.00100367  0.000200629  -0.000107898  0.00164441  0.000238232  -0.000509177  -0.00179562  -0.00154576  0.000571421  0.000509775 
138 0.000495415 0.584056 0.0129093 0.0735989 0.00148636  0.00470241  0.00459658  0.002895  -0.00294147  -0.00468426  -0.00196605  0.00201664  -0.00158866  -0.00847153 
142 0.000354797 0.593269 0.0115067 0.0701535 0.00661686  0.00177441  0.0017009  -0.000778066  -0.00336487  -0.00423604  -0.0053641  -0.00165515  -0.00318363  -0.00332552 
143 0.000707496 0.658374 0.0211722 0.0675779 0.0116645  -0.00216815  -0.00203627  -0.00940571  0.00589177  -0.0045508  0.00257004  0.00469664  0.00155811  -0.0113302 
145 0.000255188 0.527334 0.00528492 0.0621251 0.000103872  -7.36661e-08  0.00382279  0.00206082  0.00154731  0.00180586  0.000668912  0.00112436  0.00129813  8.21077e-05 
147 4.54549e-05 0.551725 0.00306684 0.0600364 -0.000739369  -0.00190897  -0.00134353  -0.000772423  0.000426586  0.00102001  -0.00011697  -0.000875735  0.000895569  8.88953e-05 
151 -0.000294822 0.474425 0.00549621 0.0596567 -0.000496395  -0.000279481  -0.001602  -8.55771e-05  -0.00278301  0.00172301  0.00180269  0.00324894  -0.0010659  -0.00128637 
152 -2.59311e-05 0.497803 0.000477724 0.0620789 0.000249277  5.0737e-05  -3.02941e-05  7.39559e-05  6.07391e-05  -0.000146535  -0.000108902  0.000294543  0.000180819  2.54327e-05 
153 0.000855159 1.40686 0.0556765 0.0622874 0.0169527  -0.0364261  -0.00536122  0.0161275  0.00785534  0.00111832  -0.00675834  -0.0308992  -0.0079538  -0.00837337 
154 0.000104445 0.770118 0.010623 0.0549993 0.00120326  -0.0029957  0.00525382  -0.00372986  0.00531692  -0.0040334  -0.00176081  -0.000527956  0.00197954  -0.00301249 
157 -2.80019e-05 -21.0714 0.0491474 0.0540415 -0.00406898  0.0172156  0.0287286  0.00708681  -0.0124356  0.000149124  0.0036672  0.00607618  -0.0303104  0.0101595 
158 -4.23612e-05 -5.80521 0.0326843 0.0543 1.23907e-05  0.0141853  -0.00155826  0.0080873  0.0171267  0.00253177  -0.0056108  -0.0169834  -0.0133726  0.000855408 
159 0.000336828 1.56864 0.0379387 0.0546886 -0.0158536  0.00722464  -0.0121278  -0.0103061  -0.0186259  -0.00175561  0.0138588  0.0020888  0.0177488  0.00458911 
161 0.00025698 0.545727 0.00685785 0.0515177 0.00142172  -0.00115123  0.00203936  0.000788577  0.00479801  -0.00186931  -0.00231962  7.89532e-05  -0.00109738  -0.00240755 
167 7.88005e-05 0.534865 0.00331545 0.0489605 0.00245324  -0.000633214  -0.00140686  8.85574e-05  0.000548071  0.000186738  0.000483686  -0.000550994  0.000907067  0.000943505 
170 0.000269928 1.64855 0.0352106 0.0481491 -0.00241473  0.0121812  0.00326984  -0.0169109  0.00604719  0.00433387  -0.0218754  0.010196  0.0109909  -0.00550054 
173 0.000690196 0.666478 0.0214398 0.0452597 0.00597821  0.00518099  0.00987042  0.00926238  0.00468382  0.00671951  0.00295988  -0.0078069  0.00446655  -0.00755757 
175 6.85473e-05 0.703406 0.00746805 0.0368576 -0.00488602  0.00192474  -0.00153875  0.00132694  0.00195539  0.000806146  0.00429011  -0.000130167  0.000286843  -0.00104294 
176 -3.99317e-05 -0.487046 0.0125562 0.0359157 0.0027136  -0.00436042  0.00467455  0.00653546  -0.00303657  0.00645994  -0.00373698  -0.000958475  0.000902438  -0.000261877 
178 2.083e-05 2.48365 0.0128559 0.0364674 0.000220047  0.000297945  0.00555052  0.00554266  0.00272066  0.00555221  0.00592705  0.000518611  -0.00145586  -0.00527814 
179 -0.000590706 -0.392327 0.0459201 0.0361807 0.0176623  -0.0142289  0.00335116  -0.000858835  0.0188686  -0.00385005  0.0107857  -0.00221613  0.00730915  0.0321987 
180 -0.000110926 0.445815 0.00490402 0.0435881 -0.0028933  -0.000189673  0.00111769  0.000909684  -0.000626107  0.000450092  -0.000388085  -0.000896957  0.00339108  0.000718594 
183 0.000588354 0.677414 0.0204342 0.0448425 -0.00748505  0.00108348  -0.001241  0.000764888  0.00096408  0.00256117  0.00147767  0.00615019  0.00968028  -0.0147318 
185 -3.97932e-05 -0.674319 0.0136719 0.0377183 -0.00761349  -0.00361975  -0.0022553  0.00517676  -0.0046502  -0.00566269  -0.000967363  -0.00259776  -0.00231293  -0.00415243 
189 2.76644e-05 1.51847 0.0106159 0.0382422 -0.000731925  0.00831555  -0.00479681  0.00122134  -0.00313817  0.00124892  -0.00154956  0.000977205  0.00080893  -0.0017592 
196 -3.03657e-05 0.374269 0.00390798 0.0378788 0.00086511  -0.00246498  0.00221397  0.000754274  -0.000757599  2.4302e-05  -0.0001101  0.00141629  -0.000615031  7.98783e-05 
198 -0.000207495 0.148833 0.0170735 0.0382775 -0.00282202  -0.00310351  0.00225891  0.00282363  -0.0052605  -0.00752612  0.00713  0.00486281  -0.00635417  -0.00785224 
199 -0.000277577 0.373668 0.0118458 0.0408985 -0.00421634  0.00286272  -0.00235054  -0.000342279  0.000865543  0.00198412  -0.000885879  0.000215474  0.0095901  0.00334974 
201 0.00104272 0.821524 0.0366151 0.0441622 0.00120947  -0.0065705  0.00113641  -0.0287688  0.00900609  -0.00235153  0.00742371  -0.0107735  -0.00756185  -0.0123325 
202 8.25536e-06 5.57945 0.0129509 0.0301351 -0.00137278  -0.00401944  0.00161701  -0.00417463  -0.00122838  0.00781456  -0.0050379  0.00418966  0.00314933  -0.00377034 
203 -0.000278056 0.0794903 0.0216282 0.0299978 0.00243512  0.00772002  -0.00996149  -0.00389172  0.00010735  7.78611e-05  -0.0105065  0.00736169  0.0105069  -0.00358886 
204 0.000136135 1.30343 0.0209154 0.0343214 0.0141883  -0.0104488  0.00377977  -0.000876727  0.00456782  -0.000474686  0.00708829  0.000396157  0.000887723  0.00629556 
205 1.57671e-05 5.66259 0.0180439 0.0322775 -0.00244911  -0.0076593  0.00423306  0.0122639  -0.00238103  0.00708763  -0.00066885  -0.00566203  -0.00194212  0.00064382 
206 -6.28801e-05 0.213825 0.00848424 0.0320323 -0.00292299  0.0027891  0.00280965  0.000574478  0.000233852  0.00139134  -0.00253335  -0.00123335  0.000881919  0.00606036 
207 0.000273963 0.672966 0.0137678 0.0329993 -0.00523494  0.00767169  -0.00262747  0.00069282  0.0035585  0.000791429  -0.00404211  0.00359803  -0.00702533  0.00199506 
209 5.46204e-05 0.640532 0.00554113 0.0285486 -0.00054121  -0.00330672  0.000171469  -0.00115125  -0.00220661  0.0013564  -0.000788906  -0.00143207  -0.00218806  -0.00198803 
210 -7.39874e-06 -1.14234 0.00697173 0.0275755 0.0023609  0.0019538  0.000223351  0.00200677  -0.0004913  0.0020063  0.00146165  -0.00432803  0.00263541  -0.00174831 
212 -0.000307454 -0.534267 0.0356651 0.0277093 -0.0119059  0.0071388  -0.0131873  0.00110087  -0.0136636  -0.0047909  0.0157015  -0.0140225  -0.00870604  0.01325 
213 5.95062e-05 0.632853 0.00562344 0.0327919 0.000776749  0.0032978  -0.00151685  3.62001e-06  0.000464356  -0.00209471  0.00219851  0.000430202  -0.000602997  -0.0028032 
215 -0.000315682 0.383585 0.0121273 0.0318717 -0.0059996  -5.74012e-05  0.00125489  -0.00551298  -0.000962086  -0.00593986  0.00128555  0.000417675  -0.00604675  0.0021229 
216 9.46495e-05 3.93004 0.0360325 0.0364902 0.012873  0.00814027  -0.00703993  -0.0104242  0.0106484  0.0025206  -0.00648911  0.0172026  -0.0199383  0.00726772 
220 -4.31973e-06 0.470753 0.000710895 0.0351694 2.35955e-05  -8.37194e-06  7.68931e-05  -0.00026947  0.000120066  -0.000449103  1.33488e-05  7.56351e-05  -0.0002453  -0.000379523 
222 -0.000165225 -0.217129 0.021771 0.0352308 -0.00173906  0.00199225  0.00390875  0.00903071  -0.0144616  -0.00490938  -0.0105089  -0.00435896  -0.00191496  -0.00195086 
223 -2.08906e-05 0.117981 0.00565003 0.0375026 0.000895142  0.00356255  0.00132765  0.000450656  0.000148315  -0.00199807  0.000943554  -0.00198404  0.000639105  -0.00268599 
224 -2.85618e-05 0.27666 0.0050514 0.0377801 -0.00179962  -0.000718062  -0.000712423  -0.00130306  0.00210814  0.000538474  0.0025106  0.00127515  0.0002627  0.00261238 
227 0.000297867 0.562201 0.00861063 0.0381563 0.00308892  -0.00265889  -0.00416827  0.000701793  -0.00190754  0.0021495  -0.000903856  -0.00391902  0.00369867  -0.00124495 
228 -0.000141048 0.368476 0.00861505 0.0340305 -0.000552855  0.000387591  -0.00090559  -0.00229987  0.00498944  0.00259495  0.00298233  0.000123347  -0.00152711  0.00497835 
231 1.15397e-05 8.87942 0.0196663 0.0360435 -0.00095299  -0.00722407  0.00719514  0.0120821  0.00363465  -0.00389483  -0.00257398  0.00619926  0.00597885  0.00517093 
233 -2.5192e-05 -8.59479 0.0302716 0.0358831 0.0146352  0.0148087  -0.00106998  0.00837453  0.00225026  -0.000554312  0.0120287  0.00259673  0.000348632  -0.0159587 
234 0.000219131 1.95149 0.0356644 0.0362324 -0.00724687  -0.000987592  0.0129354  -0.00818164  0.00375325  0.0188819  -0.0132854  -0.017176  0.00385702  -0.0112774 
235 0.000281749 0.66487 0.0136315 0.0330708 0.00458818  -0.00629939  0.00411322  -0.00139867  -0.00324371  0.00118854  -0.00546434  0.00798677  0.00040778  0.000678728 
236 1.2245e-05 3.54853 0.0122194 0.0284951 -0.00123326  -0.0093105  -0.000363553  -0.00367144  0.000829245  0.00499793  -0.00160277  -0.0018657  -0.0039291  -0.000583943 
237 4.87462e-05 0.622374 0.00488483 0.0282794 0.00037968  0.00076626  -0.00101861  0.00132888  -0.00206859  -0.00118167  -0.000898708  -0.000867882  0.00193643  0.00305627 
240 9.62069e-05 1.7718 0.0221218 0.027404 0.00714715  0.00153227  -0.00991731  0.00906394  -0.00150935  -0.0130662  0.004401  -0.00279768  0.00147535  0.00728439 
242 -0.000420855 0.215964 0.0218703 0.0255886 -0.00119892  0.00775455  0.0104037  -0.00470312  0.00961311  -0.00869156  0.00567212  0.00536263  -0.00722575  -0.00229936 
243 0.000139317 1.70804 0.0259443 0.0327982 0.00598129  -0.0169098  -0.00505468  0.0058935  0.00627012  0.00444786  0.0034621  0.0044921  0.0010464  -0.0140978 
245 0.00040145 0.753118 0.0201603 0.0306009 -0.0100967  -0.00263251  -0.00299988  -0.00861182  -0.00566713  0.00741994  0.00808927  0.00581829  0.00459654  -0.00260974 
246 -5.90806e-05 -0.538972 0.0156695 0.0231311 0.00687362  -0.0117475  -0.00374567  0.00201657  -0.000830896  5.23348e-05  -0.00548335  -0.001523  0.00268928  0.00136891 
247 0.000171528 1.55706 0.0269286 0.0243747 -0.0111622  0.0107189  0.00627628  -0.00811012  0.00165987  -0.0144826  -0.00895315  -0.00460022  0.00556854  0.00597219 
253 -0.000113127 -0.0162941 0.0152853 0.0205576 0.000569781  -0.00218579  -0.00438865  -0.00444498  -0.0072377  -0.00579678  0.00939209  5.55118e-05  -0.00301394  -0.00249672 
254 -9.16658e-06 0.292048 0.00276132 0.0231462 -1.42728e-05  0.00130408  0.00188954  0.000556341  0.00129393  -0.000113277  -0.000292073  -0.000211858  0.000361583  0.000310126 
255 0.000214679 0.594975 0.00903162 0.0233434 -0.00064851  0.00395972  0.000831762  -0.000859449  -0.00231599  0.00730492  -0.000632475  -0.00206941  -0.000725025  0.000325455 
259 3.91143e-05 0.710504 0.00573889 0.018173 0.000814448  -0.00357443  -0.00158639  0.0024828  -0.00109956  0.000283988  0.000662772  0.000889061  -0.0004908  0.00283793 
260 -0.000379234 0.287447 0.0179597 0.017063 -0.00694405  -0.00388688  0.00899366  -0.0040187  -0.00807959  0.00437731  -0.00711814  -0.00087441  0.00119412  0.00498867 
261 -0.000133544 0.47056 0.00396691 0.0258931 -0.000456451  -0.000932009  0.00144509  0.00151164  -5.22229e-05  -0.00173063  -0.000319725  -0.00200534  -0.00103108  0.00144965 
262 0.00011153 0.735088 0.0102409 0.028355 0.00112518  0.00124745  -0.00489366  -0.00261734  -0.0021247  -0.00130773  -0.00194351  0.00690082  -0.00331019  -0.00163567 
264 -0.000218553 0.435754 0.00749627 0.026315 -0.0045405  -0.00352564  0.00174932  0.00166893  0.00131638  0.000605151  -0.00217017  0.000975753  -0.000792187  -0.00298563 
265 0.000116508 0.642226 0.00814151 0.0301837 0.00277764  0.00326228  -0.003948  -0.00119586  -0.000768963  -0.00322248  -0.00358508  -0.00247898  0.000737105  -0.000626551 
267 1.69076e-05 7.04124 0.0210324 0.0281879 -0.00482354  0.00662584  -0.00689344  -0.00387633  -3.64897e-05  0.00371701  0.00366146  -0.00465238  0.0139026  -0.0083962 
271 0.000315433 0.759529 0.0180953 0.0278863 0.0139525  0.00288012  -0.00404861  -0.00334302  0.00251692  0.000165172  0.00102552  -0.00554103  -0.00166351  0.0074848 
276 4.63194e-05 0.900115 0.00860994 0.0215003 0.000407219  0.00357069  -3.99231e-05  0.00342941  0.00121643  -0.00411704  -4.34486e-06  0.00414137  0.00224363  0.00297294 
277 -0.000539371 -0.0636027 0.0348748 0.0203948 0.00553114  0.012901  -0.0203344  0.00861598  0.0122639  0.0143694  -0.00857336  0.00440518  -0.00692773  -0.00580631 
278 0.000197229 0.538036 0.0054794 0.0309106 9.54295e-05  -0.000567697  0.00385353  0.000991676  0.000106601  -0.00333243  0.00074916  0.00071504  -0.000107334  0.00128794 
279 -2.63727e-05 -5.76833 0.0257139 0.0275364 0.00176243  -5.66684e-06  0.0210247  0.000479159  0.00367207  -0.00965014  0.00266638  -0.00814013  -0.000484552  -0.00596785 
280 -0.000909095 0.36468 0.0221964 0.0280112 -0.000596079  0.00886607  -0.00487606  0.0167108  0.00517372  0.000135668  -0.00456164  -0.00343083  -0.00293249  0.00653676 
282 -0.000350547 -0.445085 0.0364042 0.0411599 0.0112704  -0.00795482  0.00699978  0.0114135  -0.0118895  -0.000919067  0.0249281  -0.00466097  0.00957844  0.0088664 
284 0.000529413 0.785774 0.0245989 0.0452188 0.00271388  -0.00613049  0.00342719  -0.00950578  -0.00947383  0.0104254  -0.00822325  -0.00168556  0.00614301  -0.0123048 
287 -3.55407e-05 0.489007 0.00125037 0.038929 0.000306799  -0.000795237  -6.5523e-05  0.000198282  -8.62406e-05  0.000212683  -0.000266584  -0.000655757  0.000160021  -0.000462529 
290 6.70828e-05 0.546962 0.0035501 0.0393829 0.000780131  -0.000291021  -0.00106744  -0.000940458  -0.000690718  -0.001752  -0.00156294  0.00177062  0.000624768  -0.000609299 
292 -0.000128837 0.0991769 0.0143729 0.0385218 -0.00583982  -0.0012664  -0.00562153  0.00302046  0.00422952  -0.00447255  0.00847304  -0.00260686  0.00120097  -0.00349637 
294 0.000313445 0.659117 0.0141248 0.0401594 -0.0059907  -0.00411619  -0.00318683  -0.000902381  -0.00880397  0.00218215  -0.0021055  0.000498233  -0.00697151  0.000392052 
297 -0.000160848 -0.879117 0.0297876 0.0360469 0.00324532  -0.00412198  0.00530975  -0.00332361  0.0233609  0.00484149  0.00349953  -0.00700288  -0.0112757  0.00793327 
299 -0.000155068 0.411204 0.00742251 0.0382131 0.00263662  0.00117344  -0.00385196  0.00154815  -0.00154564  -0.00280566  -0.00287231  -0.00217849  -0.00155901  0.00196042 
301 3.54579e-05 0.50582 0.000908898 0.0401911 6.90272e-05  -0.000301947  0.000457418  -0.000272655  -0.000127031  0.000301489  0.000244337  0.000387343  0.000318624  0.000168219 
303 1.28357e-05 1.16588 0.00584703 0.0397475 -0.00200221  -0.00279677  0.00353123  -6.05857e-05  -0.000446883  0.00224626  -0.000581917  -0.000606746  0.000534356  -0.00190947 
305 0.0002376 1.00655 0.02194 0.0395857 -0.0102018  0.00615861  -0.00553784  0.00200349  -0.00897693  -0.00883471  0.00776896  0.00648426  0.00485285  0.00448186 
306 0.000553947 1.11664 0.0369579 0.0364617 0.00308369  0.0094837  0.000827819  -0.0212671  0.0119081  0.0038105  -0.0125992  0.0143004  -0.0167491  -0.00365619 
309 0.000160339 0.588907 0.00755174 0.0278507 -0.00426596  -0.00292208  -0.00109834  0.00165545  -0.0029948  0.00348304  -0.000681323  -0.000759029  0.000259515  -0.00203392 
310 -0.000183397 0.372135 0.00968633 0.024806 -0.00112517  0.00114796  0.0090268  0.00163141  0.000604653  0.000423455  -0.000652597  -0.000984586  -0.000778189  -0.00213322 
313 -0.000135466 0.404883 0.00718002 0.0282622 0.00376863  -0.000871809  -0.000875953  0.00203191  -0.000233936  0.00399419  0.00190457  -0.000822954  -0.00337358  1.54652e-05 
316 0.00023222 0.717841 0.0142249 0.0305651 -0.00274648  -0.0105599  0.000236158  -0.00187681  0.00217168  -0.00362669  0.00197824  -0.00303394  0.00683206  -0.00143197 
318 0.000159977 1.02008 0.018242 0.0264959 -0.00380947  0.00495072  -0.010694  -0.00237027  -0.00357218  0.00148899  -0.00561547  -0.00446106  0.00842483  0.00603157 
319 5.63173e-05 0.602703 0.00481005 0.0232824 -0.000423154  0.00139655  -0.00171857  -0.000743277  0.000168606  -0.00123862  0.00201282  0.00266279  0.000678819  -0.00208229 
320 4.22645e-06 0.936525 0.00271658 0.0220398 0.000919264  0.000809607  0.00162208  0.000697111  0.00106484  0.000217947  -0.000528889  7.82159e-05  0.00112906  0.000142098 
322 -3.74452e-05 -0.187695 0.0101491 0.0219437 7.6392e-05  -0.00435997  -0.00294269  -0.00313506  0.00648136  0.00177502  -0.00232414  0.0033613  0.00175189  -0.000757426 
326 -7.80525e-05 -0.0615893 0.0132416 0.022781 -0.00153987  -0.00859663  0.00294597  -0.000905188  0.000514191  0.0048497  -0.00211022  0.00103755  -0.00485218  0.00605898 
332 -0.000551736 0.127238 0.0286872 0.0244342 -0.00980093  0.0132162  -0.0136756  0.0146966  -0.00406473  -0.00696823  -0.00623492  0.00531299  -0.00409995  0.000480893 
333 -4.12147e-05 0.108636 0.00803252 0.0338957 0.00490346  0.000246917  -0.000604648  0.00117651  0.000981516  -0.000487839  0.0027058  -0.00133028  -0.00470636  -0.0024949 
335 -0.000494536 0.300516 0.0198698 0.0344983 0.00407629  0.00388896  -0.00168386  0.000429475  0.0113444  0.00974787  0.00125052  0.0110958  0.000471677  -0.00338044 
336 0.000726694 0.564547 0.0137046 0.0410462 -0.000375061  0.000318047  0.00571062  -0.000461918  -0.0118534  0.000331791  0.0011333  0.000310585  0.00355632  0.000328399 
338 -6.68787e-07 -194.135 0.0228176 0.0309574 0.0038958  8.82533e-05  0.00850873  0.000102618  -0.0147451  0.00388534  -0.0063646  -0.0122335  -0.00312789  -0.000764846 
339 0.000182613 2.13445 0.0345488 0.0309682 -0.0116951  -0.00082279  0.000286698  -0.0191913  -0.00656974  -0.0231685  0.00230186  0.00613662  0.00671159  0.00445377 
340 -0.000207078 0.416706 0.00830792 0.0278645 -0.00330464  0.0029155  -0.00270748  0.00228515  0.00391348  -0.00238804  0.00201918  -0.00180011  -0.00146086  -0.00256493 
342 -2.56767e-05 0.480519 0.00141463 0.0313613 0.000235571  0.000168336  -0.000768292  -0.000671936  0.000132267  -0.000821868  0.000225479  -2.89829e-05  0.000358967  4.54519e-05 
344 6.51229e-05 0.588337 0.00479712 0.0317681 0.0020248  0.000550463  0.00213429  0.00219606  -0.00034187  0.00017096  0.00129871  -0.00152826  -0.00168045  0.00149646 
345 4.92217e-06 4.05386 0.0083648 0.030726 -0.00385518  -0.00670037  -0.00114593  0.0001824  -0.000474607  -0.000967124  -0.00150915  0.00213256  0.000800196  -0.000489866 
346 -1.32882e-05 0.494601 0.000535757 0.0306458 -8.0547e-05  8.16354e-05  -0.000282157  2.72929e-05  -3.05637e-05  -3.19326e-05  -2.43098e-05  -0.000394323  8.68133e-06  0.00018819 
351 0.000123 0.525738 0.00355947 0.0308619 0.00252672  -0.00100234  -0.000966395  0.000936397  0.0010169  0.00107715  -6.76426e-05  -0.00100037  -0.000322374  0.00040806 
