generation s h r distopt trait[0] trait[1] trait[2] trait[3] trait[4] trait[5] trait[6] trait[7] trait[8] trait[9] 
3 4.10573e-05 1.91391 0.015238 0.04 -0.0026249  -0.00220556  0.00804684  -0.00178086  0.00309449  -0.00152258  0.00595005  -0.00302981  0.00477567  0.00855766 
4 0.000179488 2.60841 0.0389016 0.0585006 -0.00379978  -0.0202342  0.0237693  0.0131542  -0.0111157  0.00803978  0.00180536  -0.0089849  0.00487322  -0.00745182 
5 0.00249443 0.798509 0.0545594 0.0722941 -0.0254988  -0.000186759  -0.0284439  -0.01701  0.0248488  0.00926809  -0.0146606  0.00808657  -0.00186612  0.0155223 
11 0.0101836 0.64591 0.0772036 0.164553 -0.00921776  -0.0568559  -0.0112682  -0.0231859  -0.00309366  -0.0034657  0.0244882  0.00383034  0.0309687  -0.019578 
14 0.00920152 0.546016 0.0415635 0.18523 -0.022865  -0.0166693  0.0117416  0.0066799  0.00862078  -0.000392078  -0.010005  -0.023278  -0.00280484  -0.00447848 
16 0.00101777 0.548003 0.0139941 0.196191 -0.00119464  -0.0019418  0.00154433  -0.00423899  -3.30619e-05  0.000626944  0.0053144  0.00467404  -0.00822304  -0.00722372 
18 0.0087193 1.68774 0.202662 0.232027 -0.0824979  -0.0633734  -0.0222356  0.105375  0.0721201  -0.0586146  0.0113676  0.0654393  0.0238574  -0.0709474 
19 0.00567095 0.885185 0.093377 0.224523 -0.0630619  0.013074  -0.0407339  -0.0463385  0.00107123  0.00461453  0.00329149  0.0217185  -0.011848  -0.0109399 
20 0.00363595 0.655639 0.0475965 0.222255 0.00412257  -0.0098896  0.0214317  0.00855302  0.00236486  0.0211747  -0.0324116  0.00388374  -0.00807459  -0.00577944 
21 0.00906108 0.783476 0.10127 0.225934 0.0440358  -0.0546418  -0.0225319  -0.0166864  0.00178399  0.0329461  -0.000150118  -0.0202256  -0.0476557  0.0278546 
22 0.0157982 0.579955 0.0716429 0.218642 -0.0365689  -0.0341703  -0.0120757  0.00564252  -0.0426772  0.000855729  0.00719896  -0.0040205  -0.021866  -0.00905336 
23 -2.84705e-05 0.499635 0.000204975 0.191592 3.13395e-05  9.28432e-05  -3.92907e-05  -7.82341e-05  9.04484e-05  -1.44553e-05  3.59282e-05  4.42161e-05  0.000113165  -1.75028e-05 
25 0.0202893 0.867727 0.172155 0.219769 -0.0438687  -0.0769113  0.0114429  -0.050195  0.0409997  0.00419828  0.0650829  -0.0413634  0.0439672  0.0978185 
31 0.0180346 1.14314 0.214192 0.248198 -0.108045  0.0149768  -0.0633252  0.00452494  -0.120507  -0.00539707  -0.0900193  -0.0237469  0.08121  0.0116632 
32 0.00654442 1.40955 0.153894 0.222398 -0.0162721  -0.0467408  -0.034657  -0.00277632  0.054123  -0.0593068  0.061439  -0.0168179  -0.0954433  -0.0202831 
38 0.0197117 0.536573 0.0551817 0.28886 -0.023132  -0.0319269  0.0100123  0.0176833  -0.00596364  0.0102316  0.00120848  -0.0126965  0.0106703  -0.0257079 
40 0.00820444 0.568122 0.0475315 0.284089 -0.0256972  -0.0170968  -0.000371924  -0.00296426  -0.0155555  -0.0221932  0.0176982  -0.0142509  0.00307195  0.00611647 
41 0.00950068 2.04248 0.240758 0.284462 -0.0462587  -0.177081  -0.0547443  -0.0571905  -0.0820423  0.00914414  -0.00578892  0.0909182  -0.0159194  -0.0532142 
42 0.00452383 0.945156 0.0896615 0.272632 -0.0468255  -0.0191887  -0.0286061  0.0538039  0.0134475  0.0044447  0.0121  -0.0197652  0.00494048  0.0316717 
43 0.028871 0.660326 0.136437 0.267606 -0.036524  0.0156368  0.095247  -0.0319428  -0.0551409  0.018486  -0.0225833  -0.00175083  0.0504998  -0.0223309 
45 0.0119836 0.57713 0.0611917 0.219013 0.014472  -0.0142398  0.0310124  0.0167825  0.0107341  -0.0106022  0.00825696  0.00911994  -0.0272348  0.0311141 
46 0.00745005 0.651654 0.0672871 0.19917 -0.0339807  -0.0421902  -0.00655954  0.00618723  -0.0046968  0.0211588  -0.0093337  0.0136447  -0.0203012  0.0188773 
49 0.00624374 0.77713 0.0831456 0.203533 -0.0453544  -0.0369313  0.0167714  -0.0117917  0.00368137  -0.00217538  0.0438947  0.0136999  -0.00863151  0.0294059 
51 0.00661036 0.593198 0.0497707 0.201659 -0.0276199  -0.0130254  0.010015  0.00128267  -0.0028396  -0.00854682  -0.0123646  0.0136405  -0.010214  -0.030303 
53 0.0149019 0.581456 0.0701853 0.201106 -0.0413522  -0.0288959  0.00125817  0.0117416  0.025041  0.0276027  -0.0212958  0.0167493  0.0055793  0.00934922 
54 0.00337422 0.973954 0.0799168 0.167474 0.00989532  -0.0361798  0.0434513  0.00147248  0.0187348  -0.00838158  0.0043642  -0.00211646  -0.0365264  0.036203 
58 0.000858801 1.31278 0.052823 0.198215 -0.00655118  0.00677761  0.00384848  0.0341717  0.00189832  -0.0101385  0.0287808  -0.0225929  0.00780816  -0.00357402 
59 0.00534529 0.565308 0.0375048 0.209976 -0.00136545  -0.0239511  0.00984309  0.00759585  -0.00690673  -0.0146701  -0.00812419  -0.0133605  0.00500035  -0.0120035 
60 0.00499476 0.833166 0.081527 0.210954 -0.0232405  0.00352101  -0.00336699  0.0389472  0.0142942  0.036476  -0.038137  0.0103095  -0.035379  -0.0147883 
61 0.0161723 1.24758 0.218669 0.213318 -0.15893  -0.0103798  -0.0494564  -0.0432606  0.0502065  0.0307476  0.0600053  0.0331533  0.0998282  0.000762905 
63 -5.16878e-05 0.287325 0.00663121 0.185079 0.000264521  0.00025958  0.0033536  0.00331372  -0.00191451  0.00279688  0.00130082  -0.000244641  -0.00246139  0.00151986 
67 0.0347328 0.597615 0.11786 0.23141 -0.0445112  -0.0635186  0.0112306  0.00483712  -0.0196218  -0.030196  -0.0602815  -0.0479881  0.0211455  0.00670324 
71 0.00206017 0.548968 0.0201299 0.198065 0.00116525  -0.00996233  -0.00648547  0.000404471  -0.00102964  -0.00313825  -0.00321256  -0.0143053  0.00591507  0.00123325 
72 0.00287159 1.87279 0.125375 0.209471 -0.0706546  -0.0119094  0.0237948  -0.016476  -0.047387  0.0620605  0.0108762  -0.0119846  0.022531  -0.0536723 
73 0.00731278 0.627552 0.061174 0.214901 0.0120657  -0.024914  0.00699947  0.0394258  0.0206398  -0.00279267  -0.0249415  0.00240537  0.0107719  0.01396 
74 0.0060754 0.681154 0.0663697 0.21096 -0.0262037  -0.0209038  0.0133356  0.0194842  0.0127977  -0.0316297  0.0333225  0.0185872  0.0101867  6.39882e-05 
77 0.00454589 0.674033 0.0562708 0.2368 0.0122924  -0.027113  -0.0220906  -0.00533577  -0.0176164  -0.011025  0.0161847  -0.00436561  -0.0245857  -0.0211276 
78 0.0154605 0.88896 0.154649 0.242065 -0.0625917  6.10155e-05  0.00209817  0.00887355  0.0409442  -0.036992  0.011051  -0.0154542  -0.0956589  0.0857845 
81 0.00904859 1.07057 0.14334 0.252818 0.00400054  -0.0856844  0.04856  0.0176648  0.0755803  -0.045288  0.0068593  0.0121433  0.000734624  0.0505969 
82 0.00644185 0.556172 0.0382505 0.247157 -0.0146263  0.00664675  -0.00287197  -0.0304163  0.00160443  -0.00735926  -0.00587159  -0.0128356  0.00364447  0.0015339 
83 0.0191294 0.539697 0.0564548 0.247825 -0.0138985  -0.0158814  0.00785985  -0.0253815  -0.0267349  0.0183151  -0.00678435  0.0154994  0.0175435  -0.0197874 
84 0.00597577 0.578013 0.0433188 0.221761 -0.0249276  -0.000404432  0.00232176  -0.0167114  0.00530306  0.0192129  0.000816516  -0.0214405  -0.00114822  0.0105535 
88 0.0128078 0.569605 0.0601889 0.274212 -0.0327452  -0.0206121  0.029983  0.0161342  0.0187708  -0.00756205  0.00652693  -0.00365494  0.0137766  -0.0176357 
89 0.00323296 4.26375 0.219786 0.266363 -0.0572211  -0.0785522  0.0778988  -0.00509295  -0.070735  0.156342  0.022594  -0.0178204  -0.0402304  0.0295669 
90 0.0290727 0.904365 0.215626 0.270491 -0.07756  -0.00511131  -0.0267336  0.0689067  0.0673328  -0.125601  -0.0834168  -0.0431093  -0.0219787  -0.0733526 
91 0.00501542 0.647599 0.0544527 0.220029 -0.0139808  0.0115647  0.000205178  -0.0200098  -0.0186743  0.0165425  -0.0220203  0.03255  -0.00783571  0.00269869 
92 0.0041221 5.44924 0.28395 0.219195 -0.0331601  -0.1804  -0.124901  0.0743704  -0.0223291  -0.076696  -0.0108444  0.120255  0.0583389  0.0385961 
94 0.00362339 0.546077 0.0259442 0.208629 -0.00962776  0.00931866  -0.00122206  0.000248659  0.00438817  0.00964809  0.00741418  -0.00413439  -0.000661364  -0.0175263 
95 0.0056007 1.50866 0.149954 0.202231 0.0131932  -0.0147562  0.0797428  -0.0455931  -0.0194615  -0.067313  -0.0509862  -0.0639928  0.0163787  -0.0422374 
98 0.00567834 1.23459 0.128916 0.207227 -0.0345734  -0.0493899  0.0108808  -0.0174059  0.0312515  0.0556389  -0.0343241  0.00609274  0.0465693  0.0714636 
104 0.0219787 0.696045 0.131332 0.212102 -0.0478967  -0.0125728  -0.0820644  -0.0411005  -0.00977121  0.00252121  0.0203649  -0.0253711  -0.0717528  0.00795932 
106 0.00450791 1.47101 0.132067 0.152468 0.0594253  0.00100581  -0.0348364  -0.0218357  -0.0538272  0.0316389  0.06798  0.00613524  0.02743  -0.0539371 
108 0.00514586 0.760891 0.073252 0.136926 -0.0218774  0.0140183  0.00820706  -0.0420428  0.0336501  0.0289049  0.00453034  0.00800296  -0.0225123  0.017221 
110 0.00635219 0.691596 0.0697848 0.116688 -0.0179151  -0.0391017  0.0352695  0.00598983  0.0280286  -0.0128422  0.00839705  0.0185671  -0.010794  -0.0160599 
112 0.00222824 0.761676 0.0482857 0.0853457 0.00128278  -0.00581669  -0.00233527  -0.00619875  -0.0063192  0.0347144  -0.0121067  -0.0164731  0.022562  -0.00895271 
114 0.000211077 0.56262 0.00727232 0.0711205 -0.00068751  -0.000604103  0.00180611  0.00275153  -0.000739749  -0.00185179  0.00527298  -0.00157102  -0.00160073  0.0020988 
118 0.00265724 0.948367 0.068993 0.0696209 -0.0380432  -0.00235655  0.0350976  0.0135678  0.00820275  0.00855915  -0.0209458  -0.0265234  -0.00184229  -0.0245991 
120 -0.000250785 -0.784379 0.0358942 0.0468332 -0.00874636  0.00209924  -0.00882157  1.13253e-05  -0.0170327  0.0201799  0.0116406  0.00129793  0.0118933  0.0123973 
122 0.000685478 0.891556 0.0327618 0.0494385 -0.00218517  0.00344264  0.00306258  -0.00880921  -0.0178783  -0.00787653  0.0201078  0.00706914  -0.00738079  -0.00890401 
123 -0.000385289 -0.182317 0.0324299 0.0419396 -0.00415398  0.0061915  -0.00520762  -0.0103422  0.0103906  0.00468803  -0.0241663  0.0101643  -0.00668958  -8.55689e-05 
126 0.000418455 1.10238 0.0317495 0.0463065 0.0136513  -0.0092796  -0.00085315  -0.00526538  0.0144966  -0.0151456  0.00667701  -0.0104273  -0.00343697  0.0101216 
132 0.000224897 0.572187 0.00805956 0.0415442 -0.000409624  -0.0017403  -0.00251502  0.0023478  -0.00381131  0.00227525  -0.0018683  0.0033846  0.00345551  -0.00182568 
134 0.000176837 3.42524 0.0454804 0.0387434 0.0121398  0.00326769  -0.00422689  -0.00128897  -0.0188242  -0.0297149  0.00436381  0.00709836  0.00648361  -0.0232828 
136 -0.000799798 -0.364849 0.052605 0.03639 -0.0169808  -0.0130456  0.00697437  0.0153845  0.0100884  -0.0271695  0.000517961  -0.0314246  0.0139852  0.000338472 
137 0.000216798 0.571796 0.00789158 0.0460906 -0.000368413  -0.000213458  -0.000788749  -0.00508927  -0.00318362  0.000788004  -0.00266857  3.15097e-05  -0.00316703  0.00276843 
138 -3.95492e-05 -11.3471 0.043287 0.0436758 0.00813637  -0.0134937  0.000182585  0.019342  -0.00342831  0.0218457  -0.0118989  -0.00458006  -0.0082275  0.0230672 
140 0.00102883 0.702504 0.0288684 0.0441262 -0.011156  0.0162395  -0.00236288  -0.00717093  0.00550389  0.0105938  0.0152577  0.00321723  0.000785021  -0.0013837 
142 -4.81892e-09 0.481064 1.9105e-05 0.030312 -2.72e-06  -7.25256e-06  -3.34051e-06  1.35312e-06  -1.01138e-05  -6.40352e-06  9.09912e-06  1.32224e-06  -2.38361e-06  7.64827e-06 
144 1.71365e-05 0.681704 0.00352918 0.0303121 -0.000929888  2.09549e-05  0.000776934  -0.00163597  0.00159198  0.0010418  -0.00066623  0.00119324  0.00157591  0.000582255 
145 -8.34867e-05 0.199714 0.0100143 0.0300281 -0.00154503  0.00506312  0.000801858  0.00162923  0.00337013  0.00388157  -0.00544727  -0.00108243  -0.00190547  -0.00284021 
146 2.72808e-05 0.514673 0.00126553 0.0313876 1.87622e-06  -0.000532568  0.000149766  -0.00101595  -5.56313e-05  -0.000122548  0.000130195  0.000346996  0.000286123  0.000161308 
147 -0.000157666 0.289585 0.0115205 0.0309499 0.0016027  0.00478185  0.00808686  0.00331934  0.00249007  -0.000301953  0.00240045  0.00385938  0.00193213  0.000435673 
149 5.20569e-06 1.41163 0.00435689 0.0334002 3.31997e-05  -0.00248714  -0.00137277  -0.000394658  0.000426027  -0.00187557  0.000221606  -0.00046532  -0.000282041  0.00259053 
151 0.000158246 0.614634 0.00851866 0.0333222 -0.00087617  -0.00142418  0.000504045  -0.000140481  -0.00488688  0.00163334  0.00258331  0.00474795  0.00348407  0.00126224 
152 5.10683e-05 1.00995 0.0102062 0.0308567 0.00291551  -0.000340691  -0.00602129  -0.00170986  -0.00245262  -0.00407089  -0.00355966  -0.00150775  -0.00269847  0.00339969 
153 -0.000145848 -0.825338 0.0278062 0.0300178 -0.00417664  0.0113863  0.00898591  -0.00384313  0.00345556  0.0139828  -0.0029784  0.00938526  -0.0136111  -0.00639525 
155 -4.09264e-05 -1.49288 0.0180621 0.0323563 0.00887957  0.00428585  0.00178805  0.00339258  -0.00549663  -0.00564554  -0.00346791  0.00841624  -0.00401953  -0.00729501 
156 0.000162927 1.53021 0.0259095 0.0329827 -0.0157142  -0.00810576  -0.00503779  -0.0114997  -0.00137982  0.0019124  -0.00514592  -0.00300338  0.00544633  0.0114156 
157 0.000164455 0.856135 0.0153055 0.0304129 0.00199435  -0.00585841  0.00175428  -0.0058387  -0.00163232  -0.00512859  -0.0012981  0.00962007  -0.000182821  -0.00596336 
158 3.1498e-05 1.61118 0.011832 0.0275772 0.00864606  0.00119143  -0.00466371  0.00396861  -0.00384815  0.00236904  0.000753602  0.00106965  -0.00127196  0.0016035 
159 0.000215049 0.551186 0.0066369 0.0270001 0.00148882  9.69727e-05  -0.00119452  0.00261538  0.000866547  -0.00141011  0.00106896  -0.00397193  0.00182503  -0.0032506 
160 -0.000273408 0.371517 0.0118561 0.0226711 0.00098399  0.00162969  0.00654244  0.0026558  -0.000644997  0.00582999  0.00394806  0.00560927  -0.00219198  -0.000908533 
161 0.000374732 0.633649 0.0141548 0.0280611 -0.00642464  -0.00455043  -0.00435709  -0.00398428  0.00581268  -0.00744039  -0.00199595  -0.00157755  0.00187436  -0.00209384 
163 -1.69672e-05 0.478975 0.00119462 0.0203165 0.000297973  0.000597483  -0.000254337  -0.000370281  0.000594385  -0.000492361  -0.000383107  0.000168481  -3.45634e-05  -8.64906e-05 
164 2.29176e-05 0.803846 0.00527764 0.0207299 -0.000507484  -0.000327014  -0.000597195  0.00228043  -0.000122302  0.000415781  0.00215363  0.00316772  0.00265821  -7.44103e-05 
167 -6.68916e-05 0.447074 0.00376351 0.0201696 -0.001285  -0.00138045  0.000406865  -0.00113272  -0.000815284  0.00188911  9.52507e-05  0.000708026  -0.000475234  0.00204668 
169 2.50742e-07 0.500854 2.92667e-05 0.0217648 8.8081e-06  -9.69082e-06  -1.20175e-06  1.36547e-05  4.8635e-06  -1.59159e-05  -6.96244e-06  -2.95822e-06  2.63331e-06  1.24907e-05 
171 -0.00049466 0.356814 0.0168373 0.021759 0.00382593  -0.00102764  -0.00352901  0.0023788  -0.0054208  -0.00609711  -0.00658928  0.00728747  -0.00390795  0.00844579 
172 -0.000224817 0.257672 0.0147635 0.0311165 -0.00201288  0.00231867  -0.00711706  -0.0109844  0.00364163  -0.00155857  -0.00232324  -0.000128032  0.00399667  -0.000381684 
175 6.90576e-06 113.427 0.0558405 0.034541 0.0106546  -0.0143525  -2.01684e-05  0.0074611  0.0122208  0.0196425  0.0276389  -0.0268952  -0.00565501  -0.0262405 
176 -0.000224566 0.434278 0.00768552 0.0344409 0.00203625  -0.00331454  0.00180906  0.000286339  0.00136713  0.00358557  -0.00458359  -0.00112429  -0.000357983  0.00185829 
177 3.7879e-05 0.518663 0.00168179 0.0375601 0.000390952  -0.000624063  -0.000372335  0.000783199  -6.79495e-05  -0.000821722  0.000232826  0.000282844  0.00079966  0.000283872 
178 0.000179507 0.804374 0.0147831 0.0370525 -0.000165041  0.00430617  0.00081231  -0.0064071  -0.00628162  -0.00354148  -0.00923407  -0.00291209  -0.00351821  -0.000362366 
179 0.000411639 0.643664 0.0153812 0.0345456 -0.0110607  -0.00128503  0.00220566  0.00210696  -0.00476499  -0.00351342  -0.00656442  0.00467368  0.00129536  -0.00127431 
181 -0.000233463 0.429789 0.00809946 0.0279614 0.00273785  0.00112214  -7.28007e-05  0.00139909  -0.00196459  0.00340628  -0.00195864  -0.00592311  4.66576e-05  0.00070668 
182 -2.01039e-05 0.0169041 0.00623289 0.0318643 0.00372776  0.00329717  -0.000734387  -0.00125075  0.000275907  0.00014351  0.00187253  -0.000432194  -0.00200042  0.00204599 
185 0.000115155 1.22528 0.0182771 0.0321782 0.0110955  -0.00311733  0.000973929  0.00216261  -0.00261361  -0.00552492  0.00616133  0.0105904  0.00174662  0.0022522 
186 0.000433407 0.64029 0.0155963 0.0303362 -0.00353097  0.00639037  0.00266309  0.00478346  0.000684502  -0.00841552  0.00588576  -0.00104201  -7.8955e-05  0.00727622 
191 -9.94465e-06 -5.01974 0.0148177 0.0220675 -0.00528594  -0.000886927  -0.00815798  -0.00356751  0.00737529  0.0029914  0.000844051  -0.00157665  0.00242908  0.00625407 
194 -0.000808479 0.371395 0.0204052 0.0222917 -0.000152779  -0.00247435  -0.00361256  0.00935523  0.00738857  0.00598246  -0.00296123  -0.00161897  -0.00410693  0.0138209 
197 -4.21092e-05 -1.04605 0.0161372 0.0361348 0.00517483  -2.39949e-05  -0.0018658  -0.0056841  -0.0062664  0.00228561  -0.00767288  -0.00512726  -0.0025115  -0.00786626 
198 -8.87747e-05 0.370707 0.00677625 0.0367129 -0.00133528  0.000455154  0.0019777  -0.00222779  -0.00220209  0.0018782  0.00333504  -0.00118671  -0.000248819  0.00375281 
202 5.78501e-05 2.89908 0.0235605 0.0379027 -0.00263807  -0.00508712  0.016279  0.0059322  -0.00903853  -0.00455076  0.00849118  0.00258431  -0.00637317  -0.000510615 
203 2.36652e-05 0.716255 0.00452447 0.0371317 0.00079514  0.00163321  0.00164078  -0.000753057  -0.000927901  0.000548402  0.00197147  -0.00153259  0.00197191  -0.00162056 
204 0.000208542 0.563886 0.00730121 0.0368117 0.0013384  0.00223639  0.00105627  0.0041929  -0.00137436  -0.00186551  -0.000141111  0.00304994  0.00269685  -0.00241966 
205 -4.07689e-06 0.496241 0.000247597 0.0338612 -9.5527e-06  -5.46077e-06  0.000124923  -4.3729e-05  9.08821e-05  -3.45805e-05  3.61222e-05  0.000122643  -0.00010562  8.19041e-05 
206 -5.87099e-05 -0.735105 0.0170309 0.0339213 -0.0103002  -0.00127174  -0.00647979  0.00813028  -0.00542048  0.00533586  0.00299017  0.00213608  0.00139427  0.000974076 
207 0.000278258 1.00655 0.023743 0.034776 -0.00014608  0.0139814  -0.013682  0.00426626  0.00417294  -0.00511744  -0.000282412  -0.00172615  0.000285802  -0.0107744 
208 6.1706e-06 0.623892 0.0017487 0.0305147 -0.000436847  -0.000610051  0.00016554  0.000518699  -0.000521567  0.000702483  -1.02556e-05  0.000884625  0.000719296  -0.000364603 
210 -0.000193182 0.173882 0.0158756 0.0304135 0.00528312  -0.00132796  0.004887  -0.00291637  0.00370532  -0.00125945  0.00763417  0.00866694  -0.00635535  0.000932517 
211 0.000452699 0.631471 0.0154308 0.0334392 0.000216332  -0.00611962  -0.000559936  0.000731616  0.00240247  -0.00582263  -0.012104  0.00202448  0.00301045  -0.000647963 
213 -0.000749413 0.181949 0.0308858 0.0257989 -0.00696083  0.00598209  0.0139065  -0.0102085  0.00128116  -0.00894117  0.0038305  0.00385483  -0.00914941  0.0194231 
215 0.000481166 0.665505 0.0178485 0.0376202 -0.00480549  0.00145523  -0.0124837  0.00251355  -0.00458635  0.00418499  -0.00254424  -0.000513406  0.000824225  -0.00923213 
219 0.000239133 1.1636 0.0251925 0.0305651 0.000592792  -0.0140372  -0.00675009  0.000341943  0.00149617  -0.00856227  -0.00520158  -0.00183299  0.00322019  -0.0165906 
223 -7.31498e-05 0.464203 0.00323685 0.0263652 0.000619347  0.00171302  -0.000628108  -0.000170436  0.000836622  -0.00059745  -0.00100361  -0.000258167  -0.00191019  -0.000977746 
224 2.25392e-05 2.46974 0.0133259 0.0277178 -0.00344535  -0.00272718  0.00240279  0.000293159  0.00546876  -0.000578547  -0.0021406  0.00688317  0.00638809  -0.00542242 
226 0.000217924 0.680643 0.0125487 0.0273082 0.00305769  -0.000262559  0.00623141  -0.00173538  -0.00491161  0.00288659  -0.0049007  0.00213164  0.00601147  0.00300907 
231 -0.000210835 0.173895 0.0165849 0.0229747 -0.00644123  0.00635554  0.00743955  0.00389385  0.00531914  0.00496026  -0.0046  -0.00211967  -0.00595511  0.00294182 
240 -8.35035e-05 0.40576 0.00561089 0.0271789 -0.00173823  -0.00150269  -0.00137017  -0.00281142  0.00190132  -0.00021787  0.000166968  0.00025763  -0.00182133  -0.00305731 
241 0.000149551 0.73688 0.0119038 0.028674 0.00327983  0.00606664  0.000374011  0.000536158  -0.00111423  -0.00358241  0.000933464  0.00163562  0.00287023  0.00823722 
243 -0.000772351 0.412204 0.0164812 0.0259357 0.00455886  -0.00382033  0.00923845  0.00254277  0.00523792  -0.00342869  -0.00552618  0.00245922  -0.0041491  0.00717256 
244 0.000214349 0.976632 0.0202144 0.0380172 -0.00107019  0.00528605  0.00354306  0.000308835  -0.0030931  -0.000259673  0.00527183  -0.00355297  0.0146869  0.0100563 
246 0.000201094 0.80772 0.0157325 0.0350854 0.00408508  -0.00375783  -0.00935887  0.000304396  0.00309493  -0.00125762  -0.00714047  -0.00762022  0.000871799  -0.00283647 
248 3.62601e-05 0.538002 0.00234786 0.0320922 0.00165825  5.41861e-05  -0.000318701  -0.00141532  0.000552857  0.000312977  0.00011115  -0.000250404  0.000105846  -0.000406371 
249 0.000342668 0.805246 0.0204538 0.0315222 -0.0055812  -0.0107133  -0.00591018  -0.00395539  -0.00153992  0.00238254  0.00841442  -0.0117046  -0.000998563  -0.00223862 
