generation s h r distopt trait[0] trait[1] trait[2] trait[3] trait[4] trait[5] trait[6] trait[7] trait[8] trait[9] 
2 -9.58063e-05 -0.274623 0.0172297 0.01 0.00450427  -0.0116141  -0.00559482  0.00578311  -0.00223637  -0.00161574  -0.00617414  -0.00206048  0.00375672  -0.00358461 
6 2.54408e-05 6.56352 0.0248392 0.0423273 0.00105423  -0.0103033  0.0140725  0.00289333  -0.00967687  -0.00375697  -0.00732832  0.00603752  0.0102602  -0.000357111 
8 9.39285e-06 7.52555 0.0162465 0.058111 -0.00493374  0.00130836  0.00085385  -0.00820995  -0.00292024  0.00499198  0.00784577  0.00215377  0.00307051  -0.00779058 
9 0.00113151 1.1427 0.0539147 0.0668774 0.0060344  -0.0293092  -0.0198216  -0.0129486  0.00545764  0.000939883  0.021755  -0.0104909  -0.0174325  -0.0230845 
11 -0.000350987 0.375502 0.0132241 0.0712879 -0.00127865  -0.00352363  -0.00724433  0.00576308  0.00211192  -0.00110772  0.00292988  0.00055081  0.0014414  -0.00764722 
13 0.00184959 1.07702 0.0653028 0.0884527 -0.0534125  -0.00985032  0.0204021  0.00600868  0.0186734  0.00720446  -0.00714326  0.00823345  -0.0176752  -0.00550865 
15 0.000636209 2.72258 0.0751699 0.0907376 0.00901575  -0.0563496  -0.0188995  0.0294051  -0.0132873  -0.00901418  0.00844605  0.00419892  0.00833619  -0.0274926 
18 0.00117476 1.38988 0.0646348 0.0967343 0.0106316  -0.0186679  0.000239925  -0.0422672  0.0189956  0.0146969  -0.0191336  -0.0255079  -0.0182204  0.00200157 
19 0.000887563 0.568539 0.015608 0.0941519 -0.00839213  -0.00728549  0.00545798  -0.000785405  0.00746874  -0.00302063  0.00397001  0.00169857  0.00218672  0.00116711 
25 0.00420814 0.582635 0.0373713 0.123122 -0.0100588  -0.0307887  -0.00956991  -0.00286577  0.00233898  -0.000281139  -0.00402391  0.0146758  -0.00303254  -0.00117493 
27 0.000290474 0.696261 0.0151009 0.116876 0.00845208  -0.00259669  0.00570991  -0.000634488  -0.000592988  -0.00167561  -0.00389626  -0.00983234  0.000740757  0.00113492 
29 0.00645855 0.87215 0.0979414 0.129834 -0.00452411  -0.043115  0.0338705  0.00580053  -0.034656  0.0105541  0.00974548  0.0678237  0.00665424  0.0219216 
30 -0.000183004 0.464918 0.00506952 0.107733 0.00160742  -0.000448809  0.0023799  -0.00237958  -0.00100992  -0.00251086  0.00101218  0.000850541  -0.00101228  0.00122126 
31 0.00404275 0.674183 0.0530866 0.114789 0.0114594  -0.0317475  -0.0123214  0.0316682  -0.0156287  0.00357622  -0.0038668  -0.0109917  0.00957246  0.00631026 
37 0.00255516 0.646547 0.0387152 0.135424 -0.019324  -0.00140958  -0.00803865  -0.0230383  -0.00545646  -0.00996825  0.0115002  0.00620392  0.0128844  0.00788579 
39 0.00469691 0.899147 0.0865186 0.142124 -0.0353465  -0.0105883  -0.0150651  -0.00827244  0.0231208  -0.0591467  -0.0305157  -0.00954298  0.00164314  0.0277614 
43 0.00275601 0.538736 0.0207414 0.158702 -0.00621809  -0.0103998  -0.00211956  -0.00463031  -0.00559831  -0.00187841  0.0100339  -0.000712486  -0.0110004  0.000620939 
44 0.00165442 0.518838 0.0112217 0.15849 -0.00269455  -0.00391838  0.00143116  -0.00332302  -0.00211755  0.00345576  0.00110614  -0.00390818  -0.00461945  0.00599659 
46 0.00400182 0.832717 0.0729363 0.171047 0.0385629  -0.0176382  0.00681816  0.0200834  0.0108877  0.0395841  -0.00430237  -0.00862465  -0.00795406  -0.0350724 
49 0.00103575 1.60655 0.0676756 0.187153 -0.0199617  -0.00392896  0.0256867  -0.0191493  0.0012399  -0.0459523  0.0261713  -0.0112121  0.0136642  0.00539204 
50 0.00362659 1.09721 0.0929777 0.193562 -0.013465  -0.0463753  0.00577846  0.00727148  0.019286  -0.0553815  -0.0362773  -0.0258935  -0.0204949  -0.0195192 
51 0.00726291 0.58792 0.0506987 0.191195 -0.00495221  -0.0325782  0.00304779  -0.00494694  0.000793459  0.018494  -0.014755  -0.0206022  -0.0156859  -0.0148281 
54 0.00249086 0.546821 0.021656 0.191527 0.00512287  -0.00299324  -0.0032311  0.0110055  0.00947095  0.0070188  0.00444626  -0.00176012  0.0118004  -0.00106831 
57 0.0111576 0.70567 0.0958089 0.208001 0.0308605  -0.0575754  0.0319492  -0.0227293  -0.0306181  0.00629153  -0.00459869  0.0337972  0.0341172  0.00838159 
59 0.000195726 0.720437 0.013137 0.193158 -0.00431088  -0.00156375  -0.000149565  -0.00229444  0.00380972  -0.00582985  -0.0067479  0.00165666  0.00364074  0.00601905 
60 0.00622143 0.548189 0.0348506 0.199831 -0.0170465  -0.0109027  0.00439522  -0.0099068  0.0172499  0.0131867  -0.000899982  -0.00397969  -0.0138364  0.00284778 
61 0.0078491 0.608547 0.0585133 0.190918 0.0156398  -0.0342041  -0.0266623  0.00308769  -0.00705989  -0.0116109  0.0262919  0.0015178  -0.0166734  0.0115171 
67 0.00387006 0.662902 0.0502351 0.213701 -0.018581  -0.00999812  -0.024018  0.0133064  -0.00251766  -0.0278259  0.0111079  0.00247675  -0.00808145  0.0186809 
70 0.0100102 0.866823 0.120986 0.228376 -0.0689606  -0.0458077  0.0246183  0.0264704  -0.0353673  -0.00672946  -0.0163753  0.0420564  -0.0262298  -0.0495581 
73 0.000367041 2.56843 0.0550922 0.224989 -0.00807075  0.0185369  -0.00807525  0.0335671  -0.00255789  0.00695167  0.0215427  -0.0229806  0.0170706  0.00979636 
74 0.00832094 0.551053 0.0415473 0.2319 -0.012268  -0.0115097  -0.0117345  -0.0185659  0.0148146  -0.00528468  -0.00177166  -0.000939176  0.00567041  0.0260237 
75 0.00096004 0.508225 0.00565955 0.221201 0.000633189  -0.00190147  0.000664696  -0.00106195  -0.00116479  0.000703252  -0.00238459  0.00153839  0.0040643  -0.000147183 
76 0.02062 0.780132 0.151699 0.227103 -0.00307139  -0.0656144  -0.0189222  -0.0435319  -0.00540982  0.0719208  -0.0305544  0.0431497  0.0856326  -0.0333859 
77 0.00332532 0.560704 0.0284874 0.183541 0.0022806  -0.0132131  0.0129515  -0.00572175  -9.96926e-05  0.00941055  0.00301961  -0.0122045  -0.00111756  -0.0135419 
78 -0.000742313 0.262669 0.026555 0.181234 0.0131277  -0.00644021  0.0104022  0.00269376  -0.0122872  -0.00457006  0.00947693  -0.00182331  -0.00547011  -0.0089986 
81 0.0111256 0.654213 0.0829475 0.20507 -0.00480174  -0.0235735  -0.0222031  0.0292211  0.000589166  -0.0493335  0.00723235  -0.0249598  -0.028463  0.0321727 
83 0.00792014 0.554655 0.0418979 0.191502 -0.00680367  -0.0336433  -0.00146339  -0.0182889  0.00662381  -0.000651605  0.00551619  0.00493241  0.0115033  -0.00304392 
84 0.00213187 0.515708 0.011665 0.17675 -0.00102714  -0.00667835  0.00404952  0.00220613  0.00644825  -0.0027194  0.000524308  -0.00200643  0.000775648  0.00390819 
87 0.00232117 0.541618 0.0197138 0.193073 0.00829027  -0.0117362  -0.00582158  2.44499e-05  0.00442886  0.00428122  -0.00606293  0.00648381  -0.00381393  -0.00412173 
90 0.00566362 0.533879 0.0279504 0.210651 0.00745855  -0.0188628  0.0045659  -0.00916528  0.00371867  -0.00355051  0.000910898  -0.00290897  -0.00851928  0.0125153 
91 0.00205804 0.523667 0.0140263 0.204789 -0.00944091  -0.00488175  0.0010058  0.000897334  -0.00246769  -0.000603423  -0.00384945  0.00665707  -0.00378777  -0.00142216 
94 0.026241 0.845276 0.189602 0.224256 -0.0752504  -0.068759  0.0106539  0.0562436  0.0997643  0.0812897  -0.0268164  -0.040694  0.0404996  0.0412938 
98 0.00771833 0.572145 0.0474103 0.184916 0.00572353  -0.00768656  -0.0172372  -0.00649993  -0.0240731  0.0190227  0.0125754  0.00219367  -0.0116921  0.0239893 
99 0.00166953 0.523069 0.0124627 0.171283 -0.00247424  -0.00562859  0.000438557  -0.00259714  0.00101873  0.00773647  0.00476134  0.00261248  0.00197558  -0.00403597 
100 0.00518601 0.584038 0.0418544 0.174874 -0.00599792  -0.0268243  0.0192486  0.00640202  0.00999575  0.00838168  -0.0166772  -0.00444396  -0.00758813  -0.00769082 
102 0.00130545 6.62333 0.178403 0.175305 -0.0295157  -0.125964  -0.00287841  -0.0266885  0.00520349  0.0368012  0.0281247  0.0441874  0.0737165  -0.0693542 
103 0.00417746 0.661464 0.0519634 0.172635 -0.0395182  0.00528826  -0.00523189  0.0168672  -0.00102248  -0.00463311  -0.00652553  -0.0131462  -0.0231514  0.00497656 
107 0.00398715 0.570117 0.0335233 0.169491 0.000942741  -0.0238691  -0.00582831  0.00333754  0.00664329  0.00446079  -0.0011696  -0.0114361  -0.0170563  -0.00458002 
109 0.0053857 0.713151 0.0677594 0.163039 -0.0134697  -0.0352243  -0.0224993  0.0188747  -0.0262803  0.0164147  0.0210619  0.0180458  -0.0156201  0.0182574 
111 0.00287284 0.645187 0.0408628 0.14948 0.0209417  -0.0268893  -0.00454394  0.00570159  -0.0130986  -0.00914128  -0.000126919  0.00965001  0.0102796  -0.00104095 
112 0.00324003 0.737823 0.0555093 0.141178 0.00721226  -0.0258799  -0.013724  0.00206633  -0.0112064  0.00105148  0.0365599  -0.0206645  -0.0165281  0.00183375 
117 0.00176049 1.46814 0.0825066 0.14022 -0.0270153  0.0209313  -0.00221069  0.0282082  -0.014154  -0.0271768  -0.00905962  -0.0153065  -0.0580794  0.0145022 
118 0.000478989 0.526979 0.00719676 0.139142 -0.0009665  -0.000113892  0.00103186  0.000355258  0.00286745  -0.00247915  -0.00153427  -0.00500921  0.00143485  0.00240457 
119 0.00232547 1.2563 0.0838054 0.14329 -0.0162446  0.00700785  -0.0130725  -0.0315334  -0.0249635  -0.0609658  0.00374373  -0.00618356  -0.00657382  0.033311 
123 0.0181798 0.713219 0.124492 0.164365 0.0100083  -0.0918229  -0.00437415  -0.0447907  0.0351344  0.0360577  -0.0232207  0.0247745  0.0178789  -0.0305643 
125 0.000527589 0.965609 0.0313426 0.105634 -0.00296945  -0.00598414  -0.00452673  -0.00839702  -0.0274606  0.0045944  -0.00433235  0.00288083  0.00662811  -0.00073177 
128 0.00292414 0.59186 0.0328177 0.122381 -0.00380949  -0.0173778  0.00196289  0.00650178  0.0146299  0.00622435  0.0162036  -0.00124213  -0.00317672  0.0136897 
133 0.00290028 0.675266 0.0451 0.146708 -0.0259309  -0.00478866  0.0171847  -7.37928e-05  -0.0184739  0.00840208  -0.010325  -0.00950392  0.0126595  0.0165614 
134 0.000554226 0.516428 0.00604676 0.144547 -0.00156737  -0.00351835  -0.00398785  0.000789068  -0.000607168  -0.00202181  0.000753058  0.000115582  0.000203414  0.000352361 
135 0.00381373 0.591267 0.0373713 0.150765 -0.01521  -0.016764  0.0158641  0.00801038  0.00683996  0.0157769  -0.0145098  -0.00638247  -0.00413028  0.0020928 
137 0.00214526 0.569271 0.0244138 0.153294 0.0115288  -0.0095924  0.000645208  -0.0089828  0.00628208  0.00176583  0.000582796  0.0123194  0.00512245  -0.00831087 
138 0.00214566 4.85396 0.192763 0.154332 0.121878  -0.120027  0.00607287  -0.00586109  -0.0119132  0.0148673  -0.0394416  -0.0335343  -0.06738  -0.0155718 
140 0.00187636 0.730616 0.0416009 0.154349 -0.0200084  0.000452614  -0.00138568  0.0117262  -0.0140554  -0.00364771  -0.0128048  -0.00787305  -0.0120868  0.024653 
141 0.00785567 0.77854 0.0934846 0.152409 -0.0538457  0.000300029  0.0280279  0.0113441  0.030038  -0.0565212  -2.12444e-05  -0.013877  -0.0250149  -0.00322746 
146 0.00199727 1.02335 0.0646275 0.153089 -0.00808946  -0.0207388  0.0248674  0.00258879  -0.0175777  -0.0281234  0.0341116  0.00633997  -0.0239722  -0.0133317 
147 0.00360068 2.98125 0.18847 0.152332 -0.0464128  0.0021621  0.00830943  -0.00108056  0.00155329  0.120642  0.035165  0.0345164  0.121376  0.0396846 
148 0.00541731 0.650964 0.0572337 0.146207 -0.0341524  -0.015504  0.00138255  -0.00934535  -0.0216648  -0.0260014  0.0114734  -0.0189464  0.0116481  -0.00282295 
149 0.00531293 0.667275 0.0596484 0.132148 0.00774037  -0.0382165  -0.00521618  -0.00135224  0.00352967  -0.0212591  0.0239012  -0.0302296  3.44783e-05  0.00767949 
150 0.00296242 0.791076 0.0587108 0.114696 -0.00070118  -0.0423196  0.0177604  0.0256105  -0.000328418  -0.00819496  -0.00598688  0.00385555  -0.0232191  0.00520377 
153 0.00277124 0.790545 0.0567341 0.109118 0.0188694  0.00338092  0.00438707  -0.00640776  0.0245076  -0.0302752  -0.00131071  -0.00313987  -0.0181982  -0.0305124 
158 0.000793507 0.505721 0.0042973 0.129629 0.000725183  -0.00256835  -0.00179529  0.000772232  -0.00203045  -0.000389198  -0.000365753  0.00114682  0.000916043  -0.000981185 
163 0.00332653 0.540828 0.0234059 0.168657 -0.00239435  -0.00331677  -0.0139678  -0.012238  0.00887485  0.00167185  -0.00228699  0.00687869  0.00705315  -0.00154356 
165 0.00687096 0.550318 0.0374354 0.177046 -0.00872658  -0.0133889  -0.00870791  0.00781611  -0.00242936  -0.0105941  -0.0270073  0.00898489  0.00699486  0.00564639 
167 0.00233127 0.953233 0.064977 0.175816 0.0211239  -0.0228134  -0.0119715  0.0343434  0.00444871  -0.00182469  0.0187549  0.0343277  -0.015119  -0.0122765 
170 0.00468473 0.692853 0.0601224 0.196745 -0.0353385  -6.77127e-05  -0.00180741  -0.0167932  0.010447  0.0164296  -0.0210243  -0.00384453  0.0246684  -0.0252233 
173 0.00256832 0.633468 0.0370467 0.213092 -0.0335537  -0.00355685  0.00236849  0.00136411  0.00483752  -0.012798  -0.00444685  0.00297387  -0.00182188  -0.00271318 
174 0.00816104 0.58565 0.0530724 0.216314 0.0140731  -0.0179624  -0.0102222  -0.0298237  0.0114921  0.00473444  -0.000376366  -0.028103  -0.00109379  0.0188795 
180 0.0135076 0.650316 0.0902719 0.254776 0.00755161  -0.0310476  -0.000946603  -0.0223805  -0.0707487  0.0141799  0.0153892  0.0336293  0.00542923  -0.0047518 
183 0.011157 0.630881 0.0765891 0.256194 -0.0134021  -0.0277643  -0.00340087  0.0430074  0.0317045  -0.00618271  0.033631  -0.0139451  0.0257561  -0.00468229 
185 0.0014922 0.549885 0.0172809 0.2525 0.000961602  -0.0071812  0.00166087  0.0130145  0.00401478  0.00450487  0.00200224  -0.00292948  0.00481418  -0.00134923 
186 0.0128509 0.575287 0.0626498 0.25892 -0.0166711  -0.0218274  0.00786612  -0.0424062  -0.0191153  0.0190841  -0.0148473  0.0106875  -0.00751321  -0.0137757 
187 0.00963101 0.541127 0.0402791 0.242357 -0.0113994  -0.0227407  -0.00646122  -0.0203537  -0.0110872  -0.00843723  -0.00900516  0.000807818  0.0156023  -9.12974e-05 
191 0.0110005 0.533515 0.0390672 0.25889 -0.0067522  -0.0142248  0.000505156  0.00796201  0.0111961  -0.0242294  -0.0146146  -0.00389936  -0.0165346  0.000237841 
192 0.0162513 1.05994 0.18993 0.246459 -0.0935679  -0.0959137  -0.0722915  0.0556789  0.00882663  0.077667  -0.00567711  0.0585809  -0.0118215  0.0088897 
193 0.0103549 0.565891 0.0526046 0.217123 0.0122033  -0.0282394  -0.00780107  0.0187344  0.000293665  -0.0234193  0.0138756  -0.013277  -0.0158721  -0.0154834 
194 0.00254669 0.566626 0.0260964 0.197685 0.0113901  -0.00931066  -0.00724314  0.00486029  -0.00674008  -0.0104645  0.002548  -0.00307239  0.0147361  0.000702106 
195 0.00761578 0.593488 0.0535248 0.197113 0.015227  -0.0340399  -0.0111219  -0.0207423  0.0199241  0.00453512  -0.0135829  0.00322906  0.0173721  -0.0024762 
197 0.00556556 0.63558 0.0549929 0.188002 -0.0256945  -0.0190145  0.0195843  0.0171557  -0.010259  -0.0113085  -0.021223  -0.0190095  0.0164854  -0.00281257 
200 0.00335901 0.518763 0.0160402 0.1895 -5.66073e-05  -0.00522899  0.00603465  0.00295192  0.00285712  0.00195794  0.00257525  -0.00967439  -0.00484878  0.00700573 
204 0.00681999 0.562064 0.0413534 0.1868 0.012141  -0.0134711  0.0178243  -0.00854482  -0.000884503  0.016869  0.019115  -0.011002  -0.00279829  0.0145224 
205 0.00691818 0.65132 0.0647656 0.167623 0.0142858  -0.0505557  0.005779  0.00493534  0.00448541  0.0226972  -0.00501426  0.0162002  -0.00800723  0.0221331 
207 0.00283473 1.1133 0.0833207 0.145613 -0.030158  -0.0184377  -0.0384842  -0.0239834  -0.0224352  -0.0359976  -0.00725233  0.00373572  -0.0178678  -0.0381009 
209 0.00331081 0.551458 0.0261868 0.135545 0.00180155  -0.00997876  0.0114963  -0.0181439  0.00483686  0.0053466  0.0068044  -0.00253195  -0.000412859  -0.00408619 
211 0.000608506 0.558543 0.011943 0.122748 0.00284278  -0.00265789  0.00186042  -0.00402949  0.00495166  0.00169625  -7.89943e-05  0.00646857  0.0016838  0.00597581 
212 0.00283652 0.635777 0.0392693 0.120244 0.0197654  0.00375374  -0.00195587  0.00221154  0.00919403  -0.0119798  -0.0214925  -0.0181542  0.00205937  0.0102378 
215 0.00302356 0.674924 0.0460041 0.107825 -0.00312604  -0.0184305  0.0120853  0.00516676  0.0272801  -0.00388208  0.0159681  0.000533246  -0.00367026  0.0237943 
217 0.00213654 0.798115 0.0504627 0.0927751 0.00461997  0.0072415  0.0101167  0.00623056  -0.02193  -0.018286  -0.0103945  -0.0325204  0.00916269  0.0163297 
222 0.000620432 1.01382 0.0357038 0.0804547 0.0120933  -0.00686024  0.000261624  0.00529401  0.00296634  0.00761618  0.00496777  0.0108137  -0.0289189  0.00293834 
224 0.00158982 0.81079 0.0444478 0.076503 -0.00327959  -0.00621361  0.0278526  0.000118557  0.00499906  0.00800366  0.00553118  0.0125563  0.00317656  -0.0293779 
225 2.48505e-05 0.705559 0.00452028 0.0653005 0.00126402  0.00169255  0.000794744  -0.00154225  -0.00111819  0.000504904  -0.00100985  0.000776879  -0.00268205  -0.0016243 
226 -0.000448133 0.478387 0.00623309 0.06511 0.00136294  0.000401737  -0.0034497  0.0015866  -0.000172082  0.00233002  -0.00385017  -0.0010875  -0.000792853  0.000566508 
227 0.00133512 0.696705 0.0324123 0.0684656 -0.0102176  -0.0178923  0.013038  0.00896111  -0.00766706  -0.0112816  0.00198232  -0.00770598  0.00868242  0.00713974 
235 0.000582251 0.785158 0.0257693 0.0579078 0.004885  0.00659544  0.00111409  -0.00896144  -0.00545289  -0.00228575  -0.0133149  0.00434058  -0.015902  -0.00558412 
236 9.55471e-05 0.574487 0.00533585 0.0526425 0.00107795  0.00289404  -0.0011042  -0.00314665  0.000518645  5.17089e-05  -0.00136564  0.00147749  0.000877318  0.00165041 
237 -6.78213e-05 0.374748 0.00582943 0.051727 0.000541047  -0.00251297  -0.00294531  4.06095e-06  -0.00141373  0.00109664  0.000566702  -0.00102429  -0.00348547  0.00140697 
239 -7.38984e-05 0.456799 0.00357396 0.0523785 -0.00105234  -0.00126103  -7.23406e-05  0.00219956  -0.00106815  1.9134e-05  -0.000117595  -0.00125052  0.00120773  0.00102701 
240 0.000213603 4.13492 0.0557154 0.0530793 0.00879953  -0.0147164  0.0141089  -0.0137934  0.013028  -0.00693738  0.0139943  -0.0239029  -0.00883732  0.0368475 
244 0.000646098 0.679595 0.0215447 0.0510277 -0.000701579  0.010085  0.0127198  0.00220334  -0.00635876  -0.00750587  -0.00459866  0.00616894  -0.000321373  -0.00626488 
245 0.000331944 0.551375 0.00826179 0.0442486 -0.00182035  0.00319686  0.000693974  -0.00215257  -0.00388565  -0.00192058  -0.00180218  0.00425996  0.00279992  -0.00125975 
248 3.82338e-06 147.722 0.0474437 0.0403243 -0.0124618  -0.018111  -0.0117358  0.00896328  -0.0190728  -0.0171639  -0.00551396  -0.00355681  0.0146289  -0.0251812 
252 0.000238428 0.962852 0.021009 0.0402769 0.00415906  -0.00321207  0.00555346  -0.0105322  0.00785338  0.0105269  -0.00390925  -0.00879136  -0.00105341  -0.00241345 
253 0.000357356 0.748566 0.0188492 0.0371999 0.0134658  -0.0049927  -0.00474636  -0.00738786  0.00354265  -0.00246529  0.00461444  0.00521779  0.00195524  0.000978799 
255 -9.63386e-05 -0.51302 0.0197579 0.0320396 -0.00162208  -0.00337915  -0.00677263  -0.00619401  0.00358041  0.0052343  -8.68434e-05  0.00768285  0.00992414  0.00971352 
256 7.48809e-05 1.68817 0.0188642 0.0335094 -0.00182387  0.00723106  0.00915962  0.00296062  -0.00590069  0.00607878  0.00508632  -0.00980015  -0.00363218  -0.000839559 
258 -5.12222e-05 -0.164426 0.0116677 0.0323729 0.00220734  0.00191647  -0.0041718  -0.00405807  0.00347011  -0.00318502  -0.00523932  -0.00563513  -0.00315982  0.00153071 
259 -0.00010646 0.225857 0.0108051 0.0331546 -0.00189298  0.00152308  0.00192215  -0.00161035  0.000633312  0.00393459  -0.00423512  0.00148072  0.0029281  -0.00774436 
260 6.22949e-05 0.795367 0.00857895 0.0347231 -0.000892997  0.00331102  -0.0010514  -0.00155388  0.0039744  -0.000130102  0.00173825  -0.00152271  -0.000764492  -0.0060482 
266 -0.00032154 -0.79487 0.0408091 0.0338142 -0.0178582  7.149e-05  0.00553961  0.00914821  -0.0162469  0.0104338  0.0111297  0.0200563  -0.017852  0.00380049 
269 9.44647e-05 0.816082 0.0109285 0.0382752 -0.00384334  0.000846867  0.00106215  0.000149348  0.00468613  -0.00247014  0.00710712  0.00264132  -0.000440866  -0.00412908 
270 0.000253073 0.621963 0.011112 0.0370207 0.0037455  0.00153577  0.000521083  -7.48076e-05  -0.00055899  -0.00244903  0.00497713  0.00473601  0.00513081  0.0051938 
273 0.000139144 0.790871 0.0127235 0.0334289 0.00130215  0.00776139  -9.65289e-05  -0.00100672  0.00207732  -0.00129601  -0.00393546  0.00605085  0.00419921  0.00481667 
275 -7.28122e-05 -0.438209 0.0165305 0.0312787 -0.000361162  0.00754854  -0.00720891  0.001889  0.0114034  0.000662141  -0.0013685  0.001716  0.00341715  0.00369285 
277 1.74754e-05 1.26367 0.00730623 0.0324217 0.000551576  -0.0019285  -0.00280322  -0.0021467  -0.00402837  0.000960449  0.00147718  -0.00158254  0.00223234  0.00317353 
280 -0.000675398 0.422458 0.0144838 0.0321511 -0.00805423  -0.0038018  0.0040693  0.00153879  -0.00672664  0.00233116  -0.00288049  0.00608095  0.00175411  0.00353494 
282 -9.34557e-05 0.25493 0.00957185 0.0413439 -0.0024245  -0.00326134  -0.0052781  0.00274544  0.0046847  -0.0014154  -0.00113814  -0.000848674  0.003071  0.00207692 
285 -0.00098254 0.188431 0.0350059 0.0424592 0.00308911  0.00814889  -0.0171525  0.00814442  -0.0146788  -0.00508658  0.0121966  0.00412113  0.00244742  -0.019387 
286 0.000943074 1.14061 0.049144 0.0527807 0.0274695  -0.00256461  -0.00635266  -0.0108312  0.0249442  -0.0259114  -0.00202716  0.0019195  -0.0136471  0.00294214 
288 3.34329e-05 0.590135 0.00347191 0.0429322 -0.00161744  -0.000202879  0.00109955  0.00160486  0.000107953  0.000384082  -0.000688195  0.000619104  0.00117068  -0.00179604 
290 0.000427656 0.587314 0.0122237 0.0425411 -0.00338257  -0.00504349  8.27129e-05  -0.00194064  -0.00223343  0.00169372  0.00311807  -0.0080675  0.00478489  -0.001791 
291 8.34528e-05 0.891733 0.0114351 0.0371776 -0.00194862  -0.0027638  -0.00157739  0.00168833  -9.64367e-05  0.0083308  -0.00237479  -0.00528834  0.00310513  -0.00115188 
292 4.67439e-05 0.647211 0.00524645 0.0360379 0.000868189  0.000144047  0.00059031  0.0014592  0.00342697  -0.00141976  -0.00292558  -0.00124025  -0.000488643  0.000420988 
295 -1.3973e-05 0.258275 0.00367568 0.0353834 0.000675374  -0.000282695  0.000758182  -0.000780452  -0.00145812  0.000954944  -0.000188985  0.00222701  0.00192861  -0.000194227 
299 0.000630705 0.586995 0.0148188 0.0355803 0.000948438  -0.000359823  0.0109023  -0.00223649  0.00261368  0.000676444  -0.00659986  -0.00492967  -0.00405668  -0.00176032 
301 -0.000144007 -0.483329 0.0237999 0.0252082 -0.0102304  0.000670898  -0.00224583  -0.00491081  -0.0174227  0.00295273  -0.00820423  0.00344549  0.00481745  0.00418404 
306 4.41079e-05 0.533361 0.00242626 0.027919 0.000864711  -0.00127731  0.0005419  0.000661435  0.000253477  0.000492206  -0.000460858  -0.00105133  -0.000992903  0.000407752 
308 6.21345e-05 0.625328 0.00558118 0.0271176 -0.000605398  -0.000437192  -0.000301328  -0.00300206  -0.000776225  -0.00192788  -3.39963e-05  -0.00271916  0.00131559  0.00283615 
311 2.27692e-06 0.504249 0.000196725 0.0259467 -6.26911e-05  -4.97846e-05  6.80211e-05  -4.4969e-05  6.48076e-05  0.000124395  -1.92109e-05  3.4645e-05  -6.62891e-05  2.27417e-06 
315 -0.000850194 0.203007 0.031791 0.0259028 0.0112975  -0.00477425  -0.0137766  -0.00473431  -0.00543539  -0.00826489  0.0215474  -0.00493475  -0.0073173  0.00282799 
318 0.000266242 1.14318 0.0261696 0.0390065 0.0040776  0.00596215  0.0112876  -0.0144147  0.00765548  0.00868703  -6.96653e-05  0.000464845  0.00238472  0.0125501 
320 -5.45454e-05 0.385858 0.00499058 0.0354302 0.00203752  -0.00167632  0.000838173  0.000968229  0.000588728  0.00140382  -0.00189654  -0.000899659  -0.000178459  0.00309013 
322 0.000252023 0.608331 0.010451 0.0361918 -0.00448007  -0.00120144  0.00107398  -0.000753016  0.00342969  -0.000376617  0.0012114  0.00221493  0.00391768  -0.00723619 
323 -2.98483e-05 0.478856 0.001589 0.0325247 7.22886e-05  2.49699e-05  -0.00102216  0.000430602  -0.00026086  0.000422857  -7.36028e-05  0.000899541  -6.8121e-05  -0.000471962 
325 6.76285e-05 0.633483 0.00600916 0.0329804 -0.00117763  -5.61086e-05  -0.00112049  0.00122608  -0.000263894  -0.00141719  -0.00404967  0.0014639  0.00285567  -0.0017848 
327 7.91618e-06 25.7674 0.0282843 0.0319387 -0.0116878  0.0110381  0.00128769  -0.00380597  0.00751258  0.000605882  -0.0206014  -0.00605547  -0.00078687  -0.00262775 
328 -0.000255644 0.192057 0.017747 0.0318145 -0.00310165  -0.0112394  0.001966  -0.00158161  0.00987302  0.00167619  -0.00399373  -0.0052932  -0.00468763  -0.00253312 
329 -0.0001055 0.363587 0.00758778 0.0356067 -0.000384668  0.000979395  -0.00187168  -0.000885681  0.00325234  0.000617425  0.00558669  -0.00145457  0.00272402  0.000688212 
333 -0.000151678 -1.64118 0.0360414 0.0370587 0.0237431  -0.00838148  0.00178241  -0.00404999  -0.00974661  -0.0133739  0.0143721  0.00928036  0.000859149  -0.00883975 
336 0.000252123 0.947339 0.0212388 0.0390517 -0.000602062  0.013154  -2.60959e-05  0.00287365  -0.0135174  0.00340136  -0.00192836  0.00471056  0.00411104  0.00568687 
337 -4.52824e-07 -0.367372 0.00125342 0.0356784 0.000327963  0.000257699  0.000395444  0.000157087  0.000738615  0.000160017  0.00047553  0.000129815  0.000573453  -0.000270299 
338 -1.08952e-05 -3.3139 0.0128922 0.0356847 -0.00541432  -0.00269335  -0.00500273  0.00640008  -0.00252694  -0.00372193  0.00294248  -0.0034324  0.00478029  -0.000350965 
339 6.3381e-05 0.693193 0.00699852 0.035837 0.00210028  -0.00187522  -0.00116342  0.00348906  0.00425294  0.00123757  -0.000408347  -0.00214101  -9.76984e-05  0.00177349 
341 0.000349735 0.636873 0.0138383 0.0349416 -0.00277292  -0.00088021  0.00526905  0.000715356  0.000352033  0.00603289  -0.0104081  0.00202809  -0.00213353  -0.00111681 
343 -0.000257871 0.452369 0.00701211 0.0295168 0.00274167  0.00183596  -0.00219194  -0.000589855  0.00158919  0.00100335  -0.00100986  0.00190778  0.00183008  0.00464638 
345 4.12062e-05 0.793042 0.00694984 0.0336028 -0.000467754  8.15556e-05  0.00130516  0.000910801  0.00267579  -0.00206755  0.00540881  0.000523903  0.00206331  0.000565819 
348 0.000287406 0.555496 0.00798942 0.0329839 -0.00159286  -0.00109883  0.00553539  -0.000403527  -0.00252491  -0.00188248  0.00014228  -0.00359594  -0.0010287  -0.00231403 
349 -0.000113932 -0.64157 0.0228089 0.0282944 0.00267479  0.0132057  0.00372282  0.00690765  -0.00642234  -0.00515968  0.00892184  -0.00857635  -0.000157596  -0.0074886 
351 0.000196285 2.63822 0.0409671 0.0302409 -0.0235126  -0.00177103  0.0172463  -0.00454129  8.46728e-06  0.000302741  0.00839175  0.00587392  -0.024575  0.00976315 
352 -0.000340054 0.194478 0.0203883 0.0268001 -0.00414589  -0.00305756  -0.00264584  -0.00611223  0.0092354  0.0132116  0.00393442  0.00077301  0.00473114  0.00681799 
357 4.15524e-05 0.552758 0.00296134 0.0325324 0.000990933  -0.000930515  0.000205647  0.0010743  -0.000333004  0.000672541  -0.000998688  -0.000491242  0.000519386  0.00191146 
359 -6.59766e-05 0.400141 0.00513384 0.0318874 -0.00109885  0.000692721  -0.00318518  -0.00154022  -0.00059312  9.62597e-05  0.000126541  -0.00322077  -0.00114202  0.000310898 
360 3.88163e-05 1.29152 0.0110857 0.0329057 -0.00109235  0.0030395  -0.00211913  0.00241254  0.00574673  -0.00479172  0.00124165  -0.00350493  0.00450476  -0.00347052 
361 -0.000925221 0.308246 0.0266525 0.0323105 -0.00138508  -0.017787  -0.00824047  0.00668229  0.00684203  -0.000417275  0.00695248  0.00582792  0.00129027  0.012188 
363 -0.000255745 0.344859 0.0125999 0.0443804 -0.000182337  -0.00681569  0.000767569  -0.00219392  0.00308335  0.00524348  0.00253585  0.0036486  0.000627445  -0.00705191 
364 0.000286065 0.578694 0.00949068 0.0471741 0.00270795  0.00320869  0.0026702  -0.00557361  -0.000456078  0.000254523  -0.00276  -0.00111439  0.00444061  -0.00232336 
367 -2.78336e-06 -2.62054 0.00589426 0.0440383 0.00222431  -0.00354607  0.00226638  -0.000186748  -0.000930348  -0.000717073  0.00118578  -0.00211932  -0.000878243  -0.00200002 
368 1.7929e-05 0.774361 0.00443577 0.0440699 -0.00152766  0.0025149  -0.00232701  -0.000591655  5.82839e-05  0.00167017  -0.000450496  0.00120932  0.000507909  -0.000732322 
370 0.000105043 1.2305 0.017519 0.043866 0.00387954  7.39133e-07  -0.00763693  0.0107289  0.00320549  0.00710091  -0.00333117  0.000930283  -0.0067395  0.000590687 
374 -1.92419e-05 0.498166 0.000375908 0.042652 -0.000145602  -8.17111e-05  -0.000222951  7.57582e-05  4.20952e-05  9.34285e-05  6.82476e-05  7.35353e-05  -0.000183805  6.02751e-05 
375 -3.73588e-05 0.248851 0.00612631 0.0428769 0.00105202  0.00206098  -0.00258976  -0.00360306  0.00149421  -0.000343273  -0.000778107  -0.000504926  -0.00300216  0.000514308 
379 7.98769e-05 0.764499 0.00919285 0.0433104 -0.00375319  0.00151734  -0.00440274  -0.000990272  -0.000623223  1.8462e-05  -0.00477851  0.00286448  0.00173913  -0.00364722 
380 -0.000286001 0.378365 0.0117987 0.0423783 -0.000692149  0.00130737  -0.00678988  0.000276465  -0.000922395  -0.000671439  0.00375034  -0.00477249  -0.00160367  -0.00708 
381 0.00110382 0.603515 0.0213864 0.0456285 0.00807858  0.00189531  0.00597472  0.0132779  -0.00684864  -0.00653976  -0.00818909  -0.000549817  -0.00278861  0.00342231 
388 0.000145779 0.727038 0.011506 0.0312849 -0.00246754  -0.00345122  0.000122459  -0.000599819  -0.00546124  0.000638716  -0.00684461  -0.00328165  0.00506907  -0.00068365 
389 -0.000186377 0.319503 0.0116013 0.0288614 -0.00133834  0.000492358  -0.00117862  0.00472196  -0.00929367  -0.00110536  0.00132818  -0.00241524  -0.000116078  0.00369662 
393 -0.000199999 0.276825 0.0133631 0.0319276 0.00607866  -0.00225767  -0.000250921  0.000970431  -0.00170322  -0.00105694  -0.00179461  -0.00768284  -0.00823456  0.00120321 
394 -0.000138756 0.457229 0.0048734 0.0349198 0.000613431  -0.00261691  -0.0014223  0.00224669  -0.00181199  -0.00109922  -0.00067341  0.00210072  8.94677e-05  -0.000298124 
396 0.000508331 0.911004 0.0289056 0.0368532 0.00378755  -0.00167253  0.021294  0.00513941  0.00247559  -0.00691973  -0.0122698  0.00322469  0.00021292  -0.0111149 
397 -0.000132898 0.477411 0.00346663 0.029154 7.33213e-05  -0.0003129  -0.000686416  0.00238819  -0.00175198  -0.00131856  0.00051072  1.91248e-05  -0.000608201  0.000548151 
399 -8.28193e-06 0.489666 0.000585133 0.0313506 -0.000111744  -0.000126396  -0.000230196  8.50877e-05  5.91885e-05  -0.000284077  -0.000110112  0.000343316  -0.000163754  -0.000112599 
402 -1.98754e-05 0.479459 0.001278 0.0314824 -2.93036e-05  -3.8242e-05  -0.000469494  0.000199962  -0.000769609  0.000440111  -0.000523194  -6.44661e-05  0.00046536  0.000300183 
406 4.13411e-05 12.2586 0.0440902 0.0317965 0.0130289  0.0191482  0.00825242  -0.0131348  0.0117406  -0.0020789  -0.00498791  0.0172481  0.0254001  -0.00756402 
407 -0.000414957 0.256366 0.0201132 0.0311397 0.00720662  -0.00746339  0.00117411  0.00656317  0.00423605  -0.00814808  -0.000263572  0.00274812  -0.00839821  0.00948483 
410 -0.000875053 0.312879 0.0256043 0.0372119 0.00369341  0.0056903  -0.00102184  0.00308833  0.00523146  -0.00585132  0.00321831  -0.0127892  0.0108111  0.0157026 
411 -0.000977333 0.369887 0.0225688 0.0475411 0.00298452  0.0110822  -0.00755509  0.00587337  0.00106447  0.00675598  0.0080269  -0.00707614  0.00730682  0.00844886 
412 0.00037268 0.574232 0.0105217 0.0569032 -0.00539697  0.0023852  4.44549e-05  0.00305582  -0.00260595  0.0015808  -0.00529645  0.000241635  0.000420025  -0.00538263 
415 0.000619225 0.874263 0.0304435 0.0535291 -0.0031709  -0.00113145  0.00552803  -0.00945418  0.00820755  0.0220008  0.0113015  -0.00407743  -0.00998863  0.000124309 
416 -0.000640643 -0.0633352 0.0379999 0.0473954 -0.00121699  -0.00260266  0.0121181  0.0156278  -0.00126726  0.0012822  5.19436e-05  0.0289152  -0.0031751  -0.0139728 
417 0.00066755 0.543466 0.0107818 0.0537324 -0.00149786  -0.00387671  -0.00357831  -0.00160701  -0.000599093  -0.00027308  -0.0022959  -0.00724289  -0.00270945  -0.00425225 
421 6.86505e-05 0.508826 0.00155756 0.0471153 -0.000144858  0.000307269  -0.000741804  0.00029591  -0.000682448  -0.00033736  -0.000246787  -0.000439134  -0.000915879  -2.49344e-05 
422 -3.80996e-05 0.483568 0.00158273 0.046381 0.000247853  0.000100582  0.00122748  6.3152e-05  -0.000317707  -0.000484154  -6.0984e-05  0.00010225  0.000707351  -0.000270028 
423 -0.000568401 0.0272433 0.03279 0.04679 -0.0162821  -0.00920838  -0.0127619  0.00891124  0.00932527  -0.00740022  -0.0132682  0.00398208  -0.00791594  -0.00931239 
424 0.000173742 4.12835 0.0502055 0.0525154 0.0188383  3.30698e-05  0.00737434  -0.0303175  -0.00601776  -0.0286519  -0.0011727  -0.00203277  0.0119473  -0.0136669 
427 -0.000190702 0.340033 0.0110477 0.0508344 0.00119731  0.00189755  -0.0003471  0.0051729  -0.00465286  0.00110324  0.00484662  0.00591423  0.00265525  -0.00132414 
428 3.29543e-06 0.504299 0.000238049 0.0526769 -0.000101449  5.81517e-05  -0.000142246  -8.8091e-05  3.54439e-05  -7.01725e-05  -4.10546e-05  4.54694e-05  4.90534e-05  5.15789e-05 
430 0.000425962 0.921924 0.0268098 0.0526456 0.0076301  -0.00176424  0.00661515  -0.0132437  -0.00719084  -7.60015e-06  0.011749  -0.00911687  -0.0128532  -0.000461782 
431 4.30919e-05 0.511622 0.00141566 0.0484323 -0.000458548  5.18382e-05  0.000674765  0.000649376  6.98728e-05  0.000401339  -1.30429e-05  -0.000806578  0.000232902  0.000207855 
433 6.05052e-05 0.689653 0.00677497 0.0479854 0.00152346  -0.00156339  -0.00339495  -0.00145965  6.45209e-05  -0.00151857  0.000705259  -0.00427854  0.000544548  0.00246348 
435 -0.000335167 0.0793716 0.0237494 0.0473508 -0.00137951  -0.000238504  -0.0170991  0.00297748  -0.00159218  0.00382751  0.00260288  -0.0102491  -0.000761491  -0.0114563 
437 8.20517e-05 0.51284 0.0020536 0.0507673 -0.000742515  0.000132845  -0.000262097  0.000161544  0.0010713  0.000844487  0.000717142  0.00091955  -0.000421874  0.000393444 
438 0.000165438 0.56444 0.00653096 0.0499527 -0.00578241  0.000579841  0.000216324  -7.50552e-05  0.000862939  -0.00140703  -0.0011964  0.00115834  0.00144785  -0.00111117 
439 1.7073e-05 4.31177 0.0161339 0.0482685 -0.00785556  -0.00221131  -0.00501385  -0.00189635  0.00674179  0.00336893  -0.00223486  0.00873563  -0.00442178  -0.00270342 
440 0.000380061 0.607664 0.0127951 0.0480913 0.00135287  0.00633644  0.00480009  0.00331692  0.00121774  0.000198282  -0.00185209  -0.000810693  -0.00770864  0.00475995 
446 -0.0001537 -1.17267 0.0320673 0.0439634 -0.0134845  -0.007108  -0.00572257  -0.0079992  0.00717045  0.001886  0.00902559  0.0189112  -0.00106058  0.0142839 
447 0.000518988 0.569593 0.0120236 0.0456782 -0.000589598  0.000477408  0.00733671  0.00166163  -0.00336549  0.000179603  0.00244894  -0.00460481  0.00663741  0.00218805 
448 -0.000162199 -1.83767 0.0389425 0.0395934 0.00842124  0.0230155  0.012705  0.00210747  -0.00246532  -0.0120483  -0.0150848  -0.004726  0.00887866  0.0164339 
449 -0.000166348 -0.0990157 0.0199652 0.0415915 -0.00440762  -0.0114605  -0.00267167  0.00225964  0.00230374  0.0023066  -0.00411698  0.0137171  -0.00439712  -0.000723997 
450 0.000881034 0.729711 0.0284514 0.0435455 -0.00105044  -0.00895866  0.0056992  0.00281939  0.00419534  0.0212066  0.00188542  -0.0143433  -0.00320512  -0.000899702 
451 -1.20172e-05 0.432638 0.00179947 0.031868 0.000131557  0.000313691  -0.000539146  -0.000315316  0.00080286  0.000320471  -0.000160891  -0.000541694  0.000442483  -0.00121239 
454 0.000394086 0.753034 0.0199712 0.032056 -0.00109139  0.00251248  -0.00453316  -0.0104518  -0.0102837  -0.00256156  -0.00162672  -0.00367141  0.0114498  -0.00141915 
455 0.000191719 0.67433 0.0115626 0.025171 -0.00056747  -0.000261023  -0.0028944  0.000271503  -0.0072189  0.00382169  -0.0014069  -0.00676196  0.0029525  -0.0013088 
460 -3.0899e-06 0.477284 0.000529875 0.0210209 -3.9835e-05  -1.44382e-05  5.19667e-05  -0.000165019  -0.000107503  4.46431e-05  0.000264492  -0.000347693  0.000208024  3.70101e-05 
461 -4.33043e-05 0.476313 0.00202583 0.0210942 -0.000893382  -0.000304936  0.000105619  0.000123976  0.000817907  -0.00105252  -0.000508215  0.000731432  0.000393194  -0.000679479 
463 -0.000123526 0.265101 0.010774 0.0220969 -0.00222211  -0.00560682  0.00428192  -0.00336881  0.00338497  -0.00185279  0.0046928  -0.00205424  -0.00224374  0.00196284 
473 0.000106086 2.03123 0.025489 0.0247347 -0.000963906  0.014129  -0.00441813  0.000572498  -0.00200461  0.0118985  0.00473342  0.00915878  -0.00698823  0.0113387 
475 -0.000183496 0.311196 0.0117731 0.0224883 0.00465408  0.00789265  0.00531568  0.00271184  -0.00101366  -0.00307751  2.91467e-06  0.00112932  0.00256529  -0.000828759 
476 -0.00152084 -0.210248 0.065748 0.0262534 0.0109041  -0.0190619  -0.011693  -0.00156586  -0.00989062  -0.0224208  -0.0162727  -0.0224994  -0.0250783  -0.041242 
477 2.78922e-05 0.574997 0.00289268 0.0470238 0.000505999  0.000362995  -0.000237404  0.00164312  0.00162124  0.000343864  -0.00035926  -0.00119989  -0.000299123  0.00090478 
478 0.000122796 0.559845 0.00542223 0.0467263 -0.0012554  0.00162226  0.00247464  -0.00068524  0.00385896  -0.000156442  -9.61249e-05  0.00159819  -0.00023097  0.00103274 
480 -1.92444e-05 0.470887 0.00149709 0.0453933 0.000497636  0.000267163  -0.000193985  0.000275048  0.000175232  -0.000998718  0.000825986  -0.000201204  -6.25974e-06  0.000240976 
482 0.000128755 0.578679 0.00636607 0.0456048 0.00252097  -0.00201884  0.001095  0.00045423  0.000667485  0.000352241  -0.00155757  0.00365513  -0.000857495  0.00340581 
485 -6.53929e-05 0.441769 0.00390309 0.0441707 0.0008948  0.00146243  0.000160673  0.000742826  0.000508506  0.000678401  0.00053452  -0.00287851  -0.00152245  0.000330033 
486 5.31044e-05 0.585502 0.00426181 0.0449049 0.000651501  0.00137747  -0.00203925  0.00187728  -0.000316141  -0.000860913  -5.49754e-05  0.00245678  -0.000418583  0.00105036 
487 0.000532389 1.53405 0.046915 0.0443096 -0.0135362  -0.0046165  0.0243487  0.00183733  0.000965369  -0.00105843  0.026718  0.000901165  0.00553759  0.0255511 
490 1.2808e-05 0.573277 0.00193758 0.0378298 -0.000733767  0.00127927  -9.58442e-05  -0.000507174  5.17127e-05  -4.85834e-05  -0.000300501  -0.000518646  -0.000400796  -0.000887622 
491 0.000294067 0.743357 0.0169187 0.0376602 -0.00168208  -0.00153805  -0.0133419  0.00340324  -0.00776722  -0.00116986  0.00283076  -0.00248784  0.00170969  0.00355457 
494 0.000212086 0.566371 0.00750477 0.0335301 -0.00225133  0.00500836  -0.000976558  0.0003407  0.000373766  0.00194161  2.76843e-05  0.00283649  0.00169905  0.00320264 
495 -0.000762198 -0.176962 0.0454363 0.0302027 0.00294965  0.00560104  -0.0131469  -0.0306644  0.0169614  0.000607869  -0.00863658  0.00414739  0.0215229  -0.00825551 
496 -1.17026e-06 0.216154 0.00115269 0.040923 -0.000302212  -0.000323976  0.00014373  0.000107096  -7.07004e-05  -0.000731799  8.2991e-06  0.000366704  -0.000315941  0.000570429 
498 1.93014e-05 0.807293 0.00487079 0.0409373 0.0027902  0.00126242  -0.00184542  0.00223039  0.00101272  0.000187176  -0.00138644  -0.000522024  0.0010436  -0.0012732 
499 0.000267114 1.019 0.0235467 0.0407009 0.00485979  -0.00801185  0.00519307  0.0072833  -0.0165253  -0.00368007  -0.00094736  0.00755757  0.00400683  -0.00509173 
500 -7.44342e-05 0.467736 0.0030999 0.0372758 0.000487637  -0.000140022  0.00108296  -0.000322755  -0.000358291  -0.00189679  -0.00191769  -0.000272542  -0.000634207  -0.000441285 
501 0.000344199 0.569232 0.00976525 0.0382612 0.00104693  0.000824169  0.00102971  -0.000681435  -0.00381042  0.00756468  -0.00331582  -0.00172437  -0.000256718  0.00250648 
