generation s h r distopt trait[0] trait[1] trait[2] trait[3] trait[4] trait[5] trait[6] trait[7] trait[8] trait[9] 
1 0.0331888 0.497534 0.0145242 2 -0.00700999  -0.0066267  -0.00321772  -0.00492142  -0.00356937  -0.00423282  0.000429991  -0.00161925  -0.000149608  0.00705975 
4 0.0604236 0.501611 0.0458125 1.99182 -0.00105642  -0.0154658  0.00810847  -0.0236171  0.0324321  -0.00225185  0.0102239  -0.00142426  0.00054307  -0.00843779 
6 0.159821 0.499868 0.104417 1.97704 -0.0653357  -0.0244357  -0.00782468  -0.0185701  0.00135355  0.0346873  -0.00565903  -0.0331083  0.0572367  -0.0046584 
8 0.276024 0.481364 0.107292 1.93918 -0.0614603  -0.0549472  0.0150091  0.00121099  0.0437188  -0.0143025  0.00713939  -0.0433316  0.0161196  0.0135654 
10 0.125407 0.497981 0.0776014 1.87528 0.0148328  -0.035518  -0.0506356  0.000103147  -0.0354618  -0.0133861  0.0184067  -0.0042729  0.00012968  0.0135147 
16 0.209342 0.510921 0.162194 1.84351 0.0488233  -0.0701169  -0.0062907  0.0866358  0.0310061  0.00391986  0.0147128  0.016842  -0.0049186  0.099802 
17 0.100496 0.563066 0.169262 1.79121 0.0791259  -0.056633  -0.0348879  -0.0203102  0.0549099  -0.0108871  0.0668204  0.0979  0.0129082  -0.0142128 
19 0.0563841 0.495277 0.0216345 1.76428 -8.28022e-05  -0.0166579  -0.000929316  0.00445972  -0.00367654  -0.00297173  -0.000942185  -0.00836851  0.0087023  0.00089808 
20 0.216352 0.489179 0.103392 1.74867 -0.0134952  -0.0519735  -0.0252257  0.00624969  -0.027386  0.0374234  -0.0649714  0.0224999  -0.0128705  -0.00935042 
23 0.0775957 0.513234 0.0821214 1.69174 -0.0369794  -0.0198074  -0.0336588  -0.0137232  0.0208898  0.0204284  0.0128648  -0.0302409  0.015415  0.0386203 
26 0.118357 0.503505 0.0884273 1.6695 -0.0216343  -0.0301339  -0.0294534  0.0114428  -0.0235313  -0.0532413  0.023169  0.0230505  -0.0314021  0.00151133 
28 0.248141 0.516651 0.197968 1.63566 0.124652  -0.117609  0.0255136  -0.0338629  0.00892809  -0.022907  -0.0603617  -0.0435071  0.00536145  0.0430633 
29 0.140494 0.561758 0.202318 1.56644 -0.0255114  -0.0686494  0.0255391  0.02107  0.148937  -0.0279751  -0.0111963  -0.0379616  0.0854985  0.0512972 
30 0.0488616 0.499676 0.0328024 1.5239 -0.014031  -0.0111411  -0.00445517  -0.00108455  0.00522202  0.00911941  0.0149717  -0.00532993  -0.0192411  -0.000875423 
31 0.0966972 0.575008 0.17843 1.50816 -0.00449554  -0.0261709  -0.00158817  0.0412648  -0.00736662  0.0448965  -0.142042  -0.0246981  0.000754595  -0.0810593 
32 0.0545022 0.500652 0.0393246 1.47725 0.00674038  -0.0161276  -0.00448844  -0.0126221  -0.0202979  0.00643566  -0.00292908  0.00914023  -0.0213752  -0.00768029 
35 0.335269 0.49494 0.189311 1.45917 -0.076371  -0.118203  0.0121497  -0.00241347  0.0983357  -0.0283988  0.00299701  -0.0121019  0.0575571  0.0439994 
36 0.0610809 0.523538 0.0856374 1.35649 -0.00579418  -0.0223859  0.00142874  0.011473  0.0326012  -0.0182304  0.00863714  0.0139875  -0.0704214  -0.00638591 
37 0.0177932 0.506335 0.0245442 1.33445 -0.00107097  -0.00516693  -0.00605582  -0.0110957  -0.0019468  -0.00542779  -0.00631946  -0.00794217  -0.00581757  -0.0156422 
39 0.123294 0.498922 0.0790848 1.32783 -0.0296834  -0.0390746  0.0272307  0.0380748  -0.0026725  0.019921  -0.00628268  0.023809  0.0253953  -0.000135568 
40 0.225616 0.626417 0.349127 1.2833 0.0604395  -0.0639206  0.0278661  -0.0468055  -0.30806  0.000975902  -0.0954935  -0.0372122  -0.0262796  -0.0713219 
41 0.0194429 0.500424 0.0147658 1.20143 0.000968519  -0.00912703  -0.00131957  -0.00184386  -0.00629641  0.00736525  -0.000935883  -0.00207227  -0.00541227  0.000540088 
42 0.0905833 0.497082 0.0524108 1.19338 -0.00348207  -0.036569  0.000840367  -0.00341644  0.0127155  0.0262722  0.0217307  0.000930063  -0.0029806  0.007156 
48 0.0810251 0.502845 0.062613 1.15648 0.00385481  -0.0381567  -0.0128599  0.0367313  -0.00592038  -0.00352403  0.0243617  -0.00804388  0.00015249  -0.0151439 
52 0.0337605 0.502123 0.0288635 1.12229 -0.0018137  -0.019987  0.00223391  0.0157529  0.00386444  -0.00102621  -0.00512481  -0.0099225  0.00594642  0.00105846 
53 0.046433 0.505699 0.0454331 1.1074 -0.0036552  -0.0174361  0.0259331  0.00515673  -0.00280381  -0.0097882  0.0147702  -0.000681028  -0.0234693  0.0132123 
54 0.00495883 1.36744 0.130916 1.08672 -0.0355774  -0.00664221  0.0142198  -0.00849477  0.00501026  -0.00368545  -0.104503  0.0456342  0.0473007  -0.0165918 
59 0.0436566 0.61718 0.144528 1.08444 -0.0814845  -0.01464  -0.0670933  0.0469644  -0.0509357  -0.0177879  -0.0496563  -0.0429385  -0.000777742  -0.0103126 
60 0.0425186 0.582023 0.12043 1.06455 0.0237691  -0.0236435  0.0185108  -0.0433768  -0.00241921  0.0974051  0.000393079  0.0342809  0.00175583  -0.0219791 
62 0.0749811 0.53632 0.114452 1.04481 -0.0539629  -0.0414461  -0.0334775  -0.0200767  -0.0433845  0.0314978  -0.0195569  -0.0142642  0.0167495  0.0566105 
63 0.102995 0.513869 0.101159 1.00962 -0.00533078  -0.0686081  0.0076146  -0.0194323  0.02121  0.0496224  -0.00384525  0.00510007  -0.0106754  0.0446666 
65 0.0665615 0.639237 0.194404 0.959846 -0.0364372  -0.0788399  0.0637659  0.111917  -0.0432041  -5.45461e-05  -0.0773377  -0.0332358  0.0367486  -0.0579249 
66 0.0943265 0.503014 0.0717421 0.92567 -0.0169707  -0.0290276  0.00253449  -0.015876  0.0123012  0.0256161  0.0437702  -0.0107472  -0.0248493  -0.0173645 
67 0.0355463 0.516569 0.0540742 0.875628 -0.0107904  -0.0186738  0.038975  0.0116689  0.01307  0.0187736  0.0139722  -0.00534201  -0.00705903  -0.00260696 
68 0.0107309 0.593629 0.0636586 0.855451 -0.0111787  -0.00869678  0.0525339  -0.00999982  -0.0207637  0.0111141  0.00787304  -0.0161825  0.000841737  0.0106205 
70 0.116043 0.591685 0.214585 0.849189 -0.0280368  -0.0978537  0.0517232  0.0084824  0.100309  -0.031011  0.0401685  -0.0376518  0.123838  -0.0595606 
71 0.0159759 0.504397 0.020109 0.781878 -0.00772047  -0.0103479  0.00352587  0.00441043  0.00543906  0.0100012  0.00754163  0.00347824  -0.00260995  0.000641477 
72 0.00551413 0.512394 0.0169622 0.771676 0.00623652  0.000666671  -0.00536151  -0.0104684  -0.00319943  -0.00360563  0.00342953  0.00225445  -0.00193053  0.00813863 
75 0.0522766 0.529291 0.0852206 0.768105 -0.00622574  -0.0268015  -0.0423681  -0.0316701  0.00164939  -0.0382656  -0.0248389  0.0393636  0.00727554  -0.00458866 
76 0.0253879 0.522123 0.0503199 0.734186 -0.0107457  -0.0274849  0.0117204  -0.0150737  -0.018406  0.0187027  -0.017246  0.0136061  -0.00845356  0.00735063 
79 0.00522172 0.552794 0.0333652 0.716908 0.0061167  0.00319641  -0.011956  0.020842  0.0102115  0.00296426  0.0116941  0.0111062  -0.00978568  -0.00439873 
80 0.0292145 0.505497 0.0323667 0.713267 -0.00300677  -0.0211782  -0.0068544  -0.00189704  -0.00955982  -0.00827552  0.00977378  0.00769167  0.00863677  0.0122601 
81 0.0889567 0.934556 0.386003 0.692787 -0.0590118  -0.0447157  -0.176163  0.124062  0.143139  -0.127255  0.0624685  0.0209328  -0.222586  0.0807721 
82 0.102691 0.729058 0.305423 0.628278 -0.0737772  -0.0239035  0.0385746  -0.0749264  0.0585833  -0.0843525  0.0809747  0.154352  -0.0263542  -0.196326 
84 0.0245072 0.628287 0.112683 0.544958 -0.0158761  -0.0719424  -0.0183428  0.0657182  0.0134947  -0.029349  0.0143766  -0.0154892  0.0253389  0.021958 
89 0.0493171 0.547264 0.10123 0.522272 -0.0388187  -0.0415843  0.015499  -0.0067936  -0.0481473  -0.00248748  0.00505106  0.0430246  0.0445268  0.0232679 
90 0.0559578 0.592566 0.146924 0.47395 -0.0315779  -0.0332079  0.0637566  -0.0270474  -0.112544  -0.0120798  -0.0377574  -0.00657533  -0.0146024  -0.0140065 
92 0.0901736 0.618284 0.210577 0.412529 0.0534197  -0.108215  -0.0134951  -0.056836  -0.0579668  0.11081  0.0774974  -0.00575869  0.0466687  -0.0501021 
93 0.0117817 0.561567 0.0543323 0.289557 -0.0227983  -0.0167791  -0.00159204  0.0230031  -0.00666447  -0.00970556  0.00701303  -0.0171147  -0.0247124  0.0229696 
95 0.0150724 0.850245 0.144967 0.268571 -0.0199918  0.0492844  0.0533866  -0.072869  0.0438625  0.0116976  0.0788714  0.000618209  -0.0387294  -0.0156493 
96 0.0120815 0.689992 0.0958546 0.239103 -0.0284651  -0.0317129  -0.0164132  -0.00437682  -0.021588  0.0550732  -0.00729857  -0.0556401  -0.0191476  -0.00829226 
107 0.00200083 4.48823 0.178221 0.212512 -0.0147153  -0.0707324  0.0285865  -0.0591115  -0.0483347  -0.0524675  0.0744198  -0.0645386  -0.0115864  -0.0854685 
111 0.00961601 0.552251 0.0452267 0.207756 0.0148909  -0.0146278  0.00111808  0.0246643  -0.00256008  -0.00102777  -0.0170888  -0.00405817  0.00837622  0.0247769 
112 0.0123523 0.75468 0.112081 0.183282 0.0462616  -0.0490292  -0.0294446  0.0108815  0.00359205  -0.0308727  -0.0555465  0.0460778  -0.0111153  0.0271024 
115 0.00195175 2.82229 0.134438 0.145999 -0.0321684  0.0406333  0.0578016  -0.0510353  0.0164988  0.0482244  -0.00256586  0.00473217  -0.0701143  0.0435794 
117 0.00734173 0.775545 0.0898941 0.139162 0.0191398  -0.044664  0.0109749  0.00677498  0.0292369  -0.0187951  0.0377258  0.00563644  -0.00680451  0.0533295 
123 0.00380536 0.869066 0.0749021 0.109777 0.000571376  0.00616434  -0.0162956  0.0450816  -0.0120371  0.00341383  -0.0110421  -0.00861032  0.0408447  0.0354006 
129 0.00138573 0.594258 0.0228698 0.0908455 -0.00525936  -0.000392158  -0.00311783  -0.00706819  0.0043435  0.0108892  0.00532621  -0.00238203  0.0131019  -0.00961192 
133 0.00258088 1.01822 0.0730941 0.0828742 0.0118935  -0.0192418  -0.00850467  -0.0385691  0.0123765  -0.0317955  0.0409567  0.00580325  0.0198014  0.00194391 
134 -4.67708e-05 0.199729 0.00749518 0.0655025 0.00290234  0.00241945  0.00275737  -0.00136076  -0.00262472  -0.000953122  -0.000697693  -0.00442136  -0.00205311  0.000630521 
135 0.00183451 0.972612 0.0588647 0.0658585 0.00395206  0.0033891  -0.0282701  0.00820608  -0.0191887  0.0198875  -0.0292133  0.00950365  -0.00998535  -0.0276451 
136 0.000468349 3.07933 0.069485 0.0500451 -0.0509472  0.0160701  -0.0190575  -0.0110582  -0.0135564  -0.0316866  -0.00424385  -0.000811703  -0.00375221  0.0163787 
140 0.000311847 1.51449 0.0355684 0.0451251 0.0178568  -0.00916457  -0.0206804  -0.0150484  -0.00537534  0.0124769  -0.00139679  0.00460832  0.000377705  -0.000471105 
145 0.000238541 1.15834 0.0250614 0.0415268 -0.00770722  -0.00456014  0.0143707  -0.00854706  -0.0129218  0.00132076  0.00410182  -0.000827714  -0.00160812  0.00891608 
148 0.000243099 0.698395 0.0138896 0.0385481 -0.00737658  -5.1801e-05  0.00568114  0.00651064  0.000398446  0.00110657  -0.00336498  -0.00143593  0.00684595  -0.00148482 
149 0.000421576 1.0692 0.0309777 0.0352546 0.0104968  -0.0151596  0.0133101  -0.00880353  0.00681339  -0.00458932  -0.00496035  -0.00370598  0.01461  -0.00675888 
152 -2.70811e-05 -2.46422 0.0179189 0.0286601 0.00877794  0.00302926  0.00220978  -0.00532244  0.00973352  -0.0023737  0.00552004  -0.000626521  0.00831043  -0.00116001 
158 -0.000742839 -0.00617214 0.0387888 0.0291288 0.00280866  0.0209483  0.00191741  0.018423  0.0210125  -0.0108675  -0.0112024  0.00363556  0.000666574  -0.00399732 
163 0.000647407 0.562805 0.0127591 0.0398949 0.00175044  -0.00552947  -0.00475915  0.00386922  -0.00571534  0.00294201  0.0016423  0.000664162  0.000490815  0.00684365 
165 -0.000481257 0.164425 0.0254207 0.0307311 -0.0087417  0.00342736  -0.00969394  -0.0117078  -0.00458799  -0.00226815  0.00844292  -0.00253419  -0.0050619  -0.0140528 
167 0.000235031 0.910592 0.0196462 0.0377594 0.00283121  0.00255916  0.00117495  0.00811797  -0.0160199  0.00255654  0.00516215  0.00211121  -0.00228463  -0.0021511 
168 -0.000260138 -0.0144135 0.0231374 0.0345075 -0.00454598  0.00348966  0.00106782  -0.00176902  0.0072695  -0.00977142  0.00222375  0.000123282  0.00903644  0.016226 
169 3.94024e-05 1.01794 0.00903494 0.0380912 0.00358079  0.00365727  0.00252381  -0.00159531  -0.00205175  -0.000420325  -0.00543555  0.00130623  -0.00327486  0.000394115 
170 -2.34289e-05 -1.89584 0.0149841 0.0375705 0.0121563  -0.00197291  0.000213781  0.000656169  0.00482593  -0.00312358  -0.00371902  -0.00339783  -1.94779e-05  0.00373582 
171 0.000245379 0.828921 0.0179672 0.037881 -0.00946035  -0.0111192  -0.001018  -0.000692414  0.00660766  0.00173857  -0.00377163  0.00130912  -0.00671939  -0.000628386 
172 1.37527e-05 2.39083 0.0101987 0.0344909 -0.00159162  0.00416027  -0.00229381  0.00345407  -0.00587479  -0.000707234  0.00309378  0.00242216  -0.00205789  0.00350636 
176 0.000342855 0.993099 0.0260025 0.0342909 0.00675987  0.000559508  -0.00466309  0.013466  0.00242257  0.0187776  -0.000200585  0.00591936  0.00505202  0.00282422 
183 8.5943e-05 0.569727 0.0048962 0.028863 0.000213873  -0.0014276  -0.00130962  -0.000130621  -0.000860217  0.000922483  0.000752282  -0.00128496  -0.00337216  0.00223099 
187 -7.22662e-05 -0.557901 0.0174872 0.0273337 0.000848341  -0.0109782  0.0028935  0.00543883  -0.0041295  0.00386215  -0.00871847  0.000886653  -0.00534956  0.00303729 
192 5.78527e-06 0.556545 0.00114391 0.0286252 6.40628e-05  -0.000836296  -6.36854e-05  -0.000489642  0.00039532  -0.000354492  -7.86043e-05  -0.000185114  -0.000195155  2.74473e-05 
194 -1.0492e-06 0.490735 0.000197188 0.0285239 0.000124196  7.40685e-05  4.61779e-05  5.2208e-05  6.36653e-05  4.84346e-05  4.43109e-05  1.26588e-05  -5.52467e-05  3.92284e-05 
195 -1.57341e-06 0.481812 0.000338335 0.0285423 4.58759e-05  -0.00028416  3.49734e-05  7.64926e-05  -6.67579e-05  5.79405e-05  7.85228e-05  8.68317e-06  -7.68432e-05  6.7713e-05 
196 0.000179157 0.830465 0.0153886 0.0285699 0.00366318  -0.000876187  0.00878185  -0.00120299  -0.000348951  0.00829417  0.00406055  0.00327708  -0.000738636  -0.00688227 
197 -0.000361504 0.333942 0.0154992 0.0252408 0.00781542  -0.00525923  0.00785269  0.000351206  -0.00425702  0.00804764  0.00135499  0.00170878  0.0014117  -0.000246317 
199 -8.75035e-05 -1.52208 0.0266031 0.0316017 -0.000455835  0.00582677  -0.00824134  -0.012576  0.00305588  -0.0118887  0.00755469  0.00989847  0.000690775  -0.0118863 
202 -0.00010446 -0.248521 0.0176854 0.0329572 -0.0141289  0.00484323  0.00162615  -0.000647571  0.00197057  0.00092789  0.00779779  0.00174164  0.00329802  -0.00267711 
204 0.000224679 0.657879 0.011912 0.0345057 -0.00292201  -0.00526568  -0.000472703  -0.0054798  0.000943472  0.0065461  0.000159809  -0.00412443  0.00161211  0.00346427 
205 -7.59739e-05 -1.68979 0.0257961 0.0310803 0.00387202  -0.0153337  0.00748478  0.00353455  -0.00441933  0.00801982  -0.00829733  -0.00496368  0.00291814  0.0126871 
207 4.94759e-05 0.551094 0.00318003 0.0322795 -0.000198356  0.00142974  0.00116905  0.00184041  0.00110296  -0.000108088  -0.000131924  -0.00080275  0.000105104  0.00117227 
212 0.000255936 0.705203 0.014494 0.0315038 -0.00432349  0.00349784  -0.00255944  0.00560225  -0.0041897  0.000603496  -0.00312966  -0.00729924  0.000179533  -0.00775817 
213 -0.000316842 0.0996125 0.0225286 0.0271401 0.00289882  0.00664933  -0.00493815  -0.00842668  -0.0080446  8.2396e-05  0.0120313  0.00318673  0.00605945  -0.0101578 
215 0.000356669 0.723774 0.0178675 0.0324573 -0.000760779  -0.000484221  0.00807435  -0.0021859  -0.00572276  -0.0057647  -0.00925856  -0.00462937  -0.00769372  0.00401669 
216 4.56814e-06 0.51579 0.000537161 0.0263983 -0.000137801  5.6886e-05  -0.000115952  -7.51825e-05  0.000168474  0.000366557  4.97934e-05  -0.000193957  0.000173535  0.000119411 
220 0.000120953 1.4462 0.0213947 0.0263116 0.000374201  0.00666101  -0.0113359  -0.00675409  0.00683309  -0.0115296  -0.00365544  -0.00111929  0.00613553  -0.00268719 
224 -0.000382099 0.363108 0.0144683 0.0239031 -0.00647351  -0.000732926  -0.00487267  0.0058991  0.00239785  -0.000136123  -0.00757316  -4.81437e-05  0.00114682  -0.00662635 
227 -9.71031e-05 -1.58766 0.0284752 0.0308793 -0.00139583  0.0106091  -0.00157977  0.00815559  -0.00381407  0.0064086  0.0192776  -0.00398112  0.00882481  0.0103128 
228 8.28727e-05 1.88296 0.0214102 0.0324135 -0.00755435  -0.00893141  0.0122655  -0.00323959  0.00611781  -0.00146496  -0.0105009  0.00192916  0.00116119  0.00238928 
231 -7.39012e-05 0.270125 0.00824359 0.031109 0.00167284  -0.00267462  0.00055886  0.0029604  -0.00153388  -0.00517995  0.00194929  0.00219033  0.00210226  0.00259365 
234 -0.000445013 0.422745 0.0117322 0.0322749 -0.00105149  -0.00290283  0.00491521  -0.00377852  -0.00859557  -0.000714553  -0.00140978  7.5327e-06  0.0036431  0.000148759 
236 -1.42566e-05 0.480338 0.00105894 0.0385588 3.1601e-05  -0.000318868  0.00067301  0.000310809  -0.000524875  -0.000203362  -0.000113785  0.000106704  -0.000289984  0.000209434 
237 -1.49718e-05 0.116675 0.0047913 0.0387433 -0.00125259  0.00200708  0.000164013  0.00253704  0.000788089  0.0023569  -0.00149444  0.00117455  -0.000373057  0.000983658 
238 0.000536958 1.22721 0.0395139 0.038936 0.00755224  -0.0127755  0.00310416  -0.00891027  0.0232701  -0.00946095  -0.00830629  -0.00516138  -0.0224002  0.00486432 
239 -0.000136493 -0.0321091 0.0170451 0.0312921 0.00302529  -0.00470035  -0.00236795  0.00265106  -0.00851786  0.00145958  -0.00821191  -0.00313895  -0.00926021  -0.00298821 
241 -0.000155016 -0.0986942 0.0192679 0.0334021 -0.00486534  0.00311095  -0.0056795  -0.0147797  0.000399668  0.00257645  0.000478237  0.000364788  0.00725126  0.00524086 
243 5.52504e-06 9.13759 0.0138162 0.0356473 0.00132315  -0.00264705  -0.00828041  0.00195578  0.000262044  0.000396887  0.00203226  -0.00357138  0.00685185  -0.00675872 
245 -0.000251794 0.319517 0.0134844 0.0355697 -0.0046886  -0.00636754  0.000755619  0.00170823  -0.0041797  -0.00101802  0.00450756  0.00506359  -0.00521502  -0.0049143 
248 -0.000147546 -2.05074 0.0387974 0.0389491 -0.00885632  0.0146898  -0.0132706  0.0102458  -0.000277426  0.0129671  0.0223801  -0.00224946  0.0158208  0.00234111 
249 0.000279585 0.877421 0.0205437 0.0407993 -6.62424e-05  -0.000161392  -0.00449863  0.00129594  -0.00703282  -0.00776312  -0.00574263  -0.00115303  -0.015757  0.00278902 
250 -0.000129968 0.05519 0.0152073 0.0372161 0.00223948  0.00472932  -0.0052476  -0.00201649  0.00851792  0.00499942  0.005286  -0.0029196  0.00554023  0.00275071 
251 5.97898e-05 1.15545 0.01252 0.0389232 0.0041707  0.000896537  0.00216563  -0.00129224  -0.00504096  -0.00304947  0.00428447  -0.00872384  -0.000169437  0.00172942 
252 -0.00078121 0.426063 0.0152128 0.0381475 -0.00250763  0.00707561  -0.00356803  -0.0017807  -0.00584661  -0.00606235  0.00267788  -0.00775281  0.00329889  -0.00317518 
255 0.000277432 3.33521 0.0560775 0.0472942 -0.00394506  -0.0301747  0.0320097  0.0107072  0.0178262  0.0128625  -0.0231205  0.00681795  -0.00304521  -0.00241003 
258 0.000736891 0.630859 0.0196425 0.0442645 0.00984975  0.00845478  0.00736227  -0.00102571  -0.00605042  -0.0107124  -0.00261949  0.000602073  0.00181558  0.00043181 
260 0.000150697 1.30672 0.0220506 0.0349676 0.0108756  -7.56811e-05  -0.0113843  -2.8629e-05  -0.0141666  0.0040207  0.00117037  -0.0029608  -0.00044844  0.00333828 
262 0.000447093 0.942461 0.028127 0.0327421 0.015048  0.0106426  0.00116539  -0.0040637  -0.00276054  0.00740211  0.0135509  0.00897305  -0.00960577  -0.00383734 
263 -4.83956e-05 0.416799 0.00401344 0.025001 -3.35211e-07  -0.00156735  -0.000853735  0.000711049  0.000642383  0.00263134  0.00065671  0.00168191  -0.00134903  8.8938e-06 
268 0.000301348 0.849365 0.0205203 0.0259509 -0.00875221  0.00784038  -0.00768926  -0.000319262  0.00645846  -0.00529772  0.00573036  0.00899525  -0.00484093  0.00410115 
269 -0.000753403 -0.0282615 0.0399067 0.0192911 -0.00271558  -0.0100802  0.00757173  0.00870306  -0.00873152  -0.0225639  -0.0252671  -0.00690981  0.00729151  -0.00507667 
270 1.87098e-05 0.50237 0.000421399 0.0335534 -3.44609e-05  0.000349255  3.83209e-05  1.26656e-05  2.95689e-05  0.000178745  3.91294e-05  -5.26505e-05  5.41397e-05  0.000112796 
271 -9.13164e-05 0.434533 0.00489061 0.0332735 0.000259185  0.00140953  0.00231783  -0.00109866  0.000337154  -0.00266235  -0.00121711  -0.000298611  0.00242482  0.000795378 
272 0.000138448 0.645262 0.0089693 0.0346185 -0.00357404  0.000706792  -0.00560569  -0.00157825  0.00461856  -0.00124385  0.000377751  -0.00100931  -0.00301768  0.000338132 
273 0.000384395 0.599804 0.0123894 0.0325577 0.0039391  0.00623253  0.00247333  0.005159  0.00248737  0.0039732  0.00528973  -0.00374509  -0.000675146  0.0014029 
274 -0.00012245 0.21558 0.0118035 0.0259939 -0.00421963  -0.00127191  -0.00372709  -0.00693569  -0.00275195  0.000692251  -0.00160566  -0.00374433  0.00159008  0.00554313 
277 -4.06991e-05 0.380309 0.00441435 0.0282514 -0.00192501  0.00125753  0.00121596  -0.000772112  -0.00249415  -0.000286433  0.000171912  0.00186899  -0.00117546  0.000957877 
279 5.91033e-05 1.90614 0.0182321 0.0289628 -0.00525088  0.00977863  -0.00269159  0.00210638  0.00435157  -0.00194276  0.00403512  0.0123028  -0.00267834  -8.83177e-05 
282 4.9887e-05 0.908046 0.00902348 0.0279238 0.00291107  -0.00166423  0.000570062  0.00204363  0.00145519  -0.00268782  0.00635099  -0.00156553  -0.00142758  -0.00339293 
283 0.000301087 0.550059 0.00776691 0.0270158 0.00398162  0.000235718  -0.00102393  -0.000621922  0.0028456  0.00532402  0.00173213  0.000475131  0.0017068  0.000631603 
286 -0.000234006 0.35313 0.0117267 0.0207078 -0.00342243  -0.0025813  -0.00358478  -0.0040461  0.00213195  -0.00336019  0.00774729  -0.00361529  0.000630581  -0.000769557 
287 5.40199e-05 2.38538 0.0201832 0.0257458 -0.00615758  0.00451612  0.00424349  -0.0030829  0.00603655  0.0141525  0.00799378  0.00318187  -0.00295599  -0.00142977 
288 -0.000242996 0.464794 0.00585266 0.0246744 -0.00347562  -4.09934e-05  0.000445083  -0.000438543  -0.00171293  -0.000368049  0.00267648  0.000862446  -0.00284899  0.00163948 
290 2.64352e-05 0.558091 0.00247849 0.0291865 -0.000340399  0.00121184  0.000260373  -0.000340401  0.000285188  0.000297804  -0.00153803  -0.000332653  -0.00101407  0.000836823 
291 3.56799e-05 0.513204 0.00137298 0.0287301 0.00030836  -0.000122014  0.00043715  0.000247861  -4.60233e-05  -0.000147732  -0.000616212  -9.97751e-06  0.00016037  0.00104551 
293 0.000151686 0.963698 0.0167728 0.0281023 -0.000128947  -0.00573189  0.00922289  -0.00570511  0.00399415  0.00613441  -0.00783054  0.00390852  4.43533e-05  0.000815312 
294 0.000217392 0.773498 0.0154213 0.0252599 0.0045532  0.00395498  0.000196319  0.00751654  -0.00682139  0.00704645  -0.00587072  -0.00284736  -0.00240398  -0.000607531 
295 -0.000163005 0.0971554 0.0162077 0.0205109 0.00789274  -0.00201446  -0.00177226  -0.00036441  -0.00173821  0.00341995  0.0041401  -0.00961879  -0.00601169  0.00570456 
296 -4.64585e-05 0.243762 0.00690069 0.0241602 -0.00186754  -0.00292805  0.00212069  0.00107409  0.000943726  -0.00280464  0.00250271  0.00199122  0.000975902  0.00315751 
297 8.44874e-06 0.73346 0.00280887 0.0251033 -0.00142531  -0.00113357  7.45398e-06  0.00129239  -0.00106221  -0.000809378  -0.000658553  -8.9186e-05  0.000228756  -0.000790933 
298 -0.000419601 0.372433 0.0146368 0.0249344 0.000403505  -0.00531338  0.00339082  0.000982755  -0.0085795  0.00625443  -0.0062311  -0.0043762  -0.00120608  0.00110462 
301 0.000260912 2.1163 0.0410646 0.032271 0.0226301  0.00801215  -0.0168626  0.00323279  0.0125768  -0.00524509  -0.0192149  0.00790441  0.0139926  0.00141981 
302 -7.90183e-05 -0.0810165 0.0135517 0.0279381 -0.000965896  -0.00664372  0.00693967  0.00576749  0.000205624  -0.000291353  -0.00141962  0.00275457  0.00650829  -0.00225098 
303 0.000208531 0.955471 0.0194906 0.0293182 -0.00332947  0.00732726  -0.00590109  -0.009314  0.00117064  0.00558756  0.00111096  -0.00976967  -0.00339376  -0.00726261 
304 -3.414e-05 -2.35712 0.0197524 0.0255157 0.00129504  2.57714e-05  -0.00309  -0.0022541  0.00818325  -0.0130332  0.0024723  0.00027715  0.0108663  -0.00357121 
305 -5.42309e-05 0.317399 0.00629388 0.0261761 0.0030027  -0.000792121  -0.000329251  -0.000157111  -0.00354946  -0.000840093  -0.000459927  -0.00229858  -0.001326  -0.00304605 
307 -3.5052e-05 -0.804202 0.0135225 0.0271923 0.00217594  0.000123992  0.000969475  0.0029612  0.00277662  -0.00181472  -0.00440125  0.0031734  -0.0111463  0.00192802 
312 -0.000407147 -0.147663 0.0324798 0.0278294 -0.0175866  -0.000777593  -0.00723872  0.00811071  0.00552013  -0.0162595  0.0138796  -0.00616053  0.00154249  -0.00995185 
315 0.000191118 0.763865 0.0142025 0.0343759 -0.00577191  -0.00357507  0.00293554  -0.00428571  0.00653716  0.00501949  -0.000349326  0.00243155  0.000329937  0.00738625 
316 -3.82595e-05 0.429357 0.00328817 0.0314739 0.00236197  0.00086178  -0.00142238  0.000713573  -0.000172916  -0.000862597  0.000421481  -0.000760436  -0.000316197  0.000572959 
318 7.00183e-05 1.03282 0.0122156 0.0320759 -0.00203521  0.00115687  0.00527564  -0.00196159  -0.00267119  -0.000124606  0.00593025  -0.00591346  -0.00562242  -0.00177823 
319 -0.000105973 -0.705715 0.0226074 0.0309653 0.000762327  0.0109812  -0.00537173  0.00599253  -0.00195196  0.00886657  -0.0106372  0.00288538  0.0110024  0.000454444 
321 -0.000605788 0.137408 0.0296474 0.0326317 0.00464032  -0.00456375  0.00264471  0.00270339  -0.00859772  -0.00328929  0.000797044  0.0099109  0.0252507  0.00105035 
323 0.000139328 1.16769 0.0192893 0.0408754 -0.00421494  0.00685695  0.00980027  0.00375268  0.0053499  -0.00726197  0.00172682  -0.00410628  -0.00948524  0.00244839 
324 -8.80304e-05 0.470048 0.00324825 0.0391341 -0.00155557  -0.00095931  -0.00176431  0.000952842  -5.61919e-05  -0.00149666  0.000167822  -0.000346319  -0.000242454  0.000860412 
325 4.58898e-05 0.510542 0.00139144 0.0402432 0.000105964  0.000180691  0.000387135  -0.000903039  0.000362756  -0.000143138  0.000181338  -0.000501927  -0.00067365  -0.00019018 
327 -0.000652564 0.226995 0.026702 0.039669 -0.0178008  -0.00672524  0.0072267  -0.00950945  5.63259e-05  -0.00801925  -0.0103468  0.00066446  -0.00395194  -0.00456263 
329 -0.000304666 0.448236 0.00794598 0.0471848 -0.00301607  0.00507407  -0.00121434  0.00374532  0.0010648  0.00143602  -0.000394544  -0.00156056  -0.000446432  -0.00260911 
330 0.000821259 0.856893 0.0342358 0.0503102 0.0148742  -0.0102371  -0.00732693  -0.00483732  -0.0101964  0.0117957  -0.00158681  -0.0201316  -0.0105816  0.00246812 
331 4.0062e-05 0.509948 0.00126291 0.0413545 -0.000512101  -0.000351755  -0.000360192  0.000334344  0.000102988  0.000542369  0.000343054  0.000670978  0.000157723  0.000264391 
333 -6.08047e-05 0.301781 0.0069436 0.0408673 -0.00222411  -0.000208968  -0.00350373  0.00196177  0.00233567  -0.00101316  -0.000729711  0.00196038  -0.00311806  0.00255323 
336 2.34265e-05 1.08385 0.00739661 0.0416046 -0.000351149  -0.00139324  -6.64741e-05  0.000995711  -0.00259106  0.004909  -0.00222996  0.000351844  -0.00159468  0.00363292 
339 8.22729e-05 0.632924 0.00661405 0.0413221 -0.0013108  -0.00156167  -0.00077296  -0.00132969  0.000664193  -0.000257569  -0.00174622  0.0041973  -0.00399987  0.00022395 
345 0.00101593 0.66158 0.025627 0.0403143 0.0149943  0.00240246  0.00890243  0.000971925  -0.00432065  -0.00101773  0.0107535  0.00901697  0.00674648  -0.00915312 
349 -0.000102037 0.376842 0.00709041 0.0246948 -0.00167877  0.00116474  -0.00112611  0.00155877  -0.00366794  0.00131064  0.00275605  -0.0042974  -0.00031218  0.00103375 
