generation s h r distopt trait[0] trait[1] trait[2] trait[3] trait[4] trait[5] trait[6] trait[7] trait[8] trait[9] 
5 0.0103731 0.652478 0.0796387 0.2 0.041655  0.0186311  0.0229135  -0.0143226  -0.0346042  0.0179703  -0.0170381  -0.0381448  0.00877911  0.0136793 
7 0.0351276 0.911861 0.238888 0.267113 0.150877  -0.0862594  -0.0135266  -0.0285222  0.0127358  -0.0257843  -0.018731  0.0816794  0.0228564  -0.132267 
12 0.0209264 0.511363 0.0339948 0.391227 0.0265363  -0.00203203  0.00973537  0.0103888  -0.00648126  -0.00277689  0.00767031  -0.00338666  0.00555507  0.00968276 
14 0.0227102 0.535015 0.0582754 0.456656 0.0276661  0.0257654  0.00171407  -0.0272897  -0.00480517  -0.0250034  -0.00309056  -0.00407798  -0.0230391  -0.0037201 
16 0.0272882 0.570281 0.0890131 0.526053 0.0262053  -0.0168807  0.0135012  0.0383418  -0.0139052  0.0443727  0.0181074  -0.021241  -0.0485351  -0.00150867 
18 0.058394 0.585171 0.144545 0.596004 0.0512186  0.0765202  -0.0795373  -0.019336  -0.00713788  0.0404501  -0.0510788  -0.0255171  0.00488877  0.0272634 
19 0.016911 0.516529 0.0353438 0.594603 0.0137905  -0.0144339  0.016201  -0.0144037  -0.000747564  -0.00638679  -0.0102604  -0.00677524  0.00926174  0.0101204 
22 0.114667 0.848245 0.39265 0.726566 0.166281  0.230249  -0.140028  0.12328  0.123837  -0.0688329  -0.0775584  -0.0537382  -0.00385704  0.0985512 
25 0.00573256 0.561192 0.0376194 0.778187 0.00856776  -0.00184819  0.00160406  0.0119406  0.0136361  0.00572385  -0.00821292  -0.0149989  0.0228785  -0.0125973 
28 0.101694 0.516027 0.104342 0.91023 0.0530024  -0.053239  -0.0538579  -0.0237684  0.0187668  -0.00228285  0.0317889  0.0082419  0.000334008  -0.0184916 
30 0.0297321 0.609582 0.115109 0.947898 0.0298039  0.0306227  0.066177  -6.91965e-05  0.0622529  -0.0145493  -0.0453584  -0.0214054  0.000443184  -0.0210203 
32 0.132929 0.557158 0.19021 1.02474 0.0428606  -0.110037  -0.0537936  -0.0327345  -0.115184  0.00683891  -0.00880107  0.0405186  -0.00571589  0.0565984 
33 0.0927798 0.523523 0.110765 1.00942 0.0472765  -0.035655  -0.0160835  0.0336751  0.0116307  0.0214998  0.0483084  -0.025833  -0.014998  0.0595508 
34 0.0962354 0.518626 0.10514 1.012 0.0511823  0.0444048  -0.00211268  -0.00683176  -0.0185866  -0.0169457  0.0482035  0.0155152  -0.0459278  0.0332502 
35 0.0440241 0.548577 0.0963806 1.01295 0.0307473  -0.0112392  -0.01009  0.0299146  0.0112397  0.0121797  -0.0144824  -0.0586675  -0.0236805  -0.0522854 
36 0.0783408 0.542357 0.124884 1.03861 0.0594969  0.0784602  -0.0130703  0.0250405  -0.0167971  -0.0525875  -0.0396355  0.0152302  0.00498414  -0.0150661 
39 0.0521365 0.532509 0.0888444 1.14133 0.035596  -0.0224602  -0.008517  0.0178178  -0.0469125  -0.00923523  -0.0267857  -0.0404343  -0.0278881  -0.0177638 
40 0.0801377 0.539198 0.12261 1.16535 0.0116198  -0.0583907  0.0499295  0.010961  0.0227465  0.00816493  0.0299875  -0.0147481  0.0680523  -0.0504354 
46 0.0284154 0.582573 0.0981616 1.17941 0.00817431  -0.00690998  -0.0175824  -0.0424902  -0.0137951  0.0678927  -0.00723869  0.025347  -0.0327963  0.0289202 
47 0.122251 0.532042 0.146241 1.16747 0.0383508  -0.0339583  0.054849  0.0460415  0.0529062  -0.0169049  0.0706952  0.0455536  -0.0218816  0.0547504 
55 0.03452 0.575805 0.104174 1.11699 0.0299765  -0.00781241  -0.0533059  0.0112465  0.0548778  0.00804919  0.05846  -0.0200487  0.00473239  -0.00249801 
57 0.0234141 0.737445 0.148958 1.10169 0.0436274  -0.0573691  -0.0497406  0.0701874  -0.0657022  0.0155817  -0.0204095  -0.0470461  -0.0269439  0.040966 
58 0.107635 0.502958 0.0801956 1.09114 0.043558  -0.0250367  0.0226021  0.0080693  0.0368962  -0.00412836  0.00984461  0.0422011  -0.00220381  -0.00837582 
59 0.0303701 0.504431 0.0312687 1.04324 0.0141815  -0.0108165  0.015253  0.0017004  -0.0114469  -0.000359859  0.0014567  -0.0122813  -0.010077  -0.00619793 
60 0.201085 0.527374 0.191621 1.0288 0.0975391  -0.00143258  0.062937  0.023815  0.0359086  -0.0465578  0.13175  0.0374182  0.00159244  -0.0213719 
61 0.0157307 0.616499 0.085956 0.935526 0.00667309  0.00199727  0.0320208  -0.0286156  -0.0109034  0.0330396  0.042666  0.0113217  -0.0240019  0.0419591 
64 0.0759915 0.616239 0.191251 0.927147 0.0633818  -0.00587135  0.0409354  -0.0933774  0.0935257  -0.0772631  0.0510285  0.0322943  -0.0311751  0.0528673 
65 0.0254647 0.500709 0.0196839 0.886768 0.0126262  -0.0045722  0.00551196  -0.00665612  -0.004199  0.00211367  -0.00863889  -0.00509981  -0.00304124  0.000677468 
66 0.0886885 0.541613 0.133116 0.872475 0.0635936  -0.0394083  0.0633922  -0.050924  0.0286237  0.0326708  -0.0339823  -0.0174704  -0.019063  0.0424352 
67 0.0505374 0.717175 0.209302 0.822337 0.0180398  -0.00785707  -0.0351119  -0.134161  0.0516589  0.0792981  0.00891404  0.0335375  0.0386836  -0.111941 
68 0.087759 0.60677 0.198195 0.791793 0.099108  -0.00436628  0.0261535  -0.00958653  0.0391868  0.0844167  -0.0772212  0.0826426  -0.0799334  -0.0286355 
69 0.00254524 0.50557 0.007737 0.736761 0.00205332  0.000487383  0.00180164  0.00417469  0.0019388  -0.00445215  0.000210191  0.00244258  -0.00102167  -0.00202456 
70 0.0244074 0.554568 0.0745016 0.735034 0.0265852  -0.0449539  -0.00560526  -0.00803751  0.0246317  -0.00551165  -0.0196468  0.00939242  0.03838  -0.0119373 
72 0.0767891 0.524095 0.0992833 0.718443 0.0671083  -0.0321067  0.000838715  -0.0116864  -0.0106955  0.0117552  0.0392688  -0.00512998  0.048594  -0.00179217 
74 0.0482632 0.658213 0.175567 0.664964 0.00232598  0.0424927  -0.0175186  -0.0562403  -0.0100582  -0.0305374  -0.070553  0.0369926  0.117234  -0.0664772 
84 0.00205858 0.501829 0.00414277 0.628524 0.00119133  0.00182617  8.28248e-05  -0.00235908  -0.00145166  -0.00128871  0.000163478  0.000112496  -0.000742588  0.00157396 
85 0.0267921 0.873989 0.199262 0.626886 0.0374895  -0.109595  0.000712871  0.0512132  -0.0609797  -0.00326644  -0.0582761  0.0391514  0.0818672  0.0911317 
87 0.00153166 0.616675 0.0267467 0.605431 0.00661462  0.0113902  -0.0135457  0.00274629  0.0137481  0.00231311  0.00722574  0.00433502  -0.00687046  0.00618859 
88 0.0210358 0.838232 0.168171 0.604166 0.0547178  0.0506124  0.0127169  0.0409988  0.0170535  0.0346932  0.107966  0.0325639  0.0538691  0.0614004 
89 0.0360401 0.769931 0.196646 0.586684 0.0145552  0.0225564  -0.0151956  -0.0906439  -0.0549846  0.0365621  0.0819096  -0.114467  -0.00890865  -0.0724606 
90 0.0205543 1.72285 0.313856 0.555691 0.157531  -0.0926426  0.16148  0.0683092  0.106823  -0.0987173  0.0108611  0.0767119  -0.0771663  -0.0353729 
91 0.0161559 0.523883 0.0407331 0.537072 0.00411245  0.0262388  0.00476342  -0.000305306  -0.00747533  -0.0227964  0.0096348  -0.00242261  -0.00816216  0.0137892 
92 0.0263412 0.568099 0.0861027 0.521939 0.0403456  -0.0050894  0.0244885  0.0215566  -0.0196993  -0.0274988  -0.0413656  0.0320176  -0.0125767  0.0256316 
93 0.0960915 0.592361 0.194777 0.496407 0.0670067  0.0683088  0.00692561  -0.00768595  -0.119105  0.055397  0.0603225  -0.0559705  0.0631501  -0.0257082 
94 0.00705669 0.961412 0.113939 0.39328 0.0618282  -0.0246907  -0.0267726  -0.0192903  -0.0269314  0.00884698  0.0111206  0.00560905  -0.00505107  -0.0804776 
95 0.0609889 0.543987 0.110236 0.384236 0.0340819  0.0318814  -0.0508983  0.0266996  -0.0169544  -0.0351167  -0.0429675  -0.0506901  -0.0219478  0.0158895 
99 0.0339583 0.648952 0.142839 0.297382 -0.0605536  0.0713507  0.0046029  0.0527893  -0.0522058  -0.00342916  -0.0295979  -0.0282211  0.0611767  -0.026178 
100 0.0298148 0.65081 0.134587 0.234609 0.0045429  0.0156898  -0.0564067  0.0222282  -0.02702  0.0056685  -0.0827271  0.0114542  -0.0770733  -0.022218 
103 0.0012254 0.522977 0.0106444 0.160195 -0.00160031  0.00322093  0.000766102  -0.00568255  0.00204191  -0.00666517  -0.00340948  -0.00212381  -0.00152953  -0.000648934 
104 -3.36531e-05 0.499396 0.00028617 0.156326 -0.000124728  -3.45114e-05  -4.92355e-05  0.000131751  2.00789e-05  5.15315e-05  0.000103256  9.09196e-05  1.00327e-05  0.000152562 
107 0.00141178 0.653806 0.0294762 0.156433 0.00358191  0.00121201  -0.00820286  0.00881388  0.0166396  -0.00287605  -0.0158452  4.23465e-05  -0.00150904  0.0130798 
109 0.0101352 0.73833 0.0982482 0.151857 0.0029468  0.0601424  0.028507  0.00871397  -0.042879  -3.25027e-05  -0.00091185  -0.0561707  0.0117341  -0.00246117 
112 0.000706037 0.808863 0.0295317 0.113914 -0.00846293  0.0131767  -0.0144532  -0.00314707  -0.00468241  -0.010852  -0.00494549  -0.00492724  -0.0139745  0.00493583 
113 0.00122158 0.654898 0.0275153 0.110773 0.00332538  -0.0141986  0.000167863  0.00687049  0.00499094  -0.00745912  -0.0195956  0.00203547  0.00517922  -0.00130284 
115 0.00667174 0.654609 0.0642832 0.105118 0.0215711  0.0119047  -0.0197252  -0.0208293  -0.0364921  0.000897349  -0.00179255  0.0143897  -0.0130461  0.0314545 
116 0.00120412 1.70626 0.0761771 0.0663338 0.0432487  0.00220868  0.0297726  0.0216212  -0.0107597  -0.0297113  -0.00820055  0.00223058  0.0209727  0.0326056 
117 0.000324418 0.866076 0.0217944 0.0565401 0.00424647  0.00366438  0.000352386  0.00430409  0.00358815  0.0154969  -0.0094383  -0.00790272  0.00284342  -0.00349814 
118 0.000173585 0.541858 0.00539223 0.0535949 -0.00176928  -5.43986e-05  -0.000322661  -0.000700578  0.00267647  -0.000185744  -0.00264824  0.00212405  0.00105496  0.00234782 
120 0.000149612 0.587882 0.00725255 0.0519504 -0.00263832  -0.00146609  -0.00201796  -0.00196705  -0.000139914  0.00492934  -0.00128383  -0.00258818  0.0014899  0.000814359 
121 0.000121632 0.69325 0.0096965 0.05049 0.00465674  -0.00664919  0.00060059  -0.0024131  -0.00202662  0.000607955  0.00163945  -0.00112457  0.00184503  -0.00317931 
123 9.52053e-06 5.77874 0.0141781 0.0492709 -0.00354255  0.00427192  0.00736299  -0.00210041  0.00471177  -0.00256785  -0.000155111  -0.000728997  0.00725587  -0.00544035 
124 -0.000408294 0.462203 0.00786284 0.0491742 -0.00039302  0.0015602  0.000976359  0.00245679  -0.00284444  -0.00251045  -0.000228357  -0.0028916  -0.00326536  0.00433326 
126 -0.000116798 0.0136794 0.0150738 0.0531646 -0.000736549  0.00250129  -0.00927569  -0.00352859  -0.00292182  0.000244011  0.00238916  -0.00050079  0.00854174  0.00586634 
128 0.000926945 0.596297 0.0189022 0.054252 0.00435822  -0.0117535  -0.000583692  -0.00820778  0.00213678  0.00606736  0.0055993  0.00592363  -0.00352305  -0.00349512 
129 0.000178665 0.632058 0.00971508 0.0449084 0.00351988  -0.00226723  -0.000650082  -9.62007e-05  0.00601488  0.00395079  -0.00223847  -0.00162137  -0.00274453  -0.00307593 
130 -0.000158333 0.114629 0.0156235 0.0428733 -0.00308807  0.00314722  -0.00683456  0.00122192  -0.000542769  -0.000104404  -0.00410975  0.0012631  0.0106879  -0.00658981 
132 2.22594e-05 0.518967 0.00129962 0.0446818 0.00051542  0.000188855  -0.000721056  -0.00022019  -0.000486688  -0.000119744  -0.000686042  5.33954e-05  -5.67634e-05  -0.000302246 
134 6.84899e-06 2.97649 0.00823681 0.044432 0.00712333  -0.000572733  -0.000724569  8.51495e-05  0.00241368  0.0009149  -0.00150618  -0.000576172  -0.00244437  -0.00100222 
135 0.000255754 0.534066 0.00590577 0.0443549 0.00241098  0.00131832  -0.00155328  -0.00457349  -0.000146382  0.000725553  0.000256474  0.00153715  -0.000410207  -0.000923641 
139 2.06596e-05 0.941498 0.00604023 0.0413719 -0.00041134  -0.00126245  0.000832458  0.00159151  0.000233824  0.00328781  -0.00200084  -0.00111139  -0.00382156  0.000887845 
148 0.000608213 1.19116 0.0409977 0.0411214 -0.00544245  -0.0190449  0.00633117  -0.0117563  0.00126205  -0.00890088  -0.000819225  0.0275348  -0.0164349  -0.000650677 
149 -0.000147783 0.410224 0.00728588 0.0329081 0.00324198  0.000384287  0.00164779  8.49392e-05  -0.000205263  -0.00478874  0.00253875  0.000184563  0.000414113  0.00317468 
150 0.000114706 0.622373 0.00749339 0.0350819 -0.000544432  0.00251656  -0.00128665  0.00217076  -0.00491786  -1.83215e-05  -0.0011549  -0.00269856  0.000599516  -0.00316111 
151 -7.50823e-05 0.129972 0.0105421 0.0334072 0.00253471  0.00370163  0.00151273  0.000515881  0.000639993  -0.00206615  0.00800662  -0.00175492  -0.00407202  9.40258e-05 
152 -0.000699776 0.112526 0.0329402 0.0345127 0.0029028  -0.0121656  -0.00871042  -0.0166934  0.0137566  0.000832188  0.00297125  -0.0145198  0.0106079  -0.00720896 
153 -2.26436e-05 -6.70915 0.0255523 0.0434873 0.00192607  0.00533638  0.01438  -0.0027005  3.89058e-05  -0.00189878  -0.00478079  0.0163302  0.0104224  -0.00221155 
154 0.000119857 0.510748 0.00227149 0.0437469 8.45096e-05  0.00125533  -0.00123587  -0.000676012  -2.4461e-05  0.000370125  3.00543e-05  -0.000427499  -0.000938483  -0.000624749 
157 -0.000205933 -4.62178 0.0649401 0.0423549 -0.0220146  0.0128705  -0.00888075  0.0246903  -0.0331216  -0.00279459  -0.0264427  -0.0155432  -0.0153315  0.0244485 
160 7.65747e-09 2.06171 0.000218712 0.0447202 4.57397e-05  1.1463e-05  -8.12487e-05  4.4819e-05  4.39969e-05  -1.89996e-06  -1.34413e-05  0.000149983  -4.53755e-05  0.000101625 
161 9.12321e-05 0.563189 0.00480236 0.0447201 0.000465487  -0.000554595  0.000397651  0.00151771  0.00186447  0.00302748  -0.000940212  0.0021669  -0.00135578  -0.000131729 
162 0.000239105 0.586364 0.00908946 0.0436882 0.0035032  -0.00196344  -0.00181901  -0.00266964  0.00233979  0.00608848  0.00147921  -0.00251298  -0.002196  0.000430516 
164 3.99963e-05 0.594855 0.00389562 0.0408605 -0.000176825  -0.000313189  0.000462847  -7.10691e-05  0.00118165  0.00020205  0.00168147  0.00118584  -0.0024368  0.00179403 
165 0.00114066 0.696249 0.0299242 0.0403681 0.00669319  0.00932527  0.00421372  -0.021124  0.0138188  0.00726868  0.00486637  0.00496221  -0.00129272  -0.00243914 
166 -0.00046206 0.331735 0.0176397 0.0221263 0.00429483  0.00429852  0.00481693  -0.00516497  0.00265892  0.00721604  0.00360419  -0.000404019  0.0105399  0.00640102 
172 -6.58814e-06 -10.4079 0.0169541 0.0308503 0.000806828  -0.00452374  -0.00580407  0.0119319  -0.00194289  0.00400944  0.00298272  0.00259182  0.00540076  -0.00506341 
174 0.000156875 0.997767 0.0176727 0.0309568 -0.00890864  0.00600462  0.00137391  0.00394943  0.00536146  0.00420956  0.00647036  -0.00603341  -0.00489045  -0.005547 
175 0.000497242 0.917911 0.0288278 0.0283101 0.00674087  -0.00681427  -0.0101523  -0.00173352  -0.000907539  -0.0208614  -0.00303754  0.00110393  -0.00584168  -0.0123492 
177 -0.000562584 0.313039 0.0205178 0.0174455 0.00221862  -0.0041484  0.00614473  0.00957464  0.0020863  -0.00434459  0.00356095  0.00513569  0.00513279  0.0134457 
180 -0.0002726 0.262871 0.016082 0.0294464 0.00313522  0.00135631  -0.0034421  0.00481454  0.00521345  0.00527082  -0.00109208  0.0044497  0.0070034  -0.00932366 
181 2.42093e-06 1.5929 0.00325321 0.0337598 -0.00173552  -0.000500208  0.000308952  -0.000216443  0.000851799  8.20823e-05  -2.71369e-05  -0.00193599  0.0014807  0.000710829 
183 -2.93053e-05 0.46964 0.00188662 0.0337239 0.000533707  -0.000188653  0.00116856  0.000491657  0.000498136  0.000341288  -0.000180176  0.000385844  -0.000650513  0.000813964 
186 0.000433294 0.72575 0.0197801 0.0341557 -0.00922439  0.00616423  -0.000704596  -0.000116515  0.00151002  -2.32103e-05  -0.0108524  0.00126183  -0.0116636  -0.00315739 
188 0.000113244 1.07057 0.016076 0.0270815 0.00421483  0.00376027  0.00316338  -0.0096257  0.000850193  -0.00359382  -0.00481219  0.0075989  -0.0044562  -0.00307829 
194 -0.000248284 -0.329791 0.0287079 0.0249033 -0.018378  -0.0027124  -0.0132617  0.00087641  -0.00666279  0.00330637  -0.00445412  -0.0120134  -0.00727745  -0.00547218 
195 -0.000404532 0.204908 0.0218551 0.0294701 -0.00909161  0.0032381  -0.00595277  -0.00950957  0.00415598  -0.0128768  -0.000718748  0.00247134  0.00826064  0.000830303 
198 -0.000218494 -0.059594 0.022116 0.0356805 0.000800528  0.00970181  0.0119838  0.00609131  -0.000476261  0.0018593  -0.00596493  0.0103182  0.00818713  -0.00093759 
200 -5.47423e-05 0.234978 0.00761803 0.0386215 -0.00422192  0.00026535  0.00194565  -0.000916942  -0.00476326  -0.00128698  -0.000208805  -0.00244327  -0.00207971  -0.000910857 
202 -6.99882e-05 0.428267 0.00448163 0.0393238 -5.33549e-05  0.000547203  0.00286613  -0.00134633  0.00203514  -0.000460615  -0.00171734  -3.61595e-05  0.00121255  0.000990288 
204 -0.000643769 0.404737 0.0156713 0.0402039 -0.00671844  -0.00937101  -0.00444582  0.00225017  -0.00119972  -0.00123557  0.000376785  0.00460446  0.00553297  -0.00573441 
205 5.18618e-05 8.08939 0.0396743 0.0475429 0.0202842  0.0150714  0.00971133  -0.0115532  0.017853  0.0124815  0.00624907  0.0137913  -0.000519669  -0.00190376 
206 0.000285082 0.577259 0.00938761 0.0469943 0.00152916  -0.00587161  -0.00130689  0.00269147  -0.000643241  -0.000848408  0.00371473  -0.00230645  0.000262962  -0.00469462 
208 0.00025467 0.860201 0.0191546 0.0438569 -0.00678497  -0.0125958  0.00095181  -0.0115134  -0.00168387  0.00111498  0.000552734  -0.00403718  -0.00230501  0.00165758 
210 -1.28325e-05 -2.31533 0.0120212 0.0408508 -0.0027384  -0.00410181  -0.00520069  0.000460842  -0.00664524  0.00252608  0.00490386  0.0035047  -0.00145507  -0.00198439 
211 0.000489207 0.593874 0.013556 0.0410076 0.00513228  -0.000543815  0.00415632  -0.00379623  2.05684e-06  0.0037762  0.00398181  -0.00297321  -0.00692511  0.00620735 
213 -0.000287932 0.268807 0.01632 0.0345331 -0.00597564  0.000145649  0.00167083  -0.00305124  -0.00647671  -0.000579274  0.00733468  0.0027885  0.00976282  0.00439798 
215 0.000197151 1.86375 0.0327906 0.0384774 0.0087208  0.0010068  -0.0126423  0.00967779  -0.00905277  0.0176279  -0.00448814  -0.00345282  -0.0175348  0.00352712 
218 -2.5157e-05 -8.07875 0.0293799 0.0358242 -0.00938382  -0.00102316  0.00157256  -0.0109168  0.00732572  -0.0197768  0.0122629  -0.000542887  0.00610818  0.00443337 
220 -0.000307217 0.285425 0.0162408 0.0361737 -0.00885205  0.0055244  0.00196104  -0.000963654  -0.0077282  0.00639168  -0.00584606  -0.00105598  0.00129705  0.00354385 
221 2.2629e-05 0.577065 0.00264117 0.040197 0.000315406  0.000556841  0.00102611  0.00026543  -0.000736413  0.00034129  0.000727435  -5.72916e-05  0.00161884  -0.0012771 
223 -4.11282e-05 -1.01283 0.0157759 0.0399145 -0.00326911  0.00625818  0.00682771  -0.00114639  -0.00640332  -0.00609487  -0.00371868  -0.00591538  -0.00399614  0.00285561 
226 -1.39333e-05 -3.25409 0.0144646 0.0404264 0.000976804  -0.00209287  -0.00128906  0.00431987  0.00551202  -0.00853001  0.00251097  0.00783243  -0.00351821  -0.000627093 
229 0.00025704 0.818792 0.0181038 0.0405984 0.00573428  0.00139858  0.0021219  -0.00670938  0.00776626  -0.00148753  0.00470095  -0.00855397  0.00880287  0.00284643 
232 -6.47648e-05 0.269041 0.00773534 0.0372991 -0.000650652  -0.000780853  -0.00139917  0.00137427  -0.00220025  -0.00421039  -0.00073135  0.00129289  -0.00527731  0.00152684 
233 -0.000359658 -1.82676 0.05785 0.0381575 0.023212  -0.000512886  0.00935987  0.0374347  0.0243722  0.0195604  -0.00915946  0.0123479  0.00210141  -0.01006 
234 -0.000803553 0.421412 0.0159064 0.0426112 -0.00343579  0.0030322  -0.00427476  0.0122397  0.0051107  -0.00111291  0.005445  -0.000577763  0.000749938  0.00245524 
235 0.00130316 0.84284 0.0422656 0.0511819 -0.01044  -0.00671269  -0.0210948  -0.0023492  -0.0265927  -0.00943169  -0.00781907  -0.017331  -0.000401946  0.00490147 
236 -1.35993e-05 0.347186 0.00288319 0.0362944 0.0010338  0.000354573  0.00102751  0.00142728  -0.000826494  -0.000791916  0.00105072  0.000575829  -0.000270445  -0.00109841 
237 -5.3865e-05 -0.917945 0.0174788 0.0364813 0.000342157  -0.010464  0.00218014  -0.00385762  0.00422225  0.00744493  0.0055819  0.00678946  -0.00390674  -0.00323901 
238 -3.44241e-05 0.238928 0.00599582 0.0372122 0.00176004  -0.000798257  -0.00272119  -0.00130562  0.000976366  -0.000938184  -8.02345e-05  0.00077025  -0.00174591  -0.00419809 
239 -0.000577128 0.152515 0.0283283 0.0376719 -0.0022279  -0.00638678  -0.0116015  -0.00362692  -0.00484054  -0.00331475  -0.00904325  -0.00724201  0.0205372  -0.00430856 
241 -0.000950761 0.417913 0.0176852 0.0446819 -0.00274865  0.00521567  -0.0127514  0.000581832  -0.00559816  -0.0038774  -0.00696535  -0.00377989  0.00181299  -0.00161481 
243 -3.82874e-05 -5.01085 0.0290502 0.0542926 -0.00743515  0.00350864  0.00314457  -0.0153059  0.00924874  -0.0049264  -0.00169584  -0.00270314  0.00728515  0.0189499 
244 0.000601238 1.431 0.0473064 0.054644 0.015553  -0.0139489  0.0328442  0.00399079  -0.00464314  -0.0151603  -0.0156111  -0.00565531  -0.0133351  0.00136314 
245 0.000384001 1.52188 0.0396116 0.0488356 -0.00918767  0.00352328  -0.0170096  -0.0149206  -0.00915276  0.00786826  0.0124903  0.0195594  -0.0133799  -0.0098499 
246 0.00024607 1.06837 0.0236507 0.0447324 0.00687771  0.00551548  0.00661014  -0.012602  0.00584257  -0.00511123  0.00101387  -0.0070493  -0.00244985  -0.0127335 
247 0.000176821 0.533592 0.00487571 0.0418921 0.000395699  -0.00126125  0.00279321  0.000707892  0.00207199  0.00123324  0.00221062  -0.000445865  0.00123698  -0.00113678 
248 -0.000483231 -0.142478 0.0352432 0.0397258 -0.00751383  0.00244939  -0.00128374  0.0231485  0.00899258  0.0109704  0.00118903  0.00411916  -0.0188351  -0.0082322 
250 0.000237665 1.50763 0.0309469 0.0454036 0.0198849  0.00900893  0.0137179  -0.00361553  -0.00348475  -0.0062203  -0.0126885  0.00471565  0.00430131  0.00522633 
257 0.00122168 0.806249 0.0386795 0.0427066 -0.00304993  0.00972016  -0.00604888  -0.0163657  0.00293251  0.0201193  0.0160698  -0.00774093  0.0142762  0.0123507 
261 -1.8438e-05 0.0571439 0.00571505 0.0245543 -0.000249176  0.00172455  -0.00184318  0.00289893  -0.000776387  0.00169908  -0.000265917  0.00110704  -0.00212061  0.00292261 
264 -3.48191e-06 -6.44002 0.00983144 0.024927 0.00434474  -0.0013021  0.00179443  0.00497015  -0.000148532  0.00390732  -0.000262842  0.000452724  -0.000427838  0.00569353 
268 -0.000103959 0.39331 0.00666131 0.0249967 0.000345728  0.00240645  -0.00473989  0.00231407  -0.00100958  0.00236455  2.65627e-05  0.000389241  0.000807753  -0.00179609 
271 1.55958e-06 0.972969 0.00171771 0.0269963 -0.000180915  -4.51487e-05  0.00113478  -6.51626e-05  0.000631886  0.000679766  0.000489973  0.000342169  0.000376839  -0.0005131 
272 -0.000543892 -0.0591715 0.0348828 0.0269674 -0.00721854  -0.00560918  0.00568231  0.00892004  0.00547282  -0.000231926  -0.009478  -0.0281412  -0.0101141  0.00270633 
273 -1.08743e-05 -1.55951 0.00946479 0.035655 -0.00359563  -0.000983082  -0.00327926  -0.00120152  -0.00640259  0.00126447  0.00152632  0.00125609  -0.00411672  0.000208111 
275 3.06279e-07 0.529979 0.000191646 0.0358072 0.000116169  -6.68249e-05  -7.69761e-05  -6.22269e-05  -4.48987e-05  6.6174e-06  4.39774e-05  -5.77587e-05  -3.92861e-05  9.83555e-06 
277 -0.000195363 0.421686 0.00782451 0.0358029 0.0015321  0.00332322  -0.00336665  -3.70065e-06  0.0054112  -0.000168512  -0.00112018  -0.00113679  0.000207247  -0.00214433 
278 -6.05064e-05 0.216458 0.00828418 0.0384348 0.000461366  0.00167573  0.00585607  0.000307606  0.00440193  0.00239637  0.000755159  -7.32026e-05  0.00145864  -0.00184277 
279 0.000463856 0.644461 0.0163729 0.039214 0.0079942  0.000248932  0.00476474  -0.00105127  -0.00700355  -0.00224759  0.00293823  0.00347234  0.00137144  -0.0101795 
280 0.000104723 0.614045 0.00691196 0.0327718 -0.00271394  0.00288475  0.00218302  0.000914738  -0.00108299  -0.00137564  0.00373687  -0.00219908  0.00213547  0.000244952 
283 -7.35382e-05 -0.860194 0.0200026 0.0311331 -0.00527733  -0.00252412  -0.00276711  -0.00315918  0.00272886  0.00478653  -0.00825501  0.00982879  0.00525942  0.0112015 
292 -0.0003074 0.202209 0.0191377 0.0322926 0.0145242  0.00686255  -0.00122207  0.00545969  -0.00454959  0.00129662  0.00165106  0.00303805  -0.00620979  0.00200124 
297 -2.98991e-05 0.228655 0.00569673 0.0367459 0.00302037  0.00233458  0.00106704  0.0012601  -0.000550967  -0.00273781  0.00178083  0.00152582  -0.00135467  -0.000140527 
298 -0.000532846 -0.176342 0.0379712 0.0371505 -0.00787912  -0.0102824  0.00534093  0.00324788  0.0060212  -0.0174393  -0.00422709  0.0023432  -0.0085645  -0.028246 
299 -0.000337406 0.475139 0.00579786 0.0437396 0.00175552  0.00342531  -0.000379857  0.00189773  -0.0015149  -0.00145001  -0.00172421  0.000323493  -0.00261868  -0.00084999 
305 0.00042278 0.576105 0.0113473 0.0474406 0.0011336  -0.00186547  -0.00180847  0.00472215  -0.00544109  -0.00290908  0.000937793  -0.00216376  0.00728549  0.00131152 
306 6.4793e-05 0.883333 0.00996729 0.0427542 -0.00246504  0.000835427  0.000382522  0.00121674  0.00666115  0.00150043  -0.00043932  -0.00160103  -0.000759573  0.00640237 
310 -1.31011e-05 -2.03205 0.0115191 0.0419896 7.09395e-06  0.00404194  0.004648  -0.00120587  0.00600568  -0.00344541  0.00241154  -0.00322221  0.00252196  0.00477452 
312 4.48214e-05 5.02364 0.0284767 0.0421454 -0.0157881  -0.0101544  0.00782572  -0.00844712  -0.00849421  0.0129686  -0.00822044  -0.00224747  0.00204817  0.00296534 
313 0.000660693 0.656777 0.0203565 0.0416102 0.00191748  -0.00752936  -0.00242058  0.000219814  -0.00784133  -0.00805867  0.0111295  -0.00669536  0.000473969  0.00726388 
315 0.000125981 1.12924 0.0178063 0.0327252 -0.00326236  0.00434396  -0.0111028  0.00804413  -0.000362  -0.00546354  0.00160961  0.0019956  0.00649436  -0.00456526 
316 3.17011e-05 1.47071 0.0110945 0.0307403 0.00585333  0.00429788  0.006439  -0.00138498  0.000435696  0.000895631  -0.00090443  0.0015404  0.00201317  -0.00432891 
317 1.44663e-05 0.503691 0.000462268 0.0302202 -8.87064e-05  0.000162773  -8.37569e-05  -0.000181317  0.000109297  0.000183054  -3.98178e-05  0.000162754  0.000183152  0.000179898 
323 -0.000390179 0.188344 0.0220578 0.0299799 -0.00113191  -0.00825935  0.00102051  0.00676765  0.0144635  0.0087143  0.00247416  0.00498183  0.00651118  -0.00342618 
325 7.23616e-05 1.62954 0.0180809 0.0359034 -0.00243737  -0.0116239  -0.00456319  -0.00393064  -0.00271582  -0.00433567  0.00173175  -0.00861655  -0.00187223  0.00653208 
329 0.000184046 1.92749 0.0324142 0.0348811 -0.000399368  0.0067851  -0.00084997  -0.0279489  0.000796153  0.000656407  0.00552172  -0.000912856  -0.0137828  0.000518168 
331 -0.00018292 0.227866 0.0141119 0.0321351 -0.000388922  0.00375876  0.0044516  0.00761838  -0.00109749  0.0030654  0.0060302  -0.00566614  -0.00104413  -0.0051816 
333 0.000122976 1.34842 0.0204279 0.0348654 -0.00948616  -0.0014205  -0.0096905  0.000457904  0.000982957  -0.000436327  -0.00339232  0.0147562  0.000798782  -0.000359122 
335 -0.000181919 -0.843794 0.0312703 0.033055 0.000220135  -0.000599061  0.0195701  5.12715e-05  -0.0153534  0.00662532  -0.00996593  0.00949021  0.00373278  0.0105592 
337 0.00031076 0.87403 0.0215611 0.0357011 0.0142603  -0.00496742  -0.00559925  0.00103445  -0.00593251  -0.00883686  0.00472038  -0.000633378  -0.00827197  0.000194024 
339 0.000176646 0.733104 0.0128337 0.031046 0.000326074  0.00785559  0.00387629  -0.00193538  -0.00117778  -0.00298057  0.00275565  -0.00442795  0.00463057  0.00502031 
341 1.84033e-05 0.553939 0.00199267 0.0280575 -0.00104936  -0.000402201  -0.000833999  -0.000288998  0.000722839  -0.000277378  -0.000478633  0.00100593  3.37558e-05  -0.000295257 
343 -0.000408801 0.3404 0.0161588 0.0277276 -0.00588455  0.00407606  -0.00248673  -0.00544492  0.000705137  -0.00703229  -0.00844945  -0.00714095  -0.000332954  0.00125948 
347 2.53241e-05 0.511877 0.00109701 0.0343177 -0.000114622  0.000308075  7.15745e-05  -0.000339584  0.000134903  0.000533646  0.000568426  -0.00040894  0.000400515  0.000145664 
348 -3.83673e-07 0.0636163 0.000818361 0.0339468 0.000133698  0.000111258  0.000251744  0.000467222  0.000207066  -0.000351349  0.000250116  -0.00015936  -2.23229e-05  0.000320961 
351 -0.000463827 0.195479 0.0237735 0.0339524 -0.00467526  0.0163071  0.00629724  0.00257758  -0.000651361  0.00744773  -0.000165878  0.0121279  -7.83886e-05  -0.0052998 
