generation s h r distopt trait[0] trait[1] trait[2] trait[3] trait[4] trait[5] trait[6] trait[7] trait[8] trait[9] 
1 0.0439806 0.564955 0.109962 2 0.0137832  0.0688178  -0.0422135  0.0285527  -0.0393103  -0.0308592  -0.0325396  0.0208638  0.00614882  -0.023218 
3 0.081298 0.509189 0.0769699 1.98921 0.0233654  0.00244499  -0.0435157  -0.0119623  -0.0057975  -0.04832  -0.00798308  0.0275  0.0116698  -0.00333755 
5 0.0944202 0.503136 0.07211 1.96947 0.0220815  -0.0208604  -0.0258133  -0.0229921  -0.0012588  0.0295446  0.0388883  -0.0029792  -0.000940732  0.0261842 
7 0.0803288 0.514036 0.0855441 1.94643 0.021092  -0.00198555  0.00800359  0.0178823  -0.0365045  0.0282875  0.0352037  0.0094892  -0.0541991  -0.0092462 
9 0.250411 0.49328 0.13759 1.92648 0.0676107  0.00445026  -0.0607349  -0.0615722  -0.0283797  -0.0418706  -0.0174655  0.0365704  0.0427963  0.0287704 
10 0.209811 0.500511 0.136011 1.86757 0.0575261  -0.0429163  -0.0221562  -0.0606546  -0.00558352  -0.027682  1.92667e-05  -0.060395  0.0646878  0.0234199 
11 0.588592 0.47997 0.263761 1.81587 0.130057  -0.0669356  -0.0062398  0.0839213  0.12895  0.108208  0.00586945  -0.0124762  0.0699116  -0.0876245 
13 0.158495 0.521064 0.152208 1.6836 0.0398117  0.0533064  0.0517218  -0.00662007  -0.0606278  -0.0603193  0.0188418  0.022849  -0.00816564  0.0881125 
17 0.0480535 0.533021 0.0854093 1.63933 0.0150592  0.00886188  -0.00688817  -0.00761031  0.0640474  -0.00210096  0.0361661  -0.0377962  -0.00392469  -0.00506517 
20 0.084957 0.501069 0.0605962 1.62495 0.027751  -0.00895038  0.0111713  0.00695237  -0.0230314  -0.00916858  0.0150459  -0.0300505  0.0269423  -0.013369 
23 0.0961091 0.513446 0.0955944 1.59966 0.0323404  0.0301045  0.00268317  0.0298399  0.0186656  0.0186309  0.0488927  -0.0194549  -0.0186263  0.0497699 
28 0.0212018 0.504568 0.0245646 1.57072 0.00654644  -0.000796991  -0.0117489  0.00164798  0.00692264  -0.00992933  -0.00114185  0.0100098  -0.0123406  -0.0043441 
31 0.0563664 0.496086 0.0253929 1.56403 0.0187125  0.0112321  0.00239008  0.0022621  0.0018411  -0.00308041  0.00396794  0.00203567  -0.00183381  0.0110238 
33 0.0878929 0.508912 0.0809172 1.5464 0.0320363  0.00545624  0.0142798  -0.0300066  0.0341142  0.00140271  0.0123561  -0.0370945  0.0311686  -0.0268566 
36 0.0493901 0.558935 0.111841 1.51891 0.0231613  0.0574344  0.0175628  0.0300009  0.0126773  0.0430911  0.040234  -0.0503161  -0.0301059  0.0197579 
37 0.0385014 0.586502 0.117313 1.50296 0.00904255  -0.0223574  0.084817  -0.0195672  0.0192347  0.0332917  0.00982342  -0.00696852  -0.000484131  -0.0630903 
39 0.177229 0.499662 0.114352 1.49034 0.0477832  -0.0368752  0.0238064  0.0149722  0.0263232  -0.0392455  -0.0221331  0.0158145  -0.0748696  0.00799142 
40 0.0662442 0.530443 0.0992842 1.43456 0.0209522  -0.011923  -0.00708433  -0.00747208  -0.0249254  -0.0215506  -0.0585506  -0.0466064  0.00406976  0.0496748 
45 0.122209 0.6462 0.270988 1.41202 0.0895316  0.0516024  0.112972  0.0894049  -0.0183701  -0.0168155  0.0694113  -0.175575  -0.0750418  -0.0101873 
47 0.0728879 0.532566 0.107817 1.37059 0.0159074  0.0116038  -0.067775  0.0254247  -0.017454  0.0402713  -0.0330741  0.0231787  0.0356366  0.0341975 
48 0.0841873 0.509243 0.0790668 1.34468 0.0278385  -0.0327909  0.0101274  -0.0201878  -0.0206785  0.0507878  -0.000378842  0.00335317  0.0282764  -0.00855979 
51 0.0435449 0.505004 0.0419663 1.31428 0.0121533  -0.00823665  -0.0203758  -0.00512969  0.0221374  -0.00621821  -0.00895079  0.0163672  0.0142438  0.00495147 
53 0.0678635 0.542181 0.114953 1.29796 0.0239412  0.0340038  0.00457507  -0.00598341  0.0353855  0.0375337  0.0227953  0.0407084  -0.0795202  -0.0163381 
54 0.255914 0.536414 0.242519 1.27242 0.0858811  -0.0282448  0.105935  0.0298493  0.0387957  -0.137834  -0.0753154  0.0993604  -0.000668744  0.0498036 
57 0.0665473 0.528245 0.0966683 1.17948 0.0199269  -0.0586121  -0.00497327  -0.0353041  -0.00620229  -0.0437074  -0.00614642  0.0167592  0.00912096  -0.0434802 
59 0.0146511 0.519214 0.0349778 1.15185 0.00458728  0.00411952  0.000813823  -0.00431301  -0.0147477  0.00741114  0.0203594  0.0162128  0.0133177  0.00624688 
61 0.0850879 0.541543 0.129894 1.14552 0.0331749  0.0462375  -0.0283528  0.0581625  0.0126391  0.0559461  -0.015422  0.0622314  0.0429898  0.0141013 
62 0.0439424 0.520282 0.0664181 1.1093 0.0138331  0.0137678  -0.0333577  0.00936458  -0.0240486  -0.0251908  -0.0376519  0.00857475  -0.00287746  -0.0108465 
64 0.020847 0.715526 0.134016 1.08974 0.0242101  0.0168102  -0.013406  0.0477225  0.037783  -0.0378155  -0.0438744  -0.0703201  -0.0190774  -0.0674023 
66 0.037006 0.531787 0.0726453 1.08024 0.0213108  0.00533639  0.00419694  0.00102985  0.0451986  -0.00195637  -0.0158399  0.0388945  -0.0273779  -0.0146991 
68 0.0193379 0.517032 0.0385747 1.06328 0.010691  -0.00927075  -0.0012633  -0.0100664  0.029093  0.0138579  -0.00248622  0.00480499  -0.0012504  -0.0107497 
70 0.0421194 0.506443 0.043749 1.05424 0.023112  0.010401  0.00271211  0.0136353  -0.0165725  -0.00460726  0.0113224  -0.0189112  -0.0132637  0.0109877 
72 0.0690254 0.504424 0.058375 1.03449 0.0322805  -0.0368399  0.0024846  -0.00041862  -0.0186083  -0.0173685  0.00252093  -0.0179271  0.00495871  0.00135242 
74 0.0890615 0.55539 0.14995 1.0017 0.0641921  -0.00798211  0.00434143  0.0444991  -0.0130886  -0.00196234  0.0633655  -0.00991449  0.0671435  0.0866307 
75 0.055695 0.527143 0.0857172 0.958174 0.0190119  0.032425  -0.0174946  -0.0243508  -0.00373484  -0.0200125  -0.0488743  0.0359087  0.0104561  -0.0288734 
76 0.109415 0.513694 0.105197 0.929461 0.0479648  0.000385421  -0.0597664  -0.0227729  -0.0162935  0.00607348  0.00869742  0.0164146  -0.0634248  0.00222256 
78 0.0388394 1.03072 0.284254 0.871817 0.0270912  0.0752125  0.164469  -0.139144  -0.0456479  0.102593  -0.0680188  -0.100847  0.0202933  -0.0134426 
79 0.082222 0.687156 0.248618 0.849682 0.033607  -0.112296  0.0579035  -0.141503  -0.0474396  0.0540799  0.0119229  0.138831  0.0011565  -0.0101328 
81 0.0891016 1.07943 0.443415 0.801838 0.103838  -0.156122  -0.253668  -0.0728054  -0.0122531  0.155254  0.202235  0.133871  -0.0431958  -0.0828976 
82 0.0165076 0.515251 0.0336553 0.74672 0.00651042  -0.0148644  -0.00530864  -0.0028191  -0.0097327  -0.0134129  -0.0137925  -0.0102302  0.0141338  0.00799539 
83 0.015089 0.558413 0.0600812 0.735675 -0.00135077  0.020304  -0.0161484  0.0371071  -0.0194571  0.010105  -0.0173507  0.00894559  -0.00785532  0.0251894 
85 0.0314333 0.513423 0.0462613 0.725425 0.011611  0.0221729  0.00190524  0.0252178  0.0149258  -0.000163643  -0.0171319  0.00178441  0.018343  0.0042577 
89 0.0110761 0.506655 0.0188111 0.70377 0.00658851  0.00218035  0.0064499  0.00818352  0.00993961  0.00211524  -0.0059173  0.00277593  -0.00364624  -0.00615139 
90 0.0587731 0.547846 0.111994 0.6959 0.0471804  -0.00810406  0.0400001  -0.0332664  -0.0280092  -0.0508057  -0.0133305  0.0435951  -0.0166539  0.0426975 
93 0.0290235 0.521955 0.0540455 0.653579 0.0188928  -0.0241672  0.0032298  0.00995351  0.0195578  -0.00456687  -0.00808421  -0.0303947  -0.0218143  -0.00141472 
94 0.00775171 1.63879 0.187217 0.631313 0.0347989  0.000240646  -0.0131845  -0.097914  0.0589839  0.00727123  -0.0948105  -0.0101719  0.104684  -0.0222491 
96 0.0302627 0.552803 0.0820735 0.625167 0.0291582  -0.0228301  0.0367573  0.011443  0.0232322  -0.0415754  0.0367038  0.0120088  -0.00633264  0.0091038 
97 0.0664575 0.551068 0.123236 0.600849 0.033408  0.029368  -0.0247172  0.0911946  -0.0121908  0.0445655  0.0144908  -0.0298091  0.0237276  0.0220177 
98 0.051685 0.87347 0.275384 0.544681 0.111462  1.50704e-06  -0.0158545  0.149347  0.0950828  0.0162932  -0.0360504  -0.0939687  0.134668  -0.0573193 
99 0.0994739 0.63489 0.235159 0.49627 0.0650193  0.140621  -0.0373296  0.109992  -0.0877073  -0.0458217  -0.020498  -0.0389988  -0.0703395  0.0335495 
100 0.00587113 0.508443 0.0146569 0.389168 0.00925347  0.00278285  0.00751041  0.00146986  0.00254795  0.00231111  -0.000414276  -0.00346166  -0.00451146  -0.00430634 
101 0.0168129 0.912553 0.166007 0.381573 0.0356219  -0.0270643  -0.0798339  -0.0989647  -0.0345661  -0.0554992  0.0429182  -0.0367336  0.0328694  0.0290311 
102 0.00570882 1.61541 0.159167 0.359061 0.000959223  -0.0148809  0.0654448  0.0702789  -0.0338006  0.00645456  -0.0439706  -0.0597538  -0.0334952  -0.0898863 
103 0.00574464 0.773048 0.0791695 0.351045 0.00098543  0.0274785  0.021758  0.005216  -0.00903197  0.042508  -0.0396869  0.00712097  -0.030087  0.0243242 
105 0.00845155 0.549814 0.0413763 0.342789 0.0214413  0.00133059  -0.021488  -9.61983e-05  -0.020199  -0.00237096  -0.000588397  -0.00616702  -0.0119341  -0.0139403 
107 0.0145223 0.566482 0.0627388 0.330285 0.0230934  0.0210393  -0.0108303  -0.010449  -0.0144207  0.00179069  0.0142489  0.0315403  0.0208356  0.0298431 
108 0.0336679 0.694638 0.161999 0.307685 0.0848442  -0.0470255  0.0837362  -0.0233021  0.0403067  -0.00630497  -0.0682152  -0.0140482  -0.0281823  0.044382 
110 0.0144948 0.717406 0.112242 0.248106 -0.0250412  0.0160079  -0.026594  -0.00147934  -0.0546156  -0.0281465  0.0451066  0.00832633  -0.0668566  -0.025628 
112 0.0201 0.777331 0.14904 0.217177 0.0562353  -0.0273976  -0.0445069  -0.0748517  -0.0258598  0.0362056  0.0460915  0.0732715  -0.0344079  -0.00771543 
114 0.00435974 1.53424 0.134037 0.165122 0.0169143  -0.0437679  0.0176206  0.0348372  0.0118419  -0.0693626  0.0318056  0.0350878  0.0661949  0.0516161 
116 0.00348407 0.597889 0.0369818 0.151377 -0.00477843  0.0142163  -0.0014942  -0.00534942  -0.0061225  -0.00388873  -0.00597331  0.0146615  -0.0284347  -0.000298571 
118 0.00393669 0.566486 0.0324416 0.139417 0.0116722  0.0112621  0.012999  0.00490619  -0.00322276  -0.0160943  -0.00334682  -0.0146861  0.00912738  -0.00409042 
120 0.00701631 0.951675 0.112413 0.124532 0.0327741  0.0300978  0.00872135  -0.0629692  0.0146432  -0.0296643  0.0112881  0.0160944  0.0165467  -0.0697191 
124 -0.000190028 0.436448 0.0069519 0.0922839 -0.00307767  -0.00263599  0.00419729  -0.0012339  -0.00154956  0.000278446  -0.000261929  -0.00241339  0.00119554  0.00172267 
126 0.000739542 0.525906 0.00876811 0.0933079 0.00429688  -0.00241951  0.00136591  0.00319951  0.00446422  0.00203859  0.00146821  -0.00376377  0.000167121  0.000159124 
127 0.00133931 1.18013 0.0603359 0.0892586 -0.00665031  0.0251505  -0.00901345  -0.000297281  0.0237128  0.0205329  -0.0249299  -0.0252893  -0.0140421  -0.0209809 
128 0.00375837 1.14822 0.0986002 0.0814167 0.044762  -0.0094067  0.0457351  0.064085  -0.0114165  -0.0117238  -0.00571521  0.00254452  -0.0231769  0.0242325 
129 -0.000295805 -0.155611 0.0278535 0.053641 0.0205174  0.00214531  -0.012248  -0.00556668  0.00571479  -0.00383964  0.00344331  0.00168494  -0.0062817  -0.00822745 
130 -0.000888978 0.45985 0.0119676 0.0563312 0.00304614  0.00564001  -0.00306894  0.00587741  0.0029062  -0.000364522  0.00326698  0.00201673  0.00439692  -0.00393973 
131 4.5191e-05 0.552134 0.00306996 0.0637383 -0.00126238  -0.000541606  0.00136623  0.000233045  -0.000682392  0.000439686  -0.00158196  -0.000251128  0.00148182  -0.000443141 
132 -4.22805e-05 0.441048 0.00315772 0.0633829 3.90232e-05  -0.000790993  -0.000446828  -0.00117477  0.000930882  -0.000763787  -0.000898508  -0.00122946  0.00103115  -0.00171237 
134 -0.000134536 -0.0349623 0.0169678 0.0637155 0.000802458  -0.0059484  0.00314476  0.0069658  0.0110422  0.000844803  -0.00235242  0.00775292  0.00117379  0.00195022 
135 -0.000361568 0.464802 0.00714005 0.0647627 0.00294933  0.00181634  0.000669137  0.000651162  0.00245499  -0.00506886  0.0005151  0.000400957  0.00120948  0.0021217 
136 6.44811e-05 0.525049 0.00254217 0.067497 -2.44559e-05  -0.000451071  0.000228063  -0.00104036  6.45779e-05  -0.00110973  -0.00101048  -0.000996831  0.000931252  0.00100327 
137 -9.8425e-05 0.487433 0.00222549 0.0670177 0.000410374  -0.000146308  7.67762e-05  0.000432337  0.00208609  5.90254e-07  -3.03799e-05  0.000258095  0.000359958  -0.000145909 
138 -0.000146162 0.481818 0.00326214 0.067748 0.00158166  -0.00175759  0.00146417  0.000631724  0.000377444  -0.000659782  0.000256293  -0.000342098  -0.00117877  0.00059826 
139 0.00111766 0.834905 0.0386879 0.0688184 -0.00869105  0.0217014  0.00862927  -0.0121154  -0.00537731  -0.00111591  0.0042565  -0.000301782  0.00365914  0.0258314 
140 0.000815381 0.681944 0.0243611 0.0601576 0.00166338  -0.00610562  0.00352239  -0.00729582  -0.00999623  0.00722346  -0.0024327  -0.00101231  -0.0145075  0.010875 
142 0.000181752 1.58868 0.0281309 0.0529517 -0.00686966  -0.00710316  0.0165045  -0.00289465  0.000557297  0.00724778  -0.00797608  0.0111671  -0.0127232  0.00314363 
149 -0.000185782 0.451942 0.00597778 0.0512069 -0.000452721  0.00291622  0.00319571  -0.00309205  0.000715454  -0.000913601  -0.00102651  0.00119996  -0.000726493  0.00169803 
150 2.12616e-05 9.67161 0.0279272 0.0529901 -0.00519895  -0.000575759  0.00350962  0.000231919  0.0159968  0.00407094  -0.00403997  0.0126064  0.015607  -0.00699321 
152 8.26008e-05 0.516747 0.00235298 0.0527891 0.000723623  -0.00104528  -0.00132252  -0.000489977  0.00070553  0.00043451  0.000418763  -9.16987e-05  0.00100098  0.000242567 
155 0.00114132 0.800904 0.0370586 0.0520008 -0.0171264  -0.0140022  -0.00773035  -0.0170183  0.00305492  -0.00370556  -0.0164768  -0.0122659  -0.00942506  -0.000864858 
156 0.000150365 0.781597 0.013014 0.0395401 0.00817501  -0.00111352  -0.00236158  -0.00110625  -0.00249647  0.00114837  -0.000453113  0.00569226  -0.00297073  -0.00674599 
158 0.000217101 1.56199 0.0303653 0.0375908 -0.00950201  -0.017007  -0.00942245  0.00288838  -0.00960889  0.00776143  0.010069  -0.00953678  -0.00799673  0.00604549 
160 -0.000180348 -2.53036 0.0467514 0.0345831 -0.0155882  0.0235146  0.00509946  -0.00439118  -0.0212405  -0.00239326  0.0172495  0.00209751  0.0205336  -0.0128071 
161 9.29155e-06 0.583139 0.00175783 0.0370993 -0.000559427  0.000551387  -0.000333953  -0.00104828  0.000305424  0.000855613  0.000377327  -0.000224756  -0.000485408  9.33305e-05 
163 -0.000494474 -0.156986 0.0360511 0.0369738 -0.0123464  -0.00207076  0.0042846  0.000837676  0.0221446  0.0154925  -0.0106597  0.00659082  -0.0151001  0.00290153 
165 0.000421241 0.564596 0.0104358 0.043147 0.00501123  4.88153e-05  -0.0062253  0.00201149  0.0038517  -2.79413e-05  -0.00356338  0.00334848  -0.00108736  0.00103033 
167 6.03605e-06 0.57945 0.00138502 0.037954 0.000265815  0.000331633  0.000559822  0.000359401  -0.000914403  -3.83283e-05  0.000664514  -5.22978e-05  -5.00192e-05  -0.000103226 
169 0.00027324 0.901373 0.0209437 0.0378744 0.00619771  0.00162366  -0.00446339  0.00402097  0.00151796  -0.0106035  0.0121244  0.00737157  -0.00570281  0.0035913 
170 -0.000149335 -1.06864 0.0306102 0.0340774 0.0132674  0.00614399  -0.00653799  0.0152861  0.000172402  -0.0105969  -0.00235217  -0.00366518  0.0100386  0.0146539 
171 -0.000763625 0.381422 0.0190423 0.0362024 0.000466083  0.00808341  0.00612595  -0.00517223  0.00384111  -0.0131319  0.00460197  0.00421622  0.000823205  0.00243688 
175 0.000193016 0.652109 0.0108371 0.0455471 0.00146678  -0.0077029  0.00312603  -0.00441292  -0.000400942  0.00308917  0.00094742  0.00385889  -0.000108241  -0.00109883 
176 0.000684104 0.596969 0.0162936 0.0433767 -0.00249845  -0.00488223  -0.00372216  -0.000436389  -0.00519447  0.00101555  -0.00637523  -0.00138063  0.0084095  -0.0089484 
177 0.000474725 1.43393 0.0421039 0.0346073 0.0149068  0.00181005  -0.0201009  -0.0203897  -0.0160295  0.00466814  0.0100302  -0.0119298  -0.00779184  -0.0120453 
178 0.000149125 0.969293 0.0167306 0.0268897 -0.00321304  0.00303466  -0.000485239  0.00108258  -0.00299434  0.00244033  -0.0107823  -0.00535574  0.00498808  -0.00861566 
179 -0.00021018 0.379779 0.010055 0.0239571 -0.000521024  -0.00194759  0.00170938  -1.50227e-05  -0.00268933  0.00333132  -0.00182974  -0.000524446  0.00413906  -0.00741833 
182 -9.10731e-05 -0.138952 0.0152569 0.0280026 0.0023739  -0.00157605  0.0114628  -0.00414085  0.00303526  -0.00329315  0.00128314  -0.00713594  0.00145451  0.00117029 
183 -0.000156012 0.397518 0.00799814 0.0295841 -0.00061416  0.0018147  -0.00273981  -0.000256208  -0.00110117  0.00213514  0.00397506  0.000395559  -0.00171993  -0.00529534 
189 -0.000243078 0.374295 0.0110575 0.032113 0.00274191  0.00859693  -0.00478968  -0.00198695  -0.000881134  0.00269217  -0.000913421  0.0020863  -0.000860254  4.54827e-05 
190 -0.000351809 0.413984 0.0110057 0.0356981 0.00608551  -0.00145964  0.00242572  0.000730325  -0.00738082  0.000226186  -0.00429783  0.000442238  -0.000648324  0.00138917 
193 0.00110458 0.645109 0.0253247 0.0403265 -0.00979969  -0.00533716  0.00746363  0.0116745  0.0119419  0.00113214  0.00150369  -0.00115529  0.00351118  0.0128455 
194 9.21108e-05 2.54583 0.027453 0.0228528 0.000136332  -0.0135546  -0.00838046  -0.0130898  0.00964617  0.00270573  -0.00298549  0.0116413  -0.00913932  -0.000134003 
205 -3.52119e-05 -0.920393 0.0141442 0.0207399 -0.00256377  -9.2329e-06  -0.00171707  0.00356428  -0.00528201  -0.00424384  0.00264093  -0.00178032  -0.010426  -0.00361614 
207 -0.000101983 0.453926 0.00433601 0.0215721 -3.56824e-05  -0.000368745  -0.000893591  -0.00247262  -0.00305972  -0.000271885  0.000175474  6.56282e-05  0.00148418  0.000278708 
209 -0.000144794 0.0101187 0.0168449 0.023819 -0.00641128  0.000180012  0.0129842  0.000449116  0.00115857  0.000720687  -0.00349196  0.00508704  0.00525932  -0.00249555 
211 -9.89022e-05 0.300946 0.00887443 0.0266861 0.00163957  0.00208795  0.00665557  0.000712419  0.0041516  0.000881393  0.00280769  0.000784708  0.000479985  0.000402126 
212 0.000123209 1.07948 0.0168988 0.028479 0.00681545  0.00440224  -0.00216036  0.0101167  -0.00110466  0.00717212  -0.00210179  0.000682021  0.00716958  0.00194361 
213 -0.000437158 0.452633 0.00910718 0.026227 0.00142149  -0.000980077  0.00264042  0.00211291  -0.00579882  0.00108994  -0.00324018  0.0038901  0.00179168  -0.00220617 
214 -0.000146994 0.473367 0.00395875 0.0335426 0.00283363  0.00129218  0.000274116  -0.0009296  -0.000138075  0.000423123  -0.000336325  0.00209247  -0.000324207  0.000488374 
218 -0.000460048 0.418338 0.0122642 0.0356667 0.00131596  -0.00372566  0.000490949  0.00241416  -0.00226855  0.00294442  -0.00566072  0.00233449  0.00782206  0.00402938 
219 -0.000193968 0.460248 0.00555553 0.0416205 -2.80717e-05  0.00319654  -0.000241184  -0.00162149  -0.00133959  -0.000388333  -0.00300494  0.000932715  0.00238775  0.000641597 
222 0.000147632 0.695223 0.0107371 0.0438891 0.00478488  -0.0045352  -0.0028031  -0.000731125  -0.00201191  -0.00352235  0.00387127  -0.00010617  -0.00530845  -0.00194878 
224 0.000345772 0.818089 0.0209739 0.0421738 -0.00935389  -0.00359811  -0.00376904  -0.000735193  0.00779855  -0.00856854  -0.0107553  0.00161142  -0.00491952  0.00692859 
225 -6.85786e-05 0.482766 0.00217486 0.0378539 -0.000562939  -0.00180208  0.000536136  0.000279506  -0.000679585  6.48353e-05  -1.70713e-05  0.000406555  -0.000210907  0.000352097 
227 0.000183576 2.08883 0.034153 0.0387492 0.00442797  0.016914  -0.00564622  -0.013288  0.00126131  -0.0124255  0.00781953  -0.0168677  0.0122733  4.32028e-05 
228 -0.000111425 0.402304 0.00659936 0.0363035 -0.00030504  0.00243626  -0.00247072  0.00267634  -0.00172901  0.00180436  -0.00130185  0.00316028  0.00251137  -0.000146951 
233 0.000262822 0.55037 0.00727876 0.037807 -0.00411474  -0.000999308  0.000313096  0.000973691  0.002631  0.00379466  0.000151974  0.00243353  -0.00169976  -0.00196179 
234 -0.000260829 0.390439 0.0106937 0.0341553 -0.00060763  -0.00188755  0.003348  0.000747637  -0.00589236  0.00405507  0.00410306  0.00238534  0.00441968  0.00233073 
239 -0.000250522 0.459063 0.00640772 0.0377816 0.0025383  0.000348965  -0.000178826  0.00103293  -0.00144385  0.000135635  -0.00128427  0.00416178  0.000116976  -0.00350837 
241 0.000288009 0.831051 0.0195282 0.0409634 0.00523476  -0.00428978  -0.0008797  0.00582875  -0.00110686  -0.00442249  0.00566397  -0.0150308  0.0017138  0.00436715 
243 -2.47384e-05 0.49641 0.000596307 0.0372832 -6.38544e-06  0.000138336  0.000105624  0.000199109  -3.41004e-05  -0.000126294  7.34476e-05  0.000206  0.000400426  -0.0002456 
244 0.000130613 4.86548 0.047749 0.0376135 -0.0153142  0.00933589  -0.015304  -0.00337771  0.0216449  0.01664  -0.0165767  0.00226389  -0.0165969  -0.0202955 
245 -0.000326755 0.328491 0.014975 0.0358353 -0.00841322  0.00171661  -0.00308527  0.000172109  -0.00593891  -0.00164392  -0.00711711  -0.00586325  0.000740094  0.00417379 
247 0.00011743 1.40617 0.0206302 0.040137 -0.00622208  0.00342036  0.00866808  -0.00349601  -0.000675682  0.00942276  0.00608898  -0.00560321  -0.00706144  0.00895848 
248 -0.000255149 -2.01038 0.0506125 0.0386465 0.0135776  -0.0154782  -0.0141474  -0.0104386  0.00821313  -0.0342873  0.00423314  0.00151471  -0.0217788  0.00953828 
249 0.000734672 0.928858 0.0354949 0.0418179 -0.00866417  -0.00556127  0.00958625  -0.00186735  -0.00626889  0.0124203  0.0262531  0.00855876  0.00814885  0.00600538 
250 0.000125845 0.924894 0.0146244 0.0318486 0.00630357  0.00628829  0.00282819  0.0045542  -0.00285644  -0.00721815  -0.00387387  0.00475042  0.00193931  0.00206404 
251 -0.000215888 0.0287353 0.0201744 0.0298077 -0.000570003  -0.00332982  0.00609611  -0.00169029  -0.00875531  0.00864755  -0.0105804  0.00829717  0.00416791  -0.00244557 
252 0.000325489 0.634651 0.0132412 0.0332326 0.00640934  0.00198419  0.0037311  0.00175442  0.00417216  -0.00234768  0.00247267  -0.00224103  0.00503627  -0.00734135 
253 1.58193e-05 6.05762 0.0187524 0.0279101 -0.0109276  -0.00163117  -0.00422646  -0.00108915  0.00493956  -0.000175151  0.0116959  -0.00322803  0.00340574  -0.00522365 
254 -0.00011903 0.210923 0.0117324 0.0276252 0.00511072  0.00222547  -0.00120236  0.000303806  -0.00489832  0.005225  0.00455322  0.00320073  -0.00477107  6.5905e-05 
255 -0.000194897 0.268089 0.0134472 0.0297017 -0.003593  0.00379432  0.00722753  0.00581737  -0.00295541  -0.0034691  0.00197612  0.00187039  0.00526619  -0.00339662 
257 0.00010593 0.761786 0.010532 0.0328193 -0.00104796  0.00607562  -0.00140839  0.00520221  -0.00206493  -0.00327829  -0.00247177  -0.00432933  -0.00142808  -0.00140042 
261 -0.000397395 0.34536 0.0156822 0.0311638 0.00932725  0.00440851  0.00904717  0.00324  0.000110234  0.00405857  0.00245497  0.00256452  0.000809754  -0.00417228 
262 -0.000108984 -3.33211 0.0408694 0.0369953 -0.00146023  -0.0326058  0.00894411  0.0141471  0.00492833  0.00330636  -0.00265656  -0.00565956  -0.0151269  0.00466571 
263 0.000334733 0.95094 0.0245701 0.0384401 -0.00451449  0.0171461  -0.00769711  -0.0034437  0.00190547  -0.0034036  -0.0048455  0.00908695  -0.00536405  0.00825673 
268 8.25759e-06 0.505148 0.000412417 0.0338078 -0.000127669  0.000155843  -0.00010415  0.000156414  0.000114319  0.000237005  -9.702e-05  -3.16271e-05  6.27488e-05  -0.000102947 
269 -0.000195997 0.410208 0.00839172 0.0336855 -0.00145141  -0.00497711  -0.00216384  0.00147103  0.00273361  -0.00311606  -0.00147969  0.00368293  -0.00191743  -0.000290231 
271 0.000314635 1.47988 0.0351124 0.0364791 0.0112017  0.00944169  -0.0125423  0.00617363  0.000353529  -0.0118182  -0.000292269  -0.00515142  0.0256107  -0.000715458 
274 -5.59656e-06 -0.587407 0.00493386 0.031877 0.00380862  -0.000980535  -0.00121972  -0.000891185  -0.00120534  0.000675129  0.00147615  -0.000686869  0.00107729  -0.000934883 
275 0.000322236 1.47757 0.0354921 0.0319646 -0.0151901  -0.0154213  0.0120456  -0.0110146  0.0065527  0.0131213  -0.00569963  -0.00449461  -0.00855714  0.0135534 
276 1.43534e-05 0.531911 0.00135359 0.0264491 -0.000228215  0.000281392  -0.000418237  5.95014e-05  0.00077718  -0.000580426  0.00063693  -0.000412936  6.49761e-05  -3.40749e-05 
279 -9.37214e-05 -1.29798 0.0259618 0.0261763 0.0117078  0.0146204  0.000625441  0.00341297  0.00308469  0.00724501  0.00725314  -0.0088901  -0.00970138  0.00483578 
281 6.97056e-06 0.507333 0.000452201 0.0279092 -0.000197714  -0.00020458  -0.00015464  -0.000116258  0.000206261  1.21384e-05  0.000185151  -3.34413e-05  3.63986e-05  -8.18401e-05 
282 -0.000185151 0.383854 0.00927591 0.0277841 0.00539932  -7.59236e-05  0.00117067  -0.000240965  0.00434163  0.00129465  0.00277896  0.000510303  -0.00299724  -0.00423831 
283 0.000211778 0.555615 0.00686509 0.0309374 0.000130528  0.000290927  -0.0026442  -0.000238983  -0.00445885  -0.00176719  -0.00148419  0.00322073  0.00174163  -0.00116846 
284 -4.16761e-05 0.421158 0.00362551 0.0273014 0.00153074  -0.00152243  -0.00189091  0.000189671  0.00162743  -1.70728e-05  -0.000515778  0.000169484  -0.000456077  0.0013116 
286 1.53501e-05 11.0728 0.0254778 0.0280543 -0.00811395  0.0153178  -0.00791416  0.000799901  -0.0129545  0.00187087  -0.00249663  -0.00223632  0.00956515  0.00336603 
287 -9.29018e-05 0.196143 0.0106266 0.0277794 0.00396254  -0.000228097  0.0050264  -0.00529211  -0.00162897  -0.00339462  -0.00446915  0.000413444  0.0020986  0.00227452 
288 -0.00057833 0.2349 0.0247701 0.0294041 0.00202259  0.00403088  0.0122573  -0.0137244  -0.0037037  0.00818059  -0.00830732  0.000980845  -0.00122925  -0.0101239 
291 -1.1581e-05 0.483605 0.000871536 0.0379881 0.000475589  0.00040289  -0.000171661  -0.000116306  0.00034312  -0.000344033  -0.000186289  -0.000142426  -0.000192195  7.62366e-06 
293 0.000459224 0.637642 0.015902 0.0381403 -0.0108527  -0.0022285  -0.00534006  0.00248084  0.00211613  -0.00748962  0.00240224  0.000900361  0.00408711  0.00340554 
294 9.93673e-05 0.519049 0.00275246 0.0315525 -0.000746983  -0.00213627  -7.94564e-05  -7.73873e-05  0.000379256  0.000951624  0.000871364  -0.000554123  0.000533391  -0.000204633 
295 0.000137491 0.654973 0.00923214 0.0299366 0.000585891  -0.00523619  0.00246189  0.0041714  0.000779889  -0.00242575  0.00327775  0.000366368  -0.00370549  0.0017056 
296 -2.51575e-06 0.496432 0.000189494 0.0275448 1.97017e-05  -6.46816e-05  3.14614e-05  -4.42164e-05  -1.91478e-05  -1.50342e-05  -3.78675e-06  0.000164161  2.80931e-05  -6.80635e-06 
297 -0.00099584 -0.108832 0.0492561 0.0275905 0.011068  -0.00237724  -0.0268822  -0.00480446  0.00779926  0.0223837  -0.00194566  -0.0310023  -0.00368117  0.00345551 
299 0.000192579 0.871235 0.0169101 0.0419234 0.00216794  -0.00164955  3.21555e-05  0.00284638  -0.00938086  -0.0100853  -0.00390675  -0.00486982  0.000482121  -0.00644221 
301 -0.00031373 -0.923546 0.0422654 0.0395602 0.00443608  -0.0136002  0.0207786  0.0214121  0.0042277  0.00186276  0.0110987  0.0120046  -0.0187977  0.00703616 
302 -0.00014167 -2.39417 0.0404952 0.043345 0.00692501  -0.00427252  0.00157018  0.00443824  -0.00959663  -0.0050696  -0.0201634  0.0288044  0.0139235  -0.00188929 
308 -1.91324e-05 -1.87489 0.0134813 0.0449496 -0.00261356  -0.00265586  -0.00231997  0.00643737  0.00422433  -0.000794325  0.005554  0.00671413  -0.0013506  -0.00498134 
309 0.000426592 0.891627 0.0258486 0.0451619 -0.00813677  0.00210876  -0.00760074  -0.00317741  0.0062506  0.00435688  -0.00311349  -0.00993538  0.0143611  0.0125273 
310 0.000511822 1.1491 0.036448 0.0401634 -0.000466546  0.000264063  -0.00454766  -0.0232229  0.00529599  0.000223601  -0.00513139  0.00499224  0.0102883  -0.0241451 
315 -0.000169241 -0.677065 0.0282283 0.0331875 -0.00384776  0.00775729  -0.013591  -0.0102303  0.00476808  0.00593685  0.00523048  -0.00218338  -0.0142825  0.0117636 
316 -1.64209e-05 0.391771 0.00266628 0.0356464 0.000578756  0.00134331  -0.000388651  -0.000537445  0.000182826  0.0002481  0.00138402  0.000737414  0.00111409  -0.000856883 
317 -0.000298103 -1.3499 0.0469639 0.035876 0.00291672  0.00369359  0.0307673  0.017924  -0.00176986  0.0034407  -0.00578701  -0.023636  0.0170948  -0.00402502 
318 8.08727e-05 0.575706 0.00494897 0.039815 0.00114033  -0.00155733  -8.9658e-05  0.000728573  0.00198902  0.000202001  0.00137216  0.00335579  -0.00138565  0.00108009 
320 -0.000616239 0.269206 0.0238583 0.0387861 -0.00846762  -0.00405638  -0.00929977  0.00800804  0.00631045  0.0131882  0.00918919  -0.000564965  0.0038441  -0.00414297 
324 -6.76657e-05 -1.05125 0.0204905 0.0460521 0.0034265  -0.00459732  -0.0125626  0.00666749  -0.00322224  -0.00441529  0.00621365  0.00675345  0.00113099  0.00832684 
325 0.000450801 1.22232 0.0360844 0.046781 -0.0088933  -0.000694922  0.00579352  -0.013509  -0.0154228  0.00156276  0.0168848  0.00650601  -0.00803292  -0.0193441 
329 -1.77765e-05 -0.293479 0.00751141 0.0416865 -0.00089579  0.000780609  0.0042298  0.00309741  0.00259698  -0.0013421  -0.000136248  0.00407551  0.000172545  -0.00152337 
330 0.000501828 0.668969 0.0184174 0.0418991 0.00459183  -0.000652619  0.00853923  -0.00451924  0.00916244  -0.00631709  -0.00378893  -0.00920535  -0.000905105  0.000759727 
337 -0.000400893 0.445493 0.0093543 0.0354095 -0.00133722  -0.00181697  0.00503009  0.0027913  -0.00239568  0.00586529  1.4295e-05  1.74656e-05  -0.00199901  0.00227659 
339 -8.26593e-05 0.422499 0.00506251 0.0406793 0.00138864  0.000860713  0.00158878  0.000221633  -0.00189629  0.00183472  0.000442312  0.000294659  -0.0034811  0.00101186 
341 0.00012246 3.60532 0.0389966 0.041683 -0.0150384  -0.00392421  -5.17709e-05  -0.0182096  -0.0164641  -0.0111393  -0.0219527  -0.00386625  -0.00189312  -0.00721012 
343 0.0003027 0.91461 0.0224042 0.0401873 0.0183244  -0.00318521  -0.0004698  0.00620317  -0.000688874  -0.00639378  0.00681602  0.00311776  0.004309  -0.0011038 
344 -8.53772e-05 0.444047 0.00437184 0.0362266 0.00254675  -0.000373002  -0.000361917  0.00175541  0.00062606  0.00256848  -0.000115175  -0.00075066  0.000966423  0.000880728 
348 -0.000198108 0.485675 0.00337232 0.0373864 0.000668611  0.000417088  0.00145091  -0.000602158  -0.000482432  0.00151762  -0.000737663  -0.000857826  0.00172505  -0.00122151 
350 -0.000122834 0.421305 0.00621896 0.0399484 0.00147605  0.000446485  0.00293842  -0.00170146  0.00153901  -0.00181441  0.00112785  -0.00244225  -0.00108245  -0.00327097 
