generation s h r distopt trait[0] trait[1] trait[2] trait[3] trait[4] trait[5] trait[6] trait[7] trait[8] trait[9] 
3 0.00522909 0.687749 0.0626775 0.1 0.0457197  0.00504482  0.00867281  -0.00557779  -0.010033  -0.0193273  -0.0181427  0.00583747  0.0281712  -0.00868022 
7 0.0201835 0.597482 0.0893508 0.257869 0.0479305  -0.0361968  0.00505533  -0.0241045  -0.0163228  0.0113035  0.0226815  -0.00746267  -0.0326209  0.041725 
9 0.0168207 0.566408 0.0675834 0.312705 0.032843  0.0172448  0.0005257  -0.00697405  0.0137315  0.00811278  0.00250888  -0.052516  0.0103385  0.00413277 
10 0.0115143 0.787081 0.11485 0.333098 0.0349003  -0.0469823  0.0711815  -0.00222988  0.0460307  -0.0252016  -0.018086  0.0114474  -0.00704037  -0.0378369 
11 0.00933138 0.55456 0.0454935 0.361754 0.0110025  -0.0103166  -0.0166094  0.00543026  0.0118042  0.000153862  0.0242083  0.0247449  0.0135932  0.00378466 
12 0.00270607 0.583883 0.030171 0.396028 0.00747656  -0.00775167  0.0046582  0.0060869  0.00612515  0.00668149  0.016787  -0.0116446  -0.0153565  -0.000412757 
14 0.0119423 0.604383 0.0708808 0.488018 0.0157731  0.0164824  -0.0264955  -0.0308391  -0.00287901  -0.0242352  0.002043  -0.0353282  0.0264566  0.0173988 
16 0.0437663 0.527825 0.0753757 0.57198 0.0445554  -0.00373543  -0.00476209  0.00798303  -0.00579302  0.0224197  0.0325118  -0.0274452  0.000780566  -0.0353395 
18 0.0704274 0.571004 0.146939 0.629512 0.0680528  0.0619589  -0.0226306  0.011102  0.0537189  0.0046121  0.0695811  0.0296606  -0.0369418  0.0499264 
19 0.00932835 0.66011 0.0773641 0.620404 0.00909374  0.0512427  -0.041519  0.00453721  -0.0276631  0.00192863  0.016372  0.0157971  -0.0135101  0.00794959 
20 0.037686 0.505069 0.0378705 0.660592 0.0301823  -0.00407868  -0.00695872  0.00766628  -0.00992704  0.000583278  0.00225176  0.00225079  0.00283984  0.0168014 
25 0.00487865 0.547245 0.0305198 0.873569 0.000977069  -0.0094932  0.0106302  0.0185699  0.00603489  -0.010731  -0.00972414  -0.00387149  0.0104408  0.0035226 
28 0.035393 0.514106 0.0506622 1.01794 0.0195982  0.0100662  0.00577103  0.00739438  0.0100982  -0.0271078  -0.0054691  0.0235681  0.00478259  0.0234141 
29 0.0845062 0.520356 0.0994299 1.04982 0.0371852  -0.0402985  0.0304381  -0.0318815  -0.0513226  0.0267414  0.0011942  -0.0109851  0.0382787  0.000484655 
30 0.0377233 0.502742 0.0330399 1.0597 0.0186723  -0.0154268  0.0182971  -0.00773827  -0.00132407  0.00871039  0.00279274  0.00483775  -0.00119512  -0.000268364 
31 0.0591768 0.535915 0.0995039 1.09134 0.034875  -0.0251635  0.0114441  0.00156946  -0.0304776  0.000941296  0.0147325  -0.071305  0.0371515  -0.0175119 
32 0.045579 0.500727 0.0335085 1.11362 0.0202774  0.00610201  0.00412477  0.00013391  0.0065903  -0.00339652  -0.0131034  0.0050493  0.0106713  0.0170686 
33 0.0377549 0.509412 0.0456238 1.14244 0.0180411  -0.0216794  -0.0157858  -0.00346509  0.0128633  0.00698606  -0.0146799  -0.00781293  0.0226315  0.00467586 
35 0.0102778 0.527646 0.0343929 1.22421 0.00161468  0.00207329  -0.0121695  0.00731182  -0.0235971  -0.0148992  -0.00951688  0.00688798  -0.00749606  -0.00117789 
38 0.131738 0.531132 0.151705 1.36796 0.0536657  0.0318771  0.0724523  0.0149452  -0.0696914  0.0439059  -0.0559372  0.0087031  0.0268079  0.0541989 
40 0.0268871 0.505968 0.0313888 1.42024 0.00918769  0.0055561  -0.0176928  -0.0119956  0.000577659  0.000193686  0.0200793  0.00134895  -0.00258723  -0.000989011 
43 0.012275 0.51005 0.0237659 1.4601 0.00368634  -0.00668882  -0.0154873  -0.00709543  -0.00892889  0.00233627  0.00263152  -0.00260135  0.00120372  -0.0107687 
45 0.0133706 0.502409 0.0147029 1.45592 0.00506489  -0.00561222  6.89563e-05  0.00388257  0.00338693  -0.00172929  0.000768365  -0.00885553  0.00539844  -0.00461862 
49 0.100259 0.548274 0.151512 1.45135 0.0467927  -0.0562377  0.0570395  0.00307356  -0.0618748  0.0337257  0.0141765  0.0673396  0.0567358  -0.0376873 
52 0.0158701 0.502611 0.0169819 1.41805 0.00759358  0.000270405  0.00897673  -0.000301703  -0.00464771  -0.00110275  -0.00441063  0.00734801  0.00683349  0.00264856 
55 0.012432 0.55659 0.0535916 1.41249 0.00828197  -0.0296682  -0.00109408  0.0034848  -0.00550816  0.00363311  0.00183381  0.013153  -0.0150803  0.038244 
57 0.0397061 0.513567 0.0535757 1.40811 0.0190235  0.0239553  0.0216476  -0.0276128  -0.00838465  0.0041314  0.0164695  -0.0067932  -0.00669333  0.015936 
59 0.0101711 0.50534 0.0163514 1.39421 0.00559773  -0.00265528  0.00476  -0.00621414  -0.00230265  -0.00756895  0.00384506  0.00820929  0.000850607  0.00471367 
62 0.195997 0.496526 0.116252 1.39058 0.0657431  0.028754  0.0334542  0.0366069  0.0179517  0.0193335  -0.0629094  -0.0241887  0.02037  -0.0158921 
63 0.235552 0.515694 0.188508 1.32466 0.0785189  0.0526457  0.0204725  -0.0205602  -0.0031715  -0.0777546  -0.0267637  0.117964  -0.0261554  -0.0662182 
64 0.0112872 0.502081 0.0125064 1.24226 0.00356643  0.0011696  -0.00496721  0.00467797  -0.000738586  -0.00569277  -0.00207732  -0.00705782  0.000937464  0.00279369 
66 0.0604359 0.499976 0.0414222 1.23773 0.0210584  0.00666728  -0.00407457  -0.0163088  0.0176263  -0.00615275  0.0182315  0.0017455  -0.0133781  -0.00907495 
69 0.104598 0.526358 0.124146 1.2138 0.0345828  0.00406459  -0.0316279  0.0292313  0.0568558  -0.0632103  0.0644988  -0.0177554  -0.0168878  -0.0188774 
71 0.0225027 0.52709 0.0515569 1.1721 0.0124161  0.0297041  0.00065553  -0.0143799  -0.00398624  0.0021577  -0.00662758  -0.0140394  0.0263109  -0.021461 
73 0.0144086 0.500408 0.0112102 1.16257 0.00558704  0.00549556  -0.00436678  -0.00152023  -0.00342876  0.00073804  0.00152089  -0.00308018  -0.00418545  -0.00111937 
74 0.200225 0.502588 0.136072 1.1564 0.0750956  0.00855032  -0.0724166  0.0468205  0.0337068  0.0516844  -0.00869462  0.0256158  0.025607  0.0131124 
75 0.0423272 0.52512 0.0708659 1.07459 0.0311075  -0.0156677  0.027444  0.00795607  -0.0194586  0.0277719  0.0192883  0.0311598  0.0146758  0.0168546 
76 0.0235443 0.500245 0.0171337 1.05513 0.0109505  0.00307532  -0.00345339  -0.000816086  -0.00598326  0.0048038  0.00115794  -0.00717241  0.000575583  -0.00629351 
77 0.0114204 0.500645 0.00968348 1.04404 0.00409479  -0.000133953  -0.000117995  -0.00188046  0.00349456  0.000260916  -0.00403996  -0.00332221  -0.00139014  -0.00564479 
78 0.0190174 0.522711 0.0434563 1.03859 0.0129185  -0.00761825  -0.0070953  0.00538118  0.00409556  0.000402457  -0.0150439  0.0339025  0.0118579  0.00713987 
79 0.140604 0.587093 0.232707 1.02948 0.101336  -0.0216082  0.0108826  -0.00728061  -0.0555456  0.130579  -0.0401407  0.0794266  0.00788433  -0.122991 
80 0.028533 0.505174 0.0312718 0.963469 0.014648  -0.0136834  -0.00320706  0.00565742  -0.00756675  -0.0185309  0.00213348  -0.00731576  0.00609359  -0.00616285 
87 0.0552895 0.518281 0.0733496 0.948757 0.0355984  -0.00990515  -0.0295469  -0.0290419  0.0236566  -0.00698312  0.0174311  0.000488569  0.0268283  -0.0258091 
90 0.0636055 0.714748 0.233465 0.919959 -0.00166007  0.0429288  -0.0114438  -0.0376343  0.0848454  -0.104349  0.0948235  -0.0532191  -0.145025  -0.0130265 
94 0.00598875 0.503527 0.010103 0.88581 0.00221959  -0.000378643  -0.000737846  0.00188764  0.00128171  -0.0083344  -0.00401229  0.000711661  -0.00199737  0.00109229 
95 0.043175 0.557026 0.102577 0.882434 0.0243401  -0.0426443  0.0597396  0.0175323  -0.00374468  -0.0295349  -0.00199227  -0.0232238  0.0119795  0.0515914 
96 0.0732705 0.526974 0.100591 0.858149 0.0344917  0.0476169  -0.0577672  -0.0196738  0.0322804  0.0325855  -0.0114928  0.00945933  -0.00107318  0.0247144 
97 0.0288045 0.535306 0.066418 0.81591 0.015572  0.0262518  -0.000692544  0.00345584  0.0284455  -0.0104975  -0.0112264  -0.0322059  -0.00558191  -0.0367902 
102 0.0194165 0.508543 0.029017 0.798318 0.00803558  -0.00968021  -0.0108705  -0.00422992  -0.0146445  -0.00314854  -0.00454181  -0.00583163  0.0015785  0.0163139 
103 0.0101296 0.570903 0.0539275 0.786182 0.00546303  0.0170739  -0.0121932  0.0169005  -0.00104621  0.0344837  0.00667024  -0.0270288  0.0107705  0.00844007 
107 0.0757999 0.538668 0.118104 0.779746 0.0487765  0.0229624  -0.0217499  0.00533945  0.0783577  -0.0331189  -0.0242735  -0.0208682  -0.000744675  0.0477348 
108 0.0431584 0.527279 0.0741601 0.731395 0.0287642  0.00463137  0.032256  -0.0106906  -0.0297923  -0.00917703  -0.0308239  -0.0213176  0.0174671  0.028543 
112 0.0226567 0.527877 0.0524239 0.701916 0.021806  -0.0214563  0.0238527  -0.00628001  0.0180085  0.00561838  -0.00802098  0.0240463  0.00802758  0.0118796 
113 0.0705266 0.521021 0.0896988 0.685771 0.0530399  -0.0294207  0.0148052  0.0201004  0.0145127  0.0175341  0.0162458  -0.0282938  -0.0105809  -0.0452698 
116 0.00811099 0.507639 0.0167174 0.634138 0.00822405  0.00324515  -0.00303567  -0.00214121  0.00129955  -0.00603269  0.00116446  -0.00158737  0.00372165  -0.011476 
121 0.00399126 2.75183 0.189016 0.627736 0.0418135  -0.0756525  0.0902367  -0.0157801  0.00399907  -0.0205112  -0.0855799  -0.00369943  0.0651718  0.088555 
122 0.0380126 0.507603 0.0427819 0.624555 0.0179607  -0.00984261  -0.0213512  0.00411219  -0.0061363  0.00530256  -0.00318951  -0.0172599  -0.0209464  -0.0112001 
125 0.0101568 0.653033 0.0789439 0.593937 0.0263423  -0.00899933  0.00576893  0.0267182  -0.00644203  -0.00840451  0.0125626  -0.0591137  0.0279106  0.0129109 
127 0.00234462 0.502295 0.00492358 0.585368 0.000419456  0.00169613  -0.00167012  0.000415415  0.000699237  0.00295828  -0.00177402  0.000834757  -0.00197754  -0.00110993 
128 0.0361255 0.516859 0.0549719 0.583364 0.0241014  -0.0186505  -0.0173638  -0.0105134  -0.0312717  0.00649583  -0.0167744  0.000472251  -0.00390466  -0.0190839 
129 0.0184887 0.523802 0.0437215 0.55211 0.0112058  -0.00143602  -0.0127175  -0.012451  -0.0021914  -0.0227208  -0.00989533  0.0188593  -0.00684536  -0.0211115 
130 0.0120476 0.511316 0.0247735 0.535262 0.0116725  0.00619565  -0.00668106  -0.00625306  -0.0147122  0.00102486  0.00717428  0.00308863  0.00588387  0.0064983 
131 0.00710912 0.556444 0.0403007 0.523956 0.00923915  -0.00994281  0.024672  -0.00229382  -0.00917399  -0.00347657  0.0124467  0.0162807  -0.0173854  0.00273334 
132 0.016479 0.528479 0.0446658 0.517152 0.024409  0.00273355  0.0120316  0.0130371  0.00714457  -0.0267665  0.0136994  -0.00895808  -0.00643339  -0.000486583 
137 0.0897841 0.548529 0.142618 0.5011 0.108755  -0.00108144  -0.0572671  0.0136976  0.0261896  0.00976233  -0.0460466  0.0154271  0.0294089  -0.0322436 
138 0.0070661 0.517939 0.0230216 0.406352 0.0081835  -0.0036452  -0.00180076  0.00155552  0.00270536  0.00536899  0.0196528  -0.00143476  -0.00389183  0.00212002 
139 0.0211478 0.524288 0.0474498 0.397594 0.027816  0.0140608  0.00535684  0.0156798  -0.0170034  0.0261177  0.00281204  0.00123214  0.00092474  0.00489536 
140 0.00127284 0.535255 0.0134233 0.370342 0.00553081  -0.00106133  0.00197215  -0.00752023  -0.000576906  -0.00543322  0.00158909  -0.00317155  0.00157626  -0.00656544 
142 0.01338 0.641478 0.0871943 0.368621 0.0282712  0.0340293  0.0206067  -0.0319402  -0.0306343  -0.0270219  0.0476942  0.00204895  -0.0155862  -0.00320616 
144 0.0107133 0.537167 0.0405056 0.350129 0.00874262  0.00539638  -0.0126323  0.0272838  0.0108017  0.00838334  0.00141772  0.0204376  -0.00147821  0.00472417 
146 0.0278463 0.686426 0.144239 0.334565 0.084158  0.0305563  0.0107439  0.0103864  0.000473246  0.0284574  -0.0437115  0.0194711  -0.00548116  -0.097136 
147 0.0180852 0.599017 0.0851653 0.290634 0.0331403  0.024688  -0.0136087  0.0269486  0.0248976  0.0275752  0.00557536  0.0258591  -0.0103721  0.0494599 
150 0.00541082 0.675498 0.0616512 0.257962 0.0410538  -0.00427979  0.0120288  -0.0108449  -0.00793232  -0.0129267  0.0269147  0.0231575  -0.00791603  0.0167772 
155 0.0183263 0.757508 0.13721 0.247282 0.101665  0.0280559  -0.0438548  -0.065377  0.00394806  0.0031858  -0.00349515  -0.0332947  -0.0186713  -0.00335096 
156 4.93813e-05 146.669 0.169611 0.207335 0.00766664  -0.088609  -0.0298396  -0.0541998  -0.120458  -0.00383313  0.0342999  -0.0185489  -0.0313147  -0.00186919 
159 0.00866193 0.554555 0.0438042 0.207216 0.00895699  -0.00673791  0.00492455  0.0297735  -0.00775727  0.00406796  -0.0187147  0.00898819  -0.01926  -0.00193953 
161 0.00293232 0.532128 0.0195078 0.18524 -0.00684696  -0.00362825  -0.00527954  -0.000450597  -0.00090483  0.00394577  -0.000775192  -0.00780064  -0.0129634  -0.00682212 
162 0.00562811 1.479 0.1481 0.177161 -0.00792629  0.0737945  0.0200018  0.0649804  0.033388  -0.0452417  -0.0310886  0.0661409  -0.05293  -0.0223207 
165 0.00396429 0.946107 0.0840334 0.160542 -0.00708949  0.0298514  -0.0211004  0.0216005  0.00409313  -0.016403  0.0090187  -0.0513757  0.0402325  0.0241488 
166 0.0081558 0.555723 0.042931 0.147706 -0.0172512  -0.013899  -0.0113221  -0.0107131  0.00771065  0.00629091  -0.0195867  0.00108133  -0.0250038  0.000547735 
167 -0.000345106 0.431162 0.00975193 0.117023 -0.00276499  0.0015989  -0.00171218  -0.00269419  -0.00437456  0.00304305  -0.000965272  0.00421577  -0.00312654  -0.00422275 
169 0.0014814 0.548743 0.0170206 0.118489 0.0118692  -0.00348449  -0.00350299  -0.00482267  0.00187511  0.00767326  -0.00221756  0.00122333  -0.00558779  -0.00105913 
170 0.00509902 0.57312 0.0387326 0.112068 -0.0144143  0.00148463  -0.0044743  -0.00465806  0.0054379  0.0144873  -9.33831e-05  -0.0205997  -0.0185562  0.0155043 
171 0.000578217 1.30773 0.0432129 0.086448 0.00210314  -0.0301918  0.000178274  0.00924646  -0.00142335  -0.00441673  0.0099708  0.0101274  -0.0244843  -0.00654691 
173 0.000284432 0.508362 0.00309069 0.0830374 -0.000548231  -0.00101569  -0.000665491  0.0018609  0.0007857  0.00159341  0.000333885  -0.000796295  0.000447241  -0.000460968 
174 0.00170637 0.620461 0.0286857 0.0813069 -0.0126754  0.00838849  -0.0117491  0.0036284  -0.000858319  0.0163668  0.00459846  -0.0120624  0.00202085  0.00113679 
175 0.000561798 1.08535 0.0362623 0.0700422 0.00280991  0.00333212  0.0152752  -0.0120599  0.0135677  -0.00451767  -0.0219535  -0.0063072  0.00612384  0.0123876 
177 0.000660759 1.22923 0.0438918 0.065911 0.00834804  -0.0210153  -0.0235182  -0.00378532  0.0173974  -0.0130593  0.0160544  0.0024908  -0.00477343  -0.00936909 
180 -0.00014094 0.0957564 0.0150969 0.0606937 -0.00035846  -0.00226149  -0.0109435  0.00324166  -0.00339612  -0.00190153  0.00266767  -0.00263439  0.00479996  -0.00633718 
181 -0.000211505 0.493675 0.00231816 0.061844 -2.76181e-06  0.000485854  7.98244e-06  -0.000856121  -0.000518311  -0.0014879  0.000801508  0.000804034  0.000780297  -0.000156677 
182 0.000821268 1.64357 0.0612679 0.0635311 -0.00528053  -0.0244085  -0.00486236  0.00523733  0.00117976  0.0154039  -0.024631  0.0310789  -0.0127502  0.0332445 
183 -0.000428428 -0.128716 0.0328271 0.0567034 -0.00236738  0.0050913  -0.005189  -0.00730204  -0.000986185  0.0195958  0.0219811  0.00599333  -0.000306106  0.0078547 
184 0.000300799 1.70254 0.0380324 0.0603638 -0.00750133  0.0253667  -0.0102827  0.0117562  -0.0141307  0.0047335  -0.0133594  -0.00236  -0.00167754  0.00968713 
185 0.000241569 0.65236 0.0121339 0.057819 0.00335976  0.000112202  0.000935514  -0.00438564  -0.00109423  0.00241249  -0.00919124  -0.00394313  -0.00282892  0.000879708 
186 -3.70462e-05 -2.07744 0.0195429 0.0556911 -0.00323376  0.00493461  0.00318008  -0.0014978  -0.000846564  0.00928391  0.0146214  -0.00406323  0.00124052  -0.00400252 
188 0.000862736 1.1369 0.0468691 0.0560227 -0.00938819  -0.0106251  0.0179977  0.00379753  -0.00733121  -0.0253655  -0.00381164  -0.0171188  0.017255  -0.018838 
189 0.000830294 0.66056 0.023094 0.0477093 0.00767827  -0.00526129  -0.00282422  0.00557285  0.00687686  0.00317611  0.0140004  -0.010161  0.00236094  0.00674201 
190 2.49135e-05 0.531093 0.00176035 0.0380293 0.000811741  0.00056544  0.000713166  -0.000395688  0.000415686  0.000391342  -0.000327115  0.000807517  0.000331159  -0.000510219 
191 0.000273449 0.525603 0.00529506 0.0377004 0.00250476  0.00164112  0.000663404  0.00100021  0.00188109  0.000602189  -0.0028779  -0.00144987  0.000609955  -0.00172408 
192 0.000460798 0.62555 0.0152138 0.0338808 0.00331797  -0.000542862  0.00342293  0.0029968  0.00156982  0.00480459  -0.00625205  -0.00857376  -0.00380409  0.0068441 
195 -8.2893e-05 0.443683 0.00432172 0.0262148 -0.000762703  -0.00144993  0.000509369  -0.00153713  -0.00136066  0.00285184  0.000654401  0.00074986  0.000993262  -0.00118725 
198 3.8428e-06 0.505642 0.000294501 0.0277509 0.000100421  -8.17526e-05  2.36366e-05  6.51334e-05  4.94993e-05  -0.00010791  1.17397e-05  -0.000211787  -5.07787e-05  -5.91363e-05 
201 9.52631e-05 0.614272 0.00659892 0.0276816 0.00137859  0.00494597  -0.00183528  0.00125083  0.00159115  -7.28289e-05  0.000928773  -0.00232353  -0.00146204  -0.00114619 
202 -3.75858e-05 0.324477 0.00513709 0.0259039 0.000623687  0.000205371  -0.000259072  0.00104544  0.000302888  -0.000397173  0.00147647  0.00329117  2.7886e-05  0.00339654 
203 -4.55242e-06 -1.45625 0.00596847 0.0266195 0.00233959  -0.000431782  0.00132725  0.00118864  -0.000349129  0.00105512  -0.000154034  -0.00384988  -0.00327113  -8.48989e-05 
205 4.53738e-06 0.546339 0.000917079 0.0267048 -4.7322e-05  -0.000515527  -1.0201e-05  0.000534708  -6.16649e-05  -0.000222052  -0.000212035  0.000327892  -0.000192513  -0.000210634 
206 3.72136e-05 0.650507 0.00473327 0.0266198 0.00070615  -0.000160778  -0.000831132  0.00154406  -0.000279068  0.00201978  -0.000734828  -0.00269062  0.00261398  0.000186534 
208 -0.000407839 0.223759 0.021232 0.0259114 0.0111949  0.0104202  0.00371519  -0.00497808  -0.00274781  0.00955995  -0.00648942  -0.00316456  -0.00214325  0.00475857 
209 8.19303e-06 0.520568 0.000821022 0.032853 0.000184733  -0.000412578  -0.000388137  -0.000156275  -0.000303866  -0.000163794  -6.74533e-05  -0.000105844  -0.000385283  0.000106299 
210 2.00622e-05 0.630791 0.00323973 0.0327281 -0.000298178  8.51032e-05  -2.36881e-05  -0.00021296  0.000195705  0.00132606  -0.00246695  -0.000407431  0.00148382  -0.000321726 
213 -6.89362e-06 0.49072 0.000505886 0.0324202 0.000188645  -2.42951e-05  -8.49631e-05  6.23753e-05  5.7987e-05  0.000347399  -9.10584e-05  8.21769e-05  -1.96061e-05  0.000262976 
216 3.35269e-05 0.906048 0.00737926 0.0325263 0.00214506  -0.00317415  -0.00189418  -0.000376942  0.00269365  0.00320754  -0.00133831  -0.000750004  -0.00319364  0.00243927 
217 -8.36498e-06 0.483493 0.000743211 0.0320068 0.000151101  -0.000139896  -7.45782e-05  0.000156058  0.000219833  0.000441131  -7.20997e-05  -0.000309788  0.000319293  0.000184409 
218 -0.000186695 0.265083 0.0132462 0.0321372 -0.00475914  0.00490765  0.00207098  -0.000995984  0.00048658  -0.00705908  -0.00340924  -0.00320041  -0.004303  0.00574436 
219 -0.000430788 0.295191 0.0187902 0.0349215 -0.0010802  -0.00268342  0.00682769  -0.00273584  0.00695586  -0.0111512  0.00309784  -0.00430732  0.00175881  0.00930718 
220 0.000144213 0.608029 0.00789446 0.040625 0.00448721  -0.0006661  -0.00172031  -0.00181889  0.00383265  -0.00161309  -0.0018855  -0.00232332  0.00023725  -0.0030291 
222 -9.60362e-05 0.24436 0.00991014 0.0388097 0.00362297  0.00460184  0.00257212  -0.00283263  -0.00264111  -0.000687561  -0.00327118  0.00266345  0.00226038  -0.0043493 
223 1.80158e-05 0.888874 0.0052937 0.0400279 -0.00123168  0.00354392  -0.00113224  0.00325071  -0.000408515  -0.000129359  0.000494817  0.001213  -0.000313377  0.00031581 
227 0.000339017 0.626022 0.0130736 0.0398022 -0.00285156  -0.00199481  0.00230961  0.00117364  0.00114731  -0.00340519  0.00174652  0.0100315  -0.000131952  -0.00595708 
229 -0.000220765 0.467143 0.00538909 0.0352882 7.75666e-05  0.00206618  0.00182357  0.00177833  -0.00290278  0.000499089  0.00208738  -0.000969324  -0.00202383  -0.00045985 
231 8.6346e-05 0.639195 0.00693377 0.038289 0.00145428  -0.000811371  -0.00179469  -0.002576  -0.000215915  -0.000711788  -0.000944976  0.00582292  0.000305506  -3.66934e-05 
236 0.000168666 2.69416 0.0384699 0.0371443 -0.00180416  -0.0242272  -0.0018492  0.00642109  0.0078866  0.00357741  0.0219758  -0.00510086  0.00385181  -0.0156934 
240 -3.05899e-05 -0.765701 0.0124447 0.0348002 0.00457806  -0.00143714  0.00116515  0.00342818  -0.00354787  -0.000203851  -0.00656542  0.00346418  -0.00636054  -0.00324745 
242 0.000178553 0.750589 0.013378 0.0352369 0.00296548  0.00883536  -0.00327422  0.00460076  0.00144516  0.00283446  0.00123805  0.000226092  0.00493257  0.00491813 
243 6.07409e-05 0.746244 0.00773485 0.0326053 0.00185285  -0.000137711  -0.000937695  0.00127322  -0.0022487  -0.000566527  -0.00503493  -0.0038466  -5.65846e-06  -0.00288982 
246 0.000216886 0.5735 0.00798627 0.0316601 0.000187336  0.00226246  -0.00348225  -0.00208731  0.00134056  -0.00447796  -0.0034361  0.000330357  0.00289346  8.11607e-05 
247 -8.38987e-05 0.479582 0.00261839 0.0280268 0.000321424  0.000815063  0.0010501  0.00138273  0.000185841  -0.000345506  0.000369984  -0.000848764  0.00139957  0.000321939 
250 -0.000107694 -0.145597 0.0166769 0.0294857 -0.00544286  -0.00106883  0.00866914  -0.00382306  0.00410638  0.0078581  0.000812708  0.00870875  -0.0012356  0.000969666 
251 2.55273e-06 0.902125 0.00202634 0.0312587 -0.000818923  -0.000651495  0.000168771  1.31095e-05  -0.000236052  0.000454884  -0.000372581  0.000450392  0.000525888  -0.00144964 
254 -7.33402e-05 0.4756 0.00267601 0.0312178 -0.000677233  -0.000790666  0.00108112  -0.000282671  -0.000735074  0.00025126  0.000796594  -0.000601517  0.000442313  -0.00174156 
255 -0.000228489 0.471641 0.00509386 0.0323712 0.000739849  -0.000950569  0.00237581  0.00365647  0.00077409  0.000925405  0.00123336  -0.000866061  0.00109264  -0.000749331 
256 8.16185e-05 0.523929 0.00279558 0.0357269 -0.000579536  0.000989187  -0.000579767  0.000244184  -0.00150081  0.000390154  -0.00158806  0.000377147  0.000454355  0.000910961 
257 -7.79196e-05 0.426042 0.00480155 0.0345658 0.00271727  -8.18846e-05  0.000980396  -0.00340111  -0.00104098  -0.000906556  0.000475104  0.00046642  -0.000822997  0.000331495 
258 0.000115636 1.97742 0.0261397 0.0356752 0.00108827  0.00906096  -0.00688267  -0.00947943  -0.00449887  -0.000445081  -0.00577657  -0.0191761  0.00345145  0.00541502 
259 -6.8146e-06 0.387391 0.00175202 0.034016 0.000399414  -0.000210136  -5.39429e-05  -0.000728323  0.000375439  -0.000418638  0.000163372  -0.000217283  -0.00136536  -0.000279684 
260 0.00019207 1.29566 0.0247225 0.034116 -0.0145692  0.0094152  -0.00506906  0.00189015  -0.00514469  -0.00377445  -0.00239322  0.0143497  0.00384689  -0.00372444 
264 -6.52608e-06 0.474954 0.000808594 0.0311745 -1.79867e-05  0.000192253  0.00011582  -0.000242477  -0.000154051  0.000257358  9.84376e-05  9.56722e-05  -0.00046708  0.000466217 
268 -3.81134e-05 -6.63776 0.0329856 0.031279 0.00201843  -0.0180227  0.00422352  -0.00390233  0.0218671  0.00221076  -0.0100944  0.00144709  0.01142  -0.00293749 
269 -0.000481061 0.431045 0.0115253 0.0318825 -0.0025622  0.00586702  0.00612732  -0.0036196  -0.00296809  -0.000917897  -0.0046991  0.00306651  -0.000138237  0.000209857 
272 0.000434738 0.549927 0.0093218 0.0386997 -0.00233309  -0.000277798  -0.0037179  0.00164461  -0.00113216  -0.00194594  0.00649542  0.00047108  -0.00415622  -0.000304755 
275 5.07809e-05 0.516936 0.00185509 0.032604 0.000112321  -0.000428633  -0.000841237  0.000287278  0.000290217  0.00105216  0.000316855  0.00056134  0.000567014  0.000725636 
276 3.12913e-05 0.648625 0.0043131 0.0318158 -0.00244269  2.84823e-06  0.000480887  0.000663533  -0.00176021  0.000886005  0.00176627  -0.00181576  -0.00119252  -0.000492327 
277 0.000198976 0.662046 0.0113568 0.0313202 0.000433588  0.000306758  -0.00255962  0.00854481  -0.00181045  0.000865547  -0.00159494  0.00533427  -0.00131313  0.00351863 
278 1.77815e-05 3.62661 0.0149123 0.0279642 -0.000578713  0.00271605  -0.00550651  0.00910692  0.00620093  -0.00126507  -0.00411836  0.00144067  -0.00617188  0.00205564 
279 -0.000140659 0.433222 0.00613058 0.0276445 0.0023942  0.000771084  0.00450613  -0.00232486  0.000655727  0.000666518  -0.00150238  -0.00124589  0.000878978  -0.000301487 
285 2.05519e-05 0.525971 0.00146123 0.0300813 1.94514e-05  -0.000160344  0.000324236  7.94569e-05  -0.000516915  0.000319608  0.000377473  -0.000916616  0.000364968  0.000715857 
286 7.99723e-05 0.525244 0.00284218 0.0297377 0.000649655  0.000734196  -0.000978372  -0.00163617  0.000470732  0.000835927  0.00113428  -0.0010151  -0.000491456  -6.09773e-05 
287 -0.00017421 0.368726 0.00956554 0.0283613 0.00492078  0.00272152  -0.00179044  -5.73232e-05  -0.00037566  0.00399794  -0.00582238  0.00208575  0.000265449  -0.00149138 
289 -0.000982704 0.254923 0.0310514 0.0312824 0.00495683  0.00499275  -0.0100165  0.000419924  0.0236491  -0.0109676  -0.00197678  -0.0064925  0.00148027  0.00929351 
291 0.000370079 0.809652 0.0214089 0.0442919 -0.00293445  -0.00204694  -0.00948521  -0.00397349  -0.00260582  0.00288211  0.00412282  0.00239604  -0.0169667  0.0037517 
292 0.000188893 0.779424 0.0145299 0.039897 0.00731694  -0.00515189  0.00121112  0.00776551  -0.0017999  -0.00361449  0.00467728  -0.00407779  0.00376947  0.000499453 
293 9.18437e-07 0.523243 0.000292214 0.0374552 -3.74518e-05  -0.000205731  1.72297e-05  -9.26783e-05  0.000137424  3.58478e-05  -4.90816e-05  2.65114e-05  9.68705e-05  1.04199e-05 
295 -0.000158918 0.441207 0.0061146 0.0374429 0.000736048  -0.000871863  -0.00162427  -0.0022971  0.00184512  -0.00154098  0.00180641  0.00260987  0.000336971  0.00349347 
296 -7.60427e-05 0.484333 0.00218372 0.0395083 0.00027435  0.000363516  -0.000150001  0.000385475  0.00073936  -0.000646586  -0.00133195  0.000928554  0.000185351  -0.000868761 
297 -4.1762e-05 -2.50099 0.0223895 0.0404592 -0.00615575  -0.00748138  0.00347826  0.0176153  -0.00286059  0.00724577  0.00137334  -0.00290063  -0.00271566  -0.00258271 
298 0.000441654 0.847398 0.0247716 0.0409721 -0.00926169  -0.00922273  0.00584088  -0.0137505  0.000774201  0.0109153  0.00491955  -0.00466535  -0.00171679  -0.00713767 
301 1.34655e-05 0.557206 0.00175537 0.0351732 0.00104319  -0.000288634  -0.000370194  -0.000451581  3.85689e-05  0.000223583  -0.000706238  0.000606387  -0.000309867  -0.000744868 
303 -0.00023629 0.42743 0.00828405 0.0349813 -0.00306102  -0.00450649  0.00213399  -0.00104222  0.00239046  -0.00274182  0.00396336  -0.0018468  -0.000101858  0.000972571 
304 -0.00023069 0.457333 0.00627714 0.0382101 -0.000464883  0.00169905  0.00281182  -0.000456999  0.00196099  3.93323e-05  5.46704e-05  0.00151231  -0.0039267  -0.00257457 
305 0.000353011 0.573132 0.0101641 0.0411184 -0.00107829  0.00140968  -2.80809e-05  -0.00892373  -0.00356295  0.0011014  -0.00135584  0.00184046  0.00113865  -0.000307575 
308 -0.000112722 -0.204167 0.0178189 0.0365756 -0.00765667  -0.00346273  -0.0060113  -0.00903096  -0.00721114  0.000304275  0.00432152  0.00103929  -0.00742607  0.0014862 
312 2.76021e-06 0.653716 0.00130275 0.0380855 -0.000525354  0.000233244  0.00048758  0.000991565  9.60059e-06  -0.000195777  0.000121939  -0.000139968  6.67173e-05  -0.000261694 
317 7.13106e-09 12.1539 0.000576557 0.0380492 -7.92427e-06  -8.25494e-05  0.000102055  -0.000406558  -2.00603e-05  -0.000176334  -0.000117034  -0.000131026  0.000135337  0.000262981 
319 -1.47803e-05 -0.512855 0.00773829 0.0380491 0.00106619  0.00179697  0.00473102  -0.000525944  -0.00195568  -0.00304431  0.00245068  0.00184236  -0.00155928  -0.00281641 
321 0.000552329 0.706459 0.0213573 0.0382429 -0.000514596  0.00193772  -0.00178136  -0.00766868  -0.0149651  -0.00555016  0.00145652  -0.00141236  0.00987781  0.00580408 
325 -0.000142056 -0.0772069 0.0181108 0.0301719 -0.0015887  -0.00415063  -0.0109258  0.00493945  0.00701893  0.00116464  0.0081123  0.002063  0.00378778  -0.00542624 
326 0.000101845 0.699019 0.00900427 0.0324408 0.00151171  0.00326754  0.00145858  -2.75067e-05  0.000940451  -0.00273544  -0.000378629  -0.00680337  0.00290127  -0.00166522 
330 -0.000118209 0.420952 0.00611439 0.0308313 0.000899312  -0.00303456  0.00309812  -0.000769392  0.0021013  0.00121412  6.12569e-07  -0.0023094  0.00222466  -0.00100307 
331 0.00019924 0.567191 0.00731864 0.0326922 0.00341641  -0.000775928  -0.000467164  -0.0015154  -0.00197577  0.00405535  -0.00274021  0.00220423  0.00163784  -0.00183698 
332 0.000244762 1.17405 0.0256869 0.0294883 0.00459082  0.00459686  -0.00859525  0.00802861  -0.0182683  -0.000872903  6.07187e-05  0.00644127  -0.00672548  -0.00761935 
334 -7.79263e-05 -0.882347 0.0207577 0.0249966 0.0013885  -0.00194353  0.00853904  -0.00452278  0.00187518  4.69912e-05  -0.00115977  -0.0109559  0.0143417  -0.00110711 
337 8.48565e-07 1.09865 0.00142547 0.0265096 -0.000215174  -0.000439965  -0.000629491  -0.000351997  0.00083426  -0.000442167  -0.000543554  -3.09763e-05  0.000285154  -5.20141e-05 
341 -8.43825e-05 0.234509 0.00946665 0.0264936 0.00148839  -0.0025169  -0.00136714  -0.00114438  0.00394793  -0.00783037  -0.000990401  5.00596e-06  6.32832e-05  -5.39401e-05 
343 9.86857e-06 18.3839 0.0265686 0.028041 -0.0124476  0.00691191  0.00286558  0.00253466  -0.00510877  -0.0046073  -0.0146439  0.00551348  -0.0140064  0.000436833 
344 -0.00051559 0.393441 0.0148306 0.0278645 -0.00360276  0.000482101  -0.00522923  -0.00543943  -0.00394542  -0.00252143  -0.0108853  -0.00142642  0.00264162  -0.000613387 
345 -0.000530963 0.278682 0.0216861 0.0359465 0.00545475  0.000311351  -0.00475062  0.000347041  -0.00189732  0.00747797  -0.0152188  0.000773348  0.00969343  -0.00566149 
346 -0.000163455 0.298948 0.0114662 0.0426996 -0.00388369  -0.00605256  0.00168982  0.00328689  0.00528178  -0.00473309  0.00168915  -0.00251636  0.00104027  -0.00235193 
347 3.83659e-05 0.550112 0.00277327 0.0445727 -0.000197461  0.00114961  -0.000804295  0.000931558  -7.23059e-05  -0.000805419  0.00146243  0.000338558  -0.00070801  -0.00118626 
349 0.000133164 1.06802 0.0173936 0.0441402 -0.00146031  0.000402447  0.00763712  0.00310427  0.00036638  -0.0094498  0.00960522  0.0039407  0.00568561  0.00165281 
351 -3.92539e-07 -120.33 0.0137738 0.0426052 0.000224636  0.00170224  0.000352738  0.0028903  0.012355  0.000330502  0.000857439  0.00450374  -0.0013886  -0.00160927 
354 0.000374989 0.569691 0.0102266 0.0426098 0.00391013  0.00434465  0.00265409  0.00244815  -0.00439315  -0.00155895  -0.000941836  -0.000464286  -0.00323194  0.00490939 
355 0.000274277 0.600517 0.0105023 0.0379563 0.00447493  -0.000451326  -0.00203398  -0.00610513  -0.000156557  0.0027508  -0.00190902  -0.00186589  -0.00491084  0.00313478 
357 3.53279e-05 0.527757 0.00198065 0.0341531 6.60692e-05  -0.00143503  -0.000338174  0.000193066  -0.000487258  0.000458394  4.4849e-05  -0.000161202  -0.00101209  0.000455858 
360 -0.000274444 0.0727589 0.0216585 0.033632 0.00206375  0.00692037  0.0004592  0.00293521  0.000145752  -0.0105681  0.0142211  0.00951479  -0.00125333  -0.00143697 
362 -2.373e-05 -3.19262 0.0187215 0.0374912 -0.00688827  0.011826  -0.0055997  -0.00156099  0.00195948  0.0083581  -0.00436204  0.00248734  -0.00465337  0.00297184 
363 0.000489834 0.898849 0.0279523 0.0378064 0.0112949  0.0020984  -0.0165336  0.00608042  0.000451405  0.00774172  0.00841263  -0.00780563  0.00339574  0.011647 
364 1.85533e-05 0.643304 0.00326116 0.030653 0.000189482  0.00160302  0.00205571  0.000812415  -0.000779532  -0.000372055  0.00122313  -0.000946314  7.70829e-05  -1.13729e-06 
365 -5.42371e-06 0.489628 0.000474371 0.0303489 8.07844e-05  2.52345e-05  1.0226e-05  -1.13921e-05  1.15715e-06  -0.000136217  0.000430647  -8.26498e-05  9.61685e-06  -8.18167e-05 
366 0.000205431 0.563748 0.00723867 0.0304381 -0.000515482  -0.00181565  0.00189635  0.00270741  0.00190422  0.00509581  -0.000682184  0.00193152  0.00105863  0.00173197 
373 0.000264581 0.980827 0.0225567 0.0268527 0.0117619  -0.00604255  0.0083633  -0.00014164  0.00520537  0.0119728  -0.00363493  -0.00582097  -0.00301218  0.0061133 
374 -0.000304596 0.216254 0.0185956 0.0213664 -0.00233219  -0.00714771  0.000813748  0.00895409  0.00388224  0.0019636  -0.00306651  0.0113708  -0.00606989  -0.00373617 
378 -0.000129031 0.0882959 0.0145776 0.0275892 -0.00158584  0.00255079  -0.00363185  -0.0113073  0.00105614  0.00338947  -0.00659827  0.00224133  0.000807109  -0.000789232 
379 -0.000210013 0.288908 0.0133179 0.0298363 -0.00601072  0.00362972  0.00594539  -0.00241525  0.00109679  -0.00242625  -0.00286075  0.000965209  -0.00130572  0.00830485 
380 -0.000158874 -1.76498 0.0379375 0.0331698 -0.00262873  -0.0181138  -0.0123409  -0.0182911  -0.011697  -0.0150133  0.0089913  -0.0019628  0.0119207  0.00532478 
383 0.000364546 0.924325 0.0248727 0.0354842 0.00956553  -0.000485113  -0.000889013  0.0103566  -0.0088984  -0.00347565  0.00849766  0.00383576  -0.00591897  -0.0143403 
384 -0.000542143 0.276493 0.0220214 0.0299106 0.0116313  0.00468328  -0.000168624  0.00440243  0.0110587  0.00278384  0.00202554  0.00966599  0.00481586  -0.00758549 
386 0.000362443 0.712471 0.0175509 0.0379069 -0.00861043  -0.00296742  0.00440262  0.00506927  -0.00011628  0.00409254  0.00405566  -0.00631211  0.00220157  -0.0101048 
387 0.00023355 1.00636 0.0217482 0.0327805 -0.0068465  -1.72265e-05  0.00231818  -6.58084e-05  -0.0106805  0.00736588  0.010322  -0.00527468  0.00686469  0.00842088 
389 -0.000120484 -0.509056 0.0220523 0.0290006 0.0109761  0.00346345  0.00191711  0.00135171  0.00782808  -0.00822828  -0.0113644  -0.000395455  0.00910297  -0.0026796 
390 4.51698e-05 3.96982 0.0250372 0.0310085 -0.00921034  0.000849143  0.00479966  -0.00905286  0.0143058  0.00377139  -0.00704873  -0.00690115  -0.00896739  -0.00630202 
391 0.000426668 0.879179 0.0254369 0.0302714 0.00558452  -0.00415233  -0.00445373  0.00487445  -0.0132338  0.00810719  -0.00366891  -0.00173938  0.00586157  0.0162267 
393 -0.000320493 0.387858 0.0119931 0.022131 0.000296332  0.00223034  0.00358255  -0.00221929  1.87246e-05  0.000627156  0.000981614  -0.00482968  0.00977898  0.000837053 
394 8.31596e-07 0.523687 0.0002807 0.0284662 0.000112104  -6.98412e-06  -3.97705e-05  0.000201873  -7.05553e-05  -0.000120092  -3.88204e-05  -4.7016e-05  1.62146e-05  -2.14896e-05 
399 -0.000241514 -0.243396 0.0267995 0.0284516 0.00686686  0.0109119  -0.0082956  0.00606568  0.00560876  0.00884265  0.0104429  -0.00503126  -0.0132165  -0.00526181 
404 0.000124294 0.568984 0.00585682 0.0324197 -0.00108474  0.0021925  0.00455919  0.000254992  0.000749905  -0.000241504  0.00038238  0.00131085  -0.00213847  -0.000639686 
409 -9.08959e-05 0.430765 0.00501777 0.0304426 0.00158444  -0.00119667  0.00107919  0.00139267  -0.000413451  0.00195439  0.00137091  0.000138744  -0.0023339  -0.00260673 
410 -1.40811e-05 -18.6273 0.0328206 0.0319007 0.00165673  -0.0053929  0.0183621  0.0128241  0.00506384  -0.0150487  -0.0139358  0.00259331  -0.00719273  0.00624248 
415 -0.000185374 -0.436738 0.0263555 0.0321206 -0.0118883  0.0106345  0.0102216  -0.00437308  -0.00539084  -0.00583941  0.0034013  -0.00172263  -0.014814  0.00440775 
416 -0.000108281 -4.17087 0.044974 0.0348873 -0.00286093  0.00359601  -0.0104439  -0.00205705  -0.0161745  0.0191082  0.00837914  0.00539685  0.0241917  -0.0240193 
418 -0.000779496 -0.240251 0.0480482 0.0364062 -0.00601454  -0.00853266  0.00890036  -0.00858063  0.0154126  0.0058312  -0.0290298  0.00667451  -0.0287751  0.00774384 
419 -0.000136905 -0.623569 0.0248051 0.0458826 0.0060048  0.0153635  -0.0165361  -0.00183245  -0.00159428  -0.00376307  -0.00311928  -9.46128e-05  -0.00452532  0.00441336 
420 0.000776091 0.558839 0.0135235 0.0473511 0.00147766  -0.00575987  -0.00735493  0.000872214  -0.00421086  0.000718337  0.00365087  -0.000322126  0.00666555  0.00406937 
421 0.000131894 0.552634 0.00527022 0.0382928 -0.00174525  -0.00264539  -0.00175346  -0.00116419  0.00131112  -0.00117461  -0.00113716  -0.000190392  0.00283995  -0.000898839 
422 0.000179958 0.753264 0.0135019 0.0365301 0.000136185  -0.00355679  0.00635536  0.0100232  -0.00183838  -0.00304028  0.00310145  0.00151945  -0.00193715  -0.000689709 
423 0.000103643 3.13918 0.0330746 0.0339781 -0.0122742  0.0023364  -0.00694449  -7.01104e-05  -0.00357072  -0.017162  0.023616  0.00428731  -0.00119388  -0.00218524 
424 2.51735e-05 0.511427 0.00107283 0.0324171 -0.000135906  0.000254834  -0.000261179  0.000353388  -0.00031223  0.000232409  -0.00017613  -0.000398965  0.000576965  0.00044707 
426 0.000286051 0.534371 0.00627396 0.0320265 0.0013486  -0.00275652  0.0012491  -0.00312327  -0.000469744  0.00188168  0.00192698  -0.00238883  0.00230782  0.000350975 
427 -0.000205563 -0.587463 0.0299029 0.0271972 -0.00891877  -0.000275558  -0.00612064  -0.00170679  -0.00698422  -0.0155087  -0.00760116  -0.0100652  0.0165045  0.00730784 
428 0.000356114 0.578977 0.0106085 0.0307453 0.000392344  -0.00612562  0.00256112  -0.0030305  0.000531461  0.00668183  0.000531782  0.000595044  0.00359396  0.000798684 
429 8.4622e-05 1.53178 0.0186874 0.0242739 0.00604522  -0.00308015  0.0132179  -0.00428493  -0.00394312  0.00233275  -0.00726202  -0.000316305  0.00591638  -0.00113212 
430 4.10164e-05 0.610327 0.00425457 0.0224634 -0.000397986  -0.00171567  -0.000725215  0.000325098  0.000629163  0.0010105  -0.000147611  0.00325054  -0.00153031  0.000145538 
431 -0.000226189 0.267031 0.0145198 0.0215311 -0.000324601  -0.00316824  -0.000128189  -0.00411726  0.00252249  -0.00118566  -0.0102429  -0.00152712  -0.00589648  0.00582459 
432 -0.000147955 0.321239 0.0102865 0.0262641 -0.000369595  -0.00568717  0.000458908  0.0024851  -0.000717651  -0.00256076  -0.00153025  -0.00268131  -0.00265918  -0.00657801 
433 6.45413e-05 1.59336 0.0168003 0.0289442 0.00152704  0.00336037  0.00538862  -0.006479  0.00393014  -0.0048311  0.0112632  0.00111649  0.00101116  -0.00544955 
434 -3.33463e-05 0.237047 0.00592242 0.027807 0.00169013  0.000728951  -0.000612441  0.000697388  0.00212231  -0.00186037  0.001203  0.00406757  -0.000820788  -0.00204804 
437 0.000129313 0.95217 0.0152929 0.0284003 0.00209206  0.00564766  0.00410367  0.00822113  -0.000961259  -0.00131317  0.000637733  -0.00317878  -0.00531041  0.00847422 
440 -0.000257756 0.211252 0.0172559 0.0260244 -0.00184289  0.00292092  -0.00169793  -0.013107  -0.00368709  0.00372051  -0.0014841  0.00132577  -0.00144502  -0.00881345 
446 0.000328172 0.635228 0.0133241 0.0305787 0.00616422  -0.000553989  -0.00949997  -0.000722833  -0.00240191  0.00409539  0.00400688  -0.00257739  -0.00113722  0.00138689 
447 -0.000113546 0.283372 0.00991965 0.0246362 0.00308012  0.0022281  -0.00579728  -0.00439234  0.00122419  3.00221e-05  0.00405001  0.00271765  0.00136654  0.00197274 
450 -0.000127092 0.322175 0.0095086 0.026842 0.00401938  -0.00367725  0.00266721  -0.00343469  0.000597514  0.000495939  0.00609371  -0.00175638  0.000112847  0.000995408 
451 -5.41096e-05 0.448419 0.00334155 0.0291135 0.000629838  0.000344406  -0.000328132  -0.000775627  -0.000834691  0.00174664  -2.81947e-05  0.00196244  -0.00135507  -0.000711164 
452 -5.67393e-05 0.432313 0.00391969 0.0300284 0.0011733  0.000867708  -0.00133283  -0.000425577  0.000136418  -0.000909954  -0.000630705  -0.002583  -0.00168512  0.000721747 
454 5.49024e-05 0.541198 0.00300812 0.0309588 -0.000263003  -0.000162818  0.000873266  0.000348017  7.06569e-05  0.000214691  -0.00017728  0.00112119  0.00247996  -0.000761312 
455 0.000111033 0.794764 0.0114416 0.030059 -0.000774742  -0.00154772  -0.00261119  0.00252844  -0.00527397  0.00500363  -0.0067883  0.00214359  -0.00203496  0.00265256 
456 -8.26135e-05 0.276287 0.0085984 0.0281517 0.00022118  -0.00215678  -0.0039109  -0.000371654  -0.00202492  0.00181455  0.00209915  0.000951996  0.00155294  0.00621944 
459 0.000144772 0.565801 0.00617349 0.0295827 -0.00176857  5.75922e-05  0.00167028  0.00145984  -0.000143547  0.00165759  -0.000227696  -0.00154785  0.0020139  -0.0045594 
464 -0.00010847 0.445578 0.00486003 0.0270254 0.0028021  0.0013062  -7.19146e-05  -0.00180418  0.000610695  -0.00172106  0.00173152  0.00168256  0.00120803  0.000422075 
466 2.78834e-05 0.581069 0.00300702 0.0289629 -0.000919897  -0.00197651  0.00103052  0.000770026  -0.000318167  -0.000452343  0.00111859  0.000469539  -0.00074255  0.000552774 
469 0.000229782 0.57171 0.00811968 0.0284775 -0.00159212  0.0028539  0.000966178  0.00062518  0.00499102  0.00325152  -0.00206719  -0.00285133  0.00239932  -0.000531497 
471 -7.21309e-05 -0.438133 0.0164523 0.0241083 -0.00468438  -0.00170696  0.00819427  0.000872062  -0.00316154  0.00169062  -0.000940088  -0.00858835  0.00944452  0.00110326 
473 -0.000182487 -1.08406 0.0340035 0.0255606 0.0098572  -0.00740457  0.00740283  0.016685  0.0153803  0.0160622  -0.00265421  -0.0108267  -0.00717304  -0.000889449 
478 7.14395e-06 0.551561 0.00121384 0.028911 0.000400295  -4.69466e-05  0.000576343  7.76169e-05  -1.62365e-05  -0.000708873  0.000274025  7.04445e-05  0.000505886  0.000366117 
479 0.000134727 1.30425 0.0208176 0.0287872 -0.00445118  0.00353075  0.00547371  0.00702291  0.00655584  -0.00199997  -0.0020072  0.0145763  0.00213814  0.00733239 
480 0.000148543 1.41441 0.0233078 0.0263436 -0.00716531  0.00285753  -0.0158176  0.00123194  -0.00278796  -0.00391138  0.00519279  -0.00635637  -0.00429578  0.0110968 
483 -0.000189111 -0.113293 0.0215396 0.0233549 -0.00474763  0.00439165  -0.00806432  -0.0102181  0.00178127  0.0034331  0.000536262  -0.00327301  0.0121478  -0.00889706 
485 -0.000129972 -0.259055 0.0198655 0.0271032 0.00116644  0.00606849  -0.00314118  0.0121722  -0.00238492  -0.00177116  -0.00304861  -0.0082557  -0.0101451  -0.0030372 
486 0.000561212 0.71709 0.0220754 0.0294035 0.00767526  -0.00206446  0.00799582  -0.00573846  -0.00998435  -0.00696621  -0.00249028  0.00677332  -0.00258244  -0.0109693 
488 -0.000509402 0.299479 0.0202187 0.0174215 -0.00226773  -0.00122819  -0.0075328  -0.0133805  -0.0044133  0.00252222  -0.00982799  0.00317087  -6.31044e-05  -0.00582046 
493 -4.58768e-05 -2.45309 0.0232785 0.0285139 -0.00975504  -0.0101593  -0.00144327  0.00557909  0.00310728  -0.00672705  -0.0014911  -0.00717651  0.00656377  0.0125933 
495 8.31008e-05 1.06961 0.0137598 0.0293073 -0.00296986  0.00144275  0.000453711  0.00193865  0.0035055  -0.00759737  -0.00303521  0.00967119  -0.000369768  -0.00125524 
496 2.73067e-05 0.818046 0.00589397 0.0278536 -0.000553096  -0.00127594  0.0007095  -0.00289718  0.000243778  -0.00104388  0.00245732  2.30286e-05  -0.00260337  -0.00315315 
501 0.000227275 0.577338 0.008386 0.027359 0.00176859  0.00281039  0.00163013  0.00263145  0.00250249  0.00540242  0.000654595  0.00308428  0.00201071  0.000533056 
