generation s h r distopt trait[0] trait[1] trait[2] trait[3] trait[4] trait[5] trait[6] trait[7] trait[8] trait[9] 
2 0.0115507 0.523359 0.0337473 2 0.00315585  0.0113882  -0.0145839  0.0136718  0.0108513  -0.0101488  0.00351136  0.00356564  0.0178755  0.00585633 
3 0.0987915 0.540024 0.139569 1.99713 0.0284235  -0.0555424  -0.0575071  -0.0795367  0.000650581  -0.0103945  0.0535693  -0.0282232  0.0192662  0.0425161 
4 0.0812419 0.498878 0.0519568 1.9734 0.0213229  -0.0405904  -0.0076436  0.0120936  0.00438947  -0.00129696  0.00137367  -0.0152678  -0.0115671  -0.00168648 
5 0.104974 0.491574 0.0402125 1.95351 0.0256308  0.0138351  0.0102276  0.00914226  -0.010359  -0.00277354  0.00918615  -0.0102124  0.00215305  0.0164985 
9 0.0662222 0.502536 0.0520152 1.92779 0.0169573  -0.0103234  0.00633855  -0.00329835  -0.0409825  4.08923e-05  0.00767121  0.0208661  0.00210409  -0.00906492 
11 0.0501154 0.501614 0.0388718 1.91109 0.0131276  -0.00450654  0.00347681  0.0145759  -0.025337  -0.00241128  -0.0152386  -0.0123146  -0.00503765  0.00606684 
12 0.083573 0.510525 0.0812168 1.89825 0.0256941  0.024052  -0.0333113  -0.0507044  -0.0271128  -0.00259974  0.013326  -0.0100237  0.0256295  -0.000351198 
13 0.065521 0.543555 0.114242 1.87699 0.0271667  -0.0632194  -0.0234538  -0.0658388  0.00904531  -0.0411202  0.029958  -0.00462087  -0.0111461  -0.0248181 
14 0.257469 0.502706 0.169278 1.86001 0.0647513  0.0452664  0.0306265  -0.00710469  -0.0183893  -0.0859454  -0.0102117  0.104018  -0.0129772  -0.0510647 
15 0.158341 0.508525 0.125672 1.79737 0.0380872  -0.0402359  0.0604662  0.00692328  0.0364437  0.0054803  -0.0746867  0.0322254  -0.0315729  0.00694542 
17 0.0401512 0.500376 0.0288798 1.756 0.0116485  -0.00403533  0.00564324  0.00584975  -0.0103168  0.00153083  -0.0108151  0.00545434  0.0152372  -0.0113286 
19 0.139633 0.492837 0.0692445 1.74475 0.0335964  0.0223028  -0.0226963  0.0324643  0.012541  -0.00766413  -0.0031202  -0.0362496  0.0074978  0.00190191 
20 0.0394419 0.497564 0.0192677 1.70689 0.0127226  -0.00842069  -0.0055609  -0.00595744  0.001443  -0.0025063  -0.00732955  -0.00198164  0.0024583  7.65769e-06 
23 0.0732689 0.51342 0.0793207 1.69552 0.0256459  0.0166136  0.000771947  0.00423572  -0.0397861  -0.0378758  0.00898669  -0.00982701  -0.00469841  0.0460716 
24 0.0478273 0.530561 0.0824455 1.67453 0.0193568  -0.00874931  -0.033488  0.0198675  -0.00719942  -0.0262188  -0.0513357  -0.00308187  -0.0373417  0.00716557 
25 0.101532 0.499281 0.0663011 1.66053 0.0347887  0.0104984  -0.000859418  -0.0276138  -0.0121795  -0.0136961  -0.00494068  0.0212719  -0.0220208  -0.0318491 
28 0.0449219 0.517912 0.0641253 1.63115 0.0123965  0.0115775  0.00717887  0.0221952  0.0108594  -0.0155021  -0.00925155  -0.0502417  -0.00178901  -0.0175761 
30 0.429817 0.50104 0.255056 1.61762 0.111237  0.0928834  0.0486524  0.003032  -0.044235  0.0972266  0.0838764  0.1142  0.0158871  -0.0996859 
34 0.13072 0.501202 0.0901753 1.50305 0.0463208  0.00804673  -0.0411883  -0.0195672  -0.000166344  -0.0269988  0.0363728  -0.0112768  -0.0131429  0.0386007 
35 0.101604 0.515852 0.103954 1.46161 0.0250034  0.00539055  -0.0345878  -0.0214813  0.0495091  0.0607728  -0.0226891  -0.0032662  -0.00985687  0.0415607 
36 0.127278 0.535513 0.155355 1.42812 0.0482284  -0.0558978  0.0607035  0.0141323  0.00101734  -0.0211548  0.0362972  0.0630941  0.0949679  0.00583909 
38 0.0235302 0.499364 0.0145358 1.38554 0.0081781  0.00123258  0.00549946  0.000332976  -0.00838246  0.00239705  -0.00118876  -0.00345157  -0.000944564  0.00472271 
43 0.0563018 0.611776 0.160962 1.37712 0.0295464  0.0560777  -0.0292555  -0.0245509  -0.0101261  -0.085131  -0.0390173  -0.0536122  -0.0767011  0.0529424 
45 0.0253656 0.50396 0.0266545 1.35709 0.011583  -0.00917981  0.0131747  -0.00801397  -0.00760833  -0.00457832  -0.0107361  0.00449943  -0.0062992  0.000436729 
46 0.0453352 0.573483 0.118286 1.34783 0.0162818  -0.00986164  -0.0143465  -0.00925675  0.0561741  -0.00225832  -0.0361753  -0.0218813  -0.0529575  -0.0747345 
48 0.167252 0.504 0.120064 1.33128 0.0633401  0.00134429  0.040876  -0.00997545  0.0716157  -0.00858638  0.0128208  0.0352902  4.22585e-05  0.0449328 
55 0.0734617 0.526643 0.100282 1.27187 0.0221565  0.0269427  -0.0339049  0.0488141  -0.0082957  0.00591747  -0.060703  -0.0173331  0.0233048  0.0259836 
56 0.271643 0.509589 0.194854 1.24369 0.092331  -0.0751566  0.00436683  0.0140995  0.024968  0.044086  -0.055701  -0.0973296  0.0429913  -0.0811522 
57 0.0133117 1.03453 0.168112 1.14301 0.00774642  0.0896182  -0.0247153  0.0307708  -0.0460399  0.039586  -0.00189771  0.0714182  -0.0919708  0.0369193 
63 0.0269662 0.509553 0.0370219 1.13721 0.00922181  0.0084314  0.00302724  -0.00146266  -0.0165891  0.0182864  0.0165993  -0.00242914  -0.000399936  -0.0176634 
65 0.174737 0.526792 0.173603 1.12545 0.0891408  0.0494188  0.0363726  0.0129259  0.0298901  0.0126531  0.0632949  0.110612  -0.0286744  0.011939 
66 0.0452327 0.55151 0.100408 1.05147 0.00213336  -0.0477861  0.00103362  0.052234  0.0317527  0.0329125  0.0325186  -0.0335874  0.0242756  0.0140678 
68 0.0446349 0.523075 0.0705771 1.03022 0.027595  0.0121745  -0.0105484  0.000750507  0.0160778  -0.0495714  0.0121081  -0.0174714  -0.00563827  0.0275704 
70 0.0383421 1.59605 0.402908 1.0088 0.101477  -0.042971  -0.140161  -0.140124  0.220197  -0.128365  -0.0720058  -0.0522  0.190614  0.0412697 
72 0.00349678 0.510103 0.012131 0.989975 0.000839786  0.0013751  0.00170295  -0.00200157  0.00118303  0.000921655  0.00328961  -0.0103871  0.00273046  -0.00303984 
74 0.0613129 0.547329 0.11409 0.988211 0.0246263  0.0170077  0.0793747  -0.0344763  -0.0190011  0.00138771  0.0483549  -0.00310649  0.0437855  -0.00198657 
75 0.248089 0.560615 0.278684 0.957629 0.12349  -0.0662108  -0.00383366  0.150795  -0.074765  0.0357328  0.0832178  0.0122373  0.144889  -0.0185143 
76 0.00661446 1.30917 0.145956 0.833931 0.0370672  0.00311532  0.0561721  0.0507378  0.0572569  -0.00434172  0.087233  0.0427181  0.0103562  -0.0367563 
77 0.10132 0.545744 0.149203 0.829969 0.107892  0.0646759  -0.0570462  -0.0149861  0.00626921  -0.0251174  0.0390519  -0.0113453  0.00347837  0.0249593 
79 0.0674586 0.533436 0.104157 0.769635 0.0210748  0.0352632  -0.0310214  -0.0282971  0.00168486  0.0146229  -0.0384303  -0.0324565  -0.0642871  0.0227616 
80 0.0221921 0.538144 0.0599022 0.725987 0.00888339  -0.0284029  -0.0113  0.0195528  -0.0360816  0.00155074  -0.015225  0.00140318  0.0243461  -0.00786407 
81 0.0221088 0.504247 0.0247103 0.71071 0.00925079  -0.0105605  -0.00347557  8.77043e-05  -0.00689375  0.00567929  0.00266058  0.00246603  -0.017485  -0.00165789 
83 0.0877249 0.684686 0.255226 0.695155 0.0844647  0.0242458  0.164242  0.0025683  0.047646  0.114654  -0.0542977  0.00384201  0.108277  -0.0182692 
84 0.0637507 0.671328 0.209825 0.631785 0.0983836  0.0820609  -0.122265  0.0714336  -0.0307364  -0.0283744  0.0473921  -0.019405  -0.0373908  0.0423231 
85 0.0231874 0.793406 0.164542 0.580819 0.0355263  0.0804116  0.0152947  0.0610641  -0.00582494  0.0957079  -0.0690243  0.0203702  -0.00397814  -0.0315292 
86 0.0404359 0.594664 0.12556 0.560739 -0.020223  -0.0114896  0.0613817  0.00499034  -0.0366739  0.00649449  -0.0504346  -0.00824746  -0.0583423  0.0634753 
92 0.0216937 0.598501 0.0931507 0.524203 -0.00668012  -0.0294974  0.00606764  0.00468979  -0.0137397  -0.0345193  -0.00833765  0.0473971  -0.0529198  -0.034737 
97 0.0705769 0.641652 0.201906 0.503316 0.125061  -0.0316697  0.0917293  0.0130231  0.029089  0.0820749  -0.0515328  0.0363821  -0.00978614  -0.0623014 
99 0.0227015 0.668129 0.123771 0.430267 0.0445383  -0.0747987  0.00881116  -0.00394055  -0.0316365  0.0459631  0.00827971  -0.00404903  0.0639334  0.0190193 
104 0.0183826 0.646609 0.104085 0.403338 0.0197785  0.00624756  0.016338  -0.0340371  0.0110012  0.0690794  0.0432048  -0.0301491  -0.0265222  -0.0246159 
105 0.0226134 0.551652 0.0697654 0.380087 0.0178778  -0.00405346  0.0163332  -0.00941847  0.0164424  -0.0158658  -0.00517993  -0.0330022  -0.0337894  0.0373618 
109 0.000511535 17.3933 0.185497 0.349435 0.0465425  -0.0985033  -0.0153183  0.0905412  0.00555319  -0.0661122  -0.0814097  -0.0380519  -0.00211624  0.0403224 
110 0.00480385 1.37524 0.129438 0.348702 0.00584946  -0.024711  -0.0392429  -0.0560281  -0.00108869  -0.0242456  -0.0314324  -0.0456558  0.0599911  -0.0645742 
111 0.046774 0.791084 0.232185 0.341761 0.0905713  0.0585151  -0.0152988  0.0221526  -0.00947448  -0.00500979  -0.023151  0.00563922  -0.199642  0.0319137 
113 0.0115422 0.623609 0.0757363 0.266623 0.0292292  -0.0299374  -0.00695257  -0.0104831  -0.0235995  0.030208  0.025378  0.0219547  0.0347857  -0.00464796 
118 0.00649928 0.910694 0.103195 0.244155 0.0204256  -0.0292218  0.0441635  -0.00637159  -0.0229757  -0.0458452  0.0540612  0.00578212  -0.00886422  0.0415054 
120 0.00856945 0.549223 0.041426 0.230507 0.00910736  0.00282649  -0.00598767  -0.0153838  -0.00113203  -2.48598e-05  0.0268789  0.00374357  0.00230543  -0.0246896 
121 0.0128947 0.628027 0.0814731 0.211188 0.0177265  0.00420635  0.0112508  -0.0544264  -0.0278722  -0.0161481  0.0160646  0.0196769  -0.0215899  -0.0326824 
122 0.00328015 0.664821 0.0465165 0.178292 -0.00109631  -0.0204093  -0.0136446  -0.00296702  0.000918228  0.012905  0.00985574  -0.0230356  -0.0112027  0.0251079 
124 0.00437287 0.568576 0.0347306 0.168859 -0.019476  -0.0120264  -0.0222177  0.00307464  -0.00530965  -0.00798193  0.0057387  -0.00458686  -0.00475634  -0.00326903 
126 0.00357105 1.04799 0.0883874 0.155403 -0.0301711  -0.025488  -0.0251129  0.00414049  -0.0212602  0.0334123  -0.0122813  -0.0306777  0.0470846  -0.0269686 
129 0.001079 5.22915 0.142649 0.143476 0.0490412  0.0324638  -0.0799224  -0.0855811  -0.0215168  0.027695  0.00333219  0.0258763  -0.0353538  0.00417515 
137 0.00110255 4.34172 0.129993 0.139667 -0.093265  0.0116751  -0.0325857  0.0507915  -0.00489245  0.00691559  -0.0213488  -0.0395979  -0.0423695  -0.02305 
139 -0.000107007 -3.33786 0.0405275 0.135665 6.45913e-05  0.0172023  -0.00543547  0.00835462  -0.00729341  -0.0232527  -0.0233631  0.00340504  0.00162321  0.00965697 
140 0.00828785 0.648783 0.0703069 0.136059 0.0127619  0.0312921  0.0217358  -0.0197244  -0.0312774  -0.0190057  0.0127821  0.0084723  0.0235651  0.0284525 
141 -0.000319343 -0.183563 0.0295509 0.101284 0.0158662  -0.00377856  -0.000965649  0.00528283  -0.014833  -0.00663871  0.0151659  -0.00148163  -0.00708824  0.00564534 
143 0.000974723 0.666418 0.0254745 0.102848 -0.00155752  -0.00985288  0.00706081  -0.00467926  0.00150907  -0.00786776  -0.0024209  0.017235  0.000148341  -0.0105161 
144 0.000454669 0.591104 0.0128744 0.0979974 1.43659e-05  6.56609e-05  0.000416657  -0.00381932  -0.00134026  0.00159045  0.00789129  0.00492658  -3.02563e-05  -0.00775341 
145 0.00318956 1.07331 0.0854469 0.09565 -0.0323812  0.0029102  0.055667  0.0361681  0.00654985  -0.00300433  0.000850685  -0.021686  -0.021828  -0.0289451 
146 0.000930683 0.919627 0.0395166 0.0772298 0.0105189  0.0170429  0.0112212  0.00663415  0.0118426  0.0196076  0.0148781  -0.00270192  0.0104053  0.0113529 
149 0.000848427 0.891536 0.0364463 0.070952 0.00362764  -0.0121723  0.0219296  -0.00542405  0.00794631  -0.00277785  -0.020793  -0.00122971  0.0118071  0.00354335 
150 0.000570582 0.796649 0.0260185 0.0647003 0.000524065  -0.0176066  -0.000903222  -0.00882098  -0.0162451  0.00262029  -0.00371205  -4.43386e-05  0.00134634  -0.00130625 
151 -3.28038e-05 -18.2099 0.049541 0.0601307 0.00873587  0.0318362  0.0149963  -0.00361739  0.0275898  -0.00744543  0.00767132  -0.00854054  0.00689535  -0.0114242 
155 0.00171701 0.641639 0.0311979 0.0604029 -0.00560504  0.00903848  -0.0124454  -0.0208598  -0.0041244  0.000395929  0.0126731  -0.00674328  0.00164923  -0.00664909 
159 -0.000277666 0.350621 0.0128828 0.0439655 0.00106674  0.00865519  -0.00504235  -0.00514312  0.00233407  0.00566864  0.000390545  -0.000552239  5.54218e-06  -3.5963e-05 
163 -0.000951405 0.240025 0.0314669 0.0470178 -0.0108255  0.00835973  0.0104094  0.00139245  -0.021544  0.0020961  0.0100757  0.0047757  0.00989277  0.00143651 
164 -0.000148782 0.430613 0.00642714 0.0562364 -0.00162279  7.67942e-05  -0.00114476  0.00237479  0.00225084  0.00407257  0.00165653  0.000515691  -0.00259361  0.00057421 
166 0.00136437 0.637863 0.0274359 0.0575441 -0.00313363  -0.0141348  -0.00661055  -0.000278597  -0.00682473  -0.0164219  -0.00169846  -0.00662814  -0.0103747  0.00535082 
168 -4.04685e-05 -4.76713 0.0291983 0.0441349 0.0091962  -0.00751122  -0.0139583  0.00491073  -0.00386726  -0.00814912  -0.00316354  -0.000721699  0.0190642  0.00610463 
169 0.000115753 3.39576 0.0366124 0.044591 0.0102105  -0.00119341  -0.0151912  -0.00629644  -0.00711876  0.010588  0.00863232  -0.00460628  -0.0262919  -0.00381986 
173 0.000596553 0.836134 0.0283186 0.0432737 0.00895056  0.00375498  0.00162171  -0.0222819  0.00913097  0.00575042  0.00175757  0.00345171  0.00123621  0.00869755 
178 -4.01212e-05 -0.19721 0.010578 0.0357244 -0.00137557  0.00329224  0.00245986  0.00189295  -0.0043509  -0.00284676  -0.00192726  0.00139653  0.00606543  -0.00447655 
182 0.00027934 1.3135 0.030146 0.0362816 0.00314872  -0.0125512  0.000615294  0.00332295  0.00510781  0.00568632  -0.011706  0.0150402  -0.0175356  -0.00086907 
184 2.21713e-06 0.500426 6.1514e-05 0.0322034 2.06253e-05  -4.64991e-05  9.632e-06  -5.35534e-06  2.09746e-05  -8.35905e-06  -1.44568e-05  -1.4149e-05  8.70657e-06  8.95232e-06 
190 -4.3759e-05 0.0980587 0.00838786 0.0321689 -0.00320277  0.00274092  0.000351508  0.00343603  9.98913e-06  0.000614349  0.000789678  0.00451206  0.00435636  0.00056414 
192 5.56727e-05 0.713227 0.00689083 0.032842 3.30263e-05  -0.00100517  0.00334392  0.00285786  -0.00173272  0.00307425  -0.00196059  -0.00303742  -0.000948388  0.000836863 
194 -0.000659205 0.209496 0.027684 0.0319833 0.00738336  -0.00257118  0.00793559  -0.00787653  -0.0151437  -0.0141433  0.00487567  -0.0036169  -0.0093135  -0.0052254 
197 -0.00046059 -0.685999 0.0467445 0.0410165 -0.0169602  0.0183051  0.0130468  -0.00401083  0.0231541  7.40456e-05  0.00965227  0.018941  0.0127156  0.0150429 
198 0.000440486 0.61876 0.014467 0.0462931 -0.00161571  -0.00670002  -0.00224586  0.00708266  -0.00388615  0.00844324  0.00206991  -0.00294762  -1.99872e-05  -0.00268741 
199 0.000337698 0.784478 0.0196022 0.0412633 0.00758994  0.000294129  0.00848436  -0.00153125  0.00482132  -0.00352921  -0.00408149  -0.0070302  0.00624741  -0.0105551 
201 -0.000884617 0.21995 0.0314905 0.0369461 -0.00450529  0.000356678  -0.00126405  -0.0025233  -0.000814761  -0.0191352  0.0185483  -0.0155535  -0.00230584  -0.00227529 
203 4.24636e-05 0.57068 0.00346495 0.0474344 -0.000617285  -0.00190818  0.000640087  0.000690205  0.00109345  0.000936774  0.000476121  -0.00139683  0.000163517  -0.00167924 
204 -0.000339748 0.387284 0.0123799 0.0469847 -0.00595163  0.00327354  -0.00318452  0.00529925  0.00160776  -6.55854e-05  0.00218534  -0.00325661  -0.00508086  0.00501143 
205 0.000503436 0.818576 0.0253267 0.0504715 -0.000357024  -0.0192538  -0.000556329  0.00475832  0.00449414  0.00156888  0.000138881  0.014003  0.00439299  0.00309795 
206 -1.86755e-07 0.41819 0.000247212 0.0452113 0.000153561  -0.000117725  0.000103299  -2.16576e-05  6.59704e-05  2.88407e-06  3.75732e-05  -7.03018e-05  -3.58502e-05  2.31085e-05 
207 -0.000185221 0.177663 0.0154547 0.0452133 0.0075795  -0.00395163  0.000426705  0.0017092  -0.00384002  0.00722714  0.00454053  -0.00399888  -0.00657104  -0.00398952 
209 0.000122457 0.509704 0.00218181 0.0472174 0.000134458  0.000701389  0.000657725  -0.000934265  -0.00097386  0.000101868  -0.00115401  -0.000305666  0.000374255  0.000648667 
210 3.84876e-06 5.1902 0.00849735 0.0459025 0.00175458  -0.00102455  -0.00396133  -0.00302583  0.00398571  -0.00153362  0.00229718  -0.00140583  0.00393214  -0.00150861 
211 -2.31271e-05 0.476124 0.00148626 0.0458605 0.000508019  0.000487008  0.000280066  -0.000556782  -0.000669973  0.000307252  0.000221804  -2.21026e-05  -0.000655671  -0.000549926 
213 -7.08536e-05 0.303277 0.00746715 0.046112 -0.00198235  -0.00125729  -0.0023501  0.0034513  -0.00286975  -0.000867943  0.000247195  0.00265536  -0.00123946  0.00389568 
214 4.08663e-05 0.589234 0.00381931 0.046874 -0.000207261  -0.00129274  -0.00187046  0.00188671  0.00029265  -0.00124169  -0.00140611  0.000302018  0.000311531  -0.00142193 
215 -0.00061995 0.351804 0.0191777 0.046436 -0.00433605  -0.00707773  0.00769972  -0.00797481  -0.00755963  -0.0085719  0.00107555  -8.47439e-05  -0.00610179  -0.00264298 
216 0.000684676 1.82547 0.0602281 0.052692 0.015663  0.00510238  -0.0170817  0.0210739  0.00330298  0.0146708  -0.0273099  -0.0164805  0.0332798  -0.0164026 
217 1.04332e-05 0.50402 0.000409658 0.0457384 -2.90004e-05  0.000146286  0.000119225  -7.78681e-05  3.79945e-05  4.80105e-05  -0.000303139  -0.000139894  -4.60489e-05  -8.92643e-05 
219 5.38713e-05 1.76522 0.0165112 0.0456242 0.00225178  -0.00383854  0.00318308  0.00534522  0.00372126  -0.000376514  -0.007425  0.00812564  -0.00886006  0.00068251 
223 0.000228451 2.07916 0.0379822 0.04503 0.0101142  -0.00485643  0.0105743  -0.0168467  -0.00998577  -0.0152663  0.00798103  0.00186962  -0.00203154  0.0227385 
224 0.000310654 0.677986 0.014872 0.0424179 -0.00355412  0.00463354  0.00437575  -0.00929517  0.00164424  0.000934643  0.000910254  0.00690184  -0.00182559  -0.00511403 
225 0.00016694 5.77441 0.0593314 0.0385833 -0.0321247  0.0231772  -0.0171174  0.0129936  0.0215292  0.028445  -0.0138782  -0.000205045  0.0042918  -0.0023464 
226 0.000213632 0.682999 0.0125052 0.0363558 0.0037599  0.000303957  0.00370515  -0.00444931  0.00363596  0.000458302  0.000250598  -0.000907542  -0.00956292  0.00169147 
227 -8.39285e-05 0.477325 0.00275977 0.0332887 0.00076711  0.00132946  0.000287978  -0.000292741  0.000383648  0.000491858  0.0014492  0.00157473  -0.000195232  -0.000290828 
228 8.19741e-05 2.81377 0.0275423 0.0345263 0.00917973  0.000393304  -0.00197374  -0.00409794  -0.0103251  0.00658692  0.0100136  -0.0169906  0.0105079  0.00202619 
229 -0.000958662 0.327412 0.0257398 0.0333181 0.00283151  0.0101994  -0.00294413  0.00699604  0.0100929  -0.00836243  -0.0147581  -0.00371521  0.00885125  0.00333667 
232 0.00020732 2.09609 0.0363768 0.0454887 -0.0112744  -0.0156559  -0.00577115  0.00744566  -0.0171672  -0.0209934  -0.00987818  0.00246955  0.00301626  0.00375428 
237 0.000165807 0.587572 0.00762159 0.04315 -0.000162287  0.000389605  0.00256822  -0.00343443  0.00174946  -0.00394821  -0.00142141  0.000258547  -0.0033447  -0.00275612 
239 -2.16339e-05 -1.07964 0.0116916 0.0411841 -0.000662822  -0.0024712  0.00580756  0.000888435  -0.00206172  0.00217456  0.00366403  0.000779032  0.00595954  0.00609128 
249 8.58581e-05 0.53595 0.0035142 0.0414459 -0.000557125  -0.00114243  0.00138071  -0.00096497  0.000566352  0.00211354  -0.000792501  0.000399028  0.000185446  0.00151231 
251 -0.000303384 0.248437 0.0174746 0.0403969 0.00363243  0.00820035  -0.00628334  -0.00068688  0.00394521  0.00290843  0.0107072  0.00136146  0.00591421  -0.00307716 
253 -0.000250268 0.230858 0.0164161 0.0439925 -0.000704211  0.00592373  -0.00334589  -0.000472888  -0.000331311  0.0055045  0.00325692  0.00465938  -0.00310869  0.0122512 
258 0.00027304 1.0954 0.0254984 0.0467508 0.00707878  -0.00569434  -0.0118613  -0.0176823  0.00772009  0.00144451  -0.00225703  -0.00140961  -0.00515512  0.00435153 
265 0.000162615 0.613679 0.00859942 0.0437337 0.00110675  -0.00120886  -0.00121223  -0.00547604  -0.00242047  0.00368713  0.00151549  -0.00224764  0.000210639  -0.00360009 
266 -0.000950198 0.340901 0.0246048 0.0418334 0.00933855  0.00371685  0.0118198  0.00820613  8.8666e-05  -0.00541679  0.00103221  0.00658293  0.0131407  0.00713413 
270 0.00018117 2.40219 0.0371232 0.0519681 0.0181387  -0.0106713  -0.00777013  -0.0170091  -0.00752812  0.00265494  0.00999947  0.00534361  -0.00799367  -0.0181493 
274 -0.000339112 -1.00966 0.045251 0.0501949 -0.0122096  -0.0062979  0.0187274  0.020833  0.00760127  0.00314122  -0.0111783  0.0237052  0.00177193  0.0177907 
275 0.000936893 0.551187 0.0138625 0.0534668 -0.00737667  0.0035763  0.00242982  -0.00331088  -0.00404149  -0.00129795  0.00191067  -0.00623184  -0.00687165  0.000611884 
276 0.000112697 0.720815 0.009977 0.0438434 -0.00186409  0.000889375  0.00012665  0.00461263  -0.00280838  0.00505857  0.000838319  -0.00570722  -0.00116858  0.00242186 
278 -0.000133896 0.459857 0.00463792 0.0425388 0.00201968  0.00025112  0.000123254  -0.000409343  -0.00214619  0.000405366  0.00242993  0.00210478  -0.00122225  0.000765781 
279 0.000286281 0.715215 0.0156986 0.0440847 0.00251045  0.00105193  0.00262236  -0.000422202  -0.00068989  -0.00401655  -0.000129546  0.00702021  -0.00588563  -0.0114644 
281 -0.000119217 -0.268444 0.0191431 0.0407089 0.00295618  0.00205959  -0.0108428  0.00146663  0.00052739  0.0072373  0.00512472  0.0019966  -0.00461697  -0.0113815 
283 -3.93599e-06 0.433209 0.00102546 0.0421478 0.000335339  0.000211966  0.000374432  2.04063e-05  0.000139128  2.28528e-05  0.000138468  5.13244e-05  -0.000753086  -0.000380456 
285 -0.000321672 -0.784746 0.0406576 0.0421945 -0.0120066  0.0156593  -0.00650919  0.00124097  -0.0181088  0.000565792  0.0032251  -0.0274891  0.011133  0.00123264 
289 0.00116358 0.575734 0.0187869 0.0458487 -0.00548617  -0.00889875  0.00895794  -0.00188639  0.00241626  -0.00666417  -0.00759513  -0.00312389  -0.00634275  -0.00139039 
290 -7.10564e-05 0.487017 0.00192162 0.0306463 7.2822e-06  0.000793119  -0.000257367  -5.45921e-05  -0.000976085  -2.13956e-05  -0.000881949  -0.000753107  0.000821216  0.000147421 
292 -0.000140664 -0.74246 0.02644 0.0317845 0.00426724  0.00195094  -0.00465612  -0.0156845  0.00796099  0.012957  -0.00428494  0.0102736  -0.00274295  0.00683247 
293 0.000109572 0.555964 0.00495309 0.0339253 -0.000552637  -0.00284657  -0.0035551  0.000745847  0.000695147  -0.000922629  -0.00066441  9.35563e-05  0.00019791  -0.00105158 
294 0.000119874 3.03234 0.0348424 0.0322701 0.0046101  -0.00918084  0.02314  -0.00699506  -0.00257844  -0.00457304  -0.0115997  -0.0134964  -0.0122387  0.00547807 
296 -0.00017681 0.320784 0.0112594 0.0303561 -0.00492113  0.00531125  -0.00389423  -0.00324893  -0.00102636  -0.00577601  -0.000567226  -0.00115489  0.000251976  0.00353432 
298 0.000695792 0.948498 0.035325 0.0331409 0.00308652  -0.0112684  0.0045948  0.0119773  0.017064  -0.0127433  0.0100087  0.00843485  -0.00621094  -0.016832 
299 -0.000967081 0.176576 0.0353834 0.0200691 0.0181085  0.0107137  -0.00680797  0.0166392  0.00557705  0.0135304  -0.00626956  0.00189464  0.0142057  0.00521517 
301 2.40851e-05 0.85332 0.00583428 0.0370178 -0.0012334  0.00296302  0.000243196  8.99701e-05  0.000880794  -0.00177594  0.00190133  -0.000642953  -0.000623755  -0.00391453 
303 0.000215932 0.545381 0.00626222 0.0366911 -1.45169e-06  -0.00111741  -3.06666e-05  -0.00234033  -0.00541315  0.000981194  -0.000778139  0.000561159  -0.00105139  -0.000444864 
307 -7.50098e-06 0.497906 0.000250738 0.0336203 8.4967e-05  0.000117858  0.000100935  2.02863e-05  -2.60604e-05  8.4492e-05  9.44469e-05  3.7124e-05  -0.000105223  -4.44089e-05 
308 0.000510352 0.737544 0.0220205 0.0337317 -0.00866409  0.00156197  -0.00294846  -0.00857068  -0.0118253  -0.00549725  0.00994922  -0.00566905  0.0003314  -0.00489432 
309 -6.33974e-05 0.0780482 0.0103444 0.025052 -0.00542492  0.00427829  0.00176762  -0.00408303  0.000971181  -0.00155377  -0.00318267  0.00420877  0.00171733  -0.00230816 
312 -7.01873e-07 -1.61677 0.00243779 0.0262869 -0.000523581  0.000229402  -0.000332114  0.00208647  -0.000612629  -0.000480227  0.000166324  -0.000597948  -0.000379639  0.000130933 
316 9.52759e-06 0.504052 0.00039303 0.0263003 -0.000214479  8.00076e-06  -0.000159303  4.25534e-05  9.34082e-05  0.000129088  -3.94221e-05  -5.72402e-05  -0.000122856  0.000189489 
318 -0.000246617 0.431731 0.00820873 0.0261185 0.00482699  0.00114445  0.00117279  0.00227966  -0.00131051  0.00327179  0.00137226  0.00416183  0.000855055  -0.0019607 
319 4.49547e-05 0.654006 0.00526245 0.0304766 -0.00104339  0.000306708  -0.00172154  -0.00025362  0.00325745  8.86159e-05  -0.00174131  0.00232225  -0.00207596  -0.000359373 
322 -0.000105562 -1.57823 0.0296224 0.02973 0.00330038  -0.0133686  0.014488  0.000204458  0.0112448  -0.0114068  0.00527681  -0.00662381  -0.00821544  0.00906414 
328 0.000132492 0.748507 0.011476 0.0314554 -0.00100369  -0.0059314  -0.000884387  -0.00371968  -0.00356514  3.0169e-06  0.00160619  -0.00185697  -0.00642372  -0.00457042 
330 -0.000173949 -0.0507527 0.0195766 0.0292738 -0.00348838  -0.00135365  -0.00133647  0.00464189  0.00284431  -0.00404436  0.00568243  -0.00669124  0.0143464  0.00621109 
331 -1.89338e-05 0.0330517 0.00594683 0.0321079 -0.0015535  -0.00380808  0.0032515  -0.000800234  0.000934884  0.00110414  0.000288876  0.0010907  -0.00152997  -0.00123704 
332 -2.61152e-05 0.474209 0.00164151 0.0324015 8.51441e-05  -0.000977428  -0.000306818  0.00105367  6.01978e-05  9.8417e-07  0.000645156  -0.000232504  0.000214048  -8.87136e-05 
334 0.000154182 0.566059 0.0063835 0.032802 0.00298402  0.00145595  -0.00253255  -0.00272721  -0.00180261  -0.0002581  -0.0031151  0.000655416  0.00142819  -0.0006199 
336 -0.000455548 0.448628 0.00968159 0.0303612 0.00205248  -0.00125631  0.00292473  -0.00276202  0.00167316  -0.00677363  0.000974246  -0.00143399  -0.00187609  -0.00406851 
337 0.000105128 0.846869 0.0120772 0.037114 -0.00114587  -0.00165877  -0.00267088  -0.0019725  -0.0018442  0.000904022  0.00192117  0.00344145  -0.00934156  -0.00487355 
340 -0.000844706 0.389564 0.0193298 0.0356697 0.00793671  -0.00439346  0.0020634  0.00640584  0.00943507  -0.0079118  -0.00525065  -0.00012854  0.00668582  0.00470667 
341 0.000193809 2.15071 0.0357684 0.0460151 -0.0193026  -0.00157586  0.000961625  -0.00810744  4.04125e-06  0.00700624  -0.00852509  0.00313419  -0.0260041  0.00546306 
342 6.61866e-05 0.539553 0.00323626 0.0438589 -0.000809561  -0.000294034  -0.0011403  0.00146693  -0.000907741  0.00082491  -0.00135474  -0.00012627  -0.00113574  -0.00127816 
345 -7.85187e-05 -10.2098 0.0579861 0.0430978 -0.00759158  -0.00224144  -0.0171699  -0.000989822  0.012666  0.0378668  -0.00264211  -0.0238783  0.0288453  0.000647181 
346 -0.000177649 -3.24124 0.0515547 0.0439993 -0.00275608  0.00249504  0.000929149  -0.00391431  -0.0382857  -0.00838642  -0.00272652  0.00489077  0.01453  0.0291424 
347 0.00017103 0.694567 0.0115372 0.045974 0.00544978  0.00381299  0.0056482  0.00379039  0.00155011  -0.00392447  0.00296947  -0.00362378  -0.000147508  -0.00168056 
350 -5.28342e-05 0.325752 0.00606855 0.0440748 -0.000110349  -0.0051421  -0.00144574  -7.99809e-05  0.00189157  0.0016183  0.00117148  0.000454742  0.000708002  -1.01126e-06 
