generation s h r distopt trait[0] trait[1] trait[2] trait[3] trait[4] trait[5] trait[6] trait[7] trait[8] trait[9] 
3 -0.000164191 0.339875 0.010256 0.04 -0.00461414  0.00270977  0.00381081  0.00235452  0.00346374  0.00294615  -0.00298596  -0.00500265  -0.00127973  0.000477788 
5 0.000575103 0.810746 0.0267346 0.0813832 0.000483718  -0.00822794  -0.00536383  0.0148878  0.00204707  0.00850065  0.00523137  0.00761303  0.0121899  -0.00927462 
6 0.00364063 0.755672 0.0610028 0.0968563 -0.00582505  -0.0317318  0.00227122  -0.0285411  0.00469434  -0.000750632  0.0189015  0.0280067  -0.023868  0.0112615 
8 0.000322985 0.846169 0.0211467 0.110857 0.000917291  -0.00183941  0.0181328  0.00367884  0.00345327  0.00198626  -0.00429572  -0.00757804  -0.00289285  0.000712713 
10 0.0044817 0.629204 0.0481702 0.146971 0.0114137  -0.0290187  -0.0040278  -0.0228276  -0.00143453  -0.0159669  0.0106966  -0.0133346  0.00557583  -0.0151782 
12 0.00527198 0.764754 0.0746887 0.167832 0.00647231  -0.0380981  -0.0218809  0.0216648  -0.0129444  -0.0102762  -0.0188108  0.000854051  -0.0356402  -0.0351987 
13 0.0192813 1.04086 0.203189 0.168285 -0.0640523  -0.152112  -0.0125708  -0.00603193  -0.0208267  0.070645  0.0105367  0.0172354  0.0411131  0.0795487 
14 0.000913744 0.792916 0.0327167 0.0939734 0.0022205  -0.00218108  -0.0160003  0.0160308  0.00846363  -0.00282549  -0.0114603  -0.00172946  0.00469778  -0.0176546 
16 0.00158004 0.550685 0.0179254 0.09717 -0.0138963  0.00140973  0.00618256  0.0031127  -0.00505964  4.6459e-05  -0.00271984  -0.00159029  0.000269033  0.00653533 
19 0.00652521 0.791177 0.0871162 0.125171 -0.0142663  -0.037357  0.00544061  -0.00198137  0.0543255  -0.025885  -0.0341236  -0.0315094  -0.0085702  0.0102292 
20 0.00146836 1.24291 0.0660221 0.108473 -0.00641212  -0.0289118  -0.00521137  -0.014386  -0.0191266  -0.00597814  0.0135732  0.0159588  -0.0490312  -0.00180484 
21 0.00248364 2.20726 0.130028 0.111961 -0.0495684  -0.0475055  0.011297  -0.0113117  0.00100667  -0.00862172  -0.0456839  -0.0371548  0.0883298  0.0243476 
25 0.00382351 0.569173 0.0326046 0.13016 -0.00609997  -0.00567522  -0.00769545  -0.00221983  0.00774221  -0.00339385  0.00395495  0.0162267  -0.0200562  -0.013298 
26 0.000555438 0.50924 0.00454713 0.128623 -0.000706087  -0.00157498  0.00324701  3.76559e-05  -0.00076781  -0.00061337  -0.00028082  0.000199797  0.00214608  -0.00120935 
27 0.00301698 2.85282 0.168094 0.141909 -0.0297662  -0.0728459  0.033005  0.0862882  -0.0261091  0.0318641  0.00384915  0.0733949  -0.072151  -0.0349785 
28 0.000805998 0.516838 0.00738839 0.137578 0.00310116  -0.00125536  0.000130891  -0.00553762  0.00100299  -0.00175945  0.000985689  5.92405e-05  5.94048e-05  -0.0027627 
30 0.00519285 0.649572 0.0557761 0.155332 -0.00559846  -0.0176198  0.0170394  0.00761435  -0.000357257  -0.00722967  0.0205947  0.0129385  0.04115  -0.00914295 
31 0.00989979 0.928799 0.130036 0.149716 -0.012691  -0.124612  -0.0129799  -0.0264316  0.0104254  -0.00275573  -0.00873978  -0.00734773  -0.00201839  0.0101151 
32 0.00126886 0.549333 0.0158438 0.109683 -0.000282206  -0.000769326  0.00418897  0.00298934  -0.000970499  0.00495477  0.0102532  -0.00951749  0.000569788  -0.0015308 
34 0.00171981 1.05456 0.0617362 0.109684 -0.00514367  0.00192411  -0.0265841  0.00424682  0.00943283  -0.00833509  0.0142579  -0.0350716  -0.029368  -0.0245401 
39 0.0125317 0.890125 0.139515 0.165664 -0.0908098  -0.0445728  0.026005  -0.0324321  0.0635441  -0.00828249  0.0556406  -0.00156913  0.0104657  0.0137446 
42 0.00773483 0.554053 0.0411734 0.160494 0.0013554  -0.0302585  -0.0169959  0.00322352  -0.00951568  -0.000311863  0.00759782  0.00403256  0.00920611  0.0151393 
44 0.003021 0.831137 0.0632297 0.164428 -0.0039807  -0.038197  -0.0403225  -0.0125075  0.00621103  0.0109934  0.0148404  0.0182266  0.00409429  -0.00348521 
45 0.00159825 0.515485 0.0100094 0.168046 -0.00389426  -0.00543037  0.00151739  0.000726749  0.00374965  0.0021077  -0.00545432  -0.000806797  0.000467937  -0.00189239 
46 0.011094 0.592555 0.0643688 0.177204 -0.00841594  -0.0282393  0.0119809  -0.0183283  -0.0105178  -0.0360991  -0.0119613  -0.0275197  -0.0207404  0.00715905 
49 5.9399e-05 0.501129 0.000519562 0.189547 -4.87946e-05  5.50191e-05  0.000207858  0.000110791  -0.000334507  1.66069e-05  -0.000163667  -0.000157398  -0.000160908  -0.000139407 
51 0.0118892 0.557391 0.052746 0.224152 -0.0304497  -0.0274542  0.013336  -0.0126598  0.00487771  -0.0200982  -0.00984926  -0.00747234  -0.0110088  -0.00783215 
54 0.0105344 0.590594 0.0620525 0.248085 -0.0212214  -0.0197321  -0.0292674  0.000301578  0.000145889  0.0342943  -0.00228472  0.0132136  0.0163123  0.0230673 
56 0.00194659 0.759766 0.0449672 0.261483 0.00151582  -0.0211921  -0.0113594  0.0105891  0.0199912  -0.0187362  0.0216412  0.00629295  -0.00822811  0.00177438 
57 0.012559 0.529382 0.0392995 0.274812 -0.00594006  -0.0206918  0.00555643  0.00972618  -0.0146591  -0.0142624  -0.00443283  -0.0143817  -0.000734835  0.0176129 
58 0.026445 0.721125 0.152839 0.268474 0.0138083  -0.118662  0.0362031  -0.0489733  0.0465592  0.0260836  -0.0125268  0.0400958  0.027509  0.00312963 
59 0.0157132 0.554652 0.0594001 0.227246 -0.0416933  -0.0254827  -0.0145729  0.0111632  -0.0136862  0.00660788  0.00466168  -0.0101218  0.0147673  0.0151807 
64 0.0029873 0.77017 0.0568036 0.261665 -0.0112066  0.000821188  -0.0271752  0.00190928  -0.0353936  0.0190123  -0.0064111  -0.00308174  -0.0100768  0.0243298 
66 0.0238733 0.85689 0.183891 0.289432 -0.0421791  -0.105989  -0.0112167  0.00822235  0.0454985  0.0223364  -0.0129475  0.0117713  0.129406  -0.0314421 
68 0.0346459 0.583017 0.108963 0.26933 -0.0236875  -0.0685469  0.0162232  -0.0366088  -0.0283159  0.00946912  -0.0238056  -0.0183784  -0.0323121  -0.0465803 
69 0.00408563 0.660956 0.0513081 0.207276 -0.0167391  -0.0191392  -0.00873679  0.0311477  0.0150927  0.0203459  0.00824124  -0.0120165  -0.0091489  -0.00131808 
70 0.00998262 0.588141 0.0595806 0.207863 -0.00325326  0.00927863  0.0231207  0.0293871  -0.0355817  -0.00545198  0.0114922  0.00528733  -0.0103367  -0.022189 
72 0.00302418 0.869276 0.0668009 0.2119 0.00317494  -0.00712406  -0.0250784  0.0357836  -0.0378401  -0.00811481  0.00678189  0.0287935  -0.00912874  0.00600208 
81 0.0017948 0.843337 0.0496339 0.363147 0.0122293  -0.00634027  0.0156466  0.00602049  0.0238687  -0.0123236  -0.00622306  -0.00829322  -0.0163824  -0.0299204 
82 0.0121973 0.840482 0.128649 0.379519 0.0647546  -0.0855858  -0.0498724  -0.0104982  -0.0252627  0.0279939  0.00435351  0.00960736  0.0298774  -0.00305186 
84 0.00914342 0.622125 0.0669716 0.397331 -0.0110183  -0.00439558  -0.0276929  -0.0179134  -0.0180357  -0.0148934  0.00394611  0.00560143  -0.0507298  0.0094406 
85 0.0105148 0.664043 0.0831398 0.403261 -0.0231504  -0.021842  -0.00384782  0.0206071  -0.0347551  0.011109  -0.00400601  0.00347327  0.041044  -0.0491498 
86 0.0694134 0.601853 0.171726 0.406998 -0.101329  -0.0912875  0.0406692  -0.0318702  -0.0417897  0.0134443  -0.0554202  0.03969  0.0405134  -0.0019587 
87 0.00348703 0.71529 0.054796 0.328482 0.00147323  -0.0215441  -0.0263748  -0.00547698  -0.00659009  -0.0147476  -0.0143693  -0.0293891  0.0210885  -0.00590036 
88 0.0132656 0.65074 0.0895817 0.337356 0.00117857  -0.00971405  0.0247778  -0.03402  -0.00668085  -0.0537356  -0.0450832  -0.0125862  -0.0320995  0.00209864 
91 0.0264741 0.741764 0.159779 0.364111 -0.0647121  -0.00930583  0.0933254  -0.0206636  -0.0112693  -0.00730376  -0.0534867  -0.0168569  -0.0825193  0.0445391 
94 0.0147007 0.616641 0.0831233 0.376284 -0.0211722  -0.0276329  0.0207899  -0.0355958  -0.000862568  0.00649704  0.00414855  -0.0507711  -0.0365716  -0.00479691 
95 0.0160217 0.65655 0.100335 0.37278 -0.050551  -0.0065758  -0.0264328  0.0301373  0.0121961  -0.0012564  -0.00458263  -0.0678165  0.0185099  0.0273571 
102 0.0372962 0.567253 0.102507 0.453413 0.0206525  -0.0635732  -0.038271  -0.0173006  0.00345896  0.0224078  -0.0193686  0.0523447  0.0128678  0.0219285 
104 0.0234282 0.658998 0.122347 0.411054 -0.0378313  -0.0487673  0.00432319  0.0520037  -0.0375606  0.012069  -0.0198631  -0.00124125  -0.0723262  0.0353923 
106 0.016479 0.550738 0.0587307 0.381848 -0.00300341  -0.0253568  -0.0300129  -0.0204169  -0.0177935  -0.016941  0.0247235  -0.0127772  0.00997244  -0.00145999 
107 0.0153274 0.573288 0.0676184 0.35981 0.00378125  -0.0375752  -0.00312598  -0.0389612  0.00460199  0.0117407  0.0211168  0.0158417  -0.002496  0.0274987 
109 0.0258245 0.786544 0.171584 0.338012 0.0474114  -0.0392502  0.0562766  0.0258438  0.130796  -0.0235282  -0.0262285  0.0296075  0.0498599  0.0102918 
110 0.0250425 0.770153 0.164145 0.297918 -0.0118353  -0.0812216  -0.0608828  -0.0115117  0.0754185  -0.0862406  0.0391404  -0.00299841  -0.00133903  -0.0412208 
112 0.00385015 0.85693 0.0740945 0.253024 0.0201558  -0.0258782  -0.00707355  0.0363067  -0.00433765  0.0455596  -0.0107025  0.0279751  0.00647662  -0.00350038 
115 0.0162595 0.56949 0.0679014 0.245313 0.00911184  -0.0180911  0.0213537  0.014628  -0.0364121  0.00575495  0.0231723  -0.031685  0.0247234  -0.00438402 
116 0.0102185 0.553335 0.0471171 0.20988 -0.0248273  0.00226049  -0.00679146  0.00244075  0.0021172  0.00456048  0.0241883  0.0168057  0.00840656  -0.0241449 
119 0.00328177 2.11213 0.145182 0.184073 -0.0386337  -0.0359018  -0.0401548  0.0487038  0.00635835  0.0443876  0.0627305  -0.0807074  0.042314  0.00785862 
120 0.00650771 1.43081 0.15524 0.174947 -0.109501  -0.0224973  0.00616795  -0.039776  -0.0704743  -0.0108473  -0.0604105  0.0253867  -0.00464559  -0.0241431 
121 0.00525968 1.4963 0.144448 0.155306 -0.00504905  -0.0631322  0.0621296  0.0548107  0.0324608  0.00958846  0.0438029  0.0810786  0.0171666  0.00754886 
123 0.00298701 0.755507 0.0552408 0.137383 0.0124021  0.0292497  -0.00954409  0.00265227  -0.0377354  0.00438469  -0.0112918  -0.0137006  -0.00552148  0.0124572 
124 0.0016463 1.52841 0.0822338 0.126062 -0.020055  0.00542612  0.0256651  -0.0434684  0.00851816  0.000106398  -0.00494437  -0.0364112  -0.0120436  0.0470606 
125 0.00215532 0.618882 0.0320313 0.119359 0.00468263  -0.00295717  0.0153346  0.00318287  -0.00243653  0.0118182  0.0166776  0.0154439  -0.00549735  -0.00758719 
129 0.00530913 0.954112 0.0980852 0.109971 0.0390445  0.00169205  0.00761134  0.0183253  0.00522125  -0.0232804  -0.0108391  -0.0488158  -0.0380031  -0.0564417 
130 0.00119447 0.735341 0.0335307 0.0824528 -0.0047447  -0.0121481  -0.0112647  0.00325211  0.0014958  -0.00835932  0.00328455  0.0256591  -0.00812235  -0.00307986 
131 0.00166548 1.06736 0.0614504 0.0748647 -0.0242494  0.0147279  -0.0111437  -0.00524806  0.0144083  -0.0280971  0.0157393  0.0258006  -0.0291401  0.00773927 
140 0.000566046 2.57203 0.0684656 0.0627744 0.0338127  0.0056499  0.0345617  0.0106364  -0.0046665  0.0197215  -0.00295598  -0.00829576  0.0414019  0.0015134 
142 -0.000100819 -0.828335 0.0231449 0.0580925 -0.00773777  -0.000605191  0.010392  -0.00612223  -0.0034866  -0.00468708  -0.00265899  0.00240563  -0.0164485  -0.00352606 
143 0.000315302 1.17395 0.0291516 0.0589539 0.00192262  -0.00476388  -0.00238331  -0.0210123  -0.0139871  0.0070154  0.00892979  0.00215077  0.00550366  0.0040889 
144 -3.56562e-06 -4.08004 0.00808222 0.0562166 0.00372014  -0.000619016  0.00399679  0.00218972  -0.0022946  -0.00289547  0.00332395  0.000846397  -0.00135577  0.00175453 
146 2.82171e-05 15.3102 0.0408807 0.0562483 -0.0270266  0.0116527  -0.00705635  -0.0199504  0.00524117  -0.00519349  -0.00035814  -0.0027964  0.00231418  0.0170132 
147 0.000600436 0.547371 0.0106732 0.055997 0.0029201  0.000559666  -0.00514201  0.00444387  -0.000339014  -0.00205592  0.00202581  -0.00512547  0.0023263  0.00433129 
149 0.000414394 1.37829 0.038149 0.0503528 0.0126334  0.0203025  -0.00201045  -0.0104926  0.0202009  -0.00144872  0.0161759  0.0071232  -0.00128288  0.00672256 
150 -0.000306048 -0.723765 0.0387056 0.0460553 0.0162884  0.00682404  0.0113414  0.0065739  0.00504308  0.00803451  -0.00583928  -0.0246951  -0.00397052  -0.0162695 
152 0.000272416 0.599773 0.0104278 0.0492665 -0.00289656  -0.00434305  -0.00376893  0.0012078  -0.000398265  0.000743602  0.000507052  0.00193022  0.00332612  0.00707575 
153 -0.000220884 -0.118804 0.0233834 0.04642 -0.00152311  -0.00284364  -0.000754358  0.00229118  0.0105625  0.011904  0.00621951  0.00594887  -0.00655085  -0.0126611 
154 -0.000240484 0.488685 0.00330369 0.0487414 -0.00123303  0.00136479  -2.05265e-05  -0.00166629  0.00149274  0.00153635  -4.94558e-05  -0.000366339  0.000167236  -3.40088e-05 
155 0.000928637 0.651465 0.0237224 0.0511491 0.0013215  -0.00340195  -0.0126264  -0.00383421  -0.000168205  -0.0180341  -0.00426336  0.00558949  -0.000719636  -0.000335309 
157 0.000222823 0.825872 0.017042 0.0410856 -0.00240497  0.000691452  -0.0160589  0.00100455  -0.00226898  -0.000605935  -2.1419e-05  -0.00222824  -0.00248218  -0.00293755 
158 -0.000295229 -0.0898784 0.0263948 0.0382783 -0.000790938  -0.0163467  0.00460068  -0.00830413  -0.0146915  0.00738337  0.00491208  -0.00358909  -0.00169771  -0.00533578 
160 -0.00019892 0.0632222 0.0186434 0.0419583 -0.0021112  0.00515895  -0.00587566  -0.00715208  -0.00461375  -0.00699878  0.00347568  0.00894077  -0.00763519  0.00320069 
162 0.000261246 1.00338 0.0229336 0.0442656 0.0055631  -0.00247232  -0.0125596  0.0134605  -0.00822265  0.00236715  0.00304743  0.00767779  -0.00288535  0.000432526 
168 0.000351995 0.567507 0.00975151 0.0412096 0.000256738  0.00274923  0.0037685  0.000827544  -0.00220278  -0.00559301  -0.00300582  0.000484579  0.00497179  -0.00156807 
172 -0.000211434 0.414233 0.00851853 0.0366919 0.000503189  -0.00347189  -0.00166086  -0.00121593  -0.00510273  0.00154164  0.00227039  -0.00110538  0.000426234  0.00458786 
174 1.81089e-05 2.0508 0.0105986 0.0394684 0.00411041  0.000743661  0.00195336  0.0014864  -0.00112103  0.00166205  0.00229315  -0.00341646  0.00210447  -0.00796737 
179 -2.46276e-05 -29.9051 0.0547187 0.0392383 0.00225084  6.77534e-05  0.0292436  0.0129428  0.0121188  -0.0185219  -0.0169918  -0.021149  -0.00798535  0.0260129 
180 -5.1312e-05 0.469819 0.00248919 0.0395509 0.00048624  -0.000606478  -0.00079568  -0.000891004  0.000799859  -0.00120089  -0.000616997  4.56206e-05  -0.00072447  -0.00108411 
181 0.000598501 0.598779 0.0153811 0.0401944 -0.0013847  0.00777484  -0.00353868  0.00462628  -0.00106629  0.00573627  0.00984242  0.0014968  -0.00262152  -0.000511358 
185 -3.08333e-06 0.496345 0.000212322 0.0318946 9.63784e-05  -6.12076e-05  -7.26889e-05  -2.98756e-05  4.26094e-05  0.000131091  -9.9323e-06  7.59824e-07  -3.33567e-06  8.22109e-05 
186 -0.00012713 -0.168109 0.0184326 0.0319429 -0.00773697  -0.0077434  -0.00132031  0.0088736  0.00437156  0.000487636  0.00641237  -0.00629474  0.00233908  0.00582188 
187 -0.000281339 0.443362 0.00798665 0.0338745 0.00293797  0.00133039  0.00246424  0.00266702  1.49312e-06  0.000293789  0.0024823  -0.00048311  -0.0058049  0.000144983 
197 0.00100985 0.652187 0.0247971 0.0378003 -0.00517827  0.00654284  -0.00643101  -0.00834014  0.00244757  0.00313636  -0.00550354  0.0074954  0.00767919  -0.0165254 
202 8.42165e-06 0.838312 0.00337588 0.0204824 -0.000145363  -0.00220298  -0.00127842  0.00141853  -0.000789498  -0.000217183  9.45475e-05  0.000895556  -0.0011726  0.000138886 
205 -0.000578523 -0.0110601 0.0343944 0.0202758 0.00537003  -0.00571377  -0.00988616  0.00761077  0.00171687  -0.0118633  -6.21628e-06  0.0269753  0.000249075  0.00971662 
208 -0.000899384 0.24976 0.0300159 0.031461 -0.000968748  0.000649204  -0.00586114  -0.013625  0.00620954  -0.0016502  -0.0198314  -0.0107016  -0.00897524  -0.007068 
209 0.000572537 1.13489 0.0381245 0.0434694 0.00344619  -0.0106042  0.0178675  0.00917521  -0.0112303  -0.00596878  0.00827927  -0.0100901  0.0232493  0.00728635 
210 0.000292268 0.959051 0.0231645 0.0362934 0.00723835  0.0142315  0.00569731  0.00249928  -0.00807567  0.0108397  0.00563626  -0.00155488  -0.00152624  0.00487106 
213 -0.000327982 -0.375558 0.0338932 0.0320154 -0.00560362  0.00150515  -0.0137373  0.00291283  -0.010726  0.0161107  0.00905901  0.000304703  0.021473  -0.000188095 
215 -7.04874e-06 0.462079 0.00103402 0.0367835 0.000285668  0.00021086  0.000296049  -0.000728677  6.7634e-05  -0.000301562  -0.000209124  0.00010915  0.00041547  2.72947e-05 
216 4.36276e-05 0.662289 0.00532178 0.0368792 0.000866444  0.00207315  -0.00198319  -0.000566169  -0.000585954  0.00145934  0.00164876  0.000128645  -0.00361314  0.000869674 
217 5.83457e-06 0.504467 0.000322911 0.0362829 -1.60394e-05  -0.000143264  3.05178e-05  -0.000220198  0.000136019  2.78961e-05  -1.40798e-05  -8.66527e-05  5.43501e-05  -6.42725e-05 
220 0.000119783 0.534048 0.00403978 0.0362024 -0.000169217  0.000792995  -0.000467646  0.000136756  0.00290051  -0.001747  0.0010279  0.000681764  -0.000964549  0.0012281 
227 9.69188e-05 0.568579 0.00515652 0.0345085 -0.000935081  -6.36908e-05  -0.000492294  0.0023668  0.00220901  -0.00110292  -0.00189412  0.00125948  -0.00252524  0.00149001 
228 0.000112032 0.613626 0.00713595 0.0330745 -0.00241685  -0.000920633  0.00234488  0.00049744  9.34904e-05  0.00522081  7.57094e-05  0.00192487  -0.00076787  -0.00263081 
230 -3.72814e-06 0.492259 0.000339779 0.0313352 -0.000134664  8.32502e-05  8.04575e-05  8.3529e-05  -1.63341e-05  -8.82855e-05  0.00011836  -0.000162271  1.50474e-05  0.000168243 
231 -0.000444264 -0.519027 0.0425554 0.0313947 -0.0146138  0.00269818  -0.00589437  0.0107457  0.00738949  0.0064534  0.00854344  0.0130671  0.00397666  -0.0329257 
232 8.22056e-05 0.721977 0.00854345 0.0378152 0.000831006  -0.00150722  0.000567197  0.00230053  -0.00531129  -0.00103314  -0.00435161  -0.00213836  -0.00107669  0.00323553 
233 -9.72829e-05 0.405434 0.0060667 0.0367122 0.0018475  0.00135769  0.00149427  -0.00191336  -0.000560828  0.0027012  0.000389068  4.13494e-06  -0.000354858  -0.00421499 
236 0.000133015 2.4347 0.032081 0.0380141 0.0178534  0.00287509  0.00144226  -0.00710397  -0.00320781  -0.00474281  0.012334  0.00175209  -0.00471357  0.0209627 
240 -1.49537e-05 0.113545 0.00480791 0.0362225 -7.23532e-05  -0.00289295  -0.00171504  0.00112607  -0.000791975  -0.00108688  -0.0011158  -0.000889348  0.000103018  0.00258401 
242 0.000371026 0.537967 0.00751032 0.0364283 -0.00215375  -0.00355745  -0.000320336  -0.00288508  0.00360117  -0.00308305  -0.00237958  -0.000513062  0.000280339  -0.00148548 
244 -5.60437e-05 -0.333887 0.0136726 0.0309203 0.00241005  0.00521986  -0.00431114  0.00184146  0.00726157  0.00267656  -0.00748103  -0.00239135  0.00321364  -2.2681e-05 
245 -0.000759491 0.181115 0.0311336 0.0318137 -0.0138057  0.0112576  0.0071357  -0.0138179  -0.0152082  0.00865087  0.0053975  0.00509379  -0.000226317  0.00699004 
246 0.00010537 0.803035 0.0113013 0.0420938 -0.000307176  -0.00120493  -0.00264433  0.00542317  -0.00166145  -0.00239163  -0.00585512  0.00525708  -0.00111891  -0.00425665 
247 0.000121616 0.608327 0.00725954 0.0408231 -0.00290201  -0.000662028  0.000673778  -0.00118955  0.00229486  0.00413419  -0.000281882  -0.00336803  -0.00276462  -0.000740187 
249 6.68981e-06 0.554766 0.00121058 0.0393054 0.000144555  0.000434016  -0.000237604  -0.00060599  0.000603359  0.000172996  -8.33314e-05  0.000182431  -0.000605205  0.00017916 
252 0.000588088 0.672363 0.0201368 0.0392202 0.00248546  0.00542698  -0.00259142  -0.00256602  0.00778346  -0.00752048  0.00201385  -0.00409635  -0.0103041  -0.0106024 
256 -0.000525369 0.390897 0.0151482 0.0308271 -0.00591327  -0.00309631  -0.00079509  0.000482423  -0.00541246  0.00426735  0.000713387  0.00624389  -0.00973725  -0.0014953 
258 0.000400497 0.993165 0.028105 0.0384163 -0.0144677  -0.0182651  0.00102533  -0.00329593  0.00900022  -0.00492675  0.00466207  -0.0100559  0.00201324  0.00169119 
259 3.96496e-05 0.825929 0.00718966 0.0327933 0.00375842  -0.00251486  -0.00184649  -0.00122475  0.00209677  0.00132046  0.00101933  -0.00193387  0.00128377  -0.00371004 
261 -1.80554e-05 -0.0729567 0.00643274 0.0321831 -0.000374141  0.00255713  -0.001024  -0.00315542  -0.00107106  0.000461101  -0.00346055  -0.00314985  -0.000660799  -5.18331e-05 
262 7.90657e-05 1.18377 0.0147051 0.0324624 0.00508291  0.000326237  0.00410277  -0.00112786  -0.00517334  -0.000919176  -0.00997186  0.0022156  -0.00629082  -0.000814525 
263 0.000140566 0.673873 0.00988757 0.0312209 -0.000955687  -0.00115463  0.00319683  0.000358487  0.00431777  -8.41474e-06  0.00402282  0.00554939  0.00441088  0.000302207 
264 -0.000228073 0.364204 0.0111321 0.0288823 0.000951333  -0.00527887  -0.00128993  0.00108452  0.00662985  0.00340028  -0.00258716  0.00302042  -0.00372899  0.00265956 
266 -0.000440832 0.400247 0.0132676 0.0325927 0.00492219  -0.00146196  -0.00410322  -0.000608187  0.00875489  0.00671322  0.00313295  0.000522764  -0.000757086  0.000283203 
268 0.000333642 0.573475 0.0099043 0.0387713 0.002101  0.00342573  -0.0011897  0.00344051  0.000792634  -0.00564493  -0.000413157  -0.00407886  -0.00315894  -0.003068 
269 -0.000432979 0.040119 0.0282252 0.0341998 0.00898358  0.000552125  0.00657633  0.00935178  -0.0133543  0.00206773  -0.0164358  0.0037374  -0.00257279  -0.0105646 
270 6.24986e-05 0.742332 0.0077834 0.0400337 0.00273187  0.00237133  0.00104715  -0.00117117  0.00239373  -0.00175075  0.00245954  -0.00206319  0.00093692  -0.00500478 
272 0.000166022 1.29444 0.0229676 0.0392454 -0.00578205  0.00865948  -0.00407742  0.0069083  -0.00697265  -0.00588292  -0.0104469  -0.00530634  0.011397  0.00208029 
275 -5.06938e-05 0.447498 0.00326309 0.0370701 0.00242861  -0.000175797  -0.00108567  -0.000411715  -0.000350077  -0.000495982  -0.00137054  -0.000965167  0.000290842  0.000327745 
276 -0.00011288 -1.05847 0.0265267 0.0377477 -0.00481792  0.00603846  0.00524369  0.00253362  0.000556561  0.00564345  0.0144524  -0.0139809  -0.0126558  0.00366206 
277 -8.76002e-05 0.109846 0.0116926 0.0392145 0.00407549  0.00367905  0.00465055  -0.00523797  0.000214514  0.00149001  0.00338602  0.000533914  0.00304558  -0.00584953 
278 0.000860512 1.00416 0.0416483 0.040316 0.00743389  -0.00808057  0.00831926  -0.0014988  0.00971678  -0.00512415  0.0102972  0.00145713  0.028104  0.0228889 
280 -5.06388e-05 -1.40464 0.0196415 0.027663 0.000867112  0.00368031  -0.0134312  -0.00721264  0.00209945  -0.00467071  -0.00703012  0.00191732  0.00588679  0.0050096 
283 -3.30538e-05 -1.1141 0.0146085 0.0285636 -0.00642736  0.00493147  -0.00178526  -0.00575895  0.000809913  -0.00652142  -0.00216195  0.0053395  -0.00131592  0.00577266 
284 -0.00206312 0.297308 0.0409417 0.0291365 0.00160656  -0.0128358  -0.00368748  0.00556901  0.00191952  0.00408959  -0.0260646  0.00491837  -0.00500143  0.0267449 
285 -0.000101424 0.0844692 0.0129842 0.0539832 0.00164611  -0.00471914  0.00359029  0.00181096  -0.0059141  -0.000859625  0.00694932  -0.00148977  0.00244425  0.00593611 
288 -0.000144083 0.344452 0.00946906 0.0549146 0.00357735  -0.00176971  -0.000526795  -0.00570982  0.00175611  -0.00201465  0.000488809  -0.00313985  -0.00454211  0.0017272 
289 -0.000404215 0.396189 0.0129599 0.0562113 0.00189008  -0.00467263  0.0077473  -0.00267998  -0.00503141  -0.00340352  -0.00205187  0.00209537  -0.00458224  0.00297557 
292 -0.000604086 0.0602995 0.0326011 0.0596993 -0.00205127  -0.0118962  0.00472747  0.00358613  0.0259077  0.00523227  0.00966656  0.00946861  -0.000380379  0.000255219 
295 0.000436898 0.565079 0.0106677 0.0645622 0.00217114  0.00843157  0.00318721  0.000979658  -0.00194522  -0.00139204  -0.00213952  0.00303717  0.000308084  -0.00269421 
296 0.0013011 0.70535 0.0326915 0.0610858 0.00314186  0.000765546  -0.0115642  0.00623127  -0.000164627  -0.0107146  0.0218807  -0.00996632  0.00837001  -0.0110787 
297 -0.000291073 0.338748 0.0137044 0.0493074 -0.00138338  -0.00132484  -0.00621169  0.00375033  -0.00752657  -0.00177212  0.00367171  -0.00218455  -0.00402144  0.00610533 
300 0.000585279 0.786805 0.0259107 0.052176 -0.00189726  -0.0028292  -0.0144419  -0.00437217  0.000323528  0.00762424  -0.00630633  0.00986849  -0.00285563  -0.0151172 
301 0.000549548 0.569337 0.0123499 0.0462301 -0.00255482  0.00285694  0.00337294  -0.00195881  -0.00438569  -0.000498821  -0.000900935  0.00654839  0.00177208  -0.00750345 
303 -0.000188392 -0.320844 0.0248714 0.0398475 -0.010095  -0.00563091  0.00832002  0.00636731  0.00330858  -0.00697333  -0.00129172  -0.00821803  -0.0116229  0.0105516 
304 -0.000211721 -0.663232 0.0313867 0.0421454 -0.0159337  0.0105907  -0.00406621  -0.00510538  -0.00622366  0.00237307  -0.0154043  0.0119961  -0.00902334  -0.00833642 
306 -6.2084e-05 -0.25639 0.0137055 0.0445868 -0.0059949  -0.00493395  0.00514171  -0.00417298  0.00393219  0.000216651  0.000934439  0.00175503  0.00747602  -0.00289055 
308 -2.53361e-05 0.471884 0.00168812 0.0452776 0.000591539  -0.00133635  -1.42337e-06  3.66683e-05  0.000159297  -0.00023692  -3.13488e-05  -7.81893e-05  0.000656951  0.000438724 
309 -0.00014539 0.485539 0.00290192 0.0455566 -0.00130898  -0.000411101  -0.00156051  0.00138882  -5.39543e-05  0.000460351  0.000639444  0.00113632  0.00014664  0.00048806 
310 0.000795889 0.719675 0.0264448 0.0471254 0.0149534  0.00269671  0.0101324  0.00142886  -0.00899887  0.0104825  -0.00228343  -0.00302448  -0.0105807  -0.00682387 
312 -5.88897e-05 0.402136 0.00480157 0.0377522 0.00204548  0.00063869  -0.00321878  1.74207e-05  -0.000890819  0.000546435  -0.00227709  2.44408e-05  0.00116364  0.00068585 
313 0.000123109 0.526485 0.0036123 0.0385243 1.49712e-05  0.000912399  -0.000587391  -0.0016192  -0.000798382  0.000966463  0.000500563  -0.00116012  0.000138022  -0.00246216 
314 0.000434406 1.18431 0.034478 0.036892 0.00781927  0.000951126  0.012853  -0.0101641  -0.0096513  0.0024818  0.00314046  -0.023661  0.00414506  -0.0131143 
316 5.21797e-05 0.668534 0.00593098 0.0304419 0.00172575  -0.00334277  -0.000899789  0.000427033  0.00256605  0.00043836  0.0022769  -0.000613515  0.00206587  -0.00185123 
317 0.000237257 0.737388 0.0150094 0.0295724 -0.00174722  -0.00566901  -0.00218776  0.00825952  -0.00112916  -0.00371579  0.00960623  0.00293954  0.00101837  -0.000217567 
319 -6.48647e-06 -0.398361 0.00482792 0.0252448 0.00287825  -9.7135e-05  0.00129629  0.00125328  0.00165226  0.000888399  0.000383225  3.62709e-05  0.00220887  -0.00179372 
320 9.60793e-05 1.2735 0.0172408 0.0253729 -0.00273381  0.00759698  -0.00336957  -0.00699415  0.00774394  0.00559659  -4.78137e-05  -0.00476252  0.00471373  0.00596602 
321 -0.000346809 0.436898 0.00936009 0.0234032 0.0023365  -0.00118784  0.00253734  -0.00500552  0.00558258  0.00353644  0.00130325  0.000208718  0.00137383  -0.00139526 
322 0.000151204 0.635267 0.00904522 0.0299095 0.00212313  0.00402081  0.00211505  0.00528713  -0.0024044  0.000417698  -0.00191321  0.000214443  0.0026225  0.00348923 
324 -6.84507e-08 0.491501 4.82382e-05 0.0272651 -1.23212e-05  1.10637e-06  2.27799e-05  9.17435e-06  -5.64097e-06  3.18062e-06  -2.09151e-05  2.34672e-05  1.13768e-05  2.028e-05 
325 -0.000712686 0.0666675 0.0351543 0.0272664 0.00323719  0.0183311  0.013384  0.00719033  -0.0101629  0.00066227  0.00577848  0.0126809  0.00886705  -0.0167911 
326 1.38669e-05 0.551285 0.00168662 0.0381628 8.33186e-05  -0.000471713  7.25324e-05  -0.000373823  0.000661739  -0.000281084  0.000525365  -0.00069638  0.000979064  0.000483537 
327 -0.000134841 0.439543 0.00571134 0.0379806 0.00041776  0.00159979  -0.00248632  -0.00082511  0.000269412  -0.000308708  0.000128158  0.00160341  0.00136026  -0.00429155 
332 0.000422556 0.612981 0.0138206 0.0397162 -0.00232516  0.000633825  0.000222893  0.00400966  0.000639032  0.000559678  -0.000508716  -0.000422342  -0.00411863  0.0122862 
334 1.89603e-05 0.503623 0.000524392 0.033984 3.2524e-05  -1.36283e-05  -0.000106464  -1.7688e-05  0.000220317  -0.000276327  -0.000367714  -9.80476e-06  -3.11462e-05  -3.03292e-05 
339 8.50228e-05 0.648383 0.00710386 0.0337039 0.00260447  -0.00373278  0.00108098  0.00088651  0.0029652  -0.00312089  0.0015444  0.00241102  -0.000965041  0.000362878 
341 0.000366028 1.45328 0.0373533 0.0324181 -0.0144703  -0.00364953  -0.0125178  0.00252927  0.00097756  0.000755492  0.000307696  -0.0176846  -0.0247643  0.00904621 
342 -0.000479975 0.244349 0.0221591 0.026172 0.00354549  -0.00440587  0.0065612  -0.0078517  0.0128483  -0.00743628  -0.000615193  -0.0059691  -0.00866565  -0.00478191 
344 4.6757e-05 0.515845 0.00172175 0.034133 -0.000497672  0.000328099  -0.000407045  -0.000585172  -0.000220506  -0.00105436  -0.000664005  -0.00034479  0.000470166  0.000399831 
346 -0.000156705 -0.278469 0.0220903 0.0334411 -0.00695081  -0.00669051  -0.000504666  -0.00133317  0.0137391  0.000738319  -0.00255426  0.00260059  0.0130053  0.0045976 
348 0.000958159 0.628376 0.0221859 0.0357075 0.00827596  0.0078262  -0.00575501  0.000673536  -0.0118191  -0.00564542  0.00278333  0.0107256  0.00577812  -0.00107853 
