generation s h r distopt trait[0] trait[1] trait[2] trait[3] trait[4] trait[5] trait[6] trait[7] trait[8] trait[9] 
5 -6.57917e-05 0.487087 0.00184403 0.08 0.000521146  0.000637954  0.000977923  -0.000467438  0.00040387  -0.000566657  -0.000265302  0.000362155  0.000856736  0.000356783 
6 0.000437778 3.82843 0.0763088 0.100406 0.0133667  -0.0277533  -0.0151032  0.0388462  -0.0120171  0.031511  0.017754  0.0140292  0.0252654  -0.0291421 
7 0.00316797 0.561581 0.0280006 0.113265 6.20495e-05  -0.0158728  0.00543566  -0.00375301  0.00924716  0.00629242  -0.0183625  -0.00345266  -0.00334082  0.00175718 
8 0.0046593 0.575746 0.0376691 0.114298 0.00531672  -0.0231222  0.00467951  -0.0110618  -0.0139098  -0.000675802  0.00501554  0.0141555  -0.00535417  0.0162373 
10 0.00240913 0.631582 0.0356253 0.125457 0.015132  -0.000450525  0.000817255  -0.00737444  0.00464539  -0.0276531  0.003418  0.0121105  -0.00624062  -0.00116855 
11 0.000414494 0.518026 0.00547412 0.133966 0.000778772  -0.00165646  -0.000378596  -0.000953282  -0.0036465  -0.000254321  -0.00348112  6.8189e-05  0.000106547  -0.00026036 
12 0.000925435 0.548305 0.0133849 0.151238 0.00640519  -0.00150548  0.000565002  0.00682892  -0.00169918  -0.000291507  0.00485653  -0.00205419  -0.00745849  0.00158157 
14 0.00927159 0.907438 0.122699 0.186338 0.0784515  -0.0473348  0.00408514  -0.00741619  -0.0205284  -0.0291712  0.0290969  -0.0120131  0.0406216  -0.0517175 
15 0.00201825 0.586066 0.0263834 0.173579 -0.00077775  -0.00667433  -0.0118237  0.00726516  -0.00436231  -0.00655501  -0.000807512  0.000293122  0.00812813  0.0181535 
25 0.0488913 0.568699 0.119299 0.340783 0.000591957  -0.078248  -0.0236353  0.00272973  0.016332  -0.0140739  -0.0435847  0.0187795  -0.0499374  0.0482925 
28 0.0167781 0.535114 0.0497469 0.318909 -0.00770352  -0.0307622  0.00930882  -0.00750124  0.00095757  -0.00529595  -0.0171518  -0.0182633  -0.0205113  -0.0157723 
29 0.00159813 2.1345 0.102117 0.311041 0.0699944  0.00499476  0.00239172  -0.00658919  -0.0165977  -0.0261193  0.00139029  -0.0163075  0.0629605  0.0162793 
33 0.0134365 0.821331 0.131177 0.382533 -0.0347593  -0.0723827  -0.0392685  0.0504088  -0.0372797  -0.0556664  -0.0405728  0.0124052  0.01799  0.00803508 
34 0.0237616 0.519103 0.0454943 0.381624 -0.00223589  -0.0322887  0.0104191  0.0112578  0.00232332  0.0203572  -0.00546504  0.00520313  -0.00801857  -0.015679 
35 0.00141471 0.521405 0.0110472 0.36667 0.00103382  -0.00393806  9.35289e-06  -0.001964  0.00353091  -0.00491298  0.00107989  0.00165189  0.0076855  -0.00142846 
37 0.0190193 0.580676 0.0790737 0.399622 0.0126089  -0.0155541  -0.00289803  -0.051705  -0.00297348  0.0205956  -0.0334942  -0.0287504  -0.027205  -0.00695388 
41 0.07663 0.54864 0.130608 0.448012 0.0316155  -0.103292  0.00290539  -0.00414713  0.0484684  -0.0220327  -0.0110259  0.0418617  0.0086372  0.0241013 
43 0.0800237 0.588109 0.173174 0.39116 0.0324577  -0.12082  0.0332244  0.0384494  0.080594  0.0635838  -0.00764023  -0.00888099  -0.0159415  0.0287472 
48 0.00258937 0.537331 0.0197353 0.361291 -0.000491835  -0.006626  -0.0127692  -0.00800301  0.00417022  4.38017e-05  -0.00521245  -0.00584727  0.00399696  -0.00484857 
50 0.00705444 0.960143 0.113765 0.39354 0.000793237  -0.0379943  -0.0126996  0.0132916  0.0440494  -0.00180476  0.0336562  -0.0193835  0.00800882  0.0874302 
51 0.0210489 0.549434 0.0658301 0.401363 -8.59366e-05  -0.0330811  0.01229  -0.0166643  -0.00617826  -0.0261824  -0.00808471  -0.0113218  0.0313761  -0.0301464 
55 0.0536101 0.599383 0.148543 0.443135 0.0570092  -0.0619426  0.0679905  -0.0336198  0.0384113  0.0547551  0.0450963  -0.0432959  0.0163265  0.0240172 
56 0.00726632 0.541051 0.0348548 0.396247 0.0175686  -0.00556831  0.020114  0.00833789  -0.00663331  -0.0125019  -0.00928234  0.00175495  -0.0104113  0.00178045 
57 0.0124333 0.64354 0.0846442 0.403685 0.0147025  -0.0213996  -0.0521142  0.0286953  0.00541738  -0.0019713  -0.0170286  0.012067  -0.0414624  0.0276275 
58 0.0255995 0.698885 0.142749 0.40445 -0.0405694  -0.0763649  -0.0267401  -0.031221  -0.0265841  0.063179  0.0126889  0.054691  0.0492679  0.0305317 
60 0.00404275 0.531631 0.0227724 0.402802 -0.00302105  -0.0116601  -0.0031565  -0.0015907  0.00670903  0.00114105  -0.013274  -0.00663966  -0.00944855  -0.00226504 
62 0.0192511 0.75008 0.138601 0.429642 0.0212345  -0.0291873  0.0241582  -0.0188792  0.0508124  0.0487099  -0.0494867  0.0366653  -0.0165289  -0.0891415 
64 0.000785612 1.21979 0.0475468 0.438514 -0.0096874  -0.0157748  0.0351144  0.00615632  0.00923455  0.0108324  0.000122394  -0.0184409  -0.00773625  0.0066735 
65 0.0198441 0.536929 0.055628 0.453497 0.00162973  -0.0320659  -0.0229838  0.00978846  -0.00372403  0.00520373  0.0225958  0.00709996  -0.00319235  0.0287647 
69 0.00861328 0.517644 0.0253383 0.495754 0.00816093  -0.00179703  0.00783866  0.00883337  -0.0116556  -0.00638324  -0.00372933  -0.0120837  0.00979489  -0.000511916 
70 0.00540859 0.509364 0.0147164 0.503929 0.00772087  -0.00211773  0.00596381  -0.00315796  0.0025766  0.00592231  0.00589137  -0.00372375  0.00124272  -0.00388642 
71 0.0250398 0.516276 0.0437672 0.515658 0.0153355  -0.0214337  -0.0224839  -0.00206581  -0.0177306  0.0151223  -0.00707376  0.00841087  0.00437921  -0.00530848 
72 0.00473936 0.557546 0.0331569 0.50823 -0.00531424  -0.00685091  -0.0225634  0.00297813  0.00922845  -0.00164591  0.00518667  0.00797822  -0.00861575  -0.0159238 
81 0.0501842 0.530439 0.0845868 0.664948 0.0253981  -0.0429673  -0.0037734  0.0204181  -0.012301  -0.0266468  -0.0382479  0.00730188  -0.0192645  0.0385204 
85 0.0582977 0.526734 0.0875101 0.699928 0.00525958  -0.0456603  0.0296473  -0.0232582  -0.0324758  -0.0390521  -0.0122844  -0.0149788  -0.0164457  0.0300017 
86 0.00239184 0.504362 0.00667371 0.676497 -0.00270992  -0.00320944  0.000917099  0.00263309  0.00108024  0.000578816  0.0024355  -0.00324038  0.00106969  -0.000205268 
88 0.0720045 0.518388 0.086749 0.711564 0.01515  -0.0525423  0.0470542  0.0338395  -0.0226407  0.0081276  0.00898277  -0.0221996  0.00486781  -0.000301329 
89 0.0561043 0.532385 0.0924817 0.679229 0.0170665  -0.0439316  0.00183498  -0.0347499  0.00815241  -0.00903063  0.0402737  0.0216787  0.0490168  0.0218653 
91 0.0255332 0.524483 0.0527831 0.674176 0.0147387  -0.0142046  0.0193294  -0.0054114  0.0126637  0.0105726  0.018141  -0.025143  -0.0269538  0.00205712 
92 0.0065472 0.506646 0.0139565 0.673516 -0.00111614  -0.00604628  0.00522263  -0.00514571  -0.00531428  -2.61105e-06  -0.00490144  -0.00278665  0.00464663  -0.00464797 
94 0.0478128 0.507537 0.049981 0.705501 0.00164437  -0.0338807  -0.00818422  -0.00755633  -0.00419752  -0.00312514  -0.00708624  0.0158853  0.013812  -0.0265086 
95 0.0161737 0.524792 0.0414662 0.690121 0.0186257  -0.00143949  -0.0178158  -0.00965906  0.00156178  0.012529  -0.00524083  0.0154393  -0.0228536  -0.00349439 
96 0.0240002 0.509548 0.0344512 0.697083 0.00887757  -0.0123576  0.0046405  0.0068267  -0.000167495  0.00754718  0.0140833  0.0104534  0.0154317  -0.0168668 
98 0.0251469 0.519 0.0468546 0.717514 0.00923292  -0.0176753  0.0332621  -0.00282255  0.0106092  -0.00406474  0.00828433  -0.00123676  -0.0215798  -0.00429334 
105 0.0281057 0.563771 0.086301 0.756659 0.0261127  -0.00704828  0.0423576  0.0124514  -0.0407955  0.038609  0.0144656  0.00923167  -0.0127245  -0.0339969 
106 0.0251639 0.510737 0.0370936 0.738116 -0.000510643  -0.0198049  -0.015168  0.0175609  0.0158294  -0.00298128  -0.0068943  -0.00810749  -0.00719504  0.00452779 
108 0.0138217 0.529596 0.0414599 0.721084 0.0323932  0.0024972  0.00620431  -0.0038438  0.0133303  0.000422588  0.00272406  -0.0181484  -0.00890207  0.00402429 
109 0.00553187 0.572332 0.0401373 0.711502 -0.00263117  -0.0106715  -0.0108912  -0.0091363  0.0105962  0.00842292  0.00302386  -0.00187953  -0.0248695  0.0217649 
113 0.0146173 0.514631 0.0308941 0.707615 0.00685035  -0.00550478  0.00485416  -0.00168192  -0.017393  0.00354456  -0.00432748  -0.0170358  0.0115929  -0.00961245 
115 0.0228099 0.532475 0.0564168 0.697286 0.0083794  -0.0142601  -0.0308287  -0.00699646  0.0311082  -0.0181685  -0.0121872  -0.00522371  -0.0208621  -0.00103662 
116 0.00695248 0.525317 0.0269362 0.680921 0.00704464  -0.00411561  0.00525643  0.00801959  0.00118212  -0.00868622  -0.013475  0.0167239  0.0045046  -0.00294078 
117 0.0218097 0.509942 0.0330247 0.675815 0.00554172  -0.0148333  -0.0192528  0.00705919  0.00770402  -0.0142613  -0.00486279  0.011305  0.0022482  0.000387075 
118 0.0623631 0.580563 0.145846 0.659659 0.0550265  -0.0196445  0.059072  -0.00419168  -0.0861455  0.034042  0.0694676  -0.0110928  0.00184244  -0.0286031 
119 0.00640828 0.504162 0.0112581 0.61209 0.00732916  -0.004205  0.00444525  -0.00145906  0.00275457  0.000394551  0.0035463  -0.00330783  0.00148161  -3.78878e-05 
122 0.0104636 0.515586 0.0265158 0.60685 0.000197862  -0.00421198  -0.0204638  -0.00584522  -0.0015542  -0.00824003  -0.0116904  -0.000396553  -0.00491375  0.00104681 
123 0.00603169 0.562282 0.0389352 0.598212 0.0114826  -0.00416719  -0.00691497  -0.0219901  0.0121668  0.0140376  -0.0102207  -0.00730865  0.0180517  -0.00255478 
124 0.0536915 0.536271 0.0945857 0.593164 0.0434902  -0.0281106  -0.0477545  -0.0202116  -0.0438693  0.00672313  0.0238459  -0.000254622  0.0318037  0.00509489 
131 0.00926421 0.697118 0.0854798 0.547306 -0.00617861  -0.0283561  0.0572799  0.0106328  -0.00462038  0.00211452  -0.0385868  0.001065  -0.0354707  0.0172179 
133 0.0148849 0.51457 0.0311471 0.538816 -0.00906085  -0.01548  0.000403807  0.00803015  -0.00893707  -0.00856359  0.00197443  0.0118072  -0.0156011  -0.0066225 
134 0.0119 0.512647 0.0258525 0.524926 0.00141583  -0.0135127  0.00406537  0.00155705  -0.00807748  0.00151459  0.00788941  0.0165783  0.00771137  -0.000845163 
136 0.0110421 0.517516 0.0288036 0.513534 0.00637576  -0.00828147  0.000935393  0.0135987  -0.00418291  -0.0138736  -0.00793163  0.014443  -0.00402413  -0.00607761 
137 0.022433 0.622386 0.105316 0.502729 0.00847358  -0.0570543  0.018532  -0.02774  -0.0207304  0.0184197  -0.044675  -0.0447557  -0.0102631  0.0421699 
141 0.0127753 0.724295 0.10702 0.480157 -0.0281179  -0.0456848  -0.0291885  -0.0307154  -0.0463616  -0.027481  -0.00334518  0.010176  -0.0540336  0.0290049 
147 0.00474399 0.625366 0.0488242 0.466751 0.00203628  -0.0208662  0.022052  0.0173024  0.016628  -0.000162526  -0.0138305  -0.0172555  0.00830451  0.0180021 
150 0.0402784 0.549699 0.0928493 0.461653 0.051546  -0.0297753  0.00795151  0.0288065  0.00454133  -0.025729  -0.00605521  -0.00672231  -0.0429653  -0.0396726 
151 0.0128583 0.537996 0.0449771 0.416696 0.0201891  -0.0095021  -0.0145652  -0.00272806  0.00612034  -0.0164109  -0.0173642  0.00573064  -0.0152436  -0.0207836 
152 0.0235185 0.570242 0.082438 0.401072 -0.0140791  -0.0145736  -0.0312055  0.0244284  0.011088  0.0196186  0.0289731  0.00551681  0.0525432  0.0260076 
153 0.0176641 0.55044 0.0606994 0.370962 -0.0168612  -0.0273397  0.0211697  -0.00812951  -0.0237809  -0.00952926  0.0234048  0.00114516  0.00821564  -0.0294191 
154 0.000573633 0.503714 0.00294695 0.346559 -0.000880249  -0.00199299  -0.000662192  0.00056485  -0.000828747  0.000238078  0.000404788  -0.000459222  -0.00143497  5.1988e-05 
158 0.00454151 0.832184 0.0776308 0.34573 0.0301041  0.00800578  0.0124105  -0.028396  -0.0357359  -0.0312623  0.0052892  -0.0176778  0.032874  -0.0205006 
160 0.0051921 0.56749 0.037566 0.339114 0.00516738  0.0106112  -0.0165371  0.00757928  0.00691326  -0.0025488  0.011699  0.0120195  -0.0187859  -0.0158887 
161 0.0334977 0.533735 0.0706119 0.33139 0.0184514  -0.037369  -0.0225553  0.00679456  0.0181188  -0.0213806  0.000876888  -0.0183884  -0.00322044  -0.0394911 
162 0.000111089 0.508311 0.00192333 0.277255 0.000272979  -6.08481e-05  0.00082901  -0.00015938  0.000761744  -0.000732863  -0.000151928  -0.0001768  0.00126052  0.000384359 
164 0.0026102 2.1054 0.129261 0.277055 0.0204839  -0.0781837  0.0144503  -0.0209841  -0.000859246  0.00685631  -0.00772128  -0.0729438  -0.0265061  0.0582763 
166 0.00449687 0.746308 0.0665442 0.27231 0.0211462  -0.0105855  -0.0285669  -0.036821  0.00797375  0.0386391  -0.00480984  0.0012966  0.0089477  0.00596875 
168 0.0213446 0.606153 0.0958149 0.263943 0.0161762  -0.0202222  -0.0196191  0.038433  0.0336269  -0.052115  0.0495088  0.00344747  0.0015078  0.0183265 
171 0.0187568 0.609233 0.0910148 0.220331 -0.00123929  -0.0400213  -0.00985684  -0.0270646  -0.0119136  0.0280858  0.0443086  0.046844  0.0205509  -0.018442 
174 0.0106179 0.670192 0.0850849 0.173098 0.0387312  -0.025966  -0.0206858  -0.0159214  0.0232257  -0.00795296  0.0343127  -0.00661475  0.0394621  -0.0316649 
177 0.00366327 0.660934 0.0485784 0.139287 -0.00774168  0.00308058  0.00318921  0.00393875  0.0424239  -0.00259898  0.000880543  0.0096797  0.0136437  -0.0133264 
178 0.000368749 1.47615 0.037939 0.125477 -0.0231598  -0.0164328  -0.0124559  0.00720361  0.000438906  0.00504156  0.0098954  -0.00430757  -0.0162276  0.00452651 
184 0.00339436 0.56889 0.0306497 0.123999 0.0134393  0.000164594  -0.00490609  0.0124625  -0.00806038  0.00226803  -0.00641763  -0.012973  0.00457778  -0.016698 
185 -0.000105559 0.486344 0.00240247 0.109486 0.000800767  -0.000129859  7.01763e-05  -0.000271192  -0.000706967  0.000547213  -0.00067843  -0.00175914  -4.48413e-06  -0.00082536 
188 -0.000492749 -0.34293 0.0407627 0.109967 -0.013427  -0.00237789  -0.00416202  0.00796081  -0.0333247  0.0046845  -0.00961471  -0.0104381  0.00724458  0.00293221 
192 0.000667076 1.06223 0.0387253 0.112185 -0.010988  -0.00681009  -0.000847104  -0.0139678  -0.00748737  -0.00115278  0.0024874  0.0128727  0.0252578  -0.0164159 
193 0.00114358 0.544526 0.0142901 0.109173 -0.00653772  -0.000750748  0.00495459  -0.000344959  0.00138563  -0.00207003  -0.00416756  0.0100092  -0.00342712  -0.000855398 
194 0.00162908 0.718713 0.0377507 0.103806 0.00632386  -0.00421102  0.0196575  0.0174996  0.00775435  0.00752761  -0.0213141  0.00397526  0.00513583  0.00784056 
195 0.000543666 1.52229 0.0471388 0.0956453 -0.0163031  -0.0156952  -0.0100705  0.01487  0.0233501  -0.00103978  -0.00955535  0.0206053  0.00668217  0.01675 
197 -0.000695194 0.187559 0.0294835 0.0927605 0.0123211  0.00255175  0.00431566  -0.00621971  -0.017783  0.012358  0.00863464  0.0101195  0.00276893  0.000257277 
198 7.40489e-05 0.858484 0.0103043 0.0964362 -0.00647999  0.00337995  -0.00414671  0.00441777  0.00147237  0.00120464  0.000283991  0.000668275  0.0033099  -0.000975081 
199 0.000971428 0.705498 0.0282579 0.0960516 -0.0115484  -0.00756652  -0.00043765  -0.00216896  -0.00753766  -0.0124838  -0.010923  -0.00747572  -0.00768791  -0.0124912 
200 -1.76489e-05 0.403107 0.00261542 0.0908567 0.000514524  0.00113182  -0.000524869  -0.000126978  0.00163653  0.000514897  -0.000826064  -0.000338941  0.000565478  0.000970923 
201 0.00176202 0.66986 0.034605 0.0909538 0.0213668  -0.000183327  -0.00812958  -0.00580165  0.00524054  0.00518707  0.00906854  -0.0150927  -0.0016484  -0.016555 
204 0.0021455 0.643667 0.0351246 0.0806977 0.0135503  0.0133125  -0.00229146  0.00153998  0.00291235  -0.0176493  -0.0183594  -0.00189323  -0.00755484  -0.012148 
205 0.00010274 0.968594 0.0138768 0.0660978 -0.000464276  -0.00233161  -0.000786175  0.00908763  -0.00289757  0.00215778  -0.00119865  0.00185362  0.00200322  0.00904278 
208 0.000337253 3.03619 0.0584754 0.0653161 -0.0049339  -0.0193164  0.0118775  -0.00624395  -0.00946904  -0.0274272  0.00164815  0.0414602  0.000948928  -0.0166542 
211 0.00210354 1.01972 0.0660923 0.0626817 -0.00281638  0.0309198  -0.0388794  0.0351875  -0.00545935  0.0168195  0.0136333  -0.00120009  -0.00299734  -0.0120609 
213 0.000323642 0.570695 0.00956849 0.0427512 0.0032343  -0.00409377  0.0016022  0.001353  0.00140234  0.00448038  -0.00252124  -0.00483746  -0.00277025  -0.000682812 
214 0.000210687 2.04777 0.0361116 0.0387824 0.016403  -0.00480945  0.00463911  0.0191007  0.0144864  -0.00681095  0.00124002  -0.00327514  0.00539088  0.0181089 
216 -0.000599141 0.377077 0.0171712 0.035964 0.00821762  -0.00685996  0.00517889  0.000601139  -0.00587316  0.00505811  0.0019638  -0.00887786  0.000484596  0.00317685 
219 0.000156683 0.648496 0.00964735 0.0435055 -0.00244216  -0.00315803  0.00230125  -0.00143713  0.0054841  0.00277692  0.00181045  0.00439104  -8.49878e-05  0.00306922 
222 7.76227e-05 3.00521 0.027888 0.041666 -0.001403  0.0111024  -0.00659636  0.000804755  0.00536004  0.014876  -7.72484e-05  0.0108592  -0.0147066  -0.00491045 
223 -0.000183332 0.34585 0.0106334 0.0407239 0.00217266  0.00124275  -0.00493507  -0.000957245  -0.0064723  -0.00425943  0.00127749  -0.00288101  0.000487726  0.00336583 
225 0.000862318 1.39492 0.0555399 0.0429161 -0.0176199  0.00858595  0.0128552  -0.00558957  0.00776547  -0.0295913  -0.0182196  -0.00312008  -0.0112458  -0.0331648 
226 -0.000390328 0.339832 0.0158174 0.0313024 -0.00639271  -0.00393973  0.00329822  0.0081188  -0.00794713  0.00283937  -0.00100065  -0.000606285  0.00473319  0.00469232 
229 -3.36101e-05 0.468361 0.00206258 0.0370168 2.62492e-05  0.00127439  0.000960705  2.07192e-05  0.00045875  -2.70784e-06  -0.000508934  0.0006872  0.000870386  8.26516e-05 
235 -4.40377e-05 0.396386 0.00427236 0.0374681 0.00232357  0.00110646  0.000320809  0.000625437  -0.0016761  0.000846338  0.000203706  -0.0016839  -0.00201414  0.000822428 
237 0.000682749 1.12429 0.0412824 0.0380512 0.0221348  -0.0128731  -0.00337847  -0.016726  0.00773882  0.0206199  0.0108034  -0.00877773  -0.0041075  0.00785408 
238 4.99805e-05 0.544801 0.00299294 0.0276655 -0.00053728  -0.001048  -7.03373e-05  -0.000512584  0.00197062  0.000242924  -0.00106097  0.000563581  0.00126153  0.000570895 
239 3.45183e-05 0.512612 0.00131983 0.026747 -0.000627959  0.00026517  -0.000110493  0.00053731  0.000503781  -0.000727312  -0.000350991  5.01557e-05  6.52144e-05  0.000252285 
242 -3.78405e-05 0.494532 0.000910137 0.0260937 2.38761e-05  -0.000286703  8.25586e-05  0.00010779  -0.000215351  0.000793065  -2.01344e-05  -0.000199598  -7.05437e-05  -8.12191e-05 
243 -9.8475e-05 0.349185 0.00770801 0.026809 -0.00167391  0.0015646  0.0042517  0.00343874  -0.00204448  -9.87399e-05  -0.00192487  0.00129264  -0.00157219  -0.00349631 
249 -0.00122452 0.274175 0.0332774 0.0285868 0.0160391  -0.00376482  -0.0030011  0.00505044  0.00819334  -0.00509203  0.0153331  -0.0078783  -0.018773  -0.0076673 
250 -0.000171813 0.043779 0.0177079 0.0451938 -0.000190799  0.0107838  -0.00728374  0.000611101  -0.00341987  -0.0022395  -0.0012286  0.00377859  1.65653e-05  -0.0105507 
253 0.00116458 0.62892 0.0245119 0.0470564 -0.00875154  -0.000790432  0.01043  -0.00291541  -0.00236134  0.000100671  -0.00372598  -0.00281464  0.0172466  0.00902746 
256 3.81924e-05 0.513208 0.00142075 0.0324099 -0.000827034  0.000178961  -0.000463572  -0.000703196  -0.000292018  -0.000526137  -0.000128767  -0.000360379  0.000274605  -9.57764e-05 
257 0.000134045 0.943983 0.0154286 0.0318153 -0.00239834  -0.00161966  -0.00419545  0.000200708  -0.000189612  0.00965651  -0.00247766  0.00608338  0.00809977  0.00316007 
260 -3.83137e-07 -14.0869 0.00472811 0.029634 6.90349e-05  0.000761978  -0.00265094  0.002123  -0.000465681  -0.000765285  -0.00216733  0.00120372  0.000366638  0.00177534 
261 -0.000263465 -0.773462 0.0366338 0.0296405 -0.0125079  0.0024234  -0.0138684  0.0086018  0.00342324  -0.0112379  0.000230683  0.0271268  0.00620419  0.000987545 
262 -0.000157383 0.303876 0.0111125 0.0337943 0.00539599  0.000136279  0.000730953  -0.00242302  -0.00568459  -0.00186014  -0.00427778  0.00487675  -0.0020189  0.00245227 
263 1.26325e-05 0.525946 0.00114505 0.0360479 -0.000386245  0.000416793  -0.000560107  -0.000130208  0.000204043  -0.000277832  0.000570174  -0.000225926  -0.000397199  -6.94398e-05 
265 0.000749379 0.692392 0.024015 0.0358723 -0.00629168  -0.00790447  0.00870577  -0.00819955  0.00265994  0.0078306  0.00988653  -0.0115657  0.00291664  -0.00481896 
266 3.65185e-05 0.939195 0.00800961 0.0231888 0.00167481  -0.000242093  -0.0018739  0.00395993  0.00262444  -0.000983972  9.08081e-05  -0.00234154  -0.00462649  0.00271042 
271 -1.11094e-05 0.381488 0.00229487 0.0223876 0.000392278  0.00126972  0.00116545  0.000415228  -0.000573282  3.03281e-06  -0.000156493  0.000697488  0.000762708  0.000740477 
274 -0.000144767 0.209462 0.0129715 0.0226344 0.00269125  -0.00135096  0.00949159  0.00271344  0.000401103  -0.00248955  0.00165602  0.0031301  0.00620385  -0.00208631 
278 -1.68451e-05 0.36055 0.00306536 0.0256338 0.000921341  -0.000464677  -0.00031495  6.07167e-05  -0.00093934  -0.00101005  -0.000663847  0.00199704  -0.00137681  4.13945e-05 
281 1.64855e-05 0.814463 0.00455371 0.0259603 -0.00163425  0.00215484  0.000185048  -0.00122868  0.000189396  0.00164902  0.00101686  0.00100968  -0.00170367  0.00204137 
282 0.000246273 0.776631 0.0165074 0.0256408 -0.00536561  -0.00408773  -0.00828843  -0.00506565  -0.00309326  -0.00539714  0.00129127  -0.00347472  -0.00865066  0.00231609 
283 -0.000327613 0.272694 0.0172617 0.0202783 0.000362968  0.010634  0.00267723  0.000375913  -0.00226276  0.00601868  -0.00652659  0.00532317  0.00790707  -0.00162607 
284 -9.14934e-05 0.128518 0.0116602 0.0271823 -0.00303411  0.00188664  -0.000317727  -0.00716474  0.000871491  0.00711483  -0.0027424  -0.00280793  0.00172756  0.00141097 
286 -0.000120338 0.406095 0.00672392 0.0288162 -0.000883892  -0.000867254  9.97953e-05  0.000572421  0.00386202  0.00292589  -0.00165741  0.000124794  0.00176965  -0.00373761 
287 0.000260709 0.562992 0.00810646 0.0308337 0.00120298  -0.000508563  0.00029983  -0.00323561  0.00175293  -0.00308567  -0.00208448  -0.00470146  -0.00257055  -0.00279273 
289 -0.000520186 0.195824 0.0251627 0.0262687 0.00867324  -0.0144562  0.00246509  -0.0153347  -0.00671025  0.00332317  -0.00498045  0.00275435  -0.00141323  -0.00415516 
291 0.000147265 0.653583 0.00951171 0.0347903 0.000189922  0.00639805  -0.00230289  -0.000904509  0.00260501  -0.00190813  -0.000788348  0.00167443  -0.00360781  0.00406344 
293 -0.00040712 0.275264 0.0191342 0.0326054 0.00133668  0.00535909  -6.21339e-05  0.00367914  0.0104834  0.00451982  -0.00476017  0.00227569  -0.0122169  0.00382749 
294 -0.000198704 0.445942 0.00655666 0.0383447 -0.000344906  -0.000885899  -0.00175104  -0.00193856  -0.00230863  0.00375382  -0.00085112  0.000500616  0.00350665  0.00160288 
296 5.67835e-06 0.641648 0.00179369 0.0408538 -4.4343e-05  0.0010134  -2.10068e-05  0.000146805  0.000158237  -0.000244679  -0.000126071  -0.000515996  -0.000746199  0.00111468 
298 0.000929455 0.647693 0.0234357 0.0407843 -0.00573336  -0.00832627  0.00413611  -0.00274167  -0.00510629  -0.0091386  0.00961129  -0.012344  0.00654411  -0.00502452 
299 9.72766e-05 0.659729 0.00788372 0.0270986 -0.000165019  -0.00112956  -0.00052241  0.00442661  0.000678425  -0.000927909  -0.00399535  -0.00180909  0.00277708  0.00356552 
302 -5.37058e-05 0.365322 0.00537903 0.0252401 0.000271623  0.000778044  0.00222845  -0.0022304  0.000709301  0.000589978  0.000665502  0.000165478  0.00298954  0.0028382 
304 -1.83512e-05 -0.100109 0.0066371 0.0262825 -0.000794434  -0.000704564  0.000982245  0.0046263  0.0017878  0.00305244  0.000977434  0.000331473  0.00241975  -0.00105927 
306 -9.19152e-06 -7.30657 0.0169413 0.0266293 0.00187448  -0.00035131  -0.0078316  -0.00421815  -0.00431799  -0.0113138  -0.0035888  0.00039815  0.00596855  0.00298902 
307 6.01307e-05 0.847522 0.0091425 0.0268014 0.00216656  0.00179412  0.00062244  0.00085579  0.0017347  0.00501812  0.00549034  -0.00243051  0.000835149  -0.00310052 
308 0.00010734 0.953857 0.0139592 0.0256551 -0.00105575  0.00148027  0.00316356  -0.00633146  0.00148287  -0.0107366  -0.000981908  0.00195338  -0.00436543  -0.000384624 
309 -0.000140113 -0.193351 0.0197131 0.0234702 -0.000954609  -0.00571965  -0.00807079  0.00279016  -0.00927364  -0.00669519  0.0064512  -0.00948061  -0.000455823  -0.00441876 
313 -0.000482202 0.44314 0.0104792 0.0262864 -0.00425228  0.000727527  -0.000411264  -0.00401098  -0.00265888  0.00155884  0.000117272  -0.00646937  0.0023003  -0.00427642 
314 1.52188e-05 0.766742 0.00402963 0.0342533 -0.00102636  0.000522822  0.00224517  0.00220723  -0.00144544  0.000329263  0.000751383  -0.00120408  0.000597354  -0.000655472 
315 0.0001476 0.807525 0.0134743 0.0340305 0.000487697  0.00476256  0.000283018  -0.00117892  0.0110322  0.00136871  -0.00539769  -0.00062647  -0.00189756  -0.00067461 
316 0.000295243 0.613485 0.0115778 0.0317881 0.0049684  0.00194037  0.00637749  0.00304573  -0.00168341  -0.0026574  0.00157081  0.00586227  0.0029412  0.000515421 
317 -0.000350253 -1.08894 0.04718 0.0267448 -0.0105505  0.00382843  0.0151898  0.0147905  -0.00690709  -0.00151917  0.0184095  0.0292892  -0.0178168  0.00928829 
318 -2.48836e-06 0.10797 0.00197536 0.0326435 -0.000630895  -5.57776e-05  0.000296365  0.000512438  -0.000233205  0.000839991  0.000309329  -0.000838749  -0.000457705  0.00117552 
319 3.21872e-05 0.634854 0.00416683 0.0326816 0.00269811  0.00120391  -0.00122108  0.00118488  -0.00134333  -0.00120387  -0.00134874  0.000689356  0.000436005  7.41899e-06 
321 -5.03331e-05 -0.380989 0.0133182 0.0321854 0.00388062  -0.0074737  0.00443814  -0.0050152  -0.000298899  0.00656904  -7.44195e-05  0.00131854  0.00379597  -0.00148783 
322 -0.000295102 0.396012 0.0110819 0.0329581 0.00144923  0.0054811  -0.00479889  0.00013273  -0.00593986  0.000369811  0.00256407  0.00274422  -0.00360874  0.00225203 
323 -1.85929e-05 -1.01009 0.0105975 0.0371669 -0.0039319  -0.00712764  -0.00122136  -0.00211717  0.00148069  0.00218045  -0.00290521  0.00220077  -4.34934e-05  -0.00445398 
324 -0.000469837 0.313727 0.018715 0.0374162 0.00121833  0.0042627  0.00491952  0.00744235  0.00354974  0.0148506  0.0037654  0.00139932  0.00109415  0.000728541 
326 0.000618698 0.715167 0.0230756 0.0432426 0.0122243  0.00703822  -0.00530223  0.00319038  0.011301  -0.00217154  0.00171863  -0.0098458  -0.00756382  0.0023851 
328 -0.000607798 0.0936712 0.0314361 0.0353753 0.0027354  -0.00503422  -0.00863504  -0.0227828  0.00359243  -0.00586697  0.00182633  0.00999575  0.000880406  0.0145061 
329 -5.08668e-05 -0.714243 0.0157181 0.0431207 -0.00519397  0.00117364  0.00121537  -0.00215412  0.00045516  0.000126782  -0.0103383  0.0074076  0.00368323  -0.00608629 
332 -0.000109597 -0.121428 0.0165057 0.0437066 0.0043738  0.00710667  -0.00457369  0.00248632  0.00508629  -0.00879195  0.00444207  -0.00161303  -0.00698294  0.00119977 
334 -3.90026e-05 0.311076 0.00542911 0.044943 0.00126422  0.00268503  0.000506022  -0.000864973  -0.000661422  -0.00150633  -0.00333889  -0.000155712  -0.000883371  -0.00223697 
335 0.000244191 0.955273 0.0210866 0.0453748 0.00774948  0.00575109  -0.00657348  0.00649594  0.00371686  -0.00365789  -0.000985986  -0.0125652  -0.00431652  -0.00783733 
337 -0.000333737 -0.756373 0.0409534 0.0425994 0.00478364  -0.0176762  0.00709381  0.00540908  -0.0139813  -0.00436844  -0.0139929  0.0166094  0.0205998  -0.0123161 
338 -1.50288e-05 0.460912 0.00153294 0.046352 0.000423801  -0.000900882  0.000539928  0.00016024  0.000216307  -4.49523e-05  -0.000789264  -0.000178311  -0.000511614  -0.000276055 
339 -0.000805634 -0.333657 0.0518362 0.0465138 0.0128085  0.0241654  0.00234973  0.0257827  0.00716278  0.00913044  -0.00701149  -0.0292626  -0.0149865  0.00199392 
340 -0.000241146 -1.04389 0.0385894 0.054493 -0.00562747  0.00362083  -0.000103752  -0.0181092  -0.0235134  -0.0117858  0.00528933  -0.00374051  -0.0109623  0.0162014 
342 0.000196347 0.584283 0.00813679 0.0566627 -0.002993  -0.000510642  -0.00234876  0.00419788  -0.00252  -2.18725e-07  0.000229004  -0.00406139  0.00234367  -0.0023365 
343 0.000519742 1.39455 0.0431158 0.054903 -0.0113901  0.00270769  0.00898567  -0.00680422  0.0191098  -0.00270623  0.011461  -0.00872261  0.0182822  0.0260898 
345 -2.45575e-05 0.497005 0.000542711 0.0499473 0.000331894  0.000167369  -1.8418e-05  5.95832e-05  0.000116538  0.000230592  0.000182386  -6.72749e-05  0.000119125  0.000183697 
346 0.000145001 0.86486 0.0145468 0.0501925 -0.0115616  -0.00237753  0.00624713  0.00246387  -0.00150781  -0.000343999  0.00461056  0.00180974  -0.000216195  0.000466131 
347 0.000501319 0.887668 0.027879 0.0487268 -0.00923047  -0.00766635  0.00273138  -0.00995576  0.00101735  -0.00477105  0.00641602  0.0141693  -0.00717667  -0.0144723 
351 0.000109267 0.959375 0.0141693 0.0432794 0.0046269  -0.00320451  -0.00594891  0.00234608  -0.00236512  -0.008619  0.00089747  0.00107596  0.0066878  -0.00127542 
352 -0.00013393 0.477309 0.00348795 0.0419981 0.0011756  -0.000761091  0.00140888  -0.000896954  0.000447216  -0.00256097  -0.00041375  0.000586221  0.000205226  -0.000315482 
353 0.000483695 1.42239 0.0422363 0.0435635 -0.0112196  -0.0152882  -0.00917796  0.000567771  0.00390239  0.0204502  -0.0140189  0.00548328  0.0225714  0.0130473 
354 0.000112397 0.582749 0.00609976 0.0376059 -0.002677  -0.00142091  0.00116583  0.00191192  0.000443572  -0.00103826  0.00277706  -0.00335567  -0.00091934  -0.00138368 
355 -3.02778e-06 0.453508 0.000750381 0.0360807 -4.09011e-05  -0.000260449  -0.000155902  0.00015507  0.000116645  -5.02074e-05  0.000343682  0.000491576  -0.00025504  6.53997e-05 
356 0.000184345 1.91541 0.032303 0.0361226 0.0102298  0.0095983  -0.00915036  0.0131817  0.00453404  0.0167173  0.000453692  -0.0169171  -0.00151166  -0.00071488 
357 -0.000389455 0.369243 0.0142761 0.0334741 -0.00907933  -0.00143845  -0.00638513  0.00237772  0.0047501  0.00473367  -0.00282584  -0.00316844  0.00227142  -0.00217374 
364 1.67962e-05 0.613439 0.0027607 0.0388593 -0.00145082  0.000562972  0.00130906  0.000813872  9.87127e-05  -0.00105657  0.000221401  0.000306765  -0.0012334  0.000181967 
367 -0.000262601 0.159738 0.0189071 0.0386426 -0.000630779  0.00464445  -0.00141582  -0.00168741  0.00383292  -0.0071196  0.00161046  0.0153314  0.00503588  0.00150748 
368 -0.000117762 0.399645 0.00687615 0.0419033 -0.000589155  -0.00248813  0.000172513  -0.00112853  0.00064445  -0.00444962  -0.00252403  -0.00108388  0.00179035  0.00291116 
369 -0.000436129 0.45902 0.00846166 0.0432857 -0.00190915  0.00114414  -0.00337474  -0.000772584  0.00076166  -0.005815  -0.000545909  -0.00240945  0.00341403  0.00158323 
370 -0.000650121 -0.218903 0.0432421 0.0480612 -0.00786988  -0.0221887  0.0157127  -0.00237402  0.0112391  0.0198035  0.0105331  0.0112357  0.00806443  -0.0155681 
372 -5.93332e-05 -3.21003 0.0296723 0.0544078 0.0138452  0.0148852  0.0130236  -0.00641749  0.00754273  0.00480475  -0.00122623  -0.00401997  0.00144885  -0.0125158 
374 0.000762129 0.694414 0.0243453 0.0549504 0.003766  0.00560205  -0.000831109  0.00342456  -0.00664377  -0.00480538  -0.002536  -0.00504134  -0.00848325  0.0190701 
376 0.000417284 1.70392 0.0448181 0.0475153 0.0343563  0.00444887  -0.0114169  -0.00490611  -0.00637143  -0.000605407  0.00231977  -0.00282735  -0.00928794  -0.0226604 
378 0.0004296 0.785405 0.0221449 0.0429012 -0.000767516  -0.00322885  0.00635968  0.011048  -0.00774158  -0.0127397  -0.00877852  -0.00257922  -0.0012207  -0.00307275 
380 -0.000404382 0.436174 0.0101657 0.0375633 0.00294255  0.0061498  -0.000549133  0.00338402  -0.00121111  0.00328451  0.00272059  -0.00457591  -0.00204197  -0.00058719 
385 0.000476858 0.552495 0.010011 0.0426083 -0.00250067  -0.00755915  0.000864905  -0.000500739  0.0016239  -0.00210711  -0.000397712  0.00433991  -0.00309065  0.000452612 
386 9.13575e-06 1.69054 0.00659586 0.0365885 0.000548427  -0.00071252  -0.00213049  -0.00216137  0.0025551  -0.00067706  -0.000347135  0.00495442  0.000693735  0.00116251 
388 0.000255363 0.524765 0.00503241 0.0364635 -0.00370972  -0.00118198  0.000332542  -0.00183887  -0.000886574  -0.000178953  -0.000979329  -0.00211066  0.000664865  4.53826e-06 
391 6.00891e-05 0.525375 0.00246995 0.0327758 0.000195292  -0.00127424  -0.000565871  -0.000342542  0.000181561  -0.000809733  -0.00126673  -0.000165119  -0.00114773  0.000602934 
392 8.63223e-08 0.551993 0.000133988 0.031846 -2.25612e-05  -2.24188e-06  -6.1731e-05  -2.62655e-06  -8.83994e-06  -5.27562e-06  7.35572e-06  8.37329e-05  7.86125e-05  -1.64283e-05 
393 -0.000314299 0.20367 0.0193038 0.0318446 -0.000510212  0.00313521  -0.00496007  -0.000566597  -0.008544  0.00961962  0.00286483  0.00995104  0.00264254  -0.0076074 
395 -0.000626577 0.232801 0.025885 0.0364476 0.00436568  -0.000743795  0.00560791  0.00363106  0.0141268  -0.0143279  0.00978974  0.00703275  -0.00393644  0.00633541 
397 2.56466e-05 1.58407 0.0105455 0.0442177 -0.00627168  0.00475741  -0.000663674  -0.000326998  0.00185485  0.00495935  -0.00261159  0.00348425  0.000466406  -0.00121656 
398 0.000766213 0.618757 0.0190816 0.0439267 -0.00799056  -0.0118303  -6.47258e-05  -0.00588233  -0.00797649  -0.00287814  0.000502725  -0.00255586  -3.2993e-05  -0.00685593 
399 0.000146738 1.14353 0.0194342 0.0341121 0.00442554  -0.00893807  -0.00605089  0.00153802  -0.00398521  0.00645073  -0.00570688  -0.0102599  0.00662612  2.7503e-05 
401 -0.000284345 0.0484735 0.0226636 0.031889 0.00917707  0.0033454  -0.0014134  -0.00516317  -0.0137994  0.00768125  0.00203937  -0.0111174  -0.00253532  0.00244206 
404 -1.76569e-05 0.248584 0.00421393 0.0360735 5.71033e-05  -0.000655731  0.00212633  0.00101524  0.000133658  0.00199099  0.000687771  -0.00178377  -0.00200907  0.000314299 
407 -0.000386633 -1.03148 0.0486653 0.0363174 -0.018308  -0.00984379  -0.00679893  -0.00194287  0.00644765  -0.0255852  0.01638  0.0177695  0.0102272  0.0223919 
408 -8.59041e-05 0.486942 0.00211917 0.0412996 0.000980168  2.20995e-06  -1.63159e-05  -7.11181e-05  -0.000558218  0.000435217  0.000356327  -0.000494719  0.0016261  -8.86611e-05 
409 0.000410405 0.780672 0.0214644 0.0423269 0.00308388  -0.000670104  -7.56457e-05  0.00686209  -0.00495616  -0.00099395  -0.012351  0.00295242  -0.0130039  0.00691008 
410 0.000426545 1.07029 0.0311895 0.0371651 -0.00295377  0.00230536  0.0118411  0.00222695  -0.00689119  0.0188362  -0.0143728  -0.00412122  0.00383656  -0.013153 
411 -1.80639e-05 0.452259 0.00185735 0.0308997 0.000269409  0.000215532  0.000543054  0.00100386  -0.000733684  -0.000746964  0.000156622  -0.00090242  9.48661e-08  0.00030484 
412 -0.000145104 0.454109 0.00516221 0.0311907 0.000707253  -0.00045122  -0.000394195  -0.000507596  0.000377343  0.00171408  -0.000104835  0.00251202  0.000253361  0.0040082 
416 -3.7008e-05 -0.2985 0.0108722 0.0334361 -0.000412844  -0.00493814  -0.00141805  -0.00126287  0.0030566  0.00488809  0.00561248  -0.003552  0.0022169  -0.00278857 
418 -1.27651e-06 0.309822 0.000985423 0.033985 -7.71806e-05  1.70695e-05  0.000482287  0.000284447  0.000581698  0.000200864  -0.000180368  -0.000207315  -4.52693e-06  0.000443902 
419 -4.89744e-05 0.473417 0.00228229 0.0340038 0.000798726  -0.000935587  -0.000916683  -2.41686e-05  -0.000458521  0.000788842  0.000238904  -0.000986537  -0.000281245  0.000955361 
420 -7.41777e-05 -0.127509 0.0136453 0.0347165 -0.000781669  0.00162958  -7.97706e-05  0.0100955  0.00149894  0.00137731  -0.00734619  -0.00256449  -0.00256486  -0.0031203 
422 0.000263464 0.636793 0.0120072 0.0357689 -0.00869647  -0.00024336  0.00119948  -0.000334078  0.000644196  -0.00398503  -0.0026782  -0.00143252  -0.00514699  0.0038631 
423 8.9303e-08 0.621257 0.000208122 0.0318745 0.000100966  7.95779e-05  -2.59229e-05  -1.34703e-05  2.1017e-05  7.4697e-06  7.41053e-06  5.99206e-05  7.49339e-06  0.000147429 
425 -0.000434536 -0.94113 0.0500474 0.0318731 -0.0286262  0.0177823  -0.0229296  -0.0128515  0.00866826  0.00155698  0.00457279  -0.0181667  -0.00467041  -0.0150942 
426 -3.03198e-05 0.424069 0.00303471 0.0380858 -0.00134623  0.00113136  0.000459427  -0.00093389  0.000961522  0.000584868  0.000838144  0.000676006  -0.0012328  0.0010431 
431 -0.000233742 0.351531 0.0117837 0.0384818 -0.00156316  0.006017  -0.00353433  -0.00192424  0.00505902  -0.00367415  0.00346637  0.000325553  -0.00569241  -0.000628786 
432 0.000206052 0.653545 0.0112499 0.0414079 0.00621926  0.00179747  -0.00228679  0.00610018  0.00146035  -0.00169321  -0.00227279  0.00169761  -0.00263873  0.00471143 
433 -0.000852888 0.391737 0.0192315 0.0388405 -0.0024272  -0.0041425  -0.0134105  0.000910775  -0.00135426  -0.00786988  0.00972848  -0.000375603  -0.00274938  -0.000128586 
434 0.00123667 0.648211 0.0270813 0.0485987 0.0102139  -0.00385148  0.0145398  0.00654839  0.00298204  0.00645584  -0.00656388  0.011989  0.00702769  0.00855405 
436 -1.78691e-05 -0.340229 0.00774964 0.0335549 0.000871182  -0.00348908  0.000987654  0.0012366  0.000622462  0.00362263  0.00132165  -0.000282596  -0.00397168  -0.0036753 
439 -0.00104344 0.223775 0.0339687 0.0338201 -0.00734414  0.0124374  -0.0038687  -0.00124675  -0.0166472  -0.0054173  -0.0202977  -0.00272564  -0.00458024  0.0134852 
441 0.000302622 0.688482 0.015105 0.0467737 0.0024473  -0.00998553  0.00310409  5.78036e-06  0.0017155  0.00204741  0.0025435  0.000591324  0.00745646  0.00657813 
443 0.000315893 0.674597 0.0148535 0.043419 0.00744234  -0.000282175  0.00368856  0.00205029  -0.00479125  -0.00282432  0.000279479  0.00579156  0.00873686  -0.00254206 
445 -5.99995e-05 0.490729 0.00149224 0.0396152 6.72607e-06  9.45094e-05  -0.000693351  0.000597655  0.000164404  -3.71109e-05  -0.00101269  0.000247272  -0.000473998  -0.000200275 
446 0.000295244 0.534422 0.00637881 0.0403654 -0.000475636  -0.000259916  0.00100393  -0.0041161  0.0033571  0.00163123  -0.000464692  4.10911e-05  -0.000720167  -0.00278891 
447 0.000337943 0.601264 0.0117012 0.0365262 0.00543832  0.00164344  0.00169434  -0.00529768  0.00703318  -0.00288215  -0.000207951  -0.00258305  -0.0028  0.00117373 
448 -5.04677e-05 0.477658 0.00212403 0.0315639 0.000315704  0.000333912  -0.000488556  4.82581e-05  0.00137095  0.00129139  -0.000362421  0.000554942  4.76149e-05  0.000265593 
450 8.83047e-05 1.20141 0.0157397 0.0323535 0.00414873  -0.000879739  -0.00107759  0.00729337  -0.00260824  -0.0064029  0.00805787  -0.00630714  0.00404159  -0.00255998 
451 -0.000807788 0.23856 0.0290746 0.0309588 -0.00863597  -0.00226596  -0.00574637  -0.00555365  -0.000757322  0.00144481  0.0221944  -0.0117553  0.00756715  0.00332406 
452 0.000211915 1.41988 0.0279215 0.0420305 0.0169217  -0.0021824  0.00503809  -0.0176147  0.00965305  0.00732817  -0.000838637  -0.00222744  0.000510134  0.000183486 
453 5.60699e-05 0.551064 0.00338435 0.0394293 -0.000436038  -0.00160025  0.000890599  -0.000830275  0.00107928  0.00164449  -0.00147056  -0.000196597  -0.000503843  -0.000946662 
459 -0.000162155 0.167911 0.0146773 0.0387118 -0.00587034  0.00157676  0.00610417  -0.00497229  -0.00529177  0.0033676  -0.00514422  -0.00505892  -0.00178948  0.00467873 
460 8.62545e-05 0.719935 0.00871099 0.0407525 -0.00197947  -0.00353547  8.08006e-05  -0.000305802  -0.000949547  -0.00584226  0.00287495  -0.00204494  -0.00271164  -0.00212827 
464 1.10758e-05 0.690955 0.0029086 0.0396802 -0.000859192  0.000908959  -0.0013737  0.000202084  -0.000553217  0.00160342  -0.000899287  0.000244548  0.000663621  -0.000884141 
466 0.000195201 0.56903 0.00734252 0.0395404 0.00195774  -0.000290517  -2.62109e-05  0.00443339  0.000736396  -0.00264211  -0.00471866  -0.000341822  -0.000539331  -0.000378613 
467 1.24883e-05 0.523238 0.00107745 0.03699 -0.000429146  0.00049679  0.000242028  -0.000238672  -0.000707123  -9.00484e-05  -4.74057e-05  -0.000161886  -0.000178744  -0.000214135 
471 -0.000116683 0.173894 0.0123376 0.0368208 0.00418527  -0.000126381  0.00484349  0.00721237  -0.00454681  0.00205421  0.00383262  -0.00155284  0.0040456  0.00092003 
472 0.000125384 0.63328 0.00817605 0.0383726 -0.00243418  -0.00480038  0.0039144  -0.00037531  0.00147778  -0.00194888  -0.00363759  -4.20748e-05  -0.000607984  -0.00168229 
473 -8.83704e-05 0.279777 0.00882335 0.0367026 -8.02837e-05  0.0044737  -0.00258847  -0.00369877  -0.00103108  -0.00530917  0.00211671  -0.00130174  -0.000902244  0.00110026 
477 9.30646e-05 0.698893 0.00860465 0.0378874 -0.000113048  0.00350782  -0.00223582  0.00152827  0.00298554  0.000659633  0.00041763  0.00521067  -0.000843584  0.00412337 
480 -7.36799e-06 0.484181 0.000682827 0.0366388 -9.41481e-05  0.000224123  7.98153e-06  -0.000120333  7.8925e-06  -0.000357219  -1.75826e-05  -0.000306009  -0.000411357  4.21958e-05 
483 -1.79171e-05 -0.108727 0.00660507 0.0367392 -0.00203765  -0.00258286  0.000474931  0.00213879  -0.00265421  -0.00448912  0.000263293  -0.000521834  3.33829e-05  -0.000681173 
484 1.3105e-05 0.535424 0.00136273 0.0369822 2.36055e-05  -0.00104823  0.000447815  0.00043577  -9.86943e-05  0.000242385  -0.000460568  0.00019972  0.000216129  5.67653e-06 
485 -7.43822e-05 0.166847 0.00995631 0.0368046 0.00189102  0.000463183  0.00035217  -0.000837544  0.00390249  8.41293e-05  -0.00609574  -7.65522e-05  -0.00502622  0.00410472 
486 -0.000689116 0.211318 0.0282166 0.0378016 -0.00830567  -0.00114349  0.0154382  -0.0193151  0.00433745  -0.00806032  0.00150415  0.00476748  -0.00165809  0.00171742 
487 3.80682e-05 8.67689 0.0352832 0.0460252 0.0114715  0.0050667  0.00999775  0.0171185  0.0106168  0.00461663  0.0165232  -0.0026082  0.0106625  -0.0129266 
488 2.69439e-05 1.34576 0.00954726 0.0456097 -0.00380644  -0.00158397  0.00289773  -0.00365682  -0.00482944  -5.72799e-05  -0.00264514  0.00320661  0.00290823  0.00182194 
489 9.077e-05 0.526475 0.00310103 0.0453134 0.000119163  0.0011656  2.54415e-05  0.000739089  -0.00157149  -0.000693682  -4.36359e-05  0.00115804  -0.00149342  0.00108287 
490 -0.000332196 0.475472 0.00571422 0.0443006 0.00046053  0.00163531  -0.000498252  -0.00193139  0.00234003  -0.00150338  0.00082208  -0.00126726  0.00396468  0.00022619 
491 -0.000175145 0.425286 0.00723622 0.047904 0.00162976  -0.00220906  6.04729e-05  0.00204575  -0.00252995  -0.000948229  0.00303443  0.00257587  0.00404792  0.00105343 
492 0.00022633 1.30804 0.0270446 0.0496986 0.00459393  0.00205104  -0.00675169  -0.0103647  0.000870558  -0.00855891  -0.015323  -0.0102481  -0.0105871  -0.00521232 
493 -0.000423504 0.0721271 0.0269258 0.0473672 0.00309105  -0.014902  0.00014639  -0.0105809  -0.0134981  0.0114038  0.00196554  0.00360365  0.00602513  0.00400024 
495 -9.16053e-08 -2186.35 0.028306 0.0516453 -0.00992011  0.0113347  -0.00793791  -0.00720778  0.00737892  0.00333895  0.01749  0.00619319  -0.00663606  -0.00234377 
496 -0.000223955 0.0561651 0.0199411 0.0516462 -0.00435541  -0.00290066  0.00355557  0.00508278  0.0148854  -0.00135155  -0.00635689  -0.00745283  -0.00297821  0.00188697 
501 0.000497324 0.568241 0.011655 0.0537709 0.00178825  0.000994501  0.00177779  0.00531235  -0.00250311  -0.00634327  -0.00301957  -0.000819304  -0.0060833  -0.00264063 
