generation s h r distopt trait[0] trait[1] trait[2] trait[3] trait[4] trait[5] trait[6] trait[7] trait[8] trait[9] 
2 -9.00981e-05 -0.419253 0.0182016 0.01 -0.00153637  -0.012417  0.0058579  -0.00369877  -0.00155187  0.00243859  -0.00989783  -0.00445696  0.000272831  0.000705664 
4 0.00012351 0.537325 0.00429495 0.0225325 -0.00171414  -0.00146185  -0.000637202  -3.86304e-06  -0.00113504  0.000799421  0.00217187  0.0023683  -0.000257965  0.000803402 
6 0.000269972 0.919258 0.0212768 0.0377036 -0.00790126  -0.00714213  -0.0041288  0.00151638  0.0021085  -0.0064729  -0.00727089  0.00749421  0.0116564  0.00535454 
8 0.000670239 0.794297 0.028087 0.0510302 -0.00260685  -0.0127775  -0.00141162  0.00755245  0.00294683  0.00938906  0.0155958  -0.00534958  0.0132236  0.00402964 
9 -0.000452633 -1.27705 0.0567181 0.0520024 0.0121262  -0.0250881  0.00918118  0.0115689  0.0198116  -0.0350969  -0.0152972  0.000830985  -0.0190273  0.00115211 
14 0.00021321 0.594946 0.00899927 0.0903001 0.00446581  -0.00211382  -0.00159857  0.00185745  -0.00292539  0.00489433  0.000214462  -0.00296655  -0.000176308  -0.00302981 
15 0.00485531 0.765613 0.0717946 0.0976497 0.00258124  -0.0551671  -0.0230823  -0.0315336  -0.0125235  0.0179569  -0.000555763  0.00748275  0.00188313  0.00617277 
16 0.00175657 1.1005 0.0649226 0.0740733 -0.0303355  -0.0115108  -0.000707707  0.0298823  -0.00710266  -0.0212556  -0.00261685  -0.0100247  -0.0377368  -0.0153324 
17 -9.98412e-05 -10.5036 0.0662741 0.0654362 -0.00681758  0.0128684  0.0196252  -0.0182286  0.00880167  0.0468802  -0.00542243  0.00721817  0.010036  -0.0317066 
19 0.0018763 0.63852 0.0322532 0.0803311 -0.00300785  -0.0136646  -0.0235613  0.00604436  -0.00141672  0.00377002  0.00262404  -0.00327691  0.00902583  0.0117269 
23 0.00233554 0.905831 0.0615455 0.100096 -0.000827568  -0.0397241  -0.0226958  0.000339881  -0.0142493  -0.00782773  -0.0203484  0.0110926  0.00413575  0.0295874 
25 0.00207241 0.91182 0.0584037 0.100628 -0.0251121  -0.0229186  0.0146625  -0.00316294  0.00754166  -0.0152142  -0.00629823  0.0111593  -0.0255642  0.0303981 
28 0.00199442 2.06199 0.111496 0.106622 0.00443203  -0.0718719  0.0440974  0.0347588  0.00602572  -0.0236974  0.0170133  -0.0517596  0.0189914  0.012893 
29 0.00231072 0.559445 0.0234826 0.0979073 -0.0114479  -0.00118548  -0.000858447  0.000319909  0.00066461  0.00812648  0.00422821  0.015875  -0.00843342  -0.00326133 
34 0.000414498 0.603853 0.0131238 0.103829 -0.00271488  -0.00921057  -0.00357517  -0.00107888  0.00345845  -0.000583013  0.0027025  -0.00156804  -0.00108735  0.00654499 
35 0.0021373 0.687424 0.0400321 0.107124 -0.0204883  -0.0126974  -0.00158432  -0.0036024  0.0130336  -0.00651853  0.0230528  -0.0161356  -0.00130682  0.000480796 
37 0.00162765 1.88877 0.0950026 0.106662 -0.0533362  -0.0137754  0.0121902  0.0102243  -0.0544854  0.011276  0.0201007  -0.0162279  -0.0224548  -0.0383462 
38 0.00650414 0.814403 0.0903654 0.102009 0.023921  -0.0590675  0.00411227  -0.0229204  0.0211006  -0.00811107  -0.00020988  0.0361872  0.0193345  -0.0369871 
42 0.000446101 1.63385 0.0449709 0.0700777 -0.00977609  -0.0241592  -0.0279852  -0.0104956  0.00369007  -0.0145676  0.00731712  -0.0125792  -0.00186358  0.00295461 
46 0.000589613 1.23462 0.0416156 0.0810438 -0.00804188  0.0177927  0.009784  0.0137289  0.0109682  0.0124562  -0.000502152  0.0258139  0.00976149  0.00538913 
47 -1.70464e-05 0.448528 0.00187345 0.0852742 0.000252735  0.000503568  -0.000606059  -0.000272474  0.000596525  0.000208363  -0.000971036  0.000420558  -0.000711547  0.000851755 
50 0.00271034 0.691886 0.0456137 0.111362 -0.00996581  -0.0185508  0.0205695  -0.00299216  -0.000775805  0.0126732  0.00664547  0.0269464  0.0160408  -0.00403865 
51 0.00318554 0.59816 0.0354069 0.106677 -0.00545987  -0.0183946  -0.0164647  0.00900825  0.000784029  0.016571  -0.0103786  0.00594723  0.00884379  -0.00606054 
52 0.000474918 1.78578 0.0494099 0.0985043 -0.0246544  -0.00288519  -0.0232678  -0.0149171  -0.00150771  -0.0223299  -0.00774122  0.0165015  0.0110656  -0.0102809 
55 0.00126331 3.53382 0.123663 0.119218 -0.0448544  -0.0468784  0.0291753  -0.00417206  0.0222442  0.0148678  -0.0671075  -0.0356965  -0.0404847  -0.0456279 
56 0.00408085 0.571221 0.0341808 0.117484 -0.00866421  -0.00102993  -0.00777175  0.00285348  -0.00492645  -0.0109824  0.0263797  -0.000872784  0.0080762  0.0108119 
57 -0.000239004 -4.07618 0.0661291 0.103424 0.0245551  0.000104329  0.0003459  0.035302  -0.0108791  0.00312723  -0.00767852  -0.0349853  0.0291873  0.0161485 
58 0.0031653 0.567933 0.029388 0.11087 0.00216796  -0.0229574  0.00735736  -0.00616058  -0.00196646  -0.00571111  0.00682956  -0.0121691  -0.00104142  0.00274509 
62 0.00379685 0.626327 0.0438368 0.122179 -0.0136316  -0.0217233  0.0173439  0.00443817  -0.0125826  0.0112141  0.0150859  0.0112983  -0.0169065  -0.00427729 
64 0.00538338 0.721751 0.069093 0.119266 -0.0198261  -0.0589527  0.00700831  -0.000136118  -0.0129057  -0.0230363  0.00878955  0.00533472  -0.00532819  -0.00498826 
65 0.000894429 0.616457 0.0204167 0.0972502 -0.00341486  0.00175409  0.00491742  -0.00243258  -0.00745975  0.00179404  0.0102971  0.00336706  0.00069231  0.0139747 
68 0.000211535 4.177 0.055765 0.107652 0.00533658  0.00214006  -0.00575991  0.00280691  0.00459713  0.00608208  -0.0396666  0.0323502  0.00341347  0.0185978 
69 6.15252e-05 0.988954 0.0109694 0.113429 -0.00361517  0.00228023  0.00154678  -0.00228532  -0.00383438  0.00397748  0.00674814  0.00355598  0.00217297  -0.00100856 
72 0.00052216 0.512804 0.00518381 0.136068 5.90007e-05  -0.00109893  -0.00272918  0.00195494  0.00032536  0.00250644  0.00270402  -0.00024055  0.000615427  0.000504032 
73 0.00552373 0.552219 0.034141 0.142394 -0.00815689  -0.0174127  -0.0114072  -0.00865508  0.00356847  -0.0138674  -0.000794277  -0.00538091  -0.0160736  0.00989187 
76 0.00195648 0.863499 0.0533182 0.147191 -0.00906822  -0.0197846  0.0209686  -0.0249896  0.00217839  -0.0134581  -0.0151462  0.00595961  0.0156759  -0.0246674 
78 0.00357929 0.981624 0.0829677 0.156331 0.000206102  -0.0203823  0.0152231  -0.000587514  -0.0175442  0.052685  0.0540702  0.0150422  -0.00158626  0.000440476 
79 0.00509446 0.529937 0.0249274 0.15217 -0.00616625  -0.0197148  -0.00236661  0.00541125  0.00710746  -0.000870686  0.00847685  0.00137287  0.00281215  0.00518385 
80 0.00282131 1.17019 0.0868876 0.141958 -0.00940427  -0.0206581  0.0150789  -0.0276611  0.0187742  -0.0209186  0.00027198  -0.0709272  -0.00032881  -0.0148607 
83 0.00528033 1.2803 0.128132 0.152993 -0.0705455  -0.0530723  -0.0345441  0.0335483  -0.0675086  -0.00117296  -0.0118346  -0.0290098  -0.0254599  0.0108188 
85 0.0052059 0.833157 0.0832286 0.141942 0.0414977  -0.0396671  -0.0414078  -0.00255402  0.00693031  -0.0161738  -0.0375143  -0.0117036  0.000322424  0.00750425 
88 0.00347171 1.87333 0.137837 0.13498 0.00204518  -0.00637535  -0.0556581  -0.00495181  0.101952  -0.0444799  0.0272349  0.0323531  0.0285212  0.0292782 
91 0.00196011 0.627348 0.0316114 0.139685 -0.00799957  -0.00788174  0.00109434  0.000119601  0.00109233  0.0141487  -0.0141012  -0.013852  0.00799415  0.0146952 
94 0.0123838 0.834768 0.12854 0.153268 -0.0417293  -0.0455192  0.0555364  0.0152336  -0.030357  0.00780268  0.045609  0.0591591  -0.0402776  0.0347594 
95 0.00141311 1.23396 0.0643784 0.111365 0.00649998  0.00184567  0.00957619  -0.0171417  0.0320713  -0.00415272  -0.0424439  -0.00206222  0.0281107  -0.00846352 
97 0.000554587 0.510738 0.00489571 0.119143 -0.00314524  -0.00112896  -0.000914639  -0.00269972  -7.45099e-05  0.00153771  -0.000417026  0.00135806  -0.000526721  0.000100122 
98 0.00201904 0.525051 0.0142878 0.124492 0.00318171  -0.00923353  -0.00177701  -0.00532372  0.00337977  0.00549728  0.00324668  -0.00241387  0.00437767  -0.000290047 
100 0.00278803 0.921283 0.0685039 0.132303 0.0275657  -0.0151144  0.000523256  0.00135676  -0.00918054  0.0288812  0.000470167  -0.0268665  -0.0277291  -0.0359586 
101 0.00381859 0.585257 0.0361499 0.130242 -0.0236575  -0.00345679  -0.01992  -0.000869874  -0.0148077  -0.00150275  0.00875186  -0.0033585  0.00069059  -0.00526731 
103 0.00298997 0.801793 0.0600571 0.133221 0.00360931  -0.024971  0.0155144  -0.0154019  0.00606858  0.0260678  0.0103915  0.00798486  -0.00572412  0.039642 
107 0.00198044 0.604567 0.0287995 0.156906 -0.0209958  0.000780105  -0.00326656  0.00308989  -0.010885  -0.0113177  0.00517554  -0.00627268  -0.00717372  -0.00189568 
108 0.0025366 0.580323 0.0285847 0.159559 -0.0183189  -0.00588269  -0.0136906  0.010529  -0.00477133  0.00463694  0.00429217  -0.00551799  0.00483077  0.00566862 
110 0.00227153 1.85098 0.110657 0.169305 -0.0421732  -0.012131  0.0367729  0.00224198  -0.0485805  -0.0231558  -0.0275658  0.0703442  -0.0130991  -0.0136381 
111 0.0110849 0.605888 0.0687546 0.170345 -0.0233764  -0.0241407  -0.0125845  -0.00576636  0.0454988  0.009279  0.0110135  -0.0265216  0.0184367  0.00924673 
114 0.00926514 0.559627 0.047345 0.158698 0.00880826  -0.0364395  -0.013052  0.0127442  0.0187062  -0.00418864  -0.0107479  -0.0040616  0.00194243  0.000324672 
115 0.00712545 0.839137 0.0982106 0.134737 0.00814988  -0.0765275  0.0246313  0.0254491  -0.0146326  0.00406847  -0.00635038  0.00145216  -0.0457807  -0.00995515 
116 0.00106857 1.0481 0.0483876 0.10997 -0.00757802  0.00833867  -0.0213548  0.00559248  0.0246996  -0.0138445  0.0183199  -0.00712862  0.0231806  -0.00125608 
117 0.00198087 0.651407 0.0346448 0.111181 -0.0190398  0.0021947  -0.0035094  -0.0156301  0.00492858  -0.00382147  0.00712612  0.0109699  0.0170458  -0.00870291 
118 0.000173157 0.519851 0.00370983 0.108687 0.00218487  -0.000547617  -0.00042315  0.000673169  -0.00137046  -0.00179877  -0.00107342  -0.000155781  0.00128725  -0.000331459 
119 0.00133616 2.78808 0.110468 0.115225 -0.0445305  -0.0395909  -0.0521192  -0.00549815  -0.0458471  0.000477714  -0.0336207  -0.044709  0.0183018  0.0184305 
121 0.00585529 0.713013 0.0706285 0.116924 0.0244768  -0.0192177  0.0122093  0.0143735  0.0399383  0.0280657  0.011568  0.00091935  0.0169821  -0.0293 
125 0.00256445 0.888289 0.0630808 0.114111 -0.00209716  -0.0177466  0.0197484  0.0155033  0.00859917  0.0159992  0.0150933  0.0493589  -0.00478551  -0.00354483 
128 0.00375585 1.36963 0.114132 0.124175 -0.0356907  -0.0770799  0.00350376  -0.0391413  0.0413558  -0.0108887  -0.00138995  0.0288268  -0.0390667  0.00886787 
130 0.000214285 0.9701 0.0200724 0.112169 -0.00251918  0.00783413  -0.00231594  -0.00391188  -0.0105948  -0.00658257  -0.0104373  0.00685038  0.00174769  -0.000126996 
131 0.000796029 2.12392 0.0718725 0.115103 -0.0139027  -0.0176409  -0.0129842  0.00871875  0.0064826  -0.0180265  -0.017325  -0.0359641  0.0114078  -0.0482273 
134 0.00193005 0.606464 0.0286864 0.122472 -0.0108085  0.00275653  0.00152002  -0.00307622  -0.0134162  0.020662  -0.000234143  0.0057167  0.00631291  0.00268539 
135 -0.000343053 -11.2628 0.126931 0.119533 -0.0182143  -0.0540512  0.0552246  -0.0571733  -0.00691459  0.0202144  0.075016  0.0127327  -0.0121087  -0.0121231 
136 0.00183533 0.834559 0.0495458 0.122107 -0.00372455  -0.0131128  -7.92051e-06  -0.000704257  0.00837503  0.00803764  -0.00462527  -0.00422644  0.000851968  0.0457575 
137 0.00197841 1.27503 0.0782594 0.115259 0.0162911  0.0105255  -0.0234332  0.00110679  -0.0423663  -0.0224181  0.0037989  0.0305776  0.0375495  0.0232624 
138 0.00356234 0.788599 0.0641035 0.109706 -0.00823727  -0.0217327  -0.0193674  -0.00526446  -0.00353848  0.01816  -0.0413493  -0.00406119  -0.0215611  -0.0251562 
140 0.000112529 0.508349 0.00194015 0.098003 0.00100955  0.000216885  0.000592012  0.000868049  -0.000384742  -0.000637264  0.000440661  -2.8115e-05  -0.000916796  -6.5941e-05 
141 0.00527962 0.76148 0.0742805 0.101816 0.0224474  -0.0477931  -0.0121501  0.0323694  0.00701526  -0.00665179  -0.0325097  -0.0140807  0.00270391  0.0133497 
143 -0.000130644 0.0752316 0.0148994 0.0776323 -0.00607106  0.00352829  -0.000399069  0.00404688  0.00227028  0.002748  0.000513352  0.00312611  0.00471476  -0.0105441 
144 0.00245677 0.892952 0.0621127 0.0833018 -0.016186  -0.0162184  0.0234738  0.00242689  -0.0123238  -0.0323939  -0.00099232  -0.00579931  0.0190239  -0.0343261 
146 0.000789038 0.633276 0.0205125 0.0761701 -0.00611505  -0.00494712  0.00809288  0.00692548  -0.00130525  0.0139541  0.000908057  0.00412867  -0.000235791  0.00557606 
147 0.000813205 1.52623 0.0577558 0.0763751 -0.0186629  -0.0236491  0.011384  -0.00325214  0.0167828  0.0321542  -0.0119308  -0.0197203  -0.019752  0.00714473 
151 0.00134402 0.599384 0.0231258 0.0893366 0.00101804  -0.00158241  0.000564416  0.00333633  -0.0110616  -0.00944063  -0.00147277  -0.0160634  -0.00317277  -0.00616927 
152 0.000539982 0.660239 0.0186049 0.0886377 0.00648188  -0.00583616  -0.00647008  -0.00593668  0.0123274  0.00119724  0.00354087  -0.00228755  -0.000950611  0.00457034 
154 0.00315952 0.711058 0.0516454 0.101182 0.00290126  -0.0367533  -0.0180079  0.00832182  -0.00783495  0.0210349  0.00471418  0.0152491  0.0123659  -0.00171915 
155 0.00157342 0.665666 0.0322944 0.0904814 -0.0215537  0.00448599  0.00139741  -0.00235562  -0.011383  -0.00726881  0.0146586  0.00364151  0.0116981  -0.00183122 
157 -0.000518494 0.445579 0.0106316 0.0962173 0.00321559  0.00486464  -0.000772808  -0.00221996  -0.00315303  -0.00234194  -0.000340362  0.00231591  0.00057102  0.0072297 
162 0.00123814 0.65423 0.0276415 0.143026 0.000125753  -0.00306603  -0.0145641  -0.00799751  0.000506548  -0.0132537  -0.00528656  -0.0102176  0.00861857  0.00979892 
163 0.00815841 0.985655 0.125643 0.147985 -0.0640309  -0.0656685  0.00170473  0.0508173  0.0453219  -0.043033  -0.0109298  -0.00179889  0.0147045  -0.0233195 
164 0.00387576 0.585113 0.0363899 0.122274 0.00170348  -0.0154325  0.0046366  -0.0174379  -0.0098538  0.00967046  0.0112536  0.0132719  0.0147579  0.00681059 
165 0.000881519 0.70895 0.0271435 0.110397 0.0114924  0.00223594  0.00947101  0.00540004  -0.00404476  -0.003566  0.00230476  -0.0103265  0.00350794  0.0180971 
166 0.00411711 0.746921 0.0637529 0.112873 -0.0108006  -0.0142326  0.0337671  -0.00967317  -0.0276758  -0.00255958  0.0114945  -0.00170371  -0.0232025  -0.0326426 
167 0.00283234 1.10539 0.0827471 0.0995999 0.0261529  -0.0421815  -0.0353443  -0.00700526  -0.00795147  -0.0130664  0.0201862  -0.0345427  0.0297938  0.0190585 
169 0.00104439 0.572939 0.0174665 0.0954467 0.00396728  -0.00533057  -0.000752846  -0.0115471  0.00229403  0.00945809  0.00406014  0.00126127  -0.00104548  0.00362437 
170 0.000143801 10.9258 0.0774083 0.0964739 -0.0206432  -0.00172166  0.0262143  -0.0610564  -0.000691924  0.00326066  -0.000446447  0.0251033  -0.0215634  0.00643426 
172 -0.000829966 -0.752041 0.0644711 0.10893 -0.0499815  -0.00704222  -0.0159106  0.00607887  -0.00953919  0.0118677  0.0183096  0.0264883  0.00706067  0.000337317 
174 0.00357153 0.983018 0.0829975 0.123179 -0.0014701  -0.026848  -0.0247518  0.0384202  0.0256463  0.0117312  -0.0120387  -0.0455013  0.0303621  -0.0120145 
176 0.000792913 3.78853 0.102043 0.117773 -0.046371  -0.0320678  -0.0157645  0.0491627  0.0139941  -0.0382013  -0.0441828  -0.00135989  -0.0305271  0.00524626 
177 0.00342643 0.731149 0.0562783 0.116454 0.0142807  0.00394032  -0.000294816  -0.0211261  -0.00504645  0.044797  -0.000416285  0.0210401  -0.00512118  0.000235252 
181 0.00173761 1.2832 0.0737339 0.121673 -0.00436987  -0.0376801  -0.0115856  0.0164636  0.0147439  0.0234074  -0.00524238  -0.0398439  -0.0209988  0.0277716 
184 0.0023977 0.514234 0.011799 0.128362 0.00218305  -0.00866925  0.000816135  -0.00191415  -0.00474568  -0.00110163  -0.00154391  0.00474757  -0.00247859  -0.00040458 
186 0.00137581 1.75497 0.0830463 0.130642 -0.0227284  -0.045201  -7.18379e-05  0.00258455  0.0104992  -0.0293369  0.0161612  -0.0520015  -0.0196904  -0.00252168 
188 0.00309098 0.531373 0.0198 0.132134 0.00671944  -0.00484712  -0.00251627  -0.00861052  -0.00605459  -0.00255115  0.00398311  0.00938996  -0.00283609  -0.00936357 
189 0.0029143 1.47649 0.106558 0.124574 -0.0276352  -0.0312154  0.00449855  -0.00517319  -0.0352407  -0.00916288  0.0115141  0.0426194  0.0410846  -0.0678735 
191 0.00120383 0.516621 0.00898387 0.117995 0.00120165  -0.00475943  0.00534388  -0.000554483  -0.00330608  0.00379613  -0.000424562  0.00108141  0.000988981  -0.000284047 
193 0.00725005 0.591315 0.0516121 0.121146 0.00333655  -0.0250937  0.00871921  -0.0101871  0.00947362  -0.00119215  -0.00215143  0.032732  -0.0203037  0.0162403 
194 0.00125751 0.794829 0.0385044 0.0910643 -0.0151098  -0.0215064  0.0153127  0.00870686  -0.00781894  -0.00590427  -0.00913817  0.0071052  0.015854  -0.000359428 
197 0.00107988 0.631532 0.023841 0.096008 0.00644262  -0.0014406  0.0117724  -0.0150068  -0.000343632  0.00214896  -0.00740326  -0.0100413  0.000528669  -0.000603397 
198 0.00387939 0.96654 0.085009 0.0963749 -0.00135246  -0.0372538  0.0177557  -0.0276469  0.0242846  0.0172716  -0.0267078  -0.0274844  -0.0138544  0.0469952 
199 0.00127436 0.72121 0.0335789 0.0778935 0.00858559  -0.0170348  -0.00154074  -0.00269939  -0.00971984  -0.0107344  0.0122757  -0.0080543  0.0140273  -0.011487 
200 -4.54625e-05 0.490364 0.00132416 0.0734572 0.000120192  0.000222591  8.14696e-05  -0.000850173  0.000180474  0.000661568  0.000587042  0.000277748  0.000102231  -0.000239833 
203 0.00113559 0.831029 0.0387707 0.0790479 -0.00263478  -0.0200319  -0.0108845  -0.0148749  -0.0161106  0.00875532  0.0202829  -0.00077538  0.000831566  -0.00251294 
206 0.00190116 0.640621 0.0327112 0.0715096 -0.00323552  -0.00639255  -0.00230033  0.013805  -0.0173938  -0.0196448  -0.00117496  0.00999401  -0.00054832  0.00572683 
207 0.00104858 1.0292 0.0471001 0.0566944 -0.00954437  -0.00724048  0.010937  -0.00235293  0.0110462  0.000581014  -0.0166778  0.0154724  -0.0289927  0.0216627 
208 0.0005593 0.687566 0.0204851 0.0465428 -0.00474906  -0.00308148  -0.00599787  0.00975124  -0.00875622  0.00571909  0.00188927  -0.00581407  0.00842516  -0.00622843 
211 -1.41184e-07 0.499522 1.64223e-05 0.0400885 -3.57006e-06  -4.30373e-06  4.87283e-06  -8.23993e-06  5.33259e-06  6.79037e-06  1.14081e-06  -1.5834e-07  -2.99863e-06  7.86882e-06 
220 -4.28669e-06 0.496512 0.000244586 0.0400902 -2.07732e-05  6.8507e-06  -0.000186425  3.98202e-05  -0.00012756  5.04686e-05  -5.91765e-05  1.35321e-05  8.01525e-06  -2.08819e-05 
222 0.000424493 0.946609 0.0275352 0.0401436 -0.00370871  0.0086968  0.00697608  0.0186114  -0.000726416  0.005473  0.00390867  0.00846851  -0.0052921  0.0113255 
226 1.71161e-05 0.507099 0.000697255 0.0344545 -0.000146105  0.00011278  0.000149957  0.000239391  0.000151381  0.000293197  0.000428091  1.39386e-05  -0.000245664  -0.000140058 
228 -0.000408173 0.215593 0.0215523 0.0342052 -0.0080997  -0.0056455  -6.61885e-05  -0.0029332  -0.0126131  -0.00372068  0.00437448  -0.00203271  -0.0109326  -0.00653406 
229 0.000102634 2.84333 0.031014 0.0397272 0.00820684  -0.0125771  0.0130082  0.00402897  -0.00396218  -0.00105206  0.0154142  0.00419255  -0.0019263  -0.0165889 
230 0.000399075 0.661924 0.0160779 0.0384138 0.00989026  -0.00879451  -0.000829022  0.00178362  0.0052482  -0.00184941  0.00428011  -0.000812065  0.00531548  -0.0011279 
231 -0.000333431 0.290903 0.0167024 0.032812 0.00368586  0.00153198  -0.00204372  -0.000814755  0.0054288  -0.00204716  0.00161053  -0.0021481  -0.00525572  -0.0137733 
233 -0.000188413 0.367455 0.00999593 0.0375515 0.000549118  0.000290014  0.00360744  -0.000350716  0.00342904  -0.00195939  0.00302438  0.00537804  -0.00556155  0.00134082 
234 -9.21698e-05 0.46939 0.00336005 0.0399818 -0.000788004  -0.00106079  0.00166249  -0.000787325  -0.000473363  -0.000648776  0.000962869  -1.1614e-05  -0.00125711  0.00173418 
238 -0.00020535 0.367516 0.0104333 0.0411183 0.00275317  0.00265331  0.00102338  0.00805002  -0.000127574  0.000731521  -0.00139427  0.00317847  -0.0030866  -0.00250149 
239 -5.48855e-05 -2.29655 0.0247776 0.0435441 -0.00982241  -0.00571217  0.00281685  0.00631349  0.0193374  0.00276184  -0.00429641  0.00417431  -0.00137153  0.00420706 
240 -0.00068032 0.100219 0.0329905 0.0441698 0.0129423  -0.0118615  0.00443033  -0.0177296  -0.0027593  0.00720059  -0.00680623  0.0109976  -0.0043667  0.0141564 
242 -8.76571e-05 -4.47646 0.0417683 0.0512984 0.00406183  -0.00488223  -0.000750394  0.0219999  -0.00244864  0.0213903  0.00138228  -0.00232505  0.024231  0.0127161 
243 8.09384e-05 8.75293 0.0516809 0.0521458 -0.00889882  0.00489397  -0.0435683  -0.00481284  0.0161398  0.00873402  0.0145131  -0.00857361  0.000311711  0.00504067 
244 0.000157827 0.591888 0.0076169 0.0513639 -0.000900444  0.00343501  0.000754226  -0.00063904  0.000220438  -0.00052014  0.00216689  -0.00503713  0.00220816  0.00302764 
245 0.000163352 1.51372 0.0257348 0.049804 -0.000965736  0.0013457  0.00902033  -0.0021105  0.00335313  0.00360475  -0.00276951  -0.010561  -0.00940166  -0.0184901 
247 0.000918771 0.824662 0.0345377 0.0481362 -0.00544989  -0.000290597  -0.0056959  -0.00516604  -0.00638683  -0.0250421  0.0026762  0.00606841  0.0188648  -0.00601398 
249 -0.000379415 0.196842 0.0214528 0.0373999 0.00776072  0.0115057  -0.0023592  -0.00607747  -0.00704149  0.00652702  0.00935959  -0.00111864  0.0040799  -0.00523713 
253 1.95224e-05 44.0071 0.0582751 0.0421691 -0.00263199  -0.00471119  0.0360269  0.0119578  -0.00825563  -0.00559867  -0.0385209  -0.0173448  -0.00279213  -0.00582473 
254 0.000692891 0.881155 0.0324982 0.041937 0.0128014  0.00794297  -0.0241465  0.00739547  -0.00166914  0.00336547  0.00372789  0.00975368  -0.00821831  0.000856185 
258 8.5967e-05 0.706751 0.0084318 0.0326506 0.000666367  0.00439663  -0.00107895  -0.000246324  -0.000982281  -0.0027699  -0.000528725  -0.00283234  0.00456789  0.00350591 
260 -0.000558155 0.317445 0.0201946 0.0313066 -0.00396025  -0.00650275  0.0120274  -0.00353739  -0.000139859  0.000495355  0.00115537  0.00336051  0.00804961  -0.0107235 
261 -6.83883e-06 -42.7574 0.0343969 0.0392226 -0.0138791  0.0204144  0.0107197  -0.00687018  0.000103253  -0.001125  -0.00531045  -0.0130297  -0.00630265  0.013141 
262 3.03612e-05 0.580065 0.00311829 0.0393097 -0.000264683  4.54897e-05  -0.00148337  0.0011907  -0.00220511  2.46508e-05  0.0007068  -0.000286066  0.000483811  0.000595704 
263 0.000486598 0.541363 0.00897809 0.0389216 -1.55751e-05  -0.00242516  -0.0020572  -0.00221644  0.00163987  -0.000851565  0.00301885  0.00289081  -0.00644272  0.00178512 
264 4.71284e-05 1.27889 0.0121172 0.0320688 0.00283806  0.00165429  -0.00594527  -0.00145102  -0.000350257  -0.00107885  0.00255032  0.000536971  0.00950469  0.000406681 
265 -1.32206e-05 -1.93873 0.0113563 0.0313254 0.00507026  -0.00457096  -0.000120672  -0.00432482  -0.00391048  -0.0039124  -0.0028457  0.00290409  0.00135157  -0.00383244 
266 -2.50925e-05 -2.05349 0.016009 0.0315357 -0.00342707  -0.00251623  -0.0061759  0.00292269  -0.00477464  -0.000284106  -0.00423975  0.00892045  -0.00589996  -0.00602426 
267 0.000177749 0.941527 0.0177172 0.0319311 -0.00713898  -0.0079683  -0.00598367  0.00735838  4.61922e-05  0.00570932  0.00433786  0.0049722  -0.00286364  0.00501518 
268 -3.56366e-05 0.210278 0.00642651 0.0290149 0.00318476  0.000339226  -0.00334621  0.00389011  -0.000596513  -0.000242439  -0.00135493  0.000425214  -0.000408005  0.00145412 
271 -0.000208969 -0.0494622 0.0214319 0.0296226 0.00967403  0.000557173  0.00536394  0.00151876  -0.00322649  -0.0107352  0.00023702  0.00295286  -0.0129318  -0.00571751 
272 -0.000107502 -6.65071 0.0554424 0.032962 0.00598172  -0.00871312  0.00515961  0.00203426  0.0185499  -0.00224589  0.0347759  -0.00556898  0.0107332  0.035024 
275 -0.00013153 -0.0585818 0.0171435 0.0345543 -0.000959211  0.000936491  0.00428335  -0.00542707  -0.00378386  -0.00690756  0.00610129  0.000605057  -0.0046686  -0.0110852 
276 -0.000139016 0.265697 0.0114151 0.0364079 0.000246349  0.00341278  0.00281093  -0.00150225  -0.00391606  0.00141778  0.000962877  -0.00224015  -0.00870437  -0.00306284 
279 0.000456858 0.721773 0.0201313 0.0382696 -0.00396923  0.0060437  -0.00436601  -0.000100141  0.003101  0.00860413  -0.0077273  0.0040331  -0.00342882  -0.0127488 
281 0.000112919 2.16212 0.0273977 0.031746 0.00893588  0.00689433  0.000275418  -0.00626285  0.00539864  0.00671997  -0.0163813  0.0151485  0.00343926  -1.65009e-05 
282 -0.000148808 0.178 0.0138451 0.0299148 -0.00415258  -0.00123461  -0.000222277  0.00241146  0.00695354  0.000145237  -0.00750814  0.00659497  0.00423925  -0.000918205 
283 1.17467e-05 0.514471 0.000824628 0.0323066 -7.36096e-05  -0.000228831  -5.04411e-05  -0.000315142  0.000166514  -0.000639599  0.000138839  -0.000145365  -0.000131928  -0.000160449 
288 -6.41503e-05 -0.440331 0.0155336 0.0321243 -0.00118754  0.00879898  -0.00312841  -0.000767971  0.00468542  0.00691074  0.00387554  -0.00800611  -0.00158084  0.00086923 
289 -5.34546e-05 0.442554 0.00350496 0.0331077 -0.000520947  0.00142405  -0.000691143  0.00111575  0.00127991  -0.000887762  -0.00157107  0.000935961  0.0015783  3.59042e-05 
290 -0.000249613 0.245537 0.0159413 0.0339054 0.00587956  0.00655313  -0.00287471  -0.000817908  -0.00215167  0.00436309  0.000552647  -0.0110926  -0.00449749  0.000659337 
291 -8.59555e-05 0.345418 0.0072907 0.0374062 -0.0024216  0.00359048  -9.12095e-05  -0.000988204  -0.00165662  -0.00238491  0.00102745  0.0002432  0.00267793  -0.00408601 
292 0.000104028 0.672794 0.00847954 0.038538 -0.00377695  0.00115453  0.00362913  0.000709859  0.00123537  -8.28116e-05  0.000489716  -0.00333662  -0.00156841  0.0052215 
293 0.000126557 0.995747 0.0158412 0.0371639 -0.00420646  -0.00255789  -0.00183684  -0.00395675  0.0054001  -0.00365914  -0.0112424  -0.00288179  -0.0017369  0.0052359 
294 -7.63525e-05 -1.40812 0.02414 0.0354205 -0.00303833  -0.0112374  -0.00428175  0.0125713  0.00561895  0.00138564  0.0100243  0.00889339  0.00113976  -0.00751604 
295 0.000251413 0.640355 0.011881 0.0364824 0.00363769  0.00298575  0.0033062  0.000447965  -0.00788294  -0.00132205  -0.00384772  -0.00332653  -0.00367568  0.00214716 
299 0.000231093 1.53481 0.030925 0.032857 -0.00164763  -0.0074491  -0.000650081  -0.00936892  -0.0161324  -0.0123701  0.00445433  -0.0128601  -0.0123992  0.00759698 
300 4.26231e-05 0.514022 0.00154646 0.0291293 -0.000589746  -7.14446e-05  -0.000343565  0.000139648  -0.000280061  -0.000660489  0.000104629  0.00101431  0.000534505  0.000246884 
301 6.20689e-05 2.84312 0.0241181 0.0283883 0.00236808  -0.000567689  0.00657657  -0.0101527  -0.00259852  0.0051439  -0.0141137  -0.00191596  0.008213  0.0112201 
302 -7.74966e-05 0.421685 0.00492753 0.0272732 0.00245295  -0.000940625  -0.000522162  -0.000474015  0.00108547  0.00185777  0.00127758  0.00101752  -0.00175995  0.00254694 
303 0.000206487 0.577037 0.00797767 0.0286588 -0.00360442  -0.00467808  -0.00277011  -0.00130244  -0.00137354  -0.00259306  0.000950809  0.00191767  0.00246569  0.000354232 
306 5.94369e-05 1.86135 0.0179899 0.0247964 -0.00183467  0.00481075  0.0109114  -0.00172912  -0.00170987  -0.00583568  0.00683914  0.00203536  0.0074798  -0.00558894 
307 -0.000108922 -1.72738 0.0311509 0.0235675 0.00620294  -0.0135986  0.00344314  0.0144648  0.012542  0.00949925  0.00240813  -0.00851511  0.00913167  -0.0108012 
308 1.59292e-06 1.88538 0.00297106 0.0257751 0.00193025  -0.000510666  -0.000760184  0.001194  -0.00025548  0.000847262  0.000439458  0.000509797  -0.000428173  0.00119061 
312 -0.000585678 0.323728 0.020328 0.0257441 0.000143041  0.0016035  0.00989411  -0.000328971  -0.0148428  -0.00315845  -0.000195255  -0.00329983  0.00791316  -0.00296731 
314 -0.000777485 -0.0296776 0.040594 0.0353357 -0.0214654  0.0174631  0.00595632  0.000114339  0.00740236  -0.0170231  -0.0172804  0.00355764  -0.00580143  0.0125359 
315 -0.000374708 -0.0843151 0.0295961 0.0450155 0.00126031  -0.00544925  -0.0030791  0.00663685  0.00360873  0.000171894  -0.00709891  0.0051807  -0.0150418  -0.0217847 
316 0.000427258 0.563876 0.0104514 0.0490018 -0.0011823  -0.00195936  -0.00398181  -0.0029225  -0.00138105  0.00200772  0.00285033  -0.00676641  -0.000454359  0.0044211 
318 1.92542e-05 0.539751 0.00174976 0.0444298 0.000736728  -0.000601016  -0.000754273  0.000376587  8.73306e-06  0.000696465  -0.000613117  2.43699e-05  -0.00049715  -0.000581479 
319 1.05379e-06 26.247 0.0104176 0.0442126 -0.000885989  -0.00330159  -0.00113313  -0.00585924  0.00754865  0.000558171  -0.000305918  0.000969273  -0.00170264  1.35719e-05 
320 0.000470763 0.550916 0.00979616 0.0442007 0.00467855  -9.04182e-05  -0.00547748  0.00275638  0.00246109  -0.00028254  0.00541463  -0.000291933  0.000958443  9.1963e-05 
322 3.25892e-05 0.55918 0.00277758 0.0385104 -0.000518547  -0.00145212  -0.00161853  0.000368975  -0.00102299  0.000540352  -0.000332604  -0.000927574  8.64252e-05  -0.000514426 
323 -2.60256e-05 -0.0263597 0.00740243 0.0380849 -0.00041574  0.00276034  0.00250707  -0.00239917  -0.000499667  0.00204311  -0.00293801  -0.000990745  0.00147561  0.00432981 
325 1.21697e-05 0.563237 0.00175452 0.0384251 -2.83869e-05  -0.000439708  -0.000355822  -0.000215034  -0.000797961  -0.00102145  -0.000595036  -3.1833e-05  0.000794525  0.000211863 
331 -0.000667766 0.34881 0.0201041 0.0382664 -0.000514518  -0.00835062  -0.00237626  -0.0100727  -0.00613216  0.00242854  -0.000684915  -0.00744814  -0.00973006  -0.00574045 
335 0.000306465 1.1619 0.0284823 0.0461769 0.00690149  -0.00962682  -0.0113764  0.00924733  0.00684642  0.00762146  0.00380236  0.0100147  -0.00972893  0.0119009 
337 3.32099e-05 5.19006 0.0249593 0.0427304 0.000198904  0.00114705  0.0106789  -0.00369688  0.00309316  -0.0144647  8.83326e-06  0.00777355  0.00786661  0.0123612 
338 -0.000218439 -0.425756 0.0284414 0.04234 0.00518689  0.0014697  -0.00593605  -0.0228526  -0.00478169  -0.00770481  -0.000862235  -0.00282495  0.010809  -0.00381951 
339 2.5632e-05 0.84451 0.00594321 0.0448457 0.0001881  0.00155116  0.00171313  0.00155463  -2.32726e-05  -0.00095505  0.00115571  -0.00364718  -0.000274454  -0.00345006 
340 0.00024867 0.58509 0.0092009 0.044559 0.00297042  0.00206162  -0.00179293  0.0011479  0.00122315  0.00596854  -0.00396276  -0.000212507  0.00362967  0.00100386 
341 -0.000195676 0.443777 0.00663544 0.0416758 0.000204696  -0.000534531  -0.00442713  0.000775413  0.00187849  -0.00214208  -0.00255083  0.000311045  -0.00285568  -0.000790621 
343 -3.55412e-05 0.467807 0.00213951 0.043961 -0.000188981  5.94589e-05  0.000114337  -0.00117692  0.000165425  0.000202712  -4.30203e-05  0.00151191  -0.000814111  -0.000347943 
344 -0.000450528 0.232092 0.0219768 0.0443634 -0.00339799  -0.00341009  0.00382122  -0.000468651  -0.00620238  -0.00681145  0.0084926  0.00565463  -0.0118186  -0.0107862 
345 0.00145712 0.83134 0.0439363 0.0491807 -0.0013268  0.00276568  0.00465636  0.0195676  0.00195166  0.0160554  0.0222444  -0.00687434  0.0138367  0.0228322 
351 0.000125893 1.13133 0.0178297 0.031027 0.00494777  0.00166428  0.00690832  -5.10986e-05  -0.00767716  0.00292146  0.00480773  0.00778258  0.00458279  -0.00841192 
