generation s h r distopt trait[0] trait[1] trait[2] trait[3] trait[4] trait[5] trait[6] trait[7] trait[8] trait[9] 
5 0.000567306 0.944452 0.0317539 0.04 -0.0153261  -0.0125243  -0.0035866  0.014956  0.0138064  -0.00489397  -0.000662816  -0.000262972  -0.009994  -0.00806617 
6 0.000145209 0.55561 0.00568404 0.03923 -0.00197919  -0.00346902  -0.00106226  -0.000239501  0.000988832  -0.000486674  0.00148895  0.00289764  -0.00180319  0.000302999 
8 0.000187524 5.22754 0.0595333 0.0534038 -0.0414813  -0.00738582  -0.00806485  -0.0278693  -0.0086702  -0.0174983  0.00802915  0.00197455  -0.0178138  0.0126558 
14 -0.000201774 0.365952 0.0104029 0.0877068 0.000122526  -0.00103225  0.00595075  -0.00295595  -0.0029511  -0.00340139  -0.00234812  0.0037138  -0.00369663  -0.00312103 
16 0.00215049 1.67032 0.100229 0.105568 0.00837778  -0.0513937  0.0305369  0.000551444  -0.00573186  0.0407324  -0.0360021  -0.038898  0.0152486  0.0408396 
22 0.00631094 0.900037 0.100368 0.141057 -0.0488969  -0.0529492  -0.0247636  -0.00593094  0.0199458  0.0145851  -0.0292633  0.0351763  -0.0383184  0.00763546 
23 0.0023115 1.00075 0.0680045 0.121171 -0.0197525  -0.025735  0.0419804  0.0205839  -0.023137  0.0165984  0.00718413  -0.00334691  -0.00508971  -0.0220584 
25 0.0018607 0.629638 0.0310739 0.117644 0.0104078  -0.00490662  -0.015786  -0.00741003  0.00470557  -0.004262  0.00721828  -0.0119766  0.00224969  -0.0169755 
26 0.001152 2.09975 0.085798 0.114421 -0.024925  0.038808  0.0133566  -0.0464786  -0.018728  -0.0122017  0.0274398  0.00591824  0.0324792  -0.0235124 
29 0.00906358 0.735094 0.0922846 0.130624 -0.0403592  -0.00283234  -0.0347566  0.0427579  -0.00830063  -0.0271234  0.0465221  -0.00226853  0.0248259  0.0159038 
32 0.00163406 1.47644 0.0798329 0.114584 -0.00595203  -0.0275745  -0.0446205  0.00420945  0.0417836  -0.00537651  0.00485617  -0.0280604  -0.0235617  -0.0206857 
33 0.0042402 0.649884 0.0504473 0.114539 -0.0267626  -0.0195669  0.00300744  -0.0156602  -0.0232939  -0.0178694  0.00513048  0.0100946  0.0129761  -0.00574614 
34 0.00396831 0.943319 0.0838133 0.100275 -0.00383873  -0.0428543  0.00676678  0.0235208  -0.00562799  0.0263225  -0.0371241  0.0226534  0.02004  -0.0394576 
35 0.000512104 1.14539 0.0363537 0.0824706 -0.0113498  -0.00125025  -0.0074436  0.00247941  0.00925873  -0.0105844  0.0267219  0.00911954  0.00479045  0.0105703 
36 0.00297874 0.947792 0.0729957 0.0837739 -0.0178461  -0.0135429  -0.000545609  -0.0230287  0.0198531  0.0344098  -0.0158485  -0.0153516  -0.0269634  0.0387789 
38 0.000881364 1.00523 0.0421946 0.0722026 -0.0226743  -0.0189977  0.0150761  0.00702526  0.00170006  0.00606926  0.00746102  -0.0229112  -0.00289393  0.000115368 
41 0.00380094 0.897578 0.0776909 0.0762786 -0.0303271  -0.0159379  0.00505875  0.0255081  0.00169179  -0.0479843  -0.00148607  0.0410903  0.00713773  0.0117876 
43 -0.000851747 -0.0483821 0.0432326 0.052028 -0.0133222  -0.00458721  0.0198504  -0.0104233  -0.0142973  -0.0266025  0.0110012  -0.00861191  0.00133295  0.00766642 
45 0.000649356 0.914144 0.0327937 0.0673401 -0.0132535  -0.00317358  -0.00608905  -0.0120404  -0.010226  0.0136786  0.00536337  -0.00324111  0.0160167  -0.0109621 
47 -1.15706e-05 0.486488 0.000790836 0.0720874 5.22736e-06  -9.21759e-05  -0.00031038  -0.000324337  0.000416671  -0.000435859  -9.77141e-05  0.000130141  4.68009e-05  -0.000152005 
48 0.00129205 1.90198 0.0850607 0.0785013 -0.0186816  -0.047871  -0.000473055  0.00821956  0.0505414  -0.0196556  -0.033521  0.0138916  -0.00243253  -0.0162348 
52 0.00139688 1.90402 0.0885032 0.0832083 -0.0414651  -0.0248266  0.0163867  0.0149098  0.00959579  0.0523524  -0.0264439  -0.0298866  0.0219815  0.00988703 
57 0.00331349 1.0167 0.0826843 0.0889138 -0.0247524  -0.0408665  -0.00157111  -0.0470092  -0.0325539  -0.00332458  -0.00927144  -0.0210062  -0.0236575  0.0135606 
58 0.00015919 0.674556 0.0105429 0.0688857 -0.00333063  -0.00122492  -0.00672665  -0.000537665  -0.00477699  0.000797777  -0.000630555  1.54837e-05  -0.00339863  0.00419726 
60 0.0018305 0.652783 0.033454 0.0731602 -0.00230647  -0.00257427  0.00350626  0.0157597  -0.0212059  -0.0099777  0.00423302  0.00622133  0.0136912  -0.00729684 
63 0.00215181 0.736633 0.045126 0.0772401 -0.00292861  -0.0164677  -0.0164111  0.0155757  0.000370682  0.0164004  0.0294751  -0.0048794  0.00317115  0.00853842 
67 0.00226181 0.943741 0.0633296 0.0936798 -0.0463048  -0.00275075  -0.00961416  0.0233511  0.0134719  -0.0241243  0.0210465  0.00288253  -0.00130985  -0.00218441 
69 -0.000284817 -0.0425549 0.0248635 0.0938554 -0.0134874  -0.00197024  -0.00535224  -0.00993061  -0.00559539  -0.00234131  -0.00186196  -0.00656307  0.0140809  -0.00485157 
71 0.000246939 0.504243 0.00205452 0.108391 7.1179e-05  -0.00159198  -2.32371e-05  -0.000582689  0.000385989  4.56841e-05  -0.000267214  0.00010396  0.000748784  0.00073997 
72 9.34279e-05 13.0899 0.0685711 0.114489 -0.002619  -0.0135746  0.00727092  -0.0385724  0.0234374  -0.0299374  -0.0362333  0.00178676  -0.0121358  -0.00782874 
73 0.0041781 0.810458 0.0719932 0.120794 -0.0219731  -0.0421762  0.0125704  0.0077919  -0.0294778  -0.0236261  0.0327867  -0.0123357  -0.00654189  -0.00236243 
76 0.000539627 5.25944 0.101279 0.116753 0.000521837  -0.0398053  -0.0360245  -0.00855591  -0.0505195  0.0360492  -0.0427339  0.0138798  0.0376963  -0.00319252 
78 0.00341891 0.713364 0.0540155 0.122964 -0.0169313  -0.0216229  -0.013115  -0.0213259  0.0197354  -0.00610097  0.00518277  0.00259801  -0.0313897  0.00954104 
79 -0.000639534 0.486463 0.00590295 0.111696 0.000376361  -0.000567489  -0.00196755  -0.00167443  -0.00455763  0.00180978  -0.00162341  0.000672229  0.000756024  3.15993e-06 
83 0.00163961 0.72277 0.0382218 0.134836 -0.0168736  0.00755538  0.00142653  0.0209548  -0.011164  -0.00359887  0.00822072  -0.00434874  -0.008595  -0.0194939 
84 0.00175272 0.555647 0.0197814 0.134822 -0.0157801  -0.000375783  0.001021  0.00495999  0.00526849  0.0013007  -0.00369773  -0.00366426  0.0025974  -0.00729462 
86 0.00332318 0.556416 0.027461 0.140847 -0.00456058  0.00395237  0.00961886  0.00285937  0.00902636  0.00429476  0.00861426  0.00719374  -0.0181836  0.0077761 
88 0.00382104 0.76448 0.0635601 0.143927 -0.00935434  -0.0193967  0.0186165  -0.0234075  0.0345544  0.00348731  -0.00537016  0.00400122  0.0317421  -0.0205692 
89 0.00583592 0.708111 0.069699 0.137448 -0.0187342  -0.0123123  0.0248918  -0.00395384  -0.0192303  0.0440375  0.0167572  0.0333184  0.0044778  0.000279396 
91 0.00058758 0.617688 0.0166339 0.129524 -0.00791754  -0.00439654  0.00170738  -0.00571052  0.00166705  -0.00675433  0.003172  -0.00600899  0.00803406  0.000168089 
94 0.00202647 1.26611 0.0787459 0.150738 -0.0292546  -0.00357677  -0.0124137  0.0102301  -0.0376836  -0.00964464  0.0216873  0.00970636  -0.0540461  -0.00865604 
95 0.0035148 0.790906 0.0639281 0.151032 0.00279509  -0.0252248  -0.0240695  0.0365218  -0.00208759  -0.0220264  -0.017965  -0.0229353  -0.011501  -0.00767813 
96 0.00802588 0.634122 0.0657132 0.145939 -0.0114743  -0.0379671  0.0234518  0.00165315  0.0277931  -0.020866  -0.0019676  0.0306198  -0.00537022  -0.00377142 
97 0.000183405 20.8709 0.122128 0.12166 -0.00985485  -0.0548904  -0.0055254  -0.000188024  0.0356475  0.05461  0.0680926  0.0472958  0.024662  0.00632605 
99 0.00590335 0.572469 0.0415111 0.127986 -0.0149525  0.00710913  0.00635501  0.0140237  0.00734825  -0.01272  -0.0227419  -0.0209029  0.00515353  -0.00394063 
101 0.00372705 0.600235 0.0387065 0.113292 -0.00279788  -0.0222634  0.0221468  -0.0153742  -0.00631368  -0.00219924  -0.00738813  -0.00967283  -0.00444885  0.00743103 
105 0.00322235 0.778914 0.0599402 0.121567 -0.00053023  -0.0248616  -0.0135753  0.0098162  0.022447  -0.00216911  0.00248277  -0.0089134  -0.0186324  0.0418622 
106 0.000467607 5.26312 0.094325 0.114534 -0.0616231  0.00572658  -0.0313956  0.0254029  7.14408e-05  -0.0332536  0.0118573  0.032169  0.0284017  0.0186575 
107 0.000445414 0.527072 0.0069513 0.116692 -0.00527653  0.00138084  0.00186933  -0.00243976  -0.00038923  -0.000221543  0.000815659  -0.000289087  0.00147406  -0.00245009 
109 0.00285095 0.753532 0.0537599 0.124876 -0.0161322  -0.00676885  0.0381103  -0.0239658  0.00438487  -0.00930665  0.00784904  -0.0176984  -0.00822217  -0.00300288 
111 0.00211839 0.911154 0.0589998 0.123781 -0.0146892  -0.0237869  -0.0151257  -0.00974204  0.0107589  0.0139544  -0.0166756  0.0192245  -0.0366826  0.00848157 
112 0.00506431 0.590427 0.0428895 0.119369 -0.0256436  0.00419655  0.00344399  -0.00337911  -0.0172743  0.0160382  -0.0208783  -0.00916858  -0.00585252  -0.00558432 
113 0.00258482 0.608447 0.0335111 0.100684 -0.00151189  -0.0115724  -0.00135306  0.00372749  0.0064184  0.00515343  0.00788692  -0.0166525  0.01626  0.0173034 
119 0.00363266 0.591317 0.0364807 0.127612 -0.00521632  -0.00407036  4.20211e-05  0.0269567  -0.0136453  0.00314495  -0.00761415  -0.003725  0.00895612  -0.0145688 
120 0.00438969 0.650058 0.0513594 0.121171 -0.0208995  -0.0205641  -0.00237828  -0.0112903  0.00718609  0.00743242  -0.018126  0.0202846  -0.000379543  -0.0282481 
121 0.00636093 1.02269 0.115132 0.109268 0.000235765  -0.07601  -0.000611264  -0.000914598  0.0146653  0.0320234  -0.0183566  -0.061701  0.0121886  0.0440843 
124 0.000599088 2.15601 0.0629714 0.0921698 -0.0421297  0.00543061  -0.0363658  0.0126211  -0.00585725  -0.00372674  0.014617  -0.00228758  0.00846216  0.0184536 
126 -0.000119768 0.362215 0.00812525 0.0989415 0.00193942  0.00111795  0.00287856  0.00231274  -0.00206335  0.00364919  0.00442304  0.00307172  0.000629554  0.000636033 
127 -0.000154548 0.491137 0.0023434 0.105825 0.000556476  0.000360677  0.00106435  0.00106489  -0.000108291  0.000454854  -0.000386801  -0.00133517  0.000272302  0.000748238 
128 0.00227678 0.952983 0.0641962 0.113385 -0.0169087  -0.0182281  -0.0217429  0.013465  0.00577968  -0.00990686  -0.00890137  0.0324004  0.0133712  -0.0375442 
130 0.00236748 4.42789 0.192313 0.114864 -0.0452507  -0.0867152  0.134554  -0.0314611  -0.0649445  -0.0222875  0.00569892  0.0397663  -0.0231674  -0.0381759 
132 0.00100341 0.531516 0.0112664 0.102509 0.00398021  0.000612873  -0.00223703  -0.000257237  0.00331687  -0.000453382  0.0037391  -0.00480805  -0.00368984  0.00661232 
133 0.0007707 1.40551 0.0528181 0.0985381 0.00628391  0.00287327  -0.00381522  -0.021699  0.0308322  0.000755252  0.00166387  -0.022014  0.0226172  -0.0175069 
135 0.00228776 0.735121 0.0463808 0.101031 -0.00849244  -0.0161537  -0.0167043  0.0307484  -0.00937996  -0.00617949  -0.00896864  -0.00120816  -0.0175395  -0.00882731 
137 0.00296096 0.756297 0.0550843 0.0964009 -0.00537759  0.00843369  -0.00779394  -0.0129081  0.0252946  0.014414  0.00729343  -0.0353592  0.0138097  0.019108 
143 0.00722054 0.665443 0.0691681 0.124534 -0.049822  -0.0178216  -0.00192043  0.0151753  0.00543863  0.0279511  -0.0279686  -0.0117743  0.00312451  0.00298663 
146 0.00448805 1.02224 0.0967131 0.112828 -0.084955  -0.00188869  -0.0165838  -0.0030555  -0.0122396  0.00783183  0.00434604  -0.0267984  0.00582797  0.0294278 
149 0.00225786 1.09969 0.0735452 0.103845 0.0124843  -0.0184  -0.0555179  -0.0163525  -0.0129255  0.00732012  0.00527908  0.0239536  0.00159859  -0.0272026 
151 0.00464787 0.694705 0.0601712 0.105114 0.00570557  -0.029083  -0.000174109  0.010176  -0.0137295  -0.0140001  0.00655097  0.0114615  -0.042268  0.0171246 
157 0.00899496 0.699514 0.0847353 0.129575 -0.0288791  -0.0355105  0.0366747  0.0155443  -0.000538068  -0.0286595  -0.027945  0.0252381  0.000821366  0.035471 
159 0.0013977 4.1379 0.142387 0.105228 -0.0349452  -0.0612159  0.00913334  -0.0183029  0.00730275  0.0350464  0.016933  -0.0917919  0.0417635  -0.0561148 
161 0.000974181 0.845123 0.0366666 0.104855 0.00608779  0.00116474  -0.0149673  -0.0184646  0.0202659  -0.00864941  -0.00616171  0.0140325  0.00409872  -0.00196578 
163 0.00132307 1.70487 0.0798003 0.111104 -0.0265346  -0.0344789  0.0587992  -0.00918907  0.00103153  -0.0100956  0.0105804  -0.00736219  -0.015931  0.0202605 
166 0.00167328 3.65029 0.144961 0.115838 -0.0428326  -0.0647948  -0.0548714  0.029832  -0.0811492  -0.0257222  0.0271784  0.0139607  0.00739897  0.0533369 
168 0.00129794 0.700114 0.0322331 0.106301 -0.000453586  0.00631398  -0.0156971  -0.00512817  0.000119072  -0.00499373  -0.0163168  0.0176874  -0.00473976  0.00998535 
170 0.00271843 0.56044 0.0256894 0.102577 -0.00569168  0.0140796  0.00313601  0.00483063  0.0155433  0.0103156  -0.0019973  -0.000669796  0.00532067  -0.00392339 
172 0.00244545 0.828255 0.0566454 0.0967665 -0.0354811  -0.00729404  0.029128  -0.00528391  0.00718518  0.0069469  -0.00197942  -0.0050902  0.0263888  -0.0139339 
174 0.00303568 1.11757 0.0865171 0.0898214 0.00393634  -0.00523743  -0.0325456  0.00318374  0.0222143  -0.00947219  0.0192244  0.0322172  -0.00161318  -0.0661786 
175 -0.000185822 0.291524 0.0124493 0.0767575 0.000828026  0.00127926  0.00711817  0.00275294  -0.00204534  -0.0076609  -0.00264867  -0.00245644  0.00297378  0.00310667 
179 0.000107479 0.504938 0.0014589 0.107779 0.000178889  -0.000379786  -5.5005e-05  -3.85924e-05  2.30647e-05  0.000717833  -0.000977354  0.000319675  5.2198e-05  0.000609653 
181 0.00529953 0.871474 0.0886566 0.124389 -0.052625  -0.0240275  0.00118238  -0.0019254  -0.0355185  -0.0314652  0.00909851  0.0372887  -0.00729577  0.0270205 
184 0.00230685 0.939641 0.0636606 0.119919 0.00111552  -0.0174733  0.00505504  -0.0342104  0.00390819  -0.00379698  -0.00350515  -0.0152326  -0.045928  0.0129158 
185 0.00455413 0.925289 0.0879349 0.116802 -0.0439973  0.00294961  0.00584799  0.0315534  0.0122015  0.0456259  -0.000310282  0.0182201  -0.0339814  -0.0322624 
190 0.00253989 0.636858 0.0373046 0.130495 0.00116131  -0.0167155  -0.0161373  -0.0181942  -0.00485258  0.00773938  -0.00269413  -0.00945068  -0.00165353  0.0183489 
191 0.00978882 0.833357 0.114086 0.12829 -0.046902  -0.0649574  0.044463  0.0269776  0.014167  0.0395786  -0.0321784  -0.00812823  0.0146213  0.0284438 
192 0.00144558 0.651438 0.0295969 0.0854471 -0.00722841  -0.000568762  -0.0216453  0.000501487  0.00187766  0.00733937  0.00837248  -0.00483016  0.0142224  0.0012397 
193 0.00178755 1.61815 0.0893393 0.0808114 -0.0256324  -0.0102413  -0.00165272  -0.0451723  0.0544022  -0.013932  0.0117376  -0.0150333  0.0127346  -0.0386871 
194 0.00277087 0.739848 0.0515521 0.0714914 0.00848088  -0.00651248  -0.00633133  0.00576158  -0.0137003  -0.0416346  -0.0150823  0.00817914  -0.0109899  0.0115632 
201 0.00274154 1.12724 0.0828663 0.103462 -0.0217369  -0.043234  -0.00181747  0.00536603  0.0273131  0.0282376  -0.0156708  -0.0336733  0.038905  -0.00752432 
202 0.000305448 1.84594 0.0405453 0.0892553 0.0227455  -0.0102189  -0.0211688  0.00912452  -0.0094265  -0.0104056  -0.00249492  0.0154092  -0.00307208  0.00636578 
204 0.00182131 0.838313 0.0496321 0.0875278 0.00303814  -0.0104204  0.0297389  0.0200787  0.000735131  -0.00225527  0.0102977  0.0257396  -0.0147603  -0.00811822 
207 0.00123434 0.871348 0.0428099 0.0764295 -0.0243113  -0.00989546  0.0212659  -0.01837  0.0046232  0.000430889  0.00970666  0.0119748  -0.00973013  0.000430441 
208 0.00135613 0.557701 0.0177114 0.0678814 -0.00747979  -0.00283052  -0.00514084  -0.000448616  -0.00992712  -0.00467596  0.00172069  0.00603388  -0.0029506  0.00739042 
209 0.000513945 0.992545 0.0318168 0.0570322 -0.0209052  -0.0161112  -0.00989996  0.00704721  0.0114351  -0.00102177  -0.00302277  -0.00431202  0.000247337  -0.00290555 
213 0.000759399 0.580648 0.0156577 0.0523341 0.00167938  0.00933251  -0.00167358  -0.00365353  -0.00767949  -0.00592449  0.00487766  0.000443184  -0.00324347  0.00324299 
218 6.50852e-05 0.556079 0.00382116 0.0444944 0.00111977  -0.000655012  -3.36772e-05  0.000853679  -0.000820458  0.000736689  -7.29838e-05  -0.00124981  0.000562222  -0.00301482 
220 7.76437e-06 0.606675 0.00182019 0.0437569 0.000278137  -0.000475691  -9.93113e-05  -0.000676866  -9.07932e-05  0.000520985  0.00074079  2.02547e-06  0.00125416  0.000374271 
221 3.3669e-05 3.15238 0.0188995 0.0436681 0.0114514  0.00038038  -0.00713987  0.00304858  -0.00902884  -0.000504095  0.00173829  0.00682757  0.00421778  0.00405434 
223 -4.34843e-05 0.457908 0.00270599 0.0432808 0.0010291  0.000209548  -2.68697e-05  0.000906744  0.000820208  -0.00193183  -0.000461901  -0.00057247  -0.000570965  -0.000353185 
224 0.000876657 0.576377 0.0163732 0.0437803 -0.00984703  0.00125609  0.000763243  0.00617837  -0.00731705  -0.00517273  0.00488032  -0.00209682  0.00448045  0.00148373 
226 -3.67793e-05 -0.0150114 0.0087045 0.0322559 0.000289696  0.00147963  0.00269085  0.00141907  0.000425062  -0.00375177  -0.00471299  -0.000972028  0.00115033  -0.00505014 
227 -9.95728e-05 0.171752 0.0114345 0.0328211 0.00168628  0.00093621  0.00464634  -0.00392914  -0.00497577  0.00466549  -0.0049223  0.000494808  0.00207614  -0.00383299 
229 -0.000248925 0.0889702 0.0202317 0.0343045 0.00651363  -0.00733587  -0.000474199  -0.00636984  -0.00448166  0.00593494  0.00613575  -0.0113368  -0.0016062  -0.00694413 
230 0.000189952 0.689654 0.0120043 0.0377592 -0.00398488  -0.00396184  -0.00840776  0.00191921  0.00475731  -0.00304868  0.00232138  0.000169721  0.000887777  0.000146262 
232 -1.53625e-05 -1.10086 0.00991831 0.0351543 -0.000301685  0.00150889  -0.00627031  -0.00454125  -0.00131414  -0.000907665  0.00414164  0.00113141  0.00344782  0.00178709 
235 -0.000505119 0.368701 0.0162933 0.0353721 0.00300031  0.00210197  0.00663007  0.00396631  -0.00172318  -0.00577188  0.00212409  0.0106731  -0.00388631  -0.00474848 
236 0.000830813 0.842777 0.0337467 0.0419098 -0.013984  0.0100463  -0.00687548  0.00669602  -0.00186902  -0.00371023  -0.00998356  -0.0125097  -0.0209377  0.00620036 
238 -0.000589344 -0.213503 0.041016 0.0304297 0.00835536  -0.000416179  -0.00886527  -0.00739253  -0.0250152  0.0218559  -0.0139881  -0.00216475  0.0124336  0.00454905 
240 0.000430534 0.597599 0.0129665 0.0389292 -0.000449857  -0.00103951  0.00631255  0.00432791  0.00121869  -0.00283122  0.00485206  -0.00623339  -0.00198969  0.00569311 
241 -2.27755e-05 0.494635 0.000699321 0.03294 0.000107018  -0.000276293  0.000143827  0.000133041  -8.24736e-05  0.00030624  -0.000276064  -0.000398754  -0.000162958  -2.27599e-05 
243 0.000775925 0.973472 0.0383272 0.0332839 -0.0187432  0.00695852  0.0180856  0.0104717  0.0176027  -0.0134952  0.00174331  -0.00106986  0.0116503  0.000784676 
244 3.06099e-05 1.02104 0.0079872 0.0182261 -0.000794843  -0.00299339  -0.00322016  0.00441115  -0.00294534  -0.000943577  0.00262602  0.00130785  -0.00223595  0.0010974 
245 -4.71285e-05 0.31447 0.00591412 0.0173661 0.00311897  0.00058741  0.00132401  0.0011808  0.000692345  -0.000445769  0.000781234  -0.00146901  0.00425303  0.0004711 
246 -1.18775e-06 0.498658 7.98392e-05 0.0186738 1.73635e-05  3.24784e-05  6.05196e-06  9.24513e-06  1.01263e-05  -1.68571e-05  -3.22277e-05  -1.68845e-05  5.55266e-05  1.01113e-05 
248 3.48486e-05 0.730445 0.00566769 0.0187056 -0.00102127  0.00103223  -0.00162849  0.00167238  0.00367963  0.0023686  0.000396954  -0.000914739  0.00160221  -0.00136161 
249 -0.000125076 0.119378 0.0138001 0.0177497 0.00160195  0.00464899  -0.00465781  0.00222459  0.00211547  -0.00213881  0.00377557  0.00790415  0.0067685  0.00283295 
252 -0.000411538 0.315089 0.0174507 0.0209794 -0.00297449  -0.00456509  0.00349266  0.00750962  -0.000569949  -0.00475692  0.0108759  0.00140187  -0.00682907  0.00405055 
253 -0.000328112 0.0675684 0.0238254 0.0291849 0.00810789  -0.00835447  0.000563702  -0.00075708  0.00823148  0.00973113  -0.00357177  -0.011258  0.00423139  0.010553 
255 -0.000104331 -1.10258 0.0258608 0.03435 0.0110111  0.00998143  -0.0116345  -0.0132992  0.00287127  -0.00140268  -0.00513613  -0.00184301  -0.00576825  0.00790041 
256 5.26096e-05 0.752857 0.00729455 0.0358366 -0.000902472  0.000157614  0.00395357  -0.00255449  -0.00155747  0.00154282  -0.00216491  -7.89672e-05  -0.00446455  0.000885299 
259 -0.000154233 0.465239 0.00463235 0.0350949 0.00128026  0.00228851  -0.000568357  0.000882443  0.00144995  -0.000571991  0.00125177  0.00172666  0.00208432  0.00146914 
260 -2.695e-06 -1.02175 0.00405023 0.0372276 -0.000497664  0.00043637  -0.00130671  0.000636204  0.00166526  0.000969546  -0.00132432  0.00288059  0.000235549  -0.000183936 
262 -0.00143638 0.206904 0.0410594 0.0372638 0.0146663  -0.00342637  -0.0123929  0.0113954  -0.0117216  -0.008203  -0.00260523  0.0244713  0.0173122  -0.00809688 
264 4.22452e-05 2.26871 0.0172876 0.0531601 -0.00574867  0.0110179  0.00343528  0.00523362  -0.00133599  -0.000377949  -0.00131755  0.00661084  -0.00591184  -0.00478662 
265 0.00046778 0.83373 0.0249873 0.0527613 -0.00413199  -0.00210926  0.0138973  -0.0103638  -0.00108639  -0.00329206  0.000857842  0.00157671  0.00881557  -0.0144687 
267 0.000164524 0.520876 0.00370823 0.0481257 -0.00200498  -0.000107356  0.000565326  -0.000175709  -0.000669152  0.00107449  0.00123581  -0.00186643  0.00163536  0.000285546 
268 0.000589823 0.735442 0.0235679 0.0463851 -0.00210697  -0.0086801  0.00404859  -0.0180641  0.00254141  -0.000280218  0.00472969  -0.00378172  -0.0056824  0.00758051 
272 0.000531449 0.652227 0.0179902 0.0395212 -0.00876574  0.00506305  -0.00679671  0.00075289  -0.00912183  0.00192201  0.00235419  -0.00845687  0.00318523  -0.000550272 
273 -3.45357e-05 -2.56588 0.0205795 0.0321032 -0.0108606  0.00594301  -0.000403399  0.000649286  0.00952463  -0.00600482  -0.0094097  -0.00308233  -0.00359451  0.00564974 
275 0.000131913 0.555272 0.00540103 0.0326367 -0.000702942  0.00076458  0.000743298  -0.00282216  0.000178723  0.00110398  0.00181731  1.61735e-05  -0.00354525  -0.0015662 
278 9.341e-05 0.631482 0.0070092 0.0305491 -5.48928e-05  -0.000420095  0.00304647  0.0011168  -0.00182044  0.00193504  -0.000602948  -0.0052644  0.00149601  0.00102335 
280 2.08285e-05 0.590928 0.0027524 0.0289801 -0.000779261  0.00130039  -0.00150433  0.000160788  2.6657e-05  0.000436234  0.000813137  0.000941519  -0.000419837  -0.00103618 
283 2.5404e-05 1.10912 0.00786735 0.0286185 0.00484249  -0.0016057  -0.000560192  0.00298668  -0.00401263  0.0011705  -0.000402088  0.000153588  0.00278552  -0.00110341 
285 -3.66499e-06 -0.172606 0.00314013 0.0281711 0.000312763  0.00136834  -0.000685073  0.000878298  0.00147129  -0.000488204  -0.00134502  -0.0014869  -0.000290773  -0.000376796 
286 -4.49638e-05 -1.36947 0.0183365 0.0282361 -0.000516129  -0.00221788  -0.000195131  -0.00623295  0.00463283  0.0113694  -0.00683206  -0.005047  -0.00398764  0.00730604 
287 -1.61983e-05 0.477429 0.00120937 0.0290214 -0.000349501  0.000562265  -0.00031423  -0.000394678  6.09094e-05  -0.000717151  1.92654e-05  -0.000271943  -0.000348968  0.000235891 
288 -0.000694296 0.164454 0.0305341 0.0292992 -0.0168488  0.00516563  0.0145265  -6.05956e-05  -0.0141162  0.00500249  0.00491101  -0.0123297  -0.000395551  -0.00318647 
289 0.000533565 0.660962 0.0185357 0.0394078 3.95236e-05  -0.00922187  0.000691749  0.00267193  0.0113719  -0.00776999  -0.00391109  0.00487824  -0.0022878  -0.00410963 
290 0.000484409 0.731154 0.0211631 0.0319305 0.00290143  -0.000770233  -0.0114085  0.0153416  0.000534701  -0.000405063  0.00182963  -0.00178009  -0.00288376  -0.00761989 
292 -8.30676e-05 0.328833 0.00754182 0.0231358 -0.000627091  0.00110612  8.71736e-05  0.000722993  -0.00308441  0.00569862  0.000316308  -0.00140785  0.0025263  -0.00206876 
293 -4.26364e-05 0.0387301 0.00886957 0.0248663 0.00177493  0.00225303  0.00156923  -0.00377262  -9.94331e-05  -0.00109797  0.000470342  -0.00477561  -0.00216954  -0.00497973 
296 -0.000161373 0.208488 0.0137183 0.0257094 0.000189336  -0.00420023  -0.00111457  -0.00492964  0.0031628  0.000125011  0.000924045  -0.000599073  0.00809794  -0.00825606 
302 -0.000713485 0.298919 0.0239644 0.0286768 -0.00415476  0.004071  -0.0194151  -0.00380356  0.00337215  0.00590584  -0.00700301  -0.00574269  -0.00258393  -0.0037543 
304 5.63476e-05 11.057 0.0487717 0.0391931 0.0193594  -0.00857105  0.00659837  -0.0251606  -0.0096787  0.00478675  0.0250585  0.0044907  -0.000289427  0.0221148 
305 0.0005936 1.36311 0.0452593 0.0384676 0.0127985  0.00265632  0.0087481  0.0290783  -0.00504831  -0.00939079  0.00342197  0.0197242  -0.00625222  -0.0200487 
306 0.000152891 0.547599 0.00539619 0.0297713 -0.00309502  -0.00192972  0.00112746  0.00121734  0.00293563  0.000666073  0.00132541  0.000196063  -0.000446497  0.00141658 
307 1.99298e-05 0.55103 0.00201698 0.0270823 -0.000368074  0.000432639  -0.00173503  -0.000258262  -0.000396981  0.000353378  -0.000518965  0.000217416  0.000142368  -0.000221736 
308 -9.71055e-05 0.203655 0.0107292 0.0267118 -0.0058675  -0.000467714  -0.00593967  0.00175641  -0.00258918  -0.00202224  0.00282067  -0.00305226  -0.000216444  -0.00374058 
309 -6.85191e-05 -0.247463 0.0143131 0.0284716 0.00595781  -0.00414918  -0.00498996  0.00204222  0.0081691  -0.00220542  0.00256306  -0.00387519  0.00174182  0.00518325 
310 -8.50086e-05 0.488917 0.00194227 0.0296505 0.000662541  -2.24747e-05  0.000399156  0.000709073  0.000626419  -0.000425732  0.000893495  -0.000362  8.972e-05  -0.00107692 
311 -1.22537e-05 -0.401015 0.00664553 0.031051 0.002668  -0.00264539  0.00174477  0.000859629  -0.00117198  -0.00272033  -0.00141145  -0.00285275  -0.0017672  0.00205828 
313 -0.000121022 -0.192601 0.0183111 0.0312477 0.00662597  -0.00189699  -0.00310236  -0.00491015  0.00436621  0.00851006  -0.00456083  -0.00688855  -0.00250578  0.00938303 
315 0.000248241 0.562271 0.00786483 0.0331277 -0.00234721  0.00342898  0.0041203  0.00104957  0.00355699  0.00142466  -0.00144189  0.00222883  -0.00211893  0.000539782 
316 -6.89036e-07 0.49728 8.65805e-05 0.0291417 6.07121e-06  3.79245e-05  1.72502e-05  5.97867e-06  -3.07051e-06  2.90533e-05  6.7279e-06  -1.36347e-05  -6.7034e-05  -1.0464e-05 
318 1.51409e-05 7.15757 0.0200794 0.0291535 -0.00208113  -0.00526275  0.00625168  0.000631908  -0.0153307  -0.00187848  -0.00247607  0.00361299  0.00144793  -0.00847554 
321 8.19315e-05 0.814747 0.0101562 0.0288927 -0.00582744  0.00120521  -0.00246397  -0.00494361  -0.000537773  -0.000954789  0.00380629  0.00236522  0.00273041  -0.00291347 
323 -1.00655e-05 0.460165 0.00126645 0.0274382 0.000380361  -0.000175994  -8.77813e-05  -0.000444272  0.000694409  -0.000475775  0.000156882  0.000154955  0.000657924  -0.000181993 
326 -9.22395e-05 0.414769 0.00560823 0.0276211 -0.000812456  -0.0018036  0.000944592  0.00314356  0.0013379  -0.00176125  0.00242331  -0.000391216  -0.00159144  -0.00182068 
328 0.000123344 1.42182 0.021325 0.0292432 -0.00731754  0.00492652  0.00611101  -0.000661903  0.0125836  -0.00924957  0.00505618  0.00234715  0.00155364  0.00785915 
329 0.000154197 1.12604 0.0196493 0.0270524 -0.0112545  0.000748848  -0.00564413  0.00771447  -0.000432202  0.00260466  -0.00927499  -0.00171909  -0.000277557  -0.00845416 
330 -6.96043e-05 0.253657 0.00828194 0.0240343 0.00411234  -0.000950109  -3.15647e-05  -0.00128802  -0.00120759  0.000461556  0.00361526  -0.00245537  -0.0053079  -0.000415166 
332 -0.000191981 0.285004 0.0128504 0.0254412 -0.00240083  0.00136002  -0.000473385  -0.00825653  0.000227589  -0.000429922  0.00326097  0.00107779  0.00835584  -0.00269657 
335 3.60621e-05 0.541856 0.00245729 0.0289698 0.00104038  -0.000364758  -0.000665497  -0.00088472  0.000221002  0.000289138  0.00060471  0.000334894  -0.00143211  0.000967475 
339 6.80825e-06 5.00774 0.0110796 0.0283406 0.00270108  -0.00142454  0.00234471  0.00381593  0.004365  0.000436651  -0.00672821  2.35236e-07  -0.00169297  -0.00509843 
346 4.78355e-05 0.985567 0.00963884 0.0282202 0.00325697  0.0010236  0.00224447  0.0067149  0.00181276  0.00396519  -0.00217595  0.00040177  0.00110037  0.00245116 
347 -0.00095216 0.272906 0.0294227 0.0273596 -0.00917103  -0.00221423  -0.0100908  -0.0111296  -0.0131947  0.00916104  0.0110455  -0.00662857  0.00891679  -0.006893 
349 5.18605e-05 1.15315 0.0116398 0.0412451 -0.00376811  0.00100005  0.00177763  -0.00113512  0.00104999  -0.00053886  0.0041399  -0.00539555  -0.00517183  0.00643794 
