generation s h r distopt trait[0] trait[1] trait[2] trait[3] trait[4] trait[5] trait[6] trait[7] trait[8] trait[9] 
2 0.000144376 0.612127 0.00804731 0.05 -0.00237553  -0.000581947  9.62918e-06  0.00197037  -0.00364302  0.000213614  0.000738439  -0.00264514  -0.00101707  0.00574466 
4 0.0038347 0.802034 0.0680341 0.148113 0.00122964  -0.0395847  -0.00436818  -0.00859022  0.0148415  0.0156852  -0.0311466  0.00544812  0.0382364  -0.00625951 
5 0.00908492 0.613865 0.0644816 0.1808 -0.00735791  -0.0465034  -0.020791  -0.0253494  0.00454014  -0.0191442  0.00997041  -0.0107517  -0.0141742  0.00795503 
10 0.0337118 0.582201 0.106938 0.390507 -0.019792  -0.0675556  0.0350433  0.0242839  0.0202499  -0.0567474  -0.0021136  0.00914024  0.0215085  0.0219425 
12 0.00743602 1.18546 0.14244 0.439918 -0.0374042  -0.0251373  0.048016  0.00632931  0.00784895  -0.0762899  0.0215571  -0.0964416  0.0117281  0.0112905 
13 0.047943 0.567239 0.116916 0.4757 -0.0476182  -0.0627084  0.0355055  0.0339088  -0.0156877  -0.0384935  0.0423864  0.0253502  -0.0161059  -0.0251519 
14 0.0254988 1.01781 0.228318 0.465651 0.00371642  -0.091001  -0.00157595  -0.150946  -0.0206844  0.0836882  0.0330657  -0.0359052  -0.0595257  -0.0876903 
16 0.00884848 1.45218 0.182898 0.518699 -0.0588224  0.0128179  -0.0175916  -0.0218885  -0.0654147  -0.00236559  0.00238549  0.0364733  -0.152238  -0.0155453 
17 -0.000440247 -65.081 0.337456 0.550622 0.0530199  -0.139404  -0.0223754  0.0312777  -0.078549  -0.0551505  -0.0857286  0.241231  0.109561  0.0582748 
18 0.0468888 0.518509 0.0666353 0.58776 -0.0340222  -0.0167635  -0.0222303  0.0248393  -0.00858318  0.00954536  0.0146285  0.00145412  0.0206874  0.0328893 
21 0.0654416 0.518956 0.0825276 0.666616 -0.0437692  0.00867305  -0.0110816  0.0390534  -0.00314402  0.0247663  0.0229282  -0.040375  -0.0181893  0.00786954 
22 0.105059 0.543027 0.148761 0.660871 -0.0853645  0.00600277  0.0104656  -0.0270557  0.0956525  -0.0259981  -0.0152117  -0.027408  0.0221413  -0.0516443 
23 0.112381 0.702523 0.301577 0.626103 -0.147611  -0.0887265  0.0050404  -0.00281005  -0.234305  0.0090368  0.00107743  -0.0707017  -0.0114278  0.0338054 
25 0.0853015 0.547864 0.137776 0.614316 -0.0545269  -0.0300789  0.0258209  0.0433608  0.0365698  0.017159  0.0497163  -0.0402551  0.0612772  -0.0554861 
26 0.0537301 0.584824 0.138143 0.585649 0.0105737  -0.0523728  -0.00291981  0.0126589  0.0383339  0.0578674  -0.0644833  -0.045334  0.0344293  0.0619941 
31 0.0717908 0.511193 0.0741917 0.766917 -0.0282288  -0.0186754  -0.0214489  0.0130243  0.053625  -0.0101383  -0.0193082  0.0143957  0.00495535  0.0120854 
33 0.0179598 0.575601 0.0744148 0.816213 0.00964755  -0.0248722  -0.0259599  0.0109435  0.023621  0.00649248  -0.014462  -0.00596215  -0.0334311  0.0454945 
34 0.0337866 0.564793 0.0956755 0.853529 -0.0290771  -0.00133171  -0.0512092  -0.0516888  -0.00719111  0.00339325  -0.0371074  0.0386474  0.00176147  -0.00869061 
35 0.07956 0.664439 0.230096 0.882181 -0.0630637  -0.0551855  -0.00991677  -0.124758  -0.0517975  0.0905368  0.0536863  0.0369881  0.122804  0.0069195 
38 0.266586 0.530168 0.236951 0.977488 -0.0964499  -0.0540126  0.045489  0.166812  0.0244431  0.0415482  -0.025412  -0.0906746  -0.0493554  -0.0200688 
39 0.0808899 0.584855 0.171249 0.896168 -0.059517  -0.0297869  0.0596665  -0.0636923  0.0128141  0.0255123  0.0480764  -0.0153596  -0.000599356  0.117971 
41 0.0806382 0.61859 0.199016 0.946372 -0.10273  0.0200365  0.0611736  -0.0368154  0.0518898  0.0244406  -0.0775088  0.0180597  -0.0991694  0.0640059 
42 0.0485994 0.517122 0.0661372 0.904471 -0.0387587  -0.0128538  -0.0085935  -0.016754  -0.0189438  -0.0263496  -0.0288547  0.0123759  -0.0084377  0.0155566 
43 0.0831558 0.591031 0.179317 0.877845 -0.0249679  -0.0854437  0.013401  -0.0735066  -0.0721305  -0.0644146  -0.0397822  -0.0637902  0.0426125  -0.0427575 
47 0.131354 0.612671 0.250559 0.831104 -0.134754  0.00558642  0.0395663  0.0277381  0.138826  0.0716963  0.0822219  0.0475723  0.0643109  0.0684284 
50 0.15032 0.549894 0.193917 0.753205 -0.0996386  -0.0392159  -0.0434761  0.019963  0.0325619  0.0320575  -0.0420056  0.0473893  0.0743832  -0.110536 
51 0.0558803 0.594567 0.148286 0.653665 0.0123329  -0.104773  0.0172847  -0.0554111  -0.0435063  0.048044  -0.00849852  -0.03042  -0.0202081  -0.0433933 
53 0.0405697 0.529567 0.0740986 0.610658 -0.027264  -0.0353923  -0.0308966  0.00153165  0.00133595  0.00344057  0.00622279  0.0295291  0.00192329  0.0401213 
55 0.0269491 0.527266 0.0570319 0.577178 0.00589798  -0.0160054  -0.0237412  0.0197478  -0.0101011  -0.0234886  -0.0168055  0.00910688  -0.028633  0.0130036 
56 0.0340771 1.28074 0.322265 0.553663 -0.192987  -0.0596429  0.154679  0.0957266  0.0127148  0.0767743  0.071805  0.113912  -0.0419529  0.0633766 
62 0.0495299 0.934226 0.290257 0.522526 -0.0702446  -0.0457781  -0.218119  -0.0268007  -0.126112  0.00256523  -0.0418575  0.0454636  0.0414308  -0.086478 
65 0.00198659 5.19058 0.192525 0.474016 -0.0242875  -0.0195184  -0.0180548  0.163394  -0.0335669  -0.0340454  -0.0529126  -0.0406388  0.00678864  0.0478349 
69 0.0202026 0.527182 0.0487242 0.471918 0.0118539  -0.0212774  -0.0228131  -0.0216928  0.0204776  -0.0119643  -0.0140852  0.000926673  -0.00527945  0.000440892 
73 0.0737738 0.542307 0.120644 0.450228 -0.0081729  -0.0326404  -0.0403003  -0.0162944  0.00986416  -0.0514522  0.0587037  -0.0599191  -0.0288688  -0.030312 
75 0.0102673 0.769017 0.105019 0.362665 0.0117057  -0.0184576  -0.0120179  0.00477891  0.0571907  0.0426818  -0.0335689  0.0150845  0.0149442  -0.0609406 
76 0.0178736 0.520212 0.0398614 0.348297 2.54328e-05  -0.0196005  0.0147562  0.0221222  0.0127256  -0.00896314  0.00519833  -0.00129002  -0.0133049  -0.00704453 
77 0.0117117 0.550081 0.0489856 0.321862 -0.00688822  0.00491159  0.0371768  0.000134308  0.0104016  -0.00573038  0.00447466  -0.00377127  0.0027619  -0.0276222 
80 0.00196473 0.999071 0.0625965 0.303235 0.0129206  -0.00968414  0.00661513  0.0122812  -0.0191328  0.014759  0.0371073  -0.0107766  -0.0291605  0.023145 
87 0.00558232 1.71676 0.164371 0.299981 -0.0999103  -0.0409404  -0.0303074  0.0291733  -0.0203972  -0.0719391  -0.0109773  -0.016203  -0.0809534  0.0325933 
89 0.00862907 2.03813 0.229245 0.290554 0.108457  0.0734676  0.00694688  -0.0693557  0.0684911  -0.0141844  0.0237442  -0.149554  0.0482757  0.0195293 
90 0.00604036 0.528575 0.0265785 0.275372 0.0062028  -0.0101828  0.00186332  0.0168211  0.00239789  -0.00927754  0.000631069  0.00450565  -0.0128529  0.00033416 
91 0.004666 0.514766 0.016905 0.264211 0.00480812  -0.0103191  0.00389093  0.00388984  0.00443252  -0.000944751  -0.00345623  0.000267669  -0.00781765  -0.0056775 
92 0.020582 0.589194 0.0864251 0.25525 0.0196475  -0.0432259  0.017346  -0.00899995  0.0381652  -0.0353507  0.0356814  0.0131886  0.0217505  0.014369 
93 0.0251717 0.700413 0.142083 0.211611 -0.0223606  -0.0118913  -0.0123938  0.0371008  0.0568464  -0.0541087  -0.000265143  0.0150632  -0.056533  -0.091837 
94 0.00172356 0.523283 0.0127225 0.141135 -0.00149963  -0.000483854  -0.000796843  -0.00431998  -0.00628107  0.00599762  0.00504191  0.000960897  -0.000608033  -0.00615991 
95 0.00710477 0.604858 0.0547117 0.134896 -0.0125475  -0.0236888  0.00573204  0.00332295  0.0091264  0.0171764  0.0054321  0.0424616  0.000546906  -0.00444497 
97 0.00213387 1.45423 0.0901675 0.105439 0.0124558  -0.042934  -0.00740206  -0.0408648  0.0231222  0.00350371  -0.0170846  0.032864  -0.0240288  -0.0437123 
101 0.0012858 1.38993 0.0676191 0.0947934 0.00115918  0.04084  0.0052104  0.0159143  -0.029616  -0.00377456  0.0189289  0.0287814  0.0125638  0.0196672 
103 8.45576e-05 8.44494 0.0518286 0.0877543 0.0177566  -0.0104763  0.00179336  -0.00447309  0.0156927  -0.0179995  0.021604  0.00336944  -0.00610992  -0.0339452 
107 -0.000130748 0.447116 0.00526006 0.0872712 0.00278054  -0.000558469  -0.00156503  -0.00235476  0.000432515  -0.00228414  0.00195894  0.000721722  -0.000460845  0.00128673 
108 0.00154793 1.43785 0.0761539 0.0880172 0.00993942  -0.00523901  0.0369363  -0.0312105  0.0114987  -0.00775563  -0.000171853  -0.0470159  0.0257311  -0.0164258 
109 0.00229025 0.867373 0.0579902 0.0787419 -0.0235097  0.00156203  -0.00989462  0.00784589  -0.0209108  -0.0392579  -0.000947138  -0.000622862  -0.00709088  0.0248645 
110 0.000586599 1.60566 0.0509205 0.0625512 -0.00798367  -0.0117381  0.02736  0.00256043  -0.0261261  0.00610093  -0.0177199  0.0110277  -0.00038251  0.0219249 
111 -0.000101733 -1.07195 0.0252915 0.0576735 -0.00271093  0.0110097  -0.00450984  0.00469211  -0.0110665  0.00279876  0.0098174  -0.0115058  -0.00313438  -0.00999268 
115 0.000853166 0.858685 0.0349818 0.0585488 -0.0131222  -0.0174476  -0.0183617  -0.00733431  0.00993678  -0.00565137  -0.0049494  -0.00621261  0.00800264  0.00991759 
117 -0.000575563 -0.0687551 0.0361904 0.0507461 0.00431165  0.00794984  0.0106569  0.00512561  -0.00975335  0.00718202  0.0114589  -0.000617491  -0.0148988  -0.0242434 
118 -0.000337197 -1.46445 0.0514709 0.0561328 0.0213538  -0.0120213  0.0149174  0.0131203  -0.000298004  8.57231e-05  0.0218848  0.0124341  0.0318485  0.00247236 
119 0.000636989 0.566188 0.0129919 0.0590605 -0.00417824  0.000655324  0.000613167  0.00326088  -0.000979479  0.00953276  -0.00327842  0.00250132  -0.000572838  0.00554316 
121 0.000640198 0.98731 0.0353201 0.0533981 -0.00228359  -0.0022008  0.00998149  -0.0255225  0.00613252  0.0180646  0.00173459  0.00845526  -0.00272702  0.00636781 
122 7.81525e-05 0.620475 0.00613703 0.0470252 0.00155356  0.00300334  -0.00282152  -0.0014861  -0.00245147  -0.00106128  -0.000910284  0.0026775  -0.000936474  -0.000222255 
127 -0.000552201 0.40877 0.0142025 0.0461868 -0.00113932  0.00586013  0.00312778  -0.00088089  -0.00366416  -0.00223035  0.00262381  -0.00107138  -0.00467831  -0.0103534 
128 -0.000359067 -0.494558 0.0377957 0.0518225 -0.00520536  0.0108807  -0.0124202  -0.0166459  0.000664974  0.0154038  0.0115559  -0.0178162  0.00997934  0.00796379 
133 0.000761391 0.599846 0.0174427 0.0551788 -0.000119036  0.00257221  -0.00683368  0.00465892  0.00998703  -0.00823826  -0.000188762  0.00327292  -0.00225527  0.00676539 
136 4.93468e-05 12.0657 0.0477726 0.047787 -0.0303112  -0.0076372  -0.0277398  -0.010098  -0.00999084  0.013765  -0.0101808  -0.00491186  0.0010692  -0.00393069 
137 -0.00148564 0.398488 0.0245916 0.0472679 -0.011508  -0.0135775  -0.00590963  -0.00461838  -0.0124773  0.00725398  0.00112881  0.00177346  -0.000577911  -0.00431902 
139 -0.000156187 -1.00548 0.0306678 0.061 0.0171395  0.00542721  0.00419842  0.00139381  -0.00706854  0.00288967  0.00805913  0.0183837  0.00286435  -0.011327 
140 -3.69634e-06 0.478222 0.000567451 0.0622672 -0.000168027  3.42777e-05  0.000146262  0.000125426  -0.000146723  -0.000155409  -8.4671e-05  0.000170563  0.000110704  -0.000401588 
142 -9.15028e-05 0.442098 0.00460413 0.0622968 0.00141314  0.00182516  -0.00156551  -0.00212873  -0.000597476  -0.000474991  -0.000896374  -0.00254242  -0.00023476  0.000991175 
143 3.16346e-05 0.554742 0.00263199 0.063027 0.000780453  2.58825e-05  0.000537529  0.00127493  -0.000810319  0.000994439  -0.00109521  -6.60485e-05  0.00124112  0.000115974 
146 0.00195728 0.766173 0.0456424 0.0627756 0.0109  0.00918819  0.0203928  0.00823454  0.00854659  -0.0251785  -0.0141259  0.0111431  -0.0133705  0.0136689 
147 0.000152543 0.725304 0.0117249 0.0445579 0.000796226  -0.000644623  0.00150554  0.00569228  0.00519564  0.00262353  0.00135281  0.00490336  -0.0027715  0.00585857 
148 0.000248817 0.544372 0.00664737 0.0428121 -0.00163441  0.000218607  -0.00314241  4.434e-05  0.0014629  -0.00091094  -0.00427965  0.000298289  3.58394e-05  -0.00319628 
150 3.29341e-05 0.851058 0.00680048 0.0398006 -0.00100567  -0.00121402  0.00462454  -0.000974421  0.00121938  -0.00283935  0.00127686  0.000154433  0.00316373  -0.000461812 
151 0.000624094 0.986844 0.0348565 0.0393847 6.28227e-05  -0.0058446  -0.0172395  0.00269791  0.0269847  -0.00305529  -0.000112474  -0.00532781  -0.00775069  0.00709619 
152 -0.00026843 0.360189 0.0122544 0.0304509 0.00255967  0.000760693  -0.00104189  0.000893512  0.000377296  -0.00903567  0.00194653  0.000753457  0.00391118  0.00630212 
155 4.90995e-05 0.826619 0.00800916 0.0345792 -0.00107416  -0.00124462  0.000460714  0.0028727  0.00555142  0.00052209  0.00344967  -0.00126074  -6.67278e-05  -0.00289725 
156 -0.000130087 0.401682 0.00715339 0.0338618 0.000646661  -0.00237485  -0.00283905  -0.00128764  -0.000436248  -0.000107816  -0.00305453  0.00148133  0.000692807  0.00481542 
157 -0.000455905 0.283032 0.0198958 0.0357312 0.00881285  -0.00124892  -0.00141136  -0.00665022  -0.0115796  -0.00380491  -0.00218813  0.00405569  -0.00822012  -0.00574694 
158 -7.63276e-05 -1.63805 0.0255488 0.041626 -0.00246892  -0.00219782  0.000647068  0.00965261  -0.0107797  -0.0034788  -0.00640762  0.0117976  0.00361999  -0.0150524 
159 -0.000151242 0.294875 0.0111406 0.042533 -0.000776463  0.00206826  -0.0034681  -0.000684226  0.00303752  -0.00677198  -0.00332374  -0.00531389  -0.0031435  0.00157601 
160 1.41774e-06 0.53744 0.000460781 0.0442754 2.41921e-05  0.000107819  0.000106624  6.46731e-05  -6.10505e-05  -9.88145e-05  0.000141185  8.83644e-05  0.000235005  -0.000296812 
164 0.000782949 0.808366 0.0310733 0.0442594 -0.000493519  -0.00115198  0.0130677  0.000558214  0.0167115  -0.000350819  -0.00926892  -0.0107867  0.0167549  -0.0055241 
167 0.000153029 0.574231 0.00674136 0.0342965 0.00112676  -0.00201618  0.000226733  0.00407623  -0.000162344  0.00239044  0.00250515  -0.000333021  -0.00139851  -0.00305961 
170 0.000142515 0.984429 0.0166173 0.031988 -0.0100068  -0.00220628  -0.00252954  -0.00818972  0.000848819  0.00417334  0.000697706  -0.0035514  0.00668077  -0.00466826 
172 -8.30238e-05 -0.856645 0.0212257 0.0296771 -0.0101349  0.00991919  0.0081066  1.82979e-06  -0.0013727  0.0013789  0.00645398  -0.0104467  0.00535754  0.000658037 
173 7.81148e-05 1.90463 0.0209488 0.0310444 0.010261  0.0014688  -0.0107982  0.00648961  -0.000354862  0.00836947  -0.00097822  -0.00564388  0.00731332  -0.00402722 
174 -2.80937e-06 0.486819 0.000384872 0.0297598 -5.69009e-05  -8.74476e-05  -0.000133765  -4.92884e-05  -5.91696e-05  0.000107825  1.52146e-05  -0.000312702  6.07173e-05  9.57494e-06 
177 -0.000117384 0.473184 0.00354946 0.0298069 0.00103872  0.00155572  1.15213e-05  -5.94905e-05  -0.000976545  0.000189893  -0.000732991  -0.00196748  0.00191612  0.000162198 
179 5.80981e-06 0.529685 0.00083059 0.0317151 7.00159e-05  1.83838e-05  0.000326992  0.000194994  -0.000196951  -0.00066434  0.000111539  0.000127194  -0.000142197  0.000103521 
182 4.60071e-06 0.501233 0.000150684 0.0316233 -6.13219e-05  -7.74165e-06  7.27538e-05  -6.40511e-05  -5.27942e-05  -2.28569e-06  -2.05977e-05  -2.06406e-06  -6.04455e-05  5.1137e-05 
184 7.17887e-05 0.515106 0.00208333 0.0315505 0.000796274  -0.000856656  -0.000829644  -0.000226049  -0.000330646  0.000100468  -0.000594625  0.000641986  -0.000387163  0.0010945 
185 -0.00033238 -0.618329 0.0385599 0.0303916 0.0189274  -0.00119952  0.016402  0.0170045  0.00357235  0.0169327  0.00089883  0.0112283  -0.0012261  0.0118801 
188 0.000293772 1.4947 0.0341841 0.0354413 -0.0175552  -0.000487274  -0.0200017  -0.0134162  0.00371782  0.00814447  0.00841992  -0.00309867  -6.91317e-05  0.0109277 
191 -2.33623e-05 0.485139 0.00117856 0.0310218 0.000166553  8.18507e-05  0.00038907  -0.000371342  0.000283106  0.000218764  0.000375021  -0.000687713  0.000368708  -0.000433306 
192 -0.000238429 0.34236 0.0122633 0.0313961 0.00129816  -0.00206114  -0.00181368  -3.74298e-05  0.00407589  0.00344173  0.00149323  -0.00930901  -0.00439511  -0.00212152 
195 0.000434323 0.601567 0.0132854 0.0349882 -0.00400879  -0.00266273  0.00201901  0.0043355  -0.00202285  -0.000877509  -0.00118144  0.00780168  -0.00795898  1.38908e-05 
197 -0.000120475 -2.49792 0.038007 0.028106 0.00613769  -0.0097342  0.00344335  0.00662409  -0.0159364  -0.0246671  0.0162966  0.00831098  0.00749548  -0.0017613 
202 -0.000101089 -1.02032 0.0247939 0.0301733 -0.0044624  -0.0136928  0.00625774  -0.00593648  -0.00792793  0.0124724  -0.0057026  0.00792894  -0.00173762  -0.00401389 
203 5.61511e-05 0.787231 0.00803197 0.0318045 0.00416627  0.00205566  0.00264853  0.000645024  0.00225107  0.00195481  -0.00272335  0.000414384  0.000325077  -0.00434921 
204 -8.22728e-05 0.340769 0.00723925 0.0309091 0.00429437  0.0013833  -0.00286829  -0.000943165  -0.00159874  -0.00378856  0.00107842  0.000941093  0.00195475  0.000395139 
208 -0.000167023 0.307654 0.011337 0.0322126 0.00306733  -0.00225036  -0.000154109  0.0015777  0.00326985  -0.0085645  0.00275596  -0.00227895  0.00178404  0.00339527 
209 0.000124455 0.736879 0.0108592 0.0347086 -0.00642324  0.00182364  0.000482924  -0.00153397  -0.00443571  0.00465123  5.02567e-05  -0.00072052  0.000340394  -0.00536701 
210 -0.000511783 0.238478 0.0231431 0.032867 0.00406864  -0.00730145  0.0107465  -0.00835127  -0.0018722  0.00138026  -0.0140238  0.00879146  0.000434443  0.000975618 
211 0.000174046 2.22282 0.0346284 0.0399018 -0.00705988  0.0143334  -0.0016315  0.00861194  -0.00105232  -0.00491366  -0.0162604  -0.00714123  0.00847499  0.0213199 
212 0.000263076 2.0033 0.0397673 0.037658 0.0130661  -0.00427844  0.00042547  -0.00281048  0.0145988  0.0132725  0.00172148  -0.0110779  -0.00845041  -0.0282481 
216 -0.000337632 0.472474 0.00610229 0.0339865 0.002716  -0.000179858  0.000356477  0.00244325  0.00159419  0.00242856  -0.00183351  -0.00149422  0.000921368  -0.00297484 
217 5.26652e-05 0.513356 0.00167777 0.0386364 -0.000669006  0.000444533  0.000137436  -0.000426808  -6.71829e-05  0.000846072  0.000823179  -0.00049086  -5.63464e-05  0.00057148 
220 -2.20462e-05 -13.6743 0.0353522 0.0379487 -0.016452  -0.00946921  -0.0189227  -0.00813933  -9.30987e-05  -0.00542543  -0.00664757  0.0130528  -0.0143102  -0.0040415 
222 -9.57158e-05 0.478582 0.00286445 0.0382381 -0.000553171  -0.00103091  0.000116214  -0.00156968  -0.000416144  0.000120089  -0.000875867  -0.000511735  -0.00169882  -0.000506248 
225 -0.000148735 0.0237667 0.0168331 0.0394699 -0.00341173  -0.00305742  0.00454395  0.00200346  -0.00638176  0.00882607  0.00551275  -0.00843751  -0.00035445  -0.00416769 
226 1.86759e-05 0.503604 0.000519056 0.0413113 -0.000172067  1.91885e-05  -6.25403e-05  -0.000103517  -0.000168456  -0.000396933  0.000164474  -9.44102e-05  -3.86578e-05  3.7737e-05 
227 8.16983e-05 0.752199 0.00907833 0.0410846 0.00518022  0.000221502  -0.00175999  0.00312145  0.0015186  -0.00533106  -0.00263636  -0.00171084  0.00137723  -0.000436826 
228 0.00014428 0.760664 0.012265 0.040078 -0.00476301  0.000150805  0.000913882  -0.000444994  -0.00314681  -0.000190301  -0.00441352  -0.0069335  -0.000144861  0.00701261 
230 -9.26432e-05 0.488578 0.0020584 0.0382359 3.392e-05  -0.000392126  0.000581876  -0.000773815  -0.000789333  0.000590661  -0.000250855  -0.000201861  -0.000961313  -0.00107005 
232 0.000277967 0.560787 0.00822285 0.0394288 0.000198029  0.00418359  0.000649165  -0.00411457  0.00296014  -0.00432464  0.000232689  -0.00200743  0.00047097  0.000975567 
235 -0.000114589 0.271464 0.0102353 0.0357309 0.00018863  0.0048605  -0.00146935  -0.0056608  0.000545392  0.000758526  -0.00451243  0.00500335  0.000791265  6.22381e-05 
236 0.000258021 0.596082 0.00995913 0.0373001 0.00194545  -0.00244753  0.0044416  0.00220113  0.0034755  0.00284312  0.00431369  0.000789798  0.000886247  0.00496556 
237 3.6484e-05 0.62038 0.00419143 0.0336646 -0.00226376  -1.35101e-05  -0.00169417  -0.00177613  -0.00175753  -7.04809e-06  0.00130245  8.51151e-05  0.000797555  0.000994852 
238 5.84438e-06 8.1204 0.013347 0.0331183 -0.00339609  0.00997667  0.0029365  -0.00358458  0.00218781  0.000230504  -0.00046597  -0.00223866  -0.00469387  -0.0036744 
239 0.000154632 0.737576 0.0121221 0.03303 0.00517517  0.00268548  0.0045566  0.00083554  -0.00742332  -0.00289869  0.00185701  0.00455985  0.00192865  0.000148985 
244 0.000230896 0.703722 0.013717 0.0306 0.00260709  -0.00633561  -0.00480591  0.00193095  0.00463782  -0.00791958  0.00463353  -0.000976264  0.00268014  0.00074681 
245 8.99512e-05 0.548085 0.00415987 0.0265611 -0.000848295  -0.000160765  -0.00101104  0.00167619  -0.00203432  0.00179965  0.000877199  0.000958501  -0.0014921  0.00119811 
247 -0.000127709 0.274273 0.0107389 0.0248101 0.00398181  -0.00178315  0.00490419  -0.00130932  0.00238061  0.00103552  0.00303959  -0.00486739  -0.00555441  -4.10378e-05 
249 -0.000121065 0.274849 0.0104424 0.0272628 -0.00517897  -0.00379248  -0.000275547  0.00465014  -0.00468903  0.00170764  -0.000954686  -0.000618982  -0.00433943  -0.00105409 
251 -0.00123746 0.167988 0.0405568 0.0293995 -0.0183148  -0.00703225  0.0165278  0.0136977  -0.0127075  -0.00643594  0.00703428  -0.0160658  0.0117372  0.0122848 
