generation s h r distopt trait[0] trait[1] trait[2] trait[3] trait[4] trait[5] trait[6] trait[7] trait[8] trait[9] 
3 -0.000146392 0.338684 0.00971997 0.02 0.00215821  0.000765618  0.00641466  -0.000930641  -0.000276323  -0.00587634  -0.000308577  -0.000611889  0.00330108  0.00111598 
8 0.000899544 0.545872 0.0128601 0.0719459 0.00136808  -0.00762218  0.00172387  0.00254968  0.00514878  0.00517226  -0.00308414  -0.00244195  -0.00477742  -0.00209259 
9 0.0010362 0.54543 0.013738 0.075252 0.00335956  -0.0101975  0.000298996  0.00292666  0.00224968  0.00251133  0.00351392  -0.00371711  -0.00310081  -0.00420159 
14 0.000672487 6.96224 0.131681 0.116868 -0.0261405  -0.0673087  -0.0654946  -0.00685448  -0.0123171  -0.0705624  0.0365675  -0.031234  -0.00667966  0.0173608 
16 0.0041925 0.552923 0.029905 0.122992 -0.00117911  -0.0151913  0.014255  0.00153433  -0.00111578  0.00785678  -0.0155751  -0.010936  0.00479307  -0.00290832 
17 0.00143899 1.39022 0.0715413 0.10961 -0.00184008  -0.0308001  -0.00614711  -0.0277496  -0.0365268  0.0244768  0.0280336  0.0202882  0.0101308  -0.0111736 
18 0.0077874 0.821234 0.0999259 0.106032 -0.0245898  -0.0520877  0.0459874  0.0194476  0.0101804  0.031865  -0.028031  0.0316425  0.034788  0.00762467 
23 0.00125305 0.683208 0.0303047 0.064421 -0.0072831  0.00188275  0.000895138  0.00463452  0.0186416  0.0104434  0.0039106  0.00670559  -0.0139153  0.0113598 
28 0.00196696 0.679578 0.0375924 0.092497 0.0115598  -0.0250032  0.00396735  0.014749  0.00732104  0.00549348  -0.00762813  0.0116583  0.0102384  0.00619817 
29 0.00310819 0.622776 0.0390973 0.0888767 -0.00751748  -0.00623048  -0.0113685  -0.00981386  -7.22177e-05  -0.0123656  -0.0224463  -0.00516651  -0.0149105  -0.0173766 
31 0.00411098 0.656245 0.0507109 0.0877151 -0.00742856  -0.0356415  -0.00598107  0.0143512  0.00430299  0.00730451  -0.00840913  -0.023007  -0.00748052  0.0166284 
34 0.000869165 1.76815 0.06637 0.0851925 0.00663798  -0.0260592  -0.0103336  -0.0106115  -0.023303  0.0114836  0.00710174  0.0440861  -0.0195472  -0.0202837 
35 0.000150552 4.90594 0.0514997 0.0868449 -0.0131919  -0.00278819  0.0156995  -0.0264339  -0.00583802  -0.0211877  0.00285868  -0.0044074  -0.028068  -0.0150595 
37 0.000563425 0.539981 0.00949934 0.100266 0.00150505  -0.00270125  0.00514311  0.00352729  -0.000608953  -0.00115017  0.00177626  -0.00520164  -0.00221731  -0.00222708 
38 0.000365544 0.827655 0.021887 0.105245 -0.00129918  -0.00441055  0.00353358  0.00966071  -0.00591671  -0.0133736  -0.00679208  -0.00716901  -0.00448781  0.00453394 
39 0.00127915 0.916443 0.0461482 0.111381 -0.000928351  0.000892868  0.0125891  -0.0166734  -0.00470267  0.0107632  -0.00127686  -0.0175614  0.0331913  0.0119102 
40 0.00444379 0.653619 0.0522823 0.114168 0.00364492  -0.0326604  -0.00830472  -0.0067452  0.0153542  -0.0179388  0.0261572  -0.012645  -0.0115085  0.00221355 
41 0.00110526 1.4545 0.0649303 0.100476 -0.0044301  -0.00822989  0.00770902  -0.00110966  0.0156661  0.0443591  0.00190504  -0.0241428  0.0345207  0.00875149 
42 0.00179949 0.544163 0.0178662 0.102488 -0.00212415  -0.0036597  0.00722309  0.00697192  -0.00307917  -0.00322276  -0.00948953  0.00916036  -0.000621667  -0.00250968 
44 0.00101402 0.59548 0.0196869 0.110311 -0.0085399  -0.00177268  0.00534079  0.00455677  -0.0104265  -0.00508673  -0.00593744  0.00041143  -0.00625878  -0.0072824 
46 -6.39614e-05 0.484736 0.00197671 0.123535 -0.00022329  9.35524e-05  0.000757372  0.000138662  -0.000254249  0.00100967  -0.00143817  4.43476e-05  0.000317708  -2.43092e-05 
47 0.00604941 0.738457 0.0759391 0.13296 0.00696896  -0.0607266  0.0364436  -0.000324991  -0.0144815  0.00048149  -0.00174895  0.0203179  0.0086926  -0.000917289 
49 0.0040803 0.637664 0.0474334 0.121161 0.00656673  -0.0150382  -0.0139722  0.0348472  0.0169493  0.000292565  -0.00628947  0.0034751  -0.00471431  -0.0144875 
50 0.00125777 0.526604 0.0115997 0.110308 -0.00911113  0.00123032  -0.00189828  -0.000511886  -0.000750901  -0.00153475  -0.00103698  -0.00145105  -0.00475051  0.00418249 
51 0.0012437 0.683411 0.0302082 0.112461 -0.0134642  0.00767732  -0.0137311  0.00232289  -0.000209743  -0.0115811  0.0116547  0.00914769  -0.0106388  0.00339258 
53 0.00053654 1.68459 0.0504081 0.12504 0.0194097  -0.0342543  0.0132052  0.0116636  -0.0207192  0.0074594  0.0114057  0.000136106  -0.00710792  -0.00386116 
57 0.000180584 0.510058 0.00269837 0.153994 -0.000465042  -0.000695252  -0.000425238  -0.00096816  -0.000694288  0.000493111  0.00107405  0.00144372  0.000667523  -0.00102697 
58 0.000398602 1.9853 0.0486527 0.161776 -0.00535703  -0.0149816  -0.0147862  0.0301307  -0.0168856  -0.0103545  -0.0115459  0.0212108  -0.001902  -0.00287812 
59 0.000875667 8.37656 0.165779 0.168208 -0.0508611  -0.0221614  0.00521873  -0.0972695  0.0199659  0.0618847  -0.0984131  -0.0113966  0.0274774  -0.0108481 
61 0.00460408 0.530966 0.0240725 0.177982 -0.00887683  -0.00316545  0.00771074  -0.00360852  0.00365267  -0.00869241  0.0145244  -0.00778465  -0.000269448  0.00759343 
62 0.00792597 1.13538 0.141582 0.171483 0.0213512  -0.0802337  -0.0112293  0.0145103  -0.000552152  -0.0123047  0.0306897  0.0669504  -0.0821401  0.0221933 
67 0.00766196 1.26483 0.152683 0.170078 -0.0490809  -0.0987322  0.0110963  0.0102641  0.0172378  -0.0885708  -0.0476209  -0.0207332  0.00931236  0.000565289 
71 0.00243554 0.749421 0.0492866 0.148928 -0.0302923  0.017754  -0.00941014  -0.0106142  0.0127479  0.00114836  0.0218571  -0.00659817  -0.0113739  0.0134411 
74 0.000623682 0.57573 0.0137498 0.151888 0.00423232  0.00340675  -0.004936  0.00353491  0.00260681  -0.00796312  0.00234427  -0.00534478  0.00420541  -0.000851393 
76 0.00173707 0.83749 0.0484124 0.16074 -0.0128946  -0.0155804  -0.0226628  0.00734996  0.00883438  0.0249939  -0.00661911  -0.00503209  -0.02419  0.00317586 
77 0.00221475 0.533173 0.0172044 0.160404 -0.00661281  -0.00590586  -0.0073625  -0.000138039  0.00462381  -0.000628877  -0.000262447  -0.0096604  0.00251161  -0.00645604 
78 0.00156408 5.75386 0.180863 0.158734 -0.0260468  -0.108811  0.00668031  0.0429728  -0.060372  -0.0632015  0.0170399  -0.0577293  0.0648005  0.0532957 
79 0.00800638 0.886922 0.111152 0.152565 -0.0498075  -0.00803823  0.0396086  -0.00401265  0.0282697  0.055301  0.0431529  0.0358897  0.0340663  -0.00750105 
80 0.00209543 0.523905 0.0142246 0.121371 0.0107397  -0.00308354  -0.00237909  0.000109267  0.000719466  0.00016111  0.00496015  0.00336283  -0.00580447  -0.00129249 
82 0.00226975 0.753496 0.0479666 0.109947 0.00962191  -0.0179273  -0.00668789  0.0192688  -0.00993224  0.00775259  0.0234248  -0.0223388  0.00464157  -0.0155811 
83 0.00380539 0.879306 0.0759324 0.0977243 0.0255612  -0.00968474  0.00827131  -0.0274397  0.0139389  -0.0123835  0.000662793  -0.00676513  -0.0285005  -0.0546907 
84 0.00299757 0.722347 0.0516295 0.0750062 0.00926959  -0.00829347  -0.00358438  -0.0184036  0.0102957  0.0413179  -0.00799978  -0.00459616  0.00105908  0.0161226 
85 4.9089e-06 0.511788 0.00048113 0.0509379 5.20856e-05  0.000161967  -1.15247e-08  2.1916e-06  5.79542e-05  0.000172022  -0.000112265  5.2474e-05  -0.000123356  -0.000372842 
87 0.00121988 1.20353 0.0585666 0.0558587 -0.000640303  -0.0186489  -0.0342879  -0.0132477  -0.0115834  0.00196079  0.000977141  0.0392634  -0.00461847  0.00536415 
88 -0.0011892 0.221038 0.036445 0.0458551 -0.0034481  -0.0119069  0.00187719  0.00210273  0.011229  0.0164752  0.00665523  0.0168179  -0.0136551  -0.0159847 
89 -0.000300638 0.180589 0.0196008 0.0587057 -0.00847242  -0.00050623  -0.00235245  0.00155272  0.0142765  0.0028922  0.00114932  0.0069873  0.00487042  -0.00426185 
93 0.000131782 14.8682 0.086984 0.0784062 0.00906853  -0.0251744  -0.0312526  0.00356936  0.0298288  -0.0621197  -0.0168521  -0.0242646  0.00948646  -0.0122224 
95 0.00190938 0.859418 0.0523768 0.0868172 0.000111184  -0.00268776  0.0173307  0.00608198  0.0165143  0.0349973  -0.00959068  -0.00122996  0.0279695  0.00504297 
96 0.00128802 1.30183 0.0642428 0.0814804 -0.0118829  -0.0228494  -0.00692761  -0.0217586  -0.00940271  0.0243565  0.00247535  -0.024936  -0.0399661  0.00596152 
104 0.00181247 0.530926 0.0150213 0.128855 -0.0035494  -0.00876867  -0.00704653  0.00298951  -0.00041826  -0.00054824  -0.000303801  0.00649358  -0.000185568  -0.0058985 
106 0.00441034 0.641227 0.0499487 0.138673 0.00570821  -0.0138796  0.00951695  0.0303716  -0.0052645  -0.0118326  0.0192289  -0.0170582  0.0166587  -0.0122747 
107 0.000866278 2.42381 0.0815976 0.130803 -0.01377  -0.0327206  0.0444135  -0.00700049  0.0173183  0.00860052  0.00569485  0.037282  -0.00221497  -0.0396885 
108 0.00100608 3.93144 0.117384 0.13424 0.0584751  -0.0652244  -0.00833537  -0.0294956  -0.0405598  0.0140324  0.0105677  -0.030409  -0.0445078  0.0175118 
110 -6.2271e-05 -34.9202 0.0938785 0.138757 -0.0228395  -0.00960972  -0.0385563  0.0504445  -0.0255863  0.00316731  0.00133948  0.0486555  0.00478783  -0.0333343 
112 -0.000311418 -36.5124 0.214123 0.147468 -0.143532  -0.0666452  -0.0324935  -0.0155772  0.00776374  0.061514  -0.0490005  -0.083445  0.0735424  0.0298392 
113 0.0039126 0.556985 0.0299604 0.146776 -0.00825938  -0.00383615  0.0111015  0.00412811  0.00538826  -0.0129333  -0.00518887  0.0160762  0.00482352  0.0130181 
114 0.00115642 0.611929 0.0227614 0.131173 0.00435799  0.0170726  0.009923  -0.00156069  -0.000527487  0.000985887  0.000410535  0.00306568  -0.00969035  -0.00141239 
117 0.000290077 0.54112 0.00690993 0.130431 -0.00150162  0.00173446  0.00138547  0.00170896  0.00291114  -0.00272339  0.00244512  -0.00124676  -0.00372376  0.000594051 
119 0.00187867 0.775086 0.0454585 0.135701 0.00944572  -0.0132594  -0.0305835  -0.00140692  -0.0164252  -0.00167704  0.00567639  0.0211921  -0.00810229  0.00667402 
120 0.00347211 0.939656 0.0780827 0.1322 -0.0202508  -0.0442076  0.0261656  0.0291985  0.0057181  0.00192012  0.0071764  0.017565  -0.0244358  0.0346669 
121 0.00803705 0.643995 0.0681177 0.119126 0.023578  -0.0101621  0.0379499  -0.0273621  0.0338718  -0.0218128  0.0031918  -0.00554362  0.0113087  0.000233413 
123 0.00142216 0.914883 0.0485671 0.0836534 0.0309908  -0.00770457  -0.00475588  0.0220889  0.00933814  -0.0132333  -0.0043524  0.0197419  0.0124413  -0.00162654 
124 0.00214556 0.771874 0.048295 0.0793361 -0.00906663  -0.0327944  -0.00626648  0.0168676  -0.0123647  -0.0116866  0.00993501  -0.0121064  -0.0161191  0.00750962 
131 0.00120681 0.632239 0.0252713 0.10005 -0.00165061  -0.0117255  0.0121455  0.00109709  0.00119647  -0.00536308  0.0138104  0.00222349  -0.00809238  0.00763914 
132 0.000920664 0.545522 0.0129609 0.101024 -0.000796982  -0.00265989  0.00151856  -0.00533527  0.00110225  -0.0068409  -0.00737655  0.00491904  -0.000144489  0.00169132 
133 0.00261601 1.18566 0.0846312 0.104077 0.0145667  -0.0436765  -0.0112242  0.00912104  -0.0407522  0.0248869  -0.0171694  -0.0470435  0.00610913  -0.00285208 
135 0.00145946 1.66408 0.0823775 0.101861 0.0209005  -0.0257952  -0.00219284  -0.0484812  -0.0213088  -0.0428705  -0.0316962  -0.00348221  -0.00347802  -0.00278691 
136 0.00087641 1.74193 0.0659535 0.0995245 -0.0420595  -0.012518  -0.0246176  -0.0156473  -0.0117684  0.000739653  -0.0152738  0.0106764  0.0312548  -0.0104941 
137 0.000786524 3.60557 0.0987674 0.09878 0.0286767  -0.0162572  -0.025714  0.0221428  0.0478607  0.0439733  0.0312738  0.0412658  -0.00864947  0.0231691 
140 0.00213051 0.518119 0.0125102 0.108902 -0.00323039  -0.00695517  0.0073898  -0.00242446  0.00423049  -0.00304825  0.00198054  -1.4896e-05  -0.00246866  4.86599e-05 
144 0.00100066 2.3464 0.0859094 0.125611 0.00531458  -0.0433706  0.0463378  0.0300385  -0.00718153  -0.0140487  -0.0280667  0.024464  -0.0238696  0.0147225 
145 -0.000314367 0.493656 0.00283346 0.126409 0.000703984  -2.78499e-05  -0.00140905  8.03962e-05  0.00058123  0.00215986  -0.000628722  0.000351874  -0.000119419  -6.35596e-05 
146 0.00600407 0.656441 0.0613356 0.133034 -0.0382788  0.0109009  -0.000490711  -0.0339978  -0.0052864  -0.00489869  -0.00150735  -0.0237832  -0.00234212  -0.0199131 
147 0.00353361 1.06876 0.0895721 0.115451 0.0127993  -0.0353885  -0.0261297  -0.0285888  -0.00141973  0.0368415  0.0541294  0.0015948  0.0220385  -0.0181486 
149 0.00229409 0.818754 0.0540667 0.111357 0.00661539  -0.0435578  -0.00450974  -0.000687008  -0.00110766  -0.00510651  -0.0120959  0.00591118  0.0208001  0.0178929 
150 0.000827527 0.520704 0.0082974 0.104409 -0.000345343  0.000113568  0.00203278  0.00332348  0.000652972  -0.000966853  -0.00061228  -0.00668978  -0.00265461  2.8536e-05 
152 0.00232444 0.526556 0.0157896 0.110722 -0.0101896  -0.00487967  0.00336212  0.000778521  0.00306121  -0.00312904  -0.000685593  -0.00784301  0.00503213  0.00181488 
153 0.00144225 0.65965 0.0303527 0.105751 -0.0101308  0.0130862  0.00898443  0.0103771  0.000886847  -0.00698669  0.0106241  -0.00936744  -0.0139253  0.00385595 
155 0.00660464 0.932043 0.106686 0.115039 -0.00688562  -0.0803813  0.00280988  0.0100189  -0.0403637  -0.0368749  -0.0167378  0.033352  -0.00480803  -0.0189858 
156 0.000880914 1.64337 0.0634463 0.0843129 -0.00173448  0.00334302  0.00270474  0.0384556  0.0331639  -0.00555208  -0.000639587  -0.0185374  -0.0271029  -0.0177712 
159 8.53883e-05 34.5647 0.107785 0.094697 -0.0214521  0.00474711  -0.0295544  -0.054105  0.0406458  0.0296563  0.0189505  -0.0101373  0.0637015  0.016812 
160 0.00175431 0.555256 0.0197211 0.100876 -0.00574487  0.000282123  0.0111833  -0.00658872  -0.00566354  -0.0110783  0.000694408  -0.00237122  -0.000343806  -0.00513171 
161 0.00300557 0.959778 0.0742966 0.0994618 -0.011365  -0.0171052  0.0347889  -0.00428817  -0.00118401  -0.0179719  -0.0306699  0.0149866  -0.0471158  0.012651 
163 0.00523804 0.680035 0.0614341 0.0982448 -0.0117662  -0.0244323  -0.00868397  0.016397  -0.0260018  -0.0180546  0.0226628  -0.00211907  0.0084849  -0.0332016 
165 0.00161537 0.82813 0.0460352 0.0832004 -0.00935915  -0.00514481  0.0199904  0.0245092  0.0162614  0.00721517  0.0178891  -0.0187331  -0.00265737  0.00321781 
166 0.000561883 0.707698 0.0216057 0.0819007 -0.0107412  -0.0016174  0.00273269  -0.0102547  -0.00406666  -0.00356325  0.000116811  -0.00733282  0.01147  0.00464885 
170 0.000602405 2.4886 0.0691927 0.115743 0.0066723  -0.0274885  0.0167757  -0.0304655  0.0197677  0.0362362  0.00685183  -0.0220259  0.0205842  -0.0108766 
171 0.000176196 2.07506 0.0333143 0.120874 0.0142721  -0.0137963  -0.000742797  -0.00818459  0.00587848  0.0143172  -0.00328161  0.00103214  0.00879861  0.017874 
172 0.00323738 1.15944 0.0923134 0.127506 -0.0181184  -0.0325354  -0.0232524  0.0369129  -0.00129043  0.0142629  0.0645563  0.0186984  -0.0201483  -0.0101733 
175 0.00313571 0.866578 0.0677717 0.132398 -0.0181125  -0.0217236  0.00937348  0.00838664  -0.0416901  -0.00374723  -0.0123812  -0.0382731  0.00969463  -0.0130617 
176 0.00190194 0.545094 0.0185614 0.125643 0.00659607  0.000756036  -0.00687756  0.000625337  0.000157355  -0.00740405  -0.00253105  0.00161943  -0.00939029  0.0100352 
177 0.000814023 0.755729 0.0288545 0.124589 -0.0071085  -0.00755632  0.0163466  0.009385  0.00139794  0.0143676  -0.00781811  0.00670306  -0.00645669  0.00367969 
182 0.00645047 0.813086 0.0898042 0.158042 0.0154169  -0.0447485  -0.0248123  -0.0346506  0.0201473  0.0147777  -0.0484804  -0.0156204  0.0224787  -0.0168654 
185 0.00316783 3.18626 0.183973 0.157336 -0.0479917  -0.0357432  -0.0641547  -0.00198112  -0.0303548  -0.05338  -0.0240807  0.0838425  0.0261654  0.118662 
186 0.00326117 0.977847 0.0788903 0.152059 -0.0238771  -0.0151501  0.0311482  0.0419499  -0.0133387  0.00593399  0.0461886  -0.00749019  0.0152562  -0.00765964 
187 -0.000103917 -23.1927 0.09918 0.145534 -0.00279292  -0.0034933  -0.0251754  0.0162916  0.0333261  -0.0263309  0.0430009  0.00637289  -0.0722755  -0.000231503 
189 0.00647207 0.595666 0.0498869 0.156038 0.0102701  -0.0352431  0.00414707  0.0172003  -0.00779396  -0.00607057  0.00843412  -0.0120732  -0.00311201  -0.0224481 
190 0.00544138 1.02889 0.107138 0.138205 0.0189297  0.0069679  0.0158515  -0.0226713  0.0474404  0.0278702  -0.0324019  -0.0240506  -0.0354506  -0.0662875 
192 0.00488369 0.696497 0.0619613 0.130949 -0.00191052  -0.0408793  -0.0210362  -0.00559425  -0.0354379  0.0105515  0.0138723  0.00898491  0.00596474  0.00383143 
194 0.00339841 0.797687 0.0635886 0.122272 -0.0108779  -0.0193524  -0.00584956  -0.0271716  -0.0217136  -0.0057313  -0.0229352  -0.0173708  -0.00832484  0.0371046 
195 0.00624717 1.0518 0.117225 0.112981 -0.0176384  -0.0811547  0.00130911  0.0351463  0.0121824  -0.0214117  -0.0599933  0.010694  0.0210084  -0.0290802 
199 0.000528162 2.83392 0.0701894 0.082029 0.00763353  -0.0127387  0.0017818  -0.0365052  0.0205947  0.018854  0.0378743  0.0320485  -0.0102686  -0.00485584 
202 0.00310294 0.687651 0.0482658 0.0841633 0.00387546  0.000846854  0.0302761  0.00881347  0.00438046  -0.0187587  0.0051455  0.000722391  0.0214229  0.0215063 
204 0.0010285 1.45446 0.0626358 0.0631294 -0.0273621  -0.0266005  -0.00645823  -0.0287992  -0.00500693  0.00383917  -0.0366376  -0.00106471  0.00661874  -0.0129924 
209 -0.00112386 0.0406077 0.045458 0.0543815 0.0209292  -0.00517427  -0.00955435  0.00395176  -6.6573e-05  -0.0231112  -0.00523757  -0.0213608  0.0218296  -0.000586614 
210 -0.000147718 -0.472426 0.0239706 0.0638893 0.00675696  -0.006424  0.00964358  0.00673073  0.00225912  0.00340568  -0.00244319  -0.0140466  0.0102498  0.00493229 
211 -1.80911e-05 -0.417489 0.00814823 0.0650351 -0.00223558  0.00331454  -0.00332026  0.00190186  0.00425165  -0.0022114  0.00285378  0.00184039  -0.000774844  -0.000818675 
213 0.00103677 0.631993 0.0234008 0.0651741 0.00495534  0.00285535  -0.00140117  0.00397006  -0.00347714  0.00201178  0.013822  0.00678722  -0.0152816  0.00322225 
215 0.000229251 0.753104 0.0152345 0.0566695 -0.00634854  0.00307443  -0.000957418  0.00612746  0.00339272  -0.00412489  0.0051071  -0.00587164  -0.00448678  -0.00588698 
218 -0.00019485 0.366337 0.0102081 0.0546096 -0.000163905  -0.000338777  -0.00477467  0.00423913  -0.00286393  0.00447876  0.00474132  -0.00236911  0.00179092  -0.00193239 
220 0.000697142 0.823261 0.030021 0.0563656 -0.0183742  0.012903  0.011219  0.00878584  -0.00159241  -0.00172906  0.0079877  -0.00331172  0.00706801  -0.00799077 
221 -1.9699e-05 0.456039 0.00186124 0.0498014 0.000354241  0.000408329  0.000191858  0.000134443  0.000380544  -0.000631937  0.000275234  0.00147161  0.000513296  0.000260921 
222 7.04287e-05 1.02833 0.0121997 0.0499988 0.00229926  0.00515936  0.00115232  -0.00652337  0.00361163  0.00109451  -0.00687165  -0.00133267  -0.00296535  0.00100747 
223 0.000251531 0.646267 0.0121315 0.0492895 0.000419316  -0.00376036  -0.000607552  0.00177065  -0.00360624  0.00809825  0.00208934  0.00376045  0.00300487  -0.00481974 
224 -9.19366e-05 0.25589 0.00947512 0.0466685 0.00343251  0.000134898  0.00168993  0.00108416  0.00517238  0.00567936  0.000260472  0.00330781  -0.00101397  -0.00170291 
225 0.000364063 1.49123 0.0379872 0.0476434 -0.00376355  0.00377921  0.00406788  0.00303103  -0.030156  0.00248577  0.00892702  0.00303304  -0.0175507  -0.00873878 
226 0.000286058 0.533397 0.00618459 0.0436566 0.000817821  -0.000323079  0.00196123  -0.00175598  -0.000352977  -0.000655245  -0.00362927  0.00160497  0.00323143  0.00194999 
227 0.000149407 0.765624 0.0125992 0.0402477 0.00266645  -0.00399114  0.000641623  -0.00779735  -0.00724845  -0.00175174  -0.00268064  -0.000458377  -0.00308514  0.00140312 
234 -0.00192978 0.442695 0.0210859 0.0383469 0.00688461  0.00530985  -0.0138125  0.00321617  -0.0101924  -0.00267053  0.00417297  -0.0034691  0.00327773  -0.00408462 
235 0.000575399 0.674138 0.0200206 0.0583278 0.0117997  -0.00328512  0.00476399  0.00369192  0.00908671  0.000145536  -0.00180832  -0.00202716  0.00167658  0.0110315 
239 -0.000520704 -2.30008 0.0763508 0.0531685 -0.0293395  -0.00815558  0.0136869  -0.039201  0.0384997  0.0396711  0.00133711  0.00120939  0.00997264  -0.00439882 
241 0.000279018 0.72513 0.0158511 0.0578596 0.00712341  0.00421972  0.0034384  0.00699777  -0.00366711  0.00173585  -0.00713984  -0.00202291  -0.00453651  -0.00545959 
242 -0.000478446 0.0838848 0.0282238 0.0553963 -0.000785331  -0.0067715  -0.00651589  0.00275424  0.0022547  -0.00334457  -0.00415461  0.00313803  0.0231104  0.0110724 
244 0.000241339 0.5174 0.00410177 0.0595593 -0.000714169  0.000821161  0.00167853  -0.00048037  0.000575996  -0.00190116  0.00194982  0.00113313  -0.000515356  0.00181504 
245 -0.000180268 0.314711 0.01156 0.0574979 -0.00823569  0.00424155  0.00454467  0.000124993  0.00175488  0.00165611  0.00275794  -0.00258291  0.00192974  0.0018226 
246 -9.57181e-05 0.481252 0.00268014 0.0590448 8.2855e-05  0.00113097  -0.000163083  -0.00113355  -0.000123947  0.000408449  0.000518648  0.00181297  0.000138665  -0.000910148 
247 -0.000191769 0.492883 0.00234063 0.0598499 -0.000598074  0.000626514  0.000205345  -0.000451293  0.000900415  0.00164905  -0.000736119  -0.000215232  0.000204384  0.000567805 
248 0.00110027 0.617576 0.0227541 0.0614313 -0.0076702  0.00356007  0.0053973  0.00858062  -0.0152995  -0.00836895  -0.0015996  -4.87122e-05  0.00165423  0.00583729 
251 0.000210698 1.31133 0.0261471 0.051712 -0.000233176  0.00205471  0.00659891  0.010838  -0.000117234  0.00694643  0.00158858  0.0170338  -0.0120479  0.00568321 
