generation s h r distopt trait[0] trait[1] trait[2] trait[3] trait[4] trait[5] trait[6] trait[7] trait[8] trait[9] 
4 2.69359e-05 1.00307 0.00736219 0.06 -0.000676145  -0.00343713  0.00139612  0.0026626  -0.00134071  -0.00151147  -0.000673523  -0.00234177  -0.0012699  -0.00461085 
6 0.0026339 0.878542 0.0631221 0.099594 -0.033405  0.0330229  -0.00123217  0.0092098  0.0028807  0.0238007  -0.00717562  -0.00506674  -0.0252919  -0.020001 
7 0.000157641 0.542945 0.00520478 0.101613 -0.000702501  0.00140286  -0.000806056  0.00129168  -0.0012305  0.00220857  2.48718e-05  -0.000777696  0.00296486  0.00255389 
8 0.00725089 0.652898 0.0666501 0.118221 -0.0427247  -0.0125713  0.025359  -0.00980786  -0.0327768  -0.00226391  0.0168607  0.00913139  0.0109786  0.0123243 
10 0.00377068 0.575723 0.0338655 0.115546 -0.0210806  -0.00577932  0.00972698  -0.0128892  0.0157018  0.00452368  0.00140428  0.00201955  -0.00755447  0.00884346 
11 0.00177323 0.628251 0.0301718 0.115082 -0.00491942  0.0174604  -0.0108235  -0.00058115  0.0110126  -0.012188  0.00577449  -0.00223989  0.0116182  0.00454038 
14 0.00523788 0.551829 0.0331142 0.163252 -0.0157767  -0.015994  -0.00982347  -0.00394318  0.0109665  -0.00234623  0.00789467  0.0121205  0.00973318  0.00707493 
17 0.0132567 0.813828 0.12878 0.204726 -0.0751745  -0.0321111  0.0135802  -0.0391575  0.0184717  -0.0226453  -0.00482246  0.0571527  0.0370108  -0.0516802 
18 0.00477966 0.560668 0.0341807 0.184837 -0.0160728  -0.00243322  -0.00313287  -0.000837491  0.00743781  -0.0198325  0.0036334  -0.0187516  -0.00305199  -0.00841205 
19 0.000806961 0.784189 0.0302848 0.187016 -0.00102497  -0.0159337  -0.00154608  0.00153055  0.00907597  0.00617083  -0.0179919  0.00453099  -0.00606528  0.0124909 
20 0.00475695 0.819311 0.0778977 0.201261 -0.02896  -0.0211934  0.0149655  0.0230408  0.0178514  -0.00344377  0.0390927  -0.0332878  -0.0187697  -0.0265745 
24 0.02288 0.87074 0.183473 0.253925 -0.0758613  0.0764261  -0.0741841  -0.0863736  -0.0345908  0.0546788  -0.0601933  -5.03362e-05  -0.0356213  0.00494384 
27 0.00356905 0.558388 0.0289539 0.25038 -0.0163121  -0.00694969  0.000420155  -0.00638145  0.00357752  -0.00790107  0.00710533  0.016978  0.00267636  -0.00786865 
28 0.00872652 0.605369 0.0608122 0.258882 -0.0241125  -0.0166512  -0.0123593  -0.00686486  -0.0438636  0.00602702  0.018143  -0.00286138  0.0164346  0.00847183 
31 0.00356511 0.518558 0.0164468 0.28968 -0.00115582  0.00224105  0.00651081  0.00986384  -0.00707762  -0.00712152  -0.00246849  -0.00171826  0.00307567  -0.00226687 
32 0.0042261 0.539935 0.0261244 0.300728 -0.00583568  -0.00134137  0.0102641  0.00549496  -0.0132073  0.000292552  -0.0179869  0.00231766  0.00200493  0.00190883 
37 0.0100342 0.992453 0.140244 0.384007 -0.0387891  -0.0131638  -0.0340733  0.00559939  -0.0637654  -0.0297113  -0.0695776  -0.00827621  -0.0504548  0.0662891 
38 0.0329398 0.55031 0.0839118 0.388039 -0.0456952  0.0211027  0.0620225  -0.0112353  -0.00601894  0.00643939  0.0104193  -0.0146449  0.00812129  0.0082527 
40 0.00244488 0.51161 0.0107878 0.378289 -0.0017325  0.00219878  0.000845664  -0.00129805  0.00281791  0.00593254  0.00265411  -0.00377309  0.00551762  -0.00335859 
41 0.0198339 0.533752 0.0533235 0.39276 -0.0362703  -0.0173972  0.0177055  0.00195657  -0.0240867  0.00808551  0.00934152  -0.00255026  -0.00405193  -0.0123353 
43 0.0130061 0.507472 0.0216728 0.401644 -0.0132517  0.00240198  0.00249864  0.00657938  0.00685699  0.00313817  -0.00150027  -0.00823659  0.00971779  -0.00417242 
44 0.0186813 0.508867 0.0287697 0.403007 -0.0228371  -0.00688339  0.00401491  0.000961843  0.00823975  -0.00172852  0.000854508  -0.00500297  0.0120403  -0.000359116 
45 0.00342288 0.510583 0.012267 0.397254 -0.00767938  0.000501137  -0.00151942  0.000648971  -0.00812827  0.000708896  -0.00249471  -0.00172674  -0.000277317  0.00355983 
48 0.0202334 0.514268 0.0366565 0.4472 -0.0230001  0.0040136  0.000541262  -0.0014045  0.00674926  0.00504526  0.0119756  -0.0173814  -0.00093877  0.0167005 
49 0.00406848 0.512941 0.014779 0.442531 -0.00366331  0.00826045  -0.00491472  -0.00341507  0.00425874  -0.000864599  0.00123037  0.00426354  0.00789518  -0.000189157 
50 0.0200907 0.508632 0.0297419 0.456405 -0.0223586  -0.00292679  -0.00566095  0.00530234  -0.00403859  -0.00962807  0.00242931  0.010556  0.00527392  -0.00786076 
53 0.11773 0.613979 0.23783 0.490026 -0.12667  -0.0848017  0.022253  0.108761  0.131183  0.0344344  -0.0192823  0.00154623  0.0471944  0.00244213 
54 0.00443592 0.538372 0.0262504 0.377619 -0.00456534  -0.00829901  -0.0099168  -0.0059802  0.00247062  -0.0140363  0.00970634  -0.00777191  -0.00484159  -0.00916969 
55 0.00243852 0.51358 0.0116304 0.390586 -0.0028035  0.00272956  -0.00432717  0.000354506  0.00304338  -9.8895e-05  -1.87651e-05  0.00228323  0.00326002  -0.00871735 
56 5.9649e-05 0.500732 0.000419944 0.406445 -0.000112307  -7.31423e-05  -4.86878e-05  -7.29775e-05  0.000266434  -0.000195644  -3.82179e-05  -6.21274e-05  4.58033e-05  -0.000184424 
60 0.0111824 0.549601 0.0476184 0.483138 -0.0187295  -0.000610788  0.0120173  -0.0211779  -0.00199886  -0.0118483  -0.0280865  0.000188744  0.0140001  0.0139339 
61 0.00794164 0.715054 0.0826438 0.490534 -0.0162101  0.0133382  0.0511832  0.0423247  -0.0107885  0.0107885  -0.0170485  0.0315312  0.00201554  0.0213661 
66 0.0294786 0.510103 0.0399482 0.577131 -0.0263269  0.0203982  0.00540333  -0.00677545  0.000524771  0.0153569  0.000837592  0.00206101  -0.0025046  0.0128154 
68 0.0635716 0.518531 0.0803949 0.589635 -0.0576106  0.0421774  -0.00865397  -0.00899215  0.0179465  0.017893  -0.00523015  0.0121904  -0.00804511  0.0180767 
72 0.0243598 0.575623 0.0869652 0.61131 -0.0289458  0.0238329  -0.0345667  0.0127526  -0.00135249  0.0373538  -0.0154555  -0.0151252  -0.0327645  0.0431429 
74 0.00760652 1.10658 0.135545 0.629245 -0.0312803  -0.0230867  -0.0126151  0.0323853  0.0852184  -0.0332499  -0.00193493  -0.00805376  -0.046437  0.0711361 
75 0.0336181 0.553187 0.0870311 0.641465 -0.0187414  -0.0261315  0.0626088  -0.00570905  -0.0369077  -0.0191285  0.0195417  0.000937358  0.00902934  -0.0198874 
77 0.0824719 0.530797 0.11351 0.652324 -0.0621988  0.0517392  0.0274832  -0.0631043  -0.0209761  0.0134331  0.0240076  0.00736034  -0.00580591  -0.0177976 
79 0.0265635 0.555793 0.0786761 0.625794 -0.0178186  -0.0384207  0.00631508  0.00199877  -0.0311148  0.00962622  -0.0145032  -0.0382404  0.00546841  -0.0398628 
80 0.0137893 0.628876 0.0845417 0.623344 -0.00653061  0.019644  -0.036046  -0.0034257  -0.0486729  0.0279276  0.022327  0.0151093  -0.038226  -0.00840834 
81 0.0082496 0.570964 0.0486329 0.631315 -0.0114361  -0.0128284  0.00203899  0.0175532  -0.00668564  0.0137334  -0.00974111  0.0342616  -0.0112334  -0.0113707 
82 0.00543949 0.591517 0.0447219 0.643724 -0.00475992  0.0249518  0.00567117  0.0155573  0.00820017  0.0152175  0.00975733  -0.0109403  -0.0104756  -0.0213813 
86 0.0337913 0.658358 0.146785 0.715783 -0.0330889  0.0701501  0.0383273  -0.0622984  0.0173904  -0.0209428  -0.0282739  -0.0736464  0.0536193  -0.018454 
87 0.0066853 0.513286 0.0193981 0.711082 -0.00482417  0.00479684  0.0020073  -0.0066721  0.00677088  -0.00493297  0.000403588  0.0124151  -0.00590671  -0.00470015 
88 0.0165084 0.51366 0.0320714 0.725331 -0.0093768  -0.00444559  0.000748718  0.0153441  0.00203222  -0.0155274  -0.00235284  0.0132371  -0.0147592  0.00640851 
89 0.0894957 0.520133 0.102786 0.732999 -0.0654685  0.00126645  -0.00362636  -0.0109135  0.0223705  -0.00656771  0.0176426  -0.0546357  0.00104215  -0.0479994 
92 0.029515 0.523106 0.0557708 0.728824 -0.017952  -0.00650201  -0.0154532  0.0117406  -0.0286542  0.00227196  -0.0113434  -0.00144155  0.0232832  -0.0294976 
96 0.0115211 0.50119 0.0109616 0.785221 -0.00756504  0.00137265  0.00115657  -0.000492805  -0.00523449  0.00190706  0.000834332  0.00195889  0.00346685  0.00344573 
98 0.06847 0.539779 0.112751 0.816425 -0.0482756  0.0474839  0.0219537  -0.0224222  0.0512744  -0.0281757  0.00726898  0.0437762  -0.0108926  0.0403983 
100 0.0219151 0.605541 0.0968296 0.813077 -0.0250489  -0.0126221  -0.0261334  -0.0152564  0.0647316  0.0320307  -0.0334492  -0.0198371  -0.00445182  -0.0304165 
102 0.00551349 0.505766 0.011913 0.818534 -0.0028884  -0.00103  0.00676652  0.00186988  0.000495173  -0.00533689  0.0032622  0.005161  -0.00183955  0.0037207 
107 0.0541718 0.513247 0.0646923 0.815169 -0.0394272  -0.0167421  -0.00813739  0.0149052  0.0119193  0.029287  -0.0246473  0.018894  -0.00677459  -0.00719346 
109 0.0202964 0.538157 0.0571611 0.782141 -0.011144  0.0189148  -0.0205856  -0.0114957  0.00711102  -0.000943566  0.0369087  -0.00741784  0.00144574  -0.0275444 
113 0.0276714 0.534753 0.0645356 0.769189 -0.0181181  -0.045091  -6.4286e-05  0.0301538  0.0163011  0.00716823  -0.0195779  0.00717635  0.0108567  -0.00493511 
117 0.00785499 0.582215 0.0510182 0.751236 -0.0141991  0.0274597  0.00751893  0.00966981  -0.00593958  0.0187878  -0.018667  0.017121  -0.018388  0.0113668 
118 0.00559414 0.511546 0.0165283 0.746011 -0.00320698  -0.011037  -0.00590488  -0.00275283  0.00493475  -0.000197135  0.00300257  -0.00300788  -0.000902308  -0.00744129 
119 0.00996569 0.505474 0.0163179 0.742262 -0.00628783  -0.00336955  0.00437542  0.0063453  -0.00924256  0.000175984  -0.000512192  0.00387218  -0.00480332  -0.00567377 
120 0.00730428 0.500756 0.00696304 0.735552 -0.00425294  -0.00026933  -0.00223163  -0.00117661  -0.00206797  0.000229522  0.000967758  -0.00297532  0.000854121  0.00301854 
122 0.00166247 0.653969 0.0320042 0.730588 -0.00785634  0.0189597  0.014877  0.0113232  0.00395289  -0.000888889  -0.00447967  -0.0044311  0.00524792  -0.0130337 
125 0.00685591 1.72149 0.182395 0.729451 -0.0576809  -0.0814638  -0.00211502  -0.0479442  0.0231895  0.0355255  -0.0843331  0.0547831  -0.0947931  -0.0101324 
126 0.0217666 0.534872 0.0568701 0.724752 -0.0228404  -0.0127955  0.0224223  -0.010626  -0.0215124  0.0010462  0.00946118  -0.0247537  -0.0169798  -0.0218787 
127 0.0161886 0.584451 0.0744978 0.709741 -0.0190868  0.0152366  -0.0218641  -0.00502366  -0.0318821  0.0300829  0.00564406  0.0469227  -0.0122157  -0.0120799 
128 0.0495008 0.509436 0.0546801 0.698336 -0.0182631  0.00319943  -0.0140121  0.00151587  -0.0304007  -0.0072064  0.00503351  0.00296896  0.0282378  0.0252951 
129 0.075781 0.531123 0.108383 0.662841 -0.0418256  -0.00166058  0.0430399  0.053331  -0.0328057  -0.0123822  0.0430266  -0.0335098  0.0303856  -0.0130793 
134 0.0367027 0.517785 0.0566806 0.605237 -0.0376075  -0.0129834  -0.00318935  0.00367779  0.00613867  0.00879643  -0.00612654  0.0238147  -0.000103382  0.0297717 
136 0.0489673 0.557658 0.110231 0.574688 -0.0429077  0.0342205  -0.0450946  -0.00889033  0.00226039  -0.0285455  0.0268206  0.0525942  0.00180359  -0.0521301 
139 0.000970153 0.529961 0.0108018 0.53147 -0.000579419  0.00381323  -0.00218079  0.00641354  -0.00360958  -0.000278698  0.00105088  0.00580193  0.00254708  -0.00124617 
140 0.0101908 0.504198 0.0148876 0.530557 -0.00876366  -0.00585705  -0.00339326  -0.0026626  0.00145573  -0.00443821  -0.00550676  -0.000752292  0.00372791  0.00503244 
146 0.0179029 0.526004 0.0447514 0.520914 0.00437642  0.0116192  -0.0179047  -0.00149779  -0.0152502  -0.0220707  0.0229501  -0.0136126  0.00499887  0.00830789 
147 0.00176436 0.501942 0.00390473 0.503594 -0.00170144  0.00134812  -8.28531e-05  0.000197432  -0.000113329  0.0016219  0.00184196  0.000932305  0.000595591  0.00179683 
149 0.00370104 0.642793 0.0460032 0.501841 0.0151042  -0.0200998  0.000537372  0.00348209  -0.00695563  -0.0233307  0.0126802  -0.0256335  0.0073393  0.00270517 
150 0.0482559 0.535424 0.0882127 0.498147 -0.0468818  -0.0183907  0.0117897  -0.0386248  -0.0460932  -0.0242279  0.0135591  0.00664845  0.0137043  0.0220693 
151 0.0119701 0.675147 0.0916424 0.448355 -0.0476826  -0.0377722  0.0249157  -0.0185074  0.0226607  -0.0174906  -0.00381912  0.0102437  -0.018362  -0.0495836 
152 0.00318904 0.610428 0.0375661 0.434883 -0.0082445  -0.0174909  -0.00775369  -0.00430931  -0.0156431  0.00896313  -0.000631791  -0.00997257  0.0165006  -0.0161695 
155 0.0138042 0.886832 0.145778 0.431207 -0.0464991  -0.0378398  -0.0311367  0.0516013  0.0193895  0.00541278  -0.0964639  -0.0651542  0.00125888  0.00822934 
160 0.00266344 0.536551 0.0198093 0.415005 -0.0102097  0.00226442  0.0100618  0.00106238  0.00158676  0.00722735  -0.00338986  0.00243989  -0.00777248  0.006933 
161 0.000945078 0.673712 0.0256275 0.411788 -0.00137953  0.00322984  0.012952  0.0198375  0.00633815  0.0035257  0.00361638  0.00281402  -0.00268088  0.00153858 
163 0.00572617 0.520409 0.0219638 0.41064 -0.00306644  0.00338753  -0.0125424  -0.00558832  -0.00395914  -0.0110902  -0.00705102  0.00407561  0.00205017  0.00798686 
164 0.0057648 0.511456 0.0167311 0.403628 -0.0112763  -0.00652604  0.00422365  -0.00447717  -0.000495976  -0.00352923  0.00153882  -0.0055969  0.00479688  -0.00170218 
167 0.0015559 0.505671 0.00603939 0.396443 0.00107725  0.000672333  -0.0033694  0.00228803  -0.00325831  0.000368804  0.00204741  7.08848e-05  6.36166e-05  0.00182216 
168 0.0264638 0.544214 0.0704105 0.394477 -0.00414174  0.0282745  -0.0233173  -0.000162598  -0.00968653  0.0311737  0.0382752  0.00423249  0.00930638  0.0310189 
169 0.0134498 0.622027 0.0812714 0.359851 -0.0375884  -0.0102705  0.0307031  0.0349081  -0.0467549  0.0160678  0.00790513  0.00543968  0.00514303  0.0190445 
172 0.00888077 0.555286 0.0446525 0.340782 -0.00436325  0.0347319  -0.0103575  -0.00872882  0.00863323  0.0133313  0.0166645  -0.0013994  -0.00639854  0.00348961 
173 0.0397991 0.575228 0.111744 0.327553 -0.0913011  0.0402493  -0.0083221  -0.0378837  0.00618348  -0.0195053  0.0141624  0.000520235  0.00897207  -0.0180634 
174 0.0230462 0.596233 0.0949745 0.261272 -0.0551494  0.00352016  -0.0138913  0.0411575  0.00845579  -0.0141096  -0.0114775  -0.00256674  0.000364068  0.0605836 
175 0.00460123 0.516486 0.0176988 0.213257 0.00340559  -0.000225332  -0.00286882  -0.00297127  0.0082458  -0.0115811  0.00344963  -0.00478438  0.00476676  0.00499127 
178 0.000511844 0.506366 0.00362779 0.202208 -0.000245035  -0.000933791  0.00151971  0.000239835  0.000545174  -0.00083556  0.000362047  -0.000915119  0.00131246  0.00248503 
179 0.0154616 1.40628 0.235275 0.200938 -0.0461632  -0.108175  -0.0111439  0.0501138  -0.0481501  -0.129973  0.0993989  -0.0231126  0.0919851  -0.0282674 
180 0.01376 0.667792 0.0962029 0.158218 -0.00142314  0.0709693  -0.0184022  -0.00413343  0.0168066  0.00971123  0.0331493  -0.0424253  -0.00721098  0.0230879 
184 -4.7566e-05 0.497461 0.000695927 0.106615 0.000211512  -0.000205227  0.000403031  -0.000154377  -3.52382e-05  -4.54996e-05  0.000227798  -0.000240956  0.000142773  0.00027847 
189 -5.22576e-05 0.498305 0.000596441 0.106838 -0.000153105  0.000165949  0.000313761  -0.000120049  -0.000143277  -0.000155309  -9.99081e-06  -0.000364312  -0.000105161  -5.80743e-05 
190 0.00124102 0.544249 0.014842 0.107082 -0.00129324  -0.00555819  -0.000324667  -0.00339353  -0.000543339  0.000965103  -0.00685747  0.0107224  -0.0033327  0.00132994 
193 0.00162534 0.71174 0.0371021 0.101126 0.00567438  -0.013655  -0.000685928  -0.00111988  0.00804854  0.0200606  -0.0118687  0.0120621  -0.0140059  0.0143684 
194 0.00165755 0.598344 0.0255503 0.092749 -0.0106052  0.00465208  -0.00932731  -0.00498187  0.00465965  4.84997e-05  -0.0039034  0.00366395  -0.0188673  -0.000734129 
197 0.000184152 2.3066 0.0364751 0.0833438 0.0107448  0.00319505  -0.0108229  -0.00144102  0.0168955  -0.00503701  0.0104238  -0.00351293  -0.0204188  0.0153886 
198 0.0004817 0.627062 0.0156484 0.0822317 0.00157481  0.00487849  -0.000568095  -0.00622573  0.00547274  0.000168462  0.0103974  -0.00479676  -0.00138977  -0.00406026 
200 0.00117181 0.650961 0.0266045 0.0792494 -0.0142525  0.00010657  0.00855578  -0.0145136  -0.0057253  0.000558993  0.000584613  0.0117197  -0.00408391  -0.00577457 
201 0.000365737 0.559394 0.00932418 0.0714797 -0.0020575  0.000203276  -0.00187994  0.00128417  -0.00211258  -0.00126166  -0.00633435  0.00490903  0.00264424  -0.000461585 
209 0.00138298 0.776766 0.0391235 0.0688744 -0.0131654  0.027101  0.00170149  -0.00332202  0.00284376  0.0158784  0.0038131  0.0163449  -0.00525315  -0.00627885 
211 0.000308735 0.664965 0.0142735 0.0579798 0.00432165  -0.00517079  -0.00936792  -0.00173829  -0.00264656  0.000753443  -0.00211662  -0.0032184  0.00332729  0.00583601 
212 7.07018e-05 0.596468 0.00522333 0.0552537 -0.000488278  0.00143687  -6.59725e-05  -0.002136  0.000429701  0.00350897  -0.00256327  0.000111348  0.00103405  -0.000513561 
214 0.000185255 0.572071 0.00730875 0.0546101 -0.000514869  0.000593161  -0.000478632  -0.00347353  -0.00152145  0.000599851  -0.000542066  0.00491995  0.00292028  -0.00219182 
221 -3.15187e-06 -5.23433 0.00850265 0.052887 -0.00136504  0.00429179  0.00220404  -0.00237478  0.000376629  -0.00415152  -0.00389357  0.000700338  0.000333485  -0.00289419 
222 3.30537e-05 0.510786 0.00119439 0.0529167 0.000278364  0.000175981  0.000386266  0.000580246  0.000362571  -0.000214344  -0.000166109  0.000742883  0.000239308  -0.000134532 
223 -0.00064549 0.371806 0.0182015 0.0526035 -0.00904911  -0.00876537  -9.32157e-05  -0.00907101  -0.00694832  -0.00109258  0.00376507  -0.00108701  0.00176249  -0.00472727 
225 -0.00161844 0.348462 0.0313529 0.0584194 -0.00184335  0.00545897  -0.0129557  -0.00895532  -0.000763297  -0.0106145  -0.0103286  -0.00888325  0.00549378  -0.0193064 
227 0.000178572 0.657042 0.0105914 0.0709407 0.0057147  0.00217605  0.0025656  0.0015343  -0.00165086  -0.00137809  0.00214659  0.00517823  0.00412493  -0.00357583 
228 0.000175854 0.886865 0.0164957 0.0696708 0.00560619  0.00643717  -0.00439138  -0.00435042  0.00151246  -0.000357927  0.00235491  0.00547627  0.0105836  -0.00332708 
231 0.000444392 1.92413 0.0503014 0.0683973 0.013296  -0.010817  0.00891606  0.0155791  0.0311169  -0.0216356  0.0191833  -0.00939922  -0.00436859  0.00156507 
232 0.00217908 0.631169 0.0338271 0.0650684 0.00108001  0.00273735  0.00474808  0.00674059  0.00979719  0.00496468  0.00789762  0.00499603  0.00098475  0.0293036 
233 0.000509665 0.5526 0.0103602 0.0453561 -0.00171378  0.000116864  0.002732  0.00199477  0.00129597  0.0021429  -0.00100905  0.000614355  0.00320331  0.00866095 
235 0.000162109 1.08985 0.0195561 0.0393401 -0.00314605  0.00664105  -0.00295364  -0.00225539  -0.0105335  0.000402944  -0.00915403  0.00871938  -0.0033977  -0.00566978 
238 -0.000382719 -0.151569 0.031585 0.0372229 -0.0141152  -0.00291971  0.0182784  -0.00463416  -0.00433917  0.00836791  -0.00492696  0.0131216  -0.00663761  0.0102427 
239 6.51879e-05 1.24193 0.0139087 0.0420516 0.00556222  -0.00742745  -0.000653095  0.00256503  -0.00381595  0.000955933  -0.000884625  -0.0036861  0.00406082  -0.00734875 
240 -5.48102e-06 -3.58748 0.00946644 0.0412693 -0.000405996  0.00226449  -0.00142955  -0.000142618  -0.00486335  -0.00474564  0.000583444  -0.00389881  0.00313414  -0.00327407 
242 0.000307644 0.536993 0.00674999 0.0413356 -0.000343036  0.000902187  -0.0032739  0.00180223  0.00300372  -0.000134609  0.00102705  0.00106909  0.00425763  -0.00113962 
243 7.20924e-05 1.11529 0.0133201 0.0374304 -0.00856637  0.00143776  -0.00345623  -0.00591256  -0.00233975  0.00207506  0.00596321  -0.000481015  0.00207017  -0.00228327 
245 0.000165654 0.567801 0.00670341 0.0364547 0.00180612  0.00416926  -0.000902676  -0.000983917  0.00174027  0.000214549  0.0026185  -0.000724691  0.00342378  -0.000573957 
248 -0.000169314 0.405435 0.008004 0.0341073 0.00302453  0.00156699  0.00070182  0.000228055  0.000230223  -0.00554748  0.000371352  0.00346202  -0.000259105  0.00298295 
250 -0.000261229 0.41257 0.00956043 0.0365053 -0.000605934  -0.00364874  0.00432498  -0.00137977  -0.00526332  0.0018633  -0.00214802  0.00247659  -0.00283942  0.00266983 
251 0.000327976 1.04117 0.0266428 0.0399237 0.00420107  -0.0101431  -0.00521768  0.0146806  -0.00429567  0.00324374  0.00275423  -0.00550504  0.00572596  0.0157134 
252 -9.16888e-06 0.355637 0.00230101 0.0355806 0.000191349  -0.000426345  -0.0006344  -0.000486179  -0.000194487  -0.000925872  0.00091413  -0.00132357  0.000977074  -1.48118e-05 
254 2.17356e-06 1.57707 0.00306011 0.0357092 -0.00151671  0.00135717  0.00126516  0.00028103  -0.000613526  0.000293378  0.000943784  0.000336321  0.00113951  -0.000881766 
257 2.12331e-05 0.536327 0.00175656 0.0356787 -0.000406858  -0.000285362  -0.000442705  0.000880257  0.000185321  0.000308927  0.00048831  -0.00108233  0.000400587  0.000409342 
258 -5.68079e-05 0.470774 0.0025774 0.0353799 0.00145252  -0.000308957  0.000295233  0.000627332  -0.000253286  0.000820025  0.000373761  0.000686513  -0.00145719  0.000697143 
259 -0.000169041 0.206998 0.0140763 0.0361739 0.00380192  -0.00241941  0.0023809  -8.0053e-05  0.00164595  -0.00261715  0.0013352  -0.00673292  0.00881233  0.00615053 
260 -0.000540191 0.308564 0.0203441 0.0384396 0.00029965  -0.00630682  -0.00362837  -0.000624609  -0.0109206  0.00149772  -0.0100702  0.00499618  -0.00684609  -0.0081069 
261 0.000119976 0.654386 0.00860771 0.0449215 -0.000899178  0.00113498  0.00317869  0.000301027  0.00334114  -0.00198306  -0.00193885  -0.00353137  0.000754659  -0.00546866 
263 -2.82954e-05 0.488622 0.00113497 0.0435657 -0.000138012  -0.000474876  0.00028471  2.6456e-05  -0.000128499  0.000153685  -0.000781941  0.000372542  2.57932e-05  0.000413307 
266 -5.61334e-05 0.488798 0.00158643 0.0438893 0.000197611  -0.000504326  4.45141e-05  0.000729651  7.26207e-05  -0.000167869  -0.000934008  0.000506544  -3.40813e-05  -0.000724868 
267 0.000320524 0.733215 0.0172915 0.0445242 0.00738573  0.00677816  0.00210014  0.00468786  0.0107492  -0.000983847  0.000830098  0.0041473  -0.00423305  0.0044493 
268 -0.000366043 0.370896 0.0137524 0.0407668 0.00745771  0.00533398  -0.003138  0.00379033  0.00312529  -0.0028489  -0.00470994  0.00228001  -0.00502056  0.00322083 
269 0.000323963 0.574324 0.00981574 0.0450338 -0.00019965  0.00302624  -0.00449844  -0.00642443  0.000221046  -0.00188948  0.00429693  -0.00186479  0.000284669  2.23258e-05 
270 4.06067e-05 0.672438 0.00529232 0.0412811 -0.00105052  0.00145518  5.08913e-05  0.000214773  -0.00100863  -0.00161313  0.000904905  -0.00240641  0.0019516  -0.00327121 
273 -5.00469e-05 0.465897 0.00261312 0.0407863 -0.000424165  -0.00151563  -4.00091e-05  0.00047226  0.000507656  -5.41433e-05  -0.000125859  0.000465351  -0.00163743  0.000975957 
275 6.46361e-05 9.66472 0.0486694 0.0413953 -0.00631979  0.0147086  -0.0211035  0.00674244  0.0130276  0.0156601  0.00964445  -0.0115451  0.0166687  -0.0265048 
279 0.000204574 0.6566 0.0113204 0.0406071 -0.00114062  -0.0048329  0.00828815  0.000612123  -0.00491946  0.00157899  -0.00235958  0.000149474  -0.0012759  -0.000716313 
282 2.09471e-05 0.514768 0.00111246 0.0380051 -0.000604939  -0.000124995  -3.87594e-05  0.000405483  -0.000122804  -0.000190882  3.32248e-05  0.000193979  0.00059952  0.000490303 
284 -8.72594e-05 0.096948 0.0118612 0.0377285 0.00295048  0.00230242  0.00320996  -0.000210665  0.00732974  -0.00396512  0.00203772  -0.00525536  0.00235244  0.00309525 
286 0.000347972 0.805842 0.0206316 0.0388678 -0.00707254  -0.00180743  0.00091562  -0.00863085  0.00227499  -0.00390868  -0.00758022  0.00275646  0.0132273  0.00604743 
287 -6.90123e-05 0.190434 0.00924445 0.0340997 0.00334077  0.0047831  -0.00365352  3.76402e-05  -0.00136253  -0.00260472  0.000540493  0.000394127  0.000746409  0.00533158 
295 0.000145224 2.01212 0.029635 0.0350971 -0.00849087  -0.00333011  -0.00348266  0.0107058  -0.0102464  0.0136003  -0.00607138  0.00409501  0.00194806  0.0179143 
296 -0.000395001 0.331706 0.0163103 0.0329635 -0.00451309  -0.00435135  0.0106648  0.00394846  -0.00533567  -0.00474121  0.000294469  0.00631116  0.00218357  0.00132735 
297 0.000668958 0.581885 0.0148073 0.0384925 -0.00133098  -0.00163217  -0.000980101  -0.0105868  0.00241229  0.00398331  -0.00233189  -0.00484922  -0.00598495  0.00391411 
299 -0.000557932 0.0268945 0.0324985 0.0285121 -0.0045377  -0.00330149  0.00875525  -0.0220263  0.0164238  -0.00690114  -0.00371746  -0.0067024  0.000473061  0.00930154 
302 0.000243029 0.826364 0.0178113 0.0370274 0.000598334  0.00254109  -0.0135787  -0.00152955  -0.0033613  -0.00375807  -0.00409241  -0.00218093  -0.00464894  -0.0074275 
304 -0.000159395 0.226755 0.0131999 0.0335861 -0.000525574  -0.000270459  0.000734762  0.00649001  0.00177872  -0.00372216  -0.00613214  -0.00137931  -0.00126167  -0.00855061 
305 9.63123e-05 0.514173 0.00233761 0.0358808 0.0013492  -0.000578416  -5.06683e-05  -0.000664159  -0.000901828  0.000490077  0.00047204  0.000597771  -0.00107522  -0.00027597 
306 0.00048496 0.669708 0.0181447 0.0345127 0.00243377  -0.0014576  0.00308761  -0.00168512  0.0087777  0.00686308  0.0134565  0.0010564  -0.000177818  0.00156069 
308 -9.069e-05 0.44507 0.00446444 0.026576 -0.00145738  0.00136477  0.000280893  -0.00107096  -0.000420566  -0.000574869  -0.000564846  -0.00222496  0.0014631  -0.00260793 
309 -0.000173872 0.436381 0.0066532 0.0282308 0.00163281  -0.00185491  0.000537567  0.00120411  0.000811175  -0.000382446  -8.66565e-05  -0.0051329  -0.00117809  0.00280589 
311 -0.000320428 0.188065 0.0199976 0.0311587 0.000490062  -0.0120131  -0.00179308  0.0101241  -0.00530782  0.000346289  -0.00491877  0.00594875  0.00482993  0.00619958 
313 0.000453596 1.7555 0.0477169 0.0359353 -0.00100046  0.0256769  -0.00238763  0.00177407  -0.00253243  0.0111304  0.030565  0.0193356  0.00214352  -0.0128364 
314 9.35665e-05 1.58292 0.0201312 0.0289456 0.00817877  -0.00800614  -0.00623025  0.00729213  -0.00412691  0.00278192  -0.00777814  0.00407288  -0.00422248  0.00791169 
315 -3.18183e-05 0.178661 0.00639522 0.0272816 -0.000824047  -0.00206362  0.00014104  0.00446725  -0.0015265  -0.000524421  0.000374133  -0.00125581  -0.00294586  -0.0017276 
316 -4.56833e-05 -12.8579 0.0493988 0.0278587 -0.00706461  0.0029811  -0.00611799  -0.0268611  -0.0044798  0.00181628  -0.0227808  -0.0243806  -0.0179942  -0.0127259 
317 7.30241e-05 0.543833 0.0035785 0.0286669 0.00073966  0.00107964  -0.000338515  0.00130792  0.00229583  -9.51577e-05  0.00172528  -0.000142896  -0.000537678  0.000837661 
318 -1.80361e-05 -2.23624 0.01405 0.0273636 0.00265482  -0.00839692  0.00746164  -0.00701774  -0.00147083  -0.00322552  0.00037199  -0.000265825  -0.000484498  0.00138171 
323 -0.000652311 -0.0297379 0.0371839 0.0276912 -0.01558  0.0221048  0.0160855  -0.0108565  0.00411712  -0.00113463  0.00720146  0.00432446  0.00221237  0.0134529 
326 -2.06933e-05 -0.0606373 0.00681221 0.037674 0.000966638  0.00135408  0.000984496  0.000468956  0.00639208  0.000424948  -0.000605381  0.000942438  -4.08585e-05  -0.000391936 
330 -0.000955674 0.0546711 0.0412706 0.0379476 -0.0190494  -0.0332572  0.00210075  0.00450036  0.00367347  -0.00663363  0.00436451  -0.000845076  -0.00368568  -0.0109009 
331 0.000133866 0.580329 0.00655892 0.0489505 0.00256869  0.000175794  -0.000485592  -0.000505153  -0.00256047  0.00300583  -0.00160654  -0.00099987  -0.00342789  -0.00223097 
333 -1.61904e-05 -7.40375 0.0226237 0.0475636 0.0121491  -0.00623522  0.000422346  0.0029256  -0.00955958  -0.0140105  0.000755616  -0.00528166  -0.000660862  -0.000179308 
336 -0.000313958 -0.00993603 0.025308 0.0477335 -0.00501721  0.0099752  0.00350997  -0.0111373  -0.0138401  0.0034048  0.00383993  0.00980625  0.0019337  0.00785304 
337 8.11512e-05 2.84225 0.0275718 0.0509165 0.00693211  0.0125679  -0.00747027  -0.00321404  -0.000564121  0.00490043  -0.000183653  0.0027666  0.00171362  0.0212863 
342 0.00140325 0.907401 0.0478066 0.0501133 0.000589304  0.0108613  -0.00844873  0.0247526  0.010804  0.0318737  -0.00273647  0.00142453  0.0159786  -0.0092516 
346 -0.000290451 0.392373 0.0111848 0.0333028 -0.000444172  0.00315734  0.00277784  -0.00668849  0.00510413  0.000120495  0.000506313  0.00418131  0.00426377  0.000703928 
352 -0.000520541 0.342305 0.0181261 0.0374108 0.00892661  0.0103172  0.00555957  0.00197861  0.000450742  0.00770457  -0.00592683  0.00299693  -0.00198203  6.46894e-06 
353 0.000394969 0.657875 0.0157938 0.0438206 0.00268147  -0.00732672  -0.000383065  0.000591663  -0.000760567  -0.00204693  0.00119882  -0.00882225  0.00883127  -0.00510353 
356 8.43191e-05 1.26321 0.0160436 0.0390558 0.000160334  -0.0107282  -0.00281242  -0.00223673  -0.0054924  0.00227797  0.000195641  0.00850853  0.000924874  -0.00455194 
359 0.000332868 0.564796 0.00929055 0.037961 0.003762  -0.00401458  -0.00224133  0.00498376  0.00199431  -0.0029991  -9.38867e-05  0.000107528  -0.000539278  0.0035917 
361 2.26519e-05 0.53321 0.00173472 0.0332901 0.00121294  0.000862863  -1.8629e-05  -0.00019135  -0.000115622  8.74242e-06  0.000421929  0.000138021  -0.000709344  -0.000207009 
362 -3.7208e-07 0.179266 0.000690909 0.0329481 -0.000162314  -0.000117546  -0.000153869  0.000354629  -7.51449e-05  4.05276e-05  0.000117662  -0.000225528  -1.41011e-05  0.000464285 
364 0.00018659 0.697109 0.0121291 0.0329537 -0.00185316  -0.0036231  0.00320426  0.00396113  0.00878745  -0.00219654  -0.000241146  -0.00410867  -0.00172834  0.00162039 
365 -0.000127294 -0.294746 0.0201166 0.0299896 -0.00309253  -0.00238454  -0.01527  -0.00348107  0.00211431  -0.00814683  -0.0012374  0.00344852  -0.000605845  0.0077141 
366 -0.000157989 0.286148 0.0116261 0.0320418 -0.00433544  0.00136709  0.0058748  -0.0038396  -0.0023682  0.00171819  -0.000639598  -0.00729615  0.00141647  0.00101761 
367 -9.38566e-05 -1.88531 0.0299242 0.0344192 0.000877075  0.0175841  0.0154259  0.00735336  0.0100229  -0.0103673  -0.00805348  0.000485333  -0.00145039  -0.00428 
368 -0.000182914 -0.234877 0.0231885 0.0357567 0.00778389  -0.00474349  0.0102897  0.0155425  0.00260813  -0.00496881  0.00509724  0.00195066  0.00492869  -0.00464742 
369 0.00010125 0.685413 0.00866564 0.0382292 -0.00219998  -0.00410654  -0.000608605  -0.00187681  -0.00344293  -0.00142601  -0.00559255  -0.0012906  0.000698556  -0.00147629 
373 0.00025515 0.592235 0.00970331 0.0368813 0.00219727  0.00276406  -0.00723917  -0.00198971  0.000965562  0.0010717  -0.000311354  -0.00268427  -0.00324477  0.00232596 
374 3.96075e-05 0.510955 0.00131771 0.0332432 -0.000142296  -0.00019698  -0.000171332  0.000509071  -4.75882e-05  1.65209e-05  0.000881136  -0.000295295  -5.13884e-05  -0.000721126 
376 -0.000378344 0.384118 0.0132467 0.032642 0.00259383  -0.00150233  -0.00213499  0.00556024  0.00417217  -0.00498855  0.00456886  -0.00673127  0.00474567  -0.000129469 
377 -1.98416e-05 0.414772 0.00260086 0.0379989 0.000131951  -0.00125103  0.00151286  -0.00120797  0.0002768  0.000340905  0.000251084  0.000464916  0.000569605  0.000798482 
379 -0.000147914 -0.587501 0.025366 0.0382591 -0.00738153  -0.0028097  -0.000345486  0.012756  0.000257593  -0.00960608  0.00919742  0.0133875  -0.00624676  -0.00479935 
382 0.000229765 0.868229 0.0183956 0.0401458 -0.00508617  -0.00917338  -0.00208501  0.00102382  -0.00452418  0.0102932  0.00750243  -0.00421811  -0.00436549  0.00185135 
385 0.000629746 0.743338 0.0247573 0.0371745 -0.00226216  -0.0036694  -0.00511786  -0.0174605  -0.00898357  0.00502994  -0.0100673  -0.00563424  0.00488374  -0.000570634 
386 -7.17589e-05 0.484739 0.00209359 0.0274299 -0.000848545  8.15168e-05  0.000503833  6.71137e-05  5.45713e-05  -0.000975559  -0.000999985  -0.000804395  0.00047133  0.000757791 
387 2.6752e-05 0.521947 0.00153259 0.0287082 0.000705489  0.000511392  -0.000122142  0.000124822  0.000484874  -0.000128837  0.000816312  -0.000544751  -1.35021e-05  -0.000586607 
391 -1.047e-05 0.496719 0.000370735 0.0282384 -0.000119138  -6.71448e-05  -0.000138268  9.2646e-05  1.22561e-06  -0.000137066  0.000203554  -0.000102176  0.000142721  2.91484e-06 
397 0.000135999 1.78024 0.0263884 0.0284232 0.00252168  0.00274903  -0.000986609  -0.00997208  0.00277826  0.013005  0.00772672  0.00973652  -0.0144244  0.00652703 
398 -0.000428731 0.439053 0.010229 0.0259208 -0.00534637  -0.00232305  -0.000971157  0.00218448  2.16043e-05  0.00738599  -0.00180022  -0.00255701  -0.000360251  0.000688758 
401 -0.000489639 0.285149 0.0205182 0.033177 0.00595074  3.63034e-05  -0.00264199  0.0054404  0.00773606  0.00986621  -0.0128367  0.0026813  0.000161554  -0.00445229 
403 0.000789756 0.918204 0.0363413 0.0398807 0.0184855  -0.000289084  -0.00568555  -0.00487113  -0.0096499  -0.0154497  0.0147412  0.00942064  -0.016081  -0.0051358 
406 7.28747e-05 1.21301 0.0144164 0.0283024 0.000337133  -0.000374893  0.000444904  -0.00757854  -0.00822115  -0.00755757  0.00127416  0.00173225  0.00118249  0.00438392 
408 -7.59991e-05 0.4742 0.00280114 0.0269843 0.000399528  -0.000294931  -0.00075202  -0.00141394  -0.000197703  0.000484392  -0.00115028  0.00178828  0.000315178  0.000375394 
410 2.7869e-06 0.506112 0.000261038 0.0283576 5.95593e-05  0.000108718  -0.00011152  0.000119413  2.81213e-05  0.000122247  -8.33991e-06  -2.55378e-05  1.42171e-05  -9.70493e-05 
411 -3.62051e-05 0.339786 0.00481698 0.0283085 0.00286929  0.00141343  0.00110424  0.00148292  0.000805224  0.000157951  -0.000507392  0.00254468  0.00146348  7.97727e-05 
413 -0.000319507 0.201306 0.0195405 0.0289409 -0.005356  0.0091919  0.00900141  -0.00182588  0.00299648  -0.005347  0.00227313  0.0116023  -0.000305891  -0.00261787 
414 -0.000321459 0.0275736 0.0246489 0.0340167 0.00429674  -0.000806092  0.00761817  0.0127945  0.015625  0.00783158  -0.00341787  -0.000873896  0.00540574  -0.00442459 
417 -0.00047877 0.0553752 0.0291843 0.0384531 -0.00311864  -0.00991098  -0.0130254  0.00544205  -0.00618742  0.0039727  -0.0151437  0.00822258  0.0128751  -0.00526425 
418 -6.28913e-05 0.487421 0.00177946 0.044244 0.000827868  -7.83037e-05  -1.99519e-05  0.000794958  -0.00044434  0.00105983  -0.000292727  7.5681e-05  4.39258e-05  0.00065469 
419 0.00151609 0.731781 0.0374892 0.0449491 -0.00963064  -0.00231424  -0.000468715  -0.0107817  -0.0137599  -0.0132862  0.0141973  -0.0197841  -0.0100978  0.0114051 
425 -0.000203535 -0.54851 0.0292173 0.0224828 0.0109358  0.00902114  0.0023026  -0.0122365  0.00484648  -0.0107047  0.00375294  -0.0049053  0.0176286  -0.00326414 
426 -0.000285392 0.356976 0.0127802 0.0266277 0.000433245  -0.00016759  0.00431286  0.00117665  -0.00154392  -0.00463282  -0.0064116  0.0085761  -0.00145119  0.00158781 
427 -2.38718e-06 0.279641 0.00145057 0.0315351 -0.000157254  -0.000370764  -0.000485712  0.000656497  -0.000549166  -0.000348848  -0.000239066  0.000308496  0.00047377  -0.000689194 
428 -0.000143162 -3.04828 0.0450729 0.031573 -0.00581014  0.00508173  -0.00383328  -0.00792445  0.009436  0.0167188  0.00197921  -0.0376952  0.00559383  -0.00835449 
429 -2.18247e-06 0.198159 0.00162328 0.0337643 0.000221854  -0.00131317  1.50884e-06  0.000210191  0.000524321  -2.29699e-05  0.000392823  0.000445241  0.000425165  -9.1958e-05 
431 1.37675e-05 4.60888 0.0150422 0.0337966 -0.00180368  -0.00111151  -0.0117357  0.00106304  0.00499729  -0.000884248  0.000533373  0.00509017  -0.00185206  0.00524827 
434 -9.54714e-05 0.186785 0.0109371 0.0335923 0.00485913  -0.00303978  -0.00288702  -0.00541414  -0.00115824  -0.00168478  0.000320644  0.000519216  -0.00653365  -0.00137131 
437 -0.000229784 0.454229 0.00648854 0.0349845 0.000247704  -0.000237764  -0.00172513  -0.00444615  -0.0034807  -0.00154445  -0.00124422  -0.000795339  0.000767695  0.00140299 
439 6.11582e-06 0.502907 0.000266711 0.0381278 -1.06856e-05  2.15063e-05  -7.53007e-06  0.000151911  0.000115402  -0.00014327  -3.558e-05  5.28612e-05  7.76785e-06  9.72628e-05 
440 -1.17981e-05 0.387984 0.00229923 0.0380475 -0.00061772  -0.000990175  -0.000781668  0.000131301  -0.000523704  5.27887e-05  0.000630579  -0.00101071  -0.00125964  0.000115097 
442 1.71146e-05 0.518263 0.00111822 0.0382022 -1.02256e-05  0.000126156  0.000204085  -9.54425e-05  -0.000704377  -0.000483347  -0.00027471  0.00024763  5.79787e-05  0.00056011 
444 -5.13981e-06 0.498662 0.000165906 0.0379776 2.29834e-05  1.00096e-05  -4.72863e-05  2.77297e-05  7.88756e-05  7.00032e-05  1.59475e-05  -8.44077e-05  2.0101e-05  7.06153e-05 
445 9.3579e-05 0.526598 0.00315595 0.0380452 -0.00069049  2.53528e-05  -0.000602141  0.00246037  -0.000273034  0.0013375  0.00092594  -0.000232048  0.000509312  0.000180399 
448 4.96762e-05 0.724318 0.0066763 0.0367948 -0.00187896  0.00302419  0.00119854  -0.000217503  0.00418384  0.00214114  -0.000943195  0.00168476  -0.0020019  0.000767031 
451 0.000477896 0.981626 0.030339 0.0361135 0.00322448  -0.00461081  0.0125769  0.0164459  0.00951072  -0.00259627  -0.00346565  0.0162121  -0.00728735  0.00591702 
454 0.000197418 0.575021 0.00769775 0.0287472 0.000559024  0.000631376  -0.000197458  0.00421813  -0.00510304  -0.000625975  0.0014145  -0.000108553  -0.00289834  0.0019664 
456 -2.42403e-05 0.250825 0.00491536 0.02508 -0.00220995  -0.00203156  0.000556136  -0.00192162  0.000842426  -0.000588445  -0.00302406  0.000247893  -0.000356997  -0.000870629 
457 5.49229e-05 0.774897 0.00777123 0.0255587 0.00215076  -0.00151542  0.00368923  0.00109206  -0.00206499  0.00471258  -0.00180295  -0.00202262  -0.00166068  -0.00144724 
458 -0.000286809 0.201747 0.0184998 0.0244607 -0.00804439  0.00699617  0.00222755  -0.00378989  0.00877374  0.00228907  0.00436106  0.00865072  0.000893571  -0.00569102 
460 -4.84944e-05 0.445327 0.0032568 0.0297519 -0.000675003  -0.00106773  0.00101988  0.00018166  0.000120134  -0.000695431  0.00240226  0.000779302  -0.000373145  0.000960462 
461 -0.00135383 0.290151 0.0337332 0.030556 -0.00916785  -0.0226887  -0.00808285  0.00595398  0.0109329  -0.00579135  -0.00345532  -0.0143657  -0.00778552  0.00251363 
462 0.00112446 0.58061 0.019052 0.0478374 0.00583995  0.0107779  0.00335144  0.0009486  -0.0108882  -0.00234534  0.00403672  -0.00591173  -0.0021879  -0.00452741 
464 0.000245612 0.82026 0.0177375 0.0341261 0.000127583  0.00463754  0.010136  -0.00523644  -0.0071078  0.00121481  -0.00247871  -0.00729671  0.00710732  0.00101962 
465 -0.000144413 0.422582 0.00668837 0.0303152 0.00172649  -0.00227768  -0.00137626  0.00085633  0.00143566  0.00495622  -0.00166994  -0.00185083  -0.000908635  0.000522615 
467 -3.51329e-05 0.431509 0.00310257 0.0326103 -0.000104168  0.000466543  0.000700571  -0.000953353  7.16003e-05  -0.00183876  -0.00187767  -0.000655982  0.000709732  0.000389765 
469 -0.000493646 0.127633 0.0271202 0.0331446 -0.00031273  -0.0153037  -0.00149036  0.0153354  -0.010748  0.000303765  0.00183306  0.00406415  -0.00410219  0.0105589 
470 0.000320278 0.534498 0.00665132 0.0399041 -0.000857267  0.0024215  -0.00225177  -0.000776115  -0.00117335  0.00342287  0.00198696  0.00100581  0.000953824  -0.00360645 
471 2.96239e-05 0.511696 0.00117744 0.0356666 -0.0001259  0.000152701  0.000189522  -0.000382554  -0.000317524  -0.00060438  -0.000510514  0.000607963  -9.3341e-05  0.000244712 
473 0.000112723 2.74503 0.0318134 0.0352489 0.00437594  0.0202411  0.00741806  0.00148243  0.00133893  -0.00201619  -0.00460559  -0.00836053  0.0206818  -0.00114471 
474 0.000153533 0.685142 0.0106632 0.033612 0.00135149  0.000773122  -0.00721977  0.00110998  -0.000677673  -0.000599157  0.00581503  0.00151086  0.00389925  -0.00240881 
476 -0.000439359 -0.147267 0.03373 0.0312449 -0.00933331  0.00792128  0.00375165  0.00982925  -0.0108086  0.00789611  0.0116313  0.014713  0.0067799  -0.0173282 
477 -5.62202e-05 -1.53981 0.0214173 0.0376258 -0.00231723  -0.00432159  -0.0103372  0.00176316  0.0065107  -0.00245107  -0.00675396  -0.0143273  -0.00235797  0.00445502 
478 1.45137e-05 0.996693 0.00536985 0.0383656 -0.00102137  0.00140192  0.000730956  -0.00162299  -0.00150679  0.00203569  -0.00143023  0.00117607  0.00106462  -0.00341785 
479 0.00014971 1.8344 0.028266 0.038176 0.00320254  -0.00456593  -0.00429992  -0.00285172  -0.00834442  -0.0182484  0.00746455  0.0148727  -0.000253504  -0.00785041 
480 -0.000213638 0.298799 0.0131139 0.0361623 -0.0061155  0.00107639  -0.00140306  0.000347599  -0.004319  -0.00466045  -0.00924844  -0.00197993  -0.000417482  -0.0011512 
482 -0.000128291 0.480966 0.00312676 0.0390047 0.000258016  0.00034162  -0.00145355  0.00108484  0.000594696  0.000271  -0.000937518  -0.00132183  0.00091971  -0.00155065 
484 -3.29978e-05 0.471642 0.00193486 0.0406161 -0.000913623  0.000575219  -0.000586847  -0.000304725  0.000839711  0.000440347  -8.81848e-05  -0.000167486  1.75495e-05  -0.00109804 
485 1.05494e-05 0.521105 0.000943731 0.0410203 8.97812e-05  -0.000250479  -0.000230425  -0.000110506  0.000208543  -0.000262419  -0.000771179  8.14696e-05  -3.49575e-06  0.000201991 
487 9.31849e-06 0.510792 0.000634273 0.0408915 -0.00012158  0.000204098  2.87597e-05  0.000179779  -4.20504e-05  0.000193831  -0.000313322  -1.29368e-05  -0.000403858  -0.000109268 
488 -0.00013819 -0.128285 0.0186362 0.0407774 0.00689631  -0.0020521  -0.008825  -0.00488413  -0.00256339  -0.00137504  0.00964015  -0.00242297  -0.00751612  -0.00548142 
489 0.000232801 0.551057 0.00689681 0.0424382 -0.000794683  -0.00228466  0.000204074  -0.00379925  4.92938e-05  0.000760653  -0.00449652  0.000639263  0.00129878  0.00208414 
491 -0.000248623 -0.0870316 0.0241632 0.0396008 -0.000345999  -0.00563948  -0.010983  -0.00032767  -0.00651068  0.0172374  -0.00657802  0.00061314  -0.0024949  0.00646641 
492 0.000126127 2.03582 0.0278338 0.0426249 0.021168  0.0100761  0.000993273  -0.00395864  -0.000193186  -0.00758814  -0.00752433  0.00196677  -0.00869756  -0.00383429 
493 0.000420054 0.536335 0.00781831 0.0411188 -0.00141096  -0.00238789  0.00198818  -0.000591844  0.00428572  0.00141921  0.00225686  0.00302414  0.00214848  0.00314542 
495 -0.000538049 0.334853 0.0188588 0.0356482 -0.00420812  -0.00450359  -0.00551571  0.00459223  0.00309006  0.00355127  -0.00558491  -0.0121983  0.00561987  0.00569371 
496 -1.45676e-05 -29.6056 0.0418794 0.0425322 -0.0128023  0.0115275  0.0282611  0.0145186  0.00117407  -0.000728237  -0.0124611  -0.00597507  -0.0159413  0.000781505 
498 0.000141129 1.63416 0.0253015 0.0427031 -0.00441995  0.000346445  -0.00399898  -0.0139578  0.000730843  0.0127917  0.010308  -0.00866968  -0.00527882  0.00602089 
