generation s h r distopt trait[0] trait[1] trait[2] trait[3] trait[4] trait[5] trait[6] trait[7] trait[8] trait[9] 
2 -0.000164547 0.114959 0.0159203 0.01 0.00444477  -0.00156774  -0.00609005  0.00894314  0.00299234  0.00708287  -0.000801391  -0.00377387  0.00143212  -0.00617393 
6 0.000291724 0.540122 0.00684496 0.0480518 0.00316843  -0.000912247  0.00251654  0.00202395  -0.00195005  -0.000402153  0.00196596  -0.00156105  -0.000755613  0.00383611 
8 -0.000198491 -0.0731103 0.0213323 0.0641309 0.00358493  0.00169355  0.00346964  0.000976491  -0.00829074  0.00738214  -0.00977729  -0.0136763  -0.00444339  -0.000862631 
9 0.00155204 0.635153 0.0289743 0.0747484 0.015501  0.00381642  -0.0145561  0.00477359  0.00227215  -0.00442955  0.00903576  -0.00126702  0.015426  -0.00200084 
11 0.00156683 0.642925 0.0299363 0.0810464 0.0145942  0.00130113  -0.00780891  -0.000150033  -0.000947915  0.0108233  0.000848195  0.0139691  -0.00104635  0.0174787 
14 0.000512623 0.529208 0.00774633 0.0970841 0.000779944  0.00232099  0.00501704  -0.00262998  -0.00159295  -0.00129417  -0.000285547  0.00208607  -0.00364144  -0.000131049 
18 0.0037859 0.879069 0.0757143 0.132465 0.0321079  0.00980335  0.0392422  0.000538185  -0.00618714  -0.00198014  -0.0228321  -0.0400852  0.0162752  -0.0251036 
20 0.00144929 1.96099 0.0919544 0.134168 0.0402605  0.00259937  0.0272061  -0.031934  -0.00917474  0.0290166  -0.037258  0.0248046  -0.0433916  -0.0159873 
21 3.18596e-05 0.512895 0.00128213 0.134774 -0.000426197  -2.68766e-05  -0.000902174  0.000110626  0.000498877  -0.000321767  -0.000268902  -0.000217418  -0.000324697  0.000240636 
23 0.0065006 0.771063 0.0839064 0.148228 0.0377972  0.0152827  0.0147018  0.0149138  0.0120152  -0.0358192  0.0375493  -0.0165553  0.0287053  -0.0316879 
25 0.000945917 0.543596 0.0128577 0.136453 0.00214238  -0.00192587  0.00196348  0.00413387  -0.00214849  -0.00746101  -0.000197975  -0.00280159  -0.0040485  0.00717746 
26 0.00229371 1.40836 0.0912058 0.139624 0.0396427  0.0497765  -0.0266792  -0.00276469  0.0463285  -0.0283012  -0.0125308  0.000693451  -0.0120312  0.0173286 
28 0.00268767 0.651314 0.0403463 0.140925 0.00262851  -0.00945371  0.00685356  -0.00625461  0.00551365  0.0235708  -0.00568512  0.0285501  0.000962049  0.0033333 
31 0.00780471 0.847887 0.104087 0.150007 0.0776708  0.00623211  -0.0190713  -0.0338188  -0.0279972  0.0262543  -0.0175874  0.0360349  0.0116081  0.00626796 
32 0.000360954 3.51777 0.065985 0.123894 -0.00498914  -0.0260023  -0.0147565  -0.0306037  0.0210854  -0.0173483  0.0236948  0.0249703  0.0128539  0.0200728 
34 0.00229332 0.888993 0.0597101 0.130509 0.0286269  -0.00504043  0.00907443  0.00813662  -0.021632  -0.0381233  -0.0118316  -0.000404371  0.0144859  0.0173355 
35 0.00590496 0.645793 0.058731 0.124464 0.00735035  -0.0359774  -0.00882805  0.0302261  -0.00980122  -0.000300675  0.0171184  0.010577  0.00269492  -0.0245163 
37 0.000262994 0.517965 0.0043509 0.106809 -0.000609954  0.0010894  0.000501147  -0.00160878  0.00109321  0.00184442  -0.000482962  -0.00296884  -0.00026902  0.000903086 
38 0.00249746 0.732313 0.0481696 0.111174 0.00389893  -0.0130332  -6.18064e-05  0.0249291  0.0156917  -0.0180974  -0.00431295  -0.0298305  -0.00349808  -0.00439792 
42 0.00579056 0.571313 0.0407838 0.128107 0.0200552  -0.0162322  -0.00672853  0.0202459  -0.00708153  0.0144372  -0.000115456  -0.0164894  -0.0034554  0.000149438 
43 0.000265418 1.18555 0.026976 0.111234 0.00431153  -0.000613119  0.0105467  -0.0232125  -0.00169392  -0.00427746  0.00427857  0.0038319  0.000374976  -0.00209555 
46 0.000539953 2.15564 0.0597785 0.135112 -0.00476479  -0.00944369  0.0190707  -0.000959796  -0.00688838  0.0429373  0.0298842  -0.0156573  -0.00601099  0.00561739 
49 0.00625372 0.544796 0.0337098 0.161086 0.0219988  0.000825605  0.00498872  0.0189878  -0.00455537  -0.000187465  -0.00137228  0.0130313  -0.00816516  0.00267273 
50 0.000738074 1.03327 0.0396705 0.14973 0.00445006  0.0148561  -0.00285734  -0.00447402  -0.0259642  -0.012787  0.0138844  0.012669  -0.00543418  0.00919779 
52 0.00252176 0.593858 0.0307997 0.165868 0.0102034  0.00155947  0.00654932  -0.00958398  0.019084  -0.00914547  -0.011724  0.00960112  0.00202681  0.00507486 
55 0.00304286 0.629659 0.0397497 0.186086 0.0123505  0.00541798  0.0150407  0.00600323  0.0233963  -0.0108595  -0.00680376  -0.0178867  0.00248706  -0.00990779 
57 0.00321181 0.573818 0.0308524 0.196262 0.0179439  -0.000326512  0.00863249  0.00720901  0.00705294  -0.00858556  -0.0118652  0.0106051  0.00577496  -0.00965545 
60 0.00306189 0.620817 0.0384949 0.214776 0.0170634  0.00108941  0.0122001  0.0107922  -0.00390067  -0.0196438  0.0159062  -0.0103338  0.0118044  0.00489594 
61 0.0011115 0.666038 0.0271724 0.216184 0.0106157  -0.00830377  0.00882716  -0.0128971  0.00222404  -0.00315239  -0.0145068  0.00599461  0.00701356  0.00140837 
64 0.0131133 0.547232 0.0504524 0.239125 0.0242643  0.0200209  -0.0113645  0.0192665  0.0148482  0.0188912  0.0159416  -0.0135413  -0.00267007  0.00579004 
65 0.00370858 1.38523 0.114425 0.218905 0.052358  -0.0381399  0.0379668  -0.0272538  -0.028199  0.00329054  0.05884  0.0472512  0.0087732  -0.0116151 
66 0.0180099 0.584488 0.0786568 0.217111 0.0330421  0.027742  -0.0403256  0.0119025  0.0164696  0.00854196  0.0188023  -0.0421414  -0.00267895  -0.00876695 
70 0.0104082 0.585575 0.0599694 0.200804 0.0411999  0.0179198  -0.00626654  -0.0198245  0.0143114  -0.00549166  -0.00204769  -0.0163955  -0.0114134  -0.022522 
72 -0.000545605 -0.126203 0.036972 0.187182 -0.010515  -0.00329989  -0.0154088  0.00699501  -0.0102323  0.00648539  0.0103935  -0.0128575  -0.0229183  0.00370934 
73 0.000459462 0.503461 0.00254245 0.196539 0.000765674  0.000851471  0.000742208  0.000973843  -0.000164783  -0.000344944  -0.00141443  0.000405095  -0.000960328  0.000648448 
76 0.0174943 0.598189 0.0834025 0.22013 0.0383481  0.0189551  -0.0496326  -0.0249316  0.012773  0.0113784  -0.0374687  0.0119669  -0.00450004  -0.0134585 
77 0.00295758 0.582517 0.031289 0.184871 0.0138763  0.016421  -0.00274477  -0.00233747  0.00916493  0.0137641  -0.000496762  0.00657187  -0.010862  0.00830281 
78 0.0133543 0.554506 0.0545821 0.184957 0.03478  -0.00779851  0.0107087  0.00514731  -0.00427381  2.21911e-05  -0.030734  -0.0187603  0.0141705  0.00720892 
83 0.00772687 0.645429 0.0671169 0.188125 0.0418598  -0.0164782  0.0267982  -0.018237  0.018317  0.000795168  -0.0102352  -0.0256604  0.0173623  0.0054191 
84 0.0104576 0.582456 0.0590242 0.174202 0.0438757  0.00936829  0.0171534  0.0204111  -0.0186827  0.00766188  0.0074166  0.00370932  -0.00567014  -0.0158586 
85 0.00755794 0.691065 0.0760178 0.148046 0.0110366  -0.00814447  -0.0438582  0.0140314  -0.0235618  -0.0120251  -0.0306837  0.0131289  -0.0405267  -0.00375745 
87 0.00519321 0.62443 0.0508984 0.136002 0.0187239  -0.015255  -0.00691791  0.0141648  0.00637337  0.0115236  0.0329854  -0.0155743  0.00818066  0.0137082 
89 0.00392197 0.620295 0.0434822 0.132197 0.0230842  -0.00681171  -0.0221437  -0.00881872  -0.0115216  -0.0173055  -0.00667052  -0.00548357  0.0115584  -0.0101451 
90 0.00125963 0.700412 0.0317775 0.124417 0.0100843  0.00409793  -0.0105195  0.00941054  0.0137622  -0.0187533  -0.00770058  0.00780096  0.00123984  0.00541552 
94 0.000392884 0.682557 0.0169383 0.151941 0.00242007  0.00260595  -0.00591158  -0.0133154  0.00152769  -0.00399197  -0.00308354  0.00369341  0.00132628  0.0043396 
95 0.00324153 0.517978 0.0154257 0.159252 0.00972086  -0.00242136  0.000391949  -0.000561179  -0.0053652  0.000184723  0.000331187  0.00147541  -0.00951581  0.00393302 
97 0.000888615 0.609935 0.0197727 0.166348 -0.000399565  0.00151411  0.00479494  0.00389449  -0.000332812  0.000166119  0.0125661  0.0102952  -0.00676221  0.00637069 
99 0.00459698 1.01873 0.0975488 0.182061 0.0382824  0.0291723  -0.0379935  0.0575609  0.00690908  0.0319031  0.0291923  0.0136262  0.0113969  0.014462 
100 0.00154456 0.646071 0.0300475 0.17685 -0.000515455  -0.00322916  0.0191224  0.00210781  0.00761646  0.0186643  -0.0078722  0.00138533  -0.00445175  -0.00565416 
101 0.00350133 0.525979 0.0192173 0.180717 0.0154607  -0.00441086  -0.00154304  0.00208862  0.00693668  0.00563048  0.00311496  -0.00114889  0.00257124  0.00257235 
106 0.0115623 0.550818 0.0490121 0.212715 0.0226489  -0.0134225  0.00477571  -0.0150704  0.00196513  -0.0259365  -0.0226502  -0.0136906  -0.00610771  0.00669204 
108 0.00494634 0.534887 0.0264702 0.201692 0.0130814  -0.00671785  -0.0033255  -0.0073664  -0.00509848  -0.00936768  -0.00676596  -0.013435  0.00889149  -0.000103395 
110 0.0203827 0.586912 0.084923 0.207244 0.0589727  -0.00632904  -0.00507878  -0.00257743  -0.0397925  0.00143411  -0.0339109  0.0100799  0.026334  0.0114502 
112 0.00400739 0.669704 0.052172 0.168577 0.0205523  0.0145468  0.0154679  0.00249741  -0.0050437  -0.0191903  -0.0191069  0.0229655  0.00806993  -0.0221607 
113 0.00345862 0.71108 0.0540374 0.164714 0.0229372  -0.00343552  -0.0354207  -0.0261627  -0.00354441  0.00364774  -0.000861002  0.0164166  -0.0119533  -0.00200301 
114 0.000419979 0.57954 0.0115619 0.161651 0.00236902  0.000170152  0.00126435  -0.00354818  -0.00143675  0.0064152  -0.00195677  0.00707706  0.00385285  -0.00136789 
116 0.00188834 1.54296 0.0886817 0.176415 0.0356164  -0.0145601  0.00635058  0.0474961  -0.00305014  0.0271171  -0.0137138  0.0353109  0.0335107  0.0280211 
117 0.0143877 0.616578 0.0822053 0.177565 0.0286475  -0.0124997  0.0396938  0.0125622  0.0139146  -0.0284366  0.033672  -0.0413793  -0.00497782  0.0132019 
118 0.00362624 0.691203 0.0526685 0.138436 -0.00544333  -0.0122415  -0.00355946  -0.0395677  -0.00445644  0.0157737  0.0171886  0.0102988  -0.0116934  -0.0144672 
119 0.00735406 0.666011 0.0699243 0.133319 0.0426306  0.0264127  -0.0159462  -0.0420193  0.0178158  -0.00214657  -0.00225326  -0.00358376  0.000933156  0.00370158 
120 0.00193427 0.550335 0.0197716 0.109652 0.00656104  0.00548438  0.0114093  0.005815  -0.00768241  -0.00326755  -0.00778469  -0.000131215  -0.000103298  -0.00484524 
124 0.00110036 0.673656 0.0276487 0.133689 0.00793647  0.000180202  0.00321232  0.00770479  0.00496193  0.0105095  0.0159099  0.0099109  0.0112035  0.00445075 
126 0.00810312 0.587752 0.0535196 0.146787 0.0397285  -0.0147178  0.0147428  0.00347603  -0.0154077  -0.00164081  0.00438766  -0.0131929  0.0198678  -0.0034382 
128 0.000848117 2.34385 0.0790446 0.132137 0.0225294  0.0209237  0.0519198  0.0040614  -0.0337586  -0.0144499  0.000718594  -0.0300843  0.00548604  -0.0175038 
130 0.00108302 0.526738 0.0107867 0.143163 0.00436524  0.00383874  -0.00132495  0.000838931  -0.000712183  0.00176485  -0.00272702  -0.00365637  -0.000619112  0.00743582 
131 0.00251673 0.718293 0.0468758 0.146858 0.0102521  2.66802e-05  -0.00306477  0.00571888  0.00354526  0.041209  0.00967495  -0.00869391  -0.00362651  0.0125316 
132 0.0100657 0.787151 0.107412 0.145612 0.0516363  -0.0347121  -0.0570233  -0.013033  -0.0258145  -0.0447648  0.00916447  -0.00875382  -0.0319097  -0.0198854 
134 -0.000115912 0.401017 0.00677511 0.118408 0.00171726  0.00102788  -0.00132272  0.0029412  -0.00284632  0.00387448  -0.000933205  0.000346708  0.00184631  -0.00199582 
135 0.000717929 0.510256 0.00544974 0.125772 0.00371202  -0.000685079  -0.00189175  0.00156275  0.00051892  -0.00108816  -0.00211789  0.00179561  -0.000285725  -0.000430869 
140 0.000294912 2.59638 0.0497183 0.16168 0.00859851  -0.0114282  0.0148405  -0.00433516  0.00893632  -0.00509258  -0.026911  0.0164411  0.0304237  -0.00155953 
144 0.00241829 0.541915 0.0201956 0.193879 0.00532419  -0.00412827  -0.00318466  0.0025766  0.000490041  -0.0132425  0.00378721  0.00168801  -0.0097042  0.0076631 
146 0.0049382 0.67051 0.0580559 0.205018 0.0103018  0.0209229  -0.0254767  0.00255133  -0.00544648  0.00530512  0.00554739  -0.0189843  -0.0311607  0.0274052 
150 0.00552023 0.54408 0.0313956 0.228911 0.0124878  -0.00577065  0.0065574  -0.00475877  0.010967  -0.00906235  0.0188417  0.00503107  0.0105387  -0.00608354 
151 0.0233143 0.60216 0.0983457 0.225762 0.0630614  0.0054602  0.0457757  -0.0393315  0.0327913  0.0163097  0.0256238  0.00161847  0.00390484  0.00268864 
152 0.00317224 0.966253 0.0768607 0.175882 0.0228718  -0.0321513  -0.0166685  -0.00191549  0.00700606  0.0299956  0.0119722  -0.0273622  -0.0405645  0.0241435 
154 0.00615123 0.568064 0.0410856 0.182967 0.00905237  0.0198342  0.000216721  -0.00208141  -0.0143205  -0.0104735  -0.0272769  0.00910788  0.00814003  0.000538683 
155 0.0167265 0.580418 0.0739582 0.174122 0.0574607  0.0372176  0.00911361  0.00911603  0.00351287  0.0153672  -0.0140971  0.00953533  0.00789779  -0.00403376 
157 0.00381339 1.11988 0.0971262 0.134089 0.0751445  -0.0162085  -0.0189304  0.00873601  -0.0235003  -0.00326229  0.0114281  -0.0255308  0.0201243  0.0365936 
161 0.00440583 0.587356 0.0393128 0.138062 0.00252246  0.0129595  -0.00671925  0.00296627  0.0112184  0.018897  0.00551251  0.0224697  -0.00568163  -0.016332 
163 0.00291766 0.915856 0.0696244 0.134936 0.0279455  -0.0354651  0.00752936  0.0367417  -0.0137277  0.0258074  -0.0187641  -0.00846312  -0.010786  -0.00276918 
167 0.00974322 0.751496 0.09894 0.150147 0.0707289  0.0159442  -0.022072  -0.0056859  0.0596481  -0.00017679  0.00445233  -0.010872  -0.0140896  0.0108799 
172 0.00117051 0.523523 0.010524 0.139059 0.00567323  0.000896449  -0.00171166  -0.00340946  0.00386814  0.00394259  -0.00156186  0.00442666  -0.000745503  -0.00318038 
173 0.00578163 0.82292 0.0863492 0.141252 0.0411495  0.0128461  0.00251509  0.00333785  -0.0527097  -0.0198391  0.00120717  0.0371492  0.0197732  0.0252195 
177 0.00289943 0.678319 0.0454835 0.141537 0.00741268  0.0285168  0.0147117  0.016479  -0.00459691  -0.020504  -0.00488175  0.0101834  -0.0110312  -0.00467292 
179 0.00174089 0.653564 0.0327077 0.144789 0.0177786  0.00569486  -0.00540549  -0.000482077  -0.0104869  0.00043654  0.00396466  0.00408433  0.0221052  -0.00778636 
183 0.00639152 0.707991 0.0729203 0.166898 0.0286201  -0.0459626  -0.0060937  -0.00657159  0.00734417  0.0310059  -0.0240653  0.0106012  0.0185725  -0.0159252 
184 0.00239106 0.60074 0.0310659 0.153522 0.000642255  0.00436161  -0.00253402  0.0214943  0.00883768  -0.0134358  0.00438197  -0.00452378  -0.0132774  -0.00162755 
188 0.0138016 0.595248 0.0728892 0.177398 0.0566787  0.0286088  -0.000832283  0.00504828  0.0225509  0.00127309  0.0229223  0.0118324  -0.00874432  -0.00191499 
191 0.00767652 0.619012 0.0605641 0.155497 0.0232878  -0.0162933  -0.0112343  -0.0270505  -0.00798285  -0.00777108  -0.039263  -0.0133389  -0.011045  -0.00605455 
193 2.8239e-05 19.0935 0.0458222 0.144493 0.0164345  -0.0206938  -0.0100941  -0.0246735  -0.00462362  0.0123315  -0.010573  0.00739792  -0.0137876  0.0126735 
195 0.00153931 0.594533 0.0241404 0.159181 0.00270412  -0.0106504  6.58761e-05  0.0172449  -0.00653018  -0.00853938  0.00369779  -0.000682596  -0.00422699  -0.00412968 
196 0.00151451 4.03837 0.146162 0.162144 0.079387  -0.03992  0.026537  -0.081044  0.00170106  -0.0278433  -0.0378414  -0.0051309  0.0618663  -0.0114568 
197 0.000529523 1.60668 0.0484034 0.160872 0.0120774  0.0235669  -0.00252073  0.00530986  -0.020554  0.00952765  -0.0210334  0.0111382  -0.0212156  0.00879017 
198 0.00236126 0.853513 0.0577615 0.162516 0.0292166  0.00891944  0.0161999  0.0249296  -0.0193203  -0.00103359  0.000238201  -0.00908421  0.0300309  -0.0126698 
201 -0.000867258 -0.0793777 0.04484 0.163349 0.0049851  -0.00317066  0.000556727  -0.00870896  -0.00572287  -0.0411858  -0.00397383  0.00269239  -0.0121139  -0.000866274 
204 0.00186085 1.03661 0.0631684 0.165983 -0.00353792  -0.0313977  0.0353924  0.00550039  0.0122281  0.0068436  0.0237897  -0.0231836  0.0142179  -0.0143912 
205 0.00599175 0.657365 0.0614522 0.160285 -0.00631464  0.0377335  0.0275661  0.00490168  0.0232463  -0.0132263  0.0139963  -0.00600752  -0.00826409  -0.022653 
206 0.00102903 0.584467 0.018655 0.140419 0.000663946  -0.000854441  0.00713383  -0.00275718  0.00139735  0.0099192  0.00697763  -0.00866816  -0.00643773  0.00476802 
207 0.012615 0.708771 0.102632 0.136708 0.0381026  -0.0215524  -0.0375048  0.0374839  -0.00275818  0.0364156  0.0126986  0.0228626  -0.060937  -0.0086306 
208 0.00142005 0.561992 0.0187848 0.0784407 -0.000411649  0.0041954  0.00275253  -0.00546666  0.0129812  0.00122387  0.0093642  -0.00582107  0.000399055  -0.0024281 
211 -4.14048e-05 -19.1831 0.0570845 0.0688033 -0.00250039  0.0227106  -0.0127233  0.000928459  -0.00442997  -0.0447085  0.00105398  0.0125374  0.00653205  -0.0188265 
212 0.000609397 0.682828 0.0211112 0.0691036 0.00296091  -0.00123086  0.00441355  0.00689761  0.00470222  -0.00869903  0.00748446  0.00339194  -0.011016  0.00903814 
214 0.000157963 1.04556 0.0185657 0.0645453 0.000174676  0.00687974  -0.000185623  0.00516791  0.00899327  -0.00521939  0.000915498  8.71852e-05  0.0124829  0.00240658 
216 0.00044193 1.07757 0.0319487 0.0633099 0.0158546  -0.00567608  -0.0133461  0.00560655  0.00989802  0.00220108  0.00642776  0.00902814  0.0139077  0.010417 
217 0.000297881 0.647467 0.0132561 0.0597186 0.00407063  -1.67128e-05  0.00386964  -0.0018453  -0.00531741  0.00678433  -0.00780565  -2.72046e-05  -0.000754617  -0.00223038 
220 0.00011813 0.862636 0.0130899 0.0571705 -0.00128403  0.00215275  0.00832872  0.000369916  0.0010271  0.00248479  -0.000155706  0.000774986  -0.00357285  -0.00865674 
221 -7.73382e-05 0.492983 0.00147435 0.056128 -0.000299136  -0.000427663  -0.000856509  0.000372335  1.64795e-05  -0.00068788  -0.000594423  -0.000393178  0.000126577  -0.000178021 
222 1.24012e-05 0.662004 0.00283482 0.0568128 0.000100927  0.000784297  -0.00249427  -0.000104083  -3.06446e-06  -1.91278e-05  -0.000157348  0.000832561  -0.000162793  -0.000658703 
224 0.00021318 0.510736 0.00302922 0.0567035 9.16358e-05  0.000404662  0.000484275  0.00113834  0.00188178  0.00126142  0.00130365  -0.000416639  -0.000684309  -5.50593e-06 
225 0.000285471 0.741413 0.0166029 0.0547917 -0.00717498  -0.00647082  -0.00558821  -0.00788858  -0.00128396  0.00428921  -0.000654456  -0.00671777  -0.00345023  0.00336761 
227 0.000554251 0.650075 0.0182418 0.052122 0.00870086  -0.00325166  -0.00129518  0.00720687  0.00716587  0.0114141  0.00189567  0.000783752  0.000144544  -0.0026474 
228 0.000135484 0.523497 0.00356958 0.0465038 0.000755803  0.000950758  -0.00186277  0.00131531  -0.00152129  0.00102889  7.83258e-05  -0.000163264  -0.000322314  0.00159912 
229 0.00043327 1.12921 0.0330178 0.0450236 0.0122948  -0.000846632  0.0102726  -0.0137617  0.0177434  0.00884185  0.006818  -0.0096209  -0.00373947  0.00986651 
237 -0.000193403 0.388394 0.00929335 0.0399243 0.00557575  -0.000732042  -0.00253198  0.000520034  -0.0002485  0.00138816  -0.00463923  0.0040589  -0.00251471  0.00132307 
240 1.04403e-06 0.769317 0.00106052 0.0422774 -0.000621492  -0.000151818  0.000467244  0.000555334  0.000198434  0.00012592  -0.000146898  0.000290036  -0.00012488  -0.00011026 
241 0.0002946 0.686568 0.0148276 0.042265 -0.00267648  0.00766413  0.00164326  0.00328649  -0.00369052  -0.00583935  0.00405619  0.00179434  0.00843961  0.00135503 
246 1.75514e-05 0.530233 0.00145692 0.0386235 0.000230154  0.000152613  -0.000968436  0.000392993  0.000589275  0.000753621  0.000117414  8.96592e-05  0.000111411  -6.8036e-05 
247 0.000378409 0.595532 0.0120267 0.0383956 -0.00414089  0.00199234  0.00229631  -0.0064538  -0.00565524  0.00460365  0.00245862  0.00173519  -0.00378581  0.000194008 
249 0.000214833 0.532127 0.00525621 0.0331041 -0.000934996  0.000242866  -0.00387889  0.000527359  -0.00194206  0.000898944  0.00092403  -0.00076582  -0.00229799  0.00026438 
254 9.93377e-06 0.564983 0.0016069 0.0296829 -0.000483615  -0.000794675  0.000451184  0.000874375  -3.56519e-05  0.000324356  0.000284675  -0.000218933  -0.000418707  -0.000581279 
255 2.72344e-05 2.46106 0.0146159 0.0295151 -0.00417961  -0.00130513  0.000161954  0.00997603  0.00176001  0.00380181  -0.00247835  -0.00485304  -0.00133618  -0.00677304 
269 2.67325e-05 4.05639 0.0195003 0.0290501 0.00132918  0.00369077  -0.000847301  -0.0117495  -0.000778581  -0.00482913  0.0108856  0.00603136  -0.00486207  -0.00486449 
272 -0.00012509 0.447462 0.00512808 0.0285863 5.81943e-06  -0.00111403  -0.000281695  -0.00201162  -0.000128914  0.00380172  -0.000539866  -3.219e-05  0.00154059  -0.00194799 
274 -0.000150617 -0.429 0.0236581 0.0306965 -0.0139612  0.00256832  0.011732  -0.0025666  -0.000587356  -0.00205279  0.00370928  -0.0132072  0.000479166  0.00458186 
277 -0.00016505 0.426703 0.0069576 0.033059 -0.00128779  -0.00149365  0.00372037  0.00253382  -0.00185449  -0.000598238  0.000189018  -0.00334755  0.00221377  0.00207791 
278 0.000275818 1.48329 0.0329329 0.0354678 -0.00125984  0.0136833  0.00408751  0.0147922  -0.00100062  0.0129424  -0.013086  0.000582821  -0.0135225  0.0117172 
279 -0.000126103 0.46472 0.00421957 0.0313398 -0.000582318  -0.00135384  0.00211025  -0.00167386  -0.000535813  -0.000460174  0.000394918  -0.00033133  -0.00246207  -0.00124556 
280 -9.27995e-06 -2.81303 0.0110895 0.0332911 0.00503242  0.00224363  0.00186115  -0.00448577  0.00342301  0.00302101  0.00133004  0.00661232  -0.00160059  0.000368043 
281 0.000182555 0.595609 0.00835614 0.0334301 0.00196534  0.000269502  -0.00349128  -0.0030997  0.003337  -0.00244879  0.00257884  0.0016171  -0.00203465  -0.00368177 
283 -0.00065993 0.210088 0.027671 0.0305784 0.0149134  -0.0094823  -0.00316776  0.00397348  0.0105382  0.014805  0.0056424  -0.00414463  -0.000418968  0.00693565 
284 -0.00057279 0.021882 0.0331024 0.0399398 0.00680656  0.00922786  0.0101538  0.00708413  0.0066093  -0.0162399  -0.000999758  0.0140829  0.0168268  0.00459522 
285 4.83942e-05 0.515655 0.00174113 0.0465633 0.000473832  0.000227395  -0.000873757  -0.000995856  0.000394403  -0.000710582  -0.000102609  -0.000503289  0.000179903  -0.000208455 
286 0.000436733 0.698893 0.0186402 0.0460407 -0.00788715  -0.00283978  -0.00218811  -0.00498858  -0.0108213  -0.00432294  -0.00517353  0.000742946  -4.96078e-05  0.00918707 
288 6.42312e-06 0.759576 0.00258247 0.0410257 0.00114878  0.000843349  0.000758366  -3.93321e-05  0.000723972  -0.000564079  0.000104413  -0.00105393  -0.00086711  -0.00116003 
291 -8.14391e-06 0.495405 0.000386925 0.0409473 1.03746e-05  7.26137e-05  6.58547e-05  0.000144941  -0.000121301  -5.45512e-05  0.000131991  0.000222572  0.000151186  0.000107139 
294 8.35215e-06 1.93214 0.00691702 0.0410467 0.00345289  -0.00325934  -0.00183922  0.00364016  0.00118852  -0.000971479  0.00239337  0.000223076  -0.000523862  -0.000507114 
295 8.25365e-05 1.4251 0.0174756 0.0409448 -0.00828525  -0.00128011  0.00162804  0.000255307  -0.00436733  0.00300857  0.00735977  -0.0079589  -0.00751633  0.00550158 
296 4.79603e-05 1.18382 0.0114535 0.0399242 0.000890233  -0.00338434  -0.00615215  0.00684873  1.6954e-05  0.00373877  -0.00165295  -0.0032585  0.00139224  0.00221678 
299 1.07571e-05 0.509418 0.00063662 0.039319 0.000446335  5.33799e-05  8.15266e-05  -6.52482e-05  -0.000354649  2.07203e-05  -9.2858e-05  -0.000108153  0.000159496  -0.000142663 
303 -0.000144695 -0.470587 0.0237016 0.039182 0.00103321  0.00343481  0.00191626  -0.0096673  -0.00951975  0.00457291  0.0120476  -0.00426763  0.0130095  -0.00276268 
305 0.000133053 0.565416 0.00590098 0.040987 0.00252629  0.00259173  -0.00129399  0.00204695  0.000106791  0.00235783  0.000119549  0.00145078  -0.000206341  -0.00285053 
306 0.000333363 0.658502 0.0145386 0.0393305 0.00685532  0.00271162  -0.00468474  0.00504364  0.000610056  -0.00940684  -0.00220402  0.000985177  0.00116393  -0.00368681 
307 -8.16014e-05 0.37335 0.00642993 0.0348365 -0.0016318  -0.00208724  0.00253736  -0.00198046  -0.00347158  0.00115989  0.00163025  -0.000673403  -0.00222706  0.0015799 
309 -6.86114e-05 -2.46275 0.0285142 0.0359887 -0.00537079  0.00932417  -0.0138002  0.0120152  0.00126652  -0.0123505  0.00781436  -0.0055142  0.00628016  -0.00879847 
312 0.000307737 0.53533 0.00659769 0.0369296 -0.00218042  -0.0013111  -0.000526696  -0.00148664  0.00191283  -0.000272507  -0.0032715  0.0034768  -0.000591941  -0.00277389 
313 -0.000100896 -0.377154 0.0188152 0.0324978 0.00781987  0.00839256  0.00173209  -0.00256757  0.00811991  0.00570465  -0.00117644  -0.00572829  -0.00890592  0.000919172 
314 -0.000307711 0.22119 0.0185272 0.0340148 0.000538129  0.00191352  -0.00276403  -0.0137924  0.00109177  -0.00922211  0.00235601  -0.000600368  0.00357677  0.00604081 
315 -1.29059e-05 -0.910163 0.00853216 0.0382723 -0.00388558  -0.0017483  -0.000518946  0.00480213  0.00109137  -0.00187703  0.00184469  0.0024133  0.0034413  -0.00235159 
318 0.00059057 1.12581 0.0384423 0.0384405 -0.0034724  -0.0148462  -0.0216654  -0.0112911  -0.0179146  0.00350407  -0.012685  0.010643  -0.00509898  0.00388143 
319 4.24864e-05 0.517601 0.00172977 0.0297872 -0.000597462  -8.22526e-05  0.000170365  -0.00104422  0.000189516  0.0006781  -0.000575484  -0.000486964  -0.000527444  -0.000408286 
320 1.24592e-05 0.513852 0.000830922 0.0290653 9.29671e-05  -9.00956e-05  -0.000204  0.000406538  -1.85092e-05  3.47124e-05  8.91819e-05  -0.000290741  -0.000609195  -4.04003e-05 
328 -0.00149834 0.14968 0.0458447 0.0288502 -0.0212367  -0.00507809  0.0172737  -0.000958224  0.00486974  -0.0263861  -0.00336367  -0.0197607  0.00886177  -0.0111976 
329 3.07745e-05 2.28053 0.0148044 0.0482887 0.00640722  0.000927554  0.00568578  0.00474804  0.00133063  -0.00289545  -0.00225897  0.00878802  0.00423019  0.0034648 
331 0.000348137 0.838248 0.021702 0.047969 1.47877e-07  -0.00183992  -0.0103527  -0.00586937  0.0121889  0.00853113  -0.00403549  -0.00660775  -0.00483269  -0.00461651 
332 -0.000132169 -0.67175 0.0248893 0.0441922 -0.00380873  0.000163502  0.0058676  0.00693728  0.00167265  0.00901958  0.000458964  -0.0141146  -0.00941624  0.0122532 
333 5.32526e-05 0.553493 0.00337575 0.0456632 -6.09026e-05  7.85052e-05  -0.00115379  0.000465059  -8.10187e-05  -0.00018038  0.00136835  -0.000469392  -0.000832623  -0.00264826 
335 0.0003674 0.833477 0.0221365 0.0450763 -0.0112182  0.00315012  -0.000378623  -0.0047446  -0.00213244  0.0135861  -0.000654041  0.00672415  0.005908  -0.00786916 
337 -3.22911e-06 0.312307 0.00155703 0.0407988 0.00042412  -0.000471518  -0.000705141  -0.000820201  1.17389e-05  0.000238231  0.000524926  -0.000459347  -0.000486612  -0.000268224 
343 8.54077e-06 0.539106 0.00115586 0.0408383 0.000396766  -1.21557e-05  0.000150345  -0.000472379  -5.71984e-05  0.000665924  0.000436354  -0.000369031  -0.000173124  -0.000359731 
344 -0.000455594 0.168606 0.0245788 0.0407336 -0.00453096  0.0164036  -0.00107098  0.0108218  0.00511217  -0.0039575  0.00173818  0.00242681  0.0014967  -0.0119711 
345 -0.000352378 0.33843 0.0150941 0.0459883 -0.000933476  -0.00234218  0.00334149  -0.00202738  -0.00601779  -0.00609615  -0.00695192  -0.00218501  0.0080428  0.00387701 
346 -1.74597e-05 0.483703 0.00106692 0.0496726 -0.000359562  -0.000299173  -0.00011581  0.000168629  -9.86977e-05  0.000584242  0.000353876  -0.000524829  -7.26515e-05  -0.000347355 
347 0.000212514 1.35134 0.0268992 0.049848 0.00690855  -0.0123774  0.00484219  -0.0121446  0.00662138  -0.00866158  -0.00154605  0.0112696  -0.0078412  -0.00647751 
348 0.000613132 0.559427 0.0120783 0.047669 0.00187699  0.00800541  -0.000631751  0.00482673  -0.00187592  0.00463708  0.00358187  0.00184955  -0.00346091  -0.00115322 
349 0.000297977 0.562266 0.00861671 0.0407356 0.00210579  -0.000399598  -0.0041578  0.000666652  -0.00264895  0.00269586  0.00439721  0.00342753  0.000405188  -0.00252778 
350 -0.000437565 0.446939 0.00964286 0.0368979 0.0017116  -0.00113856  0.00407359  -0.00113491  0.00201032  -0.000391433  -0.00158508  0.000554988  0.00496475  -0.00626202 
351 -0.000299324 0.23478 0.0178221 0.042416 -0.000582958  -0.00324266  0.00290589  0.00233308  0.0031614  0.0131331  0.00283212  0.00659075  0.00412511  -0.00647584 
352 0.000596153 1.07684 0.0370818 0.0458093 0.0123278  0.0225835  -0.00269686  0.00300536  -0.00964615  0.00789833  0.0154765  0.00754296  -0.0136772  0.0076062 
354 -0.000722952 0.194558 0.0297282 0.0387622 -0.0198883  0.00290805  0.00393957  -0.0182024  -0.000632437  -0.00601976  -0.00752702  -0.00225381  4.71402e-05  0.00587722 
357 0.000947495 0.619781 0.0213114 0.0471776 -0.0016126  -0.00702044  -0.00431628  0.00952758  -0.0071104  -0.00329342  -0.0106181  0.00365202  -0.00651843  0.00793153 
361 -1.9323e-05 0.471358 0.00148796 0.0357586 0.000283619  0.000320003  0.000306434  -0.00083668  0.000175938  0.000334464  -0.000833923  -0.000250161  0.000498043  -0.000297293 
362 0.000125083 1.11612 0.0175568 0.0360278 -0.0006766  -0.00863723  -0.00381355  -0.000774888  -0.00548307  0.00414298  0.00439557  -0.00390516  0.0114569  0.00223162 
364 -6.20067e-05 0.415149 0.00458779 0.034248 -0.00090007  -0.00134827  0.00083027  0.000286931  -0.00284218  0.00184284  -0.00214338  -0.000713473  0.00101701  -0.000191521 
367 -1.1184e-05 -0.658227 0.00719824 0.0351416 -0.00019274  -0.000442514  0.00221977  0.00287754  -0.00447198  -0.000851164  -0.00396967  -0.000721511  -0.000246192  0.00114518 
368 1.10127e-05 0.594666 0.00204209 0.0353004 7.67522e-05  -0.000361477  0.000683643  0.000793691  -0.00133021  -0.00060709  -1.72644e-05  -5.94209e-05  -0.000814907  0.000361029 
369 -8.9702e-05 -0.0959905 0.0146237 0.0351441 0.00392975  0.00762483  1.91995e-05  -0.00201565  0.00510713  -0.00275265  -0.000494856  -0.00763138  0.00542972  0.00381907 
370 9.3709e-05 4.21467 0.0373107 0.036398 0.0160334  -0.0032302  0.0100796  0.0197423  0.01419  0.0139599  0.00210467  0.0128214  0.00286021  -0.00774525 
371 0.000566703 0.570254 0.012624 0.0350872 0.000465453  -0.00432563  -0.00596022  0.000259621  -0.000526546  -0.00609198  0.00230645  0.00065604  -0.00494811  0.00610106 
375 9.84018e-05 0.736532 0.00964882 0.0257792 -7.98698e-05  0.00108015  -0.0036031  -0.000931615  -0.0034749  -0.00221976  -0.0046458  -0.00541518  0.00198872  0.00249229 
376 -0.000126083 0.270922 0.0107492 0.0237943 0.0032664  0.00101116  -0.00670936  -0.00267697  -0.00117186  -0.00133455  -0.000797012  -0.0039267  0.00561706  0.000954536 
378 -0.000178318 0.399967 0.00844825 0.0263108 -0.00679079  0.00229137  0.000146595  0.000474657  -0.00136621  -0.000109179  -0.00252334  0.0022039  0.000236185  -0.00256947 
379 0.000414766 0.814903 0.0228558 0.0295058 0.0140071  -0.0060074  -0.00647974  0.00413881  0.00238241  -0.00417338  0.00857051  -0.00327522  -0.00888765  0.00668729 
381 9.00507e-05 0.538215 0.0037106 0.0213521 0.00133594  0.000409228  0.00198721  -0.000777823  0.000328657  0.00150758  -0.000806393  0.000561818  -0.00173793  -0.000946163 
382 1.26629e-05 0.51105 0.000748173 0.0191276 -0.000241918  -0.000247458  8.22858e-05  5.85295e-05  0.000175774  -1.2716e-05  -0.00027341  -0.000390846  -0.000337088  -0.000240013 
386 -6.51433e-05 0.341078 0.00643538 0.0187937 -0.00113892  0.00131036  -0.00428996  0.000333095  -0.00143887  0.00155531  0.00381587  0.000701955  -0.000124588  -0.00057166 
390 -4.6674e-05 -0.153001 0.0110415 0.0204536 -0.00254808  0.0023832  0.00138764  -3.65875e-06  -0.00358392  0.00407259  -0.000779689  0.00720727  0.000969779  -0.00498933 
393 1.54411e-05 2.11224 0.00997885 0.0215644 -0.00156711  -0.0034053  0.00137651  0.000295434  -0.00340734  0.00434044  0.00414185  0.000326989  -0.00460279  -0.00382709 
394 -7.82118e-05 0.0708085 0.0115878 0.0212034 0.00594007  -0.000649766  0.00188442  -0.00174781  0.0024792  0.00224394  -0.000215094  0.00297715  0.00298559  0.00793472 
397 7.57339e-05 0.531374 0.00308329 0.0229739 -0.000648465  -0.00045673  0.000269441  -0.00079732  0.00099094  -0.000997368  -0.0024067  0.000388016  -0.000267075  0.000422409 
400 0.000107885 0.590707 0.00625679 0.0212619 0.00263037  0.00108066  -0.000592481  -0.00209573  -0.000199026  -0.00167522  -0.00207574  -0.000149789  -0.00433067  0.000621129 
407 -1.57444e-05 0.356977 0.00300123 0.0185523 -0.00031709  0.00109036  -0.00162159  -0.000216674  0.000528787  -0.00101682  -0.000668999  0.000799947  -0.000983426  0.00129357 
411 -3.58436e-05 -1.71351 0.0178145 0.0189719 -0.00819418  0.000872735  -0.000252028  -0.00306378  0.00614537  0.0040459  -0.00692059  -0.0106058  0.000199636  0.00504453 
412 -0.00051368 -0.0787916 0.0344893 0.0198941 -0.00326276  -0.00252435  0.0216738  0.0111136  0.00321158  -0.0161313  -0.013162  0.00692935  -0.00327279  -0.00875984 
420 -2.12855e-05 0.442969 0.00220364 0.0301594 0.000621906  0.000234499  -2.93835e-05  0.00110823  -0.00037556  -0.00103327  0.000670945  0.000983178  -0.000493782  0.000562061 
421 -0.000160142 0.374456 0.00896873 0.0305102 0.00270171  0.000558091  -0.000907734  0.000568578  0.00386747  -0.00393232  0.00206803  0.0024613  0.00525325  -0.0018244 
424 -5.77453e-06 -0.914554 0.00571608 0.0330307 0.000856085  0.000353003  0.00222208  0.000370603  0.000662548  0.00484711  0.000769851  0.000402505  -0.000188749  -0.00142031 
426 -0.000263834 0.406427 0.00993972 0.033118 0.00117782  0.00537564  -0.000451953  0.000775436  0.00152741  0.00292739  0.000422436  -0.000201492  0.00713645  0.00237845 
428 0.000212398 1.22688 0.0248487 0.0368873 -0.00879946  -0.0105208  -0.0101151  0.00159193  -0.00890367  -0.0153259  0.00258376  -0.000498581  -0.00178444  0.000468523 
430 0.00022649 0.964306 0.0205085 0.0338865 0.00295236  -0.00210394  -0.00600313  -0.00220694  -0.0044221  0.013518  -0.0101489  -0.00234052  -0.00376517  0.00644985 
431 -0.000582597 0.0696193 0.0316748 0.0303617 -0.00994571  0.00107363  0.00751155  -0.00742338  0.0018236  0.0141902  0.0101003  0.0218778  -0.00100042  -0.00231304 
435 0.000365705 0.721904 0.0180166 0.0387892 0.00201688  0.00784662  0.00196795  -0.00298641  0.0019459  -0.00964341  0.00909931  -0.00146493  -0.0078949  -0.00145463 
436 -0.000230308 0.380384 0.0104991 0.0337485 -0.00586536  -0.000129486  9.84169e-05  -0.00559254  -0.00356793  -0.00441838  -0.00215547  0.000516885  0.00183553  0.00199786 
437 0.000779269 0.69476 0.0246395 0.037004 0.0107023  -0.00190471  -0.00329618  0.0100267  0.0093203  0.00656438  0.00569094  -0.0122854  -0.00317038  -0.00736257 
439 6.05215e-06 1.38741 0.00463496 0.0242967 -0.00238997  -0.000638236  -0.00119839  0.000526019  -0.000724149  -0.00179668  -0.0025921  -0.000577187  0.00160727  0.000512676 
441 -0.000754625 0.165349 0.0317912 0.0241719 -0.000618717  -0.00954072  -0.00531889  -0.006848  -0.0122136  -0.00175486  0.0110479  0.00710938  0.0172155  -0.0149286 
445 -0.000143078 0.472606 0.00396094 0.0365949 3.64285e-05  -0.000461616  0.00210882  0.0008707  0.00220129  -1.11227e-05  -0.000124718  0.000658857  0.00204072  -0.000899675 
446 0.000101749 0.553229 0.00465491 0.0385003 -0.00152841  -0.000264742  9.82166e-05  -0.00164617  0.000910039  0.00228779  -0.00268184  -0.00128919  -0.00114864  -0.000553801 
448 2.45534e-05 0.515757 0.00124414 0.0371555 -0.000484404  -0.000127764  -0.000352641  -0.000208053  -0.000409387  -1.10641e-05  -5.70447e-06  -0.000548312  0.00033056  0.000742693 
450 -0.000344725 0.393882 0.0120999 0.0368236 -0.0072665  -0.00356907  -0.00366403  0.00282799  0.00437076  -0.00585464  0.00125102  0.000460072  0.00014714  0.00206558 
452 0.000202728 0.642144 0.0107365 0.0412403 -0.00249974  -0.00069297  0.00146092  -0.00290943  -0.00776459  0.00202452  0.000570517  -0.001446  -0.00307396  0.00465743 
456 -0.00030227 0.443754 0.00824995 0.0387047 -0.000460026  -0.00513738  0.00160484  0.003967  -0.00146656  0.000687652  0.000250669  -0.000643435  0.000897693  -0.00438616 
458 0.000399708 0.662709 0.0161296 0.0424308 0.000303513  0.00862187  -0.00303457  -0.0027429  -0.00578702  0.00324557  -0.00206442  -0.00731888  -0.00612064  -0.0054489 
461 3.05565e-05 2.30905 0.0148696 0.0374265 -0.0012928  -0.00400525  0.0032379  -0.000745031  0.00430666  -0.00374494  0.00127428  -0.00989625  0.00636339  0.00444152 
463 -4.77892e-06 0.475966 0.000677819 0.037016 -0.000188981  5.37538e-05  -0.000294537  -0.000376808  3.55637e-05  -7.20025e-05  0.000215086  -0.00032556  5.15806e-05  0.00017532 
464 0.000110627 0.791158 0.0113506 0.0370805 0.0050738  -0.00128898  -0.00600727  -0.00177408  0.000452178  -0.00332051  0.00157368  0.00244517  0.003352  0.00559247 
465 -1.72669e-05 -0.111537 0.00649906 0.0355576 -0.00140253  -0.00203551  0.00366518  -0.000608953  0.000713238  -0.00277611  -0.00155121  -0.00310274  -0.00143806  -7.96264e-05 
468 -0.000626504 0.174765 0.0285554 0.0357996 0.00204907  0.00465212  -0.00771362  0.00152175  -0.0012075  0.00909353  -0.0197068  0.00306568  0.0150475  0.00440707 
469 0.000133606 1.11861 0.0181816 0.0436842 -0.0012969  0.00674402  -0.0126437  -0.00578457  0.000172559  -0.000124886  0.00596685  0.00220209  -0.00694416  0.00116775 
470 0.000299995 0.641191 0.013017 0.0421274 0.00257492  -0.00149767  0.00915792  -0.000504597  0.00238016  -0.00296642  -0.00333109  -0.00443307  0.000497279  -0.00556653 
471 -0.000585599 0.163282 0.0280901 0.0384027 0.00185341  0.00747852  -0.00421761  -0.00354738  -0.0170198  0.00695777  0.00444978  -0.0153824  -0.00568491  -0.00851435 
472 0.000631745 0.625238 0.0177922 0.0453931 -0.000890995  -0.00955523  0.00160231  -0.00324396  0.000954528  -0.00183599  0.00510734  0.00811837  -0.00954755  0.00489321 
473 -0.000115685 0.427039 0.00581124 0.037802 -0.00152825  0.00192737  -9.75746e-05  -0.00168111  0.000989447  -0.00047543  -0.00273881  -0.00199979  0.00309986  0.0016032 
474 0.000375856 0.879813 0.0238944 0.0393025 -0.000775162  0.00146114  -0.000222164  0.0168004  0.010589  -0.00619449  -0.00468127  -0.00725553  -0.00766521  -0.00144632 
476 0.000586024 0.852806 0.0287551 0.0341891 0.00542416  -0.0085876  0.0177782  0.00581977  0.011928  -0.000123362  0.00427349  0.00323943  -0.0113573  0.00858584 
481 -9.25983e-05 0.458649 0.00391422 0.0241463 0.00128926  -0.00240603  0.000108315  0.00131066  0.00127422  -0.000594597  0.00045938  -0.00150223  0.000959984  0.00087971 
482 -0.00067292 0.00508188 0.036505 0.0259932 0.0027945  0.00415216  0.0125407  -0.00984548  0.0185713  0.00197046  0.00918864  0.020222  -0.0134441  0.00552123 
484 -0.000783652 0.318642 0.0238532 0.0367259 0.00252724  -0.00345449  0.00706717  -0.00169468  0.00421667  -0.0080617  -0.0138261  0.0110448  0.00586519  -0.00821686 
486 -0.000154003 0.305972 0.0109336 0.0461817 0.00392634  -0.00274159  0.00207436  -0.00395714  -0.000407503  0.00710831  -0.00277664  -0.00070177  -0.00400377  -0.0013124 
487 -3.88702e-05 0.492959 0.0010467 0.0478202 -3.97028e-05  0.000514455  0.000140966  -7.76924e-05  0.000585362  -0.000169328  -0.000644979  -2.23739e-06  -8.5811e-05  9.35767e-05 
491 6.02495e-05 2.08623 0.0195512 0.0482249 -0.0022509  0.00957208  -0.00146111  0.00615062  -0.00590975  0.00398907  -0.00131746  0.00180274  -0.00188194  -0.0136466 
496 -0.000248749 0.33732 0.0127245 0.0475961 0.00758101  0.00292137  0.000792316  -0.00377752  -0.0031017  -0.00544836  -0.00572119  0.000930878  -0.00097309  -0.00267572 
497 0.000989777 0.68266 0.026893 0.0501415 0.00127155  -0.00366616  -0.00882796  -0.00667095  -0.000502574  -0.0015819  0.0108591  -0.0134699  -0.00777506  0.0149392 
