generation s h r distopt trait[0] trait[1] trait[2] trait[3] trait[4] trait[5] trait[6] trait[7] trait[8] trait[9] 
2 0.0910611 0.493219 0.0378593 2 0.022146  0.000555492  0.0150267  -0.00613654  0.0167413  0.00257673  0.00554155  0.00137092  0.0186946  -0.00318178 
3 0.107494 0.518799 0.113462 1.97809 0.0291124  0.017381  -0.00228775  0.00452605  0.0228701  -0.0726093  0.0136596  0.0379988  0.00161669  0.0653449 
8 0.444488 0.472229 0.163222 1.95211 0.0975584  -0.0628485  -0.0183138  0.0147117  -0.0577963  0.0347727  0.0618486  0.0302918  -0.0410845  -0.0405175 
9 0.0907484 0.498719 0.0576776 1.85553 0.0218084  0.0285182  -0.00821007  0.014822  -0.0108631  0.0108633  -0.0260073  -0.0254487  -0.0126368  0.00556696 
10 0.365107 0.482331 0.162352 1.83197 0.0934019  -0.0201282  -0.0127684  0.0360567  -0.0297218  -0.0538994  -0.00597268  -0.0670031  -0.0787842  -0.0352893 
12 0.0267129 0.511751 0.0398285 1.74496 0.00703359  0.022811  0.0178379  0.012305  -0.008779  0.0126884  0.00303144  8.91927e-05  0.0070063  0.0158285 
14 0.0146496 0.503134 0.0169727 1.73739 0.00468281  -0.00247195  -0.00216679  0.0107378  0.00609195  0.00408293  -0.00442457  -0.00338422  -0.00575452  0.00470246 
15 0.0970228 0.507659 0.0843787 1.7332 0.0239972  -0.0249595  -0.00070335  -0.0351404  0.0207869  0.0332775  -0.0166235  0.0482344  0.00665796  0.0223352 
19 0.00327098 0.890562 0.0714411 1.70628 0.00405247  -0.0201763  -0.0290877  -0.0101537  -0.00388352  -0.0484634  0.0107692  -0.0274018  -0.000312525  0.0223699 
20 0.0957399 0.537706 0.133921 1.70532 0.0268692  0.043983  0.00188743  0.0341384  -0.0294225  0.0714873  -0.0567807  -0.00997749  -0.0235747  -0.065222 
22 0.0169746 0.499457 0.0102528 1.6783 0.00480117  -0.00213266  0.000336593  0.000224023  -0.00380997  0.0042498  -0.0013696  0.0031431  0.00571187  -0.000631671 
26 0.293185 0.507158 0.20069 1.67328 0.0904391  0.00138237  0.0339455  0.00939484  0.0314103  -0.0537755  -0.156456  -0.032243  -0.0179954  0.0336808 
28 0.096956 0.497261 0.0571588 1.5946 0.0316235  0.0189014  -0.00153344  -0.015926  -0.0110241  0.00802912  -0.0192869  -0.0177708  -0.000552614  -0.027924 
29 0.245383 0.605473 0.339403 1.56532 0.109534  -0.026638  0.0257765  -0.0080641  -0.0223224  -0.117625  -0.0953609  -0.0562941  0.190032  -0.197608 
31 0.0854531 0.58756 0.178777 1.49358 0.0273366  0.0648678  -0.0823619  0.0298778  0.0235432  -0.026681  0.0214782  -0.0133782  -0.125663  0.0404 
33 0.0829918 0.50192 0.0615573 1.46587 0.0265317  -0.0179802  0.0290971  0.00673883  0.0161548  -0.020575  0.00949524  0.00820108  -0.0223328  0.023012 
34 0.055581 0.522409 0.0794179 1.43842 0.0245334  0.0403033  0.0124374  -0.000728424  -0.0110802  0.020134  -0.0434881  0.0302537  0.020774  -0.0126309 
37 0.0479268 0.50405 0.0430566 1.41949 0.0221907  -0.00323211  -0.0135676  0.00552018  -0.00490414  -0.0146702  -0.000670188  -0.00523109  -0.0288573  0.00605133 
38 0.0225761 2.7993 0.447742 1.40291 0.0566033  -0.0287498  0.0180946  0.0894809  0.310487  0.125634  0.0435081  0.0973596  -0.252561  0.027622 
39 0.0934178 0.53216 0.124303 1.39493 0.0405918  0.0564496  -0.0129242  -0.0471474  -0.0113309  0.00401412  0.0485129  -0.00866146  -0.0417421  -0.0625426 
41 0.00906269 0.500403 0.00743186 1.36254 0.0025006  0.000425017  -0.000494618  0.00214725  -0.000350735  0.00281889  0.00499359  -0.000846668  -0.000226763  0.00318909 
44 0.0470647 0.501719 0.0370615 1.35922 0.0221847  -0.00842151  -0.0166297  0.00979006  0.00514177  -0.00429027  -0.0170883  0.00827349  0.00534468  0.00205168 
45 0.0763143 0.517424 0.0884514 1.3422 0.0479207  -0.0266197  -0.00831753  0.019364  0.0107339  0.0167765  -0.0564292  0.013763  -0.0142826  0.0200041 
49 0.0784111 0.502034 0.0588436 1.31452 0.0164795  -0.0119319  0.00769551  -0.0168335  -0.00498318  -0.0287275  0.0327428  -0.0202196  0.0191888  -0.00260657 
50 0.0557698 0.532584 0.0923999 1.28548 0.0192372  0.0248912  -0.0316815  -0.000874508  0.017612  0.0044015  0.0230103  -0.0581012  0.0386248  -0.0285827 
51 0.161301 0.516377 0.144696 1.2642 0.0260305  -0.0106111  0.0323141  -0.0837585  -0.0411263  0.0889108  0.00407464  0.006411  0.0472384  0.0141899 
53 0.128455 0.589944 0.224699 1.2036 0.127781  -0.0173265  0.0283665  -0.0265122  0.140508  0.0153924  0.0378245  0.00779668  -0.077134  -0.070237 
56 0.0743193 0.525511 0.0993697 1.15231 -0.00275768  -0.0427981  0.0272231  0.0268541  -0.0376396  0.00333769  0.0475263  0.0177594  0.0218315  0.0457623 
60 0.0673934 0.512163 0.072782 1.12077 0.0138936  -0.0504774  -0.0122838  -0.00601789  -0.0436247  -0.000161692  0.0136795  -0.00630366  0.0154244  -0.00109457 
61 0.0156492 0.510171 0.0274269 1.09128 0.00919173  0.0134163  0.00412003  0.0150571  0.0100349  0.00220956  0.00673855  0.00529698  0.00680402  -0.00432651 
62 0.0544872 0.510665 0.0605752 1.08415 0.0161217  0.0243168  -0.0102815  -0.035331  -0.0307114  -0.00375927  -0.0171685  0.00814256  0.00872759  -0.00834229 
64 0.0268046 0.503643 0.0271164 1.0594 0.00568664  -0.0135688  -0.00615314  -0.00684469  -0.012471  -0.0109501  0.0051612  -0.00165647  0.0112489  0.00166893 
67 0.0521161 0.671499 0.189692 1.04684 0.0254684  0.0550451  -0.0385022  0.118244  -0.0551688  -0.0577714  -0.00611837  -0.0615429  -0.0161865  0.079827 
70 0.0561737 0.561427 0.122049 1.02228 0.0475508  0.000481333  -0.0485478  -0.0366126  -0.0237311  0.0404492  0.0112029  -0.072598  -0.035083  -0.0105449 
71 0.0397341 0.534474 0.0782807 0.995194 0.0155277  -0.00436361  -0.0267311  0.000630985  0.0279168  0.0133605  -0.0338846  0.0399013  0.038117  0.0013175 
72 0.0521325 0.518051 0.0704129 0.975421 0.0304951  -0.00236854  -0.0201893  0.00663498  0.00139379  0.0128301  0.000348558  -0.0420631  0.0385259  -0.0122702 
74 0.0545239 0.61581 0.161001 0.949013 0.00338264  0.0688948  -0.0374503  -0.0535966  -0.00791373  0.0235555  0.0257237  0.00158704  0.0472905  0.115629 
76 0.0238117 0.616283 0.105864 0.920618 0.0284832  0.0242361  0.0210166  -0.00131765  0.00497268  0.0578888  -0.0369734  -0.0222239  0.0246257  -0.0593454 
77 0.00241543 1.21464 0.0830258 0.907747 -0.00991439  0.0354023  -0.0100634  -0.0338416  -0.031991  0.0392712  0.00892164  0.00985138  0.0358691  0.0163171 
78 0.0598398 0.621724 0.172854 0.906417 0.0121379  -0.0137459  0.0313665  -0.0967673  -0.0379094  -0.078013  -0.0143864  0.0764254  -0.000751274  -0.0749861 
80 0.0263088 0.764143 0.166373 0.87377 0.0606201  0.00837241  0.0416721  0.0768758  -0.00209965  0.0304359  -0.0216249  -0.0359013  -0.116414  0.00699946 
83 0.0314541 0.523825 0.0585628 0.858781 0.0284655  0.0133276  0.0304536  0.0133897  0.0020626  0.00123563  -0.00714931  0.00416121  0.00663067  -0.0348829 
84 0.0582676 0.521547 0.0805 0.840557 0.00719364  -0.0209666  0.0131235  -0.0372978  -0.00257767  -0.0292291  0.0316351  -0.00841489  0.0148526  0.0476694 
85 0.0698038 0.567585 0.14307 0.806165 0.0673278  0.0492574  0.0389804  0.0564414  0.0417642  0.0298701  0.0629607  -0.0173547  0.0228331  -0.0371689 
88 0.137861 0.573221 0.214314 0.763169 0.115518  0.0264039  -0.0373139  -0.00352071  0.0393745  -0.0626455  0.0487118  0.0516913  0.101678  -0.0981137 
91 0.0213597 0.635217 0.107878 0.673258 0.0222475  0.00182508  -0.0579879  -0.016753  0.0525842  -0.0284518  0.012278  0.0332169  0.00338931  0.0515363 
94 0.0201267 1.84623 0.325708 0.657375 0.0553194  0.063865  0.0817639  -0.0111734  -0.271668  -0.0110227  0.000489564  -0.0379688  -0.0087668  -0.129201 
98 0.013618 0.606272 0.0764006 0.64204 -0.00484041  -0.0114085  0.0462505  0.0211941  0.0139629  -0.0311343  -0.0330056  0.00870381  0.0250286  0.011803 
99 0.0271694 0.592511 0.101322 0.631418 0.0156996  -0.0271509  0.0460444  -0.0282051  -0.0511894  -0.0240822  0.0398224  0.0392281  -0.00270781  -0.00587655 
100 0.0248027 0.648404 0.121724 0.609822 -0.0384371  -0.0470002  -0.0507293  -0.00053933  -0.0437179  -0.0236518  0.0302651  0.00234709  0.0535362  0.0479398 
101 0.0260661 0.584647 0.0950461 0.589391 -0.00058244  0.00206979  -0.0328505  0.00113461  0.0737959  -0.015491  -0.0227748  0.00462291  0.0156185  0.0384564 
102 0.0649447 0.553111 0.123775 0.567142 0.0714145  -0.00655549  -0.0403087  -0.00433117  0.0126688  -0.0171581  0.0368996  0.0756186  0.0314049  0.0035788 
104 0.00900675 0.505289 0.0151615 0.508652 0.00598366  -0.00223765  0.0101364  -0.00036092  0.00593084  0.00317896  -0.000116205  0.00195291  -0.00428424  0.00432682 
106 0.0122106 0.536516 0.0429649 0.499761 0.00217662  -0.00442756  -0.00164288  0.0103456  0.00280304  0.0194036  0.00260972  -0.0183951  0.0306104  0.00673502 
107 0.0339026 0.730273 0.176481 0.487467 0.0350006  0.0364082  -0.0424433  -0.00346202  0.0805979  0.055163  -0.00994629  -0.0757667  -0.04064  0.0987489 
108 0.0438088 0.594125 0.130488 0.451977 0.0222228  -0.0857965  -0.0228294  -0.0142598  -0.00787038  -0.00684711  0.0484541  -0.010327  -0.0413362  0.0646197 
111 0.0134173 0.785803 0.123679 0.401755 0.0214508  -0.0563794  0.0744548  -0.00143309  -0.0157577  -0.0102158  -0.012466  -0.026812  -0.0358479  -0.060001 
113 0.032878 0.519083 0.054695 0.38481 0.0369931  -0.00900692  0.000634418  0.0129777  -0.0270999  0.0182125  0.00330199  0.00427085  0.0119755  0.0115951 
120 0.0303104 0.613196 0.118077 0.340191 0.0723542  0.0479291  0.0235015  -0.0476821  0.010871  -0.016072  0.00174338  0.0465703  -0.0195979  0.0255263 
121 0.00236493 1.1145 0.0761889 0.293035 -0.0105792  0.00772513  -0.0167233  0.00708667  0.00261537  0.0606295  -0.0341531  0.0150079  -0.00111036  0.0150858 
124 0.00693664 0.642216 0.0628836 0.288977 0.0119901  -0.00478376  -0.0196365  -0.019386  0.00548375  -0.0386552  0.0128039  -0.0098109  0.03499  -0.00418236 
125 0.0333103 0.749771 0.182039 0.276758 0.0533223  -0.0644423  0.0641987  0.0266479  -0.111929  -0.0137814  0.00660233  0.0774874  0.0387592  -0.0322856 
128 0.00806721 0.633654 0.0657686 0.20935 -0.00153107  0.0132298  0.0317682  0.00991696  0.0264745  -0.00900221  0.00999312  0.00155122  0.0244827  0.0394583 
132 0.000744805 1.73436 0.0606188 0.189189 0.00832784  0.0119815  0.00744858  -0.0113983  0.0382259  0.0137416  -0.0314618  -0.019248  -0.0038391  -0.0158497 
133 0.00520564 1.15348 0.116457 0.187211 0.0641821  -0.0281185  0.00477079  0.000670668  0.0600678  -0.0439869  -0.0218685  -0.0438788  -0.00928962  0.0244169 
134 0.00306008 0.534023 0.0205053 0.172789 -0.00121422  -0.00135315  -0.0124326  0.00213383  -0.00159419  0.0114171  0.00599196  0.00795484  -0.000838135  -0.00502617 
136 0.0125011 0.761275 0.114193 0.163708 -0.0179796  -0.0767834  -0.0218851  -0.00993666  -0.0406531  0.0115148  -0.0118723  0.0152435  0.0481217  0.0420598 
139 0.00770393 0.722047 0.0827038 0.119903 0.022526  -0.0094465  -0.0256407  -0.00183761  -0.012015  0.0587928  0.00916274  0.0179426  -0.0217287  0.0332182 
141 0.000185101 0.721877 0.0128171 0.0818682 -0.00406609  0.0018833  -0.00649366  0.00631385  -0.00585487  -0.00228438  0.0019765  0.000738888  0.0042677  4.14857e-05 
146 0.000182996 0.62043 0.00938941 0.0807299 0.000245086  0.000883643  -0.00565956  0.00476574  4.37397e-05  0.00210382  -0.00100546  0.00340419  0.00393667  0.000229095 
147 0.000166313 0.76007 0.0131533 0.0795885 0.00236578  0.00414624  -0.00585904  -0.00249399  0.00245015  -0.00285881  0.00783047  -0.00174711  6.13797e-05  0.00557879 
152 0.000790645 1.09013 0.0431911 0.0785368 0.0135703  -0.00598314  0.0208124  0.00407825  0.0163217  0.0246218  0.00866646  -0.0102805  -0.00452189  -0.0110389 
156 0.000740155 1.76852 0.0612596 0.0733328 0.000236927  0.00942416  -0.0263615  0.0180116  -0.0212761  -0.00640202  -0.0240283  0.0147065  0.034524  0.0128575 
158 0.00213924 0.980613 0.0640965 0.0681016 0.0288491  0.0143769  0.0152161  0.0158774  -0.0186542  -0.0214239  0.00829811  -0.00502474  -0.0332097  -0.0241211 
159 0.000773936 0.628196 0.0199246 0.0500087 0.00633966  -0.00079248  0.00933587  -0.00492738  -0.0040737  -9.59175e-05  -0.00619146  -0.00502159  0.012733  0.00156423 
162 0.000478807 1.09874 0.0338586 0.04156 -0.00531699  0.00600252  0.0077802  0.000394679  0.0265871  -0.00753446  0.00355104  0.00398487  0.0123686  0.00873497 
163 5.14339e-05 0.904066 0.00911751 0.0353347 0.00247411  -0.00407416  -0.00292067  0.00192049  -0.00382168  0.000742414  0.00528987  -0.000642242  -0.00195094  0.000912441 
164 0.000211225 1.77145 0.0327721 0.0345992 0.0139892  0.00391774  -0.0103833  -0.00812992  -0.00829754  0.0195667  -0.00163081  0.0122089  -0.00915195  0.00137026 
165 -0.000427368 0.286038 0.0191289 0.0313991 -0.000969186  -0.000765651  -0.00950415  -0.00630786  -0.00785914  0.0107205  -0.00223467  -0.00662418  -0.00121301  0.00268901 
166 0.000752303 0.631075 0.0198632 0.0375947 -0.00601673  -0.000377118  0.0119775  -0.00456071  0.00615655  -0.00338304  0.0113423  0.00260284  0.0030262  -0.000118073 
173 -0.000216147 -1.14644 0.0377281 0.0257166 0.0190756  0.0210684  -0.00018977  0.00600597  0.00159099  -0.000495588  -0.00712021  -0.0228874  -0.000141765  -0.00149009 
176 0.000131161 0.575072 0.00627628 0.0296229 -0.00340251  0.000124302  9.15957e-06  -0.000195937  0.000912184  -0.00184387  0.00312494  -0.00259876  0.00251583  -0.00082496 
180 -5.47523e-06 -0.0496302 0.0034695 0.0273196 0.000797731  0.000831305  -0.00114801  -0.000119601  0.00133176  -0.00117973  0.000358295  0.00220898  0.000413111  -0.00101675 
185 0.00033156 0.971877 0.0250145 0.0274197 -0.0119927  -0.00867651  0.000871578  0.00405796  -0.00735117  -0.00720415  0.00805164  0.00829099  0.0117106  0.00356977 
186 5.60026e-05 2.04856 0.0186244 0.020502 0.00931838  -0.00529897  0.00562198  -0.0115387  0.00262587  -0.000826433  -0.0011237  0.00347171  -0.00617413  -0.00286298 
192 -4.10233e-05 -0.276596 0.0112887 0.0190875 -0.00359748  -0.00266299  0.00149101  -0.00459727  0.00499586  -0.00200128  0.000395884  -0.0053967  -0.00500689  0.000854536 
193 -8.85068e-05 0.0913744 0.012028 0.0201334 -0.00633112  0.00358212  -0.00645148  -0.00450859  -8.88294e-05  0.00198973  0.0014058  0.00409856  -0.00208819  0.00164522 
196 -4.36771e-05 -0.770547 0.0148988 0.0222231 -0.00979338  -0.00214735  0.00206215  0.00204763  0.00420528  -0.00303308  -0.00617891  -0.00467425  -0.00051808  0.00508216 
197 -0.00012003 0.327332 0.00910565 0.023185 0.00457937  -0.000301868  6.36851e-05  -0.0029384  0.0036569  -0.00472908  -0.000502215  0.00110702  0.00367211  -0.00158545 
200 -6.87788e-05 -0.00154356 0.0117468 0.0256434 0.000363654  0.0043497  0.00166731  -0.000896563  -0.00517778  -0.00715408  0.00123528  0.00452594  0.00358337  -0.00158434 
202 -3.97037e-05 0.462376 0.00244461 0.0269511 0.000231156  0.000116096  -0.00196943  -3.35554e-05  0.000287081  0.000154661  -0.00117995  0.000365725  0.000274671  -0.000567129 
205 -0.000284493 0.208343 0.0182201 0.0276779 -0.00423139  -0.00915966  -0.00354411  0.00207116  0.00569313  0.00482018  -0.00605161  -0.00300831  -0.00961268  0.0044266 
207 -0.000176382 0.432959 0.00687885 0.032413 -0.000344641  0.000261521  -0.000619431  -0.00518253  0.00049379  0.000136102  -0.00193017  -0.00214724  0.00333145  -0.000438209 
208 -0.000146224 0.239372 0.0123474 0.0350285 0.00674912  0.0028995  0.000494016  -0.00375745  -0.000143235  0.00503142  -0.00343177  -0.00227817  -0.00479042  0.00434604 
212 4.33278e-06 2.19898 0.00542634 0.0370572 0.00153391  -0.00102372  -0.00100042  0.00108984  5.58774e-05  0.00247463  -0.00234683  -0.00173197  0.00291861  -0.000838537 
214 -0.000478372 -0.021644 0.0315973 0.0369987 -0.000711289  0.00487803  -0.00696478  0.00727874  0.0170378  0.000271648  0.014863  -0.00439873  0.00234478  -0.0183435 
215 -2.29986e-06 -49.2685 0.0213967 0.0429812 -0.00250945  -0.00176679  -0.0105288  0.00693897  -0.0144509  -0.00697487  -0.0044416  0.00247164  0.00245881  0.000187005 
216 0.000553402 0.606119 0.0153293 0.043008 0.00235989  0.0018847  0.00854865  -0.005614  -0.00279042  -0.00353913  0.00653085  0.00326085  -0.000239986  0.00690041 
217 0.000246365 0.943748 0.0209105 0.0360061 0.00722489  0.00450635  0.0105692  0.00526532  -0.00227182  0.00163318  -0.00100819  -0.00975982  0.0100635  -0.0044652 
218 9.65718e-05 0.975784 0.0135566 0.0324053 -0.00589525  0.00501586  0.00307286  0.00648422  0.00790346  0.00193674  -0.000133135  0.000980397  0.00119387  0.00193921 
220 -0.000757845 0.023892 0.0379979 0.0308794 -0.00784502  0.011091  -0.00740117  0.0039665  -0.0117206  -0.0110511  -0.0198214  0.0138456  -0.0168424  0.00781162 
223 4.4381e-05 1.07455 0.0100992 0.0413723 0.00614946  -0.00292167  0.00173188  0.00515724  -0.00265741  -0.00275137  0.00148016  0.00277159  0.000300834  -0.00120405 
226 -2.796e-05 0.352346 0.00406377 0.0408324 -0.00108613  0.00061277  0.00180125  -0.00122153  0.000406633  0.000427078  -0.00289732  -0.0011034  -0.000353213  -0.000371391 
227 0.000285773 1.27939 0.0298451 0.0411734 0.00528197  -0.00506668  0.0142931  -0.00250964  -0.0085498  0.00964878  0.00653273  0.00852065  -0.0153239  -0.0105009 
228 -2.56198e-05 0.488895 0.00106696 0.0375435 0.000249327  -0.000526345  -0.00019402  0.000345103  -0.00026314  -0.000434507  -0.000315084  -0.000257057  0.000135661  -0.000447944 
229 1.61757e-05 0.531498 0.00142764 0.0378832 -0.000599153  -0.00102174  -9.73986e-06  -0.000249588  0.000610029  -9.83497e-05  -0.000110342  -0.000307972  -0.000289437  1.46872e-05 
230 7.28421e-05 0.971622 0.0117222 0.0376691 -0.00145259  0.00604212  -0.00263935  -0.00182055  -0.00367158  0.00815343  0.00274875  0.000402275  -0.000913249  -5.17596e-05 
233 -0.000196373 0.459087 0.00567089 0.0366895 -0.00104745  -0.00129013  0.000771647  0.00349706  -0.00142055  -0.000728058  0.00108462  -0.00118829  -0.00300404  -0.00155302 
234 0.000366105 0.730628 0.0183774 0.0392749 -0.00693022  -0.00511551  0.00441296  0.00136751  0.00589296  -0.00655841  -0.00110359  -0.0102564  0.00761785  6.26452e-05 
235 -4.74806e-05 0.295716 0.00622897 0.0342998 0.000538097  0.00131451  -0.00302148  -0.0010438  0.000558739  0.00140664  -0.00385645  0.00289777  0.000357338  -0.000935935 
237 0.000212219 0.678193 0.0122991 0.0349851 0.00501336  -0.00307116  -0.00359116  -0.00414848  0.00797322  0.00228674  0.000268738  -0.00221638  -0.000670614  0.00351557 
239 5.18698e-05 0.532748 0.00260684 0.0318082 0.000489211  -0.000815414  6.12651e-05  -0.000365358  -0.00134488  -0.00129843  0.000455886  0.000531599  0.00128577  0.00034046 
240 0.00048548 0.676425 0.0185101 0.0309822 -0.00724007  -0.00128206  -0.00063372  -0.00658375  0.00146149  0.0131647  0.00116934  0.000990928  0.00780554  0.00246816 
241 -0.000126201 0.207321 0.0121557 0.0217837 0.00297312  0.0016498  0.00558864  -0.00272251  -0.00118681  -0.00062696  -0.00332253  -0.00219831  0.00568089  -0.0068999 
242 -9.73266e-05 0.47896 0.00286291 0.02451 0.000665252  0.000766288  0.00141062  -0.000684246  -0.000208158  -0.000347486  -0.00150127  -0.00137026  -0.000440911  -0.000467521 
244 0.00017719 1.28702 0.0236164 0.0264211 -0.00132233  -0.00245811  0.00842842  0.00551098  0.00737793  0.00430763  0.00747699  -0.00927842  0.00260224  0.0150592 
247 -0.000166127 0.216376 0.0137294 0.0228232 -0.00164085  0.00390264  0.00523263  -0.00112435  0.0030782  -0.0084645  0.00187327  0.00460325  -0.00144508  -0.0058325 
249 -6.08727e-05 0.0418364 0.0105623 0.0262114 -0.00229988  0.00130052  -0.00299335  0.00683526  -0.00348989  -0.00131708  0.000221399  -0.00307546  0.000956213  -0.00495629 
250 9.51715e-05 0.58592 0.00571937 0.027348 -0.00287675  -0.00134377  -0.00246313  0.000242736  -0.000302981  0.000102184  -8.48765e-05  0.00209475  -0.00207419  0.00277564 
251 -4.08711e-05 0.492968 0.00107262 0.0255489 -0.000321824  -0.000179949  0.000182228  0.000521731  4.15502e-05  -0.00022074  -4.6477e-05  -0.000643867  -0.0004494  -0.000200024 
258 -0.000310664 -0.107957 0.0274877 0.0263366 0.00647453  0.00823279  -0.00303998  0.00266486  -0.0182567  -0.00277376  -0.00777346  0.000397543  0.0145915  0.00387753 
260 -0.000418529 0.389151 0.0136271 0.0316912 0.00195085  -0.000543664  -0.000637658  0.00250546  0.00239979  0.00689287  -0.0102606  -0.00142113  0.00368248  -0.000883216 
261 -0.000230847 0.157202 0.0177928 0.037722 -0.00576942  0.00122755  -0.00617968  0.0102062  0.00754605  -0.00824015  0.00259882  0.00265772  -0.000820331  -0.000322981 
262 0.000776044 0.682467 0.0238003 0.0406672 0.00690395  -0.00449807  -0.00549375  -0.00466126  -0.00664374  -0.00192556  0.0176631  0.00662144  -0.0022086  -0.00617205 
263 1.98441e-05 0.762524 0.00456488 0.0296324 0.000142481  -0.000599574  0.00186642  0.000208247  -6.53773e-05  0.000601682  -0.000786663  -0.00347449  0.000746464  0.00182127 
265 -0.000133621 0.444889 0.00542834 0.0292956 0.000124441  -0.0012539  0.00155195  0.00266591  -0.00212163  -0.000457195  0.000482322  -0.00336591  0.000254416  0.00142355 
266 -3.68725e-05 0.0551937 0.00809974 0.0314939 0.00128591  -0.0010719  0.00289214  -0.00300156  -0.000577764  -0.006134  0.0015274  0.00221118  0.000408652  0.000283674 
267 3.15714e-05 0.534641 0.00209167 0.0320739 2.90069e-05  -0.000147798  -3.89862e-05  0.000598625  -0.000140635  0.000260354  6.52005e-06  0.00014236  -0.00195154  0.00027591 
268 -0.000145499 0.473851 0.00390257 0.0315779 -0.00171146  -0.000270036  0.0019967  0.00025252  -0.00105235  -0.00152097  -0.00159818  -0.00118018  -0.000115699  -0.000892335 
270 -4.65515e-06 0.489317 0.000446018 0.0338035 3.54315e-05  0.000119009  0.000132127  -7.90364e-05  0.000143051  -0.000215511  -0.000216893  -3.47317e-05  -0.000124082  0.000171041 
271 6.88614e-05 1.03291 0.0121154 0.0338723 0.00165398  0.000184952  -0.00865863  -0.00216852  -3.03832e-05  0.000985693  -0.00531811  0.00208493  -0.00531268  0.00158464 
272 0.000445923 1.06531 0.0317502 0.0328401 0.00490285  0.00639745  0.0116184  -0.0138802  -0.00285809  0.0166741  0.0172536  -0.00380874  0.00331013  0.0024741 
279 -0.000434759 0.33602 0.0168913 0.0251525 -0.00382423  0.00269652  -0.00237721  0.00352295  -0.0083797  0.00119178  -0.00490273  -0.00443738  -0.0044567  0.0104941 
286 -0.000208357 0.223526 0.0151809 0.0326727 0.00529203  0.00101195  -0.000944335  0.00748766  -0.00260156  -0.00756002  0.000876276  0.00727461  0.00266394  -0.00444599 
287 -5.09968e-05 -0.703508 0.0156685 0.0357195 -0.00202357  -0.00424903  -0.00348227  -0.00551997  0.000648015  -0.00405557  -0.0115414  -0.00533879  0.000496794  -0.00139054 
289 -0.0001981 0.393872 0.00917183 0.0364264 0.000286248  -0.000768556  0.00308997  9.41381e-05  -0.00481733  0.00292461  0.00137356  0.00118636  0.00577606  0.00234009 
290 -0.000222076 -0.49481 0.0297274 0.0390512 0.00979648  0.000578372  0.0082244  0.000460934  -0.00292574  0.00644226  0.0079748  0.0155861  -0.0100528  -0.0161838 
291 0.00044087 0.568967 0.0110314 0.0417983 0.00131677  -0.00744086  -0.00479413  -0.00463589  0.00354843  -0.001114  0.000793359  0.00122207  -0.000607  0.00194732 
292 -0.000885667 0.398441 0.0189822 0.0361431 -0.000332877  0.00499985  0.00482834  -0.00175406  -0.0068154  0.0021128  -0.00425966  0.00987488  0.0119235  0.000290565 
293 0.000653372 1.07574 0.0387833 0.0468229 0.000969727  -0.0050895  -0.00937732  0.00528861  0.0213547  0.0015131  -0.023815  -0.014026  -0.0114997  -0.0026373 
296 2.41331e-06 0.50162 0.000125069 0.039233 -1.60558e-05  1.33435e-05  -6.42755e-05  2.83797e-05  2.11499e-05  4.15154e-05  -1.81306e-06  -2.12104e-05  -6.38452e-05  5.97453e-05 
298 -0.00131017 0.240985 0.0368637 0.0392022 -0.00256072  0.00292906  -0.00105747  0.00716053  -0.00305514  -0.00608484  0.00684019  -0.0279498  -0.0183979  -0.00886489 
299 0.00139434 1.12746 0.059132 0.0533652 0.0131158  -0.00156164  -0.00440635  -0.0258117  0.0126229  -0.00406499  0.035842  0.0189765  0.0203386  0.0200548 
301 -0.000284299 -0.75238 0.0377384 0.0381376 0.00349118  -0.00820799  0.0106832  0.0262369  -0.0106528  0.00136053  -0.00505605  0.0136401  -0.00220361  0.0145024 
303 3.96878e-05 0.513584 0.00146877 0.0416991 -0.000260859  -0.000447459  -0.000368977  8.05968e-05  -0.000206542  0.000825933  -0.000396293  -0.000708447  -0.000600828  4.02791e-05 
304 0.000291928 0.539662 0.00680806 0.0412205 -0.00326961  0.00262296  0.00207699  -0.00232117  0.00300304  0.00212874  0.00202494  -0.000580855  -0.00092578  0.000482714 
306 0.000157437 0.805244 0.0138643 0.0375132 -0.00597995  -0.003015  -0.00484305  -0.00621975  -0.00266444  -0.0040373  0.00589242  0.00326733  0.00134999  -0.00382255 
308 -2.43161e-06 0.0410684 0.00211277 0.0353528 0.000364112  -0.000237024  -0.000793326  -0.000189358  0.000116804  0.00102557  0.000399916  -0.000290505  0.0014465  0.000455712 
310 -0.000203945 0.158428 0.0166939 0.0353871 -0.00901035  0.000717601  0.00535684  0.00247905  0.00410495  -0.00965453  0.00613853  -0.000616711  -0.00373937  -0.000198747 
312 -0.000106178 0.171711 0.0118084 0.0381604 0.000192138  0.00356796  -0.00448809  -2.80921e-06  -0.00396774  -6.74388e-05  0.000620109  -0.00577759  0.00727389  0.00202658 
315 -0.000288375 -0.234749 0.0291137 0.0395272 -0.0154185  0.0101661  0.00385947  -0.0108801  -0.00188491  -0.00762791  -0.00956023  -0.00633342  -0.012489  0.00490199 
316 6.11184e-05 2.16208 0.020157 0.0430211 0.00253884  -0.011023  0.00267697  -0.006956  0.00557249  0.00033016  0.000420137  -0.0112637  0.0073741  -0.00319557 
317 9.77156e-05 0.791357 0.0106714 0.0423048 0.00329255  -0.0022503  0.00239781  0.00673775  0.00147064  -0.00225322  0.000534366  0.00563565  -0.00266057  -0.000679784 
318 -0.000326068 2.84652e-06 0.025539 0.0411338 0.00193334  0.00148087  -0.00426853  -0.00524042  0.007882  -0.00556075  -0.0196664  -0.00998911  0.00163667  -0.00428377 
320 -0.000479611 -0.798434 0.049909 0.0449234 -0.0180666  0.00235783  0.0106303  -0.00570815  0.0205377  0.0367006  -0.000453936  -0.0104696  -0.00806065  0.00835702 
321 0.000354696 0.994602 0.0264879 0.0499784 0.00352005  -0.0143056  -0.0137897  0.0062715  -0.00708573  0.0117922  0.00786948  -0.000925054  -0.000607644  0.00163201 
323 -3.51472e-05 -8.85093 0.0362553 0.0462948 0.0147206  -0.00171299  -0.0099522  -0.00673354  -0.0210017  0.00238722  -0.00677485  0.0172192  -0.00887639  0.00908128 
324 0.000445435 2.13342 0.0539326 0.0466728 -0.00125719  -0.0086322  0.000400997  0.00482804  0.0333385  -0.0170821  -0.00125833  0.0314549  0.00843522  -0.0185405 
325 -6.53331e-05 -0.406004 0.0153874 0.0416295 -0.00591264  0.00109321  0.00194161  0.00894668  -0.000896621  0.00733021  -0.00241519  0.00304845  -0.00646682  -0.00230686 
326 0.000398854 1.45208 0.0389674 0.042407 0.0177992  0.0168654  -0.00854592  0.00969733  -0.00669748  -0.0200516  0.00635262  -0.00741165  0.0109259  0.00940996 
328 0.000147305 0.78577 0.012976 0.0374109 0.000240078  -0.001145  0.00860361  -0.00181526  0.0010103  0.00140789  -0.0021075  0.00600259  0.00296691  -0.00611653 
331 -2.26301e-05 -1.93151 0.0148357 0.0353876 0.000838531  -0.00628165  -0.00198996  -0.00455973  0.000527797  0.00352225  0.00486324  -0.00305702  -0.00897139  -0.00538677 
332 -3.22466e-05 0.267572 0.00547548 0.0357059 0.00124245  0.00202719  -0.000467741  -0.0019242  -0.00244254  2.09493e-07  0.000732906  0.0023934  3.44262e-05  0.00285896 
333 -0.000124839 -0.407273 0.0212852 0.0361547 0.00784634  0.00328577  0.00555922  -0.000939135  -0.0143562  -6.50698e-05  -0.0019065  -0.00712092  -0.00379653  0.00860534 
336 0.000467376 0.870169 0.0263044 0.0378419 -0.0103833  -0.000942574  -0.005911  -0.0126393  0.00835306  0.0127134  0.0043035  -0.00384717  0.011113  -0.00055069 
338 -4.40679e-05 0.310271 0.00578321 0.0310603 4.77579e-05  -0.0010797  -0.00305845  -0.00146461  -0.000181846  0.00162844  0.00156708  -0.00300837  0.00183962  -0.00178973 
342 -0.00063714 0.288661 0.0232153 0.0317617 -0.00210123  -0.00866131  -0.00685169  -0.00197806  0.000249824  7.42797e-05  0.0142694  -0.000757185  -0.00309262  -0.0139583 
343 5.6914e-05 0.872034 0.00920294 0.0405728 0.00125026  0.000586703  -0.000488115  0.00608914  -0.000428928  0.00279262  -0.000722913  0.00253788  -0.00425808  0.00352041 
344 -0.000275073 0.419624 0.0094067 0.0398653 -0.00146068  -0.00406563  0.00386814  -0.00353558  -0.00297599  0.00107355  0.00209741  0.00450434  -0.00275371  0.000283145 
346 -0.00055439 0.27562 0.0223122 0.0431781 -0.000506246  0.00091258  0.00640594  0.00220837  0.00842935  0.00935817  0.00331122  -0.00290503  0.00402152  0.0160196 
348 0.00042187 0.553425 0.00949858 0.0491822 0.001903  -0.000827109  -0.00161392  0.00352248  -0.00197209  -0.00747945  -0.00180379  -0.000978861  0.00216096  -0.00148055 
