generation s h r distopt trait[0] trait[1] trait[2] trait[3] trait[4] trait[5] trait[6] trait[7] trait[8] trait[9] 
3 -4.59086e-05 0.449967 0.00303135 0.02 -0.000957999  0.00120709  -0.000197224  0.00138128  0.000259271  0.00078012  -0.00157464  -0.000698964  0.000532129  0.000969743 
8 0.00336403 0.680004 0.0492239 0.0709768 -0.00799873  -0.0392261  -0.000864112  -0.0157268  -0.0021007  -0.00448241  -0.00087819  0.0169516  -0.00891169  -0.0134237 
10 0.000334911 0.55964 0.00894084 0.0575991 -0.00065138  -0.0037323  0.000212108  0.00194327  -0.00239513  -0.00619677  0.00350201  -0.000908553  -0.00202213  0.000669139 
13 -7.22342e-05 -0.451502 0.0165809 0.0819383 0.00106917  0.0022143  0.003799  0.00694861  0.00610325  -0.00251501  -0.00105924  -0.0102395  -0.00363119  0.00659054 
18 0.00161425 4.59232 0.162226 0.131325 -0.0518145  -0.106929  0.0374198  -0.0710322  -0.00204636  -0.0174143  -0.0653672  0.0234281  -0.0227497  -0.0103029 
19 0.00200002 1.06332 0.0670937 0.126457 0.0309174  0.0199072  -0.0189859  -0.0102162  0.016069  0.0214824  0.0405426  -0.00554844  -0.00815176  0.0149637 
20 0.00535237 0.656333 0.0578872 0.122866 0.014226  -0.0098545  0.00770668  0.045882  0.00212596  -0.0271527  0.00772741  0.00121641  0.00778258  -0.00483099 
22 0.00215391 2.27861 0.123614 0.111039 -0.00532652  0.000948061  -0.0428154  0.023824  -0.0292825  0.0603964  0.0536147  -0.00332951  0.0680728  0.0287346 
25 0.00524992 0.675256 0.0606852 0.124532 -0.00251546  -0.0289874  -0.0199769  0.021575  0.0190834  -0.0105998  -0.00413636  -0.0383414  -0.00237837  0.00147637 
27 0.00398813 0.647371 0.0485128 0.116959 -0.0203602  -0.0225893  -0.0180647  -0.00864972  0.00679895  0.000233338  -0.023616  0.0135948  0.0114384  -0.0103862 
29 0.00142345 0.568967 0.0198342 0.113239 0.00267427  -0.00862011  0.00437607  -0.0058382  0.00596039  0.00551053  0.00537966  -0.00894035  -0.00877482  0.00263491 
30 0.00326921 1.36281 0.106085 0.114498 -0.0125019  -0.0228371  0.0556103  0.0439886  0.00793978  -0.0154577  -0.0133319  0.0570894  -0.0364638  0.021911 
32 0.00293755 0.662123 0.0436582 0.113369 0.0143614  -0.0194773  -0.0084564  -0.00402831  -0.0114535  -0.00472662  -0.0247141  -0.0171938  -0.0131102  0.00093164 
33 0.00212659 0.614479 0.0312234 0.106868 -0.00850183  -0.0106661  -0.0121989  -0.00596827  0.00202218  0.00200792  0.0168725  -0.0120273  0.00274173  0.0126272 
35 -0.000181717 0.494922 0.00192553 0.111351 0.000562427  0.000607991  -0.000759724  -2.32497e-05  0.000639122  -6.57902e-05  0.00121621  0.000564517  0.000476345  8.01375e-05 
37 0.000671604 0.518814 0.00712391 0.128502 -1.17772e-05  -0.000449856  -4.92389e-05  -0.00261139  -0.00345992  -0.00222393  0.00165837  -0.00227823  0.0041119  -0.00140025 
41 0.00144847 5.75061 0.174027 0.161463 -0.0205551  -0.0992556  -0.0184467  0.0447514  0.0267023  0.0276056  -0.0966369  0.0440126  0.00393241  -0.0700135 
42 0.00313852 1.27129 0.0982897 0.160176 0.00930332  -0.0140918  -0.00500213  -0.0124193  -0.0625837  -0.0644077  0.0168201  0.0171561  -0.0136843  0.0191545 
43 0.00107822 0.593398 0.0200788 0.153402 0.00670465  -0.00285064  -0.00211726  0.00494206  -0.00410546  -4.79167e-05  0.0111386  -0.00290569  0.0111276  0.00692705 
44 -0.00013168 -10.3228 0.0754781 0.153764 -0.00128496  0.00539759  0.0100243  0.0217159  0.0054932  0.0269773  0.0274482  -0.0186651  -0.0562074  0.00866467 
45 0.00182631 1.34103 0.0783282 0.158939 -0.0281848  -0.0101008  -0.0227585  -0.0212325  0.0157017  -0.0184913  -0.0407529  0.0053206  0.042433  0.0138557 
47 0.00196104 3.35503 0.149375 0.162259 -0.0242359  -0.0263929  -0.0467615  -0.0400578  0.062986  0.0688622  0.0839528  -0.00344076  0.0245256  0.0294465 
48 0.00947336 1.00125 0.137494 0.159622 0.0252585  -0.017684  0.0433028  -0.0596687  -0.0514308  -0.0217548  0.0282558  0.0182851  0.0271068  -0.08679 
49 0.00606874 0.582736 0.0449459 0.130956 -0.0211807  -0.0241026  0.00714884  0.0094161  0.00847577  -0.0186045  0.0109516  -0.0130175  0.00446372  0.0111142 
53 0.00347105 0.595997 0.0365557 0.123269 0.00946248  -0.028856  0.00981321  0.0105627  0.00187811  0.0113718  0.00273511  -0.00439903  -0.000925804  -0.00676077 
57 0.00109277 0.878218 0.0406519 0.130356 -0.00561283  -0.0117917  -0.00234888  0.00237673  -0.00695998  0.00494961  -0.022985  0.0132074  0.0160194  0.0209418 
60 0.0047696 1.64731 0.14761 0.145522 0.0197573  -0.0356582  0.0411241  0.0146138  -0.0139487  -0.0905075  -0.00522613  -0.0659101  -0.0591396  0.0443513 
61 0.00435813 0.917877 0.0852741 0.134129 -0.010363  -0.0545698  -0.0120788  0.0421698  -0.0291856  -0.00243136  -0.0110795  0.0154579  0.011162  -0.0303023 
62 0.00109052 0.594804 0.0203443 0.119608 0.000415041  0.00299859  -0.00231441  0.00157056  0.00146463  0.00728356  -0.00483177  -0.0154483  -0.00826793  -0.00336961 
63 0.00124064 2.13703 0.0900633 0.118914 0.0209425  -0.0225889  0.0169891  -0.0675857  -0.0151997  0.040766  -0.00840608  -0.000232393  -0.00120578  -0.0184667 
65 0.00232327 0.533793 0.0177863 0.121216 -0.0104305  -0.00302845  -0.00686972  0.00719609  0.00203831  -0.00403295  -0.000608797  0.000588091  -0.00598465  0.00651593 
67 0.00189578 1.67837 0.0944411 0.121411 -0.0711127  -0.00425401  -0.0241029  0.00326162  0.0145629  -0.0423311  -0.0298755  0.00417849  -0.0179281  0.00412155 
68 -0.000249919 -0.0372967 0.0231773 0.117814 -0.00711893  -0.00564007  -0.000928069  0.00913092  0.0082332  -0.00393832  -0.0115086  0.00369789  0.00376106  -0.0112648 
69 0.00103003 0.573268 0.0173849 0.123361 0.00148455  -0.010538  0.00877933  0.00402976  -0.00527662  0.000139487  0.00212974  0.00522333  -0.00279047  -0.00531034 
70 0.000873276 0.966652 0.0403658 0.123614 -0.00548871  0.0164016  0.00838626  -0.00611891  -0.00233565  0.0139048  0.0134753  0.0137291  0.0190285  -0.0170744 
71 -0.000131204 -2.42836 0.0392003 0.126443 -0.00680684  0.0132506  0.00130889  0.0220407  -0.0116898  0.0159085  0.0126016  0.00880605  0.0109038  0.00907036 
73 0.00602596 1.17144 0.126969 0.142552 0.0178751  -0.0654052  0.00778002  0.0133992  -0.0288461  0.0427056  -0.010703  -0.0395216  0.0411249  0.0725271 
74 0.00737503 0.841909 0.100318 0.124673 -0.0210566  -0.00411494  0.0182134  -0.0101903  0.072304  0.0090789  0.0237244  0.022921  0.0224784  -0.0475816 
75 0.00053321 11.259 0.151248 0.0971441 -0.0663797  -0.097704  -0.00752987  -0.0182485  0.0134699  -0.0126401  0.00473933  -0.0503678  -0.0413167  0.0626588 
78 0.00101541 1.47366 0.0628588 0.0844711 0.0158778  0.0334666  0.0225368  -0.0253659  -0.0210849  0.0130001  -0.010556  0.00576689  0.00787755  -0.0246467 
79 0.00235249 1.39951 0.0919144 0.0816067 0.0552396  -0.0170778  -0.0426412  0.0253918  -0.00721626  0.0172247  0.00381085  -0.0156588  -0.0340794  -0.0295347 
81 0.000421423 5.7218 0.0937599 0.0768139 -0.0469323  -0.00484237  -0.024612  0.0333216  0.0305999  -0.00903444  0.0408224  0.0361415  0.0278636  0.00903956 
82 0.00265986 1.03193 0.0751762 0.0789796 -0.00152935  -0.050975  0.00592966  -0.0171091  -0.013747  -0.00240223  -0.0302324  0.0398993  0.00327862  -0.00336612 
88 0.000600597 0.580986 0.0139527 0.0798611 0.00305647  -0.00223763  -0.00141678  -8.61489e-05  -0.00588252  -0.00553047  0.000266247  -0.00168821  -0.0101551  0.00266016 
91 0.000676612 1.64207 0.0555781 0.0989612 0.00909086  -0.00785601  0.0342933  -0.0358643  0.00127751  -0.00617754  0.00484417  0.0125479  -0.0149382  -0.0061993 
93 0.0024576 0.615316 0.0336907 0.112182 -0.0108878  -0.0146706  0.00462204  -0.000831991  0.0117248  -0.0055814  -0.00100862  -0.00184821  0.0244814  -0.00261491 
96 0.00898975 0.7413 0.0931064 0.125749 -0.04789  -0.0539193  -0.0334523  0.00601818  0.00283755  0.0100541  -0.0409795  -0.0224678  -0.00216194  -0.00385518 
97 0.00348412 1.12056 0.0928986 0.0887005 0.0112258  -0.0448544  0.015603  0.0243444  0.00307101  -0.0411941  0.0110295  -0.0507448  -0.0335974  0.0111466 
98 -0.000294895 0.465273 0.00640412 0.0691805 -0.0010743  0.000791511  -0.00044469  0.00496756  -0.00168812  -0.000892046  -0.00280385  0.000546998  0.00138221  0.00080058 
102 0.0013724 1.56862 0.0765436 0.0932988 0.00498486  -0.0243201  -0.0233286  -0.038187  -0.00982841  0.0167732  -0.0157248  0.042643  0.0241104  -0.0146693 
104 0.00205884 0.568939 0.0238586 0.0972473 -0.0130354  -0.00755923  0.00615439  -0.0109662  0.00421149  0.00742624  0.00665555  -0.00579564  -0.00542171  -0.00196656 
105 0.00441225 0.99422 0.0932927 0.0924593 -0.0285752  -0.0591884  -0.0119884  0.0465039  -0.0200167  -0.00176325  0.0178757  -0.0222368  0.00420451  0.0290155 
106 0.0006168 2.22617 0.0652336 0.0648325 0.0242751  -0.0101743  0.0503827  0.00306035  -0.00175812  -0.00643729  0.00262899  0.0239524  -0.014157  0.0137575 
107 0.000890741 0.969372 0.0408859 0.0614232 -0.00747317  -0.0214886  0.00726393  -0.00450142  -0.00844816  -0.00326538  0.000635808  -0.0159967  -0.0168855  -0.0213909 
108 0.00124556 0.9322 0.0463915 0.0530549 -0.0230326  -0.00734322  -0.0164635  0.0104463  -0.00414454  0.023098  0.0225846  0.000327795  0.0109431  -0.00263779 
112 9.39094e-05 0.518788 0.00265738 0.0474882 -9.71475e-06  -0.00117994  -0.00117121  0.000556661  0.000663916  -0.00141375  -0.000130561  -0.000161641  -0.000613964  -0.00106212 
118 0.000732921 2.06522 0.0677105 0.0951408 0.00340293  -0.0365638  0.00882757  -6.43406e-05  -0.0199365  -0.0295675  -0.00491283  0.0244527  0.0328186  0.0136914 
119 0.00116595 0.608849 0.0225389 0.0973592 -0.0123535  -0.000491968  0.0108411  -0.00556829  0.00867621  0.00317713  -0.00674003  -0.00405082  0.0051764  -0.00571087 
122 0.00436192 0.958348 0.0893377 0.113014 -0.0276022  -0.0476925  0.0215204  0.0133245  0.0325507  0.00603766  -0.00345478  -0.0370299  -0.0333305  0.0267214 
123 0.00303208 0.648972 0.0425232 0.0961343 0.00213041  -0.01544  0.0125265  -0.0125672  0.00578439  -0.00126525  -0.00127858  0.00710155  0.0141203  -0.0310473 
126 0.000758501 1.44352 0.0534866 0.0949662 0.0129984  -0.0213839  0.00264167  -0.00239135  0.00509991  0.0287309  0.0228227  -0.0142464  -0.00730623  0.0243555 
127 0.00372051 1.51153 0.122493 0.0961732 -0.0355861  -0.080017  -0.0451111  -0.00542981  0.0346622  0.00727717  0.0365031  0.0316021  0.000670353  -0.0410472 
133 0.000116454 0.5061 0.00168756 0.0727268 -0.000587781  -0.000782127  -0.00050759  -0.000562139  -0.000526927  -0.0001394  -5.00066e-05  0.000339582  -0.000146064  -0.000938498 
135 0.00268446 0.761201 0.0529489 0.0815737 0.0189701  -0.0399388  -0.00316041  0.0161948  -0.000712146  0.0119333  -0.0190651  0.00376512  0.00292419  -0.00687264 
136 0.00107502 0.574586 0.0179197 0.0658848 -0.000453073  -0.0032206  -0.00473091  -0.0032628  -0.00451163  -0.00304445  -0.00793639  -0.0117538  0.00675493  0.0010585 
138 3.25992e-05 0.588953 0.0034058 0.0668734 -0.00253822  0.00131384  0.000475514  -0.00025409  -0.000308914  0.0015065  -0.00074049  0.000145268  -0.000447967  7.07362e-05 
139 -0.000241252 -0.0890975 0.0238441 0.0731747 -0.00534036  0.00466188  -0.00444342  0.015283  -0.00555739  -0.00576202  -0.00794139  -0.00446143  -0.00481519  0.00973305 
140 0.00275105 0.951533 0.070446 0.0823001 -0.00288422  -0.030612  -0.0206018  -0.0321874  -0.016149  -0.0401555  -0.00404388  0.000383541  0.025793  -0.00131011 
141 0.000796441 1.68314 0.0613697 0.069262 -0.0282832  0.000414121  0.0222594  -0.0215618  -0.0399414  0.0155979  -0.00662961  -0.00518656  -0.0002258  -0.00980902 
146 0.00256176 1.40052 0.0959612 0.100822 0.0284094  -0.041336  -0.0329189  -0.0117993  0.0591027  -0.00689375  -0.0156082  0.00247397  -0.0404937  0.00630692 
147 0.00210575 0.725132 0.0435438 0.0937435 -0.021611  -0.0176229  0.011547  -0.017339  -0.00743376  0.000887878  0.017365  -0.0153144  -0.00569658  0.00774036 
149 0.000165721 0.663175 0.0104005 0.0935001 0.00413173  -0.000259616  0.000498126  0.00078818  0.00260509  0.00581238  0.00160789  0.00101089  0.00236419  -0.00635569 
150 0.00603447 0.881134 0.0958107 0.0996088 -0.0437618  -0.0543976  0.0323352  0.0139939  -0.0039356  0.0261914  0.0187292  0.0389843  0.0144813  0.016803 
151 0.000480084 0.649957 0.0169707 0.0646028 0.000379756  -0.00384906  -0.00128278  0.0026292  0.00118259  0.000763248  0.000648354  -0.0146451  -0.00686067  0.000732296 
154 0.0016531 0.610594 0.0270552 0.0740284 -0.00547214  -0.00937829  -0.00364263  0.0185275  -0.00417545  0.00820864  -0.000703272  -0.00832207  -0.00775143  -0.00654994 
156 0.000717603 0.995706 0.0377144 0.0748369 0.0134125  -0.0180736  -0.00273185  0.019758  -0.00575877  0.0112336  0.000143912  -0.000588243  0.00500336  0.0182544 
158 0.00242729 0.737238 0.0479882 0.0830414 -0.0109132  -0.0241801  -0.0223147  -0.00171177  -0.0185512  0.00405422  -0.0132252  0.0204467  0.0120267  0.0001263 
160 0.00027102 0.657177 0.0130538 0.0789743 0.000619303  -0.000914546  0.00496649  -0.00681833  0.00392862  0.0025742  0.000955373  0.00170881  -0.00759401  -0.0038032 
163 0.000936246 1.13799 0.048866 0.100353 -0.0137935  -0.0258837  0.023414  0.0021676  0.0159575  0.0198348  -0.00578081  0.00994008  0.0139355  0.000514742 
167 0.00205897 0.854087 0.0539841 0.122972 -0.0276888  0.00124436  -0.0226631  0.0117464  -0.0260829  -0.0254802  -0.00389484  -0.00682597  0.0100306  0.0015899 
168 0.00240752 2.3994 0.135021 0.122241 -0.00581594  -0.0730625  -0.0366418  0.038347  -0.019896  -0.0915245  -0.00652505  0.00722293  0.0171566  -0.0297315 
169 0.00546423 0.592015 0.0449447 0.114779 0.0117161  -0.0153702  0.00189234  -0.0136102  -0.00891061  0.0298478  0.00679548  -0.00696311  -0.0113911  0.0162169 
170 0.0025215 1.29726 0.0895886 0.0912385 0.00747424  -0.0362868  -0.00814088  -0.0159257  0.0438124  -0.0104123  -0.00708926  -0.0372171  -0.0463852  -0.0268087 
171 0.00252032 1.05867 0.0749951 0.0770941 -0.00199046  -0.0183753  0.0376419  -0.00433103  -0.0217286  0.0140356  0.043087  0.00933204  0.00633023  0.0345571 
173 0.000986691 0.665888 0.0255896 0.0597537 -0.00509303  -0.00264292  -0.000598616  0.00935324  -0.00430452  0.0159638  -0.00471642  0.000248777  0.00181662  -0.0153325 
177 0.0020846 0.67634 0.0383505 0.0704479 -0.0167627  -0.0146809  -0.0109729  -0.0106571  0.0216194  -0.00441053  -0.0147217  0.00114646  0.00396076  0.00443663 
179 0.000370693 0.51388 0.00454372 0.0672979 0.0011013  -0.0033589  0.000147037  -0.000617938  -0.000894175  0.000817273  0.0018008  -0.000287516  -0.000105044  -0.00171545 
181 0.00183003 0.609339 0.028306 0.0805515 -0.00184033  -0.0114584  0.0123105  0.00904719  0.00719371  0.00605555  -0.00813067  0.0116258  -0.010831  -0.00511396 
182 0.00132947 1.55811 0.0749674 0.0767749 -0.0500566  -0.0199212  0.0246245  -0.01025  -0.0165326  0.0120455  -0.0106903  -0.00905739  0.0206827  -0.0310427 
183 0.00142046 1.53068 0.0764769 0.0731849 0.0353764  -0.0176383  0.0120687  -0.0355899  0.0204227  0.016249  -0.00488077  0.0223715  -0.0220847  0.0343609 
184 0.00272624 0.689241 0.0454315 0.0690593 0.00483712  -0.0195718  -0.0162572  0.0168226  0.00303491  -0.0189496  0.0137704  -0.0116672  -0.00880056  -0.0184059 
186 0.00105483 0.696922 0.0288255 0.060048 0.0035078  -0.0129601  0.0164751  0.00495407  -0.0178089  -0.00541083  -0.00136563  0.00191855  0.00152445  -0.000603288 
188 -0.000303919 0.486909 0.0039953 0.0666796 0.00210496  0.000889767  -5.81755e-05  8.43297e-05  -0.00139495  0.0010221  -0.000463881  -0.000548001  -0.00198493  -0.001812 
190 0.00111594 1.371 0.0623257 0.0866082 0.0105288  -0.0192643  -0.0218394  -0.0227552  -0.0124682  -0.01588  -0.0287139  0.0126424  0.0318266  0.00169814 
191 0.000562623 1.71531 0.0522829 0.0879967 0.0148379  -0.0368997  0.00973195  0.0188535  -0.00048463  -0.0139051  -0.0100994  0.0106199  0.00956551  0.0142028 
195 0.000400114 0.556918 0.00954755 0.109854 -0.00171226  6.78304e-05  -0.00362225  0.00670672  0.000975428  0.00128186  0.00217417  -0.000925828  0.00460931  0.000833022 
196 0.00191777 0.545815 0.0187865 0.115681 -0.012833  -0.00401613  0.00545197  -0.00104069  0.00230059  -0.00523893  0.00653033  0.00404278  0.00204494  -0.00673787 
197 0.00821362 0.924022 0.117828 0.115049 -0.0140158  -0.073589  -0.0215958  0.0210805  -0.0121559  0.0422403  0.0341022  -0.0629006  0.00310205  0.017317 
200 0.00336733 0.699509 0.051841 0.0841671 -0.0197017  -0.0051667  -0.0122845  -0.0023103  0.00894326  4.67298e-05  -0.0109226  0.0330918  -0.00351492  -0.028455 
202 -0.000487976 0.236761 0.0226722 0.0677983 -0.00904241  -0.00773326  -0.00754595  0.0100124  -0.00589395  0.00140521  0.00535587  -0.00184851  0.0101512  0.0065885 
203 0.000833163 0.978221 0.0399138 0.0713071 -0.0113396  -0.00369282  0.0133423  0.0155045  0.0115532  0.000585163  0.00722391  0.0121937  -0.0227447  -0.0134337 
204 -0.000156088 -0.0092512 0.0178319 0.0652065 0.0092257  -0.00207361  -0.00314202  -0.00507612  -0.00135994  0.00419519  -0.00292629  -0.010057  0.00612081  -0.00512884 
208 -0.000244378 -0.0374422 0.0229219 0.0663926 0.00340299  -0.000691407  0.00422367  -0.00328746  -0.0122963  -0.000994175  0.00703824  0.00955468  0.00761418  0.0115637 
211 0.00186462 0.821938 0.0489892 0.0682084 -0.034805  -0.0104358  0.00867575  -0.00688219  0.0203818  -0.0214432  0.00819403  0.00249605  0.00241559  0.00160703 
212 0.000470166 0.563001 0.0108887 0.0528158 0.00298772  0.00215786  -0.000523568  -0.000780858  -0.00330584  0.00269759  -0.00522376  -0.0040522  -0.00162454  0.00628843 
214 0.000104329 0.560677 0.00503246 0.0481607 -0.0024121  -0.00131669  -0.000108317  0.000673309  -0.000969214  0.00149155  -0.00273564  -0.00246612  -3.29636e-05  0.000760273 
216 0.000589771 0.5502 0.0108886 0.0470652 0.0023339  -0.00705845  0.00629001  -0.00156586  0.00018248  -0.000183855  -0.000200801  -0.000491379  -0.00424907  -0.00169527 
217 0.000168414 0.67781 0.0109446 0.0403179 -0.000650513  -0.0016249  0.00708938  -0.00137815  0.000920528  0.00116281  -0.00521265  0.000412265  -0.000462658  -0.0058998 
221 0.000785164 0.771603 0.0292044 0.0381724 0.00270631  -0.00588771  -0.00243173  -0.00886915  0.0156726  0.00843112  -0.00659997  -0.00372942  -0.00970355  0.016062 
223 -2.48637e-05 0.476084 0.00154238 0.0259283 -0.00028135  -0.000423344  -0.000580305  0.000782923  -0.000651486  4.84474e-05  -4.31679e-05  0.000655938  -0.000157134  0.000535947 
225 -3.33914e-05 0.475402 0.00181275 0.0264034 -0.00045686  0.000599188  0.000519731  0.000209019  -6.76635e-05  0.000945871  -0.00104381  0.000470385  0.000383753  -0.000217218 
228 -0.000146781 -0.276222 0.0213485 0.0270284 0.00270254  -0.00178356  -0.00432199  -0.0133811  0.00815063  -0.00665662  -0.00241616  0.00463366  0.0103551  -0.00150279 
229 -0.000291565 0.429873 0.00904654 0.0296197 0.00391656  0.00489906  -0.0013533  0.00251966  0.00485373  -0.000520905  0.00310845  -0.000673618  0.00056189  -0.00023959 
231 -6.61668e-05 0.473052 0.00267108 0.0341897 0.000793145  3.56748e-05  -0.00172162  -0.000645171  0.000413165  -4.70435e-05  -0.00141153  5.09726e-05  0.00091769  0.000337643 
232 -0.000470918 0.300425 0.0193937 0.035144 0.00813311  0.000225476  -0.000201521  -0.0128908  -0.00284311  0.00292642  0.000593165  0.0045066  0.00504165  0.00899877 
233 0.000803548 0.716758 0.0263948 0.0413053 -0.00484765  -0.00402538  0.00963648  0.00446743  0.00395222  -0.00552555  -0.00730156  -0.0138969  -0.0147079  -0.00593712 
244 -0.000302341 0.112467 0.0216508 0.0300484 0.000917901  -0.00374224  0.0123993  0.00503186  -0.00110939  0.00878331  0.00787658  -0.00744943  0.0041925  -0.0078331 
245 -5.32257e-05 0.389535 0.00484977 0.0347173 -0.000943726  -0.00129098  -0.00162101  0.00293814  0.00120019  0.00236983  0.000858534  0.0013575  -0.000153679  -0.000206394 
246 -0.000368887 0.177757 0.0218085 0.0354756 -0.00818657  -0.00298364  -7.91839e-05  -0.00705827  0.00466245  0.0125959  -0.00512099  0.008086  -0.00870792  -0.00142648 
249 0.000183782 1.15119 0.0218781 0.040342 0.012747  -0.00487376  0.00123193  -0.000317853  -0.00445965  -0.00651354  0.0122449  -0.00160487  -0.00580592  -0.00650042 
251 2.87472e-06 0.501773 0.000142818 0.0379962 9.87801e-06  0.000101529  -7.89495e-05  2.61637e-05  2.52673e-05  3.08978e-05  -1.96688e-05  -1.37638e-05  -9.81421e-06  2.84223e-05 
