generation s h r distopt trait[0] trait[1] trait[2] trait[3] trait[4] trait[5] trait[6] trait[7] trait[8] trait[9] 
2 -0.000176183 0.362177 0.00985651 0.02 0.00298745  0.000901567  -0.00255752  0.00410103  0.00594571  -0.00139035  0.00187826  0.00221893  0.00169885  -0.00392831 
5 0.00297424 1.02264 0.078792 0.082543 -0.017371  -0.0526784  0.0172253  -0.0144163  -0.0234427  -0.0121804  0.038152  0.0185658  0.00382  -0.010681 
8 0.00268744 0.725318 0.0492111 0.103164 0.000540192  -0.0209299  0.0197335  0.0127625  0.00986707  0.0312445  -0.0059063  -0.0122655  0.011756  0.00582955 
10 0.00274458 0.825289 0.0597361 0.122316 0.00813309  -0.0180587  -0.0187388  -0.0228447  -0.0107872  -0.0165203  -0.0396665  0.0140012  0.0103641  -0.00607857 
11 0.00362896 0.872158 0.073453 0.12798 -0.021526  -0.0374731  -0.00961865  -0.0378412  -0.0163622  -0.0182767  -0.0275786  -0.0159814  -0.0133686  -0.0143807 
13 0.00223749 0.537717 0.0184301 0.141578 -0.00856165  -0.00588178  -0.0109605  0.00353671  0.00072754  -0.00647088  -0.00429237  0.001739  0.00129108  0.00579784 
15 0.00759588 0.804235 0.0960562 0.166134 0.000973801  -0.0661992  0.0283813  0.0099417  0.0136521  0.0205806  0.0065932  0.0163086  0.0224653  -0.0501509 
16 0.00965989 0.723671 0.0929408 0.15394 -0.00780262  -0.0211397  -0.00318787  0.0212275  0.0177208  0.0354456  -0.0181969  -0.0366027  -0.00413344  0.0664159 
17 0.000602249 7.20541 0.126949 0.132844 -0.0514741  -0.0448045  0.00702492  -0.0174258  0.000286302  -0.0738391  -0.0110819  0.0495497  0.0174451  -0.0526451 
18 0.00239612 1.98588 0.119172 0.137714 -0.00819358  -0.0296646  0.0265127  -0.0480172  0.046073  0.0241074  0.0318121  -0.0353281  -0.01256  0.0715858 
19 0.00268641 0.653105 0.0405742 0.134424 -0.00611439  -0.022829  -0.0104532  -0.000522173  -0.0168097  0.0013006  0.0193102  -0.0026957  0.0173688  0.00347786 
21 0.00867752 0.933239 0.122402 0.137509 -0.0473156  -0.0982284  -0.022635  0.0428714  0.0155094  0.010568  -0.00996743  -0.0123658  -0.000953094  -0.0117854 
31 0.00462115 0.753489 0.0684306 0.179815 -0.00387419  -0.0439328  0.0198248  -0.0307943  0.00383012  0.0268221  0.00786845  0.00122758  0.00107672  -0.024447 
34 0.00707706 0.543668 0.035447 0.211882 -0.00857681  -0.0243691  0.0177278  0.00885784  0.00279252  -0.0028783  -0.00307091  0.00501956  0.00709049  0.00976481 
35 0.00618321 0.540902 0.0320526 0.21008 -0.00598359  -0.0098831  -0.00688175  0.0109503  0.000900116  -0.000263385  0.000217282  -0.0191372  -0.0126498  -0.0141225 
36 0.00644731 0.757568 0.0814635 0.211198 -0.0339715  -0.0103072  -0.00150294  -0.0224046  -0.0249379  -0.032341  -0.0221401  0.0518374  -0.000148758  0.00515987 
37 0.0236059 0.735744 0.149037 0.211452 -0.0344075  -0.0969526  -0.00433404  0.0435998  0.0478547  0.0282599  -0.0402285  -0.0214204  -0.0354968  0.0572951 
41 0.0126752 0.681017 0.0958585 0.197682 -0.0192139  -0.041617  -0.0138369  -0.0281407  -0.0606555  0.0473507  0.0083496  -0.00702634  -0.00699175  0.00390057 
44 0.00090545 1.04167 0.0442816 0.206543 -0.00399589  0.00290747  0.018444  0.0186228  -0.0264719  -0.00909343  -0.00331753  0.0131445  -0.0163069  -0.00403727 
46 0.011131 0.61183 0.0707797 0.237975 0.00628338  -0.0430387  -0.00832437  -0.00839209  -0.0194602  0.0181609  0.0336932  -0.0173533  0.00197215  0.0288005 
48 0.0109986 0.633861 0.0768924 0.246275 0.00837974  -0.0471723  0.0126637  0.0216152  0.0277083  -0.00457284  -0.0182314  -0.0155252  -0.0400959  0.00443388 
50 0.0223668 0.753381 0.150335 0.254502 -0.0180673  -0.0746252  -0.0440372  -0.0287896  0.00532083  -0.0600139  0.0236425  0.0542375  -0.0738289  -0.0368212 
56 0.0107057 0.523495 0.0325165 0.298029 -0.00329391  -0.0178088  -0.00563745  0.00777935  -0.0055133  0.0046143  -0.0114604  0.0116741  0.0116024  -0.0135311 
58 0.0199439 0.564239 0.0725664 0.313919 -0.0239884  -0.0335722  0.00294457  0.000735058  -0.0317049  -0.0127192  0.0407932  -0.0132257  -0.00940311  0.0214414 
64 0.00625878 0.505047 0.0120594 0.386613 -0.00344902  -0.00678425  0.000844344  0.00603893  -0.0012275  0.00301978  -9.79549e-05  -0.00385695  -0.00102904  -0.00487387 
65 0.00893626 0.629391 0.068128 0.396869 -0.000293766  -0.0177498  -0.0384052  0.00753469  0.0244994  0.0257972  -0.0185273  -0.0308708  -0.0134087  -0.00726438 
66 0.0332978 0.890296 0.226594 0.403761 -0.0367423  -0.0814612  0.151412  0.0100952  0.0182705  0.0347864  0.00047044  0.0368033  0.0591633  0.118037 
69 0.0164218 0.564491 0.0658194 0.409381 -0.0291454  0.0149049  -0.0451158  -0.00868353  -0.0172549  0.00173412  -0.00591286  0.00497496  0.019147  -0.0205593 
70 0.00701188 1.31125 0.150447 0.406757 -0.0585222  -0.00992295  -0.0682153  -0.0442852  -0.0551469  0.0266181  -0.000462503  0.0418778  -0.0675902  -0.0492393 
71 0.0135373 2.73987 0.34465 0.414907 -0.0486094  -0.156173  0.185271  -0.0286313  -0.162878  0.0114423  0.086246  -0.00569761  0.121191  -0.0898177 
73 0.0134196 0.528605 0.0401721 0.418853 0.0122882  0.00558978  -0.015753  0.0125067  0.0171152  -0.00363966  -0.00421897  -0.00395483  0.00368447  0.0259574 
74 0.0247315 0.552685 0.0737793 0.414814 -0.0250903  -0.0280959  0.0233399  0.036622  0.0203374  -0.032453  0.00976643  0.01259  -0.0187718  -0.00809229 
77 0.0354403 0.568522 0.100696 0.421975 -0.0448887  -0.0152804  -0.0450263  0.00609105  0.0383055  0.0253837  -0.0238458  0.0218403  -0.0501383  0.0124736 
79 0.0828406 0.874423 0.34722 0.406219 0.0196745  -0.0843842  -0.0944699  0.13962  0.255795  -0.0109347  0.0312981  -0.0756973  0.110166  0.0154501 
84 0.01655 0.780102 0.135953 0.373878 0.0103354  -0.0525054  0.0307774  -0.0126028  -0.0213687  0.0521891  -0.0806323  0.0283596  0.0218246  -0.05959 
85 0.0322614 0.910418 0.228668 0.367232 -0.0688001  -0.0401169  -0.102562  0.00295175  -0.0115713  -0.0774973  -0.161102  0.0199617  -0.0496915  0.0213844 
88 0.0160956 0.65752 0.100873 0.367109 -0.0368394  -0.0338687  -0.0394777  0.0104271  0.042468  -0.0490393  0.0141317  0.00377425  0.0397571  0.000984902 
90 0.0132022 0.543969 0.0489087 0.374537 -0.00982344  -0.00852075  0.012116  0.00891744  -0.00883864  0.000875174  -0.00147119  -0.0421678  -0.0115386  -0.00207944 
92 0.0224672 0.631141 0.109016 0.38847 -0.0276162  -0.0487971  0.00538259  -0.0100905  0.0260664  -0.0698762  0.00496199  -0.0173227  0.0214983  0.0475479 
93 0.0374656 0.559728 0.0972272 0.373547 -0.0603826  -0.0465066  -0.0067439  -0.0224162  0.0092465  0.0201904  0.0136751  0.0232656  -0.0250274  -0.035333 
94 0.0197402 0.545382 0.0611378 0.334306 0.0188025  -0.0275  -0.001306  -0.011556  -0.0121624  0.00265874  0.00435564  -0.0121176  -0.0256911  -0.038884 
96 0.00713848 0.528924 0.0291232 0.333412 -0.0183712  -0.00208765  0.00507528  0.00660083  -0.00766489  -0.00127106  0.0130893  -0.00694985  0.0120962  0.0032642 
97 0.0256392 0.654395 0.12619 0.338183 0.0587657  -0.0586279  -0.0235354  -0.0185514  0.031218  -0.00364359  0.0593056  -0.0291615  -0.01093  0.0515775 
98 0.0194073 0.543849 0.0596201 0.314487 -0.0208321  -0.024866  -0.0115587  -0.0202336  -0.0220427  -0.0229188  0.0255146  0.00641182  0.0136174  0.00840084 
101 0.0317375 0.614712 0.121645 0.332142 -0.00786225  -0.0499671  0.0329703  0.000658594  -0.020832  0.0414316  0.0408606  -0.0564504  -0.0363878  0.0531108 
102 0.011954 0.60402 0.0707941 0.281201 -0.00657561  -0.0314153  -0.00203039  -0.00967503  -0.00320688  -0.0144652  0.0319167  0.0396307  0.0295132  0.0142862 
104 0.00664444 0.538634 0.0323294 0.259212 0.0111055  -0.0160232  -0.0049686  -0.0188794  -0.0055299  0.00260773  -0.00306131  -0.00363903  0.00740145  -0.0130085 
107 0.0191731 0.551865 0.0641739 0.246106 -0.0287689  -0.0179301  0.00490341  0.0301679  -0.0277355  0.000370999  0.0113953  0.00426566  -0.0214456  -0.0256446 
109 0.0133309 0.815024 0.129383 0.203903 0.00240394  -0.0266237  -0.0318954  -0.00595731  -0.0508361  0.0249426  -0.0812782  0.0336314  0.00446815  -0.063316 
112 0.00234006 4.80916 0.200222 0.168326 -0.102419  -0.0633998  0.0568161  -0.0899347  -0.0850558  0.0041974  -0.0200563  0.045701  -0.0643646  0.0194291 
113 0.000456358 0.515964 0.00540721 0.161234 0.00159444  -0.00121665  -0.000732264  -0.00193882  -0.00128655  -0.000292611  0.00220613  -0.00135617  0.00332672  0.00118578 
114 0.013266 0.603023 0.074256 0.159813 -0.00399125  -0.0267367  0.0194139  0.0406252  0.0129686  -0.0303312  0.0285357  -0.0207137  0.0202011  0.00403357 
116 0.00217624 0.530986 0.0164861 0.111182 0.00609577  -0.000421661  -0.00549091  -0.00113357  0.00358004  0.00741039  0.00711848  -0.00684543  -0.002985  -0.00537088 
117 0.000526352 3.96124 0.0853166 0.100933 0.0176568  -0.0300108  0.043803  0.0126766  0.0348258  0.0117833  -0.0127022  -0.00235447  0.0159932  0.0470399 
122 0.00440178 1.10162 0.102787 0.0982917 -0.0172965  0.000366573  -0.0431331  0.0269368  0.0502897  0.0549272  0.00517816  -0.0323844  -0.00969828  -0.0310504 
123 0.000487513 0.535165 0.00828703 0.0725889 0.00239075  -0.00021088  0.00223399  -0.00293625  -0.00152337  -0.00456609  0.00194469  0.000562667  -0.00436486  -0.0017269 
127 0.000286117 0.577407 0.00941369 0.0691502 0.00203513  0.00428936  -0.00152902  0.000641321  -0.00446973  0.00142491  0.0036204  -0.00110024  0.003043  0.00421206 
129 0.000423354 1.98397 0.0501174 0.0670498 0.0124764  -0.0110957  0.0168811  -0.00716351  -0.0375413  0.0111878  0.0127408  0.0045837  0.0127627  0.0039937 
133 0.000955458 0.545 0.0131282 0.0638154 0.00458596  -0.00349891  -0.00148798  0.00528511  0.00101961  -0.000497212  0.00356048  -0.000371899  0.003507  -0.00908459 
135 0.000216586 4.05157 0.0554562 0.0558337 0.00349709  0.00471958  -0.033635  -0.0101208  -0.0208547  -0.0218892  -0.00123157  -0.00387921  0.0292422  -0.00462769 
140 0.000824513 0.675409 0.0240534 0.0538595 0.00363265  0.00699515  -0.00367857  0.00291395  0.0133928  -0.000253385  0.0158149  -0.00113523  -0.00784992  -0.001401 
143 0.00070604 0.611825 0.0177746 0.0455705 -0.00273963  -0.00964576  0.00322953  0.0046126  0.00455162  -0.0113801  0.00227158  0.00306328  0.00184941  -0.0039364 
144 1.8288e-05 0.504256 0.000558091 0.0370254 -2.4003e-05  6.75779e-05  0.000432896  5.78925e-05  0.000178562  -8.68815e-05  2.29759e-05  0.000196358  0.000178289  -7.25817e-05 
146 7.53177e-05 0.649834 0.00671874 0.0367776 0.00214742  0.00222736  -0.000512558  0.000452411  0.00462682  -0.00150372  0.000691073  0.000893266  -0.0023022  0.00220393 
148 -9.69061e-05 0.458134 0.00402912 0.035739 0.00125935  0.000782755  0.000476403  0.000115079  -0.00184943  -0.00215182  0.000970473  0.000435938  -0.000607133  0.00206004 
154 0.000564861 0.833429 0.0274452 0.03707 0.00491413  -0.00093945  -2.36192e-06  0.0153636  0.00269177  -0.00759309  -0.0129505  -0.000145498  -0.0143221  -0.00737609 
158 -0.000207419 0.265892 0.0139381 0.0284515 -0.00119115  -0.00205156  -0.00742184  -0.00919051  0.00221399  0.00568156  0.000665604  0.00284677  0.00176194  -0.000510413 
161 6.39968e-05 4.84994 0.0333667 0.0318893 -0.019454  0.00694816  0.0133035  -0.00811916  0.0141581  -0.0129128  0.00211879  0.00435586  -0.00561805  -0.00463484 
162 -0.000372684 0.422617 0.0107446 0.0308696 -0.00103014  -0.00432005  -0.00576066  -0.00346697  -0.00109781  -0.00517135  -0.00312554  -0.00185  -0.00306015  0.000117429 
163 0.000113963 0.995881 0.0150345 0.03641 0.00465119  0.00719199  -0.00155202  -0.00615688  0.000904951  0.0089778  0.000789109  0.000129624  -0.0012309  -0.0053653 
164 -4.2557e-06 0.48992 0.000414247 0.0348099 -0.000147997  1.57932e-05  -0.000194435  -5.93975e-05  2.55751e-05  0.000163005  -0.000168782  -0.000139311  0.000103153  -0.000149517 
165 -0.000147297 -0.481599 0.0240491 0.034871 -0.00500543  -0.00781429  0.00222645  0.00203685  0.0139709  0.00247845  -0.00287131  -0.0135367  0.00912873  -0.00264288 
166 -2.04692e-06 0.499298 7.583e-05 0.0369228 -2.38398e-05  2.86077e-05  -3.58195e-05  -9.61121e-07  3.94339e-06  -4.54776e-07  9.18474e-06  3.47453e-05  1.87322e-05  3.76994e-05 
167 -4.37007e-05 0.459052 0.00267562 0.0369505 0.000751656  -4.06832e-05  -0.000827001  -9.95235e-05  0.000794798  -7.65411e-05  0.000238528  -0.000797845  0.00157988  -0.00143925 
168 -0.000250063 0.423858 0.00872934 0.0375372 -0.000701784  -0.00161878  -0.00169349  -0.000670304  0.000601845  -0.00555417  -0.002566  0.00338183  -0.00261431  0.00370195 
170 -0.000321109 -0.0745448 0.0271674 0.0407325 -0.0112601  0.00982958  0.00442782  0.00501857  -0.00224663  0.0057651  0.0100217  0.00793998  -0.00898135  -0.0136909 
171 0.000657228 1.49845 0.0512185 0.0445005 0.0114184  -0.0017074  0.0108078  0.0208543  -0.028137  0.0227149  0.000267753  -0.0249473  -0.000171404  0.00286353 
172 -0.000282885 0.380655 0.0116233 0.036377 0.00122913  -0.00319763  -0.00715645  0.000659847  -0.0017936  0.00343468  0.0062657  0.00361393  1.34529e-05  -0.00209319 
173 -6.68813e-05 -0.034751 0.0119609 0.0400775 0.00201128  -0.00419624  -0.000746737  0.00238805  -0.00092386  -0.00454443  -0.00258082  0.000301344  -0.00150938  -0.00919862 
176 0.000265976 0.722179 0.0153745 0.0409034 0.00442974  0.000742354  0.00444243  -0.00255009  -0.00793679  -0.00209363  -0.00635943  0.00875229  -0.000873175  -0.00218612 
181 -6.27871e-06 -35.8851 0.0302275 0.037512 -0.0166188  0.000670071  0.00456038  -0.00495608  0.0109992  -0.00348408  -0.0118359  0.0132331  0.011968  -0.000389586 
182 1.46074e-07 136.514 0.0089147 0.0375956 0.0017026  0.00154361  -0.00412478  -0.00252298  -0.00223181  -0.000100162  0.0058309  0.00135653  0.00269892  -0.00164205 
183 -0.000117937 0.0355884 0.014802 0.0375937 -0.000517815  -0.000439841  0.00737457  -0.00995963  -0.00179492  -0.00514632  0.000357484  -0.00277734  0.0023903  -0.00466888 
188 0.000184031 1.41302 0.0259228 0.0391309 0.0143714  -0.00671763  -0.00525986  -0.00425586  0.0102796  0.00488535  0.00142529  -0.00610299  -0.0142392  -0.00172572 
194 -2.02866e-05 0.4926 0.000775039 0.0367044 -0.000529209  -6.61086e-05  0.000266811  0.000102174  0.000247887  -0.000124471  -0.000251815  -8.67358e-05  8.07098e-06  -0.000294423 
195 4.87421e-05 0.518243 0.00188624 0.0369797 -0.000391916  -0.000136412  9.63688e-05  0.0010765  -0.000574563  0.000497151  -0.00038878  0.000889056  0.000339492  0.000763837 
196 0.000113794 1.15161 0.0172214 0.0363147 -0.00431779  -0.000362229  0.0105838  0.00881595  0.00458436  -0.00660318  0.00274666  -0.00362294  0.00165143  0.000220624 
198 -0.000558405 0.363928 0.0174403 0.0347127 -0.00530858  0.00328897  0.00597961  -0.00168153  -0.00265693  -0.0101314  0.00272306  -0.000894647  -0.0104227  -0.000171736 
202 0.000828509 1.34886 0.0530222 0.0419944 0.0293494  -0.000659381  -0.0301169  -0.0010272  0.0140794  -0.00114794  -0.00648969  0.00745588  0.00789181  0.0261133 
205 -0.000155933 0.144173 0.0148985 0.0305838 -0.00275163  0.00225387  0.0042319  0.00575989  0.00538264  0.000146912  0.00518378  -0.00779008  -0.00514042  -0.00390543 
206 0.000628396 0.694453 0.0221085 0.033035 -0.00368864  -0.00120952  0.0123691  -0.00651691  -0.00408015  0.00366921  -0.00244232  -0.00664818  0.0129207  0.00557083 
209 0.000235219 0.627316 0.0109453 0.0215201 0.00145416  -0.00273497  0.00183169  0.00227721  -0.00697945  0.0011648  -0.000947572  0.00311352  0.00583028  -0.00264782 
210 2.04691e-05 0.568616 0.00237026 0.0150971 -0.000852198  0.00120086  0.000190652  0.000514947  -0.000248897  0.000253874  0.000475021  -0.000698233  0.000644658  0.00137593 
211 -0.000450735 0.201096 0.0232183 0.0144033 0.00504009  -0.00077423  0.00244553  0.00921502  -0.00947366  0.0105373  -0.00937572  -0.0064109  0.000794237  -0.00957982 
212 -7.11767e-05 0.468879 0.00297711 0.0256572 0.000804627  -0.00111556  0.000894522  -0.000820264  0.00035534  0.000344754  -0.000311647  -0.000112283  0.00218414  -0.000610666 
214 -5.98627e-06 0.490525 0.00047635 0.0270087 -9.15417e-05  -0.000271119  0.000156926  -4.06323e-05  7.94366e-05  -0.000135044  -0.000168008  -0.000214939  -5.90879e-05  0.000127608 
215 -0.000327901 -1.10708 0.0459097 0.0271193 -0.00490741  0.0190194  -0.0234857  -0.0180291  0.0089848  -0.0101191  0.00602898  0.00411865  -0.0161965  0.0186144 
216 -3.10522e-06 -31.6391 0.0199794 0.03261 -0.00458152  -0.000469523  0.000357933  0.00962151  -0.00859004  0.00570758  0.000244038  0.00928701  -0.00591208  0.00759199 
217 0.000207124 0.95255 0.0193624 0.0326576 0.00428845  -0.0112459  -0.0018486  0.00383861  -0.0016654  -0.0114295  -0.00333071  0.00425832  0.00228905  -0.00663429 
223 -0.000498311 -0.235036 0.0382796 0.0293157 0.0185547  -0.00758412  0.0159413  -0.0131556  0.00101216  0.0174067  0.00495787  0.00240736  0.0115201  0.0130088 
225 0.000120387 0.933767 0.0144523 0.036849 -0.00235095  0.00534035  0.000268022  0.00464326  0.00633751  0.00302997  -0.00381041  0.00277933  0.00864115  -0.00263299 
229 4.8328e-05 1.01251 0.00995345 0.0351777 -0.000925628  0.000348749  0.00177503  -0.00127978  -8.25843e-05  0.0055425  0.0054142  -0.00275315  0.00173581  -0.00476148 
231 -5.17246e-05 -0.255744 0.0125046 0.0344839 0.00660537  -0.00471946  -0.00185472  0.00346595  0.00286287  -0.00527866  -0.00212584  -0.00221809  -0.00494992  -0.00223746 
232 1.81946e-05 0.79423 0.00462747 0.0352259 -0.000550052  0.000661896  0.000309057  -0.000216315  9.3156e-06  0.00184818  0.000311428  0.00190041  0.00162232  -0.00328241 
235 -0.00121782 -0.0314277 0.0508942 0.0349667 0.0100655  0.025741  -0.00899556  0.0109385  -0.00239703  -0.0342657  0.00784411  -0.0183647  -0.006092  -0.00315367 
236 -0.000165818 -2.29896 0.0430838 0.0494089 -0.00700767  -0.0131806  0.0152287  -0.019512  0.00769499  0.00321538  0.0148763  0.0155465  -0.0175336  0.013445 
237 0.000723865 0.618813 0.018551 0.0510595 -0.00313911  -0.00583217  1.41381e-05  0.00188271  0.0029805  0.00564038  0.00274182  0.00311182  0.0116014  -0.0102097 
238 -0.000103055 0.43212 0.0052904 0.0433989 4.78725e-06  -0.00197516  0.000493782  0.0006682  0.00200442  -0.00109536  0.00111733  -0.00126526  0.00376225  0.00108413 
241 -0.0005121 0.415872 0.0131339 0.0445705 0.00244696  0.00432477  0.00352531  0.00534297  0.00310737  -0.00901676  -0.000885429  0.00263155  -0.0023543  0.00161997 
242 0.000889148 0.568014 0.0155621 0.0499876 -0.0114704  -0.00111481  -0.0018521  -0.000699281  -0.00308004  0.00532635  0.00111708  0.00073383  0.00528218  -0.00615651 
243 0.00042338 0.717168 0.0191774 0.0401249 -0.0031758  -0.00312505  -0.000273248  0.0117582  -0.00165767  -0.000309382  -0.00817451  0.00281454  0.00158358  -0.0113796 
244 1.97216e-05 7.99687 0.0243177 0.0344487 0.0144035  0.00186064  -0.00667016  -5.59783e-05  -0.0057716  8.98455e-05  -0.0129715  -0.00862243  0.00233606  0.00738587 
245 -0.000510715 0.148608 0.0267973 0.0341613 -0.00398517  -0.0167943  0.00531584  -0.00255143  0.00388013  -0.00151022  0.00516281  -0.0174275  0.00125205  -0.00600998 
247 -9.76652e-05 0.376594 0.00694383 0.0409614 0.00220303  0.00351151  0.00344412  -0.00041232  0.00143213  -0.00239095  -0.00246139  0.000123495  -0.00225381  -0.000282556 
248 -0.000864676 -0.0557519 0.0438512 0.0421368 -0.012895  -0.0083603  0.0108771  -0.0256257  0.00417924  0.0136514  -0.0131038  -0.00119722  -0.0229807  0.00258407 
251 -0.000200199 0.177189 0.0160793 0.0513864 -0.00453466  0.00744581  0.0089559  -0.0045202  0.00386317  0.00557967  -6.01589e-05  0.00501888  0.0022408  -0.00237263 
254 -7.26308e-05 0.46388 0.00323986 0.0532989 -0.000101695  -0.000391325  -0.000165503  -0.000726234  0.00134314  -0.00191334  -0.000464075  -6.48585e-06  0.00080827  0.00185601 
257 0.00149649 0.627035 0.0275845 0.053976 0.00540279  0.00739777  -0.00973949  0.00946736  -0.00692914  -0.00333353  0.00157223  -0.00171826  0.0203312  0.00381955 
259 -0.000407087 -0.872531 0.0472744 0.0376569 -0.0255795  -0.0073067  -0.000553345  0.00791479  -0.027489  0.00687902  0.009016  -0.00964281  0.0134329  0.0175084 
260 0.000240357 1.08514 0.0237169 0.0427225 0.00881654  0.0154752  -0.00738908  -0.00130401  0.00670414  0.00540131  0.00591135  -0.00311393  -0.00739248  0.00394595 
261 8.72896e-05 2.05367 0.0232899 0.0398106 0.0141143  -0.0016236  -0.0105791  -0.000195516  0.00538699  0.010928  -0.00165219  0.0054713  -0.00579425  -0.00373285 
262 -1.15075e-05 0.223155 0.00356977 0.0386988 0.00150593  0.00204188  0.000652833  -7.4319e-05  0.000763872  0.000331491  -0.00115225  -0.000829921  -0.000618668  -0.00166789 
264 0.000215316 0.739229 0.0143539 0.0388472 0.00183037  -0.00149313  0.0020021  0.00800379  0.0048352  -0.0046395  0.000430805  -0.00192993  -0.00726983  -0.00554269 
266 -0.000460222 0.263528 0.0208686 0.0359696 0.000172372  0.00865447  -0.00736446  -0.0047407  0.00331933  -0.0089845  -0.00387556  -0.00387438  0.0106224  0.00701821 
272 0.000812127 0.846554 0.0335485 0.0418824 0.00538286  -0.00648107  -0.002108  -0.000115853  -0.0166798  0.00131971  -0.000886335  0.0112407  -0.0115389  -0.0225792 
273 6.96352e-05 2.22735 0.0219339 0.0306976 -0.00941417  -0.0103923  0.00705458  -0.00397632  -0.00246352  0.0102651  0.00306974  0.00877868  -0.00392829  0.00235163 
275 -2.09247e-05 0.475346 0.00143657 0.0295416 -0.000587075  0.000468931  0.000587217  -0.000608845  8.29813e-05  0.000236355  0.000230674  -0.000690324  -0.000287197  -0.000329669 
276 0.000126831 0.661771 0.00905936 0.0298937 -0.0015167  0.00125602  -0.00278232  0.000475465  0.00277449  -0.00641811  -0.000930497  -0.0026714  -0.00265728  -0.00250466 
284 2.36334e-05 0.645215 0.00370511 0.0276914 -0.00100584  -0.000409747  -0.00086392  0.000294208  0.0019546  -0.00199258  -0.00123224  -0.0015289  -0.000258297  -4.21161e-05 
288 -8.20294e-07 0.497553 8.96063e-05 0.0272613 3.82442e-05  -2.78054e-05  4.64382e-05  -3.57606e-05  1.85921e-06  9.83813e-06  -3.68936e-05  5.86837e-06  -3.11279e-06  2.9201e-05 
289 -0.000484298 -0.0165547 0.031637 0.0272763 0.0021695  -0.00170907  -0.00689341  -0.00235111  -0.00336888  -0.0245029  -0.00406828  -0.00566432  0.0152281  -0.00692475 
295 -1.54917e-06 0.49415 0.000190394 0.0350487 -1.34384e-05  -9.6813e-07  -7.33096e-06  -7.5534e-05  4.61159e-05  1.02179e-06  0.000125448  1.57715e-05  -0.00010619  -3.0321e-05 
296 -0.000240219 0.426714 0.00839376 0.0350708 0.000341993  0.00175214  0.000554848  0.00199393  0.00236798  -0.00563983  0.0021457  -0.00415939  0.00152154  0.00116188 
298 -0.00133887 0.0577126 0.0486873 0.0383433 -0.00206731  0.0144621  0.0291091  -0.00600914  -0.0236462  0.00768859  0.00568947  -0.0116098  -0.0122173  0.0184092 
299 0.000563699 0.921418 0.0308219 0.0530093 0.0102934  0.00363611  -0.00774425  0.0147461  0.0125729  -0.00986829  -0.00388941  0.00502423  -0.00536286  -0.0151262 
303 -0.000275958 -0.122841 0.0262218 0.0473966 -0.00123857  -0.0187373  -0.00703365  -0.00534015  -0.00261938  0.00895179  -0.00311637  -0.0109078  0.00564674  -0.00306618 
304 -4.29291e-07 0.478184 0.000193551 0.0502239 -4.13122e-05  2.24768e-05  -5.48015e-05  9.00346e-05  3.82475e-05  3.59303e-05  0.00011919  -7.08283e-05  -4.4907e-05  1.21357e-05 
306 -4.05122e-05 -2.69209 0.0227432 0.0502281 0.0041665  0.0111121  -0.0111879  0.0122027  0.00568023  0.00125219  0.00368171  0.00105747  -0.00721675  0.00132294 
308 0.000120317 0.518512 0.00298592 0.0506298 0.000428006  0.00158508  0.0003265  -0.00100369  0.00127511  0.000288518  -0.00104028  0.000810643  0.00114909  0.000580645 
311 0.0013632 0.773872 0.0386393 0.0494274 -0.00838762  0.00834115  0.00284867  -0.00850771  0.00242863  0.0183151  -0.000199961  0.0165065  0.0158825  0.0201613 
312 9.35536e-05 0.838974 0.0112626 0.0328755 -0.00190804  0.00433781  0.000606387  -0.00356463  0.00271694  -0.006901  0.00262291  0.0041839  -0.00257086  -0.00230527 
317 0.000253036 1.2031 0.0266743 0.0314206 -0.00125519  -0.0054098  0.013632  0.00886685  0.00367649  0.00718049  -0.0142206  0.00788006  0.00839488  0.00404368 
318 -0.000628192 -0.151299 0.0404591 0.027097 0.00739317  -0.027373  -0.0162366  -0.0082924  0.0117185  -0.0103002  0.00382707  -0.00908853  -0.0125673  -0.00141642 
319 0.000502695 0.872531 0.0273669 0.0369139 -0.0150435  0.00773651  0.00474432  0.00229423  0.00517947  0.0164245  -0.00338257  0.0101012  0.00491828  -0.000868385 
324 0.000142047 0.547494 0.00519551 0.0293269 -0.00186076  -0.00112786  0.00142546  0.000504007  -0.000409986  -0.00208281  0.000226103  0.000172298  0.00125053  -0.00371781 
328 5.22568e-06 0.929412 0.00299598 0.0267961 0.00155247  -0.000867723  -0.00053624  0.000932902  0.000128659  -0.000713786  -0.000425689  -0.000276222  0.00151776  -0.00125211 
329 -7.54737e-05 0.160006 0.0101315 0.0266984 -0.0042014  -0.00466069  1.09464e-05  0.00297608  -0.00106204  0.0023899  0.0022667  -0.00165199  0.00298034  -0.00555229 
331 0.000158996 1.33547 0.0230495 0.0280764 -0.00466723  0.0083889  -0.000439892  0.00479143  -0.0176969  -0.00063347  -0.00111177  -0.00608076  0.00277373  -0.00751566 
332 8.7165e-05 1.84834 0.021681 0.0250858 -0.00726021  0.0136671  0.00525031  -0.00121872  -0.00541622  -0.00290544  0.00343455  0.0115426  -0.0035609  -0.00245588 
334 1.11391e-05 0.563982 0.00168844 0.0232838 0.000718719  -0.00012017  0.000888653  0.00032724  0.000221489  0.000825456  -8.61024e-05  0.000761309  -0.000311425  -9.2831e-05 
335 -1.84962e-05 0.456356 0.001797 0.0230434 -0.000724095  0.000452836  5.23552e-05  0.000905559  0.000757511  -9.30571e-06  0.000831779  0.000472103  -0.000209114  -0.000380353 
336 -0.00067203 -0.040936 0.0381386 0.0234413 -0.00169198  -0.0052502  -0.017568  -0.0179178  0.00330052  -0.0110565  -0.00334559  -0.00944334  0.00557673  0.0230182 
337 -0.000325835 0.0740699 0.0235635 0.0349535 0.0113459  0.00958653  -0.00763496  -0.00185072  -0.00564354  0.00782216  0.00503705  0.00706359  0.00876017  -0.0052769 
338 0.000309342 0.987392 0.0245559 0.03934 0.00309603  -0.00550095  0.0113349  0.000262318  0.0160582  -0.00528812  0.000252971  -0.00164407  -0.00284658  0.011743 
343 -0.000787435 -1.11478 0.0713106 0.0351901 0.0172272  -0.0106763  0.0206322  0.0166041  -0.0178702  0.000983334  -0.00492103  -0.0113444  -0.0442569  -0.0392577 
346 -1.483e-05 -0.107534 0.00600327 0.0450121 0.00391931  -2.40636e-05  0.000361953  0.000745594  -0.000674171  0.00266919  -0.0012132  -0.000110133  0.00117995  0.00308795 
