generation s h r distopt trait[0] trait[1] trait[2] trait[3] trait[4] trait[5] trait[6] trait[7] trait[8] trait[9] 
2 -4.96808e-06 0.48364 0.000570191 0.01 -5.39203e-05  0.00022589  6.52207e-05  4.15244e-05  -0.000388706  -0.000144259  -6.17869e-05  0.000110485  -0.000202514  0.000190434 
3 -0.000244864 0.387614 0.0104938 0.0202389 0.00239771  0.00410038  -0.00634544  0.00165486  -0.00241198  0.000127879  -0.00419786  -0.000683975  0.000544232  -0.00450929 
6 0.00161868 0.922878 0.0523085 0.0544871 -0.00709266  -0.0437644  -0.016096  0.0126008  0.00215789  -0.00672841  0.00424088  0.00194248  -0.0137182  0.00963408 
7 -0.000545288 0.328951 0.0193214 0.0414025 -0.000451473  0.00803016  0.000647055  0.000251944  -0.00163581  0.00839367  0.00314893  -0.0113317  -0.00428137  -0.00885237 
9 -0.000814302 0.437307 0.0143043 0.0624494 0.00440197  0.00953253  -0.00236288  0.00110421  0.00718608  -0.00123523  0.00132248  0.000482664  0.00447203  -0.00352384 
10 5.63086e-05 0.509474 0.00146128 0.0774345 0.000623381  -0.000423563  -0.000473558  -0.000764974  0.000367933  -2.95053e-05  0.000426008  -3.35528e-05  -0.000584704  -0.000311678 
11 5.58235e-05 0.608978 0.00493304 0.0860808 -0.000796787  0.000151603  0.0024865  0.000135747  0.00225455  -0.000813489  -4.39214e-05  0.00170606  0.00184128  -0.00232987 
13 0.000981768 0.552303 0.0143448 0.104443 0.0068537  -0.00328953  0.000248298  0.00231776  -0.00297898  -0.0030055  -0.00287748  0.00411439  -0.00478905  0.0087461 
19 0.00475873 0.84401 0.0808616 0.157468 -0.0273878  -0.0479675  -0.00965389  -0.011348  0.0276541  0.010199  0.0118823  0.0380672  -0.0233278  0.0161988 
21 0.00297343 0.622781 0.03824 0.158225 0.000818663  -0.0222007  -0.00610591  0.0077295  0.00462225  0.0143116  0.0067355  0.00226282  0.0118943  0.0212973 
23 0.00209527 0.755786 0.0462941 0.164275 0.00281852  -0.0219306  -0.0145309  -0.0100287  -0.00336242  0.0206002  0.00733692  -0.000302747  -0.0203198  -0.0209771 
24 0.000477112 0.510998 0.00459333 0.16497 0.00224014  0.000940609  -0.000826116  0.000520696  -0.000172974  -0.000779668  8.94725e-05  0.000117866  0.00353594  -0.001039 
25 0.00127551 1.40853 0.0680478 0.171075 -0.0171534  -0.0186283  0.035703  0.00864865  0.022002  -0.0188633  0.0312081  0.00570527  0.0263643  -0.00991237 
29 0.00624015 0.60307 0.0508253 0.197538 0.00644354  -0.0321798  -0.0216799  0.00116404  0.00543894  0.00855709  0.00770545  -0.00892138  0.0221099  0.0174402 
30 0.00686569 0.584957 0.0484552 0.188157 0.0252834  -0.00880046  -0.00480218  0.00577107  0.00320126  -0.0175362  -0.0101752  0.012007  0.00356596  -0.0315699 
31 0.00697048 0.946671 0.111426 0.176245 0.0274438  -0.0477829  0.00782275  0.0115783  0.0184516  -0.00776721  -0.0493985  0.00312753  0.037773  0.0700464 
36 0.0112327 0.686681 0.0916219 0.185196 -0.0152335  -0.0367576  0.0162613  -0.0370408  -0.0420306  -0.00116232  0.0294634  0.0126376  0.0143248  -0.0466263 
37 0.00542004 0.621758 0.0514425 0.158532 0.00988516  -0.0167574  0.00200678  0.0286864  -0.0290355  -0.0106664  0.00215222  -0.00310481  0.00120385  -0.0216407 
38 0.00289952 0.637057 0.0398895 0.146824 0.0119686  -0.00183659  -0.00428395  0.0198767  -0.017384  -0.00499538  -0.000439607  -0.00279709  -0.0210016  0.0159648 
39 0.00342433 0.698626 0.0521623 0.143509 0.0169688  -0.0258803  0.0231486  0.00801669  -0.000507084  -0.0114261  0.020791  0.00720578  -0.0189632  -0.0137277 
43 0.0071062 1.38121 0.15782 0.156703 0.0862654  -0.0696021  0.0387564  -0.0148392  0.0119927  0.0823287  -0.00592038  -0.0106469  0.00470518  0.0616952 
46 0.00567328 0.807949 0.0835373 0.140486 -0.0474912  0.00658655  -0.0207313  0.00952482  0.0322517  -0.00791926  -0.0141011  -0.0279517  -0.0220118  -0.0398953 
49 0.00425268 0.596999 0.0406839 0.138779 0.0156984  -0.0109134  -0.0094507  -0.00212528  0.0159242  -0.0182916  -0.00075974  -0.0173218  -0.00400914  -0.0170572 
52 0.000602167 1.55481 0.0503913 0.145328 0.0285526  0.000618483  0.0228003  -0.0101731  -0.00424569  0.0112261  -0.0159673  -0.0253988  -0.0029719  0.00688276 
57 0.00271627 0.561469 0.0258956 0.184425 -0.00206053  -0.010055  -0.00832027  -0.00465599  0.00750047  0.0073664  -0.00799982  0.0101487  -0.0130809  -0.00506985 
61 0.00169854 0.605083 0.0267342 0.212041 -0.0042458  -0.00789717  0.0114889  0.0114304  -0.00290529  -0.00696662  -0.000403748  -0.00921784  -0.00341759  -0.0147611 
62 0.00103197 1.53919 0.0654651 0.216908 -0.0268505  -0.00753795  0.016555  -0.0125019  -0.0280146  -0.0250256  -0.0264065  -0.0267043  -0.0119278  -0.0106654 
63 0.00796107 0.772364 0.0930643 0.223597 0.0553383  -0.019733  -0.0378818  -0.0171526  0.0190428  -0.0142329  -0.0154397  -0.0232935  0.0294897  -0.0355554 
65 0.0213554 0.619698 0.101623 0.222007 0.0233618  -0.080613  -0.0406011  -0.00162378  0.00579503  0.00513804  0.0202613  -0.0248493  0.0213179  0.00946063 
67 0.00410178 0.676574 0.0538374 0.181165 0.0062348  -0.00228761  -0.0130799  0.000412358  -0.00382665  -0.0230885  -0.00979698  0.0298227  0.0280015  0.0191292 
70 0.0239968 0.592567 0.095139 0.19234 0.00580479  -0.0618531  -0.00545764  -0.0108274  -0.0426655  0.00948855  -0.00200611  0.0500253  -0.0215749  0.0127479 
72 0.00194272 0.756054 0.0446007 0.131692 -0.0271657  -0.00956805  0.0133902  0.00032939  -0.000502981  0.00262199  0.0220065  0.0122492  0.00984869  -0.0155512 
76 0.00491972 0.585836 0.0411911 0.160462 0.0176888  -0.0115051  0.0140213  0.00877638  0.00266739  0.00176088  -0.0147249  0.0194526  0.00220888  0.0191704 
80 0.00849094 0.57224 0.0497811 0.18202 -0.0097363  -0.0308593  0.0152724  0.00581076  -0.00893112  0.00694883  0.0164599  -0.0234551  0.0114872  -0.00910911 
81 0.00539037 0.811683 0.0819214 0.166443 0.00744141  -0.0511979  0.0304113  0.00932506  0.00931193  0.0109745  0.0233814  -0.0100005  0.0437171  0.0160526 
83 -0.00035971 -0.980197 0.0461481 0.164092 -0.0199011  -0.0153335  0.015448  0.0197513  0.00260178  -0.0268011  -0.00188512  -0.00098679  -0.00156256  -0.011734 
86 0.00117036 0.687853 0.0296563 0.187362 0.0129545  0.00987621  -0.000425209  -0.00793012  -0.0141182  -0.00680997  -0.0073491  0.00551374  -0.0113727  -0.00957194 
87 0.00288436 0.808487 0.0596372 0.192522 0.0289016  -0.0140725  -0.0160829  -0.0292587  -0.0140841  0.00031109  -0.00542592  -0.00901539  0.0306681  0.0126025 
90 0.0156093 0.555367 0.0595708 0.20859 0.0136598  -0.0255501  0.00677889  0.0163229  0.0115962  0.0253431  0.000475027  0.00379737  -0.0399748  0.00273988 
91 0.00098391 0.554198 0.0146177 0.175969 -0.0084234  -0.00190366  -0.0012298  -0.00396107  0.00425046  -0.00386174  -0.00694259  0.00309081  -0.00268016  -0.00489726 
92 0.000823474 0.526229 0.00931126 0.182024 0.0024638  -0.0027775  0.000463283  -0.00528284  -0.00320977  0.00243597  -0.000841638  0.00340494  0.00132266  -0.00380837 
93 0.00616143 0.559154 0.038367 0.188664 0.00124299  -0.0212236  0.00706741  0.00948766  -0.0137589  0.00923866  -0.0131471  0.0189038  -0.00821824  -0.00277082 
95 0.00343626 0.537711 0.0228759 0.189177 0.000664542  -0.00296687  -0.00446673  -0.0122285  0.0115956  0.004182  -0.0020573  -0.000125932  -0.0112847  0.00781254 
97 0.00215163 1.04162 0.068235 0.198424 0.01255  -0.0276026  0.0395109  0.0065199  0.0146933  0.0155795  -0.0320852  0.00586975  -0.00816994  -0.0233176 
98 0.00926457 0.623687 0.067841 0.201077 -0.00198503  -0.0355183  0.00997383  0.00883488  0.0219989  -0.0134728  -0.00252667  -0.0371233  -0.033055  -0.00409293 
99 0.00222869 0.529996 0.0164188 0.184237 0.0118081  -0.00327209  -0.00672646  0.000673615  -0.00461327  0.00479253  -0.0042664  -0.00269931  0.000104825  0.00199769 
102 0.00547806 0.654747 0.0582674 0.201851 -0.0145134  -0.00525508  -0.0100275  -0.0155108  -0.0316858  -0.0130592  0.0100423  0.00309061  -0.0341998  0.0190036 
103 0.0150455 0.66837 0.100777 0.19663 -0.00844967  -0.0608031  -0.019717  -0.00890951  0.0446756  -0.0540594  0.021535  -0.00446433  -0.00909823  -0.0208499 
105 0.00184596 2.11501 0.109078 0.169804 0.0275109  -0.0069313  -0.0761051  0.0465208  0.0141425  -0.0271076  0.0381969  0.012788  0.00538324  0.0234638 
106 0.000169867 2.94767 0.0407755 0.171943 0.0304102  -0.00166723  0.0205647  0.00943888  0.0107693  0.00294028  -0.00448619  -0.00835148  -0.000842421  -0.00280613 
107 0.00751641 0.582593 0.0500119 0.17883 -0.0204859  -0.0383601  0.00543074  -0.0108101  -0.00255852  -0.00516847  0.0175248  -0.00755136  0.000867412  -0.00809395 
108 0.00510635 0.618027 0.0491616 0.163226 0.00951297  -0.0123003  -0.000582723  -0.035771  0.00532664  0.0251668  0.0102339  -0.000528046  -0.00706902  -0.00885647 
109 0.000444736 1.30135 0.0377504 0.153666 0.00807215  -0.0224479  -0.000851211  -0.0127952  0.0110863  -0.0181643  0.00622912  0.00746116  0.0054622  -0.010697 
110 0.0036635 1.05781 0.0903196 0.157978 0.0239177  -0.0247482  0.0337724  -0.00278117  -0.0248131  0.0440626  0.0222088  0.0242896  -0.0450151  0.0125704 
111 0.00202814 0.66455 0.0365431 0.150621 -0.00416476  0.00379699  -0.0110398  0.0268384  -0.00754831  0.00980536  -0.00973491  0.000859798  -0.00409355  0.0140026 
114 0.00215012 0.514758 0.0113619 0.162187 0.00289636  -0.00306706  -0.00570418  0.00151498  -0.00201591  0.000310449  -0.00343949  0.00610212  0.00464463  0.00129039 
116 0.00600302 0.556562 0.0370377 0.169621 -0.00961852  -0.0137495  0.00463614  0.00487859  -0.0118763  -0.0111257  -0.020088  -0.00876705  0.0106955  -0.0136131 
117 0.00226866 0.569821 0.0252072 0.158674 0.00591758  0.00204896  0.00307021  9.34e-05  0.00297572  0.00129859  -0.0209229  -0.00269115  0.0105067  0.00456166 
121 0.00154684 1.16042 0.0638924 0.185775 -0.00348429  -0.0229328  0.0202478  0.0235754  -0.00915863  -0.00984519  -0.0323545  -0.0203096  0.00925444  -0.0292003 
123 0.00815949 0.780184 0.0955517 0.197781 -0.00459463  -0.026127  -0.00129243  -0.0224873  0.0669541  0.0141698  0.0110413  0.00824593  0.0326593  0.0444846 
126 0.0133274 0.601186 0.0737734 0.200684 0.027383  -0.0496797  0.0112857  -0.011159  8.72744e-05  -0.0114279  0.00225743  0.0353305  0.00839201  -0.0227675 
127 0.00799636 0.550288 0.0404162 0.171545 -0.00108149  -0.03157  0.0055726  -0.0100757  -0.00798162  0.0107585  -0.00468568  -0.00842137  0.0147536  -0.00361413 
130 0.0104249 0.674077 0.0852561 0.167418 0.0538334  -0.0147963  -0.0181536  -0.0313602  -0.0269426  0.0297834  -0.00505838  0.00128285  0.00168654  0.0345773 
135 0.00760667 1.20055 0.145627 0.172563 -0.0395698  -0.056316  -0.0573071  -0.0427228  -0.0597235  0.0392775  0.00704608  -0.0662877  -0.0425074  0.000631447 
136 0.0124613 0.625051 0.0791611 0.156016 -0.00230201  -0.0520944  0.0397839  0.0127328  -0.0184927  -0.0305154  -0.0016707  0.0192484  -0.011781  -0.00414976 
142 0.00209841 2.72191 0.136343 0.151775 0.037196  0.00146663  -0.0582275  0.0340065  0.0673206  -0.0508289  0.0389846  0.0197059  0.0511754  -0.0318442 
143 0.00303314 0.564486 0.0280304 0.152715 -0.0106748  -0.010923  -0.00865144  0.00458052  -0.0138152  0.015145  0.00440182  -0.000715625  -0.00312414  0.00259504 
146 0.00429831 0.538213 0.0257826 0.167847 0.0203088  -0.00805748  0.00782401  0.006397  0.00171597  -0.0051828  -0.00560455  0.00239531  -0.00427556  -6.26057e-07 
148 0.004666 0.666568 0.0557783 0.17209 0.01699  -0.0228059  0.0296136  -3.33051e-05  -0.0105382  -0.0222132  0.0285132  -0.000667402  -0.000127985  -0.00274609 
149 0.00112428 0.774996 0.0351629 0.166124 -0.0159117  0.00371623  0.000110114  0.00756386  -0.0227999  -0.000444395  -0.00959266  -0.00550878  0.00381842  0.0159761 
150 0.000123754 0.511828 0.00242121 0.171653 -0.000754063  -0.000405136  -0.000847666  0.000677621  -0.00131963  0.00122653  0.000256509  0.000189856  -0.000691752  -0.000354435 
151 0.0102346 0.724274 0.0957918 0.180357 -0.0086555  -0.0593439  -0.00521315  -0.0125776  -0.0555824  -0.00674906  0.00703478  0.0170657  0.0321927  0.0296989 
153 0.00737668 1.09222 0.131907 0.164674 0.015947  -0.0765904  0.030116  0.030698  -0.039127  0.00709094  -0.0508825  -0.0201323  -0.0132781  0.0683942 
157 0.000974911 0.566264 0.0160855 0.15957 0.000562347  -0.00560092  -0.00685317  0.00553066  -0.000136282  -0.00439172  -0.00542721  0.00927009  0.0034812  -0.00164031 
158 -0.000204775 -30.3162 0.158634 0.162175 0.0442788  -0.05626  0.122735  -0.00636401  0.0257314  0.00599462  -0.00312652  0.0353402  -0.00489222  -0.0543498 
159 0.00599689 0.590849 0.0467976 0.16493 -0.0262653  -0.00404212  -0.0124887  -0.000999616  0.0227791  0.0241816  0.00215711  0.0130814  -0.00383313  0.00572187 
164 0.00572544 0.524612 0.0240478 0.167316 -0.00126697  -0.0153795  -0.0119572  -0.00279912  0.000440392  -0.00878673  -0.00297802  -0.00532785  -0.00687829  -0.00523347 
165 0.00916539 0.770064 0.099425 0.154755 0.00297655  -0.0308177  -0.0410019  0.00919307  0.00946722  -0.0175975  -0.00889619  -0.0475665  -0.0650075  -0.0139309 
169 0.00198054 0.539743 0.01779 0.145044 0.00744055  0.00494846  -0.00887928  -0.00701778  0.000837209  -0.00141219  0.00310966  0.00713028  0.00670638  0.000601446 
170 -0.000248231 -5.55039 0.0774844 0.145496 -0.0213151  -0.00714727  -0.0541847  -0.00627592  -0.00226255  -0.00150305  -0.0100067  0.0256641  -0.00550936  -0.0415516 
171 0.00201705 0.554033 0.0209168 0.153948 0.00450088  -0.00423539  0.000715386  -0.00771983  -0.00254091  0.00965333  -0.00970138  -0.00804757  -0.00335837  0.008331 
172 0.00460378 0.848785 0.0800849 0.15512 0.00796502  -0.0277236  0.0390919  0.0217577  0.0329751  0.00657285  -0.0180117  0.0379181  0.0097809  0.0243219 
173 0.00165029 0.740845 0.0398696 0.146524 0.00319126  -0.0108985  -0.00974157  -0.00279351  -0.0232738  0.0139655  -0.00145494  -0.000145667  0.00282755  -0.0247201 
174 0.00126741 0.536842 0.0136914 0.147627 0.00626649  0.00219779  0.000472125  0.000169651  -0.00351199  0.000830502  0.0108652  -0.00244449  0.000179101  0.00245327 
175 0.00110951 0.573071 0.0180198 0.1507 0.00119707  0.00150198  -0.00708784  0.00345953  0.000579079  -0.00235581  0.00833419  -0.00220856  -0.00374349  0.012829 
177 0.0121103 0.55962 0.0542414 0.163138 0.0252563  -0.0421496  -0.00247228  -0.0143174  -0.0103309  -0.00447211  0.00992731  -0.00694473  0.00241209  0.00610163 
181 0.000362171 0.506462 0.00307007 0.152386 -2.36256e-06  -0.00160927  0.000119163  -0.000247282  -0.000965224  -0.000348705  0.00118812  0.00138774  0.00141628  0.000603014 
182 0.00455487 1.25872 0.117383 0.159654 0.00702895  -0.0914085  0.0119917  -0.0174203  -0.0513594  -0.000128353  -0.00516378  0.0288239  0.00690407  0.0371964 
185 0.000291598 0.517934 0.00457791 0.156935 0.000685786  -0.0015207  0.000835446  -0.000635966  0.000566829  -0.00096817  0.000739066  -0.00100443  0.000828272  0.00368405 
186 0.00242095 0.540812 0.019941 0.161034 -0.0023237  -0.0101103  -0.000209453  -0.010536  0.00255353  0.00864041  -0.00410578  -0.00803517  -0.00216575  -0.00341841 
187 0.00264843 0.534567 0.0192143 0.15851 0.000267361  -0.000581445  -0.00721185  0.00983798  0.00792438  -0.00941401  0.000312103  -0.00637091  -0.00415923  -0.00325235 
188 0.000837482 0.562895 0.0145241 0.155819 -0.00168178  -0.00796238  -0.00746214  0.00101376  -0.00548615  -0.000179391  0.00378275  0.000911034  0.00553777  0.0034747 
190 0.0108231 0.562539 0.0524399 0.165379 0.00492533  -0.0348913  0.0150969  -0.0118145  0.0168141  0.0106584  0.0101296  -0.0219708  0.00759378  -0.0100736 
194 -0.000176706 -10.442 0.087905 0.154929 0.00421095  -0.0108101  0.0282229  0.0350038  0.0212972  -0.0070725  -0.0397761  -0.0234411  0.00274143  -0.0541126 
196 0.0044297 0.644707 0.0506687 0.169196 0.0181324  -0.0115183  -0.021725  -0.015338  -0.023228  0.0206972  -0.00237547  0.0162371  0.00994527  0.00790707 
197 0.0133174 0.699415 0.103083 0.162526 0.0158434  -0.0519226  0.0118229  0.036549  0.0527249  0.0198808  0.0386327  0.0295824  0.00312342  0.0255143 
199 0.00317233 0.929684 0.0737907 0.126609 0.0329701  -0.0185662  0.00584908  -0.0363475  0.0324403  0.0180286  0.0283815  0.000957466  0.00303159  -0.0215632 
200 0.00230893 1.78538 0.108825 0.118555 -0.0202393  0.00138327  -0.0084384  0.0150762  -0.0321611  -0.089555  -0.00422249  -0.0292256  0.0199534  0.0284293 
201 -4.30237e-05 0.473797 0.00212378 0.115211 0.000343454  0.000717219  0.000318455  -4.07875e-05  0.00131961  0.000224919  -3.71106e-06  0.000358567  -0.000157448  -0.00135266 
207 0.00834988 0.639051 0.068241 0.115398 0.0202301  -0.0187761  -0.0357489  -0.0184966  0.00476852  0.0304501  -0.0296014  -0.0180768  0.00366323  0.0104183 
212 5.61547e-05 0.515248 0.00185109 0.0707204 -4.82935e-05  -0.000642178  0.000137121  0.000602298  0.000281891  1.1143e-05  -0.000908355  -0.00126186  -0.000181241  0.00031686 
213 0.00286824 0.979957 0.074155 0.0703223 -0.00640761  -0.0654193  -0.00855818  0.000298823  0.00360037  -0.0146038  0.0254482  -0.0101734  0.00604285  -0.00954127 
215 -1.77058e-05 0.316581 0.00360425 0.045619 0.00026385  -0.00178604  -0.000306659  -0.00245667  -9.97617e-06  -0.000253685  -0.000754484  0.000315701  -0.000778141  0.00150429 
217 0.000448682 0.863083 0.0255252 0.0458126 0.0157249  -0.00683571  -0.00488118  -0.00808109  0.011225  0.00469037  0.00492856  -0.0085243  -0.00422649  0.00236401 
223 -9.041e-06 -1.77082 0.0090621 0.0406228 0.00687947  -0.000827272  0.00253327  6.4811e-05  -0.00298588  -0.000732953  -0.00395653  0.00151955  0.000225161  -0.000471033 
224 -0.000624165 0.40509 0.015402 0.040734 0.000788298  -0.010305  0.00735353  0.00584521  -0.00142219  0.00126265  -0.000758315  -0.00552371  -0.00102068  -0.00253369 
225 0.000413516 1.68927 0.0443433 0.0477872 -0.000434666  0.0400032  -0.0023376  -0.0088867  -0.00732391  0.00650162  -0.0122492  -0.000984787  0.00526339  0.00261145 
228 -7.1956e-06 0.490835 0.000513641 0.0432456 0.000178834  -8.37296e-05  -3.10424e-06  -0.000127402  -0.000256227  0.000179956  0.000290256  -2.48632e-05  7.63036e-05  0.000140958 
229 0.000134928 0.510463 0.00237813 0.0433288 -0.00121663  0.000150287  -0.00017503  0.00137748  0.000908986  0.000512368  0.000111842  0.000836317  -3.51605e-05  -0.000650153 
230 0.000144258 0.549975 0.00537077 0.0417428 6.85751e-05  0.000897702  -8.3351e-06  -0.00088281  -0.00111114  0.00298871  4.10078e-05  0.00027071  -0.00331369  -0.00245613 
232 -0.000564047 0.387783 0.0159187 0.0399777 -0.000372751  0.000358459  0.00324894  -0.000893431  -0.00274253  0.00378224  0.00220005  0.00558255  0.0129713  0.003962 
233 -5.55349e-05 0.343315 0.00589985 0.0465018 -0.000425636  -1.27579e-05  0.00234254  0.00370835  -0.000308157  -0.00310058  -0.000521004  0.00203335  0.000743244  0.00084887 
234 4.73037e-06 3.48038 0.00750951 0.0470952 -0.00383338  0.00161929  0.00194518  0.0004422  0.00257879  -0.0036532  -0.000133887  -0.000801228  -0.00316104  0.00210916 
236 0.00103486 0.709188 0.0294264 0.047045 -0.0131837  -0.0114872  -0.0146587  0.00735892  0.000553666  -0.00143974  -0.00492856  0.00423291  -0.0135024  -0.00801334 
237 -0.000155831 -1.63407 0.0364707 0.0343352 0.000588144  -0.0123163  0.000633997  -0.00847119  -0.00394535  0.0314928  0.000860585  0.00492923  -0.00611036  -0.00601454 
238 2.20919e-05 1.30091 0.0084127 0.0365342 0.00114855  0.00573988  0.00301649  0.00199599  -0.00117278  0.00287668  0.00248869  0.00132568  -0.0017431  -0.00166879 
239 -0.000511213 0.193475 0.0250408 0.0362306 -0.00448567  -0.00447795  0.0122855  -0.00151455  0.00437087  -0.00672985  0.000694997  0.00710993  -0.0168957  -0.0057224 
240 0.000276044 0.608541 0.0109485 0.0427083 0.00768357  -0.00362119  -0.00352306  -0.00195541  -0.000918605  -0.00102842  0.00304726  0.00347699  0.00270085  0.000954657 
244 0.000880045 0.806207 0.0328279 0.0393445 0.0110264  0.0195612  -0.0082  0.0038664  0.00632348  -0.000641994  -5.73872e-05  -0.00420133  0.00181637  0.0207343 
245 -0.000205676 0.401991 0.00898116 0.0258522 -0.000127547  0.00417603  -0.00252854  -0.00597758  -0.000151938  0.00145979  0.000918311  0.00243091  0.00321911  -0.00134587 
246 -1.45828e-05 -3.00049 0.0142893 0.029564 0.000526116  -0.00153338  0.00397621  0.0101164  0.00141318  0.00454886  -0.00439029  0.00131248  0.00438828  0.0045234 
247 -7.90339e-05 -0.734882 0.0197583 0.0298097 0.00173722  0.00790746  -0.00824245  0.00881831  -0.00610953  -0.00942231  0.000205913  0.00399696  -0.00544362  -0.0027178 
248 0.000286052 1.6735 0.0366381 0.0311071 0.00220276  -0.00237232  -0.00744937  -0.00454418  0.0218581  0.00552774  0.0195563  -0.0152891  -0.00168807  -0.0113288 
250 -0.000422049 0.209645 0.0221436 0.0261083 0.00445877  -0.00660695  -0.00179575  0.0091327  -0.00237058  -0.000176931  -0.00199872  0.00158691  -0.0174062  0.0050034 
255 -2.5205e-05 0.473829 0.00162448 0.0332232 0.000147304  0.000236936  0.000116816  -0.000122444  0.000377879  -0.000786032  0.000629251  -0.000163449  -0.000225598  0.00113941 
257 4.51222e-05 0.590894 0.00405044 0.0336004 -0.00144018  0.00127858  0.000736451  0.00177871  -0.00106587  -0.00053458  -0.00166846  0.00171574  -4.79498e-05  -0.00135621 
258 -9.37477e-06 0.352234 0.00235397 0.0329221 0.000381912  -6.67749e-05  -0.00112868  2.88148e-05  0.00051135  0.000273018  -0.00173337  -0.000638684  -0.000273392  0.00054115 
259 5.90987e-05 0.728519 0.00734986 0.0330642 0.00138886  -0.00100848  -0.00280952  0.00354564  -0.000476873  0.000593543  -0.00183014  -0.00366554  0.00352045  -0.000922312 
263 -0.000102665 0.417506 0.005821 0.0321581 0.000684816  0.00258442  -0.00149392  0.00168472  -0.00106001  -0.002596  -0.00299312  0.0011307  -0.000976324  0.00161631 
273 0.00013043 2.13413 0.0291962 0.0337166 0.0089777  0.00470496  0.0143538  -0.00810025  -0.00474591  -0.00304291  0.00194386  -0.0118865  0.0172189  0.00216722 
274 5.37039e-05 0.62782 0.00524007 0.0317237 -0.00193354  0.000323091  -0.000674021  0.00198524  -0.00116082  -0.00363673  0.000464894  0.000763269  0.00117988  0.00156707 
277 -0.000167028 -2.05808 0.0413386 0.0308657 -0.0117995  -0.00540598  0.0106902  -0.0121328  0.0091723  -0.00575516  -0.0324997  0.00775588  0.00142683  -0.00657785 
278 0.000244317 0.598194 0.00979688 0.0334624 -0.00494279  -0.000659307  -0.00499347  -0.000466504  -0.00241759  0.00191249  0.00205889  0.00190452  -0.00524589  -0.00103566 
284 -0.00054436 0.432142 0.0121631 0.0295879 0.00450389  0.00134551  0.00599766  -0.00165484  -0.00241177  -0.00785333  -0.0038357  -0.000672873  -0.00188009  0.000971622 
286 -0.000123378 0.263886 0.0107953 0.0376822 -0.00115412  -0.00373236  0.00104498  -0.00031173  -0.00522785  -0.00421323  -0.00154338  0.00303676  0.0047414  0.00457382 
288 0.000200355 0.637762 0.0105078 0.0392853 0.00384138  0.000810039  -0.00135791  -0.00141313  -0.000836629  0.00244078  0.00513869  0.00279454  0.00369951  0.00604984 
289 6.68441e-06 1.16433 0.00421455 0.036647 -0.00251876  -3.29892e-05  0.00122497  0.00128967  -0.00173288  0.000582265  -0.000370574  -0.00101519  0.00180703  -0.000691526 
290 -0.00029516 0.440892 0.00835695 0.0365557 0.00284361  -0.000113067  0.00468069  -0.00157086  0.000383356  -0.000267508  -0.00258401  -0.00180384  -0.00362722  -0.00374926 
292 7.64951e-06 2.47662 0.0077769 0.0403921 0.00301935  -0.00143299  -0.00506809  -0.00386879  -0.00181076  -0.000993593  -0.00047649  0.000307349  1.22968e-05  -0.00201728 
294 -0.00100268 0.137417 0.0381469 0.0402973 0.015218  0.00954859  -0.00778769  -0.00619735  0.00872168  0.0164254  0.0102283  0.00495022  -0.0127882  0.0198707 
295 1.36092e-05 0.660642 0.00295716 0.0512548 -5.28519e-05  -0.000276359  -0.000880351  -0.000784671  0.000979789  0.00145761  -0.000648583  0.000551923  0.00185841  -0.000106397 
297 0.000248992 0.570501 0.00838085 0.0511219 -0.00565031  0.00100174  0.00205229  0.0027776  -0.000428251  -0.00308685  -0.00185328  -0.00136385  -0.00284299  -0.00151422 
298 -0.000124686 0.442314 0.00536469 0.048626 -0.000550416  -0.000331511  0.00420324  -0.000338995  0.00151965  -0.00219964  -0.000471816  -0.00155287  -0.000192611  0.000875231 
301 -7.98494e-05 0.418307 0.0051085 0.0498917 0.00321339  0.000925348  -0.00277476  0.000162231  -0.000808173  0.000803822  0.000738801  0.00074965  -0.00181659  -0.00121734 
305 0.00019943 1.66707 0.0305093 0.0506856 0.00106804  -0.00937327  -0.0107386  0.000923392  -0.0108632  0.00821804  0.0108936  -0.00640148  0.0165557  0.0103132 
307 -0.000427716 0.463486 0.00791043 0.0486787 0.00494679  -0.00136322  -0.0052224  -0.000947436  -0.0012353  0.00190606  -0.00162729  -0.000119207  0.00034017  0.000370955 
308 0.000233237 0.967924 0.0208926 0.0528907 0.000770276  0.00501247  -0.00799544  -0.0015319  0.00984851  -0.00696483  -0.00525143  0.00849149  -0.00422171  -0.00902779 
310 8.69472e-05 0.534894 0.00348412 0.0506381 -0.000868578  -0.000779385  0.00102524  0.000987957  -0.00130274  -0.000906302  -0.000797255  -0.00215563  0.000529658  0.000817683 
311 0.000528771 0.944513 0.0306588 0.0497722 -0.0108911  0.00446172  -0.00102225  0.00274495  -0.00715664  0.00661958  0.023401  -0.0119654  -0.000162535  -0.00264995 
312 -0.000490511 -0.133101 0.0352478 0.0441434 0.00037836  0.00859592  -0.00532534  -0.00385248  0.0143165  -0.00607403  -0.0267154  -0.00328163  0.00497975  -0.0115773 
313 0.000220819 0.598262 0.009317 0.049389 -0.00193094  -0.00308424  -0.00154891  -0.00183306  -0.00516879  -0.000781294  0.00547718  -0.00225164  -0.00229048  -0.000404597 
315 0.000150503 1.93857 0.029426 0.0471007 -0.0260313  -0.000471872  -5.07967e-05  0.00441526  0.00690959  -7.40668e-06  -0.00534244  0.00744105  0.00172878  0.00582254 
317 -0.000508862 -0.972255 0.05474 0.0454751 0.000249651  0.0209432  0.019516  0.018803  -0.0152796  0.00897221  0.0209276  -0.00602837  0.0109943  -0.030236 
318 -0.000525718 0.438752 0.0113563 0.050764 -0.00239973  0.00220536  0.00523123  -4.36741e-05  0.00105265  0.00397883  0.00304399  0.00279796  0.00743491  -0.00129014 
319 7.55005e-05 0.545933 0.0037248 0.0557031 -0.000665754  -0.000222688  -0.00245648  0.00128396  0.00143354  -8.56863e-05  0.000989511  -0.000560616  -0.00123354  0.000906108 
320 0.000285387 0.89351 0.0211934 0.0550213 0.00107523  -0.00670785  -0.0021083  -0.00829338  0.00718657  -0.00688209  0.00265863  0.00748597  0.0129484  8.09146e-05 
323 0.000209023 0.921998 0.0187829 0.052364 0.00211991  0.000941719  -0.00474652  0.00184319  -0.00388353  0.0109495  -0.00693285  0.00603738  -0.00715373  0.00712925 
325 0.0014245 0.639461 0.0281961 0.0503288 0.0103706  -0.0115394  0.000621047  0.00571427  0.00676217  -0.0124365  -0.00357531  -0.00576017  -0.00817985  0.0144223 
326 1.92567e-05 0.660549 0.00351662 0.0333093 -0.0012559  0.000401353  0.000261824  -0.00180856  0.00205727  -0.00123707  0.000546421  -0.000358513  -0.000910824  -0.000519031 
328 -0.000679285 0.263443 0.0253605 0.0330189 0.000169396  -0.00150894  0.00258372  -0.0158132  -0.0015953  5.66871e-05  0.0137076  -0.00152279  0.000569582  0.0138213 
330 -0.000582311 -0.180456 0.0398154 0.0420686 -0.0169074  -0.00345038  -0.01748  -0.0138488  -0.00512886  0.00240843  -0.00956614  0.0149953  -0.0188272  -0.0093391 
331 0.000129849 1.17161 0.0186763 0.0485 0.00165617  0.000468286  0.00241624  0.00300369  0.00907651  -0.0049013  -0.00320107  -0.0123368  0.00159519  0.00771938 
332 -0.000879831 0.282004 0.0277101 0.0471424 -0.000125821  0.00687417  0.0158279  -0.00440422  0.0152628  0.00697784  0.00270547  -0.0100098  -0.00444236  -0.00646274 
333 0.00173421 0.949781 0.0558358 0.0557012 0.00539055  -0.0181452  0.0125621  0.027373  -0.00992704  -0.0190149  -0.00615713  0.0223032  0.0292457  0.00121338 
334 -2.43851e-06 0.498954 0.000101047 0.0370124 -1.62336e-05  1.52173e-06  5.12289e-06  4.13471e-05  -2.38144e-06  -4.19728e-05  -6.64842e-05  -4.58122e-06  -7.40745e-06  4.41075e-05 
336 0.000712026 0.638299 0.0198491 0.0370453 0.00330939  -0.0075227  0.00320404  0.00555932  -0.0001058  0.00950134  0.00435141  -0.00144257  -0.0114525  -0.00654284 
337 -0.000339059 0.443873 0.00872873 0.0257019 -0.00166988  0.000586511  0.00229466  0.00409683  0.00286437  -0.00311089  0.00483584  0.000652402  0.00293434  0.00083976 
338 -0.00102041 0.230627 0.0331725 0.0316181 0.0181762  0.00834806  0.0127619  0.0100477  -0.00533408  -0.00328314  -0.0138865  0.00619869  -0.000178125  -0.0128843 
339 -7.25316e-06 -15.4392 0.0215038 0.0449514 0.0051001  -0.0032862  0.00178334  0.00445999  -0.00593816  0.000618789  0.0159466  -0.00666753  -0.00198536  0.00801231 
341 8.0541e-05 0.538524 0.0035233 0.045032 -0.00103235  0.00109396  -0.000855034  -5.37646e-05  0.00035169  -0.0010386  -0.00127882  -5.40397e-05  -0.00190526  0.00171654 
342 0.000339341 0.588333 0.0109515 0.0441288 -0.00547247  -0.00466548  -0.000832328  -0.00110343  -0.00115519  -0.00440482  -0.0035686  -0.00345256  1.08863e-05  -0.00457374 
344 1.11164e-05 0.723238 0.00315063 0.0401007 0.000992334  0.000391699  -3.54295e-05  -0.000402192  -0.000313727  0.00161573  -0.000547425  -0.00047873  0.000686386  0.00221727 
347 -3.05876e-06 0.491625 0.000320112 0.0399618 0.000223878  8.7034e-05  -6.61076e-05  1.50128e-05  7.14791e-05  7.6813e-05  -8.22567e-05  9.72703e-05  2.15028e-05  0.000111714 
349 -0.000213029 0.396986 0.00937077 0.0400001 0.00155889  -0.0011803  -0.000302717  -0.00152224  0.00532899  -0.00343993  -0.00259801  -0.00120692  0.00553962  0.00156656 
351 0.000574928 0.760683 0.0244835 0.04258 0.00611096  0.000215546  -0.0167068  -0.00769153  0.00831729  0.00465774  -0.00593918  -0.0027932  -0.00586158  0.0074477 
353 -0.000103355 0.132975 0.0123185 0.0351894 -0.00109401  -0.0100217  0.00404703  0.00351973  -0.000425377  0.00334562  -0.00147288  0.00101474  0.00156078  -0.00208294 
356 0.000237207 0.673946 0.0128472 0.0366286 -0.000135182  0.00276108  -0.000803407  0.00202546  -0.00580283  -0.00110026  0.00632206  0.00104764  -0.00836554  0.00259401 
357 -4.97626e-05 0.459298 0.00284662 0.0332337 0.000875895  -0.000984821  0.0012193  -0.000459717  -0.000603426  -0.000460235  -0.00087982  -0.000904224  0.00153666  -0.000373074 
359 -0.000427629 -0.255518 0.0359512 0.0339741 0.00815545  0.00108987  -0.0112808  -0.0290789  0.00118961  0.00396564  -0.00994614  -0.0102172  0.00246206  0.0050423 
362 -0.00029053 0.0778281 0.0221517 0.0397739 -0.0035635  -0.0134115  -0.000126045  0.00564888  -0.00624004  -0.000721242  -0.00856512  -0.00952058  -0.00762829  -0.0021338 
363 0.000789649 0.65722 0.0222863 0.0432728 -0.00745336  0.0164615  -0.00429614  -0.00213919  0.00620122  0.000746017  0.00969138  0.00135849  0.00325242  -0.00132469 
364 -0.000404191 0.207669 0.0217435 0.032912 0.00404577  -0.00602106  8.99832e-05  -0.0115767  0.00384656  -0.00913974  0.00190172  0.00189468  -0.00239249  -0.0132238 
365 5.23458e-05 5.45171 0.032197 0.0385677 -0.00912201  0.0127594  0.0104888  0.0102854  -0.0151268  -0.00134485  0.00834492  -0.0105062  -0.009177  0.00894211 
369 -0.00019271 0.42721 0.00749221 0.0378831 0.00310766  0.00350185  0.00187512  -0.00326588  0.00282235  0.00149465  0.000199076  -0.000447808  0.00291812  -0.00103704 
370 7.02466e-05 6.44018 0.0408498 0.0403467 -0.00205189  0.00148926  -0.00252559  0.0300379  0.000877568  0.0228768  -8.64045e-05  0.0008467  0.0147631  -0.0032912 
373 -3.89672e-05 0.287136 0.00576021 0.0394666 -0.00202868  -0.000279001  -0.00435792  0.00202994  -0.00149976  0.000651516  -0.000163722  -0.00108275  0.000802293  0.00116531 
376 0.00019624 0.752223 0.0140705 0.0399572 -0.00449167  -0.00504644  -0.00766583  -0.00116079  0.00739118  0.00359894  -0.000842282  0.00426529  0.00143408  0.00191954 
378 4.69204e-05 1.65329 0.0147119 0.0374214 0.0047377  -0.000816765  0.00674126  0.00627083  0.00170406  7.28853e-06  0.00343123  0.00841329  -0.00447034  -0.00176516 
381 -4.92386e-05 0.440302 0.00342919 0.0367891 -0.00112294  -0.00214573  0.000487394  0.00026556  0.00167866  -0.0003705  -0.000447576  -0.000943915  1.77338e-05  0.00124067 
385 1.93251e-05 2.70375 0.0130517 0.0374523 -0.00117714  -0.00437518  -8.6229e-06  0.00184872  -0.00549811  0.00464923  0.00708209  0.00593065  -0.00286908  -0.000997499 
387 0.000136248 1.2649 0.0204163 0.0371935 -0.00986455  0.00445553  -0.00122367  -0.00240948  0.00328865  -0.0101675  -0.00709198  -0.00970929  -0.00556505  0.00162253 
388 -0.000525565 0.212718 0.0245804 0.0353145 -0.0084433  -0.00052521  0.00196453  -0.00121937  0.00981765  -0.00134498  0.0189899  0.00559793  -0.00234871  -0.00562291 
390 3.77392e-06 0.503074 0.000215436 0.0421048 8.07891e-05  -8.79845e-06  -0.000141182  -3.41931e-05  1.4831e-05  2.02285e-05  1.09405e-05  -3.54069e-05  -2.4864e-05  -0.000126831 
394 -0.000227853 0.449647 0.00677665 0.04206 -0.00150129  0.00327349  -0.002437  0.002739  0.00256219  -0.00160925  -0.000126715  0.00255189  -0.00159558  0.00113301 
395 -3.63694e-06 0.174777 0.00217515 0.0446869 -0.000310542  -0.000415576  0.000365391  -0.000126887  0.000740531  0.00129341  -0.000735413  0.000930702  0.000732286  0.000384645 
399 -0.000371158 -0.0730604 0.0291705 0.0447276 0.00272059  0.00330916  0.00194311  -0.0138692  -0.011126  0.00960216  0.00133164  -0.0165313  -0.0101012  0.0065846 
401 0.000181957 2.2091 0.0352652 0.048701 -0.0143539  0.00619999  -0.00347611  -0.0104343  -0.00453051  -0.00804615  -0.00624975  0.00971005  -0.00364735  -0.0254222 
406 0.000624598 0.902517 0.031708 0.0467958 0.00762323  -0.0235569  0.0144873  -0.00446203  0.00163212  -0.000219107  0.00432646  0.00921768  0.00590784  0.00461187 
407 -0.000233815 -0.393132 0.0289024 0.0395657 0.00916346  0.00219913  -0.0117034  0.0125122  0.00369571  -0.0111096  -0.00304416  -0.00376071  -0.0170745  -0.000992143 
408 -0.000229822 0.429683 0.00804205 0.042418 0.00355956  0.000829234  -0.00135455  0.00571548  0.00218926  -0.00135647  -0.00119172  -0.00268919  -0.0012353  -6.44397e-05 
409 2.43711e-05 0.517367 0.00130128 0.0450459 -0.000401925  0.000208605  2.21104e-05  -0.000395466  0.000393344  -3.63688e-05  -0.000307777  -0.000730795  0.000474584  0.000566852 
410 0.000219209 0.542591 0.00611272 0.0447746 0.00146827  0.00243424  -0.000200352  0.000102654  0.000287391  0.00277728  0.00207874  0.000165941  0.00411156  0.000428729 
411 -0.000123718 0.285202 0.0103107 0.0422561 -0.00412016  -0.00415708  0.00319229  0.00476106  0.00327598  0.00275628  -0.00136686  0.00347226  0.00221558  0.00142565 
415 0.000243059 1.38907 0.0293976 0.0436956 0.00620425  0.00674815  -0.00168337  -0.016226  0.00458579  -0.0135552  -0.0100101  0.0127957  -0.000464781  -0.00671961 
416 -0.000267566 0.194022 0.0180981 0.04082 -0.00795266  0.0027435  0.00664395  0.00173403  0.00356479  -0.00407408  0.00194963  -0.0113405  0.00581392  0.0037559 
417 -0.000158539 -2.33415 0.0423916 0.0439759 0.0119976  -0.020394  -0.0104929  -0.00907435  0.00402206  0.0182464  0.018469  0.00106445  0.0109233  0.0152997 
418 7.71609e-06 15.5093 0.0215226 0.0457431 -0.0110952  -0.00309345  0.00296505  -0.00940079  -0.00123674  -0.0107347  -0.0104799  -7.04589e-05  -0.00203424  -0.00162748 
422 -0.000199863 -1.80063 0.0428838 0.0456587 -0.0300548  0.00576953  -0.00855161  0.0102991  -0.0232369  0.00275599  -0.000149598  0.000813478  0.00118819  -0.0131757 
423 0.000735465 1.9436 0.0651407 0.0477974 0.0341082  0.0205052  0.0150512  0.0318312  -0.00719445  0.00954862  0.000246573  0.0158853  0.0230983  0.0221549 
424 0.000120351 0.556364 0.00520955 0.0393624 -0.00193232  -0.000699641  -0.00215344  0.000324414  -0.000281602  -0.000230147  -0.00162117  0.00211556  -0.00278958  -0.00177641 
425 0.000172001 0.588276 0.00779381 0.0378029 -0.000135783  -0.00211892  -0.00184941  -0.00240392  -0.00472031  -0.000247055  -0.00020898  -0.00152442  0.00334233  -0.00333991 
426 -9.13513e-05 0.428477 0.00511273 0.0354552 0.00316077  -6.7668e-05  0.00121984  0.00120421  0.00176482  -0.000707211  0.000881598  0.00289299  -0.00035994  -0.000562138 
427 -7.90511e-05 0.345671 0.00698601 0.0367209 -0.00125653  0.00471939  0.000518771  0.00159428  0.000710074  -0.00119377  -0.00396175  -0.000184098  0.0011011  -0.00180852 
428 3.65086e-05 1.23814 0.0103823 0.037782 0.0013058  0.00388954  0.000702508  -0.00131444  0.000949956  0.0077233  -4.97825e-05  -0.00147321  -0.00477371  -0.00179541 
429 0.000124475 1.35914 0.0206815 0.0372958 0.0102171  -0.01008  0.00429046  0.000959292  -0.00570764  -0.0020538  -0.00167451  -0.0102316  -0.00522139  0.00555443 
430 3.41359e-05 0.608238 0.00384441 0.035588 -0.000441616  -0.000411237  -0.00221131  0.000536333  -0.00120359  -0.00056515  -0.00103062  0.00252391  -0.000156793  0.000113746 
434 -4.68176e-05 0.357478 0.00516641 0.0351051 -0.000868503  -0.000418584  0.00254878  -0.000462737  0.000526964  0.00339582  -0.00041137  -0.000272548  -0.00194157  -0.00179705 
439 -0.000122564 0.251793 0.0110317 0.0357658 0.00482404  -0.00390729  -0.00340303  0.00243152  0.00221631  -0.00085834  -0.00231299  -0.00109499  -0.00620765  0.00386448 
443 -0.000114161 -0.348591 0.0196853 0.0374401 -0.00902294  -0.00705993  -0.000997514  -0.00192522  -0.0131319  0.000451839  0.00301826  -0.00321748  -0.000478018  -0.00769498 
444 6.12818e-05 0.993906 0.011003 0.0389349 -0.0038401  0.000548589  -0.00523035  -0.000449452  -0.0015407  -0.00234759  0.000396454  0.00830269  0.00115538  -0.000385562 
447 -0.000393527 0.474479 0.00634491 0.0381399 -0.000571408  -0.00240328  0.000701229  0.00355287  -0.00309935  -0.000704308  0.00152992  -0.000784187  0.00275623  0.000621773 
449 -0.000102783 -0.84178 0.0234872 0.0429913 0.0019936  -0.0080656  0.00231172  -0.00647201  0.00756239  0.0121315  -0.0108679  0.00993279  0.00373254  0.000565852 
450 -3.41545e-05 -1.19959 0.0152379 0.0441706 -0.00783848  -0.00419712  0.00288696  -0.0014611  -0.00238596  -0.00907745  -0.00452834  -0.00271272  -0.00396669  0.00331255 
452 0.000202726 0.840533 0.016617 0.0445555 0.00683996  0.00201859  -0.00643126  -0.00260609  -0.00560102  0.00507131  0.00347102  -0.00752462  0.00574749  -0.00428013 
455 -0.000257373 0.443983 0.00759668 0.0422196 -0.00279187  0.00109231  -0.00372546  0.000813431  -0.00125135  0.00325249  -0.00102078  0.00228278  0.00389986  -0.000758007 
456 0.000135362 0.57328 0.0062995 0.0451652 -0.00337491  -0.000759494  0.00155582  0.000739439  0.00342198  -0.00216802  0.00139381  0.00162696  -0.0019059  -0.000342272 
457 0.000492761 0.544487 0.00936932 0.0436411 0.00180819  0.00359554  0.000527093  -0.00601798  0.00345105  -0.000135284  -0.000246609  0.00195372  -0.00218878  0.00380737 
458 -8.4557e-06 0.157583 0.00340317 0.0375753 -0.000249336  -0.00121064  0.00242978  -0.000143765  0.00174524  0.000212479  0.000410886  0.000493385  -0.00072103  -0.000325717 
459 0.000674236 0.762382 0.0265999 0.0376877 -0.00470153  0.00958532  -0.00604034  0.00180793  0.0134622  -0.00926631  -0.00457791  -0.0112787  -0.0117376  -0.000885363 
461 -0.000222983 0.33614 0.0120909 0.0273194 -0.00539161  0.00589717  -0.00233721  0.00121857  -0.00402376  -0.00183145  -0.0023216  -0.000914034  0.00433098  0.00555599 
462 -2.49959e-05 0.398281 0.00318914 0.0311345 0.000863963  0.000410846  -0.000553977  0.000905948  0.00131904  -0.000632399  0.000389508  -9.12449e-05  0.000263481  0.00239969 
463 0.000112241 1.21078 0.0178631 0.0315334 0.00548373  -0.0108995  0.00316004  -0.00624625  -0.00364078  0.00492579  0.00875151  0.000375238  -0.00240581  0.00108695 
474 -0.000196431 0.398656 0.00892495 0.0297005 0.000114585  -0.00180882  -0.00530767  0.0054256  0.00320001  0.00101499  -0.00166647  -0.00131373  0.00101869  -0.00139654 
475 -0.000716126 -0.320093 0.0484723 0.0328416 -0.0035492  0.0292569  -0.00571357  -0.0263706  -0.0121081  -0.00547814  0.00809661  0.0202173  -0.0088809  0.00481316 
476 -0.000220746 0.318915 0.0126465 0.0423669 0.00585754  0.00154749  -6.07323e-05  -0.00140751  -0.00384001  -0.00432119  -0.0038456  0.000503617  -0.00786903  -0.00329564 
479 -5.53279e-05 0.0576742 0.00989418 0.0448968 0.00348765  -0.00071763  -0.00503891  -0.00428085  -0.00192083  0.00228728  -0.00243062  -0.00283181  0.000296482  -0.00430857 
480 -1.29484e-05 -4.51725 0.01612 0.0455088 -0.00746317  0.00715532  0.00146474  -0.00253766  0.00518332  0.00050995  -0.007993  -0.00662901  0.00292496  0.00092584 
485 -3.13326e-06 -9.62764 0.0112662 0.0456509 0.00203132  0.00511119  0.000767174  0.00202129  0.00869588  0.00226906  -0.000961976  -0.000679675  -0.0029445  -0.00108592 
486 0.000125772 0.574284 0.00611366 0.0456852 0.00133227  -0.000542261  0.0016986  -0.00191723  0.00150693  -0.00427462  -0.000969912  0.00078929  0.000174572  -0.00257089 
489 6.01305e-05 0.605186 0.00502997 0.0442874 0.00118103  0.00132345  0.000741215  0.00211002  -0.000787627  0.00160609  -0.00127006  -0.000534601  0.00271928  0.00215858 
492 7.7185e-06 3.48454 0.00959914 0.0436032 -0.00277096  -0.00220851  -0.00314993  0.000850276  -0.00247128  -0.00641622  0.000956563  0.0035056  0.0029091  -2.1421e-05 
493 0.00102646 0.69738 0.0284681 0.0435146 0.00840985  -0.00641716  0.00190879  0.00490246  0.00624831  -0.00791702  0.0158071  -0.00663663  0.0165785  -0.000611818 
495 0.00028603 0.973159 0.0232654 0.029455 -0.00267808  -0.0153951  -0.00229859  -0.00018155  0.00742264  -0.00272748  -0.00731999  -0.00409494  0.00576842  -0.011208 
496 -3.51912e-05 -0.0140707 0.00850672 0.0241165 0.0029678  0.00417353  -0.0028531  0.00184776  0.003097  0.00373904  -0.00274303  -0.000954609  -0.00128893  0.000956553 
497 -8.52078e-05 -0.00985124 0.0131826 0.0248354 0.00596728  0.00149388  -0.00154993  0.000301614  -0.00553774  0.00243919  0.00143029  0.00234077  -0.00614871  -0.00717631 
498 -0.000299966 0.167007 0.0199908 0.0264954 -0.00277634  0.000376664  0.00428199  -0.00220933  -0.0184373  0.000371235  -0.00151719  0.00509104  0.000516258  -6.89399e-05 
499 0.000242959 0.535317 0.00586065 0.0316547 -0.000519308  -0.000728483  0.000614796  0.00260443  0.00434341  -0.000995201  0.000550673  -0.00199233  -0.00141077  0.000517003 
500 3.05042e-05 1.98268 0.0134501 0.0275516 0.00551385  0.00524588  0.00258469  -0.00140523  0.003952  0.00284874  0.00202455  -0.00517893  -0.00755815  0.00159659 
