generation s h r distopt trait[0] trait[1] trait[2] trait[3] trait[4] trait[5] trait[6] trait[7] trait[8] trait[9] 
3 0.000118892 0.952744 0.0146731 0.02 -0.000220323  -0.00913425  0.000110699  -0.00502712  -0.000628559  0.00869376  0.00231789  -0.00149652  0.00175767  -0.00445584 
7 -7.77327e-05 0.345708 0.00692667 0.0530353 0.000355355  8.32235e-05  0.00225031  0.0022893  0.000514746  0.00161763  -0.00107917  -0.00504194  -0.000438316  -0.00280736 
9 4.89781e-06 0.55843 0.00106992 0.0731706 0.000393049  0.000140276  -0.000150408  -0.000489813  6.57375e-05  0.000416773  -0.000526371  0.000415532  8.01189e-06  0.000283215 
10 0.00161014 0.5646 0.0204205 0.0829478 -0.00212679  -0.0155001  0.00643932  -0.00098876  -0.00381058  0.00302192  0.00343031  -0.00452637  -0.00858301  0.000448963 
11 -0.000116373 0.496326 0.00131034 0.0820529 -0.000943811  0.000298645  -2.63983e-06  -0.000200793  -0.000339555  0.00030537  -0.00015094  0.000648043  9.11227e-05  -0.000192633 
13 0.00282203 1.03186 0.0774253 0.101965 0.0403838  -0.0181466  -0.0054961  0.0223082  -0.0106327  -0.00363269  -0.0426926  0.0267667  0.022468  0.0183438 
16 0.000242248 0.561482 0.00771989 0.111658 0.00243822  -0.00182452  -0.00319865  0.00306536  -0.00133566  -0.000471603  -0.00150539  -0.00108395  -0.00404335  0.00298312 
17 0.000627036 0.593541 0.0153209 0.119174 0.00186262  -0.00471628  0.000821901  -4.8208e-05  -0.0122667  0.0042649  0.00421756  0.000569237  0.00420191  -0.0019776 
21 0.00708551 0.553234 0.0390906 0.151916 0.0117203  -0.0223004  -0.00914049  0.00151346  0.0118506  -0.00240431  0.00166836  0.00140664  -0.0244392  -0.00770112 
23 0.00130973 0.59138 0.0218918 0.144797 0.000200663  -0.012293  -0.00455716  0.00501006  -0.0116647  0.00716244  -0.00773944  0.00417529  0.00129714  -0.00398051 
24 0.000979317 0.859182 0.0375041 0.149005 -0.0273148  -0.00783207  0.00726054  -0.00626482  0.0194076  -0.00589259  0.00148717  -0.00471462  0.0012978  -0.00834603 
27 0.00438824 0.517865 0.0179573 0.173933 0.00687769  -0.0105102  0.00134914  -0.00631204  0.00240568  -0.00746894  0.00135911  0.00507247  0.00288154  0.00505813 
29 0.00519534 1.86735 0.168093 0.179999 0.0429728  -0.0586857  -0.0304174  -0.0649342  0.0874223  -0.0210193  0.0470988  -0.0424094  -0.0324834  0.0683116 
30 0.00425928 1.62964 0.138448 0.171369 -0.0673175  -0.0801815  0.035113  -0.0191745  -0.0569639  0.001753  0.0387789  -0.0242504  0.035591  -0.000292714 
31 0.0052977 0.570519 0.0387827 0.162789 0.00258844  0.00134291  -0.0118289  0.00735637  -0.00717524  0.0147604  -0.0122226  0.0119746  0.0205299  -0.0178309 
32 0.0048392 1.34835 0.127906 0.151012 0.034289  -0.0385677  -0.00198066  -0.0163344  -0.0501209  -0.0240487  0.0124764  0.0788648  -0.0392174  -0.0492162 
37 0.00243505 0.68645 0.0426192 0.155058 -0.00227884  0.00061347  0.0011243  0.0361159  -0.00736066  0.00777993  0.0177499  -0.00739131  0.00419866  0.00178449 
38 0.000876342 0.809945 0.032958 0.153143 0.00338567  -0.0129342  -0.00236825  -0.00487695  -0.00354734  0.0216426  0.0117229  -0.012443  0.00938968  0.00408332 
41 0.00459178 0.873968 0.0828107 0.168843 0.00116833  -0.0292896  -0.0164711  0.0187382  0.00380477  0.0204045  -0.0285086  -0.000356629  0.0627007  -0.0141738 
44 0.00472443 0.682751 0.0587798 0.173226 0.0128467  -0.0278821  0.0334311  0.00607579  -0.00655057  -0.0111716  -0.00322878  -0.0170441  0.021439  -0.0207313 
47 0.00482412 0.662465 0.0560161 0.177014 -0.00132865  -0.011275  -0.0123415  0.00157887  -0.00551244  0.00430699  -0.0386082  -0.0159949  -0.00880353  0.0313248 
49 0.00103553 5.76082 0.147381 0.176499 0.00406649  -0.038144  0.0564805  0.0300496  0.0564783  0.0143895  -0.0261684  0.0933502  -0.0431573  0.0387071 
50 0.0137165 0.842299 0.136756 0.178874 0.0804922  -0.0176674  -0.040458  0.0419119  -0.0416602  -0.0203482  0.0689999  -0.0184893  -0.0282165  0.0216538 
53 0.00496445 0.698141 0.0627315 0.149609 -0.00114875  -0.0244931  0.00788804  -0.0150538  -0.0355085  0.00630814  -0.0202097  -0.0134308  -0.0192666  -0.028009 
54 -0.000294892 -17.9572 0.147363 0.136835 0.0846104  -0.0417911  0.00676398  -0.0083613  0.0136668  -0.0690647  0.0289771  -0.0399483  0.0556136  0.0470056 
55 0.00857766 0.656249 0.0732873 0.138173 -0.011266  -0.00216682  -0.00681563  -0.0212866  0.0465297  -0.0169095  -0.023926  -0.0329423  -0.0151361  -0.0200535 
56 0.000745362 1.15049 0.0440281 0.10426 0.00542806  0.00290861  -0.00841819  0.00227462  0.0120977  0.0250815  -0.00907924  0.00302895  0.0307452  0.00349368 
57 0.00113836 0.523471 0.0103663 0.103231 0.0013882  -0.00526558  -0.00261335  0.000244891  0.00316494  -0.00355213  -0.00297563  0.00094805  -0.005204  -0.00338357 
59 0.000396641 0.510892 0.00416615 0.104719 -0.00142498  -0.00146661  -0.00124789  -0.000326645  -0.00217585  0.00148537  -0.00113819  7.6532e-06  -0.00164399  0.000756605 
60 0.00161134 0.547054 0.0174448 0.107597 -0.00234328  -0.00399786  -0.000707175  0.0127699  -0.00271651  0.00638937  -0.00504171  -0.00163575  -0.00364254  -0.00545086 
61 0.00280282 0.568448 0.0277517 0.105444 0.0109371  -0.010852  0.00234519  7.04086e-05  0.00211887  0.000597474  -0.000244309  -0.0144863  -0.00749007  -0.0160127 
62 0.00167287 0.904255 0.0519931 0.096886 0.0111276  -0.0239719  -0.0306811  -0.00229669  -0.00710031  0.0201152  -0.0171627  -0.0109538  -0.00901359  0.0103625 
63 0.00194886 0.779106 0.0466362 0.0919489 0.000454213  -0.00944833  -0.0042238  0.00993825  -0.0108536  0.0178828  -0.0201996  0.0250326  -0.0218441  -0.00440831 
66 0.00255789 2.297 0.135365 0.0969072 0.0173226  -0.0664901  0.0566018  -0.0573998  0.0311379  -0.0201866  0.030719  0.0283353  0.0604855  -0.0179502 
70 0.00209752 0.800789 0.0502235 0.0896451 0.012654  -0.0124652  0.0160299  0.0254635  -0.0182902  -0.00860932  -0.00405457  0.0125137  -0.0264702  0.00438079 
71 -0.00047547 -0.579512 0.045312 0.0800856 0.0178124  -0.0290968  -0.00293268  -0.0155237  -0.00842329  -0.0126665  -0.00235843  0.00582918  0.00652941  -0.0180589 
75 0.000819067 1.61683 0.0604666 0.0899142 0.00590724  -0.00292466  -0.0454971  0.0130674  0.0142134  -0.0162864  0.0134205  -0.0138511  0.00185954  -0.0230071 
77 -2.58923e-05 0.375711 0.00358789 0.0941539 -0.00066996  0.000130953  -0.00109098  0.00169231  0.00116897  -0.000852174  -0.000145927  0.000961491  -0.000881389  0.00213015 
78 0.00267431 0.68233 0.0441692 0.0999898 -0.00913992  -0.0220807  0.014504  -0.00473815  -0.0259582  0.00331256  0.00738211  0.00391447  -0.0141764  0.0138352 
79 0.00194651 0.769427 0.0457938 0.0910839 0.000497566  -0.022025  -0.0116969  0.0150651  0.00449098  0.00398185  -0.0257062  0.0122591  0.00413822  -0.0195884 
81 0.00195528 0.546322 0.0190742 0.0898234 0.00062593  -0.00875234  0.00289651  -0.00809605  0.00330347  0.0018446  -0.00763378  -0.007181  -0.00500731  0.00797896 
83 0.00226855 0.744659 0.0471118 0.0910958 -0.00141554  -0.0277037  -0.0120794  -0.00722158  0.000592008  0.0233278  -0.0221454  0.0131144  -0.00620759  -0.00254626 
86 0.00470439 0.686061 0.0591818 0.0964604 0.0276764  -0.0363713  0.00989058  0.0113101  -0.00705869  0.0209804  0.0145888  0.0151941  -0.0158048  0.00209762 
91 0.00204893 0.541055 0.0183906 0.0982112 0.00219704  -0.0119418  -0.00793512  -0.00399298  -0.000410604  0.00427176  0.00364399  -0.00463492  0.00386113  0.00661708 
95 0.000245686 0.510465 0.00321145 0.119482 0.000101557  -0.000693467  -0.000458075  -0.00153489  -0.000202135  -0.0022739  0.000729224  -0.000997968  -0.000652428  -0.000302723 
96 -0.000177048 0.451998 0.00583206 0.127225 0.00174541  0.00193532  0.00409844  0.000160036  -0.00136479  0.000254542  -0.00135963  -0.000305333  -0.00242773  -0.00079692 
98 0.000401189 0.567052 0.0103759 0.146012 0.0021864  -0.000210583  -0.0031874  -0.00423549  0.00470137  0.000684643  -0.0038788  -0.00161651  -0.00148508  -0.00568334 
99 0.00349725 0.62212 0.0413652 0.15387 0.0138038  -0.0128596  0.0120557  0.00478572  0.0180943  -0.0158794  0.00747472  0.0128875  0.00795729  0.0179468 
100 0.00741024 0.549659 0.0386456 0.150994 0.00723703  -0.0267591  -0.0109926  0.00227986  0.00826213  0.0152109  0.00288869  -0.00773405  0.0129851  -0.00791288 
102 0.00172692 0.599205 0.0261938 0.141934 -0.00318723  -0.00602053  0.0151872  0.0150835  -0.00751802  -2.45304e-05  -0.00698863  -0.0059771  -0.00575118  -0.00271682 
104 -0.000372492 0.485469 0.00466084 0.154191 -0.00162824  0.00119383  -0.000566204  -0.0013659  3.50365e-05  0.00344772  0.00133026  -0.000297337  -0.000621508  -0.0011526 
106 0.00122936 0.509183 0.00677359 0.174275 0.00152032  -0.00322638  -0.00370701  0.000517604  0.00101516  -0.00119493  0.000826981  -0.00191743  0.00306509  0.00171381 
109 0.00236772 0.665319 0.0395772 0.199414 -0.0140656  -0.016622  -0.00890606  -0.0114719  -0.0117587  -0.00714321  -0.00270716  -0.00816485  0.0149138  0.0198896 
110 0.00776873 1.47759 0.173715 0.202835 -0.00144651  -0.0992023  -0.0652984  0.0175612  0.0377941  -0.0548993  0.0845205  -0.038188  -0.0283521  0.0437425 
111 0.00547379 1.2887 0.131147 0.188475 0.00199163  -0.0303714  0.0408062  -0.0292613  -0.0146907  0.0582356  -0.0562439  -0.0744658  0.011608  0.0360742 
112 0.0114772 0.78119 0.11349 0.178345 0.0413816  -0.0110338  -0.00764625  0.0351962  0.0274661  0.0258106  -0.0460733  0.051517  0.0451342  -0.0389128 
113 0.00270754 0.742712 0.0512626 0.147708 0.037202  -0.00139444  -0.00845337  -0.0105448  0.0212697  -0.0136189  -0.000231278  0.00935762  0.00739992  -0.0167037 
114 0.00276085 1.38564 0.0987871 0.142918 0.0324733  0.0143303  0.00659541  -0.0237977  -0.0510966  0.0407091  0.0274139  0.0513623  -0.0152141  8.87235e-05 
115 0.000251346 8.95858 0.0921632 0.138552 0.0222319  0.0167231  0.00171174  0.0253483  0.0183602  -0.0101135  -0.0457576  -0.0329704  -0.0521157  -0.0271744 
118 0.00139044 1.01914 0.0537146 0.158576 0.000439735  -0.00721394  0.0176617  0.0219971  -0.0225801  -0.0235997  -0.0166221  0.0193138  0.0114695  -0.0137672 
119 0.00347667 1.77427 0.13288 0.161516 0.0566042  -0.0542036  0.0461738  0.00959638  0.010034  -0.0860182  0.0133335  -0.0180258  0.00243629  -0.0358118 
120 0.00124806 0.757749 0.035868 0.153988 -0.00848393  0.00826901  -0.00286612  0.0161521  -0.00941333  0.0190577  0.00301815  -0.00997782  -0.0152825  0.00911198 
121 0.00794042 0.585716 0.0523647 0.154849 -0.0235304  -0.0159069  -0.000526365  -0.0202446  0.0253678  0.0153554  0.0121663  0.00987475  0.0198686  -0.00237351 
123 0.00140468 0.754177 0.0377873 0.139528 -0.0154909  -0.00774659  0.00463361  -0.000900803  -0.000823535  0.00966862  0.0128707  -0.0225886  0.00849869  -0.0162275 
124 0.00596896 0.68745 0.0669135 0.14156 0.0204587  -0.0434201  0.0149303  0.0248685  -0.0175789  -0.00285135  0.0151425  0.00263514  -0.0278583  -0.00165135 
126 0.00112789 0.774784 0.0352058 0.129306 0.003014  -0.00805626  -0.0156231  -0.00178895  -0.0154076  -0.000115667  -0.0137062  0.00200791  0.0219216  -0.00288498 
127 0.00695736 0.601522 0.0532781 0.130526 0.0141216  -0.0244395  0.0123543  -0.0271015  0.00982961  0.0150179  0.0239059  -0.0102569  0.00440337  0.0116826 
131 0.00803672 0.73852 0.0875313 0.125065 0.0330016  -0.0466779  -0.0152405  -0.0290211  0.0183019  -0.0107604  -0.0228634  -0.00633447  -0.0343236  0.0335797 
133 0.000416523 0.585007 0.0119032 0.0968267 -0.000686307  0.000165928  -0.00449494  -0.00334301  -0.00723259  -0.000207239  -0.00490524  0.00346735  -0.00454603  0.000838317 
136 0.00439781 0.662462 0.0534813 0.11442 -0.0190848  -0.0298878  0.00219619  -0.0268635  0.00282586  0.00525636  0.0027965  -0.00713234  0.0114761  -0.0255003 
139 0.00539136 0.573034 0.0398112 0.115837 0.00745237  -0.0303184  -0.00676513  0.00596872  0.0152531  0.00437484  0.00582478  0.0084402  0.0128164  0.00275113 
147 0.00603622 0.545119 0.0332276 0.156445 0.0163813  -0.016922  -0.0158344  0.00319653  -0.00336132  0.00802403  0.00985331  0.0039904  -0.00381236  -0.00923003 
148 0.0039249 0.610617 0.0417197 0.144821 -0.0168103  -0.0231734  -0.00925948  0.0104198  -0.0171932  -0.00479644  -0.0144768  -0.00771904  -0.00847056  -0.00819203 
149 0.0119579 0.631504 0.0794886 0.139544 0.0114554  -0.060972  0.00979765  -0.0192419  6.80986e-06  0.00786392  0.0169255  -0.019077  -0.018818  0.0306108 
150 -8.09905e-05 -0.157938 0.0145998 0.0948041 -0.0033179  0.00352705  -0.000529651  0.0016267  -0.00746173  -0.00269204  -0.00766669  0.00676612  -0.000451735  0.00436932 
151 0.00231432 0.700642 0.0430987 0.103739 0.00497418  -0.0156069  0.0157746  -0.00374686  -0.0160837  -0.00721147  0.0315804  0.000214096  -0.00123672  0.00408791 
152 0.00217173 0.936535 0.0615515 0.100083 0.0427039  0.00577801  0.00927177  -0.00622174  0.0201248  0.0119203  -0.00954739  0.0311536  0.00870039  -0.0110639 
156 0.00722814 0.724397 0.0805311 0.123421 -0.016035  -0.0577035  -0.0258408  -0.0153777  -0.0165203  0.0248405  0.0181354  -0.0153877  0.0112545  0.0202954 
157 0.00144821 0.629631 0.0274111 0.0971258 0.00368872  -0.00978296  0.013238  -0.0053638  0.00754574  -0.0158856  0.0022445  0.00697248  0.00685261  0.00530434 
161 -2.25454e-05 0.487919 0.00104392 0.121498 0.000133526  0.000125061  0.000424252  0.00027172  0.000285931  0.000369756  0.000701864  0.0001636  1.25147e-05  -0.000253892 
162 0.00421216 0.964529 0.0883823 0.130306 0.0239343  -0.0453158  0.00509164  0.0112902  -0.0177305  -0.0149817  -0.00296207  0.0204477  0.0601019  0.0213011 
163 0.00443307 1.26514 0.116295 0.118957 -0.0144108  -0.0196267  0.000788873  0.0428256  0.00875505  0.0329234  0.0368663  0.0279846  -0.0742448  -0.0477694 
167 0.00462515 1.28109 0.120008 0.127345 0.0329773  -0.0738236  -0.0222497  0.0168271  0.0469567  0.012652  0.015846  -0.0586332  0.0154182  0.0281895 
168 0.00044634 0.920684 0.0274032 0.110037 0.00257178  -0.00335837  -0.0065036  0.00189015  -0.00788566  0.0139484  -0.00518238  0.0179279  0.00893919  0.00150136 
169 0.00591153 0.825622 0.0876757 0.110842 -0.0131371  -0.00314797  0.030797  -0.0323993  -0.0396023  -0.00504062  -0.0569045  -0.00351489  -0.0224364  0.0125997 
170 0.00283079 0.618137 0.0366001 0.0851961 0.0106795  -0.0206577  0.000601008  0.00186281  0.00347543  -0.00922301  0.00497911  -0.0100935  -0.010727  -0.0213556 
171 -2.54653e-05 0.135431 0.00609394 0.0709549 -0.00158914  0.00217396  -0.00244483  0.00243853  -0.000492766  0.000266843  0.00127581  0.00297132  3.67812e-06  -0.00268152 
173 0.000549429 2.00504 0.0574937 0.0834913 0.0266834  -0.0170258  0.0199832  0.0310745  0.018475  -0.0113017  -0.00049941  -0.0147513  -0.0137662  -0.00789147 
175 3.0896e-05 0.502544 0.000561179 0.0899699 -0.000176663  -0.000302313  6.06519e-05  3.75671e-05  0.000106532  -7.82432e-06  6.70779e-05  0.000286098  0.000125892  -0.000271327 
177 0.00106253 0.647198 0.0250158 0.102608 0.00238948  -0.0141306  0.00405203  -0.010268  -0.0110657  0.0113708  -0.00198431  -0.000496875  -0.00589713  0.00280216 
179 0.00784631 0.803133 0.0974477 0.110328 0.0236712  -0.030877  -0.0532493  -0.0107188  -0.0368451  -0.0527122  -0.00466193  0.0146563  0.0174049  -0.0188772 
182 0.00200043 0.532943 0.0162887 0.0875221 0.00459271  -0.0104895  0.000642316  0.00438033  0.000652996  0.00653014  0.000695565  0.00645909  0.00103715  0.00531532 
183 0.00200228 0.967135 0.0611379 0.0832702 -0.00624745  -0.0350886  0.00758517  -0.000423152  -8.01899e-05  -0.0208486  -0.0407736  0.00995295  0.00273859  0.0143587 
185 0.000746096 2.88986 0.084401 0.0829281 0.018401  -0.047157  -0.0289729  0.010538  -0.00562352  0.0311562  0.0212694  0.0368265  -0.00889486  0.026845 
186 0.0020423 0.693833 0.0397946 0.0799423 0.0220687  -0.0122822  5.51928e-05  -0.0215648  -0.00158753  -0.0019413  0.00215367  -0.0142048  0.0159959  0.00348114 
189 3.72141e-07 7.31157 0.00318425 0.0717047 0.00081863  0.0002645  2.83808e-06  -0.00240613  -0.000249255  -0.0013102  0.00113956  -0.000364299  0.00057681  0.00025906 
191 0.00167548 1.18491 0.0677137 0.0816442 0.00201479  -0.0119846  0.00392352  -0.00995142  0.0552754  0.0138955  -0.00921263  -0.0272342  0.014276  0.00664823 
194 6.09169e-05 1.08031 0.011891 0.0898219 -0.00440688  -0.00278539  0.00340105  -0.00226086  0.00387953  -0.00407056  0.00383981  -0.00330513  0.00601902  -0.00200562 
196 0.000100607 0.62436 0.00707449 0.104988 -5.58899e-06  0.00182056  0.000334853  0.00134575  -0.000451026  -0.00285144  0.00249556  -0.00111265  0.002377  -0.00483329 
197 0.00186008 3.6098 0.151827 0.112974 0.0638139  -0.103021  -0.00685737  0.0199428  -0.00114658  -0.0755277  0.0285235  -0.00303672  -0.0295557  0.0227851 
198 0.00349399 0.73349 0.0571167 0.102734 -0.0273889  0.00125902  0.00269513  0.00444919  -0.032962  0.00921681  -0.0101502  -0.00925857  -0.006244  -0.0329294 
200 0.00256313 0.695504 0.044773 0.0862024 0.0112673  -0.0119347  0.00800082  0.00560377  -0.00943678  0.0112063  -0.0168315  0.00997267  0.0313593  -0.00768241 
204 0.000916469 1.15783 0.0490927 0.0710388 -0.000202963  -0.0189978  0.0373352  -0.0112551  0.00312341  0.0113328  0.00637288  -0.0181251  -0.00450398  -0.000968929 
205 0.0019681 0.613986 0.0299715 0.0642687 -0.00435113  0.00736059  0.00375629  -0.0041568  0.00792479  0.010613  0.00386422  0.0163106  -0.0154619  -0.00991557 
207 0.0014316 0.806063 0.0418572 0.046522 0.0220392  0.00809635  -0.00939532  0.00531663  0.00489782  0.0281894  0.0112452  0.00705269  -0.0029443  -0.00898372 
209 -0.00118122 -0.0296104 0.0500373 0.0270873 -0.00368441  -0.0227692  0.00283849  0.00010912  0.0187156  0.00229126  -0.00720724  0.0336817  -0.0192611  0.0071232 
211 -0.000220898 0.468823 0.00525122 0.043768 0.000642417  -0.00182216  -0.00211286  -0.000757501  0.00332274  -0.000737658  0.00123342  -0.000163419  -0.00187028  0.0014743 
219 0.00109448 0.816445 0.0372152 0.0462229 0.0186013  0.00180143  0.00519261  -0.00405128  -0.00475263  0.000392091  -0.0192827  -0.0113584  0.0216486  -0.000317129 
220 4.15945e-06 0.502801 0.000215887 0.0322906 7.23194e-05  2.68763e-05  1.21503e-06  -8.84027e-05  -7.3976e-05  1.65061e-05  6.9283e-06  -0.000160145  3.72712e-05  -3.10712e-06 
222 0.000426277 1.14426 0.0331396 0.0322261 -0.0169843  0.011232  -0.00540214  0.00939795  0.0011536  -0.00101347  0.0225799  -0.00667306  0.0030209  -0.000487645 
224 -0.000557746 0.283324 0.0219923 0.0247454 0.00392803  -0.00275655  -0.00139244  0.00503789  -0.00191939  0.0126579  0.00234595  -0.00321362  0.00633258  -0.0146108 
226 5.55083e-05 2.33648 0.0201923 0.0342087 -0.00276594  -0.0080595  -0.00312728  -0.00462204  -0.00149282  -0.0055622  -0.0057924  -0.00769169  -0.0132533  -0.00156569 
228 -0.000160004 0.303642 0.0112113 0.0333876 0.00663711  0.00174903  -0.003927  0.00378109  -0.000417493  0.0020619  0.00336924  0.0044024  0.00282061  -0.00239795 
229 0.000714339 0.752692 0.0268694 0.0357036 -0.00857772  0.016649  0.0102656  -0.00484314  0.00307565  -0.000262546  -0.00841009  0.00627865  -0.000123425  0.0110754 
230 3.33357e-05 3.96302 0.021488 0.0236783 -0.00411153  -0.00374191  -0.00181256  -0.00231734  -0.00847741  -0.000682235  -0.000844534  -0.00907523  0.0159468  -0.00353105 
231 -0.000399114 0.299616 0.0178895 0.0229636 -0.0130878  0.0061412  -0.00149138  0.00132621  0.000704089  0.00452807  -0.000623146  0.00377989  0.00152079  0.00831019 
232 -0.0002668 0.416132 0.00946311 0.0304388 -0.00288092  0.000650716  -0.00584843  -0.00346868  -0.000902968  0.00381222  0.00307378  -0.0023499  0.00194567  0.000698 
234 -0.000164218 0.406354 0.00784418 0.034545 -0.00143549  -0.000852831  -0.00509892  0.00230968  -0.00151708  0.00317009  -0.00101987  0.00155295  -0.00335712  0.000580186 
237 4.29749e-05 0.5329 0.00237831 0.0368454 0.000761466  0.000725922  -0.000606217  -0.00081206  -0.000206081  -0.000424306  -0.000311935  -0.00117371  0.00036545  0.00130063 
242 -0.000414142 0.444274 0.00961345 0.0362576 -0.00221774  0.00199736  0.00196535  -0.000970424  -0.0032244  0.00205021  0.00517509  0.00170638  0.00548247  -0.00208699 
244 0.000352971 2.44941 0.0524497 0.0415793 0.0348042  0.00169294  -0.00515752  -0.0130874  -0.00674952  -0.00418611  -0.0131768  -0.0033106  -0.0240148  -0.0226828 
245 -8.33255e-06 0.497436 0.000292415 0.0370936 5.11534e-05  2.95465e-05  4.69217e-06  2.64982e-05  -9.47758e-05  -3.12628e-05  -0.00014004  -2.95346e-05  0.000126279  -0.000186823 
248 -0.00019288 0.42547 0.00758455 0.0372057 0.00237858  0.00263458  -0.00346993  4.28087e-05  0.00423405  0.00360413  0.000636705  0.000936091  -0.000285566  0.000777448 
250 -0.000286662 0.338764 0.0135994 0.0397135 -0.00589245  -0.00205072  -0.000876816  0.0046643  -0.00485782  0.00168072  -0.00140287  -0.00500765  0.0064687  -0.00530861 
251 -0.000620965 0.193632 0.0275922 0.0431725 0.00949894  0.00780574  0.0024011  -0.015125  0.00519344  0.00911683  0.000581719  0.0148972  0.000118683  0.00657836 
253 -0.000320254 -0.238263 0.0307542 0.04985 -0.00281328  0.00144545  0.00991571  0.0121608  -0.0102214  0.00330426  -0.00730685  -0.00827991  -0.0185485  0.0104028 
257 0.0013914 0.851308 0.0442083 0.0529654 -0.0141125  -0.00869606  -0.0147403  0.0218272  -0.00138444  -0.0286901  -0.00148944  0.00862563  0.00913905  0.000841158 
260 0.000924817 0.68689 0.0262946 0.0376151 0.000364328  -0.000305448  0.0142312  -0.00607227  0.0089898  -0.00934833  0.00450739  0.00307585  0.0159099  -0.000818309 
262 5.91779e-06 3.88919 0.00895684 0.0221473 -0.00127659  -9.00583e-05  -0.00338649  0.00160495  -0.00151682  -0.000802958  0.005642  -0.00504062  -0.00207901  0.000187771 
264 -7.92312e-05 -0.691019 0.0194284 0.0220133 0.00483689  0.00326909  0.00601407  -0.00767514  -0.000309084  -0.0078956  -0.00709414  0.00678153  0.00571969  0.00753907 
266 -9.023e-05 0.406016 0.00582461 0.0237449 0.000169429  0.0017668  -0.000430061  -0.00175738  -0.00192415  -0.00242135  -0.00162786  -0.00383851  2.67635e-06  -0.000743642 
270 0.000114719 0.887764 0.013339 0.0255745 -0.00205237  -0.00979926  0.00306224  0.00355523  -0.000924983  0.00102459  0.00517086  -0.00181498  0.00370588  0.00316274 
272 -4.44992e-06 -61.0355 0.0330933 0.0232238 0.00119123  0.00614907  -0.000521251  -0.00757874  0.0299108  0.00790203  -0.00289177  -0.00473669  0.00251911  -0.0019967 
273 5.17023e-05 0.558766 0.0034863 0.0233194 -0.000450813  -0.000999527  -0.00207584  0.000854909  0.000955347  0.000791747  0.000368473  -0.000533872  -0.00198323  -0.000135917 
274 -0.000175761 -0.0269185 0.0192478 0.0221831 -0.00267069  0.00792646  0.00379772  -0.00404418  -0.00489601  0.0126155  0.00900282  0.000989601  -0.000267433  -0.00212481 
275 -0.000176999 0.0669198 0.0175114 0.0258432 0.00986451  0.00226634  0.000577159  -0.00628043  -0.000388431  0.00155102  -0.00467285  0.0075648  -0.00845717  0.00335945 
287 -2.55246e-06 0.0711371 0.00209252 0.0290669 -0.000595201  0.000476144  9.59449e-05  0.000104306  -0.000883833  0.000844024  0.000989398  -0.000653888  0.000708947  -0.000612331 
293 -7.18994e-05 0.380841 0.00585437 0.0291107 0.00182431  -0.00175594  0.00347027  0.00132839  0.0022206  0.000783951  -0.00273448  -0.000493661  -0.000780915  -0.000422119 
295 -0.000434222 0.015127 0.0290234 0.0303206 -0.000879719  -0.00847176  -0.00303412  -0.00841984  -0.00160399  -0.00968812  -0.0190013  0.003778  -0.00970977  0.0111212 
296 -0.000131104 0.445004 0.00537133 0.036792 -0.00011733  0.000282419  0.000345942  -0.00421051  -0.00102634  0.000847064  0.000970403  -0.00111006  0.000886475  0.00248575 
302 0.000146992 0.576272 0.00669722 0.0385327 -0.00365263  4.85242e-05  -0.0015584  0.0027454  0.000576588  -0.00201282  -0.000486968  0.00149835  0.00379278  0.000540009 
303 0.000502129 0.594041 0.0137461 0.0365757 0.00222548  -0.00392263  -0.00632912  0.00794709  0.00298939  -0.00217253  0.0058745  -0.00056338  0.00375106  -0.00168783 
304 -7.67635e-06 -1.73552 0.00828505 0.0289099 0.00148775  0.00198373  -0.00387167  0.00340409  0.00188159  0.00127029  0.00448726  -0.000303599  -0.00119298  0.00301844 
306 0.000195488 0.623877 0.00984246 0.0290424 -0.000327539  0.00140006  0.00222225  0.00345002  -0.00292001  -0.00149673  0.0066379  -0.0035494  -0.00107408  0.00306355 
307 1.11082e-05 0.606793 0.00217834 0.0254557 0.000456554  -0.000723337  0.000934156  0.000271274  0.00077869  0.00130042  0.000257386  0.000303855  0.000147727  -0.000767731 
308 0.000378507 0.735201 0.0188703 0.0252365 -0.00828533  0.00281362  -0.000553832  0.00232238  -0.0148529  0.00194573  2.17093e-05  -0.00280218  0.00101997  -0.00636713 
311 -5.28154e-05 0.312689 0.00629078 0.0160763 -0.00217312  -0.00061827  -0.00412934  0.000701146  -0.00140697  -0.000898625  0.000309342  -0.0029163  0.00164876  0.00167932 
312 -0.000389287 -0.0686543 0.0297595 0.0176427 -0.00253285  -0.0107351  0.00590362  -0.00392781  0.0129307  0.00755788  -0.0144428  0.00791347  0.000358178  -0.0147655 
313 -0.000242021 0.401449 0.00976961 0.0264694 0.000661444  -0.000203854  -0.00404109  0.001633  0.00182013  0.00217736  -0.00511652  -0.00493744  -0.000963432  0.0040534 
314 -0.000154545 0.410313 0.00744707 0.030703 0.00439123  -0.00357846  -0.0019092  0.00211187  -0.000273375  0.00351646  -0.000758652  -0.000269128  0.000478654  -0.00139577 
315 -2.34292e-05 -0.814175 0.0110978 0.0331245 0.000386269  -0.00464678  -0.00698693  0.00416403  -0.00159007  -0.00459725  0.00117563  0.00196094  -0.00251233  0.000244452 
317 -6.3794e-05 0.429135 0.00425273 0.0334763 -0.000546752  -0.000465448  -0.00329059  0.000268853  -0.000943368  -0.000641233  0.000567942  0.000113445  -0.00181493  -0.00131884 
318 0.00037537 0.676098 0.016261 0.034416 0.00649592  -0.00166289  0.00132321  -0.00366942  -0.00884607  0.000490659  0.00848679  -0.00695042  -0.00231385  0.000245865 
324 0.000114024 0.950561 0.0143349 0.0284457 0.00363366  -0.00276958  0.00797161  0.00295997  -0.00559262  -0.00712289  0.00030129  -0.00474116  0.00250066  0.00121315 
326 -4.05316e-05 -3.446 0.0252926 0.0263655 -0.00657817  0.00451561  0.00119865  0.00730617  0.00870793  -0.000506609  0.0105457  -0.00453834  0.00127358  0.0176556 
329 -5.66207e-07 0.499674 2.71741e-05 0.0271233 1.01814e-05  -2.60383e-06  -1.08601e-05  -7.18342e-06  -9.72778e-07  8.47361e-06  1.1391e-05  -6.55381e-06  1.00997e-05  1.0535e-05 
331 -1.91361e-05 -0.0895324 0.00671758 0.0271337 -0.00125009  0.00122293  0.000996221  0.000685921  -0.00318604  0.0017082  0.00399075  -0.00117561  -0.00319061  0.000218324 
332 -0.000774524 0.37218 0.0199106 0.0274841 0.00224485  0.00374995  -0.00346451  0.00746744  0.00344004  0.00665453  0.014239  -0.000793256  -0.00680938  0.00192392 
333 0.000120942 0.544645 0.00464796 0.0391178 0.00140077  0.00193506  -0.000462605  -0.00213334  0.000504116  0.00147424  -0.000280636  0.00284894  0.000696237  -0.000155836 
335 -2.58581e-05 0.139715 0.00610457 0.0375402 0.00108178  -0.000493655  0.000358813  -0.00058459  -0.00283197  -0.000704859  -0.00271044  -0.00436534  -0.000352396  0.000581012 
336 0.000368002 0.592178 0.0116502 0.037883 -0.00229944  -0.00209808  -0.00246145  -0.00277626  -0.003048  -0.00403558  0.00305637  0.00676297  0.00508348  -0.00240297 
340 -0.000383601 0.416908 0.0112957 0.0326679 -0.00196366  0.00109407  0.00112376  -0.000593436  -0.00656003  0.00653763  0.000901151  -0.00401361  -0.00404119  0.00137749 
342 0.000845923 0.594693 0.0179059 0.0380902 0.00576001  0.00102447  0.00473324  -0.00501262  -0.000345381  -0.00490755  -0.00659077  0.00718415  0.00192773  -0.0107654 
344 -0.000111646 0.372089 0.00755857 0.0246028 0.00210613  0.00115591  0.00181303  -0.0036847  -0.00467256  0.00225805  -0.00145427  0.00155619  0.000897896  0.00149048 
345 8.08874e-05 0.535188 0.00337458 0.0267759 -0.00106782  -0.00124332  0.00128  0.000329361  0.00134655  0.000437771  6.70518e-05  0.0014217  0.00153281  -0.000758097 
346 -3.86645e-05 -4.86868 0.0288139 0.0252204 -0.00626174  -0.00130561  -0.0048113  0.0111342  0.00362178  -0.0204734  -0.0119814  -0.00215461  -0.0068269  -0.00388961 
347 -0.000190649 0.430368 0.00728861 0.0259756 -0.0013906  -0.00268986  -0.00486622  0.000973492  0.000431403  -0.000867693  0.00135039  -0.00287383  -0.00128766  -0.00257826 
348 -5.03059e-05 0.136229 0.00855579 0.0294177 -0.000887945  -0.00369253  -0.0050135  -0.00232717  0.000405893  0.00168526  -0.00154893  0.00267079  0.00290155  0.00269656 
349 -0.00011263 -1.31022 0.0285572 0.0302607 -0.0102137  0.0218596  -0.00193971  -0.00669895  -0.000544557  0.0119784  -0.00194962  0.00128244  -0.00524241  -0.00282942 
351 -0.000268912 0.288421 0.0150879 0.0320678 0.000312117  0.00319956  -0.001274  -0.00827308  0.00113461  -0.000423744  -0.00502922  0.00744052  -0.00260497  -0.00763785 
