generation s h r distopt trait[0] trait[1] trait[2] trait[3] trait[4] trait[5] trait[6] trait[7] trait[8] trait[9] 
4 0.00250359 0.685947 0.0431568 0.06 0.0130216  -0.03396  -0.000497301  0.0206244  0.00447579  -0.00882057  0.00115151  -0.00167726  -0.0025954  -0.00231101 
7 -0.000478073 0.384243 0.0148836 0.0868134 0.00358787  0.00304173  -0.0029906  9.01215e-05  0.0020088  0.00390329  -0.00444353  -0.00701406  -0.0100835  -0.000745679 
11 0.00446475 0.556037 0.0317542 0.167414 0.000737427  -0.0156706  -0.00325494  -0.00921319  -0.00721337  -0.00601699  -0.0146092  0.00403528  0.0109557  -0.0151249 
12 0.00860709 0.850918 0.109765 0.173163 0.038704  -0.0422487  0.0525145  -0.0448309  0.0152647  -0.00657912  0.0225301  0.0454892  0.0271352  -0.0202088 
13 0.000346657 2.09238 0.0469799 0.162709 -0.0208703  -0.0164036  0.0147801  0.0183359  0.0271013  -0.00321073  -0.00606535  -0.0113057  -0.00303687  -0.00540255 
14 0.00858091 1.53108 0.187407 0.178044 0.0102457  -0.117386  -0.0270778  -0.0224526  0.0023333  0.0336214  -0.117112  -0.01839  -0.0557792  0.0412231 
16 0.0019618 0.911841 0.0568264 0.166464 -0.000930684  0.0203453  -0.0146501  -0.0210144  -0.0338797  0.00678271  0.0235606  -0.0144649  -0.00952164  0.0104585 
18 0.00342257 0.737123 0.0569672 0.187183 0.0278207  0.00684236  0.0304823  0.00902344  -0.0331139  -0.00414338  0.00699335  0.00178841  0.0157487  0.000172435 
19 0.0129718 0.635561 0.0840566 0.19311 0.0306641  -0.0360192  -0.00478608  0.0350836  0.0244591  -0.0151375  -0.0102969  -0.02709  0.0382023  -0.0211511 
20 0.00731799 0.598678 0.0538844 0.170508 -0.00791749  -0.0144606  -0.0238393  -0.00875211  0.00389207  -0.00413387  0.0234521  0.00758238  -0.0351587  -0.0105334 
21 0.00114761 0.556119 0.0160659 0.163825 -0.00477559  -0.00290701  -3.87612e-05  -0.00380186  -0.00258695  -0.00469128  0.0100559  0.00708392  -0.00353967  -0.00445723 
22 0.00936439 1.18331 0.159495 0.177522 0.0378658  -0.0878746  -0.0738238  0.0933764  -0.0358292  -0.0178891  -0.0191541  0.00713332  -0.00843558  -0.00459791 
24 0.00289139 0.545768 0.0230803 0.169069 -0.0029228  -0.00938991  0.00678521  0.00140976  -8.59109e-05  0.0110964  0.00344731  0.0102926  -0.00640778  0.0102928 
25 0.00620916 0.63094 0.0570954 0.172598 0.0330497  -0.0073114  0.0150528  -0.000424443  -0.00426809  0.0390284  0.00806656  -0.00376291  -0.00284377  0.0160818 
26 0.00169121 0.590233 0.0247239 0.166485 -0.000678733  0.00340584  0.0118916  -0.00689573  0.00176043  0.013212  0.00484152  0.00565332  0.0126947  0.00400482 
27 0.00348898 0.550847 0.0267279 0.176298 -0.00867593  -0.0168287  -0.00788047  -0.00702045  -0.000103544  -0.0104447  -0.00661879  -0.00517125  0.000283021  0.00804885 
32 0.0175772 0.613496 0.0897454 0.249839 0.0112178  -0.0428627  -0.00936625  -0.036098  0.000177873  0.0441273  0.0181876  0.0267224  0.02738  -0.0309612 
34 0.0304729 0.718217 0.162987 0.247006 0.0189857  -0.109373  0.0546725  0.0441656  0.0197239  -0.0072811  0.0707175  0.0454065  0.0320653  -0.0277346 
38 0.000636885 0.513701 0.00592406 0.235156 0.0013537  0.000888377  -0.000491369  0.000773088  -0.000455563  -0.00400555  0.000947109  -0.00252713  0.00274954  0.000733696 
39 0.00752 1.25318 0.150118 0.250499 0.0451877  -0.0314452  -0.0373366  -0.0413362  0.00659252  0.0579929  -0.0157277  -0.0669072  -0.07388  -0.0530383 
40 0.0124135 1.10017 0.171999 0.249584 0.0854081  -0.0459895  0.0186214  0.0493181  0.0276676  0.0118973  -0.013664  -0.0660466  -0.0451566  0.0994994 
44 0.0353499 0.727153 0.179 0.272149 0.0350264  -0.116056  0.0224066  -0.0519888  -0.0953422  -0.0414864  -0.0376442  -0.0110128  -0.00131626  0.0422949 
46 0.0122163 0.889904 0.137717 0.21571 0.0353268  -0.037505  -0.0433684  0.0768712  0.0697391  -0.0517559  0.0121784  -0.0167757  0.021468  -0.00941622 
49 0.00260511 1.3211 0.0924086 0.213109 0.00459977  -0.00437802  0.0335845  -0.0184825  -0.0606086  -0.0215387  0.0371913  0.0278577  -0.0269055  -0.00300668 
52 0.00263758 0.508016 0.00937675 0.24565 0.00471088  -0.00422419  -0.0016152  -0.00387519  -0.000355477  0.00436833  -0.000777671  0.00267154  0.00119815  -0.00136933 
54 0.00178576 4.74071 0.173644 0.270075 0.0107323  -0.0164347  -0.0207208  -0.0205538  0.118359  0.025524  -0.0523311  -0.0503087  0.0767631  0.0556123 
55 0.00828896 0.535972 0.0349521 0.281425 0.00872337  -0.015295  0.0218668  -0.00320485  -0.00241444  0.000748201  -0.00488698  0.0166586  -0.00396111  0.00998564 
56 0.00566326 0.760401 0.0767713 0.281229 -0.0304746  -0.0188068  0.0167376  0.00684343  -0.0499468  0.0203547  0.0221691  -0.00752498  -0.0269841  -0.0099611 
57 0.0244844 1.03258 0.226919 0.286634 0.0872949  -0.110088  -0.0508213  0.00898196  -0.0393589  -0.0245797  0.0853632  0.0520397  -0.121465  -0.0467633 
58 0.00222588 0.517842 0.0126943 0.249161 0.000595723  -0.000149793  -0.00564631  -0.000516176  -6.98047e-05  0.00386666  -0.00808559  0.00494058  0.00487438  0.000345947 
61 0.00538101 4.78399 0.301554 0.277397 -0.0603951  -0.123283  0.134255  0.00531378  0.188201  0.0268136  -0.00135761  -0.0150807  0.0657807  -0.115502 
62 0.00089436 30.6068 0.325936 0.274314 0.175688  -0.095483  -0.119084  0.0192478  0.0442875  0.0224769  -0.0444821  0.0888747  0.181421  0.0802614 
63 0.0109598 1.74758 0.232568 0.269448 0.0315745  0.0314591  0.0789801  -0.0702705  -0.179973  0.011358  -0.0173855  0.015629  0.0432821  -0.0773694 
67 0.0447718 0.767587 0.21808 0.255753 0.0102792  -0.0586565  -0.109139  -0.000354426  0.0208427  -0.0952577  0.00219145  -0.025517  -0.118765  0.0884954 
74 0.012557 0.942915 0.148744 0.206459 -0.0252705  -0.101666  0.0123614  0.0633223  0.0369629  0.00960111  0.00750684  0.0619379  0.0400429  -0.00576021 
82 0.00515215 0.752837 0.07216 0.274227 0.00842063  -0.0185758  -0.000529571  -0.00721159  0.025197  -0.0288124  0.0177302  -0.0323664  0.032961  0.0287297 
84 0.0338158 0.584492 0.108516 0.296132 0.0137948  -0.0686453  -0.0113887  -0.0226771  0.0283618  -0.0162159  0.0110829  -0.0511437  -0.0487768  -0.00665755 
85 0.0181602 0.57554 0.0748076 0.248407 -0.00793496  -0.0177183  0.0154533  -0.0183895  -0.0390287  0.0285392  -0.0201792  0.00954548  -0.0414184  0.00952733 
87 0.00032797 17.0722 0.147236 0.244087 -0.0280542  -0.0371642  -0.0173001  0.0648705  -0.0909594  0.0316733  0.0698042  0.00562273  -0.0170725  0.0230255 
89 0.0147546 0.59177 0.0740278 0.276465 0.0218917  -0.0145275  -0.0186562  -0.0389912  0.0126532  -0.021044  -0.0275185  0.00734934  -0.0376751  -0.00937013 
90 0.0146215 0.695835 0.10705 0.265905 0.0115441  -0.0234289  -0.0164967  -0.0374663  -0.00472386  0.0205644  -0.072555  -0.0174549  0.054312  0.0117381 
93 0.00602853 0.529367 0.0269079 0.290894 -0.00555925  -0.0122479  0.0176251  0.00127998  -0.00928898  0.000748167  -0.00529363  0.00766651  -0.00428283  0.00623304 
94 0.00613857 0.698275 0.0697809 0.298861 -0.0144182  -0.0179946  0.0534373  0.00862239  -0.0140521  0.0154559  -0.0226542  0.00195923  0.0204789  -0.00591718 
96 0.0146078 0.567605 0.0634418 0.325773 0.00294502  -0.0220146  -0.0185749  0.00843824  0.0195372  -0.0166419  -0.0142793  -0.0212993  -0.00296156  -0.0423122 
97 0.0322847 0.820605 0.202592 0.321608 0.127621  -0.083444  -0.0223941  -0.0879804  0.0303664  0.05383  -0.0473082  -0.0112915  0.0295434  0.0499325 
100 0.0095481 0.552542 0.0451864 0.311069 0.000697607  -0.00275729  -0.00399101  -0.00583111  0.0164961  -0.0198651  0.0323821  -0.0068151  0.0110921  -0.00994806 
107 0.0120183 0.833531 0.126403 0.311637 -0.0135273  -0.055985  -0.0691095  0.0223702  -0.0344652  -0.0601082  -0.0207188  -0.0250565  0.0362546  -0.0145479 
110 0.010349 0.56239 0.0512014 0.291841 0.0247269  -0.00941688  0.025686  0.017613  0.00093777  0.00410952  -0.0160655  -0.010352  -0.0156344  -0.0180009 
112 0.005752 0.776722 0.0797495 0.273633 -0.0132725  -0.0240581  -0.0254225  0.00786495  -0.02471  0.0250221  0.0520088  -0.0140357  0.0272693  0.00382899 
113 0.0225913 0.807106 0.166125 0.262944 0.0926926  -0.0696415  0.0706813  -0.00334954  -0.035193  -0.0426479  -0.0292319  -0.0185063  -0.0164675  -0.067993 
115 0.00836367 0.528525 0.0313832 0.216332 -0.0126216  -0.0141305  0.00655479  0.0164243  0.00622519  -0.0106643  0.00191408  0.0095405  -0.00809777  0.000686861 
117 0.0012091 0.529283 0.0119276 0.19614 -0.000283432  -0.00528455  0.00311186  0.00250167  0.00805678  0.0033485  -0.000451609  -0.00279559  0.00257332  0.00274849 
119 0.00504442 0.896011 0.089304 0.193035 -0.0190413  -0.0547023  0.0381833  0.0131231  0.0393817  -0.00164163  -0.0230463  0.0232761  0.0168002  -0.00901924 
120 0.00227012 0.953579 0.0641444 0.179529 -0.0127297  -0.0129472  -0.0150182  -0.00379889  0.00409699  0.0115452  -0.0159071  0.0406098  -0.0319361  -0.0217409 
121 0.00848867 0.59339 0.0564988 0.173099 -0.00912488  0.00143167  0.00688762  -0.00813583  -0.0252275  0.0200364  0.0150744  0.0274612  -0.028454  0.0128181 
123 0.00826938 0.740444 0.0891439 0.146664 -0.0356478  -0.0249961  -0.00158279  0.0068956  -0.0328017  -0.0312928  0.0509032  -0.0166942  0.0171956  0.0279338 
126 0.00129745 2.46363 0.100857 0.115217 -0.00454808  0.00300665  0.0068042  -0.0221655  0.0611855  -0.00986115  0.0448268  0.0378282  0.0465728  0.01243 
130 0.00158227 2.96978 0.12486 0.109446 0.0649613  -0.00917711  0.0172672  -0.0111231  -0.0121921  0.089317  -0.00988546  -0.00933693  -0.0387397  0.0324348 
131 0.00127142 0.641343 0.0268163 0.101967 -0.00849174  0.00501962  -0.004478  -0.00266669  -0.00642932  0.00310882  0.0117849  -0.0167381  0.00106719  -0.0111111 
132 0.00135868 1.13395 0.0586723 0.0955337 -0.00108786  0.0121883  0.000122389  -0.00111749  0.00292084  -0.0108704  0.0458576  -0.0280513  -0.000240571  -0.0165795 
133 0.000616836 3.69614 0.0887467 0.0881415 -0.0426397  -0.0227266  0.0164877  -0.00336109  -0.000580288  0.00346605  -0.0161128  0.0158493  -0.0529137  0.0439905 
134 1.4376e-05 0.924489 0.00494062 0.0845712 0.000822913  -0.00174679  -0.0023843  0.00322153  -0.00051841  0.00181324  -0.000355273  0.000922419  0.000230163  -0.00017739 
136 0.000146684 0.552736 0.00556331 0.0844862 0.000183467  -0.00152746  -0.000316767  0.00135565  0.00376927  -0.000680872  -0.00130063  -0.00279244  4.33065e-06  -0.00157644 
141 5.64067e-05 0.651525 0.0058471 0.0836136 -0.00203357  0.000431572  0.00137457  0.004064  0.0019546  0.000302852  -0.00126671  -0.000474261  -0.00126531  -0.00202946 
142 0.000757953 0.661284 0.0221146 0.0832756 0.0145755  0.00961121  0.00863339  -0.00443757  0.000196117  -0.00109564  -0.00326163  0.00801819  -0.00212794  -0.00305146 
144 0.000730025 1.95331 0.0651175 0.0785949 -0.0140655  -0.0244969  -0.0223662  -0.00546926  0.0164716  -0.041212  0.0248821  0.00125082  0.0100976  0.0148259 
145 -0.000703608 0.251357 0.0264617 0.0738066 0.00599812  0.00731642  0.000815635  -0.00244137  -0.00535453  -0.0032176  -0.000261724  -0.0115953  0.0191597  0.00796551 
146 0.000622011 0.571161 0.0133111 0.07843 0.00160069  -0.000440057  -0.00759029  0.00331797  0.00418872  -0.00724448  -0.0018709  0.00335679  -0.00450283  0.000858309 
149 -0.000504569 -0.385567 0.0422788 0.0743602 0.00133765  0.00291124  0.0312026  0.00223084  0.00999985  -0.00274072  -0.000359725  0.018483  -0.0186729  0.000846608 
150 0.00211432 1.07437 0.0696544 0.0776797 -0.0127226  -0.00928114  -0.0281687  0.00464272  -0.000378486  -0.00325342  -0.0421036  -0.00934367  -0.00116884  -0.0437788 
151 0.0013765 0.988021 0.0518193 0.0626263 0.0162236  0.0259023  0.0107019  0.00123019  -0.0179727  0.0187175  -0.000191808  0.029182  -0.000459759  -0.0104816 
153 -0.000181128 0.376077 0.00947666 0.0504629 0.000690271  -0.00138706  -0.00432879  0.00189104  0.0044155  -0.00391976  -0.00398752  0.00319855  -0.00170555  -0.00109139 
154 4.79103e-05 1.09501 0.0106783 0.0522269 0.000785676  -0.0023767  0.00265834  -0.00403584  -0.00692738  0.00274523  0.00313733  -0.00188013  -0.00264144  0.0029198 
155 3.10553e-05 0.506509 0.000899427 0.0517662 0.000282954  -0.000155148  -0.000747188  7.73599e-05  0.000124398  -0.000180883  3.17697e-05  -3.77323e-05  -0.000176644  0.000242346 
161 -0.000219814 0.46303 0.00570385 0.0514653 -0.00248568  -0.00399776  0.000669979  -0.00240319  -0.000955751  0.00013865  0.000835066  -0.00075561  -0.000772216  0.00116267 
162 0.000479058 0.685991 0.018879 0.0535585 0.00619253  -0.000590908  -0.00408704  0.0111134  0.00527786  -0.00307796  0.00294883  0.00403998  0.00789669  0.00726657 
163 0.000579784 0.632179 0.0175102 0.0488833 0.00281558  -0.000684271  0.00151819  0.00942985  -0.00717401  -0.00471931  0.00410943  -0.00641344  -0.00474422  0.00726083 
165 1.99213e-05 0.906899 0.00569417 0.0425436 0.000957943  -0.00113579  0.00184355  0.00117354  -0.00454864  -0.00165386  0.000862239  -0.000364247  0.00101398  -0.000332276 
170 -1.56826e-05 0.461784 0.00154838 0.0423088 0.000734383  -9.24e-06  0.000961177  -0.000421151  -1.57699e-05  -9.48855e-05  -5.16346e-05  0.000307829  0.000741966  -0.00031567 
173 -2.71638e-05 0.498243 0.000437316 0.0424938 0.000212778  -0.000117159  5.42284e-05  0.000136953  -6.96611e-05  0.000176289  -0.00016707  0.000203295  2.01918e-05  7.04906e-05 
176 5.26115e-05 0.542692 0.00299758 0.0428122 -0.00141137  0.000636667  -0.00101259  -0.00115589  0.00107984  -4.74513e-05  0.000532989  0.00117328  0.000430149  -0.00110126 
177 0.000323345 0.988354 0.0251302 0.0421933 -0.00769539  0.0217578  -0.00367185  -0.00443702  0.00298397  -0.00288884  0.00344441  -0.00036969  0.00303447  0.00522272 
178 0.000873819 0.651082 0.0229823 0.0381704 0.00978336  0.00620625  -0.00457125  0.00473903  -0.00071075  0.00406591  0.00290422  -0.0147066  -0.00285153  -0.0100357 
179 -3.11245e-05 0.484964 0.00136838 0.0241566 -0.000417509  1.07201e-05  0.000705353  -7.33945e-05  0.000553011  0.000302191  -0.000382942  0.000593334  0.00052026  -0.000169157 
180 1.30943e-05 0.743999 0.0035749 0.0247925 0.000102235  0.000279602  -0.00192897  0.000810684  0.000130895  -0.00148502  0.000487628  0.00175203  0.00161203  0.000429778 
181 -1.18168e-06 -191.878 0.0301532 0.024527 0.0096545  -0.0119873  0.00158023  -0.00965093  -0.00680156  -0.00422041  0.000368463  -0.016171  0.0118917  -0.0104666 
182 -0.000381027 0.298711 0.0175187 0.0245511 0.000463205  0.00438058  -0.0139144  0.00622603  -0.00309109  0.00224217  -0.00422347  -0.00435982  0.00190573  -0.000258756 
183 -0.000183787 0.29334 0.0123269 0.0313665 -0.00348867  -0.00719532  -0.00183614  0.00264762  -0.0042892  0.00305465  -0.0024549  0.00453742  -0.00219017  -0.00429992 
184 0.000686763 0.84118 0.0306112 0.034171 -0.00240423  0.00687112  0.0148508  0.00676558  0.00911648  -0.00635661  0.00641875  -0.00240631  -0.0211434  -0.000427656 
185 3.00241e-05 0.984252 0.00762602 0.0219347 -0.00172132  -0.00201363  0.00335208  -0.00168218  0.00209423  -0.00371472  0.00127458  -0.000185465  -0.00327874  0.00254526 
186 -0.000645594 0.340147 0.0203254 0.0212393 0.00435193  -0.0015544  -0.00183873  0.00357978  -0.00567278  0.00892306  -0.0140747  0.00204468  0.00572874  0.00535465 
189 -0.000141321 0.404369 0.00735336 0.0331196 -0.00301815  -0.00142932  0.000323735  0.000594471  0.000919227  -0.00105144  -0.00323182  0.00137743  0.00354302  0.00395173 
190 -0.000118675 0.364438 0.00802258 0.0351887 0.00211217  0.00189195  0.00205124  -0.00068976  -0.00606557  0.000760354  0.000109387  0.00369779  -0.000715688  0.000265647 
192 -0.000525821 0.327252 0.0190671 0.0368364 -0.00468066  0.00647941  -0.0121053  -0.00523915  0.00172158  0.00276476  -0.00668471  0.00522602  -0.0044459  0.00482758 
194 0.000177625 1.71484 0.0293767 0.0433922 0.0141647  -0.000805133  -0.00188047  0.0186101  0.00267158  -0.00372113  0.0118678  0.00823752  0.000541219  -0.00904728 
195 -0.000385217 0.33127 0.0161278 0.041295 0.00605442  0.00410015  0.00298992  0.00738497  0.000736529  -0.00681779  0.000732905  -0.000983655  0.00967333  -0.00102926 
198 -0.000422049 -0.0607408 0.0307704 0.0457227 -0.00480481  -0.01347  -0.00928205  -0.00307505  -0.00934997  0.0127877  0.0118418  0.0119531  0.00562362  -0.00900023 
201 2.0246e-05 1.07112 0.00680079 0.0501269 0.000597869  -0.000974043  -0.000129028  -0.00152055  -0.000253581  -0.00022664  0.00229202  0.00230037  -0.00543727  -0.00154634 
203 0.00139227 0.926741 0.0487356 0.0499245 -0.00965266  0.00717678  0.00571573  -0.0263102  0.014434  -0.00885346  0.010136  -0.0173321  -0.0274559  -0.00786684 
206 -0.00012818 -0.0485321 0.0167708 0.0331837 0.00282402  -0.0071057  -0.00609148  -0.000876106  0.00460661  0.00903698  -0.000387491  -0.00156701  0.00866208  -0.00209638 
207 0.000103568 0.914172 0.0130986 0.0350621 -0.00464149  0.00326687  -0.000340207  0.00348327  -0.00428307  0.000993148  0.00823654  -0.00566976  0.00251232  0.00121619 
208 -1.77293e-05 -5.25502 0.0202018 0.0335527 0.011614  0.00283851  0.00217542  -0.0121269  0.0036124  -0.00768907  -0.00122301  -0.00446068  0.00361456  -0.00259771 
209 0.000164989 1.06408 0.0192933 0.0338159 -0.000854839  0.00453557  0.00222886  0.000322119  -0.00684042  -0.00628001  -0.00414046  -0.0128076  0.00711555  0.00527427 
211 -0.000193201 -0.46921 0.0273684 0.0312816 0.00989109  -0.0137214  -0.00436836  0.0111089  0.00982118  -0.00232987  0.00382896  0.00558256  0.0104153  0.00801492 
215 5.59595e-05 0.585749 0.00438119 0.034231 -0.00122464  0.000882184  -0.00234613  2.06712e-05  4.62224e-05  -0.00243701  -0.000320224  0.00228066  -0.000322664  0.000250776 
216 0.000519864 0.892665 0.0285722 0.0334036 -0.00971593  0.00902201  0.0040635  -0.002209  0.00910196  0.00208296  -0.0073711  0.0193924  -0.00833635  0.00566592 
218 -0.00012068 0.215985 0.0117095 0.0244146 0.00101478  -0.00827055  -0.00160104  -0.00113861  -0.00534037  0.00376962  0.00221747  0.00241445  0.00309549  -0.000873257 
221 -0.000648225 0.256033 0.0251585 0.0267724 -0.00111772  0.00488402  -0.00536841  0.00683602  -0.0070686  -0.00396708  0.0139553  -0.000920674  0.0133951  -0.00956885 
222 0.000343406 0.964149 0.0252481 0.0369485 0.000125694  -0.012937  0.0135664  -0.0127431  -0.00258689  0.000684965  -0.00280294  -0.0076151  -0.00646291  -0.002979 
223 0.000490349 0.665916 0.0180404 0.0319663 0.000135967  0.00823954  0.00155967  0.00296142  0.00122091  0.00232086  -0.00260223  0.00472438  -0.00159602  0.0144162 
224 -0.000561056 0.166723 0.0273541 0.0230568 -0.00797954  -0.0145059  0.00428216  0.000314896  -0.00954225  0.00333181  0.00684296  -0.0170951  -0.00362614  -0.0011576 
225 -7.21174e-05 -1.08243 0.0213653 0.033058 0.00620374  0.0133887  -0.000143312  -0.00885603  -0.00376263  -0.00129362  0.0015001  -0.00108436  -0.00104406  0.0118293 
227 0.000159331 0.626309 0.00897247 0.0341314 -0.0024293  -0.0016914  -0.00214425  -0.00138446  -0.000687097  -0.00194157  -0.00184594  0.00299379  0.00137589  -0.00683544 
228 0.000241824 0.541619 0.0063468 0.0317117 -0.00138749  0.00152111  -0.000961807  0.00304096  0.00397735  0.00120789  0.000117411  0.00291175  -0.000114788  0.000294769 
229 0.000428339 0.761804 0.0211786 0.0276376 0.00069865  0.00456608  -0.000414815  0.0038929  0.00155894  -0.00987845  -0.0124695  0.0072739  -0.00880187  -0.00509751 
231 1.74136e-05 0.524869 0.00131619 0.0183191 -0.000488293  0.000396452  9.90126e-05  -0.000574249  2.78415e-05  0.00049349  -0.000822248  -3.62116e-05  0.000205032  0.000182845 
234 -0.000362928 0.274865 0.0180816 0.0178375 -0.00118642  -0.000631849  -0.0143465  0.00952768  -0.00230008  -0.00340497  0.000928474  0.00121349  -0.000544924  0.00300344 
235 -0.000189191 0.322155 0.0116024 0.0260993 -0.00340187  0.000178292  -0.00426815  -0.00281677  -0.00109184  0.00311766  0.000581531  -0.00762145  -0.00512491  -0.00112184 
236 -6.24735e-05 0.435577 0.00401265 0.0295022 0.000519596  -0.00279987  -0.00119587  0.000842193  0.000848159  -0.00044116  0.000631726  -0.000504487  0.001456  0.00147146 
237 -4.75431e-05 0.464597 0.00259499 0.0305427 0.000869709  0.000238095  -0.000194613  -0.00149087  -0.00124097  -8.80546e-07  0.000637404  0.000195062  0.000768737  0.00104165 
238 0.000236949 0.723412 0.0145515 0.0313113 -0.00390815  -0.00106141  0.00353162  0.00373397  0.000325249  -0.000164017  -0.0109767  0.00179476  0.00307199  -0.00597097 
243 5.78395e-05 0.735103 0.00737514 0.0272668 0.00127369  0.000802584  0.00142433  0.00273171  0.00225029  0.00162342  -0.0032658  0.0018689  0.00212287  -0.00403376 
245 0.00011236 0.563293 0.00533394 0.0261848 0.000193743  0.0022882  0.00268631  -0.000286238  0.00096893  -0.0014394  0.00158793  0.00165332  0.00100731  -0.00256885 
246 2.50044e-06 0.541766 0.000646325 0.0239434 0.000199479  0.000340533  -5.92954e-05  0.000149606  -6.22203e-05  -0.000202449  0.000331329  3.48703e-06  -0.000233752  0.000163694 
248 -6.75484e-05 0.47425 0.0026382 0.0238912 0.000555433  -0.000348967  -0.000365613  -3.81318e-05  -0.000503725  0.000945855  -0.00181442  0.00102282  -0.000203772  -0.000930855 
