generation s h r distopt trait[0] trait[1] trait[2] trait[3] trait[4] trait[5] trait[6] trait[7] trait[8] trait[9] 
3 0.00286954 0.874477 0.0655283 0.1 0.0357969  -0.0068911  -0.00211904  0.0231066  0.0214443  0.0351422  -0.0259513  -0.000898283  -0.0018505  0.00735594 
5 0.00788594 0.658894 0.070853 0.173133 0.0323541  -0.0386513  -0.0017217  -0.00142152  -0.00546031  -0.0351909  0.00228416  -0.0171139  0.0277237  0.0118127 
8 0.0225696 0.617178 0.103421 0.290129 0.0575045  0.0166186  -0.0146625  -0.0150479  -0.0406029  -0.00166577  0.0318096  -0.0414525  0.0219012  0.0425486 
9 0.0174532 0.720261 0.123955 0.294603 0.0540326  -0.00719117  0.00835352  -0.079834  -0.00748896  0.0277691  -0.0369832  -0.0232711  -0.0562514  0.00703599 
11 0.0298508 0.568739 0.0922568 0.351497 0.045477  -0.0168895  -0.02682  -0.00178063  0.0114931  0.00338516  0.00250122  0.00798231  0.0420998  -0.0587325 
15 0.00221009 0.763382 0.0482449 0.494035 -0.00505825  0.0128629  0.0183829  0.0218809  0.0226513  0.0112932  0.0164656  0.00584079  -0.0169161  -0.00937171 
16 0.0294699 0.568719 0.0916336 0.540696 0.0302419  0.0470321  0.0406913  -0.0061226  -0.0201325  0.00731234  -0.0281811  0.0217931  0.0362443  -0.0231365 
18 0.0149633 1.37238 0.227166 0.610932 0.0478666  -0.0571147  0.075992  0.16537  0.0352521  0.00245427  0.0421765  -0.0128512  0.0785064  -0.0597745 
19 0.0205136 0.827327 0.163414 0.645031 0.0456824  -0.00500334  -0.0321483  0.0398001  -0.120804  0.0453804  -0.0520283  0.0387465  0.0320136  -0.00940752 
20 0.0446978 0.579635 0.121896 0.673698 0.0385027  0.0281615  -0.0222716  0.0129649  -0.00830324  -0.0574883  0.0629382  0.0515089  -0.000565983  -0.0439358 
21 0.0608312 0.507071 0.0584191 0.685128 0.039694  0.0108602  -0.000736759  -0.015571  -0.0100525  -0.0163025  -0.0138161  -0.000698392  -0.000488936  0.0302952 
22 0.0568123 0.68314 0.204431 0.686031 0.0736428  0.0540789  -0.025926  -0.0126163  0.0656331  -0.071444  0.0459387  -0.0994778  0.102678  0.0255371 
24 0.159322 0.612079 0.276646 0.73228 0.0678348  -0.0597975  0.0746623  -0.137931  0.108793  0.0330471  0.0716353  0.0290686  -0.157454  0.00775824 
25 0.0248458 0.787444 0.168578 0.670479 0.0132427  0.0390685  -0.0810894  0.0176442  0.0228457  -0.0394082  0.00357778  0.12017  -0.0339798  0.0463346 
27 0.00214831 2.44096 0.128953 0.748089 0.0162674  0.00929323  0.018572  -0.0812033  0.0415591  -0.026079  0.0392076  -0.0140792  -0.0720022  0.00346921 
28 0.030505 0.531983 0.0655247 0.794155 0.0182736  -0.0229279  0.00537719  -0.032964  -0.00445145  0.0395064  -0.0159197  0.0110427  -0.00713674  -0.0176481 
30 0.00316493 0.510289 0.0116204 0.87084 0.000333608  -0.00591445  0.000498468  0.00625532  -0.00236116  -0.000955825  -0.00126518  -0.00340151  -0.006074  0.00200301 
32 0.0739336 0.524344 0.0973656 0.965849 0.0420845  0.00100914  0.00411583  -0.043574  -0.0179609  -0.00936818  -0.0391429  0.0384406  0.0479122  0.00874841 
36 0.0513405 0.552295 0.108213 1.12251 0.027915  -0.00356219  0.0408096  0.00460759  -0.00161767  0.053776  -0.0203321  0.00283979  0.0647793  -0.0414624 
37 0.0496405 0.581476 0.13011 1.1486 0.0350274  -0.0351339  -0.00750527  -0.0277843  0.0731567  -0.033469  -0.0208733  -0.0278575  0.0535517  0.0555653 
39 0.0768917 0.497199 0.0437447 1.22372 0.0294742  -0.011992  0.00696959  -0.00350034  -0.0103832  0.0232164  0.00239797  -0.00412179  -0.0129614  0.00164101 
42 0.0157268 0.499537 0.00963678 1.29003 0.00575553  0.000871637  -0.00151141  -0.00119095  -0.00140098  -0.00369436  -0.00415148  0.00149161  -0.00196369  0.00404378 
47 0.545489 0.482136 0.251553 1.28397 0.16522  0.0148001  0.00694432  0.0749001  -0.030436  0.0945558  -0.0494365  -0.0622397  -0.113091  0.0336095 
48 0.0679608 0.513125 0.0749021 1.10147 0.0312196  0.035419  0.00144881  -0.0193815  -0.0219994  -0.0046087  0.00799862  -0.027299  5.40602e-05  0.0410973 
49 0.0246134 0.50731 0.0317251 1.07121 0.0103769  -0.00270653  -0.00437635  0.00157339  0.00214989  -0.00812087  0.00205904  -0.0210256  0.00709795  -0.0173948 
50 0.244303 0.53331 0.229658 1.0598 0.136526  0.00668997  -0.0905707  -0.0441638  0.0950038  -0.00380204  0.0254485  -0.00724731  0.0845907  -0.0837222 
51 0.0243561 0.57794 0.0882295 0.951103 0.00996483  -0.0180483  -0.0111903  0.0209976  -0.051372  -0.000966181  -0.0060277  -0.0441927  0.0353522  -0.030235 
54 0.0922977 0.535438 0.127995 0.938367 0.0612012  -0.0538545  -0.0491136  -0.0208075  -0.0074782  -0.0327774  -0.068432  -0.0288166  0.00433694  -0.0151386 
57 0.011656 0.709357 0.0987922 0.890084 0.0104282  -0.0178106  0.0376236  0.0462847  0.0492298  0.035285  -0.0177336  0.0237392  0.0198138  0.0289292 
59 0.0304615 0.606987 0.115195 0.88355 0.0302246  -0.00988827  -0.00757214  -0.0266918  -0.035018  0.0815112  -0.0317012  -0.0429705  -0.0273701  -0.00423843 
61 0.0482624 0.523097 0.0739069 0.866403 0.0226102  0.0108887  0.0198172  -0.0116218  0.00644905  -0.0540702  0.00240898  -0.0257214  -0.0236672  0.0105806 
62 0.164466 0.579673 0.244379 0.838761 0.100258  0.149309  0.0793118  -0.0577182  -0.0233543  -0.0551369  -0.0501009  0.0767068  -0.021694  0.0728295 
64 0.020058 0.532586 0.0527717 0.742467 0.0264276  0.0289793  -0.00887954  0.00305219  0.0112593  -0.0168915  -0.0150449  -0.0122742  0.017745  0.00738146 
65 0.0208767 0.530033 0.051911 0.728971 0.0107104  -0.0161962  0.0117844  -0.023304  -0.0339511  0.00117818  0.00275903  0.00818471  -0.0191228  -0.00643616 
67 0.0552835 0.5314 0.090546 0.714658 0.0289281  0.0405878  -0.0112521  0.0395441  -0.0426297  -0.0224617  -0.00763585  0.0217116  0.00750858  -0.0334087 
71 0.0128955 0.511497 0.0259088 0.675964 0.00559956  0.00120412  0.000634233  0.00250734  -0.0210223  0.00528419  0.00879795  0.000489883  -0.00243721  0.00885034 
75 0.0176305 0.533557 0.0499785 0.666419 0.00674652  -0.0054285  -0.00874915  0.0185672  0.0117926  -0.0307943  0.0124958  -0.0192429  -0.0119095  0.0156828 
77 0.0920032 0.58207 0.180673 0.653175 0.0758038  -0.0487918  -0.105765  0.00143931  -0.0173955  0.00455687  -0.0611256  0.0643956  -0.06983  0.0156509 
80 0.0578996 0.520104 0.0781424 0.581914 0.0629217  0.00405296  -0.0299957  0.00712602  0.00492699  -0.0177742  0.00497074  0.00930792  -0.00568531  0.026387 
81 0.0386617 0.605095 0.128965 0.531355 0.0514271  -0.0234095  -0.0118781  0.041682  -0.0924128  -0.00635251  -0.0284066  0.0215853  -0.0101272  0.0400617 
82 0.0400975 0.684478 0.172264 0.494373 0.0667671  0.021274  -0.0263858  0.114295  0.0875824  -0.0308187  -0.00174891  -0.00989337  -0.0208653  0.0429901 
83 0.0440742 0.520893 0.0673228 0.452869 0.0308611  -0.00475542  0.0114801  0.0250843  0.0149009  0.00905824  0.0394641  -0.0157894  -0.0114386  -0.0235514 
84 0.032831 0.597877 0.114664 0.402442 0.0256785  0.0392533  0.0203443  -0.0229033  -0.0511397  0.0669793  0.0350238  0.0356059  -0.0178093  -0.00979841 
85 0.013651 0.532763 0.0432251 0.360078 0.0196632  -0.0244896  -0.0146164  -0.00666171  0.0100744  -0.00817176  0.00453182  -0.0120296  -0.0149613  -0.00816394 
87 0.00677239 1.25995 0.143135 0.340731 0.0474022  -0.0772427  -0.0460465  0.0343106  -0.0709375  -0.0265778  0.00367352  0.0455623  0.0292167  0.0171811 
88 0.00385662 0.590871 0.0375005 0.330678 -0.00858393  0.012195  0.000434229  0.0076721  -0.00448552  0.0204292  0.0125612  -0.0199395  -0.00183001  -0.0113422 
89 0.0318885 0.58714 0.106857 0.324806 0.0354696  0.00983074  -0.00462412  -0.0130829  0.0130182  0.00671972  0.0587081  0.00471526  -0.0353553  -0.0702681 
93 0.00884904 0.523917 0.0296913 0.272228 0.00414157  -0.0030564  0.0204253  0.00565533  -0.00422752  -0.000800681  0.0020049  -0.0122053  -0.00377474  -0.0148375 
94 0.00523757 2.00804 0.177205 0.255535 0.0379959  -0.104036  0.0513958  -0.0323066  -0.0605134  -0.0332078  0.0189582  -0.0815389  0.0304459  0.0524357 
96 0.0212047 0.741387 0.142928 0.245101 -0.0114358  0.0536693  0.0751392  -0.0391333  0.0327018  0.0217807  0.0334821  0.0620262  0.0609283  -0.00394145 
102 0.00142314 0.505878 0.00586945 0.197715 0.00373366  -0.000567642  -0.00159581  -0.000876329  0.000792471  0.00366378  -0.000167554  -0.00109583  -0.000835934  -0.000945713 
103 0.00505899 0.958034 0.0961636 0.194085 0.0434298  0.0158289  0.0178074  -0.0384456  -0.0105313  0.0311148  0.00671083  0.0327952  0.0345034  -0.0438803 
106 0.000921546 0.876313 0.0372385 0.180618 -0.0042876  0.00281998  0.00831439  0.0141633  -0.0063585  0.0219429  -0.00404102  0.00232102  -0.0233879  -8.56815e-05 
112 0.00263876 0.866421 0.0621619 0.17805 -0.0254338  -0.00821433  0.00394818  0.0297064  0.0220762  -0.0346265  0.0030487  -0.0208892  0.00928922  -0.00577867 
114 0.00214962 0.809422 0.0515667 0.170489 0.0379677  -0.0086848  0.0018344  -0.00136466  -0.023026  0.00445485  -0.0100451  -0.00545375  0.0209154  0.00433311 
116 0.000236573 0.903255 0.0195336 0.164071 0.00352168  -0.00698538  0.00958551  0.0049801  0.0072434  0.0091922  0.00253925  -0.00138757  0.00754822  0.00116996 
119 0.00175282 0.87951 0.0515671 0.163348 -0.00539509  0.00454693  0.0077619  0.00425844  0.00609856  0.005046  0.0268025  0.0204481  -0.0244035  -0.0271351 
120 0.000305653 16.0744 0.137817 0.157897 0.0919805  0.0165958  -0.0688326  0.00862266  0.0128587  0.0124154  -0.00429106  -0.000740498  0.0694529  0.0168264 
122 0.00212847 0.514577 0.0112355 0.156926 0.00437595  -0.00219175  0.000647944  -0.000412678  0.000275927  -0.000707162  -0.000270758  0.00213906  -0.00923422  -0.00334613 
125 0.00262336 0.893715 0.0642442 0.149998 -0.00188154  -0.00302067  0.0396246  0.00317439  0.0349946  0.0342997  -0.00322414  -0.0109032  -0.00114324  -0.00167188 
126 0.00680396 0.762244 0.0844373 0.140995 -0.00909653  0.0127246  0.02254  -0.0191045  0.0141617  0.00171799  -0.02171  -0.0603792  -0.0397381  -0.0106001 
127 0.000537389 3.3075 0.0776458 0.114449 -0.013203  -0.0221813  -0.0116797  -0.0396081  -0.0165819  -0.0499813  -0.0157915  0.00166407  -0.0251127  0.00119917 
128 0.00649277 0.624196 0.0568745 0.112078 0.0172859  0.00988037  -0.014391  0.0263074  0.0293695  -0.00890626  -0.0187476  0.0234689  -0.0085474  -0.00467859 
129 0.000214919 0.704675 0.0132648 0.0780361 0.00416682  -0.00284099  -0.00231968  0.00142447  0.00193409  -0.00506178  0.00754283  0.00394846  0.00641336  -0.0003638 
131 0.000230611 8.99174 0.0884569 0.0766469 -0.0345428  0.0152229  0.00288121  0.0529517  -0.045522  0.0216679  0.0111296  -0.0089757  -0.0286889  0.00427428 
132 0.00150479 1.16498 0.0632354 0.0751276 0.0163263  -0.0114204  -0.0364275  -0.0253691  0.031762  -0.00990194  0.0151835  0.00746928  0.0071386  0.0136759 
133 0.000823733 1.56281 0.0591546 0.0643467 -0.0209878  0.0284326  0.0320995  0.00500353  0.0155841  0.0015887  0.00608341  0.007145  -0.00355316  -0.0291355 
135 4.6766e-05 15.8324 0.0535448 0.0575943 0.0236121  0.0308293  0.0310958  0.00945432  -0.0103638  -0.0131691  0.000991262  -0.00339243  -0.00304734  0.000346697 
139 -2.32105e-05 -30.2849 0.0534523 0.0571869 0.0224499  -0.0304696  -0.00295827  -0.00871842  0.0103383  -0.00273022  0.0248628  -0.00887309  0.00491751  -0.0224629 
140 0.000340594 0.684433 0.0158517 0.0573895 -0.00259883  0.00192161  0.00358958  0.001282  -0.00243691  0.0109278  -0.00346255  0.00312624  -0.00767453  0.0045037 
144 -0.000212438 0.0764217 0.0189731 0.0543416 -0.00338015  0.0114743  -0.00248601  0.00889284  0.00276446  0.00575425  -0.00313  -0.000696297  0.00861206  0.00253557 
145 -0.00025545 -2.09406 0.0514791 0.0562625 0.00323884  -0.0214062  0.00177459  0.0208908  0.0189438  0.00908829  0.0118529  -0.0126827  -0.0232876  0.0213702 
146 0.000905363 0.764055 0.0309213 0.0584889 0.00319373  -0.000413085  -0.00625247  -0.00161693  -0.00312149  -0.0116659  -0.00209476  0.0244367  -0.00225421  -0.0123121 
149 0.000466852 0.546619 0.00933508 0.0501598 -0.000695237  0.00170266  -0.00339991  -0.000517738  -0.00333996  -0.00305966  -0.00330662  -0.00500937  0.00259464  -0.00294233 
150 9.82919e-05 0.520963 0.00287168 0.0452688 0.000296275  -0.000713757  -0.000318148  -0.00191915  -0.00155246  0.000362503  0.0003876  -0.000718775  0.000225548  0.000778277 
151 0.000571184 0.646218 0.018279 0.0441698 0.00257028  0.00679948  -0.00268038  -0.00895356  -0.00310393  -0.00207336  -0.00746429  -0.00779013  0.00797473  -3.74479e-05 
153 -0.000326022 0.428203 0.00967973 0.0371477 0.00021536  -0.00196579  -0.00517341  0.00114588  -0.00263973  0.00134203  0.00477234  0.00163523  -0.00106702  -0.00513345 
154 0.000377603 0.631218 0.0140791 0.0413041 -0.000853693  -0.000471647  0.00618899  -0.00260817  -0.00439465  -0.00340471  -0.00514479  -0.00757813  -0.00233536  0.00564874 
156 0.000341056 0.763093 0.0189446 0.0364485 0.00437841  -0.00448421  -0.0123914  0.00453636  -0.0043126  0.000447445  1.03903e-05  0.0107294  0.00211657  0.00266358 
158 -7.07459e-05 0.373904 0.00597383 0.0314245 -0.00273018  -0.00110189  -0.00226079  -7.87993e-05  -0.00183086  -0.00200448  0.00337749  -0.00104831  -0.00138416  0.000330084 
159 -5.79223e-05 0.244986 0.00768681 0.0325307 -0.00249586  0.000195698  0.00596963  -0.000768058  0.00104912  0.000841679  -0.00146966  -0.0007347  0.00275132  -0.00212472 
161 -1.06839e-05 -0.460751 0.00640768 0.0334091 0.00228681  -0.00427248  0.000716096  -0.00324849  -0.00175115  0.00086148  -0.000689478  -0.000564733  0.000855986  0.00108336 
162 -2.22443e-05 0.392326 0.00309529 0.0335687 0.00118753  0.000662812  -0.000434786  0.00231072  0.000216157  0.000592806  -0.000141613  -0.000224404  0.00130171  0.000199541 
165 -7.2968e-05 0.239926 0.0087128 0.0338984 0.00149056  -0.00215288  0.00423791  -0.00215631  -0.0054438  -0.00287726  -0.00146122  0.000422837  -0.00249268  7.58887e-05 
168 -7.74106e-05 0.488412 0.00189505 0.0349581 0.000483782  -0.000250074  0.000281638  0.000488876  0.000591198  -0.000202077  0.00133192  -0.000301899  0.000713845  -0.00045961 
169 0.000236434 0.574619 0.0084017 0.0360484 3.2703e-05  0.000678195  -0.00368855  -0.00162669  0.000303145  -0.00237702  -0.000720355  -0.00566803  -0.000426635  0.00391234 
174 0.00016902 0.545934 0.00557374 0.0326049 -0.003154  0.00242509  -0.000359194  0.000715607  0.00168767  -0.00241304  -1.00074e-06  0.000188181  0.00154781  0.00186938 
178 1.48191e-06 0.561299 0.000602792 0.029901 -5.72917e-05  5.3125e-05  9.12157e-05  2.96582e-05  -5.13398e-05  5.64851e-05  2.70766e-05  0.000432146  -0.000332892  -0.000209587 
182 -0.000362208 0.411862 0.0113042 0.0298762 0.00699058  -0.0025034  0.00166966  0.0022896  0.00259415  -0.00420515  0.00394534  -0.000612167  -0.0036464  -0.00331195 
183 3.55705e-05 1.51911 0.0120415 0.0354241 -0.00510289  0.00463107  -0.00522582  0.00449637  0.00424714  0.000984239  -0.00131338  -0.00442455  0.000362239  -0.00308936 
184 -4.07597e-05 0.49402 0.000987837 0.0349184 0.000225065  0.000580183  -0.000166984  5.6828e-05  -6.97854e-05  9.30979e-05  0.000290587  -0.00053986  0.000319058  -0.000257327 
187 -0.000254439 0.41461 0.00932461 0.0354972 -2.80593e-05  0.00431896  -0.000198268  -0.00273901  -0.00212555  0.00529246  0.0023202  0.00164386  0.00350308  -0.0028049 
188 0.000485702 0.605482 0.0143176 0.0389169 -0.00888588  0.000481123  -0.00212814  -0.00709328  -0.00247295  -0.00310769  -0.00531654  0.0043378  0.000120164  0.00284436 
191 7.59571e-05 0.51359 0.00203265 0.0320771 0.0012909  -0.000941761  -0.000624532  5.48451e-05  0.000334571  -2.9262e-05  -0.000817131  0.000232819  0.000112263  0.000581355 
193 -5.93695e-05 0.340985 0.00614534 0.0308705 0.00256482  -0.000550156  0.00143677  0.00199923  0.00313544  0.00341015  0.00114344  0.000944084  3.54041e-05  -0.00107838 
195 0.000212717 0.783916 0.0155424 0.0318176 -6.36516e-05  -0.00481452  0.00428373  -0.00114215  -0.00178516  -0.0106238  -0.00165916  -0.00118095  -0.00774822  0.0043002 
201 -7.37362e-07 0.282909 0.000800186 0.0282783 2.1522e-05  9.78718e-05  0.000125121  -0.000260982  -0.000345666  -5.96246e-05  -0.000512854  8.70599e-05  0.000105789  -0.000376377 
203 2.77963e-05 3.76626 0.0190562 0.0282914 -0.00890412  0.0041956  -0.00306957  0.00207594  0.000440219  0.0015854  0.00589156  0.00172365  -0.00540086  0.0135263 
204 3.44485e-05 1.52357 0.0118759 0.0277958 0.00102202  -0.00177031  -0.00721443  0.00020102  0.00353636  0.00113573  -0.00225241  -0.00749084  0.00283496  -0.0013234 
206 -0.000730816 0.424037 0.0149131 0.027169 0.00261759  0.00297466  0.00382251  0.0029487  -0.00233925  -0.00527644  0.0113693  -0.000994344  -0.00442088  0.000536284 
207 -0.000107274 0.33797 0.00833879 0.0383307 0.00256488  -0.00194222  -0.00331181  0.00339463  -0.00392503  7.23918e-05  -0.00101212  -0.00177959  0.00138842  -0.00389396 
210 9.13904e-05 0.526456 0.00311049 0.0397054 0.000569791  0.00103949  -0.000780497  0.000872029  0.000493432  0.000336521  -0.00178031  0.000794921  -0.00151086  -0.00067786 
211 0.000231051 1.51638 0.0306456 0.0385374 0.0173577  0.000819867  -0.00740183  0.00529109  -0.006798  0.0132178  -0.0162423  0.00715601  0.00411892  -0.0012243 
214 7.59588e-05 0.530314 0.00303527 0.0354134 0.000473931  -0.0010991  0.000273875  0.000819274  0.00175803  -0.0012972  -0.000275121  -0.000237418  0.000446692  0.00138889 
215 -0.000130425 0.128776 0.0139171 0.0343242 -0.00676175  -0.000716802  -0.00290233  0.00163995  -0.000589201  0.00569042  -0.000328864  -0.00581749  0.00797216  0.00247016 
216 7.14726e-05 0.696728 0.00749952 0.0361744 0.00181083  -0.00129706  -0.000559629  -3.80929e-05  0.00557232  -0.000267703  0.00317107  0.00246999  0.000525389  0.00184708 
217 -0.000236436 0.402208 0.00961896 0.0351727 -0.00149075  0.00536667  0.00116649  0.00355969  -0.00551453  -0.00185652  0.00241091  0.00117398  -0.00223737  -0.0011897 
218 0.00037565 0.956834 0.0261977 0.0383872 -0.00814458  0.00414945  0.00432568  -0.0139881  -0.00104433  -0.00889016  0.00615174  0.0104784  -0.00500942  0.0116418 
219 -4.44795e-05 -2.46096 0.0229518 0.0331361 -0.0037817  0.00636635  0.01479  -0.00849712  0.00274422  0.00751786  -0.00149907  -0.00500738  -0.00652553  -0.00685985 
220 8.55074e-05 1.19729 0.0154428 0.0338006 0.00148285  0.00225662  0.00441146  -0.000153583  0.00239131  -0.000135475  -0.00450792  0.000697205  0.0104892  -0.00866816 
221 -5.84862e-05 -0.540222 0.0155999 0.0325112 -0.00689114  5.42754e-05  -0.0102105  0.00534366  0.00457946  0.0012376  0.000535918  0.00189244  0.00306339  -0.00522487 
225 -2.06098e-05 -0.710227 0.0099885 0.0333986 0.00233296  -0.000227922  -0.00722517  -0.00438795  -0.0013713  0.00213634  -0.00190002  -0.000648805  -0.00341964  -0.000805615 
226 -0.000179381 0.261413 0.0130851 0.0337057 0.00499041  0.00163805  -0.000297373  0.00373626  -0.00647038  0.00152188  -0.00711221  0.00222203  0.00365332  -0.00406633 
230 8.72656e-05 1.23345 0.0160001 0.0362695 -0.0082875  -0.00243583  -0.00330182  0.00538104  -0.00236454  -0.000230721  -0.0110071  -0.000495553  -0.00214118  0.00314638 
232 -0.000522788 -0.20112 0.0382936 0.0350458 0.00434772  -0.0151867  -0.0149525  -0.00230838  0.0191219  0.00264434  0.0066402  -0.0072568  -0.0227667  -0.000490758 
233 -6.63393e-05 0.22647 0.0085198 0.0418466 0.00147115  0.00110196  -0.000635725  -0.00177706  -0.000551768  -0.00475092  -0.00301802  -0.00478026  -0.00307357  0.00116814 
237 0.00101535 0.836081 0.0369398 0.0426319 0.00244721  -0.0123356  0.0198878  -0.00525062  -0.00212211  -0.0163366  -0.0106622  -0.00226313  0.00529913  0.0191056 
238 -0.000134905 0.441088 0.00563925 0.0283309 0.00228002  -0.00161755  -0.00123894  -0.000752768  0.000773387  -6.64636e-05  -0.00385009  0.00194871  -0.00117961  0.00112685 
239 0.00033864 0.727617 0.0175589 0.0306195 -0.00537216  -0.0011087  0.00211451  -0.00370673  0.00141967  0.00612518  -0.00180769  0.00299101  0.0141938  0.00260838 
240 -1.89835e-06 0.49542 0.000186492 0.0244739 1.75953e-06  -3.30675e-05  4.02863e-05  -2.20575e-05  -3.13395e-06  0.000117297  -4.11162e-05  6.71821e-05  -5.23082e-05  9.41528e-05 
242 -3.07479e-05 0.471454 0.00187388 0.0245127 -0.000453207  -8.17642e-05  -0.000911611  0.000455073  -0.000326686  6.46691e-05  -0.000646889  0.000138114  -0.00120196  -0.000517743 
243 -2.26296e-05 -0.0822492 0.0072598 0.025132 -0.00241532  -0.00234093  -0.00161154  0.000566853  0.00014701  0.000464567  0.000750517  0.00598716  -0.000532578  0.00124186 
245 7.08133e-06 4.39092 0.0104981 0.0255783 0.00345862  0.00345017  0.00516205  0.000655119  -0.00230099  0.00097339  -0.00455157  0.000145137  -0.0045422  -0.00341419 
246 -0.00107218 0.184152 0.0368192 0.0254395 -0.000469057  0.0064585  -0.0182023  -0.00297354  0.00451999  0.0087887  -0.00590744  0.0251957  0.0128734  -0.00635896 
247 0.000916088 0.720844 0.0284467 0.0414719 -0.00299179  -0.00371623  0.0102059  0.0088858  0.0107406  -0.0104261  0.0139454  -0.0109039  0.00632005  -0.0050949 
248 -1.74267e-05 0.444733 0.00196282 0.0283593 -0.000975399  -0.000103582  0.00016351  0.000459477  -0.000471887  0.000244177  -0.00119542  -0.000553418  -0.000311974  -0.000733307 
249 6.09431e-05 0.680819 0.0066392 0.0286649 0.00142952  0.00287733  6.08371e-05  -0.000376156  0.00233843  -0.000552427  0.00336929  0.00238595  -0.00212054  0.00250923 
250 3.43848e-06 0.52346 0.000568041 0.0275815 0.00021552  -0.000229664  8.63636e-05  -3.6079e-05  -0.000168968  0.000126321  0.00028768  0.000265269  3.01666e-05  -0.000127166 
252 5.26255e-06 0.739371 0.00224473 0.0275191 0.00140306  -0.000463875  0.00038145  -0.00107121  -0.000138811  -0.000432142  0.000526302  0.000216998  0.000230785  -0.000989279 
254 4.33308e-05 0.571727 0.00352599 0.0274233 -0.000845609  0.00137557  0.00018742  0.00105489  -0.000635506  0.00166909  -0.00184389  -0.00132624  -0.000564591  -0.000100453 
255 -0.00101246 0.125537 0.0389551 0.0266215 -0.0123045  0.00366416  -0.000898385  -0.0284614  -0.00819103  0.010269  0.00656189  -0.0149877  0.00944745  -0.00351133 
261 6.65616e-05 5.33088 0.0358602 0.0414931 0.000329475  0.0173692  -0.0142576  0.0247308  -0.00105833  -0.0113799  -0.00299749  0.00410982  -0.0013036  -0.00332773 
263 -0.000493513 0.201964 0.0242603 0.0406831 0.00837303  0.00448494  0.00302029  -0.00332687  -0.00127534  -0.0113549  0.00902578  0.00786459  -0.00448549  -0.0135703 
265 -9.34372e-05 0.450628 0.00429627 0.0463546 0.001336  0.00115427  0.000623872  0.000980325  -0.00150237  0.00200453  0.000286158  0.00168639  0.000338384  -0.00216215 
266 2.29306e-05 7.5739 0.025471 0.0473518 0.0108805  -0.0114457  -0.00630986  0.00417606  -0.0102928  -0.00542186  -0.0030256  -0.00914929  -0.0104784  -0.00203292 
267 0.000302917 1.20318 0.0291865 0.047109 -0.00417679  0.0104787  0.00621085  -0.00691774  -0.00831954  0.00196473  -0.00880942  0.00515782  -0.0135009  0.0166917 
268 3.9061e-05 2.5153 0.0177443 0.0437766 0.000554891  -0.00456326  0.00240491  -0.00768279  -0.00517871  0.00610395  -0.0053204  0.000800963  -0.00275727  0.0113266 
269 0.000790475 0.953568 0.0378633 0.0433282 -0.012609  -0.0246865  0.013298  0.0129616  0.011244  -0.00318522  0.00659648  0.0107266  0.000762003  0.00496451 
271 -0.000733373 0.351685 0.0208683 0.0329722 -0.00870686  -0.00133651  -0.00931149  -0.007534  -0.000719499  0.00624342  0.00965158  0.00424899  -0.000408348  -0.00797211 
272 0.00052645 0.840462 0.0267737 0.0426709 0.00222713  0.0117594  0.0153178  0.00679725  3.69987e-05  0.0015722  0.00159515  -0.0135342  -0.00562934  -0.00853621 
275 7.19583e-05 0.613531 0.00571657 0.0359791 0.00140819  0.00262521  0.000143341  -1.1603e-05  -0.000621805  0.00166678  0.00201228  -0.00388854  0.000915225  -0.000781822 
280 0.000257793 0.661208 0.0128935 0.0349649 0.00386811  0.00553291  0.00423807  -0.000378513  -0.00141162  0.00260214  -0.00749209  0.00114295  0.00199423  0.00569059 
281 -0.000221209 0.22063 0.0157239 0.031061 0.00476759  -0.00546862  0.00856828  0.00362748  -0.00244926  -0.0012451  -0.00636203  0.00635856  0.00120224  -0.00425787 
283 -5.49978e-05 -3.22753 0.028635 0.0344386 -0.00432417  -0.0149749  -0.00948325  0.00113553  0.0162361  0.0101502  -0.0067605  -0.00815778  0.000173694  -0.00262207 
286 -0.000143996 0.0223423 0.0165874 0.0352281 0.00721206  0.00581735  0.00351489  0.0103283  0.000946837  0.00519615  0.000542529  0.00550445  0.00232466  -0.00252319 
290 -0.00048924 0.436077 0.0111912 0.0372159 -0.00133285  0.00587911  0.00221853  0.000610872  -0.00447487  0.0064659  -0.00041169  0.00153154  -0.00437633  -0.000328447 
291 -3.77553e-06 0.0521938 0.00260055 0.0432941 0.00143073  0.00043894  -0.000218152  -0.000674543  0.000133448  0.00030658  -0.00103463  -0.00157644  -0.000120244  -0.000582008 
293 -0.00026606 0.312801 0.0141167 0.0433377 -6.03676e-06  -0.000761838  0.00572199  0.00682394  -0.00474028  0.000906338  0.00694419  0.00277967  -0.00354137  0.00525478 
294 -7.54928e-05 0.376266 0.00611296 0.0463061 -0.00265885  -0.000993291  -0.00168353  -0.00245298  0.000877536  0.00294633  -0.00252241  0.000605748  0.00159379  -0.00131919 
295 0.00157644 0.623274 0.0278907 0.0471142 0.0104017  -0.00259153  -0.00403529  -0.00946993  -0.00176736  -0.0112772  -0.000265202  -0.00297986  0.0166455  0.0118614 
296 -1.90466e-05 -2.72174 0.0156668 0.0253879 0.00241523  -0.00144046  0.00290283  0.00412177  0.00248217  -0.0109409  -0.00110608  0.00398364  0.00825406  -0.00101868 
297 9.59628e-05 0.621557 0.00683094 0.0257603 -0.000751313  0.00120961  0.000646027  -0.00379903  0.0026024  -0.0019908  -0.000983287  -0.00316476  0.000261129  -0.00282801 
298 3.89874e-05 0.775201 0.00655111 0.023825 -0.00323402  0.00276203  0.00103246  0.00265801  0.00128344  -0.000990952  0.00367738  0.000471644  0.000142083  0.000550811 
300 -5.36328e-05 0.459637 0.00294292 0.0229923 0.000448148  -0.000592247  -0.0010107  0.00020407  8.00856e-05  0.000632611  -0.00231099  0.000953274  -0.000492491  -0.000383974 
301 -0.000272467 0.265808 0.0159782 0.0241305 -0.0101748  0.00670817  0.00509614  0.00158372  0.00657622  -2.1608e-05  -0.000487874  -0.00223156  -0.00493935  0.00233158 
302 -0.00073193 0.168006 0.0311848 0.0292367 0.00905403  -0.00980971  -0.00938023  0.00615422  -0.0117718  -0.00379033  -0.0177175  -0.00223368  0.0120063  -0.00724072 
303 -0.000525996 0.325068 0.0191904 0.0398369 0.00250942  0.00807697  0.0056789  0.00426073  -0.00538947  -0.00345299  0.00524795  0.0045407  0.0122587  0.00263199 
305 9.21727e-05 5.78768 0.044147 0.0459686 0.00139076  0.00919471  0.0222288  -0.020811  -0.00391866  -0.00564698  0.0240733  -0.00395529  -0.0171072  -0.000445068 
307 0.000690612 0.939521 0.0348395 0.044955 -0.0143463  -0.0127734  -0.0171032  0.00547923  0.00321899  -0.00385464  -0.0205829  -0.00400402  -2.69711e-07  0.00757399 
308 -0.000224636 0.416521 0.00866274 0.036477 -0.00338058  -0.00372525  0.0035061  -0.000713021  0.00401692  0.00210329  -0.0033251  -0.0018895  0.000155914  0.00131369 
309 7.05437e-05 1.16381 0.0136858 0.0394365 -0.00510017  -0.00379476  -0.0054459  0.00018503  0.000630172  0.00627369  -0.000536803  -0.00376839  0.0017645  0.00773558 
310 -0.000543139 -0.797717 0.0530969 0.0385317 0.0284449  0.0083074  -0.011073  0.0103082  0.00103318  -0.0203574  0.0114613  0.0169053  -0.0140412  -0.0261245 
311 0.000853229 0.74302 0.0287981 0.0450331 -0.0158569  -0.00803241  0.00476434  -0.00838799  0.00676504  0.0175164  0.00532513  4.99995e-05  0.00581833  -0.00234707 
312 -8.83679e-05 -1.33441 0.0254635 0.03428 0.00167727  -0.00411221  -0.00138008  -0.00291339  -0.0131641  0.0149022  -0.00332189  -0.0119537  0.00774323  -0.00300364 
313 -0.000139886 0.472613 0.00391603 0.0355456 0.00101859  -0.00032538  -0.000813238  0.00182559  -0.000651011  0.00199755  0.00102825  0.000598791  0.000942926  -0.00186516 
315 -5.3746e-06 0.498035 0.000205552 0.0374618 1.4261e-05  -3.29829e-05  4.23662e-05  0.000114662  8.07417e-05  0.000101418  -9.13612e-05  -1.22265e-05  1.54747e-05  -2.18468e-05 
316 -0.00061991 0.424238 0.0137152 0.0375334 0.00485689  0.00456743  0.00291862  -0.000920221  -0.00765805  -0.00300968  -0.00017013  0.00366153  0.00533681  -0.00496691 
317 -0.000133423 -2.00718 0.0365778 0.0450429 -0.0111578  0.0093925  -0.00881211  0.00651535  -0.00868367  -0.0159108  0.0090369  -0.0228029  -0.00190998  0.00844221 
321 4.61318e-05 2.68195 0.0200649 0.0465005 0.00298133  0.00817638  -0.0113314  0.000928854  0.00241136  -0.00189986  -0.00650019  -0.000502247  0.00690666  0.00989777 
322 0.000221614 1.1336 0.0236977 0.0460018 -0.00131061  -0.00352049  -0.00909979  -0.00178368  0.0171809  -0.000448119  -0.00847591  -0.00639802  -0.0021791  0.00696936 
323 0.0010187 0.722143 0.0300856 0.0435267 -0.00172906  -0.0065323  0.0102426  0.00133128  -0.000654122  0.011656  -0.00139197  0.0192531  -0.0151033  -0.00397288 
327 8.41612e-05 0.755592 0.00927591 0.0296038 -0.00222278  0.00164519  0.000652388  -0.00193448  0.00329582  -0.00431933  0.00311317  -0.00160032  -0.00566778  0.000575956 
328 -0.00068945 0.358389 0.0197709 0.0281466 0.000291432  0.0052862  -0.00537714  -0.00775121  -0.00366649  -0.00850198  -0.00487244  -0.00169309  -0.0120006  0.00418528 
329 2.27756e-05 1.81278 0.0109359 0.0384957 -0.00229515  0.00307204  -0.00203956  0.000336837  -0.00259848  -0.00205113  0.00176648  -0.000278794  0.00902447  0.00224007 
331 -1.40703e-05 0.466295 0.00137734 0.0381987 -0.00025687  -5.37335e-06  0.000233176  -0.000680408  -3.39094e-06  0.000196096  1.71642e-05  -0.000801909  -0.000345107  -0.000716107 
333 0.000723204 0.622746 0.0188467 0.0383824 8.139e-05  -0.00352244  0.00891864  0.0037854  -0.00100703  0.010454  0.0104711  -0.00135657  0.00135795  0.00502849 
334 9.61661e-06 0.658135 0.00246635 0.0273911 9.52318e-06  -0.00012384  -0.00177892  -0.00018416  0.000295787  0.000504224  0.00111131  0.000477301  -0.000576634  0.000855522 
336 -5.54603e-05 -0.288448 0.0132255 0.0272149 0.000246812  -0.00411279  8.37206e-05  -0.000652251  -0.00551971  -0.00455696  0.00524598  0.00678399  0.00428781  -0.00378727 
339 -5.04185e-06 -2.10207 0.00724408 0.0282155 -0.00165015  0.000116004  -0.00278321  -0.000629816  0.00359236  0.000865204  -0.00481842  0.000634031  -0.00195268  -0.00071524 
340 -0.00029571 0.17708 0.019546 0.0283047 -0.00703905  0.00556657  -0.00203194  0.00132137  0.0115976  -0.0023824  -0.000133463  0.00361856  0.0107355  -0.00520495 
343 0.000342454 1.06433 0.0278007 0.0331196 0.0135925  0.00271752  0.00747531  -0.0167864  -0.00181174  0.00116919  0.00352826  -0.0146869  0.00217181  0.00235662 
347 -0.00044969 0.205054 0.0230374 0.0274684 -0.00441701  -0.00152822  -0.01096  0.000909288  -0.00639071  0.00402236  -0.00792973  -0.00185108  -0.0158907  0.00347686 
349 -0.000281591 0.423447 0.00928856 0.0347031 -0.00374014  0.00705542  0.00130467  -0.00163843  0.00087034  0.000470743  -0.000326439  0.000378585  0.00205436  -0.00356001 
350 0.000321411 0.739116 0.0175331 0.0385478 -0.00306399  -0.00060596  0.00973717  0.00397577  0.00630428  -0.00789233  0.00259497  0.0035891  0.00504684  0.00631788 
351 -0.0001606 0.40761 0.00770509 0.0341259 0.000570576  0.00488369  -0.00142634  -0.000982998  -0.00157273  0.00217323  0.00104397  0.00074896  -0.00202226  -0.00438805 
