generation s h r distopt trait[0] trait[1] trait[2] trait[3] trait[4] trait[5] trait[6] trait[7] trait[8] trait[9] 
1 0.0359073 0.499942 0.0247805 2 0.000486349  -0.00951078  -0.00700919  0.00426689  -0.0132876  0.00195745  -0.00211337  0.00970342  -0.0119528  0.00584491 
2 0.172644 0.488931 0.0750055 1.99116 0.0391085  -0.0285676  -0.0107381  0.0219531  0.0111626  -0.0400462  -0.0165914  0.0196606  0.0168451  0.00302086 
3 0.152419 0.49079 0.0695226 1.95076 0.0456312  -0.0228139  0.00761743  0.0316988  -0.0154435  0.00587982  -0.0234223  0.0064594  0.0100751  -0.0142462 
4 0.0374142 0.500934 0.0284923 1.91405 -0.011107  -0.0146826  0.00165418  -0.00113502  0.0106774  0.0027023  -0.0148509  -0.0057364  -0.00863949  0.00440833 
7 0.122894 0.489003 0.0402193 1.90443 -0.00161698  -0.033573  -0.0117364  0.0049347  -0.00206113  0.00706676  0.00187602  -0.0133893  -0.00894381  0.0029614 
8 0.0725699 0.499282 0.0474585 1.87376 0.0119451  -0.0166148  -0.0114571  0.0236078  -0.00394861  -0.0197467  0.0223159  0.00467874  -0.007077  -0.0130185 
9 0.0562935 0.507145 0.0553527 1.85497 0.0289415  -0.0053064  -0.021312  0.00894205  0.00869341  0.0194214  -0.00217486  -0.0131464  0.0316835  0.00546081 
12 0.197529 0.490713 0.0976785 1.84015 0.019094  -0.0478624  0.0262484  0.0038037  -0.0263876  0.00333209  -0.0470617  -0.0223192  -0.022115  0.0476742 
14 0.023205 0.508563 0.0323842 1.7905 0.00732915  -0.00529559  0.00597845  -0.00177542  -0.000238019  0.00926137  -0.0251915  -0.000547807  -0.0142489  -0.00207741 
15 0.100331 0.522107 0.114055 1.78408 -0.0438581  -0.0485935  0.0211293  -0.00286445  -0.0138217  -0.0646619  0.00996751  0.0540174  0.0201546  0.0217559 
18 0.0756293 0.542644 0.122753 1.75708 0.0230949  -0.0114151  0.0747747  -0.0240367  -0.0156776  0.0587919  0.0198418  -0.00864099  0.052773  -0.0357754 
22 0.127111 0.507013 0.102499 1.73621 0.047963  -0.0246242  0.017779  -0.0218808  0.0110648  -0.00338412  -0.0495765  -0.0159119  0.0225953  0.0587275 
23 0.0899731 0.49652 0.0501122 1.7014 0.0113238  -0.0215188  -0.0196639  0.00785339  0.00140895  -0.0243878  0.0157639  -0.0157147  0.0122052  -0.0151801 
24 0.0492903 0.571219 0.12181 1.67589 0.0296685  0.000833548  0.0178517  -0.0721181  0.0272549  0.0208439  0.0401122  -0.0245323  -0.0122933  -0.0699851 
27 0.0274391 0.499048 0.016225 1.66147 0.00434273  -0.00772591  0.00731605  -0.00319164  -0.00496591  0.00647096  -0.00319847  0.00461909  8.58238e-05  -0.0047838 
29 0.0576657 0.505697 0.0533715 1.65331 0.0225088  -0.0124124  0.0192593  -0.0127284  -0.00135512  0.0137554  -0.00489842  -0.0298142  -0.00725065  0.0223242 
30 0.046113 0.531845 0.0821789 1.63626 0.0284037  -0.00885953  0.0546962  0.0205008  0.00811066  0.0287086  -0.00323433  0.00125025  -0.0393946  0.00149466 
34 0.037366 0.502766 0.0328432 1.62243 -0.00455628  -0.0136045  -0.003629  0.00725897  0.00881551  0.0191091  -0.000777803  0.0115288  0.00832051  0.0127024 
37 0.0365338 0.504249 0.0354039 1.61108 0.0244762  -0.0017141  -0.0103376  -0.0076676  -0.00827818  -0.0073297  0.0145791  0.00840651  0.00394518  -0.00804465 
38 0.0464042 0.508264 0.0502754 1.59991 -0.00485944  -0.0177047  0.0187169  0.0126493  -0.00564045  -0.00309497  0.036962  0.0110768  0.00788983  0.00936398 
41 0.0234987 0.504917 0.0269544 1.58567 -0.00571255  -0.00951161  -0.00214181  -0.00862218  -0.005643  -0.0172674  -0.0108994  0.00823269  0.00269971  -0.000800362 
43 0.116276 0.494205 0.0591516 1.57833 0.024723  -0.0259834  -0.0361501  0.0098358  -0.0178733  0.0046965  0.0132189  0.0144667  0.00631954  0.00659528 
45 0.0254236 0.514546 0.0421377 1.54309 0.0171997  -0.00418661  -0.00685492  0.00863189  -0.00675809  0.0145515  0.00362039  0.00448864  -0.00207493  0.0323381 
47 0.0739608 0.505169 0.0633995 1.53493 0.0448918  -0.0119152  -0.00689711  3.77468e-05  0.0282866  0.0201238  0.00612753  -0.0118184  0.0174545  0.0113004 
48 0.0894476 0.52576 0.111718 1.51151 -0.0288438  -0.0412911  -0.00563771  0.0554986  0.0447497  0.0476417  0.0443204  0.0111143  0.00190437  -0.0216446 
49 0.00663825 1.91825 0.193342 1.4829 0.0200792  -0.00700759  -0.00968114  -0.0813133  -0.00567761  0.0232482  -0.102603  0.0304079  0.102585  -0.0876065 
50 0.021058 0.503008 0.0216291 1.48067 0.00531029  -0.00771925  0.0156435  -0.000903296  0.00892341  0.00576079  -0.00128759  -0.00342653  -0.000820625  0.00275909 
51 0.0218302 0.512693 0.0364614 1.47361 0.00425752  -0.00565834  -0.005943  0.00983623  0.016227  0.0193958  0.0117771  0.00415981  -0.0178131  -0.00586471 
55 0.149215 0.498599 0.0942633 1.46627 0.0512465  -0.0416717  0.0174689  0.0317234  -0.00685748  0.0202214  0.0433752  -0.0191182  0.0216823  0.00619172 
56 0.0720886 0.532253 0.106719 1.41805 0.0383952  -0.0232268  -0.00383319  -0.00210747  0.085065  0.0328887  0.00967457  -0.00724997  -0.019865  -0.0223087 
58 0.0333212 0.596283 0.11463 1.39329 0.0494245  0.00501812  -0.0432562  0.0414628  -0.0105972  -0.0186817  0.0706583  0.0294346  -0.0140635  0.0237425 
59 0.388406 0.495221 0.217672 1.38148 -0.033724  -0.143983  -0.0609941  0.0562271  0.0474155  -0.0912743  0.0396729  -0.0612038  0.0520883  -0.00434017 
60 0.0552082 0.512439 0.0641558 1.25711 -0.009949  -0.0283211  0.00520793  -0.00972426  -0.00173243  -0.0188612  0.00742034  -0.0155957  0.0231917  0.0435698 
62 0.0632322 0.499099 0.0407231 1.23555 0.00787223  -0.0200491  -0.00020644  -0.000668859  -0.0181377  -0.0172455  0.0106607  -0.014806  -0.0147363  -0.00418685 
65 0.021667 0.532612 0.0549986 1.21048 -0.00336874  -0.0112197  0.0346508  -0.00693819  -0.0107066  0.00600482  0.0198273  0.0319249  -0.00323896  0.0080807 
67 0.0155799 0.5253 0.0410331 1.2016 -0.00721209  -0.00539268  -0.0292329  0.00442748  0.0127723  -0.0125081  -0.00867438  0.0126553  -0.0125488  0.00399885 
68 0.0654384 0.520526 0.0848976 1.19515 -0.0344808  -0.0345013  0.0226288  -0.0125488  -0.0476082  0.0174966  0.00937923  -0.0318492  -0.0128771  -0.0178317 
69 0.0200394 0.511745 0.0335977 1.16833 0.0146583  -0.00458652  0.0054333  -0.01668  0.00316764  0.0126579  0.0122985  -0.00754967  -0.0127422  0.00665532 
70 0.0869953 0.526579 0.111049 1.15981 0.0593189  -0.0343694  0.026457  0.0499307  -0.0228194  0.0299519  0.00338694  -0.0513438  -0.00200451  0.0192186 
72 0.0685614 0.53439 0.106333 1.12327 0.0191857  -0.028433  -0.000921976  -0.0752728  0.00757297  -0.0111493  0.0333749  0.0242226  0.0301634  -0.0408815 
73 0.113055 0.515062 0.110341 1.09335 0.0143651  -0.0446285  -0.0468706  0.0253083  0.00838959  -0.0774607  -0.0186579  0.0168508  0.0203215  -0.00491904 
74 0.00752231 0.510042 0.0181407 1.04322 0.0020566  -0.00231307  0.00502694  -0.00761137  -0.00301233  0.00194306  -0.0091082  -0.000865137  0.00449236  0.0109346 
76 0.0153544 0.547466 0.054846 1.03962 0.00387513  -0.00333246  0.0282318  -0.00777487  0.00897364  0.0168487  -0.0149144  -0.0256484  -0.027478  -0.0111695 
78 0.0131899 0.502362 0.0144792 1.03227 0.00520823  -0.00615658  -0.00546821  -0.00220894  -0.000477656  0.000623776  -0.00205728  0.00454776  0.00890779  0.00222651 
79 0.0311428 0.520321 0.0544242 1.0259 0.020865  -0.00221519  -0.0113842  -0.0368825  0.00177059  0.00506424  -0.0135731  -0.00500799  -0.0280005  -0.00311476 
81 0.0190797 0.506913 0.0264793 1.01084 0.00211201  -0.0069178  -0.0037754  0.0093653  -0.00433904  -0.0144949  0.0055922  -0.000816771  -0.0126007  0.0112795 
83 0.00629506 0.718406 0.0741498 1.00145 0.0252936  0.00962886  -0.0276778  -0.0276366  -0.00905909  -0.0287946  -0.0158206  -0.0254751  -0.0328587  0.0185932 
86 0.0609612 0.525701 0.0884746 0.998314 -0.007881  -0.0306475  0.0439725  -0.0498038  -0.00834635  -0.0263855  -0.0296537  0.0163578  -0.00282723  -0.022172 
90 0.00501988 0.501984 0.00723041 0.968223 -0.00249252  -0.0036307  0.00157155  0.00269054  -0.00129364  0.00221286  -2.94406e-05  0.000238487  0.00404988  0.000381958 
91 0.0760356 0.500889 0.0542702 0.965633 0.00444221  -0.0417443  0.0186341  -0.0158072  0.0105008  -0.0150766  -0.000893748  0.00141252  -0.0118544  0.0102443 
92 0.00444227 0.511646 0.0147071 0.926911 0.00625282  -0.00331797  0.00176954  0.000142572  0.00384673  -0.00968411  0.00478275  -0.00440268  0.00152802  -0.00314113 
95 0.00495234 0.532953 0.0257547 0.924517 0.00132671  -0.0018804  0.000482127  0.00582566  -0.0135033  -0.00111713  -0.0132878  0.00345602  0.0158016  0.0014317 
97 0.0125884 0.502684 0.0145788 0.921841 -0.000261146  -0.00922494  0.00546242  0.000747438  0.00736123  0.00267189  0.00147039  -0.00376571  0.00239207  -0.00368582 
98 0.0381621 0.517845 0.0580812 0.915031 0.0233803  -0.0178332  -0.0116755  0.012567  -0.0270613  -6.12347e-05  0.0201823  0.00245013  0.0128735  0.0300524 
100 0.0207521 0.548591 0.064815 0.894332 0.00690441  -0.00803784  0.0243595  0.0222786  0.0114562  -0.0147735  0.0025419  0.0468525  -0.0203289  0.005883 
102 0.0324557 0.571117 0.0979026 0.882774 0.0336306  -0.0353284  0.0462203  -0.0334448  0.0204472  -0.00528392  0.0281097  0.00719886  0.0172165  0.0486471 
104 0.0121034 0.525603 0.0361145 0.864494 -0.0172418  -0.00845025  0.00593256  0.0107041  -0.0106609  0.00195893  -0.0154772  0.00989875  -0.00277584  0.0179741 
105 0.0486308 0.534917 0.0880499 0.857508 -0.0463789  -0.0352582  -0.014546  -0.0274802  0.0151202  0.0259788  -0.0333003  -0.00899506  0.0188049  -0.0307396 
106 0.0217339 0.507615 0.0297659 0.829358 0.0138866  -0.00676767  -0.00805334  -0.00390963  0.00347982  0.009449  0.00663314  0.0139717  -0.0112277  -0.0100283 
107 0.0465048 0.515993 0.0627644 0.816292 -0.0120265  -0.0311491  0.00573583  0.00579115  0.0153425  -0.00328353  -0.0162519  0.000147803  -0.00522744  -0.0471209 
109 0.00795377 0.502355 0.010296 0.787958 -0.00510543  -0.00479186  -0.00316181  -0.00130298  -0.000865846  0.00139318  0.000480771  -2.88468e-05  -0.00619587  -0.00199336 
111 0.0779875 0.523357 0.0991251 0.782914 0.0176462  -0.0619666  0.0300942  0.0002003  0.0181083  -0.0282475  0.0453386  -0.0031223  -0.0332527  -0.0217237 
112 0.0344959 0.548551 0.0845891 0.733389 0.000788617  -0.0405843  -0.0078164  0.0237745  0.0445431  -0.0507667  -0.00114046  -0.0167812  0.00594864  -0.0012777 
114 0.0250393 0.556552 0.0767852 0.709891 0.0464945  -0.0214683  -0.00897788  -0.00610818  -0.00276317  0.0150188  0.0443568  -0.013781  0.027099  0.00551589 
119 0.0245133 0.529645 0.0562476 0.692253 -0.0124494  -0.0161507  -0.00227058  0.0166919  -0.0362516  0.0110816  0.0185613  0.00797924  -0.000737799  -0.0248691 
122 0.054476 0.702692 0.210175 0.674534 -0.100225  -0.0842415  -0.0243778  -0.017943  -0.105317  -0.0108976  -0.0477301  -0.0420322  0.0454337  -0.0937872 
124 0.0465362 0.51544 0.0619849 0.633997 0.00671994  -0.0525126  -0.00220794  0.00205055  -0.00869011  0.00597324  0.00927119  0.016733  0.0234645  0.00160749 
127 0.0153895 0.53867 0.0497815 0.597048 0.00334716  0.00253461  -0.000909765  0.00815314  -0.0314095  0.015462  0.00700503  0.00267569  -0.0222635  0.0248142 
129 0.030304 0.531699 0.0650296 0.584118 0.00527054  -0.0387774  0.0131741  0.00596378  0.0301284  0.000672721  -0.0132881  0.0118391  -0.00160172  -0.0355075 
130 0.033097 0.60543 0.119319 0.557978 0.0412699  -0.0339722  0.0497477  0.0309553  -0.0341329  0.032884  0.0144675  0.0660247  0.0103327  0.0320139 
131 0.0162716 0.502994 0.0179868 0.527995 0.00375874  -0.0122784  -0.00623964  0.00180298  -0.000494907  0.00150606  -0.00320731  0.00808183  -0.00475643  0.00396404 
135 0.0180055 0.574272 0.0738728 0.512482 0.0195058  -0.00257497  -0.0172654  0.0462202  0.0128354  -0.0132763  -0.0265061  -0.0110056  0.015758  0.0349666 
137 0.0289457 0.609055 0.113289 0.494766 -0.00395491  -0.0144708  -0.00986599  -0.025959  0.0623074  0.0477771  -0.0338668  -0.0229382  -0.01154  0.0621847 
139 0.0104256 0.530018 0.0360408 0.465036 -0.00964319  -0.00733383  -0.0247435  0.00144006  -0.00394998  0.0132278  -0.00138591  0.00107769  -0.00258513  0.0183713 
140 0.0181648 0.525671 0.0448333 0.453747 0.000646847  -0.00432327  -0.00139894  -0.00533442  0.00935976  -0.0132351  -0.0173299  0.0153793  -0.0340163  -0.0019421 
141 0.0114033 0.568509 0.056305 0.433457 0.0170983  -0.011224  -0.00730523  0.0229892  0.00972173  -0.0120893  0.00948166  0.00973125  -0.0118833  0.0400448 
143 0.0109724 0.512377 0.0244904 0.420174 0.00853143  -0.00709022  0.00838382  0.00114074  -0.00193651  0.0051939  -0.0104267  0.00571477  -0.0140364  -0.00600111 
146 0.00490413 0.556581 0.0334517 0.406981 -0.00236054  0.00395195  -0.00331906  -0.0118219  0.00159215  -0.018617  -0.0112311  -0.00371319  -0.0189363  -0.00997062 
147 0.0129483 0.559785 0.056197 0.400926 0.0150811  -0.0283924  0.0149892  -0.00321368  0.0220909  -0.0291072  -0.00832143  -0.020914  -0.00509479  0.00465871 
151 0.0371859 0.638906 0.144566 0.384547 -0.0286425  -0.0509951  -0.0431445  -0.0426851  -0.0103259  0.0058731  0.000785744  0.0942038  -0.0691083  -0.00174281 
152 0.00161208 0.599712 0.0253713 0.333714 -0.000886927  -0.00492963  0.00498164  -0.0135718  -0.00375234  0.013097  -0.00167569  -0.00730611  0.00599648  0.0114826 
153 0.0305035 0.550443 0.0806787 0.331292 0.0301071  -0.0443536  0.0039534  0.0385228  -0.0342307  -0.0181167  -0.010591  -0.00802808  0.0189337  -0.0100339 
154 0.00101661 3.18294 0.104356 0.282324 -0.0169006  -0.0432726  0.00091759  0.00811327  0.00861542  0.0607998  -0.011103  0.00108465  0.0628283  -0.0286812 
156 0.00713281 0.568922 0.0445447 0.280518 0.032672  0.00928659  -0.0216898  0.00214441  -0.000327596  -0.0115924  0.00568657  0.00198324  0.00620749  0.0120908 
158 0.00316604 0.575956 0.031069 0.26755 0.0233567  0.00534079  0.000591632  -0.00144309  -0.00179497  -0.00026242  0.00853587  -0.0170009  0.00483489  -0.000485077 
159 0.00138716 1.41129 0.0710683 0.261576 0.0388558  0.0155569  -0.0149756  -0.000952172  0.003176  -0.0492553  -0.0192453  0.000655502  -0.00162448  -0.0162519 
160 0.00613241 0.635086 0.0576265 0.258913 0.0167749  0.00224112  -0.00519162  -0.019317  0.00817748  0.00397219  0.031373  0.00151453  -0.0297717  -0.0260526 
161 0.00247528 0.648007 0.0382938 0.246824 0.00235618  -0.00227535  0.00269015  0.0211682  -0.00482088  0.00346046  0.0242042  -0.0122883  -0.0150765  -0.000996703 
163 0.0107253 1.01753 0.148595 0.241764 -0.0213034  -0.0387824  -0.0597228  -0.0593254  -0.0361852  0.0609038  0.025246  -0.0665523  0.00234615  -0.0542732 
167 0.00210653 0.606975 0.0300425 0.21859 -0.00635716  -0.0203259  -0.0140671  -0.00593221  0.0068177  0.0074342  0.00597921  0.0027768  0.00591312  0.00597867 
168 0.0111024 0.620258 0.0732704 0.213723 -0.0194845  -0.0388053  -0.0264527  -0.010697  -0.0064049  0.0316751  -0.0215063  -0.0121918  -0.0245108  0.0203126 
170 0.00418007 0.580646 0.036798 0.186108 0.0227346  -0.0125045  0.00667525  0.0117795  -0.00646041  0.000864562  0.00942699  0.016281  0.00920041  0.00405977 
171 0.00664116 0.587723 0.0484134 0.174542 -0.0167993  -0.0118333  -0.0145449  0.00641181  -0.00132014  -0.0334198  -0.0190743  0.0111244  -0.00610853  0.00504247 
173 0.00875137 0.580552 0.0533333 0.15442 0.0304377  -0.000701797  0.0238974  0.00413154  0.012613  0.00929732  -0.0264979  0.015432  -0.0111314  0.00443003 
175 0.00314783 0.842195 0.0656091 0.123013 0.0227975  -0.0266307  0.00430003  -0.0369597  -0.024724  -0.024269  -0.017765  0.00278982  -0.0119006  -0.00508497 
179 0.00121774 0.58384 0.0202202 0.109496 -0.000860064  0.00184064  0.0018445  0.00401463  0.00776023  -0.00861886  0.00973685  -0.00685988  -0.00673199  0.00796987 
184 0.00598551 0.884763 0.0958739 0.10379 0.00974999  -0.0326799  -0.00399654  0.0206413  -0.0251539  0.0200011  -0.0442817  0.0289539  -0.0605397  0.00947192 
186 0.00171788 0.615305 0.028161 0.069316 0.00525142  -0.00347676  -0.0122465  0.0105818  0.00889242  -0.0149689  0.00993019  -0.00490102  0.00647034  0.00487712 
190 0.000209485 0.720152 0.0135821 0.0555724 -0.00844042  -0.000515289  -0.0035238  0.00351708  -0.00621272  0.00048805  0.00245122  -0.00513981  -0.000523906  0.00407954 
191 -0.000166327 0.467658 0.00464033 0.0536548 -0.000156078  -0.00161399  0.00183718  -0.00100441  0.000990976  -0.000641958  0.00107633  0.00202712  0.00109792  -0.00257915 
192 0.000604513 0.934399 0.0324056 0.0551831 0.00456794  0.012343  -0.000108847  0.0184463  -0.00755992  0.00998855  0.0130764  -0.00523522  0.011889  0.00632133 
193 0.000559675 0.685046 0.0203539 0.0494049 -0.00985062  -0.00277536  0.00477423  -0.00868049  0.010313  -0.0028427  -0.00501995  -0.00625611  -0.004538  0.00346836 
198 -0.000533278 0.308915 0.0201949 0.0433743 0.000970334  0.0111349  0.00682933  -0.000931739  0.003388  0.00871339  0.00524569  0.000427143  0.00993749  0.00464172 
201 0.00036815 1.7559 0.0429969 0.0491401 0.0110732  0.00162795  0.0207231  -0.00163242  0.00692195  -0.0135186  -0.0113451  -0.00902047  -0.012251  0.0264674 
207 0.00055792 0.847497 0.0278454 0.0452401 -0.0119534  -0.0101025  -0.00656231  0.0190184  0.0068528  0.00815124  -0.0030403  -0.000755344  0.00140408  0.000686077 
208 -0.000568225 0.28965 0.0218717 0.0385863 0.0132325  -0.00545614  0.00548747  -0.00545879  -0.00215396  0.00353672  -0.0107658  0.00613409  -0.00350417  0.0055349 
209 3.05653e-05 3.99641 0.0206748 0.0453573 -0.00518925  0.00645854  -0.0109323  -0.000774705  0.0057414  0.00102592  -0.0108837  -0.00651573  0.00579125  -0.0031977 
216 -7.08791e-05 -0.101286 0.0130568 0.0450191 0.0032496  0.00173303  -0.00236656  0.00290135  -0.00913445  0.000271945  -0.00512521  -0.00336878  0.00464578  -0.000430793 
220 -0.000417479 0.189266 0.0227829 0.0457996 0.00758513  0.00828372  -0.00790588  -0.00222269  0.010601  0.0103145  0.00535299  -0.00320875  -0.00790069  -0.00230681 
225 0.00034378 2.28805 0.0495749 0.0501515 -0.00641204  -0.0193907  0.00884219  0.0107783  -0.0121238  -0.00898796  0.0256808  -0.0303426  -0.00374155  -0.00492403 
226 0.00110938 0.823264 0.0378689 0.0465988 0.00087413  0.0116443  -0.00136357  0.00188946  0.0165889  -0.0134832  -0.00686696  0.0267036  -0.00836312  0.00225895 
227 4.50835e-05 1.39675 0.0127165 0.0325988 0.00212179  -0.00556777  0.00536322  -0.00246652  -0.00431547  6.21225e-06  0.00425491  -0.00700208  0.00162558  -0.00172052 
229 -8.61456e-05 0.228676 0.00966954 0.0318998 -0.00330279  -0.00178981  -0.00333151  0.00372987  -0.0028832  0.000376839  -0.000985561  -0.00664467  0.000407599  -0.000795782 
231 0.000456881 0.613648 0.0144134 0.0332227 -0.00235688  0.00311395  1.96e-05  0.0033844  0.00238501  -0.000272768  -0.00112474  0.0100448  -0.00471386  -0.00713387 
234 2.16076e-05 0.612455 0.00311763 0.0254356 0.000159655  0.00126023  0.00127026  -0.000568407  -0.000294896  -0.00193237  -0.000270175  -0.000767212  -0.00109667  -0.000695669 
235 -0.000183596 0.162891 0.0157353 0.0250073 -0.000727191  0.00281039  0.00292118  -0.00960027  4.44447e-05  0.00222046  -0.000785004  -0.00882078  -0.00115912  -0.00733319 
236 5.08549e-05 0.661585 0.00573322 0.0284425 0.000431147  -0.00293441  0.000959106  -0.00129013  -0.00318957  -0.00253702  0.00207151  6.42183e-05  0.000633729  0.000426806 
241 -6.78959e-06 0.0130659 0.00363653 0.027534 6.26456e-05  -0.00105288  -0.00039413  0.00221879  0.0016597  0.000516004  -0.000624073  -0.00136027  0.00132005  0.000174184 
245 3.13108e-05 0.643642 0.00424151 0.0276571 0.00332983  -0.00146192  -0.000299636  0.000396233  -0.000755093  0.000221234  0.000542897  0.0013011  -0.00124236  0.000607004 
250 -0.000335592 0.416472 0.0105924 0.0270851 0.000675997  0.000994938  0.0065175  -0.00542127  0.000344019  0.00120349  -0.00404698  -0.00369476  0.00118794  0.00242428 
252 -1.29721e-05 0.482717 0.000947039 0.0326994 -0.000255666  0.000103509  0.000417994  0.00053049  -1.35193e-05  0.00011487  -0.000242547  -0.000509715  9.26825e-05  -0.00015511 
253 0.000207247 0.782115 0.0152925 0.0328972 0.00130088  -0.00580069  0.00131141  -0.000590593  -0.0116664  -0.00383521  0.00309318  0.00310082  0.00473393  -0.00201108 
255 0.000188482 0.630701 0.00992706 0.0295804 -0.00264179  0.00576054  -0.00089033  0.0017178  -0.00260944  0.000234783  -0.00578151  0.00179325  -0.00186549  -0.00276662 
256 -0.000172558 0.329685 0.0108434 0.0262018 -0.00363269  -0.000577752  0.00169534  -0.00219645  0.00645652  -0.00101633  -0.000991881  0.0018351  -0.0069841  0.000708955 
259 -2.97078e-05 -0.435651 0.0105444 0.0293105 0.00299006  -0.00145718  0.00440522  -0.00227185  0.00527876  -0.00227489  -8.80666e-05  0.000108182  0.00644601  -0.00097105 
260 -0.000381176 0.199493 0.0214083 0.029813 -0.0117122  0.00275685  0.00144392  0.00485024  0.0108523  -0.00844279  -0.00085626  0.00615814  -0.00653454  -0.0041859 
261 4.38918e-05 1.01839 0.00953993 0.0356379 -0.000286437  0.00155679  -0.00219859  -0.00483131  0.000375906  -0.00280936  0.0010834  0.00233758  0.00477756  -0.00477833 
262 -0.000141619 0.485932 0.00282481 0.0350167 -0.000926441  -1.44606e-05  0.00211567  0.000120763  0.000633762  -0.000106284  -0.000410281  0.000422251  -0.00129394  0.000443353 
263 6.29915e-05 0.531683 0.00282572 0.0369838 1.20459e-05  -0.00016874  0.00118985  7.61256e-05  -0.00148639  0.00117704  -8.87396e-05  -0.000102298  0.0014754  0.000862899 
265 2.05577e-05 0.533043 0.00164844 0.0361222 -0.000274265  -0.00046786  -0.000848534  0.000421325  0.000633246  0.000386328  0.000275444  -1.31424e-06  -0.000156963  -0.000935394 
267 -0.000156125 0.200433 0.0136785 0.0358365 -0.000493601  -0.00485189  0.0072449  0.00242129  -0.00547655  -0.00075352  0.00505621  0.00130331  0.00358229  -0.00585744 
268 -8.1805e-05 0.403031 0.00563336 0.0379525 0.000984157  -0.000122549  -0.00109922  -0.00162292  0.000404404  -0.00441841  0.00233209  0.000628204  -0.000124469  0.00117231 
271 -0.000135707 0.457568 0.0048004 0.0390154 -0.00109148  0.000160976  0.00204237  0.000860547  -0.00258819  -0.00118008  0.000336811  0.00120611  -0.0026612  0.000416376 
272 -0.000173075 -0.603904 0.0276449 0.0407175 0.00655806  0.00204269  -0.000247832  0.00559717  -0.0152196  0.00187649  0.0118337  -0.0111486  0.0113703  -0.00754342 
273 0.000280284 0.723673 0.0158355 0.0427903 0.00611317  -0.000703948  -0.00314934  0.00935425  -0.00749773  0.00377605  -0.00137334  0.00432307  -0.00405698  -0.00282281 
274 7.7442e-05 1.03734 0.0129013 0.0393797 -0.00142774  0.00281476  0.0023769  -0.00554709  0.00756826  0.00108567  -0.0037886  0.00243364  -0.00591702  -0.00251363 
278 0.000159304 0.686016 0.0108873 0.0383839 0.00396154  -0.00481787  0.00090837  -0.00167835  -0.00115835  0.00291649  -0.00765389  -0.000277942  0.00267961  0.000546867 
280 8.88633e-05 0.514039 0.00223471 0.0362496 0.00102876  -0.000447864  -0.001461  -7.68258e-05  0.000802199  0.000484149  3.70513e-05  -0.000551855  -0.000517027  0.000378696 
281 0.00011029 1.65543 0.0225759 0.0350025 0.00556703  0.00966178  -0.00815426  0.00748277  -0.000851992  0.00354781  0.00414446  -0.0117913  -0.00467797  0.0084522 
282 0.000104985 1.018 0.0147484 0.0333899 -0.000501332  -0.000629773  0.00357735  -0.00589882  0.00634584  0.00793443  -0.00133716  0.00388861  0.00618369  -0.00330188 
283 0.000183193 0.901494 0.0171518 0.0317791 -0.00309482  -0.00313043  -0.000298517  -0.0034661  0.00453419  -0.0135087  -0.00459229  0.00518406  -0.00256501  0.00226174 
284 -0.000268726 0.399617 0.01039 0.028753 0.00407219  -0.000318785  0.00186812  -0.00785984  -0.000908462  -0.000521523  0.00130382  -0.00151953  0.00446173  0.000993581 
285 -1.4299e-05 -0.61064 0.00797019 0.0330983 -0.000689371  -0.000172853  -0.000121791  0.00318209  -0.000131498  -0.00349791  0.00303048  0.00366031  -0.00358633  -0.00227646 
288 -9.47616e-07 0.49809 8.50911e-05 0.0333136 2.3911e-05  2.31882e-06  1.05966e-05  3.73859e-05  -8.35411e-06  -6.29602e-06  6.18103e-05  2.93455e-05  -7.22659e-06  -1.76086e-05 
291 -0.000453735 -0.0761197 0.0323393 0.0333278 -0.0232524  0.00420187  -0.00312274  0.0094862  0.00718434  -0.000187757  -0.00743503  -0.00596315  0.0142991  -0.00638794 
294 -8.99276e-05 0.452294 0.0041431 0.0395548 0.00163445  -6.15446e-05  0.000147059  0.00158086  0.000891122  -0.0015816  0.00165603  0.000352936  0.00195343  -0.00141098 
295 1.01022e-06 87.2522 0.0187227 0.0406757 0.00919441  0.0100242  -0.0081885  0.00263977  0.00194614  -0.00250716  -0.00467651  -0.00493222  -0.00570467  -0.001638 
296 0.00025248 0.625591 0.0112628 0.0406633 0.00275803  -0.00680821  0.000502733  -0.00551628  -0.00238706  0.00380856  -0.00380065  -0.00159192  0.00194278  0.00111965 
299 -8.98355e-05 0.25858 0.00931446 0.0374306 0.00310501  -0.00143638  -0.00029709  -0.00176696  -0.000819964  0.00446098  0.00106673  -6.90691e-05  -0.00371058  -0.00602999 
300 -0.000255348 0.447901 0.00729746 0.0386121 0.000798385  -0.00401009  0.00261223  -0.00021856  -0.00385524  -0.000387843  -0.000522055  -0.00147635  4.82422e-05  -0.00349219 
301 -0.000507386 0.426522 0.0122184 0.0417884 -0.00361574  -0.000296557  -0.000959488  0.00155597  0.00576512  0.00437759  -0.00634028  0.000196672  0.00252293  -0.00581242 
302 1.21616e-05 0.537915 0.00135812 0.0474741 -0.0010067  0.000271777  -0.000597051  -0.00012254  0.000231327  7.95947e-05  -0.000282449  -0.000230573  -0.000195573  0.000393266 
303 9.38776e-05 4.45563 0.0385362 0.0473458 -0.00332026  -0.0109783  0.00884878  -0.0187285  0.00669267  -0.0112978  0.0163952  0.0147736  0.00318898  0.0159615 
305 0.000124696 0.560056 0.00547367 0.0463439 -0.000708818  0.00142286  -0.00322459  0.0009543  -0.00221123  -0.00205974  -0.00185945  -0.00110393  0.00141128  -0.000570463 
306 2.94841e-05 0.89302 0.00680815 0.0449785 0.000584526  -0.00363896  -0.0039377  -0.00109388  -0.00281438  -0.00188809  -0.000410983  -4.91061e-05  0.00175838  0.00114731 
307 -7.55217e-05 -2.14899 0.0282874 0.0446495 -0.000114805  -0.00887563  -0.0140538  0.00243274  -0.0154917  0.00745754  -0.00299145  -0.00114862  0.0142866  0.00282448 
308 -0.000189178 0.443345 0.00654928 0.0454874 -0.00507178  0.00130493  -0.00143555  0.00104269  -0.001932  -0.000919481  0.00149299  -0.000791288  0.00219167  0.000287434 
311 -1.66633e-05 0.468434 0.00145056 0.0475216 -7.30536e-05  -0.00107326  0.000172174  -9.93925e-05  0.000423917  0.000339773  0.000170169  0.000751273  -8.17511e-05  -0.000110365 
313 0.000308329 0.836076 0.020358 0.0476966 0.0120845  0.00401415  -0.00390012  -0.00489884  0.0011447  -0.00637818  -0.00411567  0.00357379  -0.0111512  -0.00412791 
314 -7.92066e-05 0.427742 0.00478512 0.0443473 0.00114319  0.00203882  -0.00132408  -0.000695325  0.000183129  -0.00143229  0.00340217  -0.00077507  4.97887e-05  -0.000966461 
317 2.11273e-05 0.518879 0.00126319 0.0452315 6.53429e-05  -0.000196636  0.00043817  -0.000343143  0.00021947  0.00045753  0.000452121  0.000146833  0.000430611  0.000757675 
319 1.68909e-05 0.504453 0.000548625 0.0449974 0.000337724  -0.000191249  -3.65345e-06  2.18194e-05  -0.000108606  0.000251231  0.000126178  -2.68957e-05  -0.000204212  0.000128869 
321 7.47617e-06 1.47725 0.00540594 0.0448093 0.00243623  -0.0016635  -0.000443916  -0.000523326  0.00118039  0.00322403  0.00105154  -0.000414669  -0.00178408  -0.00194999 
322 -0.000470825 0.399551 0.0137596 0.0447258 -0.00322716  0.00329614  0.000615455  -0.00811351  0.00112039  0.00101581  0.00392714  -0.00510237  -0.00670594  -0.00362296 
323 -0.00013871 0.128557 0.0143566 0.0497125 -0.00572319  -0.000384588  0.00625336  -0.00200531  -0.00599745  0.000650031  -0.00763402  -0.000413088  0.00504197  0.00313366 
324 0.000724763 0.654462 0.0211629 0.0510887 0.00920977  -0.00020452  -0.00423488  0.00782566  0.0124935  0.0105213  0.00323145  0.000447229  -0.00191545  -0.00165411 
326 0.000415994 0.556672 0.00971427 0.043423 -0.00262103  0.00358052  -0.000833871  0.00444413  0.00413865  0.000379806  -0.00170116  -0.00223328  -0.00420027  0.00338157 
328 3.69349e-05 0.506167 0.000954844 0.038336 -0.000145241  0.000386351  0.000436304  0.000121791  -4.36654e-05  -8.06279e-05  0.000209368  -0.000241391  -6.02394e-05  0.000649638 
329 0.00032853 0.742857 0.0178643 0.0378512 0.00182647  -0.00715717  -0.00342773  0.00704133  0.000790911  -0.00498623  0.00228257  0.00971957  0.00417708  0.00778626 
333 -7.92297e-05 0.250722 0.00888855 0.0332301 0.00199209  -0.000542705  -0.00503174  0.000808009  -0.00314819  -0.000619865  -0.00157856  0.00246895  -0.00363395  -0.00408456 
335 0.000180432 0.82014 0.0152001 0.0344016 -0.0034099  0.00641774  0.00943406  -0.0047935  -0.00289583  -0.00438865  0.00407765  0.00344986  0.000461749  0.00314019 
336 0.00011394 1.54445 0.0218168 0.031671 0.00777045  0.00523382  -0.00917613  0.0018605  0.00236162  0.010822  -0.0118381  0.00430287  -0.0043487  0.000524776 
339 -3.60857e-05 0.49215 0.00106477 0.0298181 9.34022e-06  -0.000511331  4.1893e-05  -0.000537445  0.000439355  -0.000166286  -0.000565458  -0.000119803  -0.000107266  0.000123695 
340 2.1425e-06 0.536498 0.000559277 0.0304172 -6.99783e-05  0.000168833  -0.000264583  6.76703e-06  1.66861e-05  8.45732e-05  -0.000147965  0.000193055  -0.000180561  0.000331876 
341 -5.5531e-05 -0.0573426 0.0111266 0.030382 -0.00157697  -0.00348714  -0.00201658  0.000646757  -0.00196695  0.00808864  0.00156854  0.00248137  0.00452384  0.00250855 
343 -5.16037e-05 0.232781 0.007427 0.0312825 -0.000601144  -0.00464279  5.05302e-05  -0.00118681  0.000141174  -0.00250631  0.00396483  0.00153919  -0.00161486  0.00219866 
344 0.000200657 1.87147 0.0331744 0.0320967 0.0162005  0.018889  0.000750273  0.0126343  -0.00205968  -0.00253363  0.00520159  -0.0147786  -0.00207492  0.00778916 
346 0.000421785 0.61328 0.0138262 0.0288021 -0.0116339  0.00382179  0.000964283  0.00095026  -0.00120768  -0.00191462  -0.00118378  0.00514579  -0.00249607  -0.000375516 
349 -7.19717e-06 0.475146 0.000845901 0.0201957 5.63532e-06  0.000134418  -0.000239784  -3.50927e-05  0.000129456  0.000512941  0.000246953  -0.000334553  -0.000430688  2.1207e-05 
351 5.59416e-05 0.900739 0.00946943 0.0203731 -0.00348773  -0.00269572  0.001273  0.00360211  0.00468669  -0.00363621  0.000344537  -0.00375248  0.00054675  0.00244078 
353 2.70516e-05 0.782838 0.00553216 0.0189506 0.000476539  -0.00185626  0.000281263  0.000527689  -0.000556052  -0.0010747  0.00304446  0.00210318  -0.00138239  -0.00308336 
354 4.05547e-05 2.13317 0.0162763 0.0182229 0.00173885  -0.00165976  0.0114519  -0.00139787  0.000829602  0.00323417  -0.00251709  -0.0027542  -0.00637589  -0.00776645 
355 3.13136e-05 0.694993 0.00494203 0.0170739 0.000587186  -0.000901664  -0.00365525  0.000235529  -0.00131286  0.000489924  -0.0023005  -1.49949e-05  0.000707768  0.00144656 
360 -5.02457e-05 0.358535 0.00533235 0.0161309 0.000813917  -0.00331815  -0.001805  0.000287721  -0.000704475  0.00186976  -0.000101752  -0.00297405  0.000702006  0.000283189 
361 -0.000519337 0.290028 0.0208904 0.0176197 -0.0083383  -0.0060407  0.000812949  -0.0110836  0.00699336  -0.00551687  -0.0038926  0.00232479  -0.00617616  -0.0082969 
363 -5.04587e-05 0.298054 0.0063845 0.0288084 -0.000596945  -0.000724973  -0.00147818  -0.00206718  0.00116967  0.00392456  0.00322101  0.00231803  -0.000902526  0.000297808 
367 -0.000244188 0.314698 0.0134552 0.0296713 0.008386  -0.00454505  -0.00188006  -0.000380133  0.00140303  -0.00085111  0.00264165  0.000157458  -0.00467906  0.00740206 
368 -4.4817e-05 0.0809759 0.00866715 0.0335351 0.00358672  -0.00136156  -0.0048736  0.00273841  -0.00105198  -0.00230279  0.00289841  0.00193784  0.00311889  0.000925925 
374 0.000353194 1.66984 0.0406467 0.0341968 -0.012277  0.000965162  0.030876  0.00244693  -0.0168453  0.00715695  -0.00287914  -0.0057007  0.0114657  -0.00582658 
376 5.75875e-05 0.567555 0.00394494 0.0285708 0.000797897  0.0016495  -0.000152087  0.00219417  0.000112118  0.000974366  -0.00151593  6.4226e-05  0.00162314  -0.00121195 
377 -0.000171127 0.142259 0.0156494 0.0275446 -0.00497027  0.00118599  0.00280137  0.0066805  -0.00206405  -0.00130584  -0.00524581  -0.00554554  -0.00954635  0.00330869 
379 -5.5132e-05 0.477988 0.0022036 0.0304933 -0.000530525  -0.00107747  0.000252942  -0.000729826  0.000419422  -0.000521147  0.000629466  2.10151e-05  -0.00140369  4.80802e-05 
380 0.000104269 0.537515 0.00395616 0.0313844 -0.0022957  0.00162343  -0.00158169  0.00113055  -0.000984235  0.00132425  0.000484545  0.000858558  9.58341e-05  0.000511975 
382 -4.99451e-05 0.441004 0.00343335 0.0296768 7.02257e-05  -0.000129374  0.000483213  -0.00187886  -0.000997826  -0.00239446  -0.00059967  0.000481219  -0.000825183  -3.69028e-05 
386 -0.000407042 0.372423 0.0144165 0.0305067 -0.00687528  0.00694089  0.00225827  0.00678487  -0.00302722  -0.00161211  0.00237378  -0.0061891  -0.00235159  0.000155943 
389 0.000261646 0.55564 0.00763272 0.0365757 0.00353735  0.00119039  -0.000966855  -0.00100422  0.00304009  -0.0016253  -0.00270008  -0.000558529  0.00388559  0.00279309 
391 -2.62741e-05 -0.200858 0.00858243 0.0328051 -0.00250568  0.00451334  -0.00121599  0.00337116  -0.00263976  -0.00398696  0.00172472  0.00176111  -0.00016615  0.00227994 
400 0.000145276 1.14862 0.0194134 0.0332031 0.00184852  -0.00556344  -0.011846  0.00708695  -0.0024961  -0.00365776  -0.00444586  0.00681786  0.00162242  -0.00796663 
401 -2.72024e-05 -4.80926 0.0240347 0.0309384 0.00372995  -0.0116727  -0.00892576  -0.00910885  0.00627487  7.45489e-05  0.00576394  0.0101297  -0.00354825  -0.00877814 
402 -0.000864373 0.229707 0.0305811 0.0313749 -0.00769297  0.0184639  0.00431128  0.0122712  -0.0014864  -0.006026  0.00143133  0.00693727  -0.0157566  0.00538255 
403 1.33939e-06 0.501014 7.37018e-05 0.0430015 1.18919e-05  2.20127e-05  -2.18464e-05  2.82907e-05  3.42398e-05  2.4485e-05  3.93616e-05  -2.95599e-07  1.36766e-05  -4.47252e-06 
404 6.77178e-05 0.582564 0.00472924 0.042986 0.00104641  -0.00321895  0.00127774  0.000173275  0.000458234  0.000950579  0.00028536  -0.00255119  0.000205843  -0.00122495 
405 -4.98269e-06 -0.578608 0.00463654 0.042191 0.00221524  0.000705696  -0.00201529  -0.000473714  0.00253827  -0.00194154  0.000933011  0.00044057  -0.000258174  -0.000680233 
410 0.000151674 0.537351 0.00476137 0.04225 0.00196154  0.000152015  0.000610542  0.00014274  -0.000322034  -0.000577314  0.00109034  0.00215032  0.00348574  -8.14778e-05 
415 -0.000252034 0.334011 0.0129379 0.0404153 -0.00406855  0.00160722  -0.000814029  -0.00334486  -0.00036114  -0.00499061  -0.0011673  -0.0102325  -0.00218891  0.000711744 
417 -2.6065e-06 0.452103 0.000706663 0.0434219 -0.000183822  0.000577104  -0.000180921  0.000126943  -1.40381e-05  0.000175659  -0.000216585  -4.4205e-05  -2.86822e-05  5.42879e-05 
419 0.000189844 1.35616 0.025496 0.0434519 0.0103164  -0.0138152  -0.0031057  0.00138346  -0.0021501  0.00934277  -0.00779342  -0.00936475  -0.00356828  0.00938733 
425 0.000240192 0.710134 0.0142088 0.0412097 -0.00746991  -0.0015312  0.000875277  -0.00053522  -0.00741718  -0.00113796  0.00116176  0.00302248  0.00840154  0.00230477 
426 0.000902187 0.9811 0.0416583 0.0381848 0.0175301  0.0084418  -0.0138125  -0.00625551  0.00737936  0.0265803  0.00594018  0.00253171  0.0177213  0.00319708 
427 -2.73202e-05 0.441274 0.00253338 0.023586 -0.000994819  -8.55434e-05  -0.000874003  0.000217387  0.000814813  0.00130682  -0.00127018  0.000389343  0.000685109  -6.2342e-05 
428 -0.000339623 0.408499 0.0111526 0.0241582 0.00189569  0.00138064  -0.0010335  0.00375926  3.12664e-05  0.00670444  -0.00245295  0.00434111  0.00338213  -0.00473588 
430 -0.0001411 0.0936353 0.015145 0.0303859 0.00295041  0.00456894  0.000552433  0.00436395  -0.00027453  -0.00469758  0.000291089  0.0123306  -0.000100788  -0.00248248 
432 0.000121133 2.69251 0.0325905 0.0326253 0.00646418  0.00968803  0.0193577  -0.0108478  -0.00897862  -0.00658821  0.00294108  -0.00890105  0.0109779  0.0100842 
433 6.08837e-05 0.549691 0.00347891 0.030713 -0.000536374  0.000657166  -0.00040356  -0.00140967  -0.000430233  -0.0021141  -6.11742e-05  -1.71812e-05  -0.0013003  -0.00169821 
437 0.000101933 2.08253 0.0254002 0.0297053 -0.0194808  0.00242423  -0.00289674  0.00405488  0.00208539  -0.00958178  0.00757683  -0.000537657  0.00284082  0.00854589 
439 5.36676e-05 1.28009 0.0129405 0.027937 0.00273257  -0.00136799  0.00100743  -0.0027865  0.00574608  0.00025224  -0.0050005  -0.00365383  -0.00136052  0.00872075 
440 2.67053e-05 1.33706 0.00945587 0.0269594 0.00214575  -0.00124327  -0.00246839  0.00159225  -0.00394679  -0.00075212  0.00213978  -0.00529918  -0.00389779  -0.00326184 
442 -4.89278e-05 0.299726 0.00626082 0.0264595 -0.00271082  0.00311355  0.000918009  -0.0027506  0.000297282  0.000610096  0.000575086  -0.00117518  0.00232433  -0.0024843 
444 7.71218e-05 0.74532 0.00869928 0.0273685 0.000261394  0.000477077  -0.00276571  0.00192076  0.00342328  0.00124141  -0.0011449  0.00397161  -0.00445215  0.00372518 
446 -4.57509e-05 -4.68801 0.0308113 0.0259213 -0.0148442  -0.00581418  -0.0107076  0.00550019  0.0161746  0.00572184  -0.00668062  0.00575045  -0.00647177  -0.0116763 
447 5.25311e-05 1.29301 0.0129083 0.0267893 0.000877754  -0.0067532  0.00389075  -0.00214478  0.00143778  0.00528268  -0.00498829  -0.00576364  0.00164066  0.00312112 
454 -0.0013854 0.366447 0.0272306 0.0257903 -0.00447116  0.00833084  -0.00822884  0.00549271  0.00102017  0.00409488  0.00295276  -0.0209817  0.00677266  -0.00644977 
455 0.000584582 1.5618 0.0498149 0.0452935 0.0125508  0.0185729  0.025561  -0.0108363  -0.00296991  0.000104619  0.0137013  0.0317242  0.00229457  8.79873e-05 
456 -0.000168661 0.301619 0.0115698 0.0383026 -0.00698553  -0.000629939  -0.00425485  -0.00226298  -0.00315588  0.00235339  -0.000355401  0.00664622  0.000193729  -0.00126745 
459 5.09835e-05 3.65078 0.0253473 0.0404446 0.00846223  -0.00039089  0.000721224  -0.00488939  -0.00858685  -0.0151291  -0.00149744  -0.00492574  0.00933286  -0.0114046 
460 -0.000114038 -0.156972 0.0173116 0.0398093 -0.0107722  -0.00492378  -0.00725947  0.00159715  -0.00704072  0.000724444  -0.00414309  0.00554153  0.00166021  0.00185226 
466 9.98482e-05 0.951619 0.01343 0.0412168 0.0023022  7.76486e-05  -0.0058877  -0.00417954  -0.00272703  -0.0026959  0.000929857  0.00442125  -0.00794983  0.00496075 
467 8.2481e-05 0.514158 0.002162 0.0399873 0.00122762  -0.000870719  -5.68348e-07  0.000585713  9.43234e-05  -0.000527058  -0.000192556  -0.0008588  0.000589187  -0.000810891 
468 -3.20582e-05 0.456144 0.00237158 0.0389424 -0.000133293  -0.0010571  -0.00028792  -0.000219326  -0.0018509  -0.000604472  0.000173518  0.000592029  -0.000382316  -0.000200364 
469 2.35128e-06 47.1731 0.0209509 0.0393518 0.00683649  -0.00274718  -0.0118256  0.00822545  0.00531052  0.00955035  0.00251639  -0.00414847  0.00457271  0.00364592 
471 -0.000457993 0.280398 0.0200619 0.0393219 0.00221094  0.00416465  0.00727959  0.0033025  -0.0110874  -0.0079343  -0.00264196  0.0073692  -0.000744161  0.00828417 
472 0.000592749 0.961937 0.0330901 0.0447695 -0.0122491  -0.00580245  0.0100858  -0.00365798  0.0052486  0.00118876  -0.0204234  -0.00493148  -0.0137416  -0.0117008 
474 -0.000677786 0.400018 0.0164736 0.0375731 -0.000726152  0.00691454  -0.00646723  0.011164  0.00367112  -0.00356885  -0.00314287  -0.000646098  0.00287977  -0.00343211 
475 0.000377814 0.654884 0.0153 0.0457138 0.00381584  -0.00715776  -0.00322767  -0.00357278  -0.00132093  0.00984857  -0.00362508  -0.00363139  -0.00355932  0.00271611 
478 4.20152e-05 1.29818 0.0115818 0.0413765 -0.00270019  0.00366471  -0.00165212  0.00309772  0.00076442  -0.0024333  0.00716  0.00069235  -0.00398621  0.00519146 
482 -0.000138808 0.316153 0.0101041 0.0408656 -0.00671131  -0.00199444  -0.00153227  -0.00237069  0.00320129  0.00450149  0.000231023  0.000698003  -0.00237078  0.00290397 
483 3.091e-05 3.63667 0.0196925 0.0425302 0.00976504  -0.00339276  0.00391396  -0.00810332  0.00306231  0.00830588  -0.00588286  0.00562831  -0.00160298  0.00726106 
484 -0.000222844 0.229711 0.0155233 0.0421652 0.00257478  0.00033248  0.00139639  0.00307496  0.00894753  0.00338556  0.00537899  0.00349615  -0.00532715  0.00785957 
485 -0.000202549 -2.53884 0.0496142 0.04473 -0.0128222  -0.00213087  0.00111271  0.0175592  -0.00507067  -0.00667321  0.0369473  -0.00348267  0.0122883  -0.0196105 
492 -0.000138666 0.447741 0.00538495 0.0469398 -0.00185127  -0.000665558  -0.00182338  8.60058e-06  -0.00136881  0.00209511  -0.00314004  0.00182137  0.00113353  -0.00103801 
493 0.000433974 0.641916 0.0156967 0.0483944 0.000352293  0.00424247  0.00491283  -0.0032227  0.00221298  -0.00471449  -0.00235294  -0.00404649  -0.000589454  0.012015 
496 3.95828e-05 1.31626 0.0113682 0.0436823 0.00511085  -0.00349803  -0.0043935  0.00201805  -0.00639822  -0.00343001  0.000377371  0.00352486  -0.000642247  -0.00134984 
