generation s h r distopt trait[0] trait[1] trait[2] trait[3] trait[4] trait[5] trait[6] trait[7] trait[8] trait[9] 
2 -6.99165e-06 -4.27678 0.011558 0.05 0.00162617  -0.00204386  0.00122481  -0.00465419  -0.00290737  -0.00113834  -0.000272014  -0.00886593  0.00215666  0.00324448 
5 -0.000129739 -0.47258 0.0224663 0.199066 -0.00856798  0.00188192  0.0132852  -0.00738874  -0.0108643  -0.000801716  -0.00277654  -0.00690546  -0.00465235  0.000990195 
6 0.00444568 0.588328 0.0397086 0.24895 -0.00270628  -0.0122375  -0.00801678  0.0141874  -0.0271058  0.000328683  0.00233402  -0.00305053  -0.00552188  -0.0193406 
8 0.0146435 0.632411 0.0883047 0.338395 0.041267  -0.0539298  -0.0254557  -0.0289458  -0.00998989  -0.0250406  -0.010911  0.0102095  -0.020769  -0.0178612 
10 0.0298361 0.63757 0.128749 0.412477 -0.105063  -0.00259174  -0.00299757  -0.0203103  0.0311742  -0.0224911  -0.0376522  0.0166891  -0.0229549  0.0375397 
12 0.0163344 1.07416 0.192795 0.471574 -0.00640216  -0.070619  -0.080037  0.00650398  0.0823116  -0.121657  -0.00870318  0.0508745  0.0253244  -0.0285094 
14 0.0128629 0.510097 0.0244509 0.54248 -0.010259  -0.00762904  0.00897728  -0.00452684  0.00824324  0.0019472  0.000290771  -0.0129906  0.00839535  -0.00471659 
15 0.0201026 0.513393 0.0355548 0.576159 -0.00388677  -0.0175938  -0.00848711  -0.000270919  0.00372747  0.0207333  -0.0181763  0.00890306  0.00191652  0.003211 
17 0.0248543 0.519499 0.0470706 0.651473 0.00804132  -0.0312942  -0.031428  -0.00979453  -0.00602912  -0.00121015  0.00412435  -0.000137444  0.00474201  0.0032666 
18 0.0102578 0.505655 0.0168201 0.678944 -0.000848406  -0.00711113  0.00564001  0.00668749  -0.00498051  -0.00156782  -0.00929616  -0.00291267  0.00435988  0.00373133 
19 0.0217598 0.520946 0.0451087 0.718448 -0.00435824  -0.0155547  0.0190992  -0.00268569  -0.0257841  -0.0036437  -0.0191912  0.0152144  -0.00993  -0.00503748 
20 0.0145878 0.688811 0.105012 0.75063 -0.05621  -0.00367803  -0.0321765  0.020441  0.0374319  0.0165947  -0.0207608  -0.00401572  -0.0325305  -0.0567394 
21 0.0136464 0.504866 0.0188597 0.787576 -0.000226527  -0.00983166  0.00061163  0.00518458  -0.00721192  0.0031466  0.00163143  0.00972129  -0.00489904  -0.0069744 
23 0.0929962 0.528898 0.119211 0.873221 -0.0546678  -0.0581756  0.0249691  -0.0427235  0.00362448  -0.00897859  -0.0426178  0.0533821  0.0148279  -0.0202477 
32 0.00542938 0.510134 0.0153015 1.24698 -0.00726185  0.000867424  -0.00670081  0.00622552  -0.00205886  -0.00156477  0.00166351  -0.00849652  -0.00347651  0.00180539 
33 0.0481841 0.512421 0.0586864 1.29316 -0.00572337  -0.0192138  0.0229112  0.0159688  0.0250077  -0.0260504  0.00925431  0.0166889  0.0199376  0.0140203 
36 0.0983549 0.567853 0.172516 1.42036 -0.0488401  -0.0473469  -0.102967  -0.0592899  0.0249955  0.000245933  -0.0258441  0.0393943  -0.0797416  0.0425901 
39 0.0304785 0.502445 0.0272825 1.53039 -0.0172186  -0.00388113  0.0160308  -0.00386778  0.0104255  -0.00223917  0.000703296  -0.00304097  0.00364913  -0.00490725 
40 0.0773503 0.510677 0.0771627 1.56861 -0.0220661  -0.00949677  0.0201138  0.0403992  -0.0379237  0.0205478  -0.0208153  -0.00309042  0.011738  0.0299881 
43 0.0426683 0.503114 0.0373261 1.59305 -0.0177226  -0.0136883  -0.0102374  0.00501936  0.0250377  -0.0050937  -0.00517757  0.00392153  -0.00815307  -0.000537349 
44 0.00661454 0.532067 0.0294495 1.57988 -0.00930372  0.000698341  0.00486955  0.0134326  0.00947205  -0.00100615  -0.00209068  -0.00734185  -0.0016436  -0.0206003 
45 0.00850498 0.503223 0.0120429 1.57779 -0.00439849  -0.00113269  0.00777825  -0.00313182  0.00251393  -0.00469323  0.00063905  -0.00161936  0.00017231  0.00476285 
46 0.0274435 0.503582 0.0274651 1.57511 0.00231925  -0.00683938  0.0168218  0.00411849  -0.00675651  -0.00956442  0.00145452  -0.0140989  -0.00270749  0.00754249 
48 0.00825711 0.507189 0.0164402 1.56649 0.0046336  -0.00227534  0.00977924  -0.00697393  0.00113648  0.000988097  0.00905087  0.00217072  0.0024238  0.0021426 
50 0.0251154 0.499218 0.0151664 1.56386 -0.00229082  -0.0083694  0.00074607  0.00213947  0.00320618  0.005272  -0.0018512  0.00676481  0.00217732  -0.00758859 
52 0.0580638 0.500172 0.0403901 1.55591 -0.025422  -0.0108299  0.0156093  0.012886  0.000884899  -0.0110514  0.00304541  -0.00830692  -0.00986889  0.0126295 
53 0.022281 1.55449 0.30352 1.53767 -0.200127  0.00389105  -0.0227113  -0.0257102  -0.0824224  -0.128789  0.0739908  0.097611  -0.0509306  0.0995243 
54 0.0435855 0.497487 0.0219367 1.53048 0.0102459  -0.0132854  0.00257603  4.24795e-05  -0.00641668  0.00860082  -0.00336958  -0.00621787  -0.00140477  -0.00509578 
56 0.0506958 0.505394 0.0478463 1.51648 -0.00498929  -0.0234415  -0.00561054  0.0141577  0.0140181  -0.0297686  -0.000641157  -0.0133058  -0.0144688  0.00366991 
60 0.0440489 0.564628 0.109797 1.50009 0.00887029  -0.0458007  -0.00462849  0.0231319  0.0347916  -0.0756251  -0.044005  0.0099928  -0.0121784  -0.0144286 
61 0.273286 0.487948 0.132315 1.48565 -0.0228131  -0.0632827  0.00241354  -0.0353936  0.00811607  0.105666  -0.0042731  0.0152945  0.00428703  -0.0148915 
62 0.127617 0.508955 0.107253 1.40198 0.00598724  -0.0461243  -0.0291881  0.0282346  -0.0617768  -0.0183776  0.0395802  0.0109227  0.020971  -0.0375624 
63 0.114423 0.523469 0.126542 1.35847 -0.071583  -0.0201179  -0.00605425  -0.0541978  -0.013763  -0.00713867  0.0233879  -0.0784318  0.021813  0.00975698 
64 0.0205479 0.502763 0.0207762 1.318 -0.0107398  -0.00604973  -0.00080662  -0.000823942  -0.0030306  0.00513841  -0.0095711  0.00312057  0.011853  0.000977023 
65 0.0416123 0.624495 0.145187 1.31026 -0.0152477  0.000547835  0.0176512  -0.0496342  0.00238041  -0.0060852  0.0897978  -0.0820342  0.0568237  0.00256407 
66 0.0780449 0.509248 0.0748385 1.29461 0.0225797  -0.0429707  -0.00872269  -0.019398  -0.000476156  -0.00122435  -0.0261704  0.0449133  0.00725321  0.00597374 
67 0.123483 0.49516 0.0672475 1.26525 -0.00856281  -0.0396263  0.0305748  0.0199701  -0.0264781  -0.00264627  0.00403196  -0.0285739  -0.00125536  0.00162859 
75 0.00490776 0.501348 0.00619504 1.21837 -0.00194428  -0.00199252  -0.000480081  0.00199115  0.00192239  0.000424689  0.00242167  0.00400452  -0.000744064  -0.000320577 
77 0.017433 0.502441 0.0178357 1.21636 0.00183787  -0.00745245  0.00062294  0.00605767  -0.00171455  0.0016825  -0.00900199  0.00386594  0.00395365  0.0102337 
79 0.0290258 0.508191 0.0366958 1.20923 -0.0182548  -0.0100007  0.00684732  0.00170685  -0.00120597  0.00120738  0.00331424  0.00144857  0.0131368  0.02598 
82 0.0312689 0.510261 0.0416823 1.19734 -0.00575579  -0.0164398  0.00965301  -0.0197482  0.0165761  -0.00301649  -0.0203829  -0.00736209  -0.0139743  -0.00142655 
83 0.0576868 0.54424 0.107156 1.18442 0.0655034  -0.0184583  0.00543662  0.0244893  0.0121519  0.025312  -0.00253308  -0.0510861  -0.0271515  -0.0456058 
85 0.0170318 0.501041 0.0145918 1.1605 -0.00462924  -0.00838345  -0.00200541  -0.00391336  -0.00406913  -0.000976804  -0.00185258  -0.00505442  -0.00595587  0.00446192 
88 0.0633939 0.504202 0.0540486 1.1532 0.0167661  -0.0303485  0.0311508  -0.00653093  0.0131333  -0.00605217  0.0155445  0.00881446  0.0039859  -0.0127186 
90 0.0660895 0.534025 0.103659 1.12623 -0.0305139  -0.0387907  0.0488478  -0.0300395  -0.0151707  -0.0249115  -0.0316491  0.00207519  0.00797325  0.0556826 
91 0.0608111 0.54186 0.107758 1.09745 0.0214917  -0.0325579  -0.0332384  0.0111583  0.0141822  0.00697187  0.0413712  -0.0209677  -0.065452  -0.0466432 
92 0.0183775 0.506055 0.0246347 1.07022 -0.0112373  -0.00948225  -0.0038657  0.00905362  0.00101171  -0.00664866  0.0106401  0.00792404  -0.00562805  -0.00639209 
96 0.0378208 0.507918 0.0431789 1.06168 0.00837331  -0.0225457  -0.0146007  -0.00368311  -0.0212292  0.00611056  -0.00892231  -0.00613469  -0.0137717  -0.0162582 
98 0.0616631 0.514643 0.0727464 1.04405 0.0396924  -0.0404173  0.00825202  -0.00329631  0.0302723  -0.00797238  -0.00536827  0.0114006  0.0267281  0.0122835 
99 0.0869457 0.623005 0.210387 1.01499 -0.0618925  -0.0752456  0.0989399  0.00728638  -0.0473142  -0.115535  -0.0395636  -0.00499497  0.0880191  -0.00174236 
102 0.0367441 0.500722 0.0274821 0.973051 -0.00174976  -0.0141131  0.0132415  0.00507402  -0.000340701  0.0106215  0.00222542  -0.0138119  3.23873e-06  0.0065794 
106 0.0617687 0.520111 0.0813204 0.954328 0.0324491  -0.0190727  0.00609679  0.00153676  0.00331359  0.0532116  -0.0280875  -0.0331231  -0.00265668  0.0205233 
108 0.0392059 0.516204 0.0568421 0.922392 0.00888867  -0.0236349  0.0396243  0.0115121  -0.0202408  0.00775346  0.00680364  -0.00981968  -0.0158654  -0.00515409 
109 0.0288502 0.501206 0.0232744 0.901305 -0.00806084  -0.00887144  0.00170601  0.006441  -0.010036  0.0133999  0.00687307  -0.00403908  -0.00150723  0.00274141 
111 0.0263538 0.512478 0.040452 0.885386 0.00787611  -0.0143081  -0.00722114  -0.00267912  0.00242543  0.0115498  -0.020197  0.00907073  0.0242481  -0.00963548 
118 0.0548432 0.511109 0.0616145 0.870572 0.00977031  -0.0446056  0.00909943  -0.00358825  -0.0131223  0.00501281  -0.0129668  0.0192255  -0.0192587  0.0225738 
119 0.0181235 0.502941 0.019302 0.839347 -0.00347668  -0.0117296  0.0032285  0.00158815  0.00967302  -0.00131777  0.00559004  0.00877486  -0.00178077  0.0017965 
120 0.00450629 0.503782 0.00883925 0.828578 0.00375332  -0.00235097  -0.00227979  -0.0030234  0.00139222  0.0039256  0.00181358  -0.00167991  0.000401022  0.00453419 
121 0.0204862 0.510216 0.0321594 0.825861 0.0101145  -0.0142212  0.00674147  0.0111725  0.0159399  0.00117842  -0.00293934  -0.0148301  0.00846265  -0.00193714 
123 0.0196868 0.52176 0.0434343 0.81349 -0.0147286  -0.011489  -0.0136295  0.000451455  0.00626598  -0.00470717  -0.0118704  0.0128563  0.0182325  -0.0255267 
124 0.0077195 0.533041 0.0323382 0.801418 0.014647  -0.000954771  0.0114879  -0.0045672  -0.00763694  0.0173212  0.0142291  0.00431766  0.00210631  0.00967416 
125 0.035704 0.521015 0.0596897 0.796606 0.00506275  -0.0317083  -0.0176291  -0.0238027  -0.0104201  -0.0028017  0.0259483  0.0145201  -0.0250218  -0.00527214 
126 0.040772 0.509861 0.0487252 0.774274 -0.0119707  -0.0231255  -0.0182224  0.00167672  -0.00548264  0.0125524  -0.00253165  0.0315289  0.0130269  0.00184319 
127 0.014692 0.566391 0.0630691 0.748022 0.0197735  0.000238723  -0.0223642  0.0287665  -0.0332878  0.0166973  0.0248701  -0.0156718  -0.00281264  0.000286747 
128 0.0251907 0.550424 0.0729656 0.738209 0.0341192  -0.0250644  -0.0249983  0.0153104  -0.0146655  0.0203545  -0.0264276  -0.0162951  -0.00241173  -0.0327592 
129 0.0336969 0.516892 0.0527987 0.721161 -0.00348829  -0.0335736  0.0163557  -0.012956  -0.00568838  0.00328096  -0.0280863  -0.0133949  0.0115284  0.00828795 
130 0.0513088 0.538243 0.0943231 0.697805 -0.0606758  -0.0203385  0.0163683  -0.0424798  0.0336377  0.010432  0.0215736  -0.00837788  -0.0234709  -0.0200593 
131 0.015236 0.549496 0.0557396 0.660981 -0.00298991  -0.0283932  -0.0151359  -0.0074041  -0.0199401  -0.0230234  0.0258057  0.0153636  -0.009378  -0.00950056 
132 0.0171071 0.519125 0.0379638 0.649442 -0.00327357  -0.0217824  0.00835998  -0.0182255  -0.00842793  0.00716609  0.00154655  -0.00710149  -0.0178783  0.00769188 
133 0.0134051 0.561944 0.0581947 0.636249 0.0265594  -0.0125369  -0.00796305  -0.0192661  -0.0175662  0.0327561  0.0180941  -0.0192457  -0.000854049  0.00306638 
134 0.0231075 0.503653 0.0243868 0.625697 -0.00442436  -0.0147298  -0.00800508  0.00666781  0.0017044  0.00933713  -0.00511484  -0.00865221  -0.000352572  0.007642 
135 0.0520841 0.531628 0.0877818 0.607167 -0.0353182  -0.00926665  0.0196202  -0.014764  0.0186784  0.0622055  0.0364117  0.00786143  0.0106911  -0.00700999 
136 0.00863352 0.524309 0.0295423 0.563807 -0.00456714  -0.00129629  0.00387299  0.00878601  0.00761294  -0.00435849  0.0238507  -0.00414943  0.00768077  0.00599942 
138 0.0637045 0.630303 0.184273 0.556132 -0.0197006  -0.0799266  0.0546972  0.086543  -0.0960994  -0.0141631  0.052943  -0.00463654  0.0260392  0.0613223 
139 0.0245314 0.538236 0.0632329 0.497519 -0.0291871  -0.0223797  0.00907647  -0.00433897  0.0298679  -0.0116198  0.0253454  -0.0256767  0.00371677  -0.0142073 
141 0.0198942 0.531208 0.0515002 0.472535 -0.0171896  -0.0138344  -0.0390609  -0.00742574  -0.000314965  0.0110674  -0.00348679  0.0123688  -0.0171892  0.00114288 
142 0.0132875 0.524803 0.0373696 0.45121 0.00606596  -0.00299536  0.00825682  0.0131764  0.00798089  0.0147881  -0.0010853  -0.0117897  0.0256428  0.0053678 
143 0.00290157 1.91173 0.127797 0.436338 -0.0126885  -0.0665649  -0.00828206  0.0144646  -0.068709  -0.0289502  0.057825  0.0221202  0.0416004  -0.0184312 
144 0.0360433 0.555686 0.0922245 0.433005 -0.015712  0.000333916  0.0112443  0.0219895  0.0563809  0.0324498  -0.0101438  -0.0169716  0.0488891  0.0252096 
145 0.0344476 0.566014 0.0974967 0.38998 -0.0136451  -0.0359528  -0.0250711  0.0308851  0.0465083  -0.0049527  -2.42293e-05  0.0608369  -0.0034989  -0.0233118 
146 0.0131443 0.546085 0.0499171 0.343827 -0.0210121  -0.0127048  -0.0289706  0.0165762  0.0143947  0.0104823  0.00784093  0.0042165  0.00016907  0.0194512 
147 0.011271 0.518985 0.0302295 0.324281 0.0101127  -0.0137853  -0.00141153  0.00756325  0.0142091  0.00895861  -0.00186478  -0.0139087  0.00899932  0.00150343 
149 0.0187884 0.527917 0.0474474 0.306513 -0.0119747  -0.0307408  -0.00373374  0.0179312  0.00168551  0.00750958  0.000357009  -0.0115015  -0.0247655  -0.00473473 
150 0.0101584 0.765496 0.10378 0.274474 0.0450013  -0.0211089  -0.0172511  -0.00944125  0.0130837  0.0180645  -0.0700681  0.0273573  0.0367293  0.020207 
152 0.0136895 0.899619 0.147537 0.255399 -0.0624848  -0.0311349  -0.0224461  -0.0289486  -0.0191692  0.0593418  -0.0882786  0.0345202  0.0362063  -0.0369734 
155 0.0029977 0.595507 0.0338794 0.227227 0.00555081  -0.0141586  0.0198577  -0.00706006  0.000576042  -0.0140312  -0.00967485  -0.00608704  -0.0118892  -0.00177521 
156 0.0113146 0.545268 0.0458258 0.220543 0.00860026  -0.00755821  0.010423  0.0102068  -0.00529962  0.00802081  0.0272536  -0.0281809  -0.0111244  0.00173268 
157 0.0127132 0.57636 0.0627419 0.19336 -0.0152999  -0.0232605  0.0293182  0.0163073  0.0377316  -0.00447307  0.00145752  -0.00626829  -0.0233198  -0.00264723 
158 0.00999574 0.651014 0.0778005 0.157337 -0.0220226  -0.0239426  -0.0309112  -0.0264362  0.020463  0.0286076  -0.00973373  -0.00926472  -0.0406903  0.0163372 
159 0.000881808 2.70137 0.088058 0.121691 0.0225461  -0.0247231  0.0047007  0.0133209  0.0127044  -0.0168412  -0.00387646  -0.0074027  -0.00558485  -0.0767402 
161 0.000446326 0.692376 0.0185326 0.118014 0.000690357  -0.00951334  -0.00614329  0.0047343  0.0102408  -0.00117543  0.00676101  0.00395651  0.0049389  0.000555975 
162 0.00363623 1.55142 0.123461 0.116108 0.00977672  0.00443522  0.0116258  0.00254488  -0.0355748  0.0329026  0.0385979  -0.0946355  -0.0456798  0.0102599 
164 0.00221217 0.545474 0.0201088 0.0992545 -0.00183684  -0.00265277  -0.00733717  0.0014844  0.012409  -0.00194968  -0.00125871  0.0118197  0.00606183  0.0014472 
165 0.00176817 1.03362 0.0614051 0.087417 -0.0326911  -0.00837077  0.0279614  0.0232952  0.0146081  0.00306167  -0.00557786  0.0110994  -0.0168753  0.0254057 
168 0.00399161 0.665957 0.051493 0.0766493 0.00964951  0.00220713  -0.00139893  0.0146581  -0.0024937  0.0292124  -0.00487155  0.0160015  0.0320213  0.013115 
177 -0.000100731 0.228952 0.0104509 0.0434908 0.00519505  0.00173203  -0.00107011  -0.00225748  -0.000591798  0.00104742  -0.000341461  -0.00512082  -0.00518858  -0.00427581 
181 0.000156634 0.619593 0.0086565 0.0446339 -0.00255619  0.00206745  -0.0039186  -0.00205666  -0.000707094  0.000437746  0.000944742  -0.00323341  0.0049892  0.00275863 
184 2.74574e-05 0.520338 0.00149468 0.0428435 4.54203e-05  0.000483451  0.000200969  0.000228016  0.000596211  0.000190866  0.00034153  0.000802245  0.000418062  0.000760921 
189 0.000371518 0.940743 0.0255904 0.0425219 -0.00015517  0.0106551  0.00123157  -0.0161027  0.000468609  0.00639793  -9.55655e-05  0.0104079  -0.002746  -0.0111118 
190 8.42014e-05 0.678109 0.00774524 0.0379033 0.00316245  -0.00176011  -0.00198079  -0.00459092  -0.000866287  0.00165174  0.00264839  0.00275703  -0.00101332  -0.00166402 
191 -0.000125266 -0.446588 0.0217787 0.0367758 -0.00206911  0.000939671  -0.00201701  -0.00604139  -0.00809592  0.00861248  0.00709139  -0.00333046  0.015082  0.000115277 
193 5.29679e-05 1.71381 0.0160362 0.0384413 -0.00174192  0.00194352  -0.00725461  -0.00521686  0.00633083  -0.00457874  -0.00307093  0.0042249  -0.00336245  0.00841851 
197 -0.000583998 -0.0212015 0.0348979 0.0377461 0.0285448  -0.00958732  -0.00130306  0.00870298  0.0108628  -0.00116781  0.000775988  -0.00791744  0.00714254  0.000184332 
199 -0.000218077 -1.68657 0.0436709 0.0448212 -0.0171186  -0.00197079  -0.00942871  -0.00301865  -0.00869598  -0.0186345  -0.000175142  0.0127703  0.00668238  -0.0296913 
200 3.66236e-05 0.506042 0.000941186 0.0471915 -0.000379852  -0.000192454  7.20957e-05  0.000342698  -0.000489689  0.000319578  0.000207279  -0.000128615  -0.000354526  -0.000233975 
202 -0.000459149 -0.545707 0.043825 0.0468019 -0.00247925  -0.00142739  -0.012906  0.0148713  0.015374  0.00491706  0.0247596  0.0227554  0.00788524  0.00843585 
208 0.000987337 0.552398 0.0143985 0.051475 -0.00216846  0.000612279  -0.00146427  0.00252512  -0.00388068  0.00860275  -0.00119293  -0.00676057  -0.00647432  0.00395065 
209 5.77798e-06 0.520802 0.000693391 0.0407777 6.65393e-05  0.000169693  0.000178239  -0.00041708  0.000141517  0.000163934  -2.90103e-05  0.000241856  -0.000301115  -0.000211979 
210 1.88825e-05 6.16429 0.0206832 0.0407068 0.00810521  -0.00927539  0.0032257  -0.0038252  0.00968895  0.00382807  -0.00137349  0.0013962  -0.00505779  0.0106341 
212 0.000395119 0.751628 0.0199417 0.0404742 -0.00264602  0.0112822  0.00282903  -0.00745723  -0.00919963  -0.00391854  -0.00892603  -0.00397959  -0.000870767  0.00187353 
214 -0.000240286 0.461505 0.00608543 0.0352579 -0.000674913  -0.00137036  -0.00113965  4.64072e-05  0.00286965  -0.00320161  0.000769305  0.00164984  0.00333381  0.000696316 
216 -0.000211893 0.337855 0.0117245 0.0385154 0.000113851  0.00247797  -0.00498463  -0.00298779  -0.000377929  0.00588958  0.00389945  0.00429568  -0.00525198  -0.0012106 
221 -0.000147392 0.448158 0.00552966 0.0411746 0.00143789  -0.00167869  -0.00325845  0.000123996  -0.00137597  -0.00172706  -0.000534864  0.00101353  -0.00282293  -0.000948912 
222 0.000692457 0.551253 0.0119227 0.0429273 -0.00418079  0.00147878  0.00495141  0.00826104  -0.000499923  0.00203823  -0.00355434  -0.00271817  0.00218869  -0.000711906 
224 8.03961e-05 0.532855 0.0032509 0.0339196 -0.00120287  0.000654176  -0.00142471  6.12096e-05  -0.00078736  0.00178943  -0.000391395  -0.00101551  -0.00128443  6.13701e-05 
230 0.00013135 2.02454 0.0282997 0.032713 0.00778934  0.00100465  0.00659065  0.0158453  0.00145284  0.01559  -0.0106596  -0.0062288  0.000468926  0.00684645 
233 2.13823e-05 0.520903 0.00133718 0.0306399 -0.000211251  -0.000273338  -0.000486751  0.000291005  -0.000362809  -0.000416751  0.000573699  3.36941e-05  -0.000541322  -0.000646904 
234 0.000140199 1.15527 0.0191687 0.0302889 -0.0141254  -0.00157703  -0.00672583  0.00411137  -0.000272197  -0.00165889  0.00238342  -0.00664294  0.00692369  -0.00164695 
237 -3.71288e-05 0.474708 0.00193829 0.0278789 9.90514e-05  0.000531692  -0.000776869  -0.000169364  -0.000294489  0.000421028  0.000154794  0.00154629  -0.000159676  -0.000357526 
238 -4.47659e-06 -1.72411 0.00631076 0.028537 0.00277067  -0.00263609  0.000417746  -0.00150706  -0.000797954  -0.00299396  0.000646139  0.000668892  -0.00019494  0.00350014 
241 -0.000113928 0.139429 0.0128191 0.0286153 -0.00455341  -0.000698527  -0.00106412  -0.00109003  0.0105409  0.00253928  0.00328837  0.00247958  0.000361717  -0.00247723 
242 -0.000292662 0.0296552 0.0234669 0.0305413 -0.0054456  -0.0150712  0.0049596  -0.00748156  0.00822832  -0.00311423  0.00689244  0.00252511  -0.00560486  0.00711529 
244 0.000189266 0.533157 0.00501177 0.0350068 8.04611e-05  -0.00202313  0.00304465  -0.00040942  -0.00131696  0.000962319  -0.00135933  -0.000174498  -0.00193917  -0.00181155 
246 0.000181632 0.792767 0.014584 0.0321905 -0.00389396  0.00667387  -0.000353932  0.000743014  -0.0100901  0.000741324  0.00175048  -0.00144439  -0.00466786  0.00479746 
247 0.000391386 1.01472 0.0283839 0.0292337 0.00625397  0.00900594  0.00764244  -4.79846e-05  0.00244873  -0.00725667  -0.00569612  -0.0186651  -0.00672731  -0.0119279 
249 -1.94978e-06 0.285703 0.0012928 0.0215245 -0.000260976  -4.61991e-05  -0.000136359  -0.00017731  0.000451555  -0.000430937  -0.0008203  -0.000590361  0.000318737  -0.000196039 
250 -0.000247998 -0.302845 0.0282217 0.0215697 -0.0129611  3.19815e-05  0.0026613  0.000992643  -0.00859464  0.0211035  -0.00752965  0.000979706  -0.00659132  0.000285594 
251 -8.61655e-06 -9.03411 0.0181271 0.0267073 -0.000681441  -0.00457995  0.00766514  -0.0088551  0.00521447  -0.00520275  -0.0018029  -0.00512824  0.00878716  0.00299368 
254 -0.000108443 0.412009 0.00617866 0.0268682 -0.00257258  -0.00111277  0.00259241  -0.00362604  -7.38892e-05  -0.0022722  0.00212006  0.000539266  -0.000300667  -0.000637512 
257 -1.31026e-05 -0.273155 0.00636564 0.0288158 0.00201832  0.000649684  -0.00113431  -0.000863578  0.00261009  -0.00270882  -0.00220289  -0.00031155  -0.00372581  0.00100573 
258 1.32121e-05 0.510444 0.000742983 0.0290422 0.000496378  -2.85348e-06  0.000312345  -1.18698e-05  -0.000127196  0.000156409  0.000191171  1.77242e-05  -2.98264e-05  -0.000359904 
260 8.73769e-05 0.741563 0.00918844 0.0288139 -0.00117561  0.006682  0.000796772  0.00217451  0.000591879  -0.00425662  -0.000309897  0.001953  0.00138371  -0.00295615 
261 0.000195386 1.01188 0.0200004 0.0272556 -0.00375823  -0.000218024  -0.00902887  0.0124811  -0.0014296  -0.00569754  0.00534621  0.00868188  0.00300068  -0.0010382 
263 -0.000206367 0.333195 0.0117356 0.0233987 0.00369525  -0.00117648  0.00292758  -0.000475347  0.00757029  -0.00272597  -0.00263303  -0.00470912  -0.00446341  -0.000344685 
264 0.000116759 1.60842 0.0227511 0.027457 0.0149323  -0.00575452  -0.00921232  -0.0114833  0.00136968  -0.00470629  0.0017471  0.0021085  0.00363055  -0.000300844 
269 -3.35018e-05 0.434939 0.00295285 0.0252415 0.000773432  -0.000794309  0.00049459  0.000600589  0.000392128  -0.000374085  0.000372036  -0.000421269  -0.00174164  -0.00180054 
270 0.000224696 0.68761 0.0129855 0.0258966 0.000782426  -0.00421811  -0.00251224  0.00788933  -0.00432396  0.00430321  0.00244352  0.00606794  0.00108894  0.000689957 
274 -0.000339267 0.192668 0.0204249 0.0211179 -0.0108748  -0.010203  0.00165591  0.0020273  0.000600996  0.00499358  0.00546371  0.00380936  0.0103701  -0.00328094 
277 -0.000284041 -0.0217746 0.0243496 0.028023 0.00318234  0.00443914  0.00338067  0.00505878  0.00542913  0.0178064  -0.00788938  0.00946592  -0.00199562  0.00486593 
278 0.000193151 1.04112 0.0204457 0.0327012 -0.00455398  0.00851708  0.00174112  -0.00522885  -0.00676069  0.00683126  -0.00105457  -0.0131745  0.000224993  0.00522207 
281 -0.000582032 0.408219 0.0146254 0.0296013 -0.00555563  0.000776673  0.00411718  0.00533931  0.00288301  0.00331425  -0.00477388  -0.00432817  0.00867186  -0.000977673 
283 0.000698903 0.965098 0.0360529 0.0381895 0.00248527  0.00132117  0.00175186  0.00572582  -0.00960209  -0.0234361  0.00326625  -0.00491238  -0.00846906  -0.0225403 
285 -2.21695e-05 0.47682 0.00143382 0.0275642 0.00045161  -0.000460099  -0.000322938  0.000526523  1.90047e-05  0.000618891  0.000140075  -0.000589788  -0.00064251  -0.000308218 
288 -4.49687e-06 0.384743 0.00143986 0.0279634 4.66304e-05  -0.000515024  0.000188639  -0.000930595  0.000354591  -0.000444643  0.000236774  -0.000584284  0.000214656  -0.000370419 
289 0.00011704 0.548534 0.00476733 0.0280437 0.000323841  0.000360412  -0.00114224  -0.00291403  -0.00250085  0.00189153  -0.000350893  0.000807974  -0.00117225  -0.000845065 
291 4.21774e-05 1.35452 0.0120067 0.0258731 0.00374281  0.00292407  0.00417656  -0.00488294  0.0044723  0.00249319  -0.00620358  0.00101805  0.00359301  0.00129104 
293 3.78686e-05 0.554704 0.00287867 0.0250447 -0.000375903  -0.000725767  -0.000685825  0.000123074  -0.000759669  -0.00163359  0.00144223  0.00103988  0.00050034  -0.000689756 
295 1.49871e-05 9.36724 0.0230551 0.024277 0.0070715  0.00107627  -0.00683074  -0.0100921  -0.0140293  -0.00712457  0.00115494  -0.00413535  -0.00681215  -0.00440952 
298 -8.72806e-05 0.43228 0.00486287 0.0239663 -0.000338044  -0.00152555  0.000963022  0.00148818  -0.00400215  -0.000586981  -0.000592011  -0.00108934  -0.000367544  0.000172779 
299 -0.000911735 0.0976257 0.0383178 0.0257229 0.0178631  0.00345172  0.000518255  0.0193444  0.0071856  0.0170495  -0.000985997  0.0184706  -0.00259505  -0.00846092 
301 0.000392832 1.00178 0.0280769 0.0396714 0.00685985  -0.00355697  -0.00705396  -0.00612291  -0.0104877  -0.0101405  0.00673641  -0.0110116  0.0101272  0.012623 
302 -9.88886e-06 -2.47079 0.0108402 0.0343666 -0.000141535  -0.00408859  -0.000767782  -0.00736405  0.00110402  0.00102692  4.34779e-05  0.00485341  0.00128908  -0.00429673 
303 -0.000712247 0.35932 0.0200293 0.0345102 0.00578379  -0.00989142  -0.00237895  -0.00735531  -0.0012554  0.00284419  -0.011148  -0.00850713  -0.00178909  -0.000777656 
307 -0.000368244 0.446711 0.00886422 0.0436286 0.00416881  0.000240867  -0.000707942  0.00208379  0.000165212  0.00125575  -0.000569445  -0.00392325  0.00561779  0.0027229 
310 0.000922292 0.655683 0.0239679 0.0476631 -0.0129837  0.00316644  0.00732566  -0.000114771  -0.00517088  -0.00406306  0.013867  -0.000900483  0.00144982  0.0101847 
311 1.83619e-05 0.534571 0.00159353 0.036741 6.6989e-05  0.000565972  -2.06167e-05  -0.00122144  0.000230013  -0.000209066  0.000355218  -0.000255902  -0.000656552  -5.32311e-05 
313 -0.000348834 -0.166249 0.0304919 0.0364902 -0.00477775  -0.0061993  -0.0129709  0.017424  0.014359  0.0110563  -0.00761067  -0.00318754  -0.000355623  -0.000159241 
317 0.000218279 0.524758 0.00465166 0.0409931 -0.000590797  -0.00133819  0.000245625  -0.00259641  0.000269414  -0.00254955  -0.000137961  0.00152046  -0.00194732  2.84277e-05 
320 2.49434e-05 0.55476 0.00233749 0.0382384 -0.000527414  -0.0014334  0.000941867  -0.00100305  -0.000617439  -0.000408463  0.000438003  -0.000156112  -0.000685128  6.44272e-05 
321 5.43484e-05 0.522412 0.00220759 0.0379109 -0.00100473  0.000151005  0.000190694  -0.000720376  -0.00135905  -0.000715871  -0.000875827  -0.000230468  -0.000325402  1.84484e-05 
323 -0.000113095 0.102267 0.0134141 0.0371872 0.00592687  -0.000589323  0.00417299  0.00402433  -0.00788308  -0.00345088  0.00197252  0.00512394  -0.00179936  0.00184912 
326 -8.33974e-06 0.413329 0.00170038 0.038678 -0.00105958  -0.000565808  0.000350518  3.44523e-05  -0.000761828  -0.000543468  -0.000268934  -0.000576103  0.0001854  -0.000100329 
328 -4.11697e-05 0.480624 0.00178653 0.0387857 0.000361191  -0.0005829  0.00115747  3.96236e-05  0.000352923  0.000864369  -0.000383992  -0.000597451  -4.71864e-05  4.2899e-05 
329 -5.14059e-05 0.479661 0.00204536 0.0393128 -0.000569623  -0.000365465  6.61242e-05  -0.000285502  -0.00015378  0.0014882  -0.000119862  -0.000614618  0.000555316  -0.000837087 
330 -0.000576624 -0.0660726 0.0361383 0.0399613 -0.000420009  -0.0161046  0.0133172  -0.0266039  0.00327366  0.000786927  0.000935059  0.00857382  -0.00479474  0.00725367 
331 -2.02882e-05 0.470151 0.00155646 0.0466229 0.000391981  -0.000119585  0.000387892  6.22792e-05  0.000367956  0.000162774  -0.000563  0.000948138  0.00081496  0.000241477 
333 0.000415756 0.555139 0.00957937 0.04684 0.00109241  0.00726469  0.00402867  0.00276729  -0.000441624  -0.00103411  0.00154296  -0.000287064  0.000726924  0.00310664 
334 0.00107963 0.633372 0.0240042 0.0421701 -0.0157  0.00633866  -0.00754461  0.0074384  0.00302405  -0.0110135  -4.42244e-06  -0.000436589  -0.006603  -0.0017456 
335 -2.81518e-05 0.263531 0.00516031 0.0264436 -0.00113284  -0.000519758  0.000755765  0.00120752  0.00185581  0.00315553  0.00201401  -6.15849e-05  -0.00233294  0.00037678 
337 1.07177e-05 1.29604 0.00584182 0.0269707 0.00261552  -0.00056132  -0.00081089  -0.00114172  0.00265174  -0.00101867  -0.0015745  -0.000895579  0.00318864  -0.00186864 
338 -7.7568e-05 0.455121 0.00373205 0.0267712 -0.00122443  -0.00178947  -0.00199104  0.000476231  -8.78091e-05  0.000424269  0.000406613  -0.00046862  0.00210656  0.000159545 
339 2.08939e-05 0.516594 0.00117774 0.0281828 -0.000326606  0.000355866  0.000331985  0.000556417  -0.000334539  -0.000444332  0.000327158  0.000340364  0.000386366  0.000229016 
343 0.000254952 0.687138 0.0138148 0.0278097 -0.00429101  0.00614632  -0.00188688  -0.00399277  0.00214997  -0.00446472  -0.00788956  0.000774339  0.00133108  -0.00509737 
345 -1.31717e-05 0.478194 0.0010719 0.0227697 0.000350412  -0.000249219  0.00010271  0.000434837  -0.000567004  4.29039e-05  4.52488e-05  -0.000118043  0.000133176  -0.000638262 
348 6.89e-05 1.22765 0.0141609 0.0230571 0.0073602  0.00682543  -0.00295042  0.00444414  -0.000693724  -0.000384301  0.00322915  -0.00261804  0.00150031  -0.00715223 
350 -1.49468e-05 0.208325 0.00417596 0.0215112 0.00113407  0.000146946  0.000142455  -0.00137066  0.00174914  -0.00169155  0.00130151  -0.000757126  0.00175197  0.00172467 
356 -1.40818e-05 0.408103 0.00227517 0.0218558 0.000497692  0.000739344  0.00078493  -0.00155202  0.000548423  -0.000520081  0.00045583  -0.000730885  0.000194711  -7.79558e-05 
358 -0.000207775 0.434589 0.00737492 0.0221757 -0.00256899  -0.00348517  -0.00178634  0.00102417  0.000858007  -0.00301635  0.00068445  -0.00277439  0.00347241  0.00115994 
365 -0.000346153 0.416638 0.0107472 0.0264491 0.00156323  -0.00312546  -0.00410898  -0.00363555  0.0043825  -0.00265542  -0.00475968  -0.0013519  0.00271346  0.00388408 
366 0.000194017 0.763518 0.0143004 0.0323383 0.00395829  0.00566946  0.00344738  0.00677444  -0.0016054  0.004916  0.0032302  0.00237546  0.00600224  0.00447941 
370 3.81558e-05 0.729357 0.00591651 0.0291851 -0.00317858  0.00283536  0.00148356  0.00236363  0.00124252  0.000704584  0.000112122  0.000162968  0.00240525  -0.00110006 
373 -0.000160839 0.160813 0.014773 0.0285239 0.00244565  0.00264689  -0.00487884  0.00421395  -0.0107707  -0.00384041  -0.00255631  0.00412425  0.00110649  0.00285824 
374 1.28845e-06 0.520182 0.00032251 0.0312165 4.41491e-05  5.3042e-06  0.000257431  0.000106416  -0.000118701  5.90556e-05  -4.62813e-05  -5.5929e-05  -3.32534e-05  -2.20688e-05 
375 -7.50179e-05 -0.133549 0.0137882 0.0311958 -0.00519301  0.00154552  0.00852768  0.00451369  0.00395142  -0.00214568  0.000380642  0.0031389  0.00336031  -0.00511448 
376 -2.11075e-05 0.176349 0.00522746 0.0323759 7.15683e-05  0.002184  -0.000563225  0.000829257  0.0024739  0.00223183  -0.00209595  0.000873055  0.00143876  0.00179443 
379 -1.08479e-05 -0.0774494 0.00500564 0.0327003 -0.000253567  0.000588704  0.00285288  -0.00106776  -0.000303501  -0.000736687  0.00213493  -0.00263912  0.000285185  0.00176849 
380 0.000658128 0.842304 0.0300156 0.0328657 -0.00286256  -0.00394708  -0.00483977  -0.0146261  -0.000932173  0.00175098  -0.00990794  0.00722447  -0.0208009  0.00726942 
381 -4.86229e-05 0.443824 0.00330562 0.0205486 0.000792124  -0.00236379  -0.000182795  0.000507482  -0.000827521  0.000728843  -0.000564763  -0.00147551  -0.00067248  0.000506865 
384 -0.000554738 0.395472 0.0152366 0.0216995 -0.00148341  -0.0011865  0.00171991  0.00249476  -0.00500778  0.00515306  -0.00936564  0.0051718  0.000469328  0.00728346 
385 0.000145884 0.592383 0.00734268 0.0320275 0.00293627  -0.00172669  0.000698762  0.00382856  0.00174555  -0.00196249  0.00346932  -0.000174442  0.00067775  -0.00278234 
386 -6.59122e-05 0.183822 0.00913039 0.0296629 -0.00221069  0.000297796  -0.002212  -0.00183932  0.0056769  0.000935759  -0.000849128  -0.00180015  0.00573302  0.000424523 
389 5.76361e-05 5.59583 0.0342726 0.0307539 0.00164109  0.0011896  0.0045453  0.000764583  -0.000320873  0.00121267  0.0298591  0.0136577  -0.00719137  0.00422713 
390 0.000517666 0.804449 0.0251064 0.0298021 -0.00544928  0.0103983  -0.0101927  -0.00443948  0.000452126  0.00500972  0.00599276  -0.00911466  -0.00264341  -0.0147524 
391 -0.000507421 0.381052 0.0155438 0.0192519 4.77721e-05  0.00544199  0.00111457  -0.00239033  0.00799485  0.000481482  0.00525124  0.00913208  0.00020155  -0.00546593 
397 0.0001985 1.08012 0.0214607 0.0296342 0.00535663  0.00373927  0.00601872  0.0121246  -0.0133632  -0.00360572  -0.00214142  -0.00591415  0.00151931  -0.00109876 
398 -6.09657e-05 0.474814 0.00247872 0.0260712 0.000679821  -7.123e-06  -0.000934454  0.000954037  -1.46758e-05  -0.0016759  0.00064997  0.000142354  -0.000239557  -0.000767776 
399 4.8413e-06 0.818288 0.00248268 0.0272153 -5.94638e-06  0.00110434  -0.00123744  -0.000336612  -0.000453375  -0.000968762  8.25002e-05  -0.00144284  -0.00020096  0.000162849 
401 0.000198897 0.822386 0.0160147 0.0271262 -0.00298413  -0.00698424  -0.00254733  -0.00260333  0.00737189  0.00603947  -0.00623142  0.00627186  -0.00403168  -0.000529306 
405 -7.36987e-08 0.284386 0.000252115 0.0231723 5.65274e-05  -1.83611e-05  0.000142264  -3.02545e-05  -7.95078e-05  -0.000114295  4.94611e-05  7.4923e-07  -6.91216e-05  -0.000110749 
406 -3.73401e-05 0.483699 0.00156059 0.0231739 0.000499492  0.000999218  -0.000474855  -6.30457e-05  -9.56267e-05  0.000106097  0.00049213  0.000586227  9.68171e-05  0.000585156 
407 -0.000146168 0.385946 0.00816697 0.023966 8.50346e-05  -8.58349e-05  0.00120546  0.00618884  0.000788904  0.00340165  -0.00101592  -0.000504324  0.000496516  -0.00363365 
408 -6.64474e-05 0.227522 0.00851034 0.026843 -0.00293579  0.00178626  0.00054477  -0.00314163  -0.00472904  0.000190887  -0.00187119  0.00463142  0.0017597  3.84377e-05 
409 -0.000207503 0.219269 0.0152659 0.0280535 -0.00244055  -0.00206558  0.00271026  0.00116224  -0.00555403  0.00759389  0.00270106  -0.00502662  0.00955479  0.00132614 
410 7.87488e-06 0.519344 0.000780604 0.031536 0.000235805  -0.00022165  0.000141682  4.71715e-05  0.000130269  -0.000553241  -1.6769e-05  0.000392582  -6.8349e-05  -1.38648e-05 
413 -2.49444e-05 -0.246995 0.0086333 0.0314109 -0.00101339  -0.000305021  0.0018177  -0.00506735  -0.000906624  -0.00173628  -0.000950295  0.000579684  0.000384751  -0.00626163 
414 0.000221781 1.62571 0.0315981 0.0318055 -0.0069776  -0.00812361  -0.0169395  -0.00119892  0.0046626  -0.0149856  0.000241085  -0.0162505  0.0016334  0.00906983 
415 -4.97662e-05 0.487916 0.00155139 0.028104 0.000222584  0.000520417  -0.00064738  0.000156548  -0.000843573  -4.2047e-05  0.000156266  0.000185745  0.000890399  -0.000278756 
421 8.85142e-05 1.04365 0.0138735 0.0289759 0.00396105  -0.00534133  0.00249946  -0.003699  -0.00532995  -0.00432675  -0.00436698  -0.000787227  -0.0054296  -0.00565897 
423 0.000101274 0.84478 0.011818 0.0274061 -0.00195495  -0.00238262  0.00590737  -0.00262009  -0.00108671  0.00593736  -0.00483099  0.00464552  0.00191656  0.00183789 
425 -4.41663e-05 -0.446871 0.0129337 0.0254916 -0.00102811  -0.00411564  -9.62622e-05  0.00865606  0.00825669  0.00122903  0.00105188  0.000485897  -0.00173534  0.000557492 
427 0.000143714 0.808993 0.0133274 0.0263437 0.0048678  0.0018443  0.0030496  -0.00341859  -0.00295426  -0.00274058  0.00219169  0.00533508  -0.00165995  0.00879064 
431 -0.000216243 -0.15909 0.0238776 0.0234582 0.0123475  0.010152  0.00475988  0.00268962  -0.0100525  0.00711344  0.00991522  -0.0034614  -0.00154324  -0.00451616 
432 0.000218178 0.73204 0.0142303 0.0276867 -0.00208531  0.0023128  -0.00109179  0.00358788  0.00539799  0.00158088  -0.00649916  0.000417541  0.00239993  0.00994627 
433 6.25276e-06 12.891 0.0176039 0.0234179 0.00184767  0.00412587  -0.0095452  -0.00329099  -0.00242336  0.00348692  -0.00406986  -0.00483185  -0.00309718  -0.0109538 
435 -0.000341392 0.284776 0.0171464 0.023284 0.00616208  -0.00186318  0.00371354  0.0127977  0.00159345  -0.00418087  -0.00369044  0.0058211  0.00177904  0.00207295 
437 0.000194743 0.827358 0.0159683 0.0297254 -0.00746878  -0.00565435  -0.00133183  -0.0072664  0.000888007  0.00107259  -0.00251935  -0.00261447  0.00220038  -0.00962787 
438 -0.000199053 0.322054 0.0119044 0.0262464 -0.00251842  0.00286423  -0.00541544  -0.00241932  -0.00766576  0.00184119  0.00357085  0.000453617  -0.00407302  0.000535942 
439 -0.000379639 0.414366 0.0114076 0.0297984 -0.000102181  0.00211117  -0.00078617  -0.00536582  -0.00316925  0.00302743  0.00591379  0.00549545  -6.85075e-05  -0.00344524 
442 -0.00120316 0.221498 0.0366284 0.0356042 -0.00810726  -0.00767913  -0.0128223  0.00398745  -0.00538919  0.0090251  0.0057292  -0.0140317  0.00589378  0.0257232 
443 -0.000362684 0.426956 0.0102981 0.0497146 -7.21433e-05  0.00196081  -0.0047274  0.00138205  0.00273665  0.000500571  -0.00115717  0.00279732  0.000812298  0.00777043 
445 1.11895e-05 2.12278 0.00852243 0.0532381 0.00445063  -0.00154266  0.00272189  0.00540717  0.000126617  0.00068511  -0.0016  0.0025634  0.00196392  -0.000569509 
447 0.000173587 0.724059 0.0124729 0.0531329 0.00233327  0.00616015  0.00484721  -0.00670047  -0.0013917  0.00594737  -0.00163401  0.000574908  0.00126996  -0.00136702 
448 2.05832e-05 0.756265 0.00459336 0.0514736 -0.00162  0.00020351  0.00159038  -0.00012689  -0.00298475  0.000463956  -0.00116649  -0.000515614  -0.00178859  -0.00139217 
449 0.000144415 0.567451 0.00624271 0.0512733 -0.000659233  -0.000389757  0.00110856  0.00346889  0.00162086  -0.00281217  0.00283646  -0.00236497  -0.000506382  0.000832102 
450 0.0011998 0.606707 0.0226382 0.0498452 -0.000183024  0.0087788  0.00719373  -0.00511481  0.00781938  -0.0112358  0.00070231  -0.00767961  0.00209025  -0.0103078 
451 3.70764e-05 0.512724 0.00137394 0.0358533 0.000263942  0.000232856  0.00082755  0.00036917  0.000737116  -0.000259675  4.33877e-05  -0.000487016  -2.35986e-06  0.000304724 
452 -6.42015e-05 0.300186 0.00716358 0.0353325 0.00353664  -0.0044765  0.00135721  0.00212611  0.000642286  0.00161731  0.000345519  -0.00301999  0.000250628  -0.000277152 
453 -0.000119055 0.458837 0.00442839 0.0362297 -0.00297551  -0.000373237  -0.000980415  -0.000338408  -0.000242245  0.00207086  0.000194244  -0.00197754  -0.000719658  0.000853532 
456 -0.000212915 -0.141119 0.0233679 0.0378372 -0.00902767  0.00082222  0.00415085  -0.00397008  0.00600192  0.0073747  -0.00267465  0.00796133  0.00938085  -0.0134888 
457 -7.35296e-05 0.471205 0.00291069 0.0405535 0.000151934  -0.00159114  -0.000969101  -0.00109699  -8.84158e-05  0.000565692  -0.00109879  0.000556078  0.00130813  -0.000468126 
459 9.91626e-05 3.06814 0.0319136 0.0414502 0.0227693  0.00156617  -0.00693714  0.0100264  -0.0030317  -0.00891062  -0.00869065  0.00935995  -0.00404871  0.00898968 
461 -9.87617e-05 0.425371 0.00543029 0.0402363 0.000991558  -0.000231733  0.00390246  0.00220271  -0.00197077  -3.06456e-05  0.000862977  -0.00111073  0.00152996  0.000407364 
464 -0.000111104 -0.280845 0.0186287 0.0414455 -0.00250345  -0.00583319  0.0111254  -0.00377724  -0.00553929  -0.00172536  -0.0084664  0.00692283  0.002931  -0.00261459 
465 -4.61051e-06 -0.44757 0.00418033 0.0427649 -0.000913834  0.00160394  -0.000363226  0.000799304  0.00127541  -0.00209822  -0.00194423  0.000873026  0.00141086  -0.00085713 
467 0.000161651 0.769199 0.0131932 0.0428188 -0.00140947  -0.00380804  0.00383235  0.00474397  -0.0015613  -0.000936248  -0.00422977  -0.00430065  -0.00784674  0.00437138 
468 0.000561324 0.808849 0.0263318 0.0408878 -0.0119751  -0.00569739  -0.0049834  -0.00611776  0.016951  -0.00316454  0.00103128  0.0107346  -0.00302314  -0.00569652 
470 -0.000143678 -1.38021 0.0328712 0.0333263 0.00467337  0.0037258  0.000957247  -0.0148626  -0.0187584  0.00560038  0.0122465  -0.0078311  -0.00406557  0.0145571 
471 -1.90095e-06 0.294643 0.0012496 0.0354166 0.000514905  0.000201873  -0.000837319  0.000102008  -0.000153758  -0.000411197  -0.00046317  -0.000292984  0.000190899  0.000120735 
472 0.000257194 1.12661 0.0253878 0.0354434 -0.000597717  -0.0129981  -0.010686  0.00368849  0.0132407  -0.00819822  0.00460759  -0.00541411  1.43174e-05  -0.0073733 
473 0.00014906 0.658721 0.00972826 0.0316081 -0.00105439  0.00182025  0.00246132  0.00260782  0.00275072  -0.00133175  0.00259588  0.00471623  -0.00156618  -0.00604821 
477 1.69213e-05 3.39676 0.0140022 0.0291552 -0.00347214  -0.00588745  0.00295161  0.000495074  0.000217298  -7.25292e-05  -0.0053342  -0.00639631  -0.00747344  -0.00388779 
480 -3.11507e-06 0.328097 0.00146355 0.0288635 -0.000564966  -0.000251647  0.000604571  0.000748872  0.000558572  -5.9903e-05  -0.000625161  0.000247751  -3.99735e-05  -0.000252479 
481 -0.000102717 0.218231 0.0107601 0.0289174 -0.00100684  -0.000386597  -0.00370566  -0.00871133  4.68647e-05  0.00313794  -0.000274349  0.0012733  -0.00179001  0.00320115 
484 -3.62446e-05 0.164282 0.00697661 0.0306421 -0.00136731  -0.000925842  0.00396492  -0.00247659  -0.000692383  0.00200992  -0.00181198  -0.0018691  0.00157826  0.00321021 
486 -1.02175e-07 0.489376 6.58946e-05 0.031228 -8.81031e-06  -1.96358e-05  5.62546e-06  3.2772e-05  2.11002e-05  9.08714e-07  -3.27549e-05  -2.49655e-06  -1.93165e-05  -2.958e-05 
488 -0.00023187 0.23782 0.0155953 0.0312296 0.00732177  -0.00138825  -0.00365689  -0.00347821  0.00024876  -0.00700112  0.00835937  0.00417639  -0.00413028  0.00295809 
489 -0.000487218 0.436201 0.0111572 0.0347446 0.0045674  -0.00161266  -0.00609839  -0.00373564  -0.00363939  -0.00152355  -0.0036301  9.56836e-05  0.000572097  0.00456027 
492 6.4271e-05 1.3622 0.0148878 0.0411646 -0.00293111  0.00261417  -0.00118757  0.00103162  -0.00500257  -0.00177787  0.00535393  -0.00700808  0.00336543  -0.00929815 
495 8.02215e-05 0.558099 0.00431806 0.0403764 -0.00221786  0.000976508  -1.16805e-05  0.000879703  0.00103733  -0.00123032  0.00202325  -0.000547903  -0.00195066  0.00110025 
496 4.35447e-05 0.537229 0.00254662 0.0393705 0.000285206  0.000936676  -0.00101186  0.000518912  0.00147516  -0.00039189  0.000747321  0.000636753  -0.000949431  -0.000195987 
497 -0.000128277 0.259474 0.0111099 0.0388135 -0.00425909  -0.00224822  -0.00332394  2.4242e-05  0.00496719  -0.000483173  -0.00307207  0.0028988  0.00661846  0.00162345 
499 -0.000145133 0.472927 0.00396592 0.0404324 0.00109652  -0.00192104  -0.00089418  -0.00102025  0.00125211  -0.000185391  -0.00176552  0.00151411  0.000320485  0.00137146 
500 0.000283093 0.982348 0.0233693 0.0421891 0.00118608  0.00297065  0.00542139  0.00414962  0.0181972  0.00669576  -0.00528025  0.00638153  0.00235679  0.00625692 
501 0.000113093 4.65376 0.0433417 0.0386894 -0.00839177  0.0187622  0.0195419  -0.0118409  -0.00247924  -0.0267205  -0.0118762  -0.00160053  -0.00711459  -0.00442859 
