generation s h r distopt trait[0] trait[1] trait[2] trait[3] trait[4] trait[5] trait[6] trait[7] trait[8] trait[9] 
4 -6.49726e-05 -0.0648087 0.0121158 0.03 0.00136363  0.00010713  -0.00953437  0.00194242  -0.00286821  0.0042049  -0.000564486  0.00211188  0.0040818  0.00170199 
5 0.000102616 6.55063 0.0498264 0.0404685 0.0342087  0.00867591  -0.00492615  -0.00414735  -0.0168496  0.0021944  0.000767369  0.0105255  -0.0113074  -0.0258407 
7 0.000593656 0.749617 0.0243455 0.0459587 0.00331063  0.00359771  -0.00174502  0.00102603  0.00538367  -0.018239  0.00222733  -0.00913865  -0.00282008  0.0103261 
10 0.000803701 1.68922 0.0618068 0.0607103 0.0323508  -0.00937843  0.0063369  -0.0148748  0.000768694  -0.0146037  -0.0293869  0.0112483  0.0253492  0.024033 
11 0.000640681 2.72199 0.0754234 0.0579456 0.023247  -0.0154302  0.0362332  0.00830325  0.0149671  0.0189161  0.0469456  0.0214432  -0.0124625  -0.0112936 
12 0.000113649 0.546404 0.00459353 0.0541073 0.00116709  -0.000668999  -0.0013852  0.000264641  0.00289751  -0.00166714  -0.00204411  8.98804e-05  0.000180201  -0.00138137 
13 0.000333973 3.09923 0.058909 0.0565774 0.0075215  0.0268741  -0.0103165  0.0250338  0.0138181  0.00678427  -0.0250984  -0.0145414  -0.00429756  -0.029352 
18 0.00101073 0.615981 0.0216598 0.0839652 0.014173  0.00906217  0.00362818  -0.00870263  -0.000167958  -0.000159176  -0.00282987  0.00594948  0.00720003  -0.00139732 
21 0.00108775 0.714208 0.0305285 0.100496 -0.00366693  -0.0159509  -0.0071035  0.00376474  -0.00548191  -0.00528167  0.0108443  0.00107092  -0.00110715  0.020532 
22 0.00388343 1.50965 0.125021 0.104109 0.0925488  0.0242778  -0.0150969  0.00668151  -0.019062  0.0246001  0.0356646  -0.00075379  0.0346359  0.0525574 
24 0.00403415 0.768064 0.0657473 0.0866825 0.0168195  0.00441418  -0.00337524  -0.0245712  0.0244248  -0.0213208  -0.0124812  0.00403195  -0.0375207  -0.0278245 
29 0.0018805 0.88733 0.053958 0.0817525 0.0176444  -0.0307209  -0.00101479  0.0134248  -0.00812063  0.00239611  0.00440132  -0.00900598  -0.0332622  0.0140206 
31 0.000575934 1.76859 0.0540439 0.0823238 0.00162604  -0.00717266  0.000894861  -0.0155614  0.0251159  0.00462889  -0.0426509  -0.0085016  0.00271839  -0.00852593 
32 0.00223167 0.888299 0.0588502 0.0863433 0.0106799  -0.00027493  0.00139949  0.00751851  -0.0367848  -0.0176225  0.0222426  -0.0196537  -0.0107816  -0.025096 
33 0.00147178 1.66195 0.0826484 0.080412 0.0658226  0.0199906  0.00409205  0.00244257  -0.0120789  -0.00950658  0.0258638  0.00408355  -0.00592069  0.0334495 
34 0.00100504 1.45756 0.0620182 0.0715477 0.020146  -0.000608777  -0.0225705  -0.0252461  0.0124215  0.0117316  0.0103877  -0.0100937  0.0417942  -0.0066905 
35 0.00154965 1.09061 0.0604787 0.0635239 0.0278591  -0.012689  0.0162856  0.00519572  0.0107262  0.0286632  -0.0242468  -0.000902397  -0.0183787  -0.0237737 
37 -0.000190811 -2.34485 0.0465934 0.0425907 -0.0188272  -0.00190059  0.0311434  0.0206395  0.0138572  -0.00922507  -0.000799165  0.0033355  0.00887147  -0.00702713 
40 0.00179266 1.07845 0.0643707 0.0602091 0.0404371  0.000625221  0.000706842  0.0015881  -0.0437088  -0.0074246  -0.00331607  0.0205244  -0.00701274  0.00761656 
42 7.79226e-05 1.29991 0.0157895 0.0479252 0.00088354  0.00481688  -0.00389151  0.00438865  0.00402607  -0.0120134  -0.00456543  0.0025404  -0.00113893  -0.0013402 
48 0.000176939 0.518469 0.00361746 0.0911104 0.000281572  0.00052646  -0.000968924  -0.00121285  0.0012004  0.00146808  0.000476253  0.00157075  0.00184914  -0.000781133 
49 0.00155116 0.833934 0.0455082 0.0991577 0.0168629  -0.0269697  0.00142148  0.00519145  0.0173446  0.00679249  0.0189454  -0.00819576  -0.00117572  -0.0159952 
54 0.00461355 0.693954 0.0598333 0.134671 0.0294942  0.0299873  0.00685149  -0.00896282  -0.0209584  -0.000859942  0.0203028  -0.0157669  0.0236183  -0.00499904 
55 0.000917035 6.02907 0.142202 0.124557 0.0722593  -0.027632  -0.0224976  -0.0669467  0.0274368  -0.0292099  -0.0200615  0.0812  -0.0235914  -0.00948279 
58 0.00181557 3.71161 0.152435 0.131928 0.125232  0.0171843  -0.018276  0.0652556  -0.0105547  -0.00576542  0.0151533  -0.0283005  0.00976234  -0.0373544 
59 0.00758098 0.730582 0.0835955 0.120092 -0.00504369  0.0176471  0.00379345  0.021781  0.0362367  0.0114802  -0.0297456  -0.0336172  -0.0128377  0.0503778 
66 -0.000228468 -0.516815 0.0304838 0.0706652 0.011278  0.00938572  0.000722267  -0.0152324  -0.00887668  -0.00856785  0.0125407  0.0106021  0.00771309  -0.000248339 
69 0.000682601 0.531345 0.00926213 0.0821055 0.00153861  0.00223827  0.000136902  -0.00312954  -0.000271504  0.00588475  -0.00290071  -0.0040733  0.00118295  -0.00273641 
70 0.00101745 0.587364 0.0188647 0.0832742 0.00679167  0.000828885  -0.00770531  0.00172664  -0.00241818  0.0107895  -0.00570745  -0.00434104  -0.00836942  -0.00172646 
71 -0.00109977 0.465501 0.012347 0.0828099 -0.00221359  -0.000741882  -0.00731813  -0.00198035  -0.00139943  -0.000168588  0.00484093  0.00569728  0.00122824  -0.00548918 
73 0.00288146 0.677963 0.0452972 0.102596 0.0162228  -0.00963969  0.00374742  0.0173908  0.0140321  -0.0110277  -0.022  -0.00152674  0.0182653  0.0155173 
75 0.00291651 0.712043 0.0497351 0.101823 0.0191334  -0.0272227  0.0282704  0.00384735  -0.015609  0.00126261  -0.000679644  0.0144039  0.000679028  -0.00993822 
76 0.00211368 0.525999 0.0148933 0.0934486 0.0068128  -0.000839615  0.000627843  -0.00579578  -0.00480538  0.00509401  0.00254846  -0.00532114  -0.00522819  0.00543338 
77 0.00260054 0.819226 0.057605 0.0892294 0.0162773  -0.00657038  -0.000902743  0.00132096  0.00656033  0.0451939  0.00247328  -0.0174848  -0.0147041  0.0198514 
78 0.00137391 0.710364 0.034001 0.0811164 0.0111824  -0.00878074  0.0122283  -0.0170421  -0.00626385  -0.0200651  0.000741674  0.00555392  -0.00488679  0.00410286 
81 0.00081962 2.10911 0.0725958 0.0968578 0.0509311  -0.0189345  0.00852941  -0.02019  0.00802589  -0.00219647  -0.0238518  0.005871  -0.028162  -0.0192757 
82 -0.000203798 -7.03633 0.0783548 0.096618 0.0002939  0.0196217  0.0152621  0.029162  0.00904321  0.0243761  -0.0230784  -0.0285723  0.0447559  -0.025357 
87 0.0030054 1.25148 0.0949463 0.127961 0.0552256  -0.017181  -0.0482751  -0.0294226  0.0214052  0.0154558  -0.00586272  0.0350023  0.0190513  -0.0124107 
89 0.00525969 0.695299 0.0641073 0.123685 0.0239362  -0.0141478  -0.0171663  0.00276921  -0.0416668  -0.00787346  0.0311244  0.0121136  -0.0102125  0.00405023 
90 0.00313713 0.538684 0.0221257 0.104095 0.00910363  0.0112623  -0.00312827  -0.0007876  0.00394302  -0.00134658  -0.000687546  -0.00217181  0.000413752  0.0157068 
91 0.002554 1.27272 0.0887664 0.0922245 0.00363589  0.0480435  0.0247643  -0.0165228  0.00346555  -0.0153733  0.0552028  -0.0316522  0.0178935  0.00735344 
93 0.00127519 0.94432 0.0475929 0.089513 0.0274733  -0.00905146  0.0169789  -0.00470491  0.00827598  -0.00509265  -0.00718419  -0.0287247  -0.00657176  -0.0101794 
98 0.00126078 0.671287 0.0293935 0.112409 0.0162342  0.00550344  0.00466704  -0.0165419  0.00892413  -0.00184339  -0.00875587  0.00901519  -0.00580808  -0.000107335 
100 0.0014189 0.622444 0.0263703 0.120356 0.00147876  0.00081742  -0.0150976  -0.00471486  -0.0103686  -0.00850258  -0.00230939  0.0150869  -0.00430694  0.00332761 
101 0.00106382 3.57918 0.114346 0.122036 0.0527956  0.0405986  -0.000298398  -0.032402  -0.0319546  0.0244312  -0.0397571  -0.0172687  0.0272411  0.0578838 
102 0.000921635 1.15489 0.049121 0.121651 0.0134554  -0.0177246  0.0118328  -0.00149966  -0.0193189  -0.0186554  0.00871566  -0.00652703  -0.0208301  0.0223987 
103 0.00295682 0.534379 0.0202569 0.121565 0.00611943  0.00198706  -0.000625811  0.0117736  -0.00146973  -0.00994697  0.00425769  0.00215628  0.00719942  -0.00736387 
104 0.000283767 11.6978 0.112643 0.113152 -0.00757403  0.0160459  0.0123562  0.0701408  0.0589483  -0.0223131  0.0554907  0.0100547  0.00753143  -0.00955613 
105 0.00147282 0.567569 0.0199709 0.117682 -1.3809e-05  0.00028433  -0.00323499  0.00805134  -0.0141649  0.000880097  0.000173199  0.00889502  -0.00481219  -0.00444304 
107 0.0050278 0.694743 0.0625888 0.125046 0.0203853  -0.014031  -0.00098273  0.0141951  -0.00710129  0.0207094  -0.00623443  -0.0203852  -0.0453601  -0.0105451 
110 0.00421948 0.554143 0.0303424 0.125646 0.0191641  -0.0136149  0.00720682  0.00268403  -0.00927973  -0.00889767  -0.00160554  0.0115681  0.0017819  -0.00200861 
111 0.00387477 0.557361 0.0299116 0.11539 0.0207489  -0.0118021  -0.00609711  -0.00748653  1.10367e-06  -0.000362321  -0.00635288  -0.00199847  -0.00613392  0.0122298 
112 0.000357558 3.59589 0.0665182 0.104744 0.0311435  -0.00350374  -0.0213823  0.00555099  0.018071  0.0143419  0.0207834  -0.0172792  0.025308  0.0324222 
113 0.00224717 1.12496 0.0748988 0.108234 0.0309038  0.00237965  -0.00138178  -0.0271327  -0.0183749  0.0211073  -0.00811476  -0.0170673  0.0504655  -0.0149657 
114 -0.000194779 -2.84136 0.0510169 0.10076 -0.0147434  0.00146643  -0.033914  -0.0172752  0.00318741  -0.00512699  -0.00831338  0.0279065  -0.00537676  0.00462323 
116 0.00362104 0.701306 0.0539996 0.113589 0.0213354  0.000933026  -0.00571068  0.03244  0.0172409  -0.022557  0.000345059  -0.00585916  0.00502307  -0.0225649 
117 0.000880393 0.539944 0.0118738 0.102171 0.00527539  0.00015992  -0.00445117  0.0018295  0.00172491  -0.00562654  -0.00635287  0.00260214  -0.00281068  0.000555728 
120 0.00114838 0.892764 0.0424663 0.117877 0.01371  -0.00157098  -0.0035286  0.00480392  -0.0307115  -0.0144437  0.0134382  0.0153243  -0.00277633  0.00157619 
121 0.000784708 0.526016 0.00905174 0.119659 0.00636473  -0.000369974  0.000442394  0.00144134  0.00312855  0.00304418  0.00196525  -0.00314253  0.00246099  0.000406517 
122 0.00284591 1.32574 0.0968483 0.123198 0.0267117  -0.00580729  0.0410173  0.0327449  0.0300378  0.0153173  -0.00799128  0.0450535  0.00823028  -0.0507879 
123 0.00435706 1.67385 0.142728 0.116814 0.0525659  -0.0263413  0.0163735  -0.0482078  -0.0511923  -0.0264088  -0.0188399  -0.0917081  -0.0059289  0.0469413 
124 0.00184746 0.676956 0.0361657 0.0987738 0.0182588  0.00694709  -0.000932431  -0.0119435  0.00910401  -0.00398231  0.0151497  0.0204525  0.00210559  -0.00563959 
125 0.000864609 0.78119 0.031182 0.0905739 0.0236969  0.00295042  0.0112241  0.00934928  -0.00413203  -0.00488082  -0.00808977  0.00746623  -0.00303788  0.00416689 
127 0.00164243 0.557063 0.0193884 0.0870503 -0.00148659  0.00633132  -0.0070716  0.00472275  -0.000940864  0.00111636  -0.011645  -0.00229266  -0.0106672  0.00212598 
133 7.63983e-05 0.53981 0.00348829 0.107843 -0.00167529  0.000112892  0.000129049  0.000348759  0.00137987  0.00128503  -0.000589399  0.00195956  0.000389265  -0.00114735 
136 0.00142912 0.610188 0.0251079 0.131153 0.00217145  -0.0133753  0.00188357  0.00510604  0.0104956  0.0141793  -0.00670844  -0.00392252  0.00045076  -0.00673568 
137 0.00355082 0.594431 0.036673 0.134209 0.00664347  0.0125118  -0.00628029  0.00554982  -0.0133136  0.00300882  0.00525252  0.0231667  -0.0173119  -0.0048678 
139 0.00195367 0.582532 0.0254202 0.138851 0.00865707  -0.00143483  -0.00862245  -0.00224351  0.0101282  -0.00113853  0.00213022  -0.0107003  -0.00974748  0.0131102 
141 0.00431758 3.04977 0.20907 0.150313 0.18526  -0.0328485  -0.0423584  -0.0345505  0.0116552  -0.00269539  0.0154683  -0.0235993  0.00182513  0.0661771 
142 0.00194539 0.596311 0.0273959 0.132338 0.00288011  -0.000451561  0.0102029  -0.00997624  0.00242938  0.00974298  -0.002048  -0.0119191  -0.000453129  -0.0170623 
144 0.00126311 0.626773 0.0253151 0.120459 0.00661752  0.0121998  0.00319975  0.0070404  0.00888402  0.00658326  0.00856619  -0.0071549  -0.00735925  -0.00935006 
145 0.0061905 0.577277 0.0438887 0.113516 -0.0065026  0.0212427  0.0019926  -0.00415404  0.000335278  0.00812797  -0.00352024  0.0296987  -0.00929241  -0.0190924 
146 2.59933e-05 0.500678 0.00026622 0.0817452 7.38069e-05  9.08872e-05  4.33987e-05  4.95076e-07  -4.18108e-05  0.000131142  -5.39631e-05  0.000168613  -5.02543e-05  -4.96716e-05 
147 0.000681489 1.49417 0.0520428 0.0825996 -6.26072e-06  -0.0187258  -0.000459105  0.0425363  0.00709728  0.00340435  -0.00257723  -0.0115104  0.00682745  -0.0173361 
151 0.00410177 1.1482 0.102993 0.0938489 0.0690695  0.00138065  0.0121668  0.0189257  -0.0257468  -0.0317392  -0.0506955  0.0130292  0.0188804  -0.0237141 
153 7.38303e-05 1.40373 0.0163363 0.0669667 0.00158594  -0.00106658  -0.00204615  0.00107612  0.00107073  0.00121534  -0.00983262  0.0106587  -0.000970954  0.00663489 
154 0.00102731 1.45469 0.0626072 0.0675584 -0.0106911  0.00525087  -0.0116129  -0.0258796  0.0037626  0.0230817  0.0128097  0.0337895  0.016783  -0.0289615 
157 0.00137086 0.84005 0.0431726 0.0764141 0.0299179  -0.00138137  -0.00800396  -0.00137204  0.0199142  -0.0115936  0.0164531  0.00694496  -0.00189987  0.00688489 
158 0.00159227 0.644465 0.0303404 0.0709795 -0.00191385  0.000121788  0.00665861  0.0110556  -0.0106733  0.0182604  0.00287924  -0.010922  -0.0131361  -0.00167308 
159 2.9304e-05 13.7471 0.0394011 0.0652247 0.00290808  0.0133269  0.0173788  -0.0188693  0.00983303  0.0118305  -0.00822098  0.00185221  0.015823  -0.0122587 
163 0.00074284 0.567827 0.0142033 0.0960261 0.00600544  -0.00105204  -0.00491162  -0.00176838  0.0060081  0.000364556  0.000502739  0.00647389  1.28531e-05  0.0076757 
164 0.00127909 1.72013 0.0789594 0.100535 0.0252719  0.0402005  -0.0203256  0.0265748  -0.0344489  0.0114868  -0.0274817  -0.0218003  0.0108579  0.0139075 
165 0.00493605 0.766646 0.0725288 0.10076 0.0445395  -0.00399704  0.00655324  -0.0430393  -0.0229557  -0.0233503  0.000221108  -0.0037406  -0.0166951  -0.000620908 
174 0.00287705 0.946882 0.0716677 0.134621 0.0284361  0.0199257  0.00368364  -0.0317179  0.0282085  0.000170274  0.00578533  0.0296427  -0.00645964  0.0340789 
175 0.00394162 0.741208 0.061656 0.130819 0.0113581  0.00965446  0.0162608  0.0495002  -0.000243868  -0.0109678  0.00859373  0.0177231  0.0130838  -0.0136036 
177 0.0034589 0.57907 0.0331346 0.130589 0.0127044  -0.0101887  0.003477  -0.00342575  0.0174057  0.017923  -0.011181  0.00178816  -0.00730067  -0.00177944 
178 0.000949047 2.20689 0.0804477 0.124833 0.0239608  0.0217068  0.0359279  0.00458129  -0.0149073  -0.0454015  -0.0133407  -0.0374109  -0.00988559  -0.0124871 
179 0.00298626 0.796117 0.0594537 0.127821 0.0147141  -0.0154099  -9.88635e-05  0.0392275  -0.0136545  0.0146906  -0.00233669  -0.0230814  -0.0159374  -0.0186411 
181 0.00110661 1.66375 0.0717337 0.129517 0.00266908  -0.0323275  0.0402124  -0.0172845  0.0190765  0.0395148  0.0126877  0.000596075  -0.00116384  0.00947201 
182 3.75086e-05 12.7485 0.0428631 0.132757 0.00410007  0.0065865  0.00451261  -0.0111111  -0.00971722  -0.0254487  0.013392  0.00290032  -0.0244369  0.0103078 
183 0.0131447 0.6794 0.0971872 0.140217 0.0387155  -0.0205256  -0.0725428  0.0109689  -0.0212501  0.00874648  0.0130582  0.00080512  0.0347858  -0.0152681 
184 0.00119054 0.957439 0.0466607 0.0900072 0.0177133  0.00464906  0.0251246  -0.0102712  0.0174367  0.0153605  -0.0161474  -0.0122093  0.0106017  -0.00655128 
190 0.00640482 0.73643 0.0778052 0.134101 0.0344125  -0.0212524  -0.0270126  -0.00285746  0.0173388  0.0111798  -0.0173359  0.021343  0.0168568  0.0470541 
192 0.00743275 0.853468 0.10239 0.124549 0.0824074  -0.00163472  -0.00299623  -0.0481916  0.000896044  0.0136889  0.0229301  -0.0239411  0.00813236  0.00232924 
193 -0.00016031 -13.9024 0.0960494 0.0933602 0.0291479  -0.0150633  -0.0335889  0.0122646  -0.0375041  -0.0139805  0.00843192  0.0565035  0.0122457  -0.0430656 
196 0.00096158 4.85267 0.129226 0.100768 0.034818  0.0502832  0.0659721  0.0911601  0.0092795  -0.0080918  0.00870517  0.00431414  -0.00429886  -0.00562367 
197 0.000890384 1.38116 0.0560006 0.0965533 -0.0112353  0.00304235  -0.0126999  0.0128554  0.0162329  0.00710152  -0.0261732  -0.0270841  -0.0293509  -0.0089461 
198 0.000534761 1.13351 0.0368057 0.0947987 0.00609689  -0.0311665  -0.00533368  -0.00738411  -0.0117874  -0.000565024  -0.00190414  -0.001471  0.00588359  -0.00913764 
200 0.00315215 0.839135 0.0653603 0.099583 0.0202438  0.00527029  -0.0415896  -0.0231438  -0.00448747  0.0179525  0.00431611  0.00965786  -0.0330836  0.00449393 
201 0.00272935 0.852695 0.0620252 0.0860058 0.0177508  0.0112334  0.0213119  -0.00187711  0.0331575  -0.0107548  -0.0189147  -0.00685362  0.0275911  0.0238125 
207 -0.000103147 0.0736725 0.0132631 0.0683474 0.00294698  0.00938818  0.00448242  -0.00224121  -0.00163751  0.0054598  -0.00106228  0.000276154  -0.00449788  -0.000210976 
208 0.00101882 1.20185 0.0534627 0.0690979 0.0196049  -0.00533  -0.0298079  -0.00936059  -0.000115934  -0.0169474  0.00778537  0.0170016  -0.0288161  0.00144892 
209 0.000327697 5.0784 0.0774331 0.061288 0.0144432  -0.0313096  0.00596801  -0.0143802  -0.0425067  -0.00878958  0.0400581  -0.0226817  0.0211454  -0.0106895 
210 0.0016411 0.57844 0.0227113 0.058554 -0.0016492  0.00530345  0.0088442  -0.0106158  0.0134196  0.00562239  -0.00336382  -0.000466536  0.00296493  0.00787525 
211 -0.000250734 0.445546 0.00739267 0.0422944 0.000249376  -0.00378604  -0.00224318  -0.00150715  -0.000143288  -0.00351741  -0.000904475  0.00301281  0.000954479  -0.00312301 
215 8.88482e-05 0.749641 0.00941911 0.0451617 0.00274452  0.00366626  0.00201908  -0.00210277  0.00141848  -0.000733036  0.00195144  0.00707136  -0.00147424  -0.000844039 
219 0.000174444 1.53114 0.0268215 0.0441671 0.0119787  0.0082286  0.00970631  -0.0074641  -0.000489332  -0.00201986  -0.00818188  -0.00042112  -0.0129452  0.0109202 
221 0.000395253 0.749551 0.0198626 0.0421462 -0.008922  0.000714912  0.0064679  -0.00636688  0.0028441  -0.0120784  0.00724619  0.00432114  -0.00159677  0.00208192 
224 4.35003e-05 8.67433 0.0377102 0.0371636 -0.0211206  -0.0109099  0.00622663  -0.00201339  0.0163248  0.00883597  -0.00451603  0.00329992  -0.00194249  0.0208447 
225 -0.000326358 0.266533 0.0174604 0.0365736 -0.00451885  0.00480967  -0.00756219  -0.00228009  0.0103145  -0.00575473  -0.00141709  -0.000115664  -0.00275481  0.00705778 
226 -0.000216503 0.350344 0.0113859 0.0407927 0.00857367  -0.00382241  -0.00250036  -0.000405713  -0.00285651  0.000826212  -0.00391999  0.00016843  0.00265322  0.0019565 
227 -4.72226e-05 0.462126 0.00267495 0.0433655 0.00102801  -0.000857693  0.000634359  -0.000446469  -0.000236327  0.00025828  0.00212285  -8.77526e-05  -0.000350539  3.93181e-05 
229 6.93269e-05 1.96377 0.0201465 0.0439066 -0.00136782  0.0103711  0.00949222  -0.0068998  -0.0037403  -0.00153477  -0.00954741  -0.00606976  -0.00327814  -0.00191176 
232 0.000534239 1.01836 0.0332776 0.04311 -0.00898778  -0.00184049  0.0120158  0.00611131  0.00975035  0.012061  0.00776674  0.00161819  0.00332473  -0.0229558 
233 -0.000247236 -2.0323 0.0500386 0.0363919 0.0208962  0.0220612  -0.0147808  0.0239577  0.0141363  -0.00412377  0.0018135  -0.0152903  -0.00701782  -0.0168789 
234 -6.01158e-05 -5.17108 0.0369255 0.0396439 -0.0251966  -0.0114372  -0.00204772  0.016285  -0.0103135  0.00839259  0.00866737  0.00373951  -0.00643114  -0.00459944 
235 -0.00050598 0.40427 0.0139256 0.040395 -0.00118841  0.00180595  0.00791632  0.00298927  0.00122034  0.00396664  0.00360105  -0.00193506  0.00688499  -0.00602544 
238 0.00107094 0.577377 0.0182167 0.046237 -8.90804e-05  -0.000910543  0.00466393  -0.00934438  -0.00804984  -0.00532707  -0.00831753  0.00177994  0.00260376  0.00704516 
239 1.6969e-05 0.617555 0.00282475 0.0326726 -0.000697595  0.000212669  0.000333821  -0.000968989  0.000892728  -0.00186741  -0.000622597  -0.00128154  -0.000272967  -9.11618e-05 
242 2.30195e-05 0.549545 0.00213593 0.0324119 -0.000513727  -0.00105967  -0.000845993  -0.000881514  -0.000294696  0.000402792  0.000803091  -0.000286415  0.000744093  -0.000390947 
244 7.03652e-05 0.539335 0.00332766 0.0320548 0.000731113  -0.00126752  9.34128e-05  -0.00225729  0.00149092  -0.000906771  -0.000227646  -5.40349e-05  0.000683718  0.000510741 
245 -0.000120354 -3.17365 0.0420509 0.0309378 0.00606875  -0.0179236  -0.0112128  -0.0264829  -0.0180229  -0.00948315  -0.00555499  0.010444  -0.000120143  0.00533073 
246 0.000150196 0.703428 0.0110552 0.0328254 -0.00394346  0.00497615  -0.00144095  0.00336275  -0.00338412  0.00386081  -0.00510275  -0.000934873  -0.00219108  0.00323241 
247 0.000231165 0.855764 0.0181366 0.030452 -0.00766317  0.000533765  0.00633182  0.00874982  0.00629275  -0.00439144  0.00373497  0.00304655  0.00821587  0.00191303 
250 -3.16248e-05 -2.22146 0.0185541 0.0263853 0.00177325  0.0040752  0.00299508  0.00145221  0.0123997  -0.00904968  0.00472561  -0.00535845  0.00054357  -0.00514131 
251 0.000252234 0.675021 0.0132887 0.026978 0.00587135  0.0041435  -0.00527055  -0.000297237  -0.00179441  0.00078337  -0.00775524  0.000628201  -0.00499908  0.00277844 
