generation s h r distopt trait[0] trait[1] trait[2] trait[3] trait[4] trait[5] trait[6] trait[7] trait[8] trait[9] 
2 -2.11128e-05 -3.79521 0.0190453 0.02 -0.00854026  0.00324389  0.00262287  -0.00702916  0.00803457  -0.0105212  -0.00577662  0.0027074  0.00176415  -0.0019784 
3 -0.000197951 0.0932803 0.0179466 0.0357701 0.00209896  -0.00150315  0.0108974  0.00744391  -0.00930832  -0.00214268  0.00606042  -0.00288431  -0.00221412  0.000253554 
4 0.000116089 3.43427 0.0369086 0.0567435 -0.0178375  0.0108291  0.0101724  0.0038906  0.0022933  -0.00692518  0.000701348  0.0230231  -0.00440698  0.0143174 
6 0.00281017 0.550582 0.0239098 0.0869565 -0.0166197  -0.00508693  -0.0110059  -0.00382038  0.00261414  -0.00397941  -0.00665246  -0.00712425  0.00376996  0.00140318 
10 0.00583245 0.578865 0.0430237 0.143567 -0.0259926  -0.00958188  0.00944081  0.00507807  -0.0110182  -0.0109545  0.00297387  -0.00682696  0.00449442  -0.0255274 
13 0.00526606 0.519557 0.0206071 0.178799 -0.0157942  0.000142745  -0.00123952  -0.00415515  0.000593911  -0.00264124  0.00936812  -0.00359373  -0.00271334  0.00640368 
16 0.000898091 10.9453 0.193215 0.221798 -0.0967166  0.0694441  0.0333341  0.0282198  -0.0541657  -0.0487163  -0.0353113  -0.121205  0.0017907  -0.000300669 
17 0.0015688 0.523433 0.0121721 0.231346 -0.000813688  -0.00614469  0.00603813  0.00290025  0.00203465  0.00659416  0.00318792  -0.000281085  0.00264573  -6.86274e-05 
19 0.00523196 1.71999 0.159368 0.254433 -0.03464  0.0231488  -0.0388466  -0.0563317  0.0165785  0.0620133  -0.0487473  0.0188696  0.109816  0.00821738 
20 0.00611129 0.549322 0.034934 0.256366 -0.012431  0.005234  0.0211814  0.01068  -0.00053424  0.00421135  0.0177325  0.00898147  0.000140377  -0.00791201 
21 0.0152784 0.576949 0.0691317 0.257175 -0.0215882  -0.0435053  -0.00488099  -0.0322933  0.00900748  -0.00650727  -0.0192926  -0.000204618  -0.0290263  0.00393757 
24 0.0128599 0.573953 0.0621261 0.269651 -0.0222531  -0.0229969  -0.0220193  -0.00525543  0.0247814  -0.0299363  -0.0112794  0.00916062  -0.0201991  0.0139171 
26 0.00333602 0.532028 0.0207892 0.276845 -0.0101146  -0.00614772  -0.00482539  -0.00704295  0.00173586  -0.0120492  0.00628153  0.0012146  0.00499475  0.0022649 
27 0.00202114 3.50677 0.155604 0.287164 -0.0679139  0.0401773  -0.0188953  -0.0503651  0.0555784  0.0586273  0.0197566  -0.0487755  0.00533818  0.0759499 
29 0.0129766 0.753714 0.114657 0.309373 -0.0540619  -0.0562797  0.0174451  0.0428423  -0.0145743  -0.0464328  0.0150719  -0.0439147  0.0159314  0.0117684 
30 0.0436323 0.590528 0.127846 0.299148 -0.0621849  -0.0154273  -0.0146429  -0.0481118  -0.000132939  0.0401722  0.0200778  0.0671874  -0.0512864  -0.0234305 
33 0.0055323 0.745316 0.0736562 0.253247 0.013305  -0.0042537  0.00676049  0.00679662  0.0123519  -0.026846  -0.013635  0.0302348  -0.0345161  -0.0444244 
36 0.0309504 0.771691 0.182897 0.291145 -0.107996  -0.0123592  -0.0228658  -0.0148869  0.00983133  0.0760368  0.100333  0.0317676  -0.034445  0.0524458 
39 0.00435433 0.73175 0.0635225 0.273264 -0.00364241  0.0182339  0.00368169  -0.00271305  0.00256593  0.0119044  -0.0404036  -0.0173662  -0.0247035  -0.0312386 
40 0.0185639 0.608402 0.0902036 0.280319 -0.0638483  0.0434209  -0.00933541  -0.00791213  -0.0145191  0.0263935  0.0186988  0.00100446  0.026256  0.00880319 
42 0.0150145 0.676576 0.103068 0.271989 -0.0512195  0.026066  -0.033647  0.0134787  -0.0624223  -0.00225257  0.0369197  0.000779693  0.0252843  -0.010085 
43 0.0148527 0.928917 0.159134 0.255192 -0.0924174  -0.0569945  -0.0225419  0.00395429  -0.0131067  0.031622  0.00923813  0.0146491  0.0480447  -0.0960753 
44 0.00317173 1.92429 0.134185 0.231367 -0.0704731  -0.0557481  0.00265213  0.0276064  0.0191838  0.00652756  0.0381107  -0.0203625  -0.0597492  0.0575725 
45 0.0117922 0.78923 0.116655 0.226928 0.032627  0.0214438  0.00568211  0.0510289  -0.0599017  0.00302581  -0.0551271  0.0410829  0.00480846  0.0331737 
46 0.0046669 0.542773 0.0284143 0.20739 0.00697982  -0.000173819  -0.00851894  0.00788445  0.00999556  -0.0182848  -0.00228905  0.00791397  0.00488608  -0.00989428 
47 0.00719755 0.719613 0.0795034 0.206569 -0.0152113  -0.0241612  0.0250159  0.0178169  0.0606504  0.00367321  0.0126879  0.0258258  0.00114459  -0.00641737 
48 0.0116394 0.956823 0.145453 0.200018 -0.0341134  0.0137513  -0.0284291  -0.0496455  -0.04513  -0.0946841  -0.0430898  -0.0305979  0.0522958  -0.0011856 
49 0.00919158 0.874278 0.117117 0.17994 -0.0105954  0.070594  0.00858293  0.0113157  0.0153436  -0.0235912  -0.0374393  0.0113077  -0.0154149  -0.0765486 
54 0.00220365 1.10526 0.072994 0.229842 -0.0130778  -0.0150817  -0.0183714  -0.0145269  0.00401838  0.0165885  -0.0369039  0.000427938  -0.0475922  0.0215099 
59 0.0403716 0.885511 0.24768 0.312425 -0.188829  0.0536954  -0.018124  -0.0419199  0.042863  0.0705022  -0.038911  0.0631439  -0.0329129  0.0856025 
60 0.00550093 2.56237 0.21217 0.249549 0.0481168  -0.00231578  0.0887619  0.0532754  -0.000415951  -0.0554146  0.117857  0.051977  -0.0388709  -0.103947 
65 0.0434658 0.929148 0.270689 0.315641 -0.240777  0.039092  0.0104941  -0.0615655  0.04151  -0.0604905  -0.0379785  0.0440865  0.0326361  -0.00607415 
66 0.0120381 0.690067 0.0957012 0.241699 0.0423533  -0.0198264  0.025737  0.0133478  -0.0579591  -0.00755905  -0.0100495  -0.0429261  -0.0265388  0.00818087 
69 0.0280114 0.954956 0.224366 0.245654 -0.142034  -0.00997664  0.0102401  0.0422446  0.022436  0.0184068  -0.0282599  0.00701292  0.161985  0.0157546 
70 0.0110582 0.58255 0.0607465 0.182399 -0.0340247  -0.0214262  -0.00293661  0.0114599  -0.0317847  -0.0119563  0.00175361  -0.0220913  -0.0141081  0.00949006 
75 0.00221224 1.44649 0.0914326 0.173827 -0.0290795  0.016075  2.60925e-05  -0.0237367  0.0446051  -0.00432896  0.036002  -0.0211073  -0.0250344  -0.0481221 
76 0.00188348 0.61318 0.0292159 0.175589 -0.0142736  -0.0113746  -0.0106439  -0.00518272  -0.000348036  0.00654675  -0.00380562  -0.00670768  0.0138807  -0.00922866 
78 0.002942 0.604862 0.0351614 0.189365 -0.00445361  -0.0171644  0.00170232  -0.00487897  0.00123956  -0.00677412  -0.0149497  -0.0206238  0.010522  0.00939154 
80 0.0193582 0.549209 0.0628959 0.206578 -0.0425257  -0.0156705  -0.00080105  0.0299883  -0.025601  0.00385758  -0.00802693  -0.0113632  -0.00763454  0.0089348 
82 0.0135672 0.59571 0.0724328 0.181803 -0.0308043  0.0169523  0.00530291  0.0196292  -0.0066496  -0.00542644  0.0336188  -0.02846  -0.0386843  0.00929881 
85 0.014608 0.753032 0.121475 0.19028 -0.063913  0.0152226  0.00462192  0.0159668  -0.0517833  0.019135  -0.0439106  0.0439488  -0.0201842  0.0533722 
87 0.000277683 2.45444 0.0465833 0.177983 -0.0112293  0.0296475  -0.0145586  -0.0016519  0.0148519  0.00114251  0.021807  0.0111314  0.0112757  0.00133126 
88 0.0066584 0.584063 0.0474644 0.192712 -0.0114391  -0.012461  0.00342504  -0.00761858  -0.00436134  0.0210626  -0.00558779  -0.0184747  0.00861108  -0.0314265 
89 0.0030277 0.593669 0.033721 0.191263 -0.0170554  -0.00182199  -0.00312117  0.0119643  -0.0127165  -0.00604286  0.00248092  0.00719094  0.0197552  0.00660743 
91 0.00876827 1.75076 0.208514 0.216227 -0.117194  -0.0732833  0.0177333  0.0982319  -0.0120401  0.0470283  0.0454184  0.0535346  0.0260259  0.0802884 
94 0.00528818 1.04751 0.107462 0.223057 -0.000318493  -0.0138086  0.0579485  -0.0811475  -0.00355952  0.000171123  0.018127  -0.00420884  -0.0163808  -0.0280527 
95 0.00872791 0.844424 0.109508 0.223556 -0.0215636  -0.0497135  -0.035142  0.00847269  0.0359014  0.0601009  0.0075347  -0.0199184  -0.0383156  -0.030434 
96 0.00337771 4.11137 0.22005 0.216153 -0.101601  0.0391845  0.00280456  -0.0414384  0.0257397  -0.0924293  0.0612388  -0.0223129  0.0555862  -0.135259 
97 0.00412772 0.559386 0.0314143 0.213356 -0.00782603  -0.00621422  -0.00260029  0.00920712  -0.015223  -0.00410384  0.00108352  -0.0217678  0.00275481  0.00801744 
98 0.0109156 0.568607 0.0551102 0.209903 -0.00959835  -0.0224169  -0.00366814  0.0113705  -0.00684536  -0.0270018  -0.0173267  -0.00422013  -0.0119591  0.0325997 
99 0.0136105 0.808785 0.129436 0.190464 -0.0174794  0.0518987  0.0101286  0.0290563  0.0367775  0.0786554  -0.00769874  -0.0378645  -0.0573777  0.0219885 
102 -8.59091e-05 0.498208 0.000787145 0.172937 -0.00014414  -0.000317275  0.000251812  0.000109506  0.000386516  -0.000252202  0.000393845  -0.000125042  3.86271e-05  -0.000193687 
103 0.00122103 0.50897 0.00667304 0.173185 -0.000923722  0.00250269  -0.00136311  0.00140128  -0.000100778  -0.00283391  -0.00219062  -0.000300865  0.00385268  0.00241193 
104 0.00339844 0.521441 0.0172254 0.169625 -0.00556244  0.00638249  -0.00717927  -0.00567778  0.00181639  0.00429013  -0.0072815  0.000118407  0.00639964  0.00505611 
109 0.00415119 0.597597 0.0403171 0.159311 -0.0183321  -0.0118587  -0.0231222  -0.00504208  0.00823714  0.0033463  -0.0112207  0.00597428  -0.00898112  -0.0163527 
111 0.00476206 0.540788 0.0280409 0.145731 -0.00364325  0.000424601  -0.0078866  -0.00312671  0.00293085  -0.0061373  -0.0230452  -0.00219296  0.00943809  0.00544434 
112 0.00725986 0.66216 0.068669 0.128401 -0.0299597  -0.0221159  0.0255913  -0.00135969  0.0123333  -0.0172364  -0.0259078  -0.0198732  -0.0108913  0.0322177 
113 0.000113954 17.9528 0.0891454 0.0961931 -0.0182636  0.0347853  -0.0338351  0.00388423  0.00151133  -0.0383137  0.0113137  -0.00170714  -0.0603513  0.000138311 
118 0.000468857 0.550436 0.00973015 0.095599 0.00101186  -0.00333298  0.00133633  0.00415967  -0.0040249  -0.00129191  -0.00656648  -0.000576579  -0.000551717  0.00135286 
119 -0.000106571 0.496019 0.0013049 0.0931151 0.000310299  0.000278362  0.000613745  -0.000124054  -5.43487e-05  0.00031248  0.000149059  -0.000973961  -0.000222908  -0.000125786 
120 0.00107086 2.50642 0.0926345 0.0936856 -0.0264029  -0.0456639  0.014127  0.00657291  -0.00824362  -0.020809  -0.0420613  0.052104  0.0138962  0.0194426 
121 0.00114795 1.11783 0.0532446 0.0877879 0.023065  0.0222346  -0.0163897  0.0114386  -0.0150385  0.000992538  -0.0249592  -0.00907413  0.0132631  0.0173434 
122 0.00263386 0.769821 0.0533048 0.0809902 -0.0404608  0.0144056  -0.0144802  -0.0199459  0.00442106  0.00763859  0.00722056  -0.0113631  -0.0062762  0.0095266 
125 0.00115315 0.557783 0.0163411 0.0626819 -0.000623266  -0.00286676  -0.000517364  -0.0103185  -0.0061482  0.00449365  0.00620118  -0.00510298  0.0034788  -0.00413478 
126 0.000693563 0.530795 0.00925434 0.0526927 0.00333294  0.000504886  0.00249955  -0.000995239  -0.00399976  0.00414726  0.000513657  -0.000958477  0.00566418  0.000760173 
127 -0.000163983 0.114214 0.0159084 0.0456421 -0.00360195  0.000262598  0.00322097  -0.000109063  -0.00839394  -0.00910841  0.000445515  0.00631936  0.0053934  0.0026464 
128 -2.7589e-05 -0.908825 0.0124688 0.0474046 0.00533929  0.00214961  -0.0013906  0.00153875  0.00059208  -0.00108349  -0.00698233  0.00108647  0.00627273  -0.00521886 
129 0.000357092 1.15593 0.0306055 0.0476947 0.00926608  0.00703899  -0.00368066  0.0157504  -0.01252  0.00629546  0.0166151  -0.00724184  -0.00331152  -0.00195221 
130 0.000231831 0.541284 0.00618916 0.0437922 -0.000866095  0.000738411  0.00114782  0.00128715  0.00124541  0.00473344  -0.00128476  0.00152541  0.00243086  0.000439313 
135 0.000934576 0.710588 0.0280577 0.0410604 -0.00431067  -0.00614805  -0.00252172  -0.011351  0.0117857  0.0189226  0.00259792  0.00255353  0.00479499  -0.00790079 
138 -0.000937107 0.327496 0.0254423 0.0274192 -0.00778469  0.00108613  -0.0193928  -0.00660426  0.0100373  -0.00315983  -0.00466071  -0.000863738  0.00467253  -0.00328655 
143 -0.000894591 0.110496 0.0373439 0.0411018 0.0212589  0.00300455  0.00185836  0.0031718  -0.00611797  0.0181778  0.00608145  0.00912556  0.00298125  -0.0205689 
146 -2.22493e-05 0.483687 0.001205 0.0508365 -0.000263194  0.00023736  -0.000572206  -0.00041918  0.000282031  -0.000343442  0.000296051  0.000729884  3.54116e-05  -6.45025e-05 
147 0.000436082 2.52095 0.0593547 0.0510549 -0.0376904  0.0189011  0.0262762  0.0137546  0.00885032  -0.00180495  0.0120617  -0.0206568  -0.00587564  0.0133133 
148 3.06993e-05 13.7659 0.0403567 0.0465899 0.0164344  -0.0133892  0.00693743  0.0102287  0.00804893  -0.0216066  -0.0218439  -0.000713183  0.000794002  0.00407741 
153 -0.000102605 0.198109 0.0111316 0.0462592 0.00404458  -0.00429152  -0.00570806  0.00036533  0.000224978  0.00460258  -0.00174421  -0.00393243  0.00334009  -0.00235032 
154 -0.000705231 0.385342 0.0179942 0.0473553 -0.00328567  -0.0142241  -0.0032904  0.00226963  -0.00400214  0.000255916  -0.00185671  -0.00440619  0.00394253  -0.00634084 
155 0.00105919 0.874667 0.0398345 0.0542955 0.0160405  0.029856  -0.00313451  -0.00437217  -0.000501687  -0.00613248  0.0112837  0.00348978  -0.00482947  0.014439 
158 -4.80936e-06 -3.12016 0.00834519 0.0434669 0.0035971  -0.00189299  0.00110879  -0.00128794  -0.00341834  0.00313311  7.0319e-06  -0.00256443  -0.0046396  -0.000792253 
162 -1.86526e-05 0.481854 0.00116365 0.0435222 -0.000404408  0.000551529  0.00019855  -0.000271117  -7.63013e-05  -0.000402284  -0.000436387  -0.000620905  0.000172083  1.45124e-05 
164 -7.92936e-05 0.344788 0.00701671 0.043736 -0.00212339  0.000434542  -0.00292256  -0.00168116  -0.00213373  -0.00257868  -0.00378018  -0.000343749  -0.00104335  0.00254363 
165 -0.00042311 0.403549 0.0127812 0.0446333 0.00100747  -0.000599455  -0.001109  -0.000868432  0.00309302  0.00499338  0.00176514  -0.0069317  -0.00555209  0.00659613 
167 0.000952021 1.3858 0.058057 0.049146 -0.0231818  -0.0127985  0.00809092  -0.0269104  -0.0215531  0.0111625  0.0338535  0.000624444  0.0107348  0.00538162 
168 -0.000176223 0.202815 0.0144745 0.0382592 -0.000257702  -0.00248617  0.00490056  -0.00147762  0.00644544  0.000650976  0.0100826  0.00280023  -0.00123135  -0.0049073 
169 -0.000551669 0.23662 0.0241136 0.0404969 0.00484588  0.00101122  -0.00278811  -0.00431102  0.0214526  0.000561964  0.00630492  0.00324012  -0.00257147  0.00363423 
171 -0.000123155 -0.503508 0.0222341 0.0468169 -0.0014979  0.00388646  -0.00166487  -0.00498851  -0.00231734  0.0106188  0.00234314  0.0115867  0.0131365  -0.00434883 
172 0.000661077 2.09506 0.0649187 0.0481143 0.0232275  0.0045346  0.00450062  0.029355  -0.0048349  -0.0110121  -0.0441285  -0.0195644  0.00998239  -0.0140713 
174 -4.98307e-05 -7.51728 0.0399718 0.040671 -0.00575219  -0.017272  0.00810813  0.00636109  0.0141874  -0.015508  -0.00587273  0.0135315  -0.0128798  0.0182995 
177 -0.000206452 0.353936 0.0109842 0.041279 0.00509064  0.00118609  -0.00273983  0.000127233  0.0010116  -0.00252052  0.00259468  0.00171973  -0.00397657  0.00727522 
180 0.00025986 3.04758 0.0514477 0.0437085 -0.0323953  0.0118031  -0.00482541  -0.0045491  -0.00773063  0.0131722  0.00739614  0.00761547  0.0296545  -0.013739 
181 -0.000178926 -0.267743 0.0234415 0.0406277 0.00990374  -0.00321136  -0.00211879  -0.00123742  -0.00212466  0.0107331  -0.00284594  -0.0133522  -0.00194569  0.0111895 
182 -0.00260432 0.369863 0.0368865 0.0427732 -0.0111153  0.00547484  -0.000651685  0.0181318  -0.0104494  0.00895184  -0.0258167  0.00053906  0.00287319  -0.00367829 
183 -0.000364516 0.35643 0.0144718 0.0666128 0.00277739  0.00147441  0.00438246  -0.00319259  -0.00560655  0.0062196  -0.00443176  -0.00356704  -0.0059361  0.00569455 
184 -0.000424524 0.443154 0.00983058 0.0692954 -0.00313938  -0.000463983  0.00610225  0.000229415  0.00162019  -0.00395115  -0.00143505  -0.00292098  0.00398113  0.00214512 
187 0.000171523 0.57245 0.00705108 0.0722943 0.00262769  -0.000299365  0.00225031  0.00336682  -0.00167124  -0.000240923  0.00104451  -8.17185e-05  -0.00370882  -0.00293597 
188 6.16476e-05 0.502847 0.000839009 0.0710982 0.000282481  -4.98146e-05  0.000119548  -0.000451448  0.000164353  -0.00024211  2.51431e-05  0.000445407  0.000164671  0.00030298 
189 0.000278479 1.37257 0.031173 0.0706634 -0.00167333  -0.00980292  0.00779721  -0.00440517  -0.00389378  -0.00926024  0.0118838  -0.0170088  0.00152755  -0.0160899 
190 0.00206819 0.865979 0.0550047 0.0686649 0.0175525  0.00625064  -0.0157181  -0.00333602  0.00590739  -0.0027461  0.0325578  0.00367691  -0.0346822  -0.0100669 
191 -0.000532214 0.474617 0.00736161 0.0514666 0.000520184  -0.000995659  -0.00182065  0.00322918  -0.000395606  -0.00116986  0.00333631  -0.00198906  -0.00356173  -0.00314494 
192 0.000144366 5.51828 0.0538203 0.0564019 -0.0110089  -0.0208041  0.00366156  -0.0144492  -0.00654341  0.00723502  -0.00539272  0.0322262  0.0179089  -0.0252377 
193 9.3671e-05 0.605594 0.00629022 0.0551073 -0.00200206  -0.00144359  0.000443605  0.000354471  -3.88607e-05  -0.000888329  0.00147489  -0.00329514  -0.00293797  0.00327057 
195 0.000863714 1.02127 0.0424277 0.0542508 0.0168381  0.0109728  -0.00277893  -0.0123224  0.00472543  0.00105535  0.0110084  0.0198705  0.023498  0.0120417 
197 0.00053993 0.725426 0.0220645 0.0456049 -0.00451546  -0.00146864  -0.00388072  0.00702424  -0.00466045  -0.0139369  0.00514046  -0.0100636  -0.00096509  0.00743683 
198 -0.000651428 0.117512 0.0315764 0.0392431 -0.0163618  0.00159553  0.0173671  0.00900405  -0.00370994  -0.0074401  -0.00672929  0.00985887  0.00384045  0.0108524 
199 0.000407371 1.80959 0.0461849 0.0468152 0.0158017  0.00243011  -0.0179501  -0.0122428  0.00839104  -0.0231494  0.011738  -0.0131356  -0.00788867  0.0206516 
200 -0.000115103 0.468283 0.00382237 0.0422419 0.000600402  0.0013033  -0.000544795  -0.00030192  -0.00220498  -0.00242978  0.000427351  0.00103374  2.0998e-05  -0.000382168 
203 -0.00125487 -0.466312 0.069651 0.0435831 -0.0111098  -0.00983659  -0.012598  -0.000787662  -0.014417  0.0250632  -0.0324519  -0.0415273  -0.0291858  -0.00250531 
207 0.0012124 0.679832 0.0295334 0.0561706 0.00628173  -0.00342387  0.0102339  -0.00156736  -0.00495615  0.0128787  -0.00332755  0.0214344  0.00621624  0.00377849 
208 -0.000119153 0.226384 0.0114202 0.0440849 -0.00190993  -0.00190537  0.00546047  -0.00330896  0.00118468  0.00606831  0.00503908  0.00185449  0.0030022  0.00251094 
209 -0.000176029 0.161356 0.0154426 0.0454163 0.00219493  0.00874926  0.00604325  -0.00153226  0.00252695  0.00401923  -0.00251406  -0.00923749  0.000342868  -0.00198233 
213 -8.57544e-05 0.458895 0.00375554 0.0473147 -0.00136158  -9.49328e-06  -3.18218e-06  0.00135988  -0.000618579  -0.00207378  -0.000439245  -0.00186956  0.00124228  0.000697227 
214 0.000105435 0.518312 0.00277996 0.0482125 0.00069977  0.000393644  -0.00153806  0.000157634  -0.000619816  0.000335564  -0.000368826  0.00194272  0.000502121  0.000184244 
215 0.00133603 0.841474 0.0427099 0.0471064 -0.00234614  0.0101846  0.00245321  -0.00906728  0.00859064  -0.00794122  -0.00680861  0.0340798  -0.00766001  -0.0149446 
216 -0.000597302 0.0679525 0.0321342 0.02973 0.00213391  -0.0058405  -0.0141348  0.00171498  0.00433171  -0.0218607  -0.0160736  0.00528282  -0.00199518  -0.00207527 
219 0.000593227 1.10654 0.0379308 0.0384883 0.0208584  -0.00646594  0.000388388  -0.00148852  -1.81321e-05  0.000202247  0.0261847  0.000627672  0.0107646  -0.0125519 
220 -1.18206e-05 0.189273 0.00383302 0.0298044 0.000115515  0.00205979  -0.000999033  0.000759879  0.000200586  -0.000800841  -0.00149791  -0.000732285  0.00142026  -0.00183896 
222 0.000329637 1.37981 0.0340553 0.030002 -0.0187406  0.0134827  0.00952516  -0.00173801  0.0049459  0.0148731  0.0141161  0.00515272  -0.000228713  0.0078413 
224 -6.56783e-05 0.133678 0.00981028 0.023886 0.00335362  -0.000277706  -0.00139435  0.00274361  0.00490992  -0.000906082  -0.00243241  0.00150281  -0.00079392  -0.00645852 
225 7.58822e-05 2.17206 0.0225271 0.0252234 0.00418563  0.00130229  8.83126e-05  0.00191912  0.0105894  0.00723954  -0.00573189  -0.00354071  0.00478896  0.0158648 
235 -0.000335395 0.355106 0.0139453 0.0236715 -0.00324782  0.00827957  -0.00267112  -0.00467867  -0.00288198  -0.00137462  -0.00177308  0.00432248  0.00557512  0.00482095 
237 -2.7642e-05 0.489878 0.00105808 0.0299298 0.000302344  0.000132873  -0.000383814  3.11401e-05  -6.16301e-05  0.000218706  -0.000509795  0.000582129  -0.000312834  0.00033753 
239 8.37529e-05 0.695017 0.00808289 0.030388 0.00314899  0.000418695  0.00141189  0.00192917  -0.00130157  -0.00442462  -0.00253902  0.00248865  -0.00370938  -0.00136221 
240 -0.000482775 0.345843 0.0172589 0.0289773 -0.00833212  -0.000582786  -0.00648162  0.0018687  0.000778523  0.00453583  -0.00493366  5.90316e-05  -0.000650186  0.01169 
241 0.000265949 0.665711 0.0132774 0.0363672 0.00102689  0.00275781  -0.00229772  -0.00428957  -0.00296928  0.000916291  0.00815299  -0.00310343  0.00130734  -0.00751548 
242 -0.000114125 0.394564 0.00693834 0.0325063 0.000728553  0.00197988  0.00259961  -0.0013835  0.00105881  0.00262221  -0.00478834  3.62961e-05  -0.00181098  -0.000900908 
244 -0.000149256 -0.200546 0.0204515 0.0342169 0.00789297  -0.00314213  0.0020776  0.00980906  0.00408187  -0.00747433  -0.00671862  0.00742379  -0.00841533  0.00140025 
246 0.000163508 0.55281 0.0058779 0.0363326 -0.000141917  -0.00148221  -0.000702959  0.000560898  -0.000815122  0.00160858  0.0020224  -0.00188517  0.00449404  0.000656886 
247 0.000123929 0.550801 0.00501886 0.0340083 0.000948899  0.00198936  -0.000470959  0.000754887  -0.00342436  -0.00138891  0.000175233  -0.00184845  -0.00146987  -0.000525404 
249 -4.46847e-05 0.262573 0.00651453 0.0321348 -0.00117519  -0.000552158  -0.00091113  0.000193478  -0.000869541  0.00301242  -0.00338133  -0.00129094  0.00401181  -0.00092755 
250 -2.0943e-05 0.424459 0.00251566 0.0328227 0.000679257  -0.00169342  -0.000449546  0.000486152  0.000686653  0.000884246  -0.000163787  -3.08215e-05  0.000952676  0.000610139 
