generation s h r distopt trait[0] trait[1] trait[2] trait[3] trait[4] trait[5] trait[6] trait[7] trait[8] trait[9] 
2 -5.92452e-08 0.499096 1.46372e-05 0.01 -1.24603e-06  3.38954e-06  -1.05984e-05  6.77302e-07  3.25079e-06  -2.96453e-06  -3.66798e-06  -1.93332e-06  5.26444e-06  -4.91502e-06 
3 1.57103e-05 1.30977 0.00713347 0.020003 -0.00296617  -0.000929139  0.00144314  -0.00238136  0.000329644  0.00217835  0.00135004  -0.00385097  0.00286374  -0.00194007 
5 -7.45003e-05 -2.91065 0.0318793 0.0389605 -0.00901406  -0.00822846  -0.0173741  0.0136324  0.000152084  -0.000109378  0.00175708  0.00349958  -0.0159483  -0.0104836 
7 0.000533854 0.724292 0.0218848 0.0558094 0.00983619  -0.0117422  0.00589787  0.00797894  -0.00599795  -0.00375803  0.0086615  -0.0031641  -0.00289302  0.00153747 
9 0.00123506 0.643301 0.0266121 0.067464 -0.00506337  -0.0165926  0.000905251  0.00500419  0.0074951  -0.00472568  0.00395044  -0.0147934  0.00779087  -0.00278095 
10 -6.84517e-05 0.308486 0.00724165 0.0652345 0.000260006  0.000720692  0.00301062  0.00413298  -0.00262734  0.00109501  -0.00196379  0.000448851  0.000376832  0.00366159 
11 -0.000297127 0.270728 0.0165096 0.0740116 0.00207319  0.00124517  -0.00197506  0.000695859  0.00715206  -0.00371981  -0.00417797  0.00268185  0.0121  -0.00512705 
13 0.00290536 1.25918 0.0938323 0.0935516 0.0085419  -0.0535571  -0.0229875  -0.0271222  -0.00993016  -0.0151042  -0.0113576  0.0632287  -0.0078317  0.00917541 
15 0.00161182 0.912887 0.0515778 0.0874467 -0.0091545  -0.00576604  0.0107687  -0.0416531  -0.00991997  0.00884576  0.0025253  -0.0172497  -0.00276605  0.014284 
16 0.000749821 1.11889 0.0430743 0.0841172 0.0107372  -0.0183801  0.00594655  0.011095  0.0191593  0.00593465  0.00829279  0.0120504  0.024046  -0.00702317 
17 0.00210618 0.795477 0.0498812 0.0852406 -0.0154739  -0.0237005  -0.0155861  0.00454072  0.00494661  -0.0185882  0.00102324  -0.00893629  -0.0298538  0.00901601 
24 0.00234397 0.542014 0.0199043 0.116511 -0.00441692  -0.0142594  0.00498042  9.89469e-05  -0.00117784  0.000947063  -0.00756648  0.00927679  -0.00167645  -0.000346326 
25 0.00129108 4.62216 0.145667 0.113742 -0.0386374  -0.0649099  0.0822312  0.0784058  0.0146055  0.0378981  0.0036904  0.0225667  0.0175796  -0.0110366 
28 0.00425828 0.639483 0.0487761 0.1166 -0.0122273  0.00752111  -0.00286785  -0.0243341  0.00912791  0.00179747  0.0132337  -0.0342955  -0.00369232  0.0110074 
30 0.00391227 0.621269 0.0436029 0.108671 0.0197136  -0.021488  0.000282587  -0.0169316  -0.0212205  -0.0100224  0.00578521  -0.0104009  0.00838827  -0.00115249 
31 0.00221403 3.23221 0.155241 0.0955159 -0.0893931  -0.0675287  -0.0761077  -0.0382154  -0.0137596  0.0153665  -0.0290595  -0.0204013  0.0129001  -0.0494273 
39 0.0017124 1.30979 0.0744284 0.0985963 0.0166126  -0.0251519  0.0257356  0.0317756  -0.00718849  0.0153487  0.0508323  0.00751327  0.00478469  0.00290956 
42 0.00246103 0.67737 0.0417916 0.105661 0.00238053  -0.00597088  0.00411198  -0.0105699  0.0122055  -0.00516388  0.00131372  -0.0227245  -0.00227062  0.0296254 
43 -1.27784e-05 -0.810899 0.00818564 0.100272 0.0049335  -0.00194228  0.00445872  -0.00229585  0.000588621  -0.000818069  0.00203988  0.000963466  0.00124023  -0.00246952 
45 0.0014718 0.754024 0.0386678 0.115498 0.00857027  -0.015491  0.00452679  -0.0160498  -0.0106117  0.0216535  -0.00596716  0.0133046  -0.00787858  0.00689315 
46 0.000400413 0.778045 0.0211021 0.116406 -0.00151137  -0.00433551  -0.00708479  -0.0057939  -0.00804556  0.00608112  -0.00521109  0.00755239  -0.00590444  0.0109401 
49 0.00682303 0.722564 0.0779239 0.138273 -0.0175176  -0.0300407  0.0391885  0.0179514  0.0395922  -0.0106732  -0.0298633  -0.0180135  -0.00417028  -0.00947033 
50 0.000132183 0.553797 0.00533394 0.118484 -0.000224323  -0.000473433  -0.00121477  -0.00122086  0.00203683  -0.000211419  0.00059223  -1.71884e-06  -0.0042781  0.00153752 
53 0.000957715 5.10096 0.132586 0.142238 -0.0867462  -0.0693998  0.00565455  -0.012993  -0.0189522  -0.000989424  0.0138714  -0.0102958  0.0543334  0.0377657 
57 0.00167441 0.893103 0.0512951 0.152805 0.00752215  0.00734661  -0.0245478  0.0203084  0.0143402  -0.0241438  -0.00953058  -0.0134163  0.0154805  -0.0143724 
58 0.00023439 2.68761 0.04528 0.152892 -0.0112623  -0.0160388  0.00935381  -0.00727499  0.014785  0.0161113  0.0054019  0.0317177  0.00169446  -0.00308821 
61 0.000880638 1.10899 0.0463039 0.168333 -0.00354641  -0.00128931  0.0244829  -9.90095e-05  -0.0283266  -0.0170166  -0.0187005  -0.00423741  -0.00767606  0.00344025 
62 0.000625326 0.535947 0.00949105 0.171883 0.00250654  0.000881215  -0.00299225  -0.000447147  0.0029543  -0.000823226  -0.00586174  -0.00158737  -0.00056205  -0.0052217 
63 0.012188 0.790311 0.118812 0.17674 -0.00782419  -0.0600342  -0.03718  0.043407  -0.029705  0.0498259  0.0145425  -0.0207084  -0.0518537  0.0221421 
64 0.00282507 0.979338 0.0735482 0.14297 -0.0211631  -0.0167635  -0.0299363  -0.0367848  -0.0116758  -0.016541  -0.0373241  0.00942805  0.0155776  -0.0172215 
65 0.00298312 0.752644 0.0548952 0.136762 -0.0185857  -0.0361381  -0.00701821  -0.0159654  -0.0112035  -0.0213708  0.00449276  0.0169413  -0.0129795  0.000222581 
66 0.00467999 1.20392 0.114612 0.12734 0.0754014  -0.0373017  -0.00400107  0.0333293  0.0365519  0.0448879  -0.0347949  -0.0166893  -0.00402295  0.00870925 
72 0.0050602 0.862586 0.0855952 0.12925 -0.000992267  -0.00558735  0.00513694  -0.00423629  -0.0320887  -0.0335338  0.0102993  0.0165715  -0.0233251  -0.0645838 
74 0.00167177 1.4817 0.0809646 0.121457 -0.0408145  -0.0189858  -0.014991  0.00942367  -0.000864083  -0.00588719  0.0179227  0.0437709  -0.00522063  0.0437684 
75 0.00331466 0.784455 0.0613917 0.119792 0.0347349  -0.019987  0.00250276  0.00627102  -0.0260211  0.00315711  0.0280823  -0.0211612  -0.0028996  -0.013619 
76 0.00200429 2.43923 0.124513 0.110921 0.0082818  -0.0461616  0.0459047  -0.0370041  0.0568053  -0.0427643  -0.00599747  0.0513467  -0.0337499  -0.0309889 
77 0.000267112 1.59648 0.0342234 0.104473 0.0213139  -0.0169797  -0.00697271  0.00549387  -0.00311263  0.00766666  -0.00259577  0.00600115  0.0147781  -0.00449881 
79 0.00425416 0.616637 0.044599 0.109724 -0.00855373  0.00527578  -0.00108059  -0.0160803  0.00962902  0.0021649  -0.00534694  -0.0195519  0.00832083  0.0324164 
80 0.0022328 0.596028 0.0293101 0.0940616 -0.00724884  -0.0139782  0.00267231  -0.00583861  0.0142787  -0.0100334  -0.00669958  -0.00798546  0.0125186  6.08136e-06 
84 0.00742682 0.715422 0.0799888 0.107708 -0.0201849  -0.0308545  0.0170327  0.0357874  -0.0123615  0.0144357  0.0256011  -0.042119  -0.00094713  0.0260079 
85 3.96647e-05 0.544251 0.00264981 0.0724358 -2.53261e-05  -0.000297545  0.00105605  -0.000397697  0.00090358  0.000593336  -0.00132125  -0.000135853  0.000487543  -0.00157751 
86 8.21627e-06 129.395 0.0650682 0.0802918 -0.010202  -0.0257842  -0.00585424  0.00474158  0.00370895  0.0273918  0.0258665  -0.0261023  -0.0190042  -0.0305383 
88 0.00180887 1.74674 0.0948899 0.0917371 -0.0235769  -0.0244357  -0.0191727  -0.000514275  0.0360346  -0.03621  -0.000250927  0.0472436  0.0135526  0.0495773 
90 0.000185263 0.525606 0.00435786 0.0905394 -0.00185055  -0.000558557  -0.00125928  -0.0011241  0.000350827  0.0027618  0.000461098  -0.00198656  0.000408819  -0.000572942 
92 0.00212641 0.59249 0.0280719 0.101786 0.000415676  -0.011062  -0.0019957  -0.0028341  -0.00361291  0.0168148  -0.010507  0.00107453  -0.00898168  -0.0128632 
93 0.00132245 0.663646 0.0294255 0.0974614 -0.00472839  -0.00653382  -0.00993168  -0.00147803  -0.00736174  -0.0227629  0.00720421  -0.0055873  -0.00662175  0.000822101 
97 0.00153461 0.761063 0.0400268 0.120932 -0.018344  -0.013737  0.0181708  -0.0168004  0.00847938  0.0113179  -0.000550949  -0.00871069  -0.00962301  -0.00978395 
98 0.00112028 1.64835 0.0716962 0.12183 0.0427802  -0.00591763  0.0258273  0.0105896  -0.00248245  -0.0194035  -0.0232227  0.0110422  0.0305631  -0.0227598 
100 0.00464022 1.01642 0.0977866 0.134314 -0.0398695  -0.0516262  0.00851701  -0.0115902  0.0169837  0.0418771  0.0145148  0.0153703  0.0477951  -0.0180853 
103 0.00211255 0.641221 0.0345563 0.133325 0.00170446  -0.00633817  0.0123833  -0.00539267  -0.0114615  -0.00423299  -0.000668934  0.000934745  -0.0118897  0.0260127 
104 0.00102826 1.23902 0.0551129 0.131933 0.019034  -0.00631926  0.00450777  0.01946  -0.0281958  -0.00365437  -0.000108639  -0.0125884  0.0120923  -0.0335131 
105 0.00546738 1.17187 0.121003 0.135264 0.0296176  -0.0648397  -0.0326214  -0.0121688  0.00280392  -0.02315  0.0508106  -0.0129515  -0.0122736  0.0700294 
106 0.000967267 0.919165 0.0402633 0.117739 -0.0155685  -0.0101138  -0.0122039  0.00487169  0.021746  0.0118819  -0.00212335  -0.0153688  0.01312  0.00876843 
107 0.00871174 0.611739 0.0625509 0.117635 -0.02373  -0.0123326  -0.0321962  0.0160067  -0.0110799  -0.0187429  -0.0260713  0.00783774  -0.0106353  -0.0240061 
109 0.000514266 1.12031 0.0357157 0.0832276 0.0122989  -0.00218905  0.00586427  0.0077782  -0.0150568  -0.00367726  -0.0218807  -0.00326065  0.0125357  -0.0117429 
111 0.00235735 0.657238 0.0385151 0.0949644 -0.0045084  -0.00389312  0.000166772  -0.0111553  -0.00628519  0.0248174  -0.0162376  -0.00701921  -0.0188253  0.000856508 
119 0.00444431 2.329 0.179782 0.155876 -0.140431  -0.0673055  0.00504494  -0.000958621  0.0462458  0.0283702  -0.0431629  0.0416044  0.021771  -0.032135 
120 0.00222745 0.513702 0.0111545 0.144707 0.00545673  -0.00255243  0.00252946  0.0017604  -0.000114485  0.000441871  0.0044967  -0.00637822  -0.00315709  0.00274925 
122 0.00119039 1.03996 0.0506893 0.14638 0.00651315  -0.0250547  -0.0251243  -0.00374905  0.0264694  -0.0120482  0.0104754  -0.00105546  0.0063374  -0.0160362 
123 0.00160702 0.512154 0.00890808 0.146434 0.00147748  -0.00327552  -0.000131572  -0.00255593  -0.00379014  0.00256337  0.00112485  0.00164315  -0.00315494  0.00500369 
124 0.00133033 1.1958 0.0608216 0.145559 0.00616246  -0.0142326  -0.0170607  -0.0230549  -0.0115223  -0.0123314  -0.0414811  -0.00529425  -0.0233463  0.00758606 
125 0.00106091 0.668131 0.0267134 0.145482 -0.0122197  -0.00918663  0.000353873  0.000389906  -0.0116653  -0.00282572  -0.00462345  -0.0126224  0.00967071  -0.00783109 
126 0.000616396 14.0745 0.182537 0.146188 0.0445288  -0.0814021  0.0404541  0.0412086  -0.0444649  -0.0303324  0.0760424  -0.0342103  0.0105055  -0.106844 
127 0.00043369 4.49776 0.083233 0.144495 -0.0353579  0.0298162  0.0426766  0.000331769  -0.0244953  0.0178348  0.0256145  -0.00341676  0.0197153  0.0315052 
128 0.00223715 0.534211 0.0175579 0.145473 0.00213937  -0.00276559  -0.00172362  -0.00740171  0.00413468  0.000298636  -0.0119693  -0.00345803  0.00396716  0.00708193 
129 0.00105403 0.931888 0.0426623 0.140722 0.0312492  0.00199284  -0.000554761  -0.0218002  -0.00470366  0.00793217  0.00371973  -0.00402614  0.00922773  0.0127982 
131 0.00196285 0.555608 0.0209302 0.146626 0.000213371  0.00161982  0.0030976  -0.00110382  -0.000670127  -0.00929374  0.0026626  0.00353237  0.00322359  0.0175445 
133 0.0057828 1.18153 0.125319 0.152162 -0.00310812  -0.0281292  0.0179213  -0.0456269  0.00326273  -0.0232109  -0.0153323  -0.00697952  -0.0240443  0.105308 
135 0.00337152 0.585583 0.0340255 0.143816 -0.00406725  -0.0103313  -0.00838219  0.0119001  -0.00513053  -0.00406034  0.0148352  0.021402  0.0100019  -0.00126607 
136 0.00900006 0.688592 0.0824221 0.138002 -0.00387673  -0.0266988  -0.00394648  0.0409372  0.0498295  0.0345247  -0.00723044  0.00455394  -0.0119129  -0.0220055 
139 0.00131007 0.55772 0.0174103 0.121899 -0.00243526  -0.00146046  -0.00903862  -0.00852999  0.0028432  -0.00239248  0.00274379  -0.00610415  -0.00880101  0.00213138 
140 0.000943385 0.99888 0.0433781 0.124502 0.0134054  0.000898727  -0.0268484  0.0130409  0.0017582  -0.0123885  -0.0249714  -0.002575  -0.000283534  -0.00483684 
141 0.00290663 0.803849 0.0594158 0.129596 0.0141152  -0.0193252  -0.0185345  0.0123613  0.00775151  -0.00673526  -0.014084  0.0307009  -0.0346523  -0.00375064 
142 0.00177051 0.826861 0.0481009 0.12661 -0.00336527  -0.0099528  0.0149061  0.0106709  -0.00855246  -0.00692542  -0.00139393  -0.0396218  0.0107398  -0.00767971 
147 0.0111296 0.794518 0.114363 0.164007 -0.0495875  -0.0521796  0.0166955  -0.0742066  0.015609  -0.00405936  0.0396868  -0.00852971  0.00561356  -0.0131359 
148 0.00771559 0.793253 0.0950531 0.133015 -0.0269921  -0.0344496  -0.0533254  0.0169198  -0.0145841  -0.00521548  -0.0149408  0.0314362  -0.0441946  -0.024194 
151 0.00790713 1.07021 0.133995 0.119915 -0.0306719  -0.0625503  0.0708562  0.0502992  -0.050646  -0.0076959  0.00422131  0.0177038  0.0474902  0.0184339 
152 0.000396087 1.74727 0.0444444 0.0836294 -0.00124603  -0.0217738  -0.0103225  -0.00800062  0.0105285  0.00233445  0.00647433  -0.0209186  0.0225021  -0.0150645 
158 0.00190798 0.567702 0.0227592 0.105724 0.0118107  -0.00459404  -0.00212586  0.00438762  0.00583865  0.0132595  0.00855604  0.00276569  -0.00653261  0.000423848 
160 0.00547465 0.607842 0.048676 0.111098 -0.0054502  -0.0200576  -0.0299454  -0.00185737  -0.0044478  -0.0158821  -0.00858194  -0.00368351  -0.0158666  0.0206441 
162 0.00198484 0.573506 0.0241854 0.0996138 0.0108203  -0.00674424  0.00881919  -0.0114142  -0.00476565  0.0105004  -0.00563802  -0.000167851  -0.00434961  0.00553205 
163 0.00169426 1.97099 0.0997475 0.098416 -0.0218361  -0.0392621  0.0193895  0.00760264  0.04724  0.0625649  -0.0290431  0.0221033  0.000902545  0.00431423 
164 0.000240309 2.37944 0.0424969 0.0952211 0.0114142  -0.010328  0.00537634  0.00297356  0.00218547  -0.0313557  -0.0104858  0.0169914  0.0119576  0.00129753 
169 0.0021041 0.774826 0.0480849 0.128435 -0.000879382  0.000293208  -0.0123384  -0.0155183  -0.00674635  -0.0109075  0.0129168  0.00856999  -0.0385056  0.0055485 
171 -0.000239142 0.49402 0.0023979 0.137344 -0.000816566  0.000782619  0.000208633  0.000502302  0.000548085  0.000955626  -0.000443945  0.000644862  0.00150254  0.000301053 
174 0.0134253 0.796706 0.126035 0.165347 0.0355871  -0.0883153  -0.0551327  -0.0360712  0.00459164  -0.0245391  0.0117444  -0.0355186  -0.0187798  0.0101336 
176 0.0011593 1.0775 0.0517319 0.132103 0.0147519  0.00106696  0.0265188  0.0153499  -0.0113184  0.0158181  0.0154183  0.00442898  0.00581496  -0.0291392 
181 0.000941956 0.560759 0.0151413 0.16999 0.000791945  -0.00123268  0.0013426  0.00912117  0.000128567  0.00272611  -0.00252427  0.00430089  0.00946829  0.00448862 
182 0.0058786 0.651993 0.0598258 0.176228 -0.0115677  -0.0205036  -0.0185659  5.8552e-05  -0.00833188  0.0312032  0.0116781  0.00438288  0.0384622  -0.00149523 
183 0.0137912 0.60438 0.0762128 0.167451 -0.0212303  -0.0496272  0.0214883  -0.000980964  -0.00635919  0.0173216  -0.0416536  -0.00936866  -0.0106365  0.0124774 
185 0.000315368 1.78161 0.0402018 0.136 -0.0179665  0.00540012  0.00952595  -0.00519576  0.000220689  -0.00602165  -0.00652463  -0.0101943  -0.00280006  0.0309167 
187 0.00389618 1.1045 0.0969491 0.152172 -0.0501397  -0.0206689  0.0130057  0.0537584  -0.004285  0.00156813  -0.0344103  -0.00903425  -0.0441183  -0.0128802 
188 0.00822096 0.569766 0.0481419 0.146276 0.0055424  -0.0307219  -0.0048209  -0.00524657  -0.00833776  0.0153931  0.0177609  0.00152239  0.0227246  -0.0123158 
191 0.00250657 0.541268 0.020405 0.138209 -0.0124791  -0.00891012  -0.000870418  0.00238371  -0.00882018  -0.00637881  -0.0017584  -0.00607688  -0.00371432  0.0015824 
193 0.00942408 0.636768 0.0719177 0.145097 0.00536021  -0.058653  -0.000956469  0.00936762  0.000173072  -0.0335884  -0.0140169  -0.0158257  0.00350487  0.00521193 
194 0.00273601 1.08869 0.0802022 0.114435 -0.0119304  -0.0549432  -0.0215044  -0.0106829  -0.00790666  -0.0228663  0.0117986  -0.0334114  -0.0272478  0.0105537 
195 -0.000407662 0.473657 0.00656108 0.104221 0.00188901  -0.000832506  -0.00307293  0.00336861  -0.00219317  0.00326647  -0.00129581  -0.000211999  0.000888008  5.86971e-05 
196 -0.000268429 -2.94044 0.0607691 0.109373 0.00448207  -0.0165251  0.0267376  0.0101115  0.00755684  -0.0102266  0.000884458  0.0330863  -0.0343619  -0.0120272 
198 0.00239836 0.794032 0.0530969 0.116722 -0.0105306  0.0266597  -0.0205971  -0.0119049  -0.0114875  0.014823  -0.00232876  0.00375721  0.0324791  -0.0023589 
200 0.00356837 0.722252 0.0563183 0.119761 -0.00803999  -0.0334935  0.0144655  -0.0235579  -0.0226944  -0.0116443  -0.011233  0.0190097  0.00420881  -0.00807349 
202 0.000935598 2.64072 0.0894433 0.109312 -0.0274982  -0.0455853  0.00618725  0.035681  -0.0367469  0.0227848  0.0396952  -0.00245589  0.00107973  0.0200534 
205 0.000816028 0.519169 0.00792942 0.104947 -0.000261559  0.00288824  -0.00257784  -0.000398092  0.00643526  0.000904728  -0.00171593  0.000882236  -0.00100016  0.000841132 
206 0.00117856 1.53974 0.069974 0.100986 -0.0224267  0.0125047  -0.040105  0.00170882  0.0269022  -0.0140372  0.0299796  0.0222702  -0.0157147  -0.00795273 
207 0.00267321 0.755749 0.0522844 0.0949757 0.000881466  -0.0310164  0.0302103  -0.00633757  -0.0045267  0.00985713  -0.011172  0.00442006  0.0133206  -0.0194574 
208 0.000909432 0.771417 0.0314195 0.0796916 0.000826252  -0.000486976  -0.00637084  -0.0093345  0.0149679  -0.0211444  0.00878763  0.00312111  -0.00999801  -0.000702928 
210 8.64753e-05 0.822988 0.0105697 0.0737681 0.0043244  -0.000833776  0.00508732  0.00706072  0.000229355  -6.37669e-05  0.00257317  -0.00121281  0.00287765  0.00039927 
211 0.000261533 2.52416 0.046008 0.0731796 0.0018599  0.0329314  -0.0259148  -0.0111031  0.0114252  0.00606909  -0.00194483  0.00338024  0.00291396  0.00654775 
213 0.00128484 1.76053 0.0804346 0.0713706 0.045505  -0.0293468  0.000608887  -0.0038019  -0.00577428  -0.00747575  0.0246641  -0.0240739  0.0424659  -0.0210359 
214 -5.85391e-05 0.471025 0.00260512 0.0617231 0.000115889  0.00108265  -0.00107875  0.000645889  -0.00102398  2.38256e-05  -0.00170304  5.6866e-05  1.83432e-05  0.000259179 
216 0.00168304 0.85575 0.048925 0.0621955 0.00278504  0.000712579  0.00351732  -0.0192944  0.0361198  0.0066659  -0.0109277  -0.00521546  0.0195823  0.0110267 
219 0.000462652 0.666919 0.0175763 0.0467617 -0.00647286  0.00355356  0.00363345  -0.0048455  3.05937e-05  -0.00456547  0.00438452  0.0103477  -0.00796855  -0.00266036 
220 0.000370893 0.606272 0.0125578 0.0415224 -0.00831451  -0.00487323  -0.000969705  -0.00250667  -0.0032571  0.00373911  0.00019064  0.00400431  0.00154972  0.0038123 
221 0.000248825 0.603439 0.0101474 0.0367871 0.00239548  -0.00178365  -4.25686e-05  0.0043811  0.000190832  -0.00206403  -0.00565575  -0.00179857  -0.00593531  0.00032805 
222 -0.000114165 -0.831612 0.0246595 0.0332339 0.0119422  -0.00546456  0.00948321  -0.00229866  0.00410662  0.00720037  -0.000423421  -0.000572927  -0.00932765  0.0135711 
225 0.000265558 1.54116 0.0332519 0.0349094 -0.013693  0.013534  -0.00147416  0.00753288  0.00772921  0.0203764  -0.00281021  -0.0088379  -0.0107287  0.00023283 
228 5.82643e-06 1.82607 0.0055592 0.030873 0.00237723  -0.000998033  0.000797921  -0.00153323  0.00165849  -0.00125407  -0.0031461  -0.00165478  0.00170493  -0.00118475 
229 6.13721e-05 2.10516 0.0198499 0.0307785 0.00549024  0.000356674  0.0131105  0.00233596  -0.00272086  -0.00495461  -0.00865342  0.00669453  0.00182737  -0.00560518 
231 -0.000197853 0.0950139 0.0179039 0.0297648 0.00564945  0.00101153  -0.00447765  -0.00419161  -0.0114839  -0.00692893  -0.007619  0.000693779  0.0022095  0.00258603 
232 -7.60679e-05 0.37262 0.00622595 0.0329214 0.00180193  -0.000965995  -0.000925487  0.00203259  1.40683e-05  -0.00298852  -5.14518e-05  -0.00190297  0.00401089  -0.000975535 
233 6.14712e-06 0.508093 0.00044611 0.0340571 -6.27975e-05  7.66938e-05  -1.00479e-05  -9.46212e-05  0.000194838  0.00022065  8.16625e-05  -0.000286916  3.15552e-05  -5.91672e-05 
236 -0.000107612 0.421087 0.00582885 0.0339668 0.000547482  0.000748122  0.000173919  -0.0028528  -0.00243252  -0.00103726  -0.0012573  -0.00275932  -0.00128199  0.00266761 
239 0.000137889 0.833345 0.0135592 0.0355156 -0.00648057  -0.00115457  -0.00507313  -0.00649178  0.00188549  -0.00482217  -0.00109478  -0.0028124  -0.00588669  -0.00143918 
240 -1.73475e-05 -0.511955 0.00837971 0.0335184 -0.00097187  0.00172636  -0.00238041  -0.00106051  -0.00384134  -0.00297539  0.00247291  -0.00213316  0.00497669  0.00067952 
241 0.000305392 0.57491 0.00956762 0.0337761 -0.00313562  -0.00568899  0.00544571  -0.00128954  0.00069439  0.000303717  0.000557379  0.00328644  0.0024074  -0.000736583 
244 6.93421e-05 1.04466 0.0122909 0.0289047 -0.00418271  0.00388236  -0.00132836  0.00102437  0.00456049  0.00318868  -0.00225065  0.00520003  -0.00366483  0.00625955 
247 -0.000570016 0.407034 0.0145666 0.0276793 0.00269559  0.000225813  -0.00414849  0.00582038  7.65903e-05  -0.0103998  -0.00440993  0.00364135  -0.00276232  0.00229825 
250 0.000254596 1.32283 0.0289447 0.0365557 -0.00827326  -0.0110228  0.0032839  0.0118451  -0.00853534  0.00452231  -0.00383795  -0.00930562  -0.0025522  -0.0171935 
251 -4.4802e-05 -0.0284249 0.0097314 0.0328901 0.00206943  0.00140222  -0.000667271  -0.00287364  -0.00463624  -0.000759547  0.000252157  0.0038103  0.00620775  -0.00213505 
252 -0.000634796 0.388495 0.0168349 0.0335643 0.00662214  0.0111445  -0.00571874  -0.00164921  -0.005274  -0.00390316  -0.00122785  0.003751  0.000478984  0.00459138 
253 0.000230086 0.785686 0.0162147 0.0419709 -0.0012245  0.00797059  0.00312745  -0.000446228  0.00274754  0.00945697  0.00249435  0.00882376  -0.00192963  0.00176617 
254 -0.000124117 -0.918029 0.0265329 0.0391344 -0.011135  -0.00367854  0.00660891  -0.00576921  0.00561124  -0.0106549  -0.00804857  -0.0126164  0.000161443  -0.0109782 
255 0.000134894 0.96181 0.015785 0.0406894 -0.00036275  -0.00109773  0.00498843  -0.000864474  -0.00309365  -0.00174046  0.00420051  -0.0108831  0.00175495  0.00839233 
258 -6.28219e-05 -0.75829 0.0177818 0.0389967 -0.0100861  0.00266273  -0.00902908  0.000792409  -0.00341674  0.00383689  -0.000476914  0.00540436  0.00112857  -0.00825327 
260 0.000164895 0.57429 0.00700067 0.039794 0.00336807  0.000287035  0.00131161  -0.000719227  0.00322221  0.00308019  -0.000763053  -0.00253972  0.00188524  0.00221106 
261 -9.22755e-05 -0.580471 0.0199701 0.0376654 -0.00660561  0.00334123  -0.00714625  0.00517866  0.00447772  -0.00739665  0.00850066  0.00450687  -0.00991438  -0.000701976 
262 -8.59868e-05 0.430839 0.00487774 0.0388711 0.00367857  0.000880698  0.00109868  0.000575347  -0.000573664  -0.000987573  -4.37404e-05  -0.00209909  -2.22393e-05  -0.00149456 
263 0.000308877 0.721503 0.0165428 0.0399619 0.00258964  -0.00238563  -0.00537788  -0.00529409  -0.00632747  0.00855606  0.00732095  0.00481784  -0.00350889  0.0013984 
269 1.42778e-05 0.530034 0.00130972 0.0358904 0.000151172  0.00054029  0.000705959  0.000205629  0.000341732  0.000277224  -0.000184618  -0.000792487  -1.5954e-05  -6.27946e-05 
270 0.000187485 0.572784 0.0073889 0.035691 0.000966225  -0.00184368  0.00091345  0.00217256  -0.00317352  0.00292259  0.00374273  0.00299055  0.00115306  0.00134721 
275 7.62729e-06 0.519805 0.000777347 0.0329602 3.33116e-05  -0.000422104  0.00030669  9.12011e-05  -2.34304e-05  -3.37788e-05  0.000101284  0.0003155  -0.000440203  -0.000131696 
279 1.87246e-06 0.502204 0.000128476 0.0328443 -4.96255e-05  -3.7648e-05  4.79828e-05  1.10503e-05  1.08583e-05  1.66655e-05  -4.16734e-05  1.87265e-05  -7.43107e-05  4.68653e-05 
280 -8.89199e-05 0.0738233 0.0123122 0.0328158 -0.0052589  0.00410524  0.0053325  0.00379403  0.00129094  -0.00115323  0.00391882  -0.00242749  0.00240293  -0.00585069 
281 -0.000178744 0.302692 0.0118784 0.0341438 -0.00266024  0.000712623  -0.00157586  -0.00785802  0.00114992  -0.000706595  0.000562063  -0.00334485  0.00608982  -0.00434381 
282 -0.000192584 0.448979 0.006271 0.0366683 -0.00105264  0.00171154  -0.000272746  -0.0028705  0.000833249  -0.00416453  0.00134081  -0.00189571  -0.00125582  0.00140274 
285 0.000512218 0.548529 0.0099767 0.0392067 0.000182583  -0.00419659  0.00346452  -0.00154481  0.00538869  0.00159147  0.000395622  0.00316727  -0.00255913  0.00438092 
288 -0.000252979 0.369757 0.0114822 0.0320168 0.0036698  -0.00436042  -0.00106903  -0.0053202  -0.000654154  0.00075901  -0.00049048  0.00243754  -0.000864238  -0.00787273 
290 -3.02621e-05 0.392738 0.0036034 0.0357504 -0.00176319  0.000857178  -0.000137169  -0.000246629  0.00163864  0.0012173  0.00197081  -0.00060617  -0.000205524  -0.000774942 
292 -0.000612852 0.393182 0.01619 0.0361711 0.00387842  -2.68558e-05  0.00832242  0.00312297  -0.00320486  -0.00203482  0.00355545  0.00204814  0.000702154  -0.0116754 
293 -8.62904e-05 0.420627 0.00523464 0.0438337 -0.00133825  0.000699492  0.00413238  -0.00196022  0.000476872  -0.000283263  0.00162493  0.000608042  0.000930067  0.000139417 
296 0.000975049 0.782131 0.0331686 0.0448072 -0.00813917  -0.00138358  -0.00475812  0.00145003  0.0132133  0.0152395  0.00477842  0.00306631  -0.0103469  0.0214738 
299 -5.91566e-05 0.39661 0.00494644 0.032142 0.00188171  0.00105003  0.00071573  -0.00051236  -0.0018983  0.00238956  -0.00206157  0.000983333  -0.0016585  -0.00132963 
300 0.000145966 0.596433 0.00750399 0.0330495 0.00142231  -0.00217804  0.00524183  0.00306653  8.93442e-05  0.00244744  3.98344e-05  -8.10765e-05  -0.00055313  0.00252005 
301 -1.29162e-05 -9.3126 0.0225153 0.0307622 0.0044339  0.0120177  0.00368849  -0.00596886  -0.00253857  -0.00252253  -0.00641881  -0.00021118  0.011904  0.00989255 
302 -8.76537e-06 0.49162 0.000542083 0.0309715 1.77895e-05  0.000168366  0.000342115  1.46474e-05  0.000169904  3.53439e-05  -0.000279393  -3.0326e-05  0.000180892  7.81981e-05 
304 8.04732e-05 0.586489 0.00527658 0.0311126 -0.00149773  -0.000935973  0.00128279  0.00267013  4.78765e-05  -0.00212599  -8.07e-05  0.000256833  -0.000286676  0.00335725 
305 -1.48145e-05 0.47286 0.00126821 0.0297914 0.000181534  0.000180222  0.000177857  0.000160822  0.000314366  -0.000270916  0.000454477  0.000610526  0.000158929  0.000841821 
306 8.33421e-05 1.62042 0.0193257 0.030039 0.00426345  -0.00761346  0.00717846  0.00669291  -0.00866875  -0.0064409  -0.00278233  0.00483048  0.0063496  -0.0036043 
308 0.00012326 1.74883 0.0248122 0.0286182 -0.00549299  -0.000587934  -0.00765385  0.0072877  0.019763  -0.000383253  0.00734401  0.000250977  -0.000879368  0.0052858 
309 -7.85088e-05 0.370639 0.00637403 0.0263771 0.00235752  0.00157812  0.00182076  0.00197029  -0.00257988  -0.000141075  0.0019325  -0.000989832  0.00103828  0.0035937 
310 -0.000159953 0.349591 0.00981085 0.0278256 -0.000487087  -0.000121672  0.00431689  -0.00459708  -0.00132831  0.00386134  -0.00184807  0.00409007  0.00409272  0.00163195 
312 -0.000288456 -0.915802 0.0404169 0.0305651 -0.0047962  0.000180603  -0.0247714  0.00971755  -0.0182281  -0.0106067  -0.0136641  0.00458884  -0.00723561  -0.0140555 
313 -0.000148866 -5.80026 0.0612382 0.0349675 0.0137016  -0.0335765  0.0162884  -0.0136687  0.000141682  0.0169721  0.0322922  -0.0241532  0.00693037  -0.0045379 
314 -4.84005e-05 -0.576504 0.0144366 0.0370352 0.00667147  0.00384575  -0.00730752  -0.00122368  -0.00108948  -0.00136429  -0.000399354  -0.00649281  0.00535137  0.00449637 
317 0.000139057 0.623104 0.00827516 0.0376829 -0.00141574  0.00127089  0.00652011  0.0018172  0.000151417  -0.00256887  -0.0030596  -0.000626061  0.00163349  -3.70557e-05 
318 -3.43009e-05 -0.701992 0.012842 0.0357905 0.00493165  0.00508403  -0.00184769  2.88169e-05  -0.00543832  -0.00169045  -0.00612092  -0.00347384  0.001414  0.0052315 
319 -2.97944e-05 0.440422 0.00266476 0.0362665 0.00158915  0.000253518  0.000850753  0.000664008  0.000450836  0.00028255  0.00027354  0.000391499  -4.67529e-05  -0.00168323 
320 -0.000527961 0.367877 0.0167101 0.036675 -0.000495598  -0.00474635  0.00600981  -0.000417587  -0.0083768  -0.00116673  -0.00750385  -0.00613129  -0.00585119  -0.00452682 
321 0.000471912 0.981393 0.0301412 0.0432799 -0.0114914  -0.002137  0.0128002  0.0157604  0.00837381  0.000638651  -0.00877848  0.0145471  -0.000645868  -0.000105242 
322 0.000471239 0.997439 0.0306175 0.0374347 0.0105986  0.00384599  -0.00816825  -0.0182434  0.0164906  0.0081196  -0.00687045  -0.00221728  0.00432672  0.00143536 
327 -7.3673e-05 -0.0634404 0.0128859 0.0304996 0.00233117  0.00176324  0.000169094  0.00470673  0.00379754  -0.00347455  0.00792958  0.00227237  0.00636712  -0.000495458 
328 -0.000218715 0.221341 0.0156151 0.0316844 0.00785744  0.0010134  -0.0107215  -0.000622727  0.00332509  0.000515013  0.00239894  -0.00268356  -0.00155551  -0.00624721 
330 -0.000272226 0.467008 0.00599721 0.0349663 0.00234331  0.00258236  0.00139093  -0.000622655  4.61758e-05  0.000744217  0.00096667  -0.00429468  0.00124282  -7.11176e-05 
331 -0.000499045 0.425103 0.0122339 0.038664 0.00680391  -0.00261139  -0.000469497  0.00239474  0.000670084  -0.00150994  -0.00226187  0.0072501  0.00382953  -0.00394027 
332 3.93248e-05 0.508272 0.001141 0.044655 -0.000450955  -0.000226515  0.000113603  9.90443e-05  -0.000282968  0.000629425  0.000365028  0.000336675  -0.000477096  -0.000272071 
334 -7.98518e-05 -1.36433 0.0244021 0.0442125 -0.00814021  0.0102976  -0.00690963  0.0100813  0.00823938  -0.000197233  0.00132665  -0.00571918  -0.00650816  -0.0113593 
335 -0.000602107 -0.501004 0.0491022 0.0451066 -0.0292512  0.0214689  -0.0249676  -0.0128823  0.00403004  0.00377779  0.00945497  -0.00272673  -0.0131037  0.00246772 
336 0.000493574 1.25569 0.0386189 0.0513507 -0.0209012  0.00676679  0.0153335  -0.0091956  -0.0125805  -0.0095464  -0.00131269  0.0157063  -0.00205235  0.0136774 
337 -0.000606456 0.410592 0.0147354 0.0462973 0.00295367  0.00801146  -0.00440811  0.00281382  -0.0014225  -0.00407802  0.00487621  0.00511581  0.00615313  0.00322666 
340 -0.000173859 0.194797 0.0145697 0.0524412 -0.00282012  5.42622e-05  0.00477869  0.00203451  0.00777247  0.0026138  0.00403157  -0.00628047  -0.00633313  0.00378109 
341 -6.9259e-06 0.499737 8.55494e-05 0.0540736 -1.63039e-05  4.66624e-05  -1.05501e-05  -7.03689e-06  2.87973e-05  2.30149e-05  3.0416e-05  -1.35619e-05  -4.59673e-05  -1.15616e-05 
342 -0.000164137 -0.227002 0.021848 0.0541376 -0.00135052  -0.00823382  -0.0102268  -0.00784067  -0.0036631  -0.00357449  0.00110879  -0.0100375  0.0105047  -0.00176881 
344 -0.000162986 0.485725 0.003053 0.055633 -0.000643956  0.00134763  0.000488502  -0.00112881  -0.00171221  -0.000880809  0.000846817  0.000274397  0.000794624  0.000667722 
346 8.57622e-05 8.502 0.0523834 0.0570791 0.00564836  -0.00160609  0.0224581  0.0271976  0.0171284  0.0143516  -0.0130606  -0.00412446  0.0084422  0.0265941 
347 -0.000732195 0.387706 0.0181455 0.0563229 -0.00273393  0.000440561  -0.00973918  0.000623551  -0.0059691  2.71827e-05  0.00900855  -0.00538268  0.00895608  -0.000617186 
350 0.000969324 1.25792 0.0541908 0.0624879 0.00874263  -0.0137117  0.00726297  -0.0152832  -0.0131745  0.0116123  -0.011563  0.0386466  0.0150448  -0.0149614 
