generation s h r distopt trait[0] trait[1] trait[2] trait[3] trait[4] trait[5] trait[6] trait[7] trait[8] trait[9] 
1 0.0429601 0.504342 0.0401863 2 0.0109195  -0.00961032  0.00288304  -0.00868464  -0.0140817  -0.016378  0.00654279  -0.0177443  0.00645592  0.0213009 
8 0.0559964 0.536772 0.0974072 1.98946 0.0156022  -0.00476707  -0.0254429  -0.0524508  0.0236135  0.0531552  -0.00270703  -0.00298532  -0.0489952  0.00487195 
12 0.0216275 0.503197 0.0224168 1.97572 0.00549065  -0.00600465  0.00398459  -0.000152945  -0.0122062  -0.00251681  0.00880172  -0.00626202  -0.00506517  -0.0110791 
13 0.0365689 0.49929 0.0233027 1.97029 0.00959242  -0.000437449  0.0102688  -0.00106493  0.00677302  0.0109248  0.00171531  -0.00606685  -0.00756018  -0.00906084 
16 0.0283727 0.502361 0.0256045 1.96116 0.00742886  -0.0169632  -0.01199  0.00361744  -0.0101918  0.00501275  0.00280849  -0.000330759  0.00427188  0.000746166 
17 0.0538401 0.497568 0.0294066 1.95401 0.013111  0.00900638  0.00457124  0.0122031  0.00729032  -0.00922365  -0.0104275  -0.00822859  -0.0102216  -0.00477205 
19 0.0413166 0.496933 0.0179679 1.94055 0.0106479  0.000722233  -0.00031887  0.00628349  0.0065176  0.0027448  -0.00174603  -0.00657407  -0.00227905  0.00823931 
22 0.0209589 0.531999 0.0535639 1.93009 0.0071863  -0.0170528  -0.00143917  -0.0229442  0.00249001  0.0163433  0.0288901  -0.0178536  0.0198188  0.0133667 
25 0.0246663 0.509343 0.0347477 1.92471 0.0075345  -0.0149057  -0.0100242  -0.0182689  0.0167796  0.00664662  -0.00725063  0.0106561  -0.000499233  0.001454 
26 0.0170233 0.499914 0.0116888 1.91837 0.00463694  -0.0037594  0.0018487  -0.000695515  0.00432418  -0.00475958  -0.00389339  -0.00348826  -0.00288834  0.00448022 
28 0.00240232 0.502266 0.00496232 1.91396 0.000619398  -0.00028367  0.00189516  0.00065052  -0.00281598  0.00122417  -0.000657012  -0.0024433  3.29415e-05  -0.00207725 
31 0.0762603 0.499399 0.0502332 1.91333 0.0191483  -0.00180997  -0.0183202  0.00682447  -0.0181747  0.0212458  0.00278837  0.0206446  0.0235699  0.000128806 
36 0.089577 0.497668 0.0536566 1.89403 0.0260757  -0.0111074  0.00745473  -0.0253764  -0.00248681  0.018539  0.00503251  0.00435796  -0.0137618  0.028153 
38 0.107135 0.667624 0.269785 1.87125 0.0372618  0.00743915  -0.123239  0.0360964  0.0340704  -0.18501  -0.115218  0.0213893  -0.0501379  0.0566874 
40 0.0129054 0.517224 0.031073 1.84385 0.00133242  0.0106728  0.0210783  0.0009172  -0.000361226  0.0115199  0.00543571  0.00291992  -0.0151944  -0.00171325 
41 0.0516645 0.508211 0.0540597 1.84037 0.0141881  0.0187329  1.7093e-05  -0.0162863  0.0239205  0.0217868  0.0160828  -0.00329952  0.015018  0.0237285 
42 0.0181284 0.498799 0.00866456 1.82663 0.00441335  -0.00198525  0.00383163  0.00265976  -0.000550222  0.000192401  -0.000354452  0.00142153  -0.00288119  -0.00437181 
44 0.0470912 0.498043 0.026429 1.82171 0.0140723  -0.00225421  -0.00631149  -0.00408959  -0.00475734  0.0114313  -0.0154432  -0.00551041  -0.000749887  0.00401161 
45 0.0532594 0.510006 0.0584972 1.80904 0.0131696  0.0116012  0.0171448  -0.00343764  0.0305094  -0.008932  0.0413187  0.00817683  -0.00333351  -0.00351027 
46 0.0469454 0.512468 0.057785 1.79464 0.00742082  0.000340763  0.0317819  -0.00341216  -0.0239256  0.00393898  0.0287445  0.00392672  0.00701852  -0.0279876 
49 0.140262 0.491231 0.0633085 1.78181 0.0381826  -0.014925  0.0239719  0.00679688  0.0172092  -0.0287868  -0.01518  0.0168338  0.00693294  0.004443 
50 0.0466734 0.507673 0.0493949 1.74459 0.0137136  -0.00653559  -0.0280733  0.0235854  0.00749138  0.00931753  -0.00237658  -0.0124094  -0.0167333  -0.0167965 
52 0.0272721 0.500555 0.0205361 1.73146 0.00858572  0.00450995  -0.00960358  0.00421119  0.0048448  -0.00602643  -0.00930026  -0.00677221  -0.000359682  -0.00504337 
55 0.101322 0.503185 0.0767071 1.72368 0.032964  -0.027192  -0.0193472  0.0017016  0.00983262  -0.00601724  -0.0410038  0.0359278  0.0190002  0.0146534 
56 0.104774 0.506218 0.0862404 1.69545 0.0342179  0.0117219  0.0197104  -0.0079922  0.0530435  0.0187627  0.00833708  -0.0163312  0.0117803  0.0451234 
58 0.0180819 0.740742 0.131832 1.66581 0.00780641  -0.0725407  -0.0558487  0.000149991  -0.0515441  0.0374505  0.0461013  0.0387433  -0.0235474  -0.0264082 
61 0.00328033 0.51186 0.0126777 1.66042 0.00122329  -0.00426497  0.000751007  -0.000927694  0.000382649  0.00299495  -0.00100975  0.00927621  0.00651895  -0.000965036 
64 0.0505997 0.496101 0.0211763 1.65943 0.0152696  0.00665668  -0.00307291  -0.00426883  0.00713511  -0.000688187  -0.00558843  0.00138437  -0.0014969  -0.00751835 
65 0.0785074 0.677376 0.236848 1.64449 0.0215544  0.154485  -0.0382749  0.0312092  -0.0570002  -0.138069  -0.039282  -0.0198638  0.0521187  -0.048596 
66 0.0774901 0.53162 0.110493 1.62135 0.0350837  -0.0208642  -0.0333087  0.0524115  -0.0247966  -0.0258809  -0.0251791  0.0167156  -0.0649852  0.0162765 
67 0.0277707 0.549064 0.0758092 1.59817 0.00909458  0.0199601  0.0234132  -0.0129775  -0.0367639  0.0201017  -0.0148279  0.0124894  -0.0341649  0.0353633 
70 0.0125046 0.506631 0.0201691 1.58957 0.00526081  -0.000302349  -0.00402457  0.0150348  0.00743265  -0.00284299  -0.000199874  0.00793012  0.00277488  0.00168218 
71 0.0387187 0.57865 0.112487 1.58566 0.014696  0.044304  -0.0556262  0.0225576  0.00376697  0.0400243  0.0223509  0.00123487  -0.00694418  -0.0685998 
72 0.00293358 0.524272 0.0169905 1.57364 -0.000996373  0.00168695  0.0071079  0.00947208  -0.0032305  0.00972136  0.00411469  -0.00277526  -0.00151106  -0.00356925 
73 0.0329324 0.506842 0.03757 1.57271 0.0114468  -0.00492095  -0.0197849  0.0104975  0.00649018  0.00124595  0.00989381  -0.0171961  0.0170223  -0.00525279 
75 0.049558 0.497384 0.0257587 1.56237 0.0158512  0.0049342  -0.00380995  0.00527101  0.00744004  0.0104206  0.00075688  0.00726729  0.0113136  -0.000523938 
78 0.224144 0.492054 0.118342 1.54681 0.0593344  0.0021849  0.0175894  -0.0237755  0.00678766  0.00674623  -0.0118612  -0.0286072  0.0899955  -0.0213281 
79 0.00183313 0.927549 0.0559696 1.48 0.0027917  -0.03196  -0.0188601  -0.0230905  0.00600981  -0.0154203  0.0102242  -0.0180592  0.00348957  -0.0223099 
80 0.0262301 0.574331 0.0895862 1.47938 -0.0016521  -0.0191269  0.0641449  -0.0198304  0.0144302  0.0094537  0.00501073  0.0404603  -0.0105654  -0.0328319 
81 0.0772922 0.502443 0.0591431 1.4706 0.0280644  -0.00244683  -0.00718958  -0.000198974  0.0144672  -0.026722  0.0357279  -0.0119688  -0.0127944  0.012074 
83 0.0514704 0.514191 0.0640838 1.44507 0.0131173  -0.0253097  0.0202712  -0.0213987  -0.0132942  0.0234567  -0.0316974  0.00522608  0.0258105  0.000291399 
84 0.0381921 0.517664 0.0578739 1.42759 0.0129507  -0.00488621  -0.00672633  -0.0236027  -0.018094  0.0195069  0.0198306  0.0027684  -0.0312353  0.0217023 
85 0.0341848 0.508634 0.0415397 1.41441 0.0100049  0.00538256  0.018647  -0.00471459  0.00749528  -0.00131947  -0.00945935  -0.009895  -0.00349662  0.0311287 
87 0.0246697 0.507973 0.0327726 1.40247 0.0119852  -0.00587598  -0.0148623  0.00295458  0.0154257  0.00577654  -0.00742063  -0.00107957  -0.00138225  0.0183518 
89 0.0128093 0.500656 0.0106957 1.39376 0.00490046  -0.000158714  -0.000920018  -0.00600445  -0.00181465  -0.00177553  -0.000631048  -0.00445146  0.00409652  0.00316508 
92 0.193627 0.505926 0.140806 1.38918 0.0669576  0.0611286  0.033297  0.0385538  0.0275613  -0.0403801  -0.00620103  0.00527259  0.0755872  0.029005 
93 0.0138445 0.584936 0.0690147 1.32395 0.0149631  -0.00684789  -0.0278304  0.0110764  0.0386667  -0.0306616  0.0310738  0.00753882  0.0109693  0.00412625 
95 0.115273 0.511388 0.104451 1.31874 0.0464598  -0.0701453  -0.0155638  -0.0124915  -0.0431413  -0.0255183  -0.00294479  0.0162672  -0.0254113  0.00123556 
99 0.0763353 0.511876 0.0787171 1.27671 0.0260551  -0.00310065  0.0404388  -0.00335002  0.0166839  0.0256759  -0.00767666  0.0439081  -0.0232985  0.0198518 
100 0.0847209 0.496877 0.047858 1.24757 0.0346717  -0.0228859  -0.00259727  0.0160184  -0.00130121  0.011098  -0.00897372  0.0025259  -0.00938931  0.00111043 
101 0.000961507 0.503745 0.00385449 1.21454 0.000641257  0.000863874  -0.000589183  0.00115171  -0.00054356  0.0015306  -0.00176679  0.00153364  0.000316547  0.00195295 
102 0.0332431 0.680029 0.154962 1.21414 0.00468505  -0.0461866  0.0589106  -0.017581  0.0719598  0.0515903  -0.0218759  -0.0539066  0.0219933  -0.0798156 
103 0.0137354 0.501979 0.0141795 1.2006 0.00557285  -0.00396126  0.0105049  -0.0020621  0.000551508  -0.00280699  -0.00381212  -0.00171778  -0.00364401  -0.000871408 
104 0.0211236 0.501624 0.0188226 1.19491 0.0112675  -0.00237494  0.00112916  -0.00279538  0.0119075  -0.00465839  -0.00136516  -0.000267804  -0.00519414  -0.00449443 
105 0.0922524 0.502652 0.0694806 1.18613 0.0331138  0.0282284  -0.00068938  -0.00812772  -0.037437  0.00606706  -0.0148794  -0.00615548  -0.00311929  0.034063 
106 0.0295295 0.574614 0.0953889 1.14833 0.0169388  -0.00502564  0.00364978  0.0146032  -0.0167211  0.0304363  -0.0429453  0.0567032  -0.0214158  -0.0428503 
107 0.108777 0.516168 0.109522 1.13558 0.0485826  -0.000415654  0.0170706  0.0267203  -0.0510454  -0.0257076  0.0301688  0.0587888  -0.0106418  0.0297171 
108 0.062885 0.501782 0.0478954 1.08917 0.0236017  0.00998967  -0.00683938  -0.00773726  0.00611051  0.0151698  0.0270931  -0.0183405  -0.00183065  0.0137575 
109 0.0243956 0.529223 0.0557384 1.0608 0.017926  0.0308275  -0.0311231  -0.000215953  0.024942  -0.0104667  0.00174787  0.0104336  -0.00459911  -0.00129406 
111 0.036775 0.723235 0.181019 1.04938 0.0249306  0.000807162  -0.0541409  0.0910577  -0.0152498  0.0293313  0.00190353  -0.0394593  0.135117  -0.00355651 
113 0.0758745 0.53817 0.117555 1.03203 0.0281188  0.0214376  0.036478  0.0120844  -0.0612418  0.0662328  0.00295598  -0.0183387  -0.00617806  0.0507119 
114 0.0267602 0.539579 0.067284 0.995969 0.00484933  0.0131576  0.0112889  -0.0158514  -0.0288268  0.032882  0.0170391  -0.0079063  -0.0374997  -0.0167485 
116 0.0025342 0.51855 0.0138204 0.982622 0.00266128  0.0022033  0.00270415  0.00269572  0.00140963  0.00646395  -0.00819701  -0.00155504  0.00415374  0.00581841 
119 0.00631308 0.540087 0.0320745 0.981334 -0.00129681  0.00208938  0.000216977  -0.0166221  -0.0136796  -0.0132028  0.00350779  -0.0181478  -0.00326903  -0.00571044 
122 0.0104931 0.502297 0.0122636 0.978122 0.00508428  -0.00244754  0.000364615  0.00433969  -0.00260549  -0.00842609  0.00397644  -0.00192356  -0.0014244  0.000512027 
123 0.181521 0.513858 0.152019 0.972771 0.0951947  -0.0655726  -0.00748608  -0.033093  -0.00616382  0.009868  -0.0419161  0.00655266  -0.0614674  -0.0536963 
124 0.0950123 0.540486 0.137039 0.882883 0.0683856  -0.0259976  0.052093  -0.017528  -0.0334597  0.0607721  -0.0489076  0.00272945  -0.0563466  0.00439394 
125 0.0423448 0.513444 0.0555805 0.829889 0.0267962  -0.0265141  0.0155098  -0.00505007  0.0159201  0.00765228  0.00590291  -0.0026292  -0.000985551  -0.0323631 
128 0.0138965 0.50157 0.0134863 0.804514 0.00753104  -0.00376178  0.00348334  -0.000858706  0.00528442  -0.00311434  0.00623315  -0.000966382  -0.00178804  -0.00418736 
130 0.0212088 0.518379 0.0419855 0.795891 0.0157691  -0.0054819  0.00445095  0.0155066  -0.0153628  -0.0192764  0.00887979  0.0139156  -0.0176674  0.00561829 
134 0.0499154 0.555153 0.109158 0.782595 0.0356879  0.046373  0.0443194  -0.033722  0.00486727  0.0295967  -0.0277566  0.0226403  0.0179498  0.0537144 
137 0.0128647 0.515258 0.0293558 0.75083 0.00222475  0.0142151  -0.00331922  -0.01266  0.00379188  -0.016544  0.0107202  -0.00268744  -0.00698396  -0.00494439 
138 0.00727545 0.502574 0.010046 0.742269 0.00463907  0.00141492  -0.00332711  0.00695162  0.000682174  0.00111311  0.000777095  -0.00301287  -0.00137501  -0.00217435 
140 0.0305038 0.5947 0.108704 0.73737 0.0206119  -0.00702355  -0.0479594  0.00296185  -0.00151448  -0.0659983  -0.0343056  -0.0435372  0.00230867  -0.0399718 
142 0.038334 0.554315 0.0941861 0.716705 0.0457385  0.026377  0.00992488  0.0332796  -0.0530746  0.0270384  -0.0285932  0.012747  -0.00596668  0.0177083 
143 0.00901674 0.520021 0.0275517 0.689963 0.00874288  7.92956e-05  -0.00114971  0.00906822  0.0092618  -0.00872813  -0.00951813  -0.0154992  -0.0101476  0.0018282 
144 0.0645874 0.660806 0.204943 0.683427 0.0663413  -0.0384053  0.117446  -0.11624  0.0133627  0.0555827  -0.0207763  -0.0415567  0.0212041  -0.0542597 
147 0.0153903 0.563168 0.0630378 0.635992 0.0190047  -0.0016168  -0.0271221  -0.0198482  0.0141044  -0.00616663  0.00323761  -0.0131925  -0.045368  -0.000825483 
150 0.0018983 0.504406 0.00593469 0.623869 0.000626217  0.00117669  -0.00281261  -0.00145903  0.00183747  -0.00231569  -0.000222138  0.00213449  0.00283915  -0.001414 
151 0.015255 0.501965 0.0152843 0.622347 0.00898043  0.00140343  -0.00184551  3.85787e-05  0.00212204  0.00201913  0.00791386  -0.00407201  0.00639235  0.00435106 
154 0.00750779 0.506064 0.0144707 0.610062 0.00374528  -0.00281352  -0.00343495  -0.0027866  0.000718518  0.0052004  0.00900271  0.000987365  0.00606065  0.00464525 
155 0.0457809 0.519744 0.0673415 0.603901 0.0427309  0.0100953  0.00057931  -0.0184608  -0.0330498  0.00610067  0.0182246  -0.0214079  0.0168474  -0.00788133 
159 0.0510377 0.527754 0.0822197 0.565626 0.0384687  0.0256975  -0.0075538  0.0270715  0.0237225  0.0157697  0.00555478  0.0119251  0.0423949  -0.0323747 
160 0.0363895 0.624187 0.135473 0.519764 0.03362  0.000399691  -0.0500675  0.00194001  0.0893922  -0.0540295  0.00880581  0.02936  -0.00122101  -0.0534854 
161 0.0327078 0.573292 0.0997062 0.48416 0.0307375  0.00744114  -0.0229101  -0.00899661  -0.0648867  0.0187827  0.0499915  0.0329413  0.00851183  0.0107489 
164 -0.000149342 0.454357 0.00522291 0.449697 -0.000354768  0.00246192  -0.00118741  -0.000970843  5.86467e-05  -0.00202932  -0.00186666  -0.00321513  0.00071363  -0.000535729 
166 0.09884 0.604768 0.209087 0.449863 0.13001  -0.0620352  0.0808733  0.00594939  -0.0331783  0.000628984  0.110518  0.0225851  0.0417705  0.0286385 
168 0.0135773 0.64338 0.0884184 0.328818 -0.0075572  -0.0159977  0.0201953  0.0428233  0.0221096  -0.0286239  0.0437001  -0.0307885  0.00168275  0.0330829 
170 0.0159237 0.550254 0.0574382 0.307628 0.020476  0.0239109  0.0110613  -0.00844421  0.0328802  -0.0180638  -0.00408889  -0.000314134  0.00314019  -0.0260846 
183 0.0116087 0.566015 0.0557957 0.280779 0.0132956  -0.00349836  0.0138313  0.013944  0.0188239  -0.0155516  0.00651885  -0.0376787  -0.00686252  0.0208075 
187 0.0179938 0.584608 0.0786756 0.259413 0.0381676  0.0387376  0.0142683  -0.0174673  0.0234196  -0.00482319  0.0138815  -0.0278386  0.0313066  0.0142919 
191 0.0174372 0.583674 0.0770127 0.222399 0.0518339  -0.00141755  -0.0461635  0.00816554  0.00139658  0.0148722  0.0216916  0.000758405  0.0162694  0.00924746 
194 0.0132716 0.577928 0.0647644 0.179372 0.0266847  0.00467318  0.0036824  0.0123624  -0.0208805  -0.039816  -0.0142987  0.0202553  -0.0175101  0.0187479 
196 0.00347641 1.13151 0.0936095 0.137804 0.0402017  0.00229453  -0.0243465  0.0291027  0.0236857  0.0310448  -0.0447765  0.0189177  0.0368674  -0.0213254 
197 -0.000296267 -1.09909 0.0435306 0.124578 0.00692343  0.000297959  0.0103125  0.0165755  0.00198029  0.0167279  -0.0297545  -0.0118219  -0.012483  0.00106506 
202 0.00396715 0.541355 0.0257436 0.125761 0.0112915  0.0134107  -0.00184793  -0.00630879  -0.00713248  0.00119861  -0.00631987  -0.00128183  -0.0124117  0.00801434 
203 0.00160975 1.26374 0.0700862 0.108888 -0.0160674  0.0307318  -0.0345344  0.0311987  0.009994  0.000760986  0.0253134  -0.00546023  -0.0178414  0.0213104 
204 0.00255229 0.583625 0.0292543 0.101233 0.00512269  0.00637564  -0.00543126  0.00301708  0.00178527  -0.0253997  -0.00135629  -0.00752786  -0.00651438  -0.00102268 
207 0.000317754 0.551033 0.00805627 0.0877446 -0.00333274  -0.000230319  0.00222299  -0.00157148  -0.00176357  -0.00509152  -0.00105827  -0.000298216  -0.00363285  -0.00170051 
209 0.00040659 0.528476 0.00681067 0.0859152 -0.000711221  0.00281836  0.0018995  -0.00202616  -0.00267353  -0.00270072  -0.000268151  0.00338615  0.00166337  0.00121511 
210 0.000596644 0.531106 0.00862501 0.0835159 -0.000385739  -0.000700229  0.00101889  -0.0063882  -0.0023593  -0.00392735  -0.00215517  -0.00163376  -0.00152151  -0.00113368 
211 9.81336e-05 1.16237 0.0161241 0.0798652 0.000622729  -0.00137255  -0.00800758  -0.00502264  -0.00174983  -0.0061026  0.00554756  -0.0028697  0.0026255  0.00906418 
212 -0.000564941 0.479555 0.00680987 0.0792485 -0.000935353  -0.000151636  -0.00258435  -0.00031623  0.0020819  0.00318919  1.11442e-05  -0.00433249  0.00232845  7.85e-07 
213 0.00316639 0.572122 0.0302807 0.082737 0.0200265  0.0116718  0.00955476  0.00409673  -0.00631481  0.00156959  0.00590728  0.00889805  -0.00316623  -0.0102525 
214 0.000330623 2.16868 0.0469669 0.0606962 0.0287455  -0.00218258  0.0117263  -0.00313028  0.0221292  0.00751673  -0.00458429  0.00676987  -0.0212134  -0.0128244 
217 0.000833359 0.912008 0.0370532 0.0579091 0.0177841  0.00102743  -0.0163168  -0.00272682  -0.021168  -0.0150259  -0.0050109  0.00812407  0.00164663  0.00377549 
220 -0.00019954 -0.21822 0.0239435 0.0502041 -0.00290335  0.0137959  0.00244514  -0.0113952  0.0114137  0.00678477  0.000243011  -0.00678868  -0.00358939  -0.00183544 
221 0.00023957 0.605063 0.0100347 0.0521537 0.000555874  -9.28722e-05  0.00446427  0.00180272  -0.00366918  -3.66141e-05  -0.00254254  0.00306694  0.00686242  0.000877869 
223 0.000758624 0.893214 0.0345379 0.0498043 0.00546075  0.00118389  0.0294432  -0.00370636  -0.00701007  0.00619442  0.00443836  -0.00460326  -0.00532294  0.0111477 
225 0.000490801 0.974123 0.0305055 0.0414986 0.00432745  -0.0155055  -0.0101549  -0.000584681  -0.00606902  -0.00755515  0.00825308  -0.00522216  -0.012967  -0.0145098 
228 0.000237557 0.590683 0.00928367 0.0350921 -0.00467876  0.000539673  0.000708616  0.00373617  -0.00177564  -0.00448559  -0.000315333  0.00184773  0.00378523  -0.00290318 
229 0.000118077 1.00921 0.0155078 0.0315266 0.000347224  -0.00644655  0.000137746  -0.0109577  -0.00426369  -0.00441498  -0.00160834  -0.00119429  -0.00358743  0.00491621 
230 -3.31798e-07 -0.461107 0.00112941 0.0295949 -1.12681e-05  -0.000234601  8.28434e-06  0.00057026  0.00082807  -0.000129821  6.25423e-05  -3.23807e-05  0.00014412  0.000408483 
231 -1.04482e-05 -4.61734 0.0146241 0.0296005 -0.00198669  0.000734424  -0.00811597  1.46164e-05  0.00544656  -0.0058171  -0.00265965  -7.98187e-05  0.00850908  -0.000721466 
233 -0.000273192 0.423202 0.00916351 0.0297764 0.00296008  0.0022226  -0.00129158  0.000520543  -0.00187733  0.00533679  -0.00427884  0.00016312  -0.00423985  0.000107726 
236 0.00022472 0.542728 0.00619901 0.0340568 -0.00163472  -0.00144679  -0.00215898  -0.00106258  -0.00165654  -0.00130533  0.00304926  -0.00220481  0.00284965  0.00106971 
243 0.000314827 0.672105 0.0147222 0.0305805 0.00321781  0.00343002  0.00480547  0.00156625  -0.00815586  -0.00744844  0.00456937  -0.00281028  -0.000649818  0.00422866 
244 -0.000105843 0.218441 0.0109185 0.0249077 -0.00512746  0.000864425  0.00368768  0.000817109  -0.00102637  0.000641279  -0.00183999  -0.00543299  -0.00650455  -0.00111009 
246 1.35933e-05 0.528326 0.00124106 0.0269489 -8.88372e-05  0.000781016  -0.000510816  0.000151808  -0.000551824  -0.000153121  -0.000157351  0.000330543  0.000355906  0.000223028 
247 -6.0032e-05 0.427217 0.00418087 0.0266955 0.000961049  0.00128093  0.000972893  -4.7796e-05  0.00110762  -5.14932e-05  0.000710393  -0.00147567  -0.00198917  0.00246939 
249 -0.000168703 0.456673 0.00540871 0.0277971 0.00133666  0.00118979  -0.00416063  -0.00129038  -0.000831497  -0.00137811  0.000208192  -0.00103022  -0.00166804  -0.000773504 
250 -1.36177e-06 -151.816 0.0288026 0.0306822 -0.00426124  -0.00465733  -0.0129705  0.00853342  -0.00352366  0.00385392  0.0161517  0.015528  0.00337638  0.00283296 
252 -9.38907e-05 0.140786 0.0116153 0.0307044 0.00326793  0.000517645  0.00349401  0.00345453  -0.000497204  9.48278e-05  -0.00829637  0.00215783  -9.24705e-05  0.00510648 
253 -0.000198557 0.207682 0.0152382 0.0321971 0.00133831  0.00528463  0.000922521  -0.00249694  -0.00280195  -0.0113732  0.00302693  0.00126731  0.00134084  0.00675517 
254 0.000105105 2.27466 0.0273129 0.0351459 -0.00189206  0.0101082  0.00208552  0.001806  -0.00751672  0.0115757  0.00223726  -0.00769714  0.0180421  0.00723634 
255 -0.00109704 0.375013 0.0234378 0.0336175 -0.00188991  -0.00218083  0.0041762  0.0116528  0.00106295  0.00868579  -0.00262484  0.00782859  -0.0065433  0.0141496 
256 0.00110194 0.916471 0.0428355 0.0471993 0.0008407  -0.0150833  -0.00325472  -0.0167504  0.0160904  0.0140833  0.00705453  0.00564909  -0.00297395  -0.027708 
261 0.000194759 0.641735 0.0105082 0.0335625 0.00068756  0.00177325  0.000678732  0.00111946  -0.0044395  -0.00323316  0.00275757  -0.00655397  -0.00490189  -0.000584853 
267 -1.70676e-05 0.483275 0.00106864 0.0305238 0.000191395  -0.00011852  -0.000143892  -0.000581282  -0.000463498  0.000342217  0.000110328  -0.000359737  -0.000165736  0.000481376 
268 -0.000457823 0.30857 0.0187279 0.0308021 -0.00108964  0.00728341  0.00451311  -0.0094737  -0.00613996  0.000660573  0.00543717  0.00224822  -0.00992327  0.00389292 
269 8.80293e-05 0.531174 0.00331363 0.037506 -0.000846896  7.64584e-05  0.000680201  -0.00155376  0.000694201  -0.000616784  0.00121832  -0.000911123  0.000411493  -0.0020085 
271 7.04998e-05 0.555057 0.00394057 0.0363135 -0.00073221  -0.00255695  0.00102106  0.000992962  -0.000188139  0.00054854  -0.00237055  -0.000390732  -0.000384535  -0.000411187 
272 -0.000867347 0.13231 0.0357266 0.0353295 -0.0117166  0.0206082  0.0145485  0.0022668  0.018625  0.0112691  -0.00270673  0.000876857  0.00387419  0.000791498 
273 -1.55249e-05 0.404484 0.00243551 0.0459989 -0.00112615  0.000736269  -0.00160046  0.000119805  3.34337e-05  8.32163e-05  -0.000191766  0.000375202  0.000837502  0.000811517 
274 0.000714458 0.639451 0.0199655 0.0461673 -0.00384306  -0.0117007  -0.00327851  0.00354211  -0.0082288  -0.00621969  -0.00135676  -0.00444086  0.00232348  0.00950212 
276 -0.000593709 0.428438 0.013045 0.037646 -0.0110491  -0.000608753  -0.00066293  -0.00214428  -0.000310006  0.00286599  5.87385e-05  -0.004685  -0.00252616  0.00245709 
278 0.000190077 0.63675 0.010197 0.0448453 -0.00226723  -0.00220798  -0.00419219  -0.00390279  -0.000460619  -0.00445591  0.00365748  -0.00324915  0.00407909  0.000718621 
281 -3.28275e-05 0.251787 0.00570909 0.0426737 -0.00100449  -0.00245308  -0.00199829  0.00251026  0.00316444  -0.000479687  0.000905579  -0.00189123  -0.000416416  -0.000677202 
283 0.000279505 0.752382 0.0167976 0.0430566 0.0127611  -0.000152358  -0.00244788  -0.00560602  -0.00345543  -0.00259812  -0.00167745  -0.00611623  -0.00465899  0.00111873 
284 0.000176957 0.921515 0.0172725 0.0396788 0.000414448  -0.00449465  -0.0105109  0.00325081  -0.00858298  -0.000888846  0.00129567  -0.00118952  0.00397574  -0.0079725 
287 0.000266503 1.05556 0.0243341 0.0373827 0.000532376  -0.00658907  0.00996361  -0.00205477  -0.00468275  -0.00490545  -0.00993356  -0.00383902  -0.00529116  -0.0160484 
289 -0.000181729 -0.099766 0.0208809 0.0336303 0.00560736  -0.00177046  -0.00211534  -0.00181929  0.00954864  0.00673842  0.01476  0.00349275  0.00263757  -0.00447828 
292 0.000167178 1.23376 0.02215 0.0362318 0.00377213  0.000936976  -0.00190584  -0.00354671  -0.00964163  -0.0113235  -0.0101551  -0.00871037  0.00614988  -0.00461541 
293 0.000156777 0.618594 0.0086242 0.0338464 -0.00382859  0.00368487  0.00448549  0.00275718  -0.00136211  0.00114172  -0.00253645  -0.000905346  0.00244161  0.00143006 
295 0.000209698 1.83128 0.0334129 0.0314454 -0.00137616  0.0116051  0.0185353  -0.00197861  -0.00453472  -0.00460928  0.00756758  0.0170435  0.00923063  0.0125544 
296 -0.000171671 0.202622 0.014291 0.0279131 -0.0111044  0.00101819  -0.00392564  -0.00350533  0.00366602  -0.00173421  0.000160566  -0.000813084  -0.000753397  -0.00587265 
297 -0.000254642 -0.0245733 0.0231166 0.0308355 -0.000532832  -0.00502282  0.0041176  0.00846822  0.0056872  -0.00384491  0.00366918  -0.00280709  0.0173642  -0.00708618 
298 0.000125085 0.708771 0.0102204 0.0347203 0.00260995  0.00449146  0.000257208  0.000493957  -0.00106635  0.00289062  -0.00658809  -0.00388457  -0.00264697  -0.00147283 
301 -0.000259731 -2.24659 0.0534124 0.0328698 0.0101879  -0.0127511  -0.0189285  0.00233018  0.0179884  -0.0154844  -0.0200869  0.0267316  0.00732277  0.0220851 
302 -9.28104e-05 0.412598 0.00569675 0.0366086 -0.000970704  0.000138478  -0.0019844  0.00272624  -0.00365548  -0.000715999  0.000405703  0.00152412  0.000181064  0.00193022 
303 0.00019234 1.44603 0.0269762 0.037855 0.000304356  0.00878514  -0.00716822  0.00879555  0.00504928  0.00961668  -0.00943903  -0.00431161  -0.0158684  -0.00665087 
307 3.47852e-05 0.505929 0.000908626 0.0352233 0.000139947  -1.56576e-05  0.000105528  -5.37483e-05  -0.000767727  -0.000187657  0.000365526  -1.43512e-07  -6.11224e-05  0.000172572 
308 -3.63626e-05 0.455765 0.00253669 0.034726 -0.00143536  -0.00101007  -0.000279601  0.000266328  0.000594973  -0.0006101  0.00102084  0.00109206  0.000447378  0.000210112 
310 7.68237e-06 0.531656 0.000986308 0.0352457 -0.000176629  -0.000216337  0.000480401  -0.000276374  -5.39317e-05  -0.000458117  -9.97174e-05  0.000295187  -0.000511963  0.000125189 
312 -0.000391194 0.406558 0.0120962 0.0351366 -0.00459299  -0.00324581  -0.00216488  0.00585111  0.00437558  -0.00355125  -0.000214266  -0.000559468  -0.00199933  -0.00629704 
313 -0.000173345 -1.67446 0.0388277 0.0403218 0.00481572  -0.0232835  -0.00331056  -0.000145036  -0.00778062  0.0116132  0.0253901  0.00584938  0.000586385  -0.00752843 
315 -2.61338e-05 -3.16889 0.0195835 0.0424171 0.0102971  0.00344676  -0.00705239  -0.00470786  -0.00700961  0.00698761  0.00550233  -0.00379539  -0.00704706  -0.00118422 
316 -0.000766167 0.438528 0.0137387 0.042724 0.0024172  0.00388704  -0.00615503  0.000398276  -0.00475214  0.00139589  0.00014085  0.0071685  0.00352142  -0.00643574 
317 -0.000294835 0.0366261 0.0233787 0.0509098 -0.0120278  0.00316995  -0.0055888  0.00152247  0.00438287  -0.0135322  0.00902983  -0.00647638  0.00566268  -0.000644641 
321 8.8855e-05 0.668617 0.00774148 0.0537279 0.0001642  -0.000919275  0.000981049  -0.0002946  0.00140019  -0.00387948  -0.000398548  -0.00521814  -0.00156132  -0.00334257 
324 -0.000398514 0.428115 0.0107093 0.0528945 0.000578752  0.00679643  -0.00411232  -0.00153755  0.0034186  -0.00346817  0.00185234  -0.00154812  0.00404065  -0.00173698 
325 0.000607446 0.582627 0.0141734 0.0565369 0.000226639  0.000434091  0.00850562  -0.00533992  0.00799816  -0.00346423  0.00224312  -0.00344413  -0.000861794  0.00248524 
326 -0.000333985 -2.63059 0.0646595 0.0508838 0.0113577  0.00932711  0.0364322  -0.0222884  -0.00872793  -0.0134669  -0.0210745  -0.0231295  0.0294095  0.00626238 
327 0.00110672 0.870629 0.0404982 0.0540667 -0.00203433  0.00316272  -0.0202622  -0.00615159  -0.00724855  0.0144729  0.0151127  0.011721  -0.0233592  -0.00203252 
328 0.000106812 0.690603 0.00902418 0.0426274 0.00105374  -0.00197652  0.00018858  0.00110476  -0.00430394  0.00171375  -0.000437649  -0.00594841  -0.000742236  0.00419235 
329 -9.463e-05 -1.01774 0.0239684 0.0413556 -0.00836059  -0.0110021  0.00778327  -0.00760267  -0.0025994  0.00520155  -0.00585841  0.00519047  -0.00768873  -0.0105341 
332 -0.000819932 0.215958 0.0305318 0.0424844 0.0101169  0.00551448  -0.0113526  -0.00752606  0.0165444  0.00159531  0.00920247  0.00974972  0.0066382  0.0106693 
333 -0.000779454 0.23493 0.0287573 0.0512366 -0.00670505  -0.0151743  -0.00780723  -0.00792715  -0.00630694  0.000180527  -0.00798431  -0.0124851  -0.00975141  0.0085699 
337 -0.000912487 0.368095 0.0219557 0.0583519 -0.00137331  -0.000179439  -0.006892  -0.00213216  -0.00895668  0.00267172  -0.00275904  0.00596259  -0.00855958  -0.0149766 
338 0.00189837 0.709816 0.039915 0.0657104 -0.0151954  -0.00492463  0.0178887  0.019949  -0.00804944  0.00391438  -0.0118232  -0.0138781  0.00151825  0.0143276 
339 0.000201656 1.46826 0.0279444 0.0492065 0.00214545  0.0116261  0.0117475  -0.00298581  0.00664347  0.0125657  -0.00848278  -0.00267885  0.0145736  -0.00080471 
340 -0.00116195 0.322032 0.0287789 0.0471131 0.00140702  -0.00967689  -0.01569  -0.0120465  0.00771572  0.00505071  0.00568942  0.0128173  -0.00470939  0.00611836 
343 -0.000444155 0.35917 0.0158224 0.0581573 -0.0053282  -0.00286266  -0.00510397  -0.00215605  0.000928267  -0.00940091  0.0074821  -0.00466841  -0.00282362  -0.00284182 
344 -0.000145916 0.135271 0.0145911 0.0618589 -0.00257504  0.000812575  -0.00241414  0.00196532  0.00904301  -0.00596951  0.00297221  -0.00217294  0.00581841  -0.00557648 
345 0.000951059 0.747977 0.0307125 0.0630273 0.0134414  0.00364968  0.00786555  0.0083333  0.00739558  -0.015429  -0.000966309  -0.0112461  -0.00432061  0.0133839 
347 -5.54141e-06 0.0247835 0.00324554 0.0549713 -0.000710904  -9.40045e-05  -9.33328e-05  -0.00025247  0.00125728  -3.09207e-05  -0.00195106  0.00148885  -0.000995246  0.00116246 
348 -0.000691325 -0.254299 0.0456758 0.0550216 0.0300895  0.00539055  -0.0172091  0.0183767  0.0171617  0.00484085  -0.00267246  0.00985575  -0.00604198  -0.00769724 
350 0.00013821 0.530901 0.0041342 0.0609831 0.000931488  0.000341592  0.00236724  -0.00143825  -0.000203196  0.0018422  0.00213131  0.000358245  0.000415638  -0.000395323 
352 0.00180629 0.646758 0.0325712 0.0598393 -0.0178289  0.00128866  8.23309e-05  0.00864214  -0.0247027  -0.00141264  0.000357921  0.00458013  -0.00342335  -0.0046496 
353 1.85277e-05 1.19154 0.00715893 0.0421436 0.00394579  0.00139444  0.0016008  -0.00127075  0.000338539  0.00112968  -0.000576055  -0.00230065  0.00323299  -0.00347725 
357 0.000459912 2.485 0.0604094 0.0419232 -0.00692467  -0.000909714  0.0440104  0.00620836  -0.028187  -0.00955467  -0.011388  0.00449407  -0.00933392  0.0224112 
358 1.0694e-05 0.523787 0.00100875 0.0360243 0.000216064  0.000300813  0.000103239  -2.49032e-05  -0.000363427  -0.000272268  0.000242258  0.000436721  0.000616587  -0.000182533 
359 -0.000270108 0.422975 0.0091251 0.0358755 0.000920595  0.00231034  0.00345041  0.00442461  -0.00221041  -0.000951597  -0.00312505  0.00478036  -0.00262691  0.000538444 
361 7.8831e-05 1.06304 0.0133242 0.0394613 0.00335305  -0.00811878  0.0014661  0.00210219  0.00235832  0.00803003  0.000288263  -0.000553417  -0.00165841  -0.00454139 
365 0.000522022 0.749344 0.0228171 0.0384496 -0.0142753  -0.000164961  -0.00634267  -0.00510521  0.000579808  0.00385389  0.0120415  0.00610736  0.00442124  -0.00578613 
366 -9.54664e-05 -0.0868061 0.0149696 0.0309271 -0.00528607  -0.00671964  -0.00197788  -0.00189969  0.00535195  -0.00422976  0.00231423  -0.000608194  0.0095492  0.000161426 
367 -0.000150409 0.376821 0.00860958 0.0324339 0.000205296  -0.00330121  -0.00101936  0.00517986  0.0028212  -0.00119994  -0.00201829  0.00423276  0.000230205  0.00196799 
368 8.11269e-06 0.582025 0.0016315 0.0346753 -0.000784816  0.000196959  0.000292634  -5.07588e-05  1.60456e-05  0.000685873  -0.000195168  -0.00108069  -0.000162505  0.000464507 
369 -6.46159e-06 0.423307 0.00140793 0.0345581 0.000613782  -0.000378504  -0.000159448  0.000711056  -0.000224335  0.000251412  0.00049968  0.00027383  0.000701456  -3.16354e-05 
370 -4.42027e-05 -0.384996 0.0125091 0.0346515 -0.000102855  -0.00267918  0.00222448  0.00229614  0.00225914  0.00409658  0.000622556  -0.00926755  -0.0051605  -0.00206824 
374 -0.000350057 0.110301 0.0233621 0.0352835 0.00884402  -0.000518965  -0.0153221  0.00128806  -0.0137583  -0.00302494  -0.00096132  -0.000202244  0.00560932  7.19586e-05 
375 0.000951307 0.930744 0.0404774 0.039938 0.00856984  0.0345747  -0.00549346  -0.00824842  0.00815968  -0.00138975  0.00659952  -0.00523386  0.00139236  -0.0113997 
379 -0.000577313 0.266826 0.0232109 0.0253809 -0.00902699  -0.00306146  -0.00150145  -0.00177628  0.00832138  -0.00284963  0.00697984  -0.0170045  -0.0051923  0.000527103 
380 0.000120193 0.565506 0.00561234 0.0349524 -0.00239255  -0.00150876  0.00168024  -0.0026667  -0.000234144  0.00160821  -0.00301952  0.00039392  0.000346063  0.00123674 
381 -0.000369275 -0.269388 0.0337132 0.0331886 0.00985155  -0.005186  -0.000332916  -0.00195984  0.0216314  -0.0112793  -0.0141564  0.00871973  -0.00772018  -0.00880355 
382 -0.000157505 0.38888 0.00836811 0.0383514 0.00350223  0.000296696  0.000790989  -0.00227886  -0.00457381  -0.00358269  -0.0017747  -0.000157293  0.00239902  -0.00302782 
383 -2.61543e-05 0.293393 0.00464922 0.0403528 0.00043636  0.000393021  0.00224961  -0.00254031  -0.00211595  -0.000955422  0.000371255  -0.000846853  -0.00121883  0.00142332 
384 0.000393029 0.687025 0.0171474 0.0406756 0.00144996  0.00586524  -0.00247202  0.00801105  -0.000616849  0.00445654  -0.0048836  0.00323518  0.0114409  -0.00133868 
385 0.000190757 0.578107 0.00772072 0.0355183 0.000342019  -0.00358238  0.000713586  0.00271861  0.00288673  0.00355856  0.00342725  0.00195594  0.00113781  -0.000946681 
387 9.63154e-05 2.56104 0.0281767 0.0327233 -0.00579509  -0.00780472  0.00924166  -0.00295607  -0.0177932  0.0149529  -0.000109927  -0.00659501  -0.00240561  -0.00397507 
390 0.000115364 0.622092 0.00750622 0.031217 -5.3975e-05  0.00232408  0.00348608  0.00322489  -3.23913e-05  -0.00276803  0.00433695  0.000521586  -0.00125956  -0.000236041 
393 -0.000135402 -0.108167 0.0181496 0.0293111 -0.00128216  0.00290797  -0.00427294  -0.000999299  -0.00325368  -0.00698997  0.0148169  0.00402795  -0.00171638  0.00137604 
394 -4.74892e-05 0.294431 0.00624908 0.0315366 0.000331766  0.000473694  0.00286983  0.00360064  -0.00168541  -0.000351325  -0.000528089  0.000591811  0.00320493  -0.00191085 
396 -0.00060149 -0.243841 0.042308 0.0322807 0.00775704  -0.0158607  -0.014236  -0.0210145  0.0093296  0.000154653  0.00381097  0.0170109  -0.00468736  0.0205191 
397 0.000220754 0.850076 0.0175813 0.0405428 0.00805371  0.0104535  -0.00015469  0.00561858  -0.00071571  0.000510075  -0.0023401  0.00865072  0.00325421  0.00342021 
398 -9.97521e-05 0.464901 0.00374305 0.0377225 0.000237214  0.000754838  -0.00109057  -0.000936596  -0.00282077  0.000479717  -0.000289409  0.000957782  0.00144719  0.000188305 
399 -1.23192e-05 0.319401 0.0029832 0.0390223 0.000297745  -0.000438339  0.00120953  0.000598541  0.000854131  -8.67489e-05  0.000149281  0.00203572  -0.000508004  -0.00127903 
400 -7.51753e-05 -1.06687 0.021706 0.0391799 0.00233402  -0.00529061  0.0107723  0.00338072  0.009518  -0.0050788  -0.00946614  0.00316793  0.00657965  0.0071359 
401 -4.92907e-05 0.0217159 0.00971093 0.0401278 0.00145048  -0.00115754  -0.00369306  0.00151545  0.00355703  -0.00144462  -0.00641365  -0.00296491  -0.00319545  -0.000217068 
402 -0.00112558 0.348192 0.026162 0.0407374 0.00792713  -0.00536629  0.0051839  0.00484732  -0.0001538  -0.0163869  -0.00708798  -0.00844527  -0.00978325  -0.0075244 
403 0.000149387 0.579441 0.00689037 0.0527802 0.00165119  0.00069091  0.00190163  0.00239376  0.000178719  0.00261005  0.000610856  -0.00259183  -3.71483e-05  0.00458157 
404 0.000828441 0.609029 0.0190124 0.0513456 -0.00445257  0.0115425  0.00984292  0.00220114  0.0038392  0.00493813  0.00231866  -0.00466761  0.00564157  0.0029283 
408 -0.000161044 -4.82205 0.058542 0.0425238 -0.0213401  -0.0098905  -0.016284  -0.00777296  -0.0270387  0.0219689  0.0321545  0.00136406  0.013328  0.01101 
409 -1.90655e-05 0.105507 0.005485 0.0443771 -0.000709869  0.00113976  -0.00232148  0.00389192  -0.000900121  -0.000432281  -0.000670611  -0.00147655  0.000646782  0.00192367 
411 -6.78365e-05 0.41606 0.00477282 0.0445914 0.000614055  -0.000153046  0.00140246  0.00110873  -0.00326352  -0.000198583  -0.000916582  0.00129662  0.00217466  -0.00111476 
413 1.96629e-06 0.516867 0.000364234 0.0453457 2.65751e-05  -1.44401e-06  0.000137065  0.000187027  0.000132588  -0.000117804  0.000143911  -0.000155899  -3.20555e-05  2.63172e-05 
414 0.000388821 0.833813 0.0227841 0.045324 0.00556736  0.00536258  0.00198825  -0.00262855  0.00200356  0.00458276  -0.00789268  0.00649919  -0.0171608  0.00494531 
415 4.35259e-06 0.628603 0.00149634 0.0408108 0.000464377  -0.000778353  0.000404947  0.000960675  9.29669e-05  0.000150198  0.000192048  -0.000473148  3.87103e-05  -0.000192923 
416 0.000859909 0.668064 0.0240449 0.0407574 -0.00267861  -0.000273571  -0.00223364  0.000474472  0.016698  0.00802671  -0.00239867  -0.00917435  0.00185653  -0.011361 
421 -0.000369768 0.37814 0.013429 0.0283131 0.00756267  0.00273954  -0.00741577  -0.00304719  -0.000133835  -0.00547463  0.00207972  -0.000118793  -0.00409887  -0.000478884 
423 7.68144e-05 1.1647 0.0142907 0.0342267 -0.00218149  -0.00338333  0.00397269  0.0089076  0.000622538  -0.00913554  0.000356807  0.00235598  -0.000808873  0.001647 
424 0.000580141 0.611714 0.0161035 0.0330856 -0.0109042  0.00204448  0.00541781  -0.00235141  0.0013214  0.00397214  -0.00346395  0.00506335  -0.000968539  -0.00672772 
434 -0.00013228 0.382545 0.00788418 0.0226866 -0.00191967  -0.00492929  0.00116945  -0.0042722  0.000658365  0.000650844  0.000451663  0.000731376  -5.4996e-05  -0.00359986 
441 2.15912e-06 40.2858 0.0185363 0.0254356 -0.00262107  0.0080539  -0.00334239  0.00250495  0.00542806  -0.00434604  -0.00255638  -0.0112282  -0.00432137  0.0074012 
443 -7.76265e-06 -3.08443 0.0105498 0.0253931 -0.00259803  0.00251611  -0.00533724  0.0034726  0.00272452  -0.000110838  -0.00541142  -0.00222353  0.00396818  0.000512425 
444 0.000100231 0.704753 0.00906039 0.0255455 0.0046549  0.00181331  -0.000804926  0.0026158  0.000204006  0.000620057  0.000969575  0.00402986  -0.00231471  -0.00516529 
452 -0.000174998 -1.21126 0.0346094 0.0235021 0.0116674  0.0102162  0.0190427  -0.00889442  -0.00906727  0.000545141  -0.00587029  -0.0172981  0.00219415  -0.00972435 
453 5.12573e-05 3.35803 0.0242059 0.0269696 -0.000918242  -0.00355718  -0.0160855  0.00457464  0.0027621  -0.00400735  0.00171033  0.0135267  -0.00523083  -0.0074706 
454 1.61337e-05 0.603705 0.00258701 0.026002 0.000894097  -0.000869562  0.000663778  0.000163869  -0.000480862  -0.000353731  0.000141668  -0.000827243  -3.45644e-05  0.00189939 
455 4.69177e-05 1.38183 0.0128642 0.0256899 -0.00263786  -0.00499756  0.00246353  -0.00101708  0.00701203  0.0053753  0.00478981  -0.000217872  0.00377953  -0.00333364 
456 -0.000599271 -0.0912232 0.0376506 0.0247599 -0.00919125  -0.0150364  0.00844503  -0.00658498  -0.0170149  0.0064945  -0.0248339  -0.00604885  -0.00231849  0.00139379 
457 -0.000466283 0.351532 0.0166456 0.034821 0.00311014  -0.00047981  -0.00897987  -0.000299268  -0.00312269  3.55567e-05  0.00516833  -0.0121241  -0.000522811  0.00164787 
460 0.000725134 0.669967 0.0222047 0.0409743 0.0082779  0.0110967  0.00035961  0.00390614  0.00130437  -0.00838225  0.00142066  0.0143407  -0.000486403  -0.00247543 
462 0.000308288 0.768154 0.018184 0.0308873 0.00591765  0.00726088  0.00148582  -0.000501647  0.00586146  0.00643142  0.010853  -0.000196884  0.00488397  0.00480214 
463 -0.000283388 0.348986 0.013086 0.0254123 0.00736615  0.00257178  0.00265769  -0.00563292  0.0017424  0.00182005  -0.0030385  0.00599266  -0.000201887  0.00447686 
467 -8.70112e-05 0.457087 0.00386522 0.030483 0.0023157  -0.000853968  0.00136681  0.00155885  -0.00159861  0.00106493  -0.0004759  0.000656877  -0.000416135  0.000171049 
469 -0.000121104 0.452662 0.00478958 0.0318783 0.00283675  -0.000403778  -0.000892962  0.00178597  0.000799871  0.000580807  0.00254566  -0.00092591  0.000946893  -0.00123749 
472 -6.94602e-05 0.0595855 0.0110621 0.0337245 -0.00262925  0.00231349  0.0012849  -0.000628445  -0.00422542  0.00770714  -0.00379557  0.00241038  -0.00321656  -0.000492016 
475 0.00028561 0.590466 0.0101674 0.034739 -0.00375861  -0.00227606  2.18839e-05  0.00405846  -0.00445762  -0.00185203  0.000860911  0.000554764  0.00553954  -0.00354425 
476 -4.10874e-05 0.463058 0.00246421 0.0303518 0.000348445  0.0018447  -0.00103358  2.28904e-05  -0.000772255  -0.000706614  0.000209473  -0.000263528  -0.000460661  -0.000240708 
477 -0.0001335 0.46279 0.00445876 0.0310213 0.00189696  -0.000754523  0.000812241  0.0020865  -0.00202618  0.000329449  -0.00129864  -0.00164465  -0.000260229  0.00142355 
479 -0.000429902 0.267928 0.0199808 0.0331033 -0.00639351  0.00479156  -0.00637806  0.00974662  -0.00386057  0.0101854  -0.00294103  0.000975826  -0.00834529  0.00135112 
480 0.000161167 0.981799 0.0176232 0.0390618 -0.0104792  -0.00913318  0.000182485  -0.00273772  -0.00402862  -0.00144716  0.00622765  0.00219295  -0.00353097  -0.00595257 
481 -0.000935599 0.131045 0.0371702 0.0369414 0.00241308  -0.0228406  -0.000293713  0.00398896  0.00572113  0.00511594  0.000327663  -0.0141964  0.0227575  -0.00772376 
483 0.000129787 0.615949 0.0077588 0.0479657 0.00113164  0.00578385  0.00173262  -0.00064502  -0.0029102  -0.000443618  0.00197479  -0.00193517  -0.00228623  -0.000714048 
484 0.00027998 1.68097 0.0363624 0.0465932 -0.0225549  0.00695796  -0.00504931  -0.0142739  -0.0150395  -0.0117428  0.00103301  0.00966607  -0.00237243  0.00846393 
485 -3.45506e-05 -0.819904 0.0135061 0.0434855 0.00423753  -0.00507883  -0.000905779  0.00283494  0.00381594  0.00309235  0.00637639  0.00636111  -0.000214208  -0.00495105 
486 5.64088e-05 0.905915 0.00957009 0.043881 -0.00289218  0.00520122  -0.00191807  0.0048614  0.000581506  -0.00131008  -0.000111992  -0.000872004  0.0046924  -0.00200277 
488 -0.000161293 0.312762 0.0109919 0.0432335 -0.00192485  -0.000635034  0.00126187  -0.00457473  -8.68603e-06  -0.0039786  -0.00542366  0.00180608  -0.000669795  -0.00672586 
489 0.000116051 0.515662 0.00269756 0.0450604 0.00136201  0.00107255  0.000566618  0.000149963  0.000350063  -0.0010606  0.000251149  0.000899329  0.00124455  0.000509541 
490 3.13442e-05 1.16895 0.009158 0.0437538 -0.000353217  0.00167082  0.0019101  0.00709285  0.00118375  -0.00294356  -0.00188656  0.000740875  -0.00059798  -0.00353046 
495 0.000377228 0.650263 0.0150584 0.0433941 0.00464737  -0.00262101  -0.000795841  0.00545285  0.0091401  0.00229338  0.00380856  0.000316052  -0.00798365  0.000881228 
496 0.000326422 0.551655 0.00821509 0.0388058 -8.36902e-05  0.00167753  0.00183881  -0.00387927  0.00507125  0.000463726  0.00347062  -0.00245239  1.0385e-05  0.00149814 
499 0.00012708 0.552873 0.00518484 0.0343442 0.00176953  0.0010334  -0.00109366  0.00125555  -0.00120162  -3.40225e-05  -0.000226535  0.00208578  0.00139665  0.00348043 
