generation s h r distopt trait[0] trait[1] trait[2] trait[3] trait[4] trait[5] trait[6] trait[7] trait[8] trait[9] 
3 0.000100683 2.72939 0.0299617 0.04 0.00837654  -0.0106756  -0.00498448  0.011301  -0.000563449  0.00157033  0.0172411  -0.0018668  0.00469347  -0.0153448 
5 -0.000129241 -4.33291 0.0499783 0.0728075 0.0284964  -0.00459025  0.0094452  -0.00527485  -0.018986  -0.0139806  -0.0065122  -0.0199137  0.0043406  0.0231073 
6 0.000454115 1.65323 0.0457588 0.0897698 -0.000130867  -0.0159918  0.0127319  -0.0139491  -0.00976001  0.0131434  0.00119193  -0.00580168  -0.0286244  0.0189471 
7 0.000305222 0.524406 0.00546251 0.102061 0.00048048  -0.00309562  0.000812702  -0.000168878  -0.00247568  0.000621701  0.00204849  -0.00191464  0.00135866  -0.00176427 
10 0.00537103 0.848675 0.0864771 0.15157 0.0189515  -0.0445371  0.0274446  0.0508942  -0.0211283  -0.012373  0.0104651  0.0284721  0.0145366  0.0078207 
12 0.00513802 1.89327 0.168739 0.16235 -0.00114664  -0.0510983  -0.0152395  -0.0904754  0.0827517  -0.0168423  0.0569736  0.0221529  -0.0119639  -0.0801936 
14 0.00681466 1.93225 0.196834 0.171022 0.00775215  -0.0454508  -0.0784802  0.0628716  0.0435171  0.0319619  -0.0788885  -0.00975199  -0.030784  0.127766 
15 0.00208896 1.30277 0.0818377 0.160712 0.0155968  -0.00518507  0.0298756  -0.0416196  0.00385172  -0.0473455  0.0130257  -0.0136722  -0.0168036  -0.0301186 
17 0.0126966 0.573972 0.0617326 0.179336 0.0091046  -0.0278104  -0.00719039  -0.021441  -0.0187829  0.00517931  -0.0120653  -0.00776028  0.0367508  -0.02252 
18 0.00788672 0.567544 0.0463975 0.154226 0.00632296  -0.0159439  0.00538645  0.0134501  -0.0254642  0.00988672  -0.026656  0.00401442  -0.00202577  -0.0131029 
21 0.000584793 0.608972 0.0159685 0.177225 -0.00432825  -0.00122815  0.00502618  -0.00507103  0.00317444  0.00836332  -0.00205032  0.00748707  0.00634642  -0.00179264 
22 0.00841299 0.61131 0.0613472 0.193858 0.0161405  -0.0329868  0.0306015  -0.0141167  0.010382  0.0149324  -0.00669094  -0.0283026  0.00855114  0.00542243 
25 0.00265809 0.571883 0.0276898 0.223492 -0.00551174  -0.0105079  0.0156518  0.00638807  0.00677143  0.007775  -0.00826836  0.00948515  0.000164729  0.00868799 
26 0.00747482 1.84078 0.199421 0.235501 0.00533608  -0.0490268  0.0666857  0.0898155  -0.122779  -0.00902788  0.0915493  0.0209438  -0.0226378  -0.0182814 
27 0.0130717 0.845802 0.134193 0.234586 -0.0715317  -0.058866  -0.015266  0.033889  0.0391213  -0.00408696  -0.0707905  -0.00460358  0.00046312  -0.0382657 
28 0.0159898 0.601925 0.0811662 0.219833 0.00536605  -0.0462205  0.00541393  -0.0348895  0.0290073  -0.0292669  0.0196579  -0.0116558  0.0296744  -0.00868395 
33 0.00370197 5.49618 0.270517 0.258208 0.0758538  -0.0791792  -0.0107651  -0.184239  -0.102396  0.0633139  0.0594958  0.0705041  -0.0429459  0.0474133 
34 0.0158543 0.552822 0.0587012 0.261483 0.00743162  -0.0165285  -0.0332918  0.0309922  0.0111284  0.00661949  0.00640657  -0.00424845  -0.0139094  0.0250663 
36 0.00663478 1.32393 0.147502 0.253784 0.0671908  -0.0134144  -0.0637855  -0.0550343  0.0294395  -0.0396531  -0.0172027  -0.0152904  0.0545645  -0.0633939 
38 0.00731971 0.610697 0.0570487 0.265196 -0.0144626  -0.0335781  0.0273105  -0.0121827  -0.00469212  0.0215202  -0.00913262  1.32559e-05  -0.0152149  0.0149525 
39 0.00116105 1.01949 0.0491034 0.263355 0.0218055  0.00753458  0.0199158  0.0106767  0.0116768  0.0283306  0.0110323  -0.0138202  0.0102243  0.00347058 
40 0.0212921 0.808405 0.16164 0.274556 -0.00156909  -0.0153705  -0.00890169  0.103722  0.0601902  0.0353586  -0.0360117  -0.00821041  -0.092576  0.0156079 
42 0.00491635 0.595902 0.0435076 0.264438 0.00688828  -0.00932303  -0.0143293  9.14451e-05  -0.0275017  -0.0142844  0.00841255  0.0183718  0.00256061  0.0133405 
43 0.0400601 0.599711 0.128081 0.271292 -0.00612038  -0.0873946  0.0464622  -0.0249017  0.0243753  -0.0400552  -0.00150264  -0.0264388  0.0549274  -0.00580743 
44 0.00380285 1.90733 0.146004 0.200957 0.00140711  -0.0581865  -0.0803057  -0.0211286  -0.0269232  -0.0810741  -0.038276  0.0256887  -0.0339381  -0.0214345 
48 0.00206401 12.3992 0.311378 0.244518 0.0632644  -0.154672  -0.0725967  -0.0212389  0.0568678  0.021434  0.000176424  -0.100232  0.215688  -0.0552099 
50 0.0262045 0.698822 0.144403 0.246709 0.00860386  -0.0675665  0.00988272  0.0192699  0.00597296  0.0340626  -0.0156715  0.030976  -0.0435436  0.106991 
55 0.0123273 1.06263 0.165993 0.208197 -0.0584556  -0.0194712  0.0887822  0.0489916  0.0552524  -0.0173223  0.0178287  -0.000271732  -0.027212  -0.0952034 
56 0.00133843 0.531513 0.0130189 0.187127 -0.00105747  -0.001815  0.00130288  -0.00385497  -0.00248712  0.00204004  0.00398275  -0.000972382  -0.0109234  -0.00143014 
60 0.0152536 0.754647 0.124517 0.239023 0.0388174  -0.00993216  -0.067815  0.0399319  -0.0362174  0.0264539  0.0629435  0.0304911  -0.0263749  0.0103368 
62 0.00849368 0.930739 0.120754 0.238639 0.00231236  -0.0447019  0.00291613  0.054074  0.0116606  0.0493462  0.0310845  0.0432243  -0.0392512  0.0519543 
63 0.0215255 0.796166 0.1593 0.235409 -0.044996  -0.0820103  0.0524919  -0.026965  -3.47668e-06  -0.0127124  -0.0870361  -0.0101381  0.0271142  0.0675929 
66 0.00413989 0.840573 0.0750511 0.227137 0.0156088  -0.022831  0.00522241  0.0386167  -0.0141591  0.01703  0.0278655  -0.038473  0.00323421  0.0243235 
67 0.00940794 0.677184 0.0816998 0.232034 0.05061  -0.0188673  0.0464661  0.0109356  0.00268345  0.000801684  0.0368617  -0.00827136  -0.00581665  -0.0031548 
68 0.018769 1.61187 0.286406 0.224506 0.0889955  -0.183645  0.0923504  -0.0934283  0.0288202  -0.0258584  -0.0608012  -0.0176648  -0.0439449  -0.125244 
69 0.000406054 0.511796 0.00438602 0.174694 0.00180942  0.00113404  5.67916e-05  0.00135594  -0.000794155  0.000809461  -0.00186957  0.00182707  -0.00037014  0.00213984 
70 0.00110391 2.03665 0.082319 0.172184 -0.0234796  -0.0393693  -0.000562115  -0.00578282  -0.063425  -0.00423005  -0.00150376  -0.016928  -0.0127147  -0.0122606 
71 0.010332 0.551151 0.0464261 0.166137 0.012114  0.0132917  -0.0311916  0.0138299  0.011414  -0.0014433  0.00454532  0.0194557  0.00880768  -0.0076585 
78 0.0314415 0.75746 0.179531 0.189316 0.0104997  -0.122006  -0.0884087  0.0669604  -0.0514678  -0.0350869  -0.00482268  0.0178735  0.0258071  0.00686794 
85 0.000500052 0.595276 0.0138074 0.169831 0.00588403  -0.00110159  0.00550942  0.0017307  -0.00644075  0.00392649  -0.0013822  -0.00581653  0.00533226  0.00061944 
91 0.0102857 1.94949 0.242791 0.281883 0.173369  -0.0457688  -0.00714792  0.0195537  0.0812474  0.0485111  0.0199681  0.124873  0.00196281  0.0375835 
92 0.00714005 0.533413 0.0312425 0.277455 0.00862848  -0.0149687  -0.00156336  -0.0121951  -0.0149334  0.00327442  0.0078441  0.000183753  0.0138816  -0.00619872 
93 0.0282693 0.63287 0.123192 0.278846 -0.0403039  -0.0514843  -0.0247362  -0.0524373  -0.00458864  0.0183242  -0.0339383  -0.045547  0.0187365  -0.0600462 
97 0.0155536 0.581629 0.0718 0.288346 -0.00475643  -0.0218471  0.0360965  0.0311038  -0.00384078  -0.0142064  0.00407163  -0.0444173  0.0132172  0.00204269 
99 0.0268658 0.646375 0.125868 0.295893 0.0343462  -0.0393419  -0.0288026  -0.0577108  -0.00530039  -0.067932  0.00374718  -0.0112854  -0.0557212  0.0326517 
104 0.0125481 0.553798 0.0525384 0.283432 -0.0235372  -0.0246233  -0.0136623  -0.0193853  -0.0132322  0.02003  -0.00524202  -0.0102132  0.00148366  0.0180899 
106 0.0070021 0.606244 0.0546679 0.260506 -0.00847223  -0.0166537  0.00739471  0.023905  0.0124725  0.00436894  -0.0241333  0.0130818  -0.0326936  -0.0040305 
107 0.0102947 0.82045 0.114713 0.24675 -0.0440823  -0.03638  0.0686023  0.055832  -0.0245235  -0.00793703  0.0181438  -0.00625368  -0.00378022  -0.0319669 
108 0.028392 1.03423 0.244482 0.225042 0.118575  -0.176221  -0.0796349  0.0362924  0.0415478  -0.00423549  0.0641228  -0.0237171  -0.0169569  -0.0171172 
109 0.00271001 1.31695 0.0940089 0.15049 0.0241276  -0.0168375  0.0161803  0.0167915  -0.0262911  0.0138313  -0.0495431  0.0531132  0.0353953  0.00416948 
110 0.00659339 0.659207 0.0648418 0.141212 -0.0119163  -0.00588049  0.0298192  -0.0112705  -0.0051212  -0.0115088  0.0292862  -0.0146677  -0.00649731  0.0416887 
112 0.00442851 0.662577 0.0536866 0.115625 -0.0146042  0.00671133  -0.0268652  -0.00805133  0.0143982  0.00559963  -0.0359302  0.000971485  0.017477  -0.00115428 
114 0.00199963 1.57174 0.092502 0.0946067 -0.065104  0.0314783  0.00995263  -0.0101881  0.0177427  0.00445802  0.0350271  -0.0227787  0.0322879  0.00118145 
115 0.00214509 1.31555 0.0835847 0.0833834 -0.0015561  -0.073159  -0.00676279  -0.00286641  -0.0275315  4.24643e-05  -0.0208296  -0.0139903  -0.0126342  -0.0055298 
116 0.000602122 1.35172 0.0452814 0.0693541 0.00463731  0.00456768  0.0193682  0.000706042  -0.019791  -0.0175747  -0.0191036  -0.00757935  0.00878619  0.020791 
118 0.000266924 1.90357 0.0387058 0.0648695 -0.00814086  -0.00485396  0.0130224  -0.0137085  0.0202408  -0.0150223  0.00673403  0.0109127  -0.008336  0.0134729 
123 0.000322604 1.27681 0.031657 0.0627787 0.00293748  0.0191652  -0.00418315  -0.00319339  0.00107922  -0.01347  -0.0129944  0.00103792  0.0119408  -0.0101693 
124 0.00158241 0.890602 0.0497083 0.0601549 0.00801786  0.0168893  -0.0298256  0.00516341  -0.0114188  0.020385  -0.00589919  0.0180309  -0.0133546  -0.0109979 
125 -0.000518373 0.358051 0.0171619 0.0451381 0.00348251  -0.00131258  -0.0137694  0.000694783  0.00148262  1.7154e-05  -0.00231668  -0.00281156  -0.00540794  0.00677375 
127 0.000172167 0.567172 0.00680219 0.0505565 -0.000920394  0.00131011  -0.0012134  -0.00251279  0.00365047  0.0023197  0.00145702  0.000125723  -0.00304278  0.00241158 
128 0.000478611 0.901645 0.027727 0.0488242 -0.010312  -0.0190824  0.0113332  -0.00702773  -0.00342439  0.00282151  0.00137632  0.00957215  -0.00216101  -0.00161377 
129 0.000166163 1.56121 0.0265561 0.0436499 -0.00367854  -0.00586698  -0.000303294  -0.0049667  0.0063416  0.000414693  0.0222007  -0.00777128  -0.00621301  -0.000510141 
131 -0.00055862 0.217434 0.0251331 0.0417033 0.00098893  -0.00193576  -0.00699796  -0.0103438  0.00502026  0.00591433  0.00386482  0.0104383  0.00503111  -0.0161738 
136 0.000477055 0.593604 0.0133673 0.0479368 0.0051115  0.000979558  0.0039564  0.00417907  -0.00825178  -0.00252341  -0.00525152  0.00149358  0.00335082  0.00172685 
141 0.000605754 0.772959 0.025716 0.0426731 0.0155572  0.00889452  0.00822454  -0.00523444  -0.00535172  -0.00637098  -0.00270706  0.00637381  -0.000325514  0.0113067 
143 0.000118579 0.620645 0.00756485 0.0348629 -0.00146293  0.000505074  -0.00393096  -0.00233571  -0.00267406  0.000826611  -0.000425474  -0.00450389  -0.00235495  -0.000279043 
145 8.12525e-06 0.503937 0.000357762 0.0331188 1.90675e-05  2.02834e-05  0.000121592  1.72626e-05  -5.98233e-05  -0.000149494  0.000217456  -0.000126034  0.000147514  -3.57339e-05 
147 -0.00028707 -0.253914 0.0294241 0.0329959 0.00590923  -0.00422813  0.00595717  -0.00986061  0.0117896  0.00138227  0.00868671  0.00501828  0.0145598  0.0150574 
148 1.83404e-05 0.723191 0.00404644 0.0370923 -0.00042588  0.000311094  0.00191089  0.000407657  -0.000998671  0.000150059  -0.00219519  0.00153902  -0.00165697  0.00115108 
149 9.89814e-05 2.21867 0.0260841 0.0368442 -0.00273999  0.00812911  0.0169069  -0.00270962  -0.0102385  0.00200954  -0.00572422  0.00216997  0.00938857  -0.0088949 
154 0.000372737 0.71104 0.0177383 0.0354757 0.0011836  0.003951  -0.00688602  0.00403956  0.00807092  -0.00253319  0.00588118  -0.00341779  -0.0103623  0.00294927 
155 0.000173128 1.37549 0.0246212 0.0297633 -0.00278635  -0.0010403  -0.00505993  0.00516021  -0.00198924  -0.00656432  0.0088232  -0.019047  0.00695631  -0.00300878 
158 0.000236882 1.25321 0.0267127 0.0266972 -0.0129247  0.0188787  0.00395197  -0.00166424  -0.00633588  0.00530327  0.00119633  -0.00690309  -0.00191648  0.00712068 
160 1.94069e-05 1.22229 0.00748793 0.0218148 0.000604485  -0.00227025  -0.000497573  0.00384348  -0.00318941  0.000252235  0.000760853  0.00178486  0.00244971  -0.00394057 
163 -0.000851146 0.33929 0.0234032 0.0213654 0.00116607  -0.00310952  0.0113681  -0.00441306  0.00839898  -0.00478336  0.0126216  0.0116246  0.000333832  4.81545e-06 
166 -8.54202e-05 0.482989 0.00241172 0.0361661 0.00100759  4.54499e-05  0.000998239  0.00109257  0.000468602  0.000611758  0.000814709  -0.000248984  0.00113483  -3.84216e-05 
171 2.35311e-05 0.723696 0.0045886 0.0373284 -0.000758546  -4.50961e-05  0.00160778  -0.000534699  -0.00144466  -0.00134042  -0.00249326  -0.000624821  0.001265  0.00234867 
172 -0.000213758 -1.75875 0.0439439 0.0370119 -0.0168221  -0.0238971  -0.0193179  -0.00151994  -0.00673268  0.0154709  -0.00677468  -0.00727927  0.0154224  -0.00895031 
174 4.48868e-05 0.596408 0.00416057 0.0397953 0.0013455  0.00192921  0.000416517  0.00201396  -0.000857066  -0.00120813  -0.000222432  0.00183473  0.00139047  7.26069e-05 
176 0.000237889 0.604529 0.00997401 0.0392272 0.00135923  -0.000719317  0.00459579  -0.00224314  0.00277521  -0.00380602  -3.46161e-05  -0.00060724  -0.00657253  -0.00228195 
180 -9.98054e-05 -0.532941 0.0203071 0.0360682 -0.0041872  0.0102375  -0.00239676  0.0150296  -0.00197026  -0.00197364  -0.000522824  -0.00429386  -0.00182875  -0.00534541 
187 0.000104366 0.642778 0.00772055 0.0374263 -0.000174344  0.00081036  0.00271659  -0.00467218  -0.000730447  -0.00178306  -0.00028752  0.00492344  0.000487529  0.00119887 
188 0.000253542 0.796488 0.0173399 0.0360051 0.00236964  0.00731994  0.00696612  -0.00554811  -0.00715317  -0.00201417  -0.00129735  -0.00533232  -0.00840178  0.00249702 
189 -3.06046e-06 -0.158863 0.00284002 0.0322933 0.00111687  -0.000415516  0.000207245  -0.00157562  0.000195278  0.000652698  -9.25189e-05  -0.000551202  0.00176281  -0.000485888 
194 -1.28535e-06 0.467685 0.000407611 0.0323406 4.84717e-06  -9.46685e-05  -3.86145e-05  -2.02575e-05  -1.91765e-05  -0.000154745  7.81341e-05  0.000310669  -0.000108402  -0.000128742 
195 0.00011137 0.618667 0.00727094 0.0323605 0.00401731  0.00108467  -0.00204808  -0.000834321  0.00106068  0.00101009  0.00198619  -0.00443309  -0.00113207  0.00190693 
199 0.000190593 0.59305 0.00842316 0.0305915 0.001333  -0.0005887  -0.00216644  -0.00177844  -0.00284033  0.00450923  -0.00410457  -0.00271533  -0.000853071  0.00276061 
201 6.15296e-05 1.04391 0.0115698 0.0272995 0.0011387  -0.00230024  -8.12422e-06  0.00617065  0.00544236  0.00216125  0.00067686  0.000446057  -0.00484734  -0.00554545 
205 -0.000101964 0.413981 0.00592371 0.0261483 -0.00065151  -0.00170736  0.00028573  -0.00140162  -0.00302588  -0.00433851  0.000762959  0.000167324  -0.00105381  7.34566e-05 
206 -0.000259887 0.128065 0.0196649 0.0280304 -0.00592671  -0.000300495  0.0040737  -0.00307004  0.0122565  -0.00329178  0.00672146  0.00245338  -0.00855741  0.00632372 
208 -4.66262e-05 0.0671222 0.00898532 0.0323361 0.000866353  -0.000162531  -0.00131857  -0.00198608  0.000216417  -0.00010758  -0.00316326  -0.00725888  -0.00307896  0.00142826 
213 0.000273481 0.6048 0.0107081 0.0330493 0.00337848  0.00242687  -0.000177532  0.00275753  -0.00207849  -0.00157695  -0.00221207  0.00196214  0.00766295  0.00393099 
216 -0.000200315 -0.176996 0.0232914 0.0286149 -0.00490964  0.00378245  0.0104856  0.00403575  -0.00499141  0.00647342  -0.0112469  0.00490047  -0.011198  0.00592625 
217 7.89831e-05 0.73824 0.00867568 0.0319241 0.00162714  -0.000218695  -0.00049587  0.00157321  0.00312083  0.00489395  -0.00332183  0.00318789  -0.000838285  0.00377635 
219 7.80008e-05 2.20361 0.0230539 0.0306621 0.00673761  -0.00172637  -0.00235837  -0.0107933  -0.0125387  -0.0081397  0.0090314  0.00444891  0.00173169  -0.00576317 
220 -5.72345e-05 -1.23228 0.0199143 0.0293627 -9.47319e-05  0.00676325  -0.00809026  -0.0012718  0.00129729  0.00407624  0.00324005  0.004285  0.00455906  0.0146906 
221 0.000153873 0.993483 0.0174273 0.0303217 -0.00350974  0.000877456  -0.00517169  0.00976928  0.0102203  -0.00547592  -0.00536792  0.0021384  -0.000749277  0.000225052 
222 -1.37947e-05 -6.63651 0.0198436 0.0276684 0.0121722  -0.00512533  -0.00147744  0.00832327  -0.00488129  -0.00275451  -0.00434904  0.000973057  0.00979978  -0.00075145 
223 -0.000180249 0.293966 0.0121892 0.0279166 -0.0028774  0.00739933  0.000555454  3.29074e-05  -0.00014377  0.00105767  0.00353242  -0.00583609  0.00609559  0.000635434 
225 0.000141483 1.77539 0.0268641 0.0309774 -0.0101327  -0.00921432  -0.00645399  -0.0182414  -0.00280234  -0.00300631  -0.00878584  -0.0038833  0.00427379  -0.0056807 
228 -9.63613e-05 0.275797 0.00929656 0.028603 0.00113189  0.00133532  -0.00094151  0.00142771  0.0020973  -0.00205996  -0.00430987  0.00151984  0.00516844  -0.00491906 
229 -2.75466e-05 0.482978 0.00136967 0.0302406 0.000429576  0.000881337  -0.00040587  0.000376921  -9.08177e-05  7.05257e-05  -0.000251925  -0.000253034  0.000682549  3.64426e-05 
230 -0.00022968 -0.741198 0.0337685 0.0306927 0.014835  0.00443663  0.00886479  0.000562841  0.0036149  0.00239208  0.00571821  0.00910646  -0.0171114  0.0198603 
232 4.51434e-05 0.662611 0.00541881 0.0342308 -0.000568163  0.000863906  -0.00120229  4.94906e-05  -0.000621788  -0.00231233  0.000541416  0.00280165  0.0017233  -0.00316241 
233 -0.000248997 0.330935 0.0129783 0.033565 0.00533944  -0.00574866  0.00331108  -0.000929568  -0.000129231  -0.00263574  -0.00666156  0.000754416  0.00634836  -0.00168523 
234 3.14092e-06 3.54388 0.00618402 0.0370895 0.00344612  -0.00088256  0.00125848  0.00166312  -0.0017006  0.00199134  -0.00111333  0.00054249  0.00217024  -0.00285246 
235 -0.000384848 0.175453 0.0223549 0.0370472 0.00075547  0.00164319  0.0050324  0.0168708  0.00284177  0.00739146  -0.0097478  -0.00298722  -0.00350925  0.00274902 
241 -0.000161552 -1.04693 0.0316166 0.0419215 -0.0127638  0.0121915  -0.0111344  0.000203477  -0.00625529  0.00408439  0.00957808  -0.0100081  -0.0131357  0.0119911 
242 0.000467092 0.593737 0.0132363 0.0438062 -0.00713402  -0.00292462  0.00301133  -0.00419804  -0.00105473  0.00295825  0.00135829  -0.00651352  0.0013137  -0.00576201 
243 -4.00861e-05 -2.56517 0.022169 0.0381051 0.0164095  -0.00028289  -0.000893314  -0.00407339  0.00297958  -0.00100137  0.00151907  0.012088  0.00630156  0.00258969 
244 -0.000818979 0.300183 0.0255956 0.0386275 0.00972775  0.00460518  -0.00482627  -0.0132214  0.0079103  -0.00100461  0.00430712  -0.0149314  -0.00357359  0.00483191 
245 -0.00039403 0.219464 0.0210309 0.048077 0.000701164  -0.00160353  -0.00521427  -0.0111482  -0.0138599  -0.000282915  -0.000409548  0.0084118  -0.00489072  0.00086191 
246 9.2797e-05 0.578838 0.00540986 0.0520145 -0.000743591  -0.00400328  0.00129606  -0.00186649  0.00193501  -0.00179238  -0.000624658  -0.000176954  -0.000370336  9.09977e-05 
247 0.0011439 0.774562 0.0354404 0.0511147 -0.00388626  -0.00780269  -0.00830458  0.00247206  0.00124378  0.00768819  0.0105444  0.0011574  0.0216713  -0.0214973 
248 0.000176252 0.594798 0.00817569 0.0383337 -0.00560053  -0.00296051  0.000436827  0.00180178  0.00025705  -0.00078122  0.00127789  0.00314977  -0.00137578  0.00302504 
249 0.000674316 0.841674 0.0303545 0.0359616 -0.0113519  0.0015034  -0.00186878  0.0225764  0.00713989  -0.00821055  -0.00904334  -0.00254321  -0.00758672  -0.00358984 
