generation s h r distopt trait[0] trait[1] trait[2] trait[3] trait[4] trait[5] trait[6] trait[7] trait[8] trait[9] 
4 0.00759044 1.23465 0.148957 0.15 -0.00880713  -0.105025  0.0506347  -0.0114872  0.0663779  -0.0188679  0.0180092  0.0160745  0.0529504  0.0153664 
5 0.00909989 0.792073 0.103006 0.150072 0.0312519  -0.0156671  0.00682824  0.0535892  -0.0612218  -0.0139529  -0.00388398  -0.0122414  -0.0462863  0.0148154 
8 0.0107032 0.599399 0.0654775 0.243406 -0.00847022  -0.0279512  -0.00353437  -0.0245057  -0.0130962  -0.0186006  0.0101469  -0.00207424  0.000463542  -0.0468647 
9 0.000650701 19.6536 0.222552 0.267171 0.0321648  -0.0966856  -0.0311651  0.0571191  0.056761  -0.0759094  0.00725749  -0.0625061  -0.13191  0.067593 
12 0.0329944 0.533402 0.0697228 0.372232 0.0405518  -0.037972  -0.024702  -0.0186121  0.0129333  0.0120691  0.0119881  -0.00206463  0.00496053  -0.0182433 
15 0.00332453 4.70486 0.235464 0.452515 -0.0203442  -0.0965195  -0.0803678  0.112809  -0.0699913  -0.0828133  0.000897208  0.0265019  0.0572619  0.103873 
19 0.00374362 3.62879 0.215639 0.606491 -0.00326947  -0.0525985  -0.150057  -0.0297009  0.0155978  0.0862189  0.0746016  0.0571989  -0.0432128  0.0440689 
20 0.066111 0.558871 0.13073 0.642801 0.025998  -0.0157287  0.0831118  -0.00165538  -0.044104  -0.0318534  -0.0306895  -0.0643514  0.00648118  -0.0342353 
21 0.0411228 0.61938 0.141447 0.633311 0.0584554  -0.015657  -0.024773  -0.0163645  0.0752345  -0.0259331  -0.0470471  0.0342277  0.0751719  -0.00974194 
23 0.0253833 0.646856 0.122519 0.688147 0.0369768  -0.00631698  0.0032148  -0.0528037  0.000409949  -0.0293164  -0.0438465  0.0319529  0.0740536  -0.0389637 
25 0.117783 0.617065 0.240719 0.760334 0.0570181  -0.101289  0.10187  -0.0593913  0.114815  -0.0295126  0.0504011  -0.0104509  -0.0841543  0.082132 
26 0.0865626 0.526075 0.109952 0.726509 -0.0374716  -0.0705318  0.0292075  -0.0408044  -0.0184062  0.011384  0.018941  0.0247003  -0.0417656  -0.00331621 
27 0.0459644 0.758973 0.217452 0.710639 0.0998103  -0.0995631  -0.0250388  -0.104034  0.0881655  -0.0468205  -0.00295088  0.0154369  -0.0722597  -0.0229503 
29 0.0287627 0.505636 0.0322685 0.755706 -0.00486323  -0.010383  -0.00749253  0.00589204  -0.00519523  0.0212371  -0.0165474  0.00133531  -0.00361248  -0.00723103 
30 0.0991155 0.732016 0.301927 0.777734 0.0627247  -0.0129805  0.22159  0.0172383  -0.0671179  0.112682  -0.0270661  -0.046489  -0.0230002  -0.13051 
33 0.00826817 0.504102 0.0130007 0.847429 -0.00402554  -0.00599908  -0.004108  0.00419441  0.0037474  0.00129114  0.000145129  0.00080601  -0.00593014  -0.00555059 
35 0.0362133 0.578361 0.108472 0.934059 0.0153701  -0.0370964  -0.0357105  -0.0586118  0.0279729  0.0323709  -0.0196532  0.0299752  -0.0482429  0.000870416 
36 0.0682966 0.964297 0.3507 0.960049 0.178495  -0.0428822  -0.0343698  0.167257  -0.0602713  0.0315593  0.129879  0.16003  0.0068326  -0.113936 
39 0.0702693 0.528392 0.100038 1.05534 -0.00918165  -0.0392663  0.062779  -0.0197231  -0.0162164  -0.0221471  -0.0503018  0.0192784  0.0124346  -0.0155311 
41 0.104903 0.499942 0.0703616 1.11167 0.00477554  -0.0518467  -0.0108526  0.00374142  0.0206904  -0.0133956  -0.00864586  -0.0267771  -0.0254882  -0.0076906 
43 0.0427786 0.603166 0.134624 1.06585 0.0265828  -0.0435091  0.0629544  0.0755546  0.00133811  -0.0412669  0.021863  0.039973  0.0103246  0.0443272 
44 0.0535031 0.536723 0.094896 1.04602 -0.0291174  -0.026818  0.0375123  0.0117123  0.00322932  0.00921439  0.0580385  -0.0410189  0.0238504  0.0133676 
45 0.164748 0.518073 0.150353 1.0208 -0.0199669  -0.100091  0.0408138  0.000214867  -0.00224312  -0.0654726  0.0218747  -0.057322  0.00874579  0.0488968 
46 0.0811854 0.52524 0.104473 0.943149 0.0336124  -0.0216943  -0.0170779  -0.0445276  -0.0177139  0.0384689  -0.00885163  -0.0275621  0.0147211  0.0647413 
47 0.0263308 0.521476 0.0506919 0.900817 0.00183587  -0.0251121  0.0267932  0.0034736  -0.00928413  -0.0017794  -0.00599879  0.0146362  -0.00220324  -0.0293483 
49 0.13447 0.513469 0.121392 0.886274 0.0367049  -0.0688238  0.0153526  -0.00623714  -0.0167529  0.0240764  -0.0436222  0.00878816  0.0665954  0.0331963 
55 0.0155955 0.820546 0.141111 0.811983 0.0473866  -0.0312826  -0.00416537  -0.0285969  -0.0456237  -0.0641194  -0.0825147  0.0137159  -0.0508845  -0.0086148 
58 0.0133196 0.516585 0.0310676 0.802397 -0.00756513  -0.014272  0.00483967  0.0073086  -0.011156  -0.0139033  0.00708045  0.00776327  0.0116632  0.0079528 
60 0.176262 0.512453 0.145684 0.794109 -0.0122203  -0.109525  -0.0674039  -0.00472667  -0.0146903  -0.0248847  0.0394849  -0.0249734  -0.00468653  -0.0383872 
61 0.0142817 0.858276 0.142728 0.684301 0.0145339  0.0298947  -0.0421794  -0.0132908  0.0332642  0.0598905  0.014395  -0.0442496  0.0528338  0.0875241 
62 0.0193603 0.907255 0.176914 0.67386 0.060591  -0.0070641  -0.0572099  0.056177  0.00470455  0.0278576  0.00617431  -0.0297443  -0.0272789  -0.136687 
63 0.00449839 2.93509 0.208544 0.659479 0.00613259  -0.0428329  -0.0272202  0.113323  -0.0708119  -0.0722794  -0.00681977  -0.0422214  0.0106568  0.125912 
66 0.0230817 0.592824 0.0934009 0.656067 -0.0266885  -0.0483966  0.00601345  0.0223635  0.0143015  -0.0456205  0.041986  -0.00884006  0.00221739  -0.0316431 
68 -0.000582928 -1.7967 0.0731668 0.638439 0.0247317  -0.0154405  0.00847922  -0.0059196  -0.00622644  -0.0364754  -0.0445125  0.0164726  0.0265321  0.00839632 
69 0.0289164 0.527365 0.0593727 0.638896 0.0119856  -0.0282631  -0.00600353  0.019963  -0.00169668  0.0273567  0.00155723  0.0316462  -0.0104538  -0.0168414 
70 0.0290116 0.633283 0.125003 0.616183 -0.00451326  -0.0162506  0.0527825  -0.042618  0.036514  0.0678999  0.00649978  0.00644744  -0.0411405  0.0549461 
72 0.00159019 26.8325 0.404915 0.592522 0.0151988  -0.257217  0.219776  0.129926  0.0131234  0.0402767  0.0118759  -0.100474  0.0415093  -0.136488 
75 0.042956 0.529279 0.0762002 0.59118 -0.0372709  0.00190056  -0.0198636  -0.0277183  0.0340289  0.00101296  -0.0351858  0.0180951  -0.020027  -0.0111952 
76 0.00858357 0.508439 0.0180288 0.554468 -0.0103937  -0.00241759  -0.000316108  -0.00139643  0.00413732  0.010777  -0.00150922  -0.00615674  0.00417651  -0.00426935 
77 0.0298308 0.978146 0.237184 0.546706 -0.0812204  -0.106488  -0.0897541  0.0632774  0.0639863  0.102878  0.060406  -0.00859532  -0.0875787  -0.0137385 
78 0.0446776 0.540318 0.0894242 0.519127 -0.0181645  -0.00869664  -0.0501946  -0.0426381  0.0259242  -0.00232585  0.0364654  0.0124159  0.0156108  0.0291301 
83 0.0266383 0.714878 0.151251 0.475168 -0.0436103  0.00385221  -0.0537199  -0.053109  -0.0455868  0.0162646  0.0115963  -0.0632065  -0.059151  0.0726829 
85 0.0168217 0.707002 0.118016 0.446649 -0.00373282  -0.0287521  -0.0169864  -0.0471056  -0.00434373  -0.00793191  0.00432601  0.0301298  0.00872353  0.0974432 
87 0.0568626 0.569505 0.12989 0.427567 -0.00363121  -0.0187094  -0.0824006  -0.0254294  -0.0433923  0.01946  -0.0712479  -0.0255669  0.0200075  0.0260763 
90 0.003033 0.865845 0.066587 0.357084 0.037974  -0.00706391  -0.00885067  0.00103237  0.0175442  -0.0366837  -0.00694801  0.0224485  0.023015  0.0112746 
91 0.0308787 0.731811 0.168998 0.352818 0.0514624  -0.0492482  -0.0783994  0.0401639  0.014219  0.0498741  -0.0214248  0.0580728  0.0660773  -0.0695672 
92 0.00198742 0.513694 0.0105226 0.306706 0.00132173  -0.0021636  -0.00328955  -0.000571626  -0.00357851  -0.00239263  0.00251143  0.00401468  0.00341533  -0.00636625 
94 0.00563944 0.786361 0.0803252 0.303452 -0.0345834  -0.0135043  -0.00269778  -0.0310956  0.0288771  0.00431952  0.0121765  0.0412065  -0.0156682  -0.0339891 
95 0.0235954 1.05985 0.228381 0.29404 0.0959108  0.0340357  -0.0469096  -0.0914139  -0.0471918  0.0409133  -0.135004  0.0611792  0.0731676  -0.00447109 
96 0.000448634 30.6508 0.231802 0.251273 -0.0311689  0.00283669  0.0466316  0.102095  -0.0915047  0.0872979  0.0193747  -0.109329  0.0311996  -0.104207 
97 0.022165 1.12746 0.234278 0.250379 -0.080475  0.0428636  0.0426913  -0.0700614  -0.120289  -0.0588846  0.0792795  0.0562071  0.052963  0.098261 
98 0.00412502 0.547917 0.0282384 0.201908 0.00482865  0.00327192  -0.00736098  -0.00254232  0.00581954  0.000164349  -0.00317171  -0.0165505  -0.0176682  -0.00852634 
99 0.00214738 1.3839 0.087059 0.191443 -0.0420953  -0.00956106  0.0052611  -0.0221099  -0.0280177  -0.0380087  0.0100882  -0.0148646  -0.0184706  -0.0480184 
101 0.00276478 0.536345 0.0201292 0.185756 -0.0109084  -0.00495686  0.000823245  -0.00866356  0.00899638  -0.00310427  0.00894033  -0.0032153  0.000352739  -0.00221901 
102 0.00275677 0.875051 0.0642782 0.178169 0.00610362  -0.02762  0.00743277  0.0388544  0.0255804  -0.00427205  -0.0254828  -0.0180697  -0.00365941  0.010236 
103 0.00321065 0.615771 0.0385912 0.170268 -0.000675931  0.0100681  0.0105569  0.00770599  0.0258835  -0.000701134  -0.00595693  -0.0067173  -0.00625864  0.0206495 
104 0.00188724 0.82126 0.0492335 0.160579 -0.000639522  0.00164242  0.014602  -0.0296834  0.00124639  0.00363921  -0.0124015  -0.00884054  -0.0326008  0.00411668 
106 0.000252058 0.506107 0.00248769 0.154597 0.000377526  0.00111527  0.000677059  -0.0009008  0.000931381  -0.000182756  -0.000756723  -0.00143426  -2.76799e-05  3.21565e-05 
111 0.00688097 0.649487 0.0642011 0.15378 0.0229411  -0.0356179  -0.0228443  -0.0237249  0.0308316  -0.0106273  -0.0102282  0.00700211  -0.00402573  -0.0029566 
112 0.00245139 2.61623 0.143788 0.12958 -0.0411836  0.0919774  0.0288877  0.00816911  0.0809066  -0.015083  -0.00725922  0.0299943  0.00420147  -0.0432932 
113 0.00158536 0.796591 0.0433606 0.11976 -0.00791275  -0.0234126  -0.00124249  0.00186629  -0.0163666  -0.00360802  0.00768023  -0.00369203  0.0171071  -0.0248636 
115 0.000420164 11.4403 0.135429 0.112953 0.0645446  0.022331  -0.0408888  -0.0350088  -0.0409704  -0.0161263  -0.00361094  -0.0600907  0.0719354  0.00643901 
116 0.00292975 0.662915 0.0437062 0.111078 -0.00993054  -0.019973  0.00637206  0.000912883  0.0105206  -0.0060165  0.0044473  -0.00562904  -0.0231598  0.0252296 
117 0.00269265 1.24381 0.0894209 0.0970197 -0.0390918  -0.00215258  0.013194  -0.00955406  0.0180952  -0.00387143  -0.061681  0.0325539  0.0312077  0.00415836 
118 0.00130156 0.61784 0.0247771 0.0819987 -0.00644435  -0.00287995  -0.00120495  -0.00418703  0.00557984  7.00075e-05  -0.00216624  0.0183756  -0.0123622  -0.00433319 
120 0.00312915 0.740599 0.0548682 0.0736416 0.0228173  -0.0233151  -0.00455668  -0.00669177  -0.00678172  0.0358624  0.00954039  0.00437443  -0.00292622  0.020735 
123 0.000298226 0.750278 0.0172785 0.047946 0.00720293  0.00241031  -0.00403504  -0.00995151  0.00690509  -0.00282474  0.00312811  0.00484034  -0.000173145  -0.00605285 
128 3.01856e-05 1.54042 0.011208 0.0447285 0.000881765  0.00548514  -0.00208807  -0.00598885  -0.000355248  -0.00129574  0.000628245  -0.00699637  -0.000237668  -0.00182305 
131 -0.000368209 -0.550226 0.0393302 0.0443898 -0.00856116  0.0173253  -0.0107061  -0.00900567  0.0191958  -0.00576985  -0.00259985  0.012584  -0.0190692  0.00686729 
132 0.000526505 0.52511 0.00728054 0.0483604 -0.00145281  -0.00293079  0.000109062  0.0012457  -0.000347718  0.00278982  0.00482274  -0.00213498  0.00215826  0.000602812 
133 0.000361555 0.576373 0.0105117 0.0425719 -0.000539581  -0.00191227  -0.00262757  0.00611531  -0.00102022  0.00654426  -0.00198691  0.00157935  0.00304322  -0.00163576 
134 -8.7504e-05 0.459933 0.00374549 0.0380903 -0.000258965  0.00077917  0.00169948  8.11103e-05  0.00149342  0.00146044  -0.00061483  0.00111803  -0.00113326  -0.00178444 
137 0.000151968 1.89096 0.0290755 0.0392222 0.00826179  -0.0123178  -0.019469  0.00457826  -0.00629541  -0.00797998  0.00900881  0.00501447  0.00290567  0.00270976 
140 0.000360482 1.83747 0.0439066 0.0372347 -0.00926439  -0.0103855  0.0106547  0.00748695  -0.0272162  0.0221381  -0.00318065  -0.00949378  0.00958129  -0.011902 
141 0.000212136 0.951121 0.0195642 0.0320313 -0.00865375  -1.05504e-05  0.00217663  -0.00543639  -0.000625108  -0.00926661  0.00730787  -0.00946927  0.00345552  0.00568379 
142 0.0002813 0.853464 0.0199419 0.0285288 -0.0010995  0.00884991  -0.0112462  0.00572561  0.00165369  -0.0022667  -0.00257989  0.0042183  -0.0111611  -0.00141379 
144 -0.000177449 0.178873 0.0150985 0.0230789 -0.00770294  -0.000893518  0.00368239  0.00095348  -0.00629433  0.00066294  0.00364799  -0.00764386  -0.00613798  0.00197284 
146 -0.000109628 -0.665241 0.0226047 0.0266477 -0.00123757  0.011798  0.00298765  -0.000395484  0.00183705  -0.00125666  0.0104456  0.00478281  -0.0149721  0.000257664 
150 -0.000101374 0.373697 0.00715699 0.028631 -0.00341529  -0.00177101  -0.00390288  -0.0012042  -0.00189061  0.000253656  -0.00250698  0.00301915  0.000658047  0.000516952 
153 -0.000232819 -0.0397695 0.0224216 0.0303498 -0.00541533  -0.00537139  -0.0127332  -0.0147279  0.00729915  0.000837536  0.000962636  0.00205473  0.00143441  -0.00207829 
157 -0.000255119 -0.0090753 0.022794 0.0339699 -0.00285571  0.000536347  -0.00517672  -0.00301663  0.0153148  -0.00675729  -0.00361822  0.00534764  0.0118368  -0.00363595 
159 0.000324282 0.770634 0.0187357 0.0375381 0.00796533  -0.000833343  -0.00373751  0.00407132  -0.00742344  0.00920267  0.0043892  -0.00979853  -0.000291851  0.00108821 
160 -4.1634e-05 0.243124 0.00654069 0.0329375 -0.0025836  0.00328735  0.00188668  -0.00106493  -0.00113122  0.00131913  -0.00295948  0.000723048  0.00272947  0.000924243 
161 5.59978e-05 0.864794 0.00903931 0.0335636 0.00210397  -0.00225037  0.00102256  0.00336719  -0.00253091  0.00164827  -0.00408004  -0.00504214  0.00191484  -0.00223065 
167 0.000362559 1.71882 0.0420348 0.0327188 0.00649557  0.00154983  0.0342395  0.00568215  -0.000167303  0.00205626  0.00160018  0.00780048  0.00501155  0.0206137 
169 -3.52911e-05 0.431491 0.00310996 0.0266087 0.0021565  0.000343229  0.000276403  -0.000534056  -0.000812218  -0.000110088  -0.00112164  -0.00121912  -0.000738293  0.000762054 
175 -0.000466071 0.4568 0.00898135 0.0272638 -0.00123001  0.00246184  0.00154154  0.000196028  -0.00468946  0.000674804  0.00290686  -0.000590752  0.00110612  0.00618123 
178 6.44658e-05 0.645378 0.00612278 0.0347778 -0.00289312  -0.0012321  0.000688191  -0.000214271  0.00420519  -0.00198846  0.00163932  0.00152257  -0.000257632  0.000609203 
181 4.3094e-05 0.926225 0.00857145 0.0338383 -0.000664171  -0.00285969  0.00379042  0.00426333  -0.00044912  -0.00219849  -0.00100497  0.00219099  -0.00441079  -0.00141665 
182 0.000170098 0.96875 0.017858 0.0331955 0.00523069  -0.00419936  -0.00448607  0.00136513  0.00358303  -0.0150509  0.00100503  -0.00131483  -0.00174075  -0.0026056 
186 7.69764e-05 1.13078 0.0139359 0.0305263 0.00719883  -0.00126514  -0.00189771  -0.00500187  -0.00146404  0.000151058  0.00991616  0.000370549  0.00116106  -0.00319136 
189 -8.3352e-05 -0.0612111 0.0136792 0.0292384 0.0012162  -0.00215932  -0.000952882  -0.00186324  -0.000292312  0.000939957  -0.00931257  -0.00195899  -0.00844415  0.0037099 
191 -0.000479151 0.46924 0.00768659 0.0306307 0.00126553  -0.00188221  0.00203982  -0.00242653  -0.00140872  -0.00494294  -0.00123804  0.00135482  -0.00043446  0.00373044 
192 1.05227e-05 7.15264 0.0167333 0.0376498 -0.000127704  -0.0113438  -0.00510817  0.00284529  -0.000515747  0.00646295  -0.00393091  0.00650065  0.0041677  1.70157e-05 
193 0.000112974 1.26249 0.0185618 0.0375098 -0.00399246  0.00202458  -0.0123699  0.00347232  0.000948519  -0.000237458  0.00495076  -0.010015  0.00573635  0.000870228 
202 -0.000257503 -0.601568 0.0336845 0.0359724 -0.0111558  -0.0111255  0.0148121  -0.00067083  0.00879596  0.0115991  -0.0106901  0.00160736  0.0142486  -0.0116093 
203 0.00011646 0.582809 0.00621131 0.0393897 0.00055569  0.00306831  -0.00377725  -0.0011178  0.000182775  0.0026217  -0.00135979  -0.00172053  0.00123557  -0.000311999 
204 0.000282004 1.20115 0.0281204 0.0378827 0.000765887  0.0153093  0.00549804  0.00387455  -0.00917064  -0.0157223  0.00762547  -0.00604365  -0.00830021  0.0039621 
206 6.32081e-05 0.643165 0.00601643 0.0339578 -0.000296832  -0.000760432  -0.00337051  0.0020585  0.00136451  -0.000516377  0.00026952  0.0025802  0.00288035  -0.00166684 
210 0.000311012 1.62751 0.0374468 0.033014 0.012769  0.012781  -0.00863601  -0.0108976  0.023208  0.00390294  0.00514798  -0.00950393  -0.0113217  -0.0091471 
214 -0.000268548 0.0643613 0.021634 0.0279099 0.00666275  -0.000369297  0.00121899  0.00403007  0.00552268  0.00954338  0.015152  0.00237358  -0.00698125  0.000494992 
215 -9.34635e-05 0.444544 0.00455388 0.0323658 0.00138914  0.000609628  -0.00129583  -0.00186028  0.00058211  0.00108593  0.00213064  0.00106058  -0.000999129  -0.00226183 
216 -0.000291852 0.426254 0.00928144 0.0337789 0.000363373  0.00391957  0.000247182  -0.00119913  0.00349488  0.00573528  -0.00280252  -0.00279033  0.000530977  0.00284984 
217 0.000411916 0.676526 0.0170549 0.0378538 -0.00685053  -0.0056858  0.00510575  0.0102919  -0.00597025  -0.0050495  0.00181979  -0.00260147  0.00111459  -0.00267523 
218 -0.000242824 0.283682 0.0144968 0.0319543 0.00100905  0.000867258  -0.0019457  -0.00295108  -0.00532116  -0.000784654  0.00470968  -0.0042664  0.0112417  -0.000450074 
219 0.000442849 0.756303 0.0213069 0.0355518 -0.000616443  -0.0057487  -0.00931057  0.00565556  -0.0103343  0.0101466  -0.00767178  0.00535254  -0.00127758  0.00173144 
222 3.32106e-06 5.69431 0.00830673 0.0286562 9.64502e-05  -0.000816678  0.00660582  -0.00271271  -0.00119925  0.00124205  0.00334888  0.000782435  -0.00134922  0.000837447 
224 1.69335e-06 1.17068 0.00213138 0.0285982 0.000399849  -0.00141092  0.000620641  0.000356547  -0.000360055  -0.000728305  -0.000449642  0.000129759  -4.26565e-05  0.000999497 
226 0.000191101 0.754044 0.0139351 0.0285686 0.00197729  -0.00771808  0.00134326  0.000890201  0.00159789  -0.000362197  -0.00461346  0.00615031  -0.00800601  -0.00149037 
227 8.70468e-05 0.84374 0.01094 0.0250017 -0.00522742  -0.000110822  -0.0021577  -0.00430294  0.00670328  -0.000203673  -0.00172343  0.00403078  0.00159434  0.00156167 
228 0.000179298 0.57859 0.00750831 0.0231957 -0.00318745  0.00458112  -0.00333684  -0.00164445  -0.0010824  -0.000957289  -0.00108774  0.000620714  0.000841067  -0.0026506 
231 1.39621e-05 1.78868 0.00848349 0.0189409 -0.00210208  0.00019163  -0.00250391  0.00342671  0.000547928  -0.00111492  -0.00152424  0.00149012  0.00533831  -0.00386233 
232 -2.48789e-05 0.427172 0.0026922 0.0185687 0.000112992  0.000834156  -0.00144278  0.00179473  0.000537076  -0.000339571  0.000234984  0.000300654  -0.000240044  -0.000793533 
233 -0.000820085 0.0215332 0.0396258 0.0192269 -0.0142295  0.016807  0.0114114  -0.00233159  0.006787  -0.0263314  -0.0120536  -0.00736534  0.00139836  -0.00294892 
234 0.00015747 1.83657 0.0290127 0.0344978 0.00104641  -0.0102463  -0.0201454  -0.00750943  -0.000473165  0.00681163  0.00283035  0.0127379  -0.00272618  0.00700761 
235 -0.000207348 0.173798 0.0164496 0.0321347 0.000391117  0.000279258  0.00248557  -0.00441974  0.000206268  0.00787004  -0.00305699  -0.00179772  0.0116748  0.00581289 
238 -9.60429e-05 0.321918 0.00827172 0.0352138 -0.00215178  0.00536495  -0.00225153  0.00384079  0.000996604  0.000771405  0.000209038  -0.00270597  -0.00240071  0.000685515 
240 -0.000409979 0.145991 0.0240979 0.0365521 0.0030075  -0.0024565  0.0161764  0.00258684  0.00695033  -0.0106421  -0.000515105  -0.00363351  0.010796  -0.0023829 
241 0.000103258 1.67179 0.0219986 0.0417866 -0.00274424  -0.00889162  0.0102715  -0.00806825  0.000256602  0.00532016  0.00154084  0.00643041  -0.00231275  -0.012219 
245 0.000507875 0.656908 0.0178548 0.0405323 0.0134072  -0.00555471  -0.00222139  -0.000602866  -0.00350252  1.90481e-05  -0.00118123  -0.00141449  -0.00556054  0.00750369 
251 6.94951e-05 0.682178 0.00711633 0.0336916 0.00208521  -0.000375599  0.00517903  2.79075e-05  -0.00245686  0.00216534  -0.000453218  -0.00245289  -0.00151055  -0.000317886 
