generation s h r distopt trait[0] trait[1] trait[2] trait[3] trait[4] trait[5] trait[6] trait[7] trait[8] trait[9] 
2 -1.22137e-05 0.469536 0.00121999 0.01 0.000536269  7.91497e-05  0.000351454  -0.000731005  -6.525e-05  -0.000329962  -5.81973e-05  0.000396578  0.000477104  -0.00018767 
4 5.61289e-08 1.87554 0.000555725 0.0305559 -3.40015e-06  0.00014869  0.000107468  9.25997e-05  0.000107275  0.00018707  5.75655e-05  0.000375327  -0.000272916  3.76212e-05 
5 4.45257e-05 1.77156 0.0150485 0.0405495 -0.00315616  0.00438886  -0.00529602  0.00727714  0.00140484  -0.000170213  -0.00400846  0.000634506  -0.00323226  0.00934391 
10 0.0032297 0.813386 0.0636018 0.0885292 -0.0401118  -0.0192651  -0.0257649  0.00459724  -0.023655  -0.00619441  0.0269963  -0.00504431  -1.97561e-06  -0.00528715 
12 0.00387675 0.856061 0.0742592 0.0830874 -0.0324099  0.0188987  0.0532426  -0.0036057  0.0196589  -0.0153179  -0.00849412  0.0218454  -0.00552259  0.00762381 
16 0.00130999 0.746309 0.0359229 0.0861549 -0.0107378  -0.00812556  -0.00110298  0.0212854  -0.00287652  0.00682387  -0.00470398  -0.0133194  0.0199067  0.00204855 
17 0.00045626 0.550711 0.00962453 0.0865788 -0.00113682  0.00730801  -6.10555e-06  -0.00386885  -0.00158827  -0.00119906  -0.00333032  -0.000148919  -0.00263674  -0.000968544 
21 0.00303467 0.602214 0.0352599 0.120325 -0.0179136  0.00564958  -0.00433859  -0.000290534  -0.0142192  0.00361498  0.00250546  -0.0252742  -0.00105079  0.00318047 
22 0.00218868 0.587026 0.0276292 0.115972 -0.0185668  0.00114603  0.00148229  0.00758899  5.25553e-05  -0.0105651  0.00229515  0.0034903  0.014644  0.00374476 
23 0.00231549 1.87518 0.112715 0.114425 -0.0464014  -0.00324428  -0.0489323  -0.0251665  -0.0260384  0.030473  -0.0262874  0.0608783  -0.0196133  0.0335385 
25 0.00193227 0.700905 0.0394065 0.114823 -0.0126521  -0.023435  0.00330053  -0.000244418  0.00134174  0.015135  0.00765179  0.0117973  -0.00565236  -0.01929 
27 0.000157508 8.25035 0.0698542 0.118117 -0.0370208  -0.00423231  -0.0147371  0.018913  0.00771039  -0.0237744  -0.0367614  0.0168406  -0.0178083  -0.0184242 
28 0.0019181 0.733913 0.0423602 0.121255 -0.0238831  0.0055828  -0.007115  0.0144534  -0.00295773  -0.0253729  0.00978282  -0.0116975  -0.00151895  -0.00677619 
37 0.00536172 0.577164 0.0407978 0.1602 -0.00210837  -0.00133358  0.00897392  -0.021627  -0.00391704  0.00779847  0.00148299  -0.0217652  0.019613  -0.0131616 
38 0.00252501 0.531709 0.017973 0.150683 -0.00504128  -0.00103697  -0.00291551  -0.0109691  0.000903563  0.00276444  0.00998865  -0.00751964  0.000517728  0.00163436 
44 0.00201332 0.543668 0.0187968 0.19522 -0.00658705  0.00503843  -0.00517275  -0.00783333  -0.000998735  0.0104502  -0.00222936  0.000293053  -0.00549549  0.0071392 
45 0.00546251 0.821575 0.0837615 0.199137 -0.0284231  0.0155803  0.00668419  -0.0385084  0.00153715  0.0241244  0.000251543  -0.0123114  -0.0367067  -0.0485224 
48 0.0021364 0.541564 0.0188962 0.210644 -0.00611031  -0.0146798  -0.00125957  0.00430314  0.00167652  0.00494846  -0.00650268  -0.00349733  0.00152115  6.13379e-05 
49 0.000209906 0.764956 0.0149149 0.214248 -9.09093e-05  -0.00578383  -0.00250956  -0.00494604  -0.00464833  -0.00380219  0.008661  -0.00305179  0.00591867  0.00167715 
54 0.00257134 0.53881 0.0200483 0.258864 -0.00673919  -0.0133432  0.00700201  0.00208765  -0.00809627  -0.0061142  -0.00376342  0.00234824  0.000756548  0.00138182 
56 0.0153464 0.537645 0.0490775 0.272214 -0.0328471  0.00647545  -0.0065282  -0.00385673  -0.00124062  0.0043729  -0.0211938  -0.0115176  0.0225589  0.0109019 
57 0.00139372 0.504985 0.00536125 0.251679 -0.00404968  0.000382897  -0.00121808  0.00010457  -0.00223505  0.00212096  -1.60191e-05  -0.000999115  -4.94232e-05  -0.000454975 
58 0.0023166 0.548068 0.0211555 0.257954 -0.00333185  0.0126376  0.00833078  0.00370602  -0.0105191  -0.000607697  0.00663328  -0.00304238  0.00531453  -0.0010432 
59 0.00350152 0.660192 0.0473837 0.262585 -0.00486731  -0.00630055  0.00379612  -0.0120255  0.0276454  -0.000271684  0.0137916  -0.0290786  -0.0118032  -0.00913114 
60 0.0225519 0.581252 0.0865447 0.265108 -0.0671173  -0.00627044  0.0107615  0.00586706  0.0043731  -0.00438074  0.0120197  -0.0258446  -0.0203322  -0.0391354 
62 0.014885 0.551563 0.0561726 0.235691 -0.0487717  -0.0114964  -0.00430149  -0.00295557  0.00929215  0.0192828  0.00323441  -0.00313473  -0.0112828  0.00339316 
64 0.020994 0.55037 0.0663296 0.21724 -0.048058  0.00809122  0.0222913  0.028945  0.0158874  -0.0148382  -0.000180564  -0.00190842  0.00639046  0.013144 
65 0.00392037 0.63367 0.0458165 0.170189 -0.00938817  0.0363821  -0.000477876  0.00992276  0.00272766  -0.0184064  0.0122856  -0.005115  -0.00242535  0.00771068 
66 -0.000362416 0.495141 0.00266658 0.166168 0.000258474  0.00178279  0.00034792  -0.000292241  -0.000904763  0.000682052  -0.000308166  -0.000306377  -0.00135125  -0.000600467 
67 0.00456115 0.693777 0.0594655 0.175328 -0.0246461  0.00372221  0.0292062  0.0247594  0.0354751  -0.00161038  -0.0108449  -0.00659121  0.00506937  0.00099899 
71 0.00574831 1.92306 0.180308 0.193078 -0.071712  -0.012987  0.0428627  -0.0162623  0.00241291  0.11261  0.00679163  0.102277  0.0405431  -0.0161451 
73 0.00903942 0.553152 0.0441956 0.188211 -0.0162749  -9.81627e-05  -0.0165203  -0.0213759  -0.0257965  -0.00792893  -0.0019676  -0.00134777  -0.00603156  0.0137157 
75 0.00150751 1.06753 0.0584748 0.1745 -0.00185971  -0.0036519  -0.0108862  0.0451063  -0.0247941  -0.00968099  0.0140792  0.0182961  0.00202225  0.0019722 
76 0.00345168 0.524932 0.0186963 0.17669 -0.0121369  0.00239346  -0.00430115  -0.0110593  0.0012686  -0.000225385  0.00298543  -0.00190136  0.00586307  -0.00267359 
77 0.00566681 0.591511 0.0456496 0.173224 -0.0123197  0.0123748  -0.00464599  0.00904839  0.000417811  -0.0142119  0.0300749  0.000485392  0.00349183  0.0235888 
81 0.0107733 0.575165 0.0572527 0.185206 -0.0401994  0.010378  0.00638594  -0.0116745  0.0354455  -0.00453142  -0.00213806  -0.00478572  -0.00731298  -0.00438438 
83 0.00435408 0.566467 0.0341229 0.167781 -0.00551518  -0.0254406  -0.00165575  0.000513762  -0.0137015  -0.0112544  -0.00764066  -0.00777857  0.00265154  -0.00658918 
84 0.00874471 0.823777 0.106292 0.162105 -0.06976  -0.0127593  -0.0357973  -0.0053498  0.000115082  0.0172884  0.0349639  -0.00814671  0.0475118  0.0333711 
85 0.00821541 1.17759 0.148822 0.137289 -0.0734715  -0.0184491  -0.011875  0.0286373  -0.00515805  -0.104747  -0.05454  0.0221222  0.016738  -0.0265652 
87 0.000823356 1.94632 0.0689848 0.104313 0.0019952  -0.0092207  0.0395467  -0.0220357  -0.0193477  -0.0154378  -0.0299536  0.00720901  -0.0307037  0.0107619 
94 0.00487039 0.585046 0.0407954 0.131871 -0.00715065  0.00343682  -0.0300211  0.00107108  0.00377201  0.0221707  -0.00476057  -0.00818898  -0.00412186  0.00929657 
95 0.00101521 1.50781 0.0639446 0.119314 -0.0284742  -0.0277733  0.0389945  0.00196393  0.0193058  0.0170328  -0.00856049  -0.00756004  0.00242141  0.0135357 
96 0.000359945 0.547142 0.00824173 0.120648 -0.000973125  0.00236758  0.0024715  -0.00602468  -0.00122943  -0.00301552  -0.000790884  -6.87255e-05  0.000480404  0.00273911 
97 0.00311299 0.888827 0.0695417 0.125346 -0.0404557  0.0247394  0.0154567  -0.00919678  0.000389208  0.00876951  -0.00944549  0.0143011  -0.0190414  -0.0391216 
98 0.00117775 0.706273 0.031173 0.116231 -0.011838  -0.0152308  -0.00528492  -0.00376269  -0.00271996  0.011813  0.0135607  -0.0123614  0.00531727  -0.00675545 
100 0.000601037 0.618883 0.0169085 0.119465 -0.00639226  0.00341189  -0.00566817  -0.00139838  0.000439211  0.00641495  -0.00587292  -0.00692078  -0.00176727  -0.00851211 
105 0.00134423 0.942903 0.0487858 0.146217 0.00397864  0.0222801  -0.00742745  -0.02251  0.00296979  0.000278589  -0.0189279  -0.0264431  -0.0129642  0.00845493 
109 0.00633076 0.907174 0.101415 0.173555 -0.0272239  0.00906862  -0.0140244  0.00145863  0.0292453  -0.0778806  -0.00756723  -0.0094978  0.0258541  0.039068 
112 0.00289999 0.520354 0.0154903 0.17844 -0.00951848  0.00187897  -0.00416435  -0.00222572  0.00759449  0.00333363  0.00274741  -0.00378965  -0.00077195  -0.00567686 
113 0.00331029 0.562247 0.0287791 0.178414 -0.0131077  -0.0149302  0.00375505  0.00813521  0.00281901  0.00109522  0.0121104  -0.000836154  0.0121296  -0.00704238 
114 0.00437218 0.669182 0.0544128 0.177062 -0.0156292  -0.0108962  -0.018904  -0.00471407  -0.0169127  -0.0112949  0.0396135  0.00681684  0.0136623  -0.00148201 
115 0.000710923 0.721659 0.025106 0.172337 -0.00012029  -0.000365152  -0.0120721  -0.00674598  -0.0159332  0.00121658  0.00129248  0.00528622  -0.00140198  0.0123285 
117 0.00869455 0.624229 0.0658553 0.187104 -0.031933  0.0157459  -0.023282  0.0355705  -0.0148403  0.00499766  -0.0154531  0.0185458  0.012607  0.016585 
118 0.00878571 0.685178 0.0806984 0.170358 -0.0306681  0.0185934  0.0314765  -0.00570785  0.000377426  0.0126459  0.0288378  0.0393199  -0.0253568  0.0319677 
121 0.00447455 0.71606 0.0621817 0.166271 -0.0259705  0.0266632  0.0170925  0.0298011  -0.0102892  0.021136  -0.0135515  -0.000627945  -0.00451342  0.0233218 
125 0.00188685 0.586914 0.0256335 0.183666 -0.0119936  0.00131343  0.00638886  0.0102186  -0.00442349  -0.00113935  0.0150043  -0.00677941  0.000489743  0.00860662 
126 0.000621365 0.504044 0.0032 0.186403 -0.000744305  -9.77073e-05  -0.000195587  -0.000467271  0.000119288  -0.000216312  -0.00126048  -0.00270513  -0.000671203  4.22013e-05 
128 0.00159129 1.87247 0.0933854 0.201224 -0.0306607  0.0783456  -0.0185526  -0.0116653  0.0234566  0.00140212  0.02311  -0.00759902  0.00370897  0.00216268 
129 0.0132019 0.695512 0.101635 0.204379 -0.0298021  -0.0259346  -0.00697815  -0.0210474  0.039016  -0.0083379  -0.0299003  -0.0141026  -0.0747708  -0.00136852 
130 0.00484104 0.546774 0.0302506 0.176435 -0.0142298  -0.000242842  0.0154467  -0.00173104  -0.00352259  -0.00938339  0.0137887  -0.00746  0.00355816  -0.0105859 
131 0.00157951 0.555466 0.0187453 0.169379 -0.00401653  0.00435462  0.00218138  -0.00435781  -0.00096343  -0.00341026  0.00683948  -0.010278  0.00239116  -0.0110386 
135 0.0039567 0.531741 0.0225641 0.195823 -0.00696964  -0.00741972  0.00633975  0.0147836  0.00085065  0.000807407  -0.00780685  0.00292087  0.00378726  -0.00784643 
136 0.00709844 0.588868 0.0503845 0.193823 -0.0212441  0.0151228  -0.0097285  -0.0199342  -0.0192729  -0.00180663  -0.0258226  -0.0113977  0.00996553  -0.00978974 
137 0.00689084 1.01068 0.118435 0.182862 -0.0469664  -0.0734004  0.00913375  -0.0300425  -0.00204806  -0.0657742  0.0269007  -0.00292446  0.0162999  0.0109079 
138 0.00151381 1.54361 0.0794399 0.169637 0.00246619  0.0089869  0.043457  -0.00348265  -0.0160633  0.0277985  -0.0394288  -0.0207397  -0.0129946  -0.0337463 
144 0.00576519 0.539478 0.0304007 0.212113 -0.00350876  0.00552396  -0.0187053  0.0106339  -0.0115613  0.0135155  0.00775915  -0.00368327  -0.000767569  -0.00526458 
145 0.00790466 0.532643 0.0325412 0.206948 -0.0189949  -0.00432352  0.0140934  0.00820025  0.00905367  0.0126224  0.00632033  0.00120365  0.0109666  -0.00325661 
146 0.00317607 0.535976 0.0214785 0.195854 -0.00460784  -0.00376643  -0.0107067  0.0120091  -0.00402618  0.00579999  -0.00324223  -0.00786267  -0.00669884  -1.24006e-05 
148 0.00571334 1.03672 0.110582 0.205943 -0.0206043  0.0434989  -0.0415937  -0.0314181  -0.00311197  0.0711854  0.0329916  0.0155405  -0.0264704  0.00932313 
149 0.0120997 0.99124 0.153737 0.200538 -0.0866698  0.0177349  -0.032556  0.0245872  0.0137849  0.0407704  -0.0398014  0.0920904  0.0112749  -0.0458303 
151 0.00667491 0.548978 0.0364041 0.179784 -0.0250225  -0.00514081  0.0025083  0.00898838  0.0109984  0.00143787  0.00588087  -0.00333367  -0.0118432  0.0166322 
154 0.00552593 0.54632 0.0321881 0.178519 -0.0246148  -0.00742942  0.00483224  0.00952168  0.00798767  -0.0011714  -0.000959601  0.0095156  0.0101085  0.00146804 
155 0.00948244 0.683587 0.0834811 0.168323 -0.00554655  -0.0376995  -0.00947276  0.0281533  -0.0261224  -0.0498574  0.01826  -0.00370281  0.0306646  0.0133845 
157 0.00292635 0.579298 0.0305126 0.152386 -0.0112321  0.0100053  0.0123542  -0.00355962  0.00314748  -0.00028133  -0.0137038  -0.00328562  0.0104322  0.0149014 
160 0.0041553 0.576647 0.0357731 0.166178 -0.0251086  -0.00471146  0.00387877  -0.00454217  0.00906245  -0.00554796  -0.0151154  0.0110171  0.0111247  0.00220931 
162 0.00451996 0.594467 0.0413992 0.168349 -0.0182444  0.0149161  -0.00413683  0.00399836  0.0200851  0.00176477  -0.00729027  -0.0225302  0.0098044  0.00787614 
165 0.00712281 0.790963 0.0909789 0.177612 -0.0490343  0.0069588  0.00976466  -0.00681501  0.0193881  -0.0178589  -0.0160401  -0.046632  0.0502253  -0.00577368 
167 0.00748239 1.01341 0.123723 0.169205 -0.0270517  -0.016048  0.0401931  0.00142126  0.00636711  0.0223126  0.0599136  0.0501541  -0.0698543  0.0343138 
168 0.0051838 0.566916 0.0373773 0.151742 0.00292892  -0.0076552  -0.00769449  0.00264032  -0.017289  -0.0101126  0.0053034  -0.0120931  0.00189781  -0.0261641 
170 0.00782871 0.725711 0.0840522 0.149238 -0.0527346  -0.0441933  0.0346917  0.0155294  -0.00431813  -0.00319544  0.00400548  -0.0221812  -0.00481978  0.0180548 
173 0.000553232 0.506642 0.00385309 0.139409 -0.00143447  0.00101949  -0.00263373  0.000125288  -0.000332526  -0.000883458  0.00166284  0.000840198  6.01201e-05  -0.00065675 
175 0.00214925 0.934326 0.0610774 0.152092 -0.0320477  0.00543655  -0.0165657  0.000813361  0.0147708  0.0285444  0.0030287  -0.00259732  -0.00715134  0.0360381 
176 0.00266117 0.519042 0.0143509 0.150894 -0.00719317  0.00231214  -0.00382307  0.00238813  -0.00826343  -0.00428964  0.00151705  -0.00124462  0.00567653  -0.00240461 
181 0.00438406 0.565023 0.0338699 0.176953 -0.0118585  0.01403  -0.00172273  0.00504339  0.00572721  -0.0109623  -0.00477731  0.00822866  -0.0173344  -0.0154049 
184 0.00359419 0.619068 0.0414103 0.188008 -0.00648942  -0.00260254  -0.00782127  -0.01609  0.00307416  0.0316034  -0.000763229  -0.0158094  -0.00256164  -0.00897547 
187 0.00699057 0.826013 0.0953849 0.20391 -0.0228639  0.0193368  -0.0164659  -0.0554669  -0.0175975  0.00219778  0.0382991  0.0214331  0.0244022  -0.0449193 
188 -0.000451383 0.483027 0.00554559 0.194496 0.000910662  0.000238367  0.000268506  0.000779305  0.00284267  -0.000201219  0.002319  -0.00337314  0.00120248  -0.00169263 
191 0.00625432 0.676345 0.066445 0.221772 -0.0342311  -0.0381637  -0.0046203  0.00089872  0.012442  -0.00293182  0.0168442  0.0142332  0.0333682  0.0011854 
193 0.00602713 1.34484 0.142385 0.223265 -0.0325643  -0.0172146  0.0151893  -0.036027  -0.123168  0.0125043  -0.0120128  -0.0172395  -0.0305559  0.0261923 
194 0.00828847 0.541631 0.0375284 0.216648 -0.0148022  0.0124106  -0.00983154  -0.00879065  0.0119514  -0.00140288  -0.00719347  -0.00813357  -0.0241491  -0.00392817 
195 0.00457837 0.696769 0.0600343 0.204168 -0.0230331  -0.0298495  0.0105788  -0.00411467  -0.00846325  0.0037582  -0.0367094  -0.00526274  -0.0243135  -0.00126051 
196 0.00289074 0.592997 0.0328298 0.199645 -0.0129566  -0.00189564  -0.0137223  0.0161833  -0.0103387  8.87153e-05  -0.00823413  0.0129787  -0.00151529  0.0105209 
198 0.00488898 1.09861 0.10804 0.206243 -0.0151494  -0.0088711  0.0754154  0.0320502  0.0544222  0.00587456  0.0179889  0.00658346  0.0225599  -0.0278852 
199 0.00818505 0.62958 0.0652393 0.201094 -0.0468073  -0.00259637  -0.0192577  -0.0162216  0.000458701  0.0139018  0.0189847  -0.00351483  -0.0288157  0.00528319 
200 0.00447844 0.516417 0.0174185 0.185284 -0.00431121  0.0115853  -0.00556719  0.00214217  -0.00183612  -0.00255864  -0.00304593  -0.00304157  0.0066973  -0.00645868 
201 0.000699095 0.903953 0.033605 0.178938 -0.00639596  -0.00610542  0.00835985  0.00790866  0.00710538  -0.0117816  -0.00531584  0.0202565  0.0063125  0.0158415 
202 0.00204879 0.560123 0.0222324 0.176975 0.00579303  0.00115519  -0.00479204  0.00423151  0.00293865  0.00173724  -0.00544404  -0.0120335  0.00710534  -0.0134883 
203 0.00613419 0.534536 0.029384 0.171095 -0.0138718  0.00587153  -0.00840849  -0.00418867  -0.00380405  -0.00134296  -0.00954442  -0.0198469  -0.00637621  0.00251916 
205 0.00157606 2.37121 0.108495 0.152177 -0.000438273  0.0515355  -0.0490806  -0.0078646  -0.0312598  -0.0149599  -0.0215207  -0.0550401  -0.0377082  -0.0229975 
206 0.00201971 0.648786 0.0346794 0.146912 -0.0150449  0.00719502  -0.0189515  0.00726025  0.00752222  0.017855  0.0096497  0.00147815  0.00521233  -0.00384941 
207 0.00520121 0.648554 0.0556317 0.139877 -0.034324  0.0128271  0.0307318  -0.0200672  0.0126332  -0.00800949  0.00613278  6.9613e-05  0.00643499  0.0101147 
210 0.00047096 1.19081 0.036069 0.119907 -0.00580119  -0.0175449  0.00774342  0.0152261  -0.020411  -0.000673991  0.0114653  0.000561923  0.0108874  0.000577186 
213 -9.00147e-06 -0.113008 0.00469808 0.117928 0.00115624  0.000638053  -0.0022702  -0.00117269  -0.00100448  -0.00236166  -0.000330874  -0.00207653  0.00020834  -0.00165761 
214 0.00194301 0.745737 0.0436974 0.117966 -0.0260985  0.00539916  -0.0155575  -0.0205452  0.00357102  0.00217197  -0.0186345  0.0062106  0.00533159  0.010165 
215 0.000114243 22.2993 0.0997433 0.109429 0.0306985  0.00716389  0.03665  0.0228701  0.0232623  -0.0623177  0.0166855  0.0172511  -0.00947052  0.0447036 
217 0.00246779 1.17078 0.0813071 0.108906 -0.0428815  0.0368929  0.00686537  0.0087168  0.0309875  0.0181066  -0.0138453  0.0131433  -0.00566882  -0.0400395 
218 0.0037265 0.667267 0.0499478 0.0969319 0.0103935  -0.0130912  -0.0269927  0.0206155  0.0124235  -0.0164549  -0.00579105  -0.0151105  0.00390004  0.018963 
219 0.00241399 0.729609 0.047082 0.0753408 -0.00671996  -0.0228008  -0.0211906  0.0174776  -0.0015856  0.0207262  -0.00121609  -0.0149768  0.00782779  -0.0133424 
221 0.000456559 0.575939 0.0117794 0.0571415 0.0019051  -0.00375745  -0.00184138  -0.00481545  0.00195239  0.00375623  0.00412319  0.00131612  0.00586054  -0.0048401 
222 0.000144612 6.80882 0.0603938 0.0529972 -0.00709897  -0.00268539  -0.0107032  -0.00631469  0.00719565  -0.0138149  0.0146433  0.0447684  0.019848  -0.0240865 
224 0.000367973 0.554772 0.00898167 0.0516149 -0.0057467  0.000284426  0.0029229  -0.004802  0.000289057  1.21991e-05  -0.00328852  -0.00150631  0.00105466  0.00129736 
228 -8.73221e-05 0.277002 0.00882593 0.0479186 -0.0046157  -0.00330418  0.00363954  -0.000133581  -0.000162845  0.000414384  0.00478461  -0.00222765  -0.00135399  0.00158879 
230 -2.02678e-05 0.49579 0.000584369 0.0488213 -0.000295657  5.27724e-05  0.000214332  -0.000193156  0.000223688  -0.000171606  -7.9769e-05  0.00023139  -3.37948e-05  -0.000165859 
231 -9.91972e-05 0.494907 0.00142334 0.0490284 -0.000292209  0.00070298  -0.000512267  0.000118631  0.000638229  -0.000184266  0.000836833  4.34163e-05  7.75588e-05  -0.000142661 
232 0.000196937 0.650506 0.0108888 0.0500299 0.000519082  0.00141195  0.00132495  0.00568277  0.00072452  -0.0042467  -0.00270441  0.000597893  -0.00321415  0.00675961 
233 0.000101287 0.567779 0.0052406 0.0480216 0.00162916  -0.00221239  -0.000664547  -0.000215625  0.000337696  0.0022609  -0.000949563  0.000471526  0.00295799  -0.00208028 
235 -0.000338403 0.136212 0.0221932 0.0469552 -0.0130582  -0.0126972  -0.000813882  -0.00462348  0.00634347  0.00341302  -0.00189815  0.00101221  0.00575583  0.00700841 
236 0.000634779 0.905453 0.0320817 0.0504306 0.0131731  0.000305203  -0.00422676  0.0145547  -0.00101671  -0.0139883  -0.00209727  -0.00971166  0.0179134  0.0030973 
237 0.000877312 0.744279 0.0292772 0.0436884 -0.00834916  -0.00328375  0.00775687  -0.0114031  -0.00601319  -0.00191355  -0.020478  0.00287365  -0.00749914  -0.00792452 
238 -1.90432e-05 0.486467 0.00101539 0.0321208 -3.02422e-05  0.00024674  -5.7241e-05  0.000497328  -0.000164107  8.31124e-06  -0.000255865  0.000779752  0.000126044  4.72729e-05 
242 0.000208514 2.21149 0.0377769 0.0324159 -0.00219177  -0.0016202  -0.0100718  -0.00524577  -0.0198892  0.0200002  -0.00879233  -0.0189786  0.00755242  -0.000766667 
250 1.92167e-05 3.94611 0.0162752 0.0290223 0.000334197  -0.00396843  -0.00180824  0.00109778  -0.0048923  -0.00707196  0.005384  0.00866228  -0.00610673  -0.00541148 
253 -0.000148609 -1.10818 0.0309181 0.0286894 -0.00193375  0.00837069  0.0144892  -0.0135915  0.00529534  -0.0163717  -0.00544873  -0.00428708  -0.0111503  -0.00435723 
254 5.31166e-05 0.636587 0.00538708 0.0311721 0.0038786  0.00059839  -0.00087772  -0.00189067  -0.00066146  0.00198101  0.00148263  -0.000407671  0.000283601  -0.00157074 
257 -0.000161114 0.17552 0.0144616 0.0303082 -0.0100892  -0.00427993  -0.00173447  0.00684407  0.00125656  0.00183106  -0.00338758  0.00218488  -0.00250893  0.00342094 
261 -0.000169036 0.445808 0.00605465 0.032859 -0.00133326  -0.00131053  0.00040458  0.0020925  -0.00381488  0.000176953  0.000525524  0.00219444  -0.00213325  -0.00209626 
262 -6.80114e-05 -0.457276 0.0161377 0.0353378 0.000163813  -0.00101437  -0.00968453  0.00832574  0.00365594  0.00410608  0.000358513  -0.00760293  -0.00132973  -0.00251684 
264 -8.10861e-05 -4.15879 0.0388694 0.0362874 0.0178083  0.00368471  0.00437014  0.0177671  -0.00157196  0.00878467  -0.00231095  -0.0147114  0.0232658  -0.00162688 
265 -0.000733377 0.312767 0.0234453 0.037388 -0.00441573  0.000591794  -0.00276675  0.0145342  -0.00871843  -0.00591141  0.0128284  -0.00422546  -0.00239736  0.00343651 
269 -0.000210203 0.453954 0.00622431 0.0461683 0.000376174  -0.000639226  -0.000442407  0.00131289  -0.00398093  0.00216273  0.000100736  -0.00290375  -0.00137535  0.00232678 
270 -2.54203e-05 0.461296 0.00198389 0.0483915 0.000414522  -0.000177894  -0.000211875  0.00031035  -0.000166129  -7.72838e-05  0.00177707  0.000412441  0.000466317  0.000109657 
274 -0.000178174 0.229657 0.0138817 0.0486534 0.000653594  -0.00148453  -0.00723179  -0.000435394  -0.00569083  0.00582422  0.00331171  0.00371511  -0.00641127  0.00232375 
277 0.00012218 0.534562 0.00411068 0.0504514 -0.00160294  -0.00150254  -0.000922649  -0.00157038  0.00141178  -0.00241398  2.57134e-05  0.000664656  -0.000358437  -0.000601671 
279 0.000296036 0.546923 0.00745647 0.0492258 0.000740366  0.00267738  0.00303029  0.000494587  0.00524464  0.00224333  0.000134747  0.00237206  0.000506759  0.000121815 
280 0.000101298 1.55989 0.0207225 0.0461214 0.00589934  0.00187944  -0.000654495  -0.00649219  0.00409191  0.00903612  0.0105755  0.0104263  -0.00498966  -0.00216059 
281 5.97955e-05 0.509301 0.00149212 0.0450099 -0.000330031  0.000393683  0.000429385  -0.000477696  -0.000190745  -0.000901741  0.000399837  0.000617614  -0.000367551  0.00015497 
282 -1.55914e-06 0.495573 0.000166166 0.0443407 0.000106193  -9.60845e-06  7.47562e-05  7.24614e-05  4.1375e-05  -1.04017e-05  5.49028e-05  -1.49351e-05  1.03746e-05  1.5416e-05 
286 2.60167e-05 0.50244 0.000504289 0.0443583 0.000163582  4.0603e-05  0.000203759  9.10568e-05  0.00018137  -7.51432e-05  -0.000327933  7.8275e-05  0.000111603  0.000106895 
287 0.000952257 0.717489 0.0287819 0.044064 0.00557285  0.0113529  0.00704862  -0.00304664  -0.00396893  -0.00597721  -0.0198833  0.00171718  -0.00495683  0.011625 
289 7.74842e-05 1.14434 0.0141314 0.0314616 -0.0039276  -0.00373606  0.00457093  -0.000743628  -0.000985212  -0.00497176  -0.00449679  -0.000831418  -0.0038931  0.00933315 
290 6.22125e-05 0.602131 0.00504147 0.0302052 0.00114984  0.000564358  0.0023163  -0.00173292  0.000300263  0.00162189  0.00287101  7.11521e-05  0.000667773  0.00199828 
291 2.05843e-05 1.62959 0.00964392 0.0291572 7.17386e-05  -0.00366848  -0.00173368  -0.00135555  0.0012282  -0.00276058  -0.0037812  0.00365689  0.000739747  0.00611166 
293 -4.8522e-05 0.49381 0.00109663 0.0288021 -0.000533284  0.000269693  -0.00015707  0.000520737  -0.00045011  -6.04759e-05  -0.000244157  0.000110887  1.7333e-05  0.000520733 
294 0.0002655 0.6467 0.0124822 0.0296325 -0.0017369  -8.73761e-05  0.00303452  -0.00782616  -0.00311798  -0.00230689  0.00251156  -0.0043126  -0.00206423  -0.00617365 
295 6.92411e-05 0.607257 0.00545046 0.0247511 0.00234888  0.00200316  -0.000831448  -9.92376e-05  -0.000964931  -0.00246941  0.000150002  -0.000449378  0.00193213  -0.00291373 
297 -6.54533e-05 0.474283 0.00259524 0.0233105 -0.000100065  -0.000110042  -0.00150701  0.000436814  -0.00071937  0.000787512  0.00060756  -0.000273742  -0.000722238  0.00146558 
298 -0.000109616 0.442039 0.00504192 0.0246746 -1.20105e-05  -0.00134014  0.000885903  0.00249589  -0.000562366  -0.000443713  0.000144738  0.00352046  -0.0016137  0.00103866 
299 -2.869e-05 -0.972548 0.0129996 0.026804 0.00335011  -0.0050978  -0.00604291  -0.0021052  -0.00387642  0.00457807  0.00337632  -0.000520013  0.00445467  -0.00483011 
302 -4.92188e-06 0.332591 0.00181546 0.027334 -0.00097824  -0.00044393  -1.22432e-05  -0.000562117  7.81041e-05  0.000354668  0.000842876  -0.000737705  -0.000658937  -7.07803e-05 
303 -0.000206925 0.327951 0.0119348 0.0274239 -0.00101063  0.000216451  -0.0103371  -0.00131533  0.00176825  0.000131869  0.000526518  -0.00507553  -0.00150296  0.00115895 
305 8.9927e-05 0.53623 0.00361047 0.030968 -0.00103646  0.000981561  0.00225308  -0.00038547  -0.000861595  -0.00135151  0.000226437  0.00137977  0.000219975  -0.00109566 
306 1.37814e-07 3.60015 0.00130728 0.0294804 -0.000523466  0.000180281  -0.000114893  -0.000278457  0.000308648  0.000221599  6.02538e-05  0.00027726  -0.000406519  0.000959994 
308 4.75481e-05 0.686236 0.00595153 0.029478 0.000589366  0.000139424  -0.00248663  -0.00123904  0.00182293  0.000918787  -0.00387207  0.00211084  0.000305737  -0.00190423 
310 2.09909e-06 0.521335 0.000423248 0.0286602 0.000250973  6.62718e-05  -3.11237e-05  -6.70644e-05  0.000188548  0.000237888  -2.14966e-05  -2.09498e-05  -8.27846e-05  7.99841e-05 
311 -4.88744e-05 0.444933 0.0032813 0.0286236 -0.00125467  0.00114659  0.000221081  0.00168804  0.000686094  0.00184849  0.000268215  0.000184972  -0.000973846  -0.000193726 
314 -0.000116808 -1.14104 0.0276898 0.029465 0.0115427  -0.0112094  0.018769  0.000976103  0.00311467  0.00585382  -0.00229343  0.00340247  -0.000186319  -0.0096836 
315 2.78912e-05 0.506836 0.000873548 0.0313847 0.00036511  0.000200584  -0.000293314  -0.000494047  0.000297403  -0.000118948  0.000305985  0.000166793  0.000184436  3.70374e-05 
318 -0.000304446 0.111022 0.0217665 0.0309372 -0.000604688  0.0130143  0.00810039  -0.00357456  -0.0027122  -0.000820923  0.00191778  -0.0133952  -0.00495962  -0.00314861 
321 -0.000415804 0.301541 0.018172 0.035519 -5.21931e-05  -0.0042592  -0.00185738  -0.00693657  0.00217211  0.00642298  -0.0128246  -0.00276243  0.00304217  -0.00576045 
322 0.000593542 0.873521 0.0297761 0.0409572 -0.00581047  0.00124871  -0.00641187  0.00857739  0.0124596  -0.00606058  -0.00917419  0.00330203  0.00303649  0.0209845 
326 -3.695e-05 -0.101132 0.00942596 0.032926 -0.00558371  0.000985961  0.000488674  -0.00202639  0.000170835  0.00552042  0.00308763  -0.00179368  0.00247533  0.00172378 
327 -0.000751322 0.300399 0.0245015 0.0334825 0.0027214  0.000444853  -0.00190148  -0.00667149  0.00315345  -0.00398537  -0.0131929  0.00308936  -0.0103399  -0.0151082 
329 0.000198768 0.543126 0.005857 0.0432745 -0.00194085  0.00223225  0.000395212  -0.00299866  -0.0025615  -0.00113763  0.0020361  -0.000548737  0.000743023  0.0018847 
334 0.000831078 0.719349 0.027003 0.0409137 -0.00283917  -0.00408878  -0.00778508  0.00298347  -0.00134323  -0.0180299  0.00882826  0.0126782  0.000749839  0.00829181 
338 0.0001341 1.92706 0.0276652 0.0290379 0.000638735  -0.0140055  0.00971162  -0.0118813  -0.00247078  0.00989416  0.0081754  -0.00238456  0.0124987  0.000762387 
340 2.7857e-05 1.29607 0.0094182 0.0266291 0.000294774  0.000311484  -0.00532196  0.0021436  -0.00259102  -0.00409381  0.001139  -0.0039232  -0.00289633  0.00265519 
343 5.50693e-06 0.513623 0.000547819 0.0261008 0.000184612  0.000111319  0.000213816  4.09402e-05  0.000366613  1.77218e-05  -4.0331e-05  -0.000168292  -0.000141706  0.000146596 
345 -7.71603e-07 -0.294979 0.00156641 0.0259951 -0.000852417  0.000427661  0.000415706  0.000499426  -0.000453222  -0.000693696  -0.000120711  -0.000237858  -0.000584236  0.000150939 
354 -0.000151931 -0.272496 0.0216676 0.0260099 0.00431752  0.00125614  -0.0101028  -0.00506206  -0.00037593  -0.00882074  0.0141833  -0.00126464  -0.00316217  -0.00555552 
358 9.08729e-05 0.590846 0.00574667 0.0287829 -0.000233197  0.00426082  -0.00142059  0.00193089  -0.00129164  -0.00196201  -0.00144031  -1.75974e-05  0.000981275  0.000716474 
367 8.40095e-05 0.512498 0.00205019 0.0271586 -0.000179372  8.16206e-05  0.000928429  0.00102007  0.000794233  0.000931426  6.6611e-05  0.000821187  -0.000290933  1.16908e-05 
368 -0.000277047 0.229643 0.0173111 0.0255653 -0.00607921  0.00012002  0.0057419  -0.00294542  0.00681331  -0.00187494  0.00947637  0.00288923  -0.00791141  -0.00322233 
369 0.000136147 0.766043 0.0120366 0.0305069 -0.00595195  -0.00426681  0.00122318  0.00306003  -0.00320868  0.00316368  -0.00114413  -0.000939968  0.00640767  0.00410292 
384 -0.000148332 0.380454 0.00842292 0.0281874 -0.000642489  -0.00290276  0.00144292  0.00340276  -0.00113875  -0.00295989  0.00419826  0.003932  0.000741782  0.00217992 
385 -7.47423e-05 0.158931 0.0100982 0.0307063 0.00580218  -0.00148475  -0.00102682  -0.00601433  -0.000572841  -2.63055e-05  -0.000486027  -0.00421361  0.00192057  0.00262103 
386 -0.00136937 0.0658648 0.0487834 0.0319002 -0.00408596  0.00813979  0.00227256  0.0105253  0.00724333  -0.021721  -0.0361786  0.0121401  -0.00283181  0.0138696 
387 0.000643182 0.587906 0.0150428 0.0488664 0.00218662  0.00387616  -0.00256032  0.00892804  -0.0038654  0.00405899  0.00462629  -0.00476285  -0.00352027  -0.00568486 
388 0.000157828 0.622115 0.00878054 0.0417726 -0.00303923  0.00297399  0.00147299  0.003505  0.000583517  0.000916404  0.00420606  -0.00332124  0.00311136  0.0022314 
389 1.15838e-05 0.515204 0.000839384 0.0398389 0.000170664  4.58079e-06  -0.0002144  6.57702e-05  0.000140909  0.000175165  4.75825e-05  0.000246174  -0.000570761  -0.000431223 
390 -8.64777e-06 -4.109 0.0126265 0.0396932 0.00500043  -0.0021534  -0.00334327  -2.9981e-05  0.00375686  0.00603049  -0.00789992  0.00189414  0.000681674  0.00129076 
392 3.9279e-05 2.95818 0.0196518 0.039802 -0.0116557  0.00233849  0.00432545  -0.00174968  -0.00563353  0.00341708  0.0101996  -0.00419471  0.00227229  0.00727299 
393 0.000762736 0.869405 0.0335669 0.0393055 0.00234929  -0.000463861  -0.0049022  -0.00433245  -0.00462698  0.00784745  0.0255297  -0.00378684  0.0110448  -0.0143915 
397 -0.0001173 0.417368 0.00622737 0.0279728 -0.00110621  -0.00181169  0.00168995  -0.000791725  0.0002983  -0.00419162  0.001341  0.00335894  0.000119169  -0.000194408 
398 0.000117146 0.667802 0.00886741 0.0299964 0.00493379  0.00164445  -0.000409485  -0.000253377  -0.000560678  -0.00145514  0.00187831  0.00488951  -0.000306019  -0.00462513 
399 4.13893e-05 0.553839 0.00298566 0.0279758 -7.71399e-05  -0.000769416  0.0012263  -0.00103751  -0.000147373  0.00135687  -0.000313366  0.00175983  0.000821954  4.86822e-05 
400 4.00491e-05 4.39461 0.0249768 0.027226 0.0112458  -0.00139443  0.00972014  5.02215e-05  0.00208337  0.00847748  0.00088547  -0.0157999  -0.00337197  0.00793381 
404 -0.000208371 0.411694 0.00858081 0.0264803 -0.000520417  0.00112601  0.003292  0.0010399  -0.00392383  0.0023157  0.00372  -0.00278842  5.7232e-06  -0.00421902 
405 -0.000162306 0.225082 0.0133607 0.0301596 -0.00512549  -0.00407686  0.00177574  0.00545974  -0.00296609  -0.0033101  -0.00503116  0.000545674  0.0072158  0.00228498 
407 -6.71644e-05 0.328278 0.0067925 0.0327402 -0.00267715  -0.00313676  0.00271578  -0.00116221  0.00212416  0.00267145  -0.00100636  0.000975504  0.00251646  0.000678167 
412 -3.60636e-05 -1.22323 0.0157665 0.0337503 -0.000984749  -0.000286389  0.0021389  0.00705138  -0.00117421  0.0030574  0.000600497  0.00168638  -0.00510292  -0.0123799 
414 -8.84608e-05 0.440383 0.00459345 0.0342805 -8.46566e-05  -0.00166946  0.000488328  0.000636136  0.000735652  -0.00341961  -0.000227709  -0.000151869  0.00145139  -0.00180168 
415 -0.000320153 0.0546697 0.023883 0.0355474 -0.00627941  0.0119734  -0.00850651  0.00796995  0.00434647  -0.00650554  0.00777129  0.00367384  -0.0107665  -0.000837256 
419 0.000438449 0.532294 0.0075313 0.0397972 0.00190097  0.00197968  -0.00217765  -0.00178345  0.00266015  0.00171694  -0.00386079  0.000673088  0.00370393  0.0014706 
420 0.000349018 0.601535 0.0119073 0.0338447 0.00167088  -0.00224468  2.36698e-05  -0.00637016  -0.0051327  0.00192121  -0.00453499  0.000174682  0.00650133  0.000688876 
424 -9.19175e-05 0.47705 0.00290564 0.0282225 -0.000470966  0.000554212  0.00139601  0.00196291  -0.000470845  -0.000260636  -0.000167963  0.000136906  -0.000381006  -0.00127678 
425 -4.81606e-07 0.490401 0.000135986 0.0298065 -1.95684e-05  8.68408e-05  -3.10009e-05  -2.98141e-05  6.94434e-06  -6.77327e-05  2.03012e-05  1.25816e-05  5.91926e-05  2.82874e-06 
427 -3.02829e-05 0.333764 0.00448744 0.0298146 0.00187919  -0.000656011  0.000205781  -0.000973919  0.000904407  -0.000509706  0.00225311  -0.0016271  -1.83457e-05  -0.00252637 
428 -0.000208396 0.0567145 0.0192239 0.0303182 0.0105723  -0.00866503  0.00156117  -0.00477436  -0.00076892  -0.00184862  0.0072919  0.00292573  -0.00951362  -0.00110504 
429 1.32393e-05 0.660512 0.00291552 0.0335799 0.00172025  0.0010212  0.000575959  0.000489512  9.65713e-05  -0.000473471  -5.33397e-05  0.00190247  -0.00017757  -0.000198899 
430 8.72371e-05 0.531523 0.00331711 0.0333822 0.000419519  0.000322574  -0.000223584  0.000743804  0.00275516  0.000616568  -0.000438746  0.00120813  0.000658935  -0.000250213 
433 -0.000170857 0.465579 0.00485187 0.032049 0.00147221  0.00019903  0.000400285  0.00164899  -0.000798074  -0.00111859  0.00158064  0.00210468  -0.00281763  0.00130341 
435 -7.43158e-05 0.464171 0.003264 0.0346123 -0.00180504  -0.000545102  -0.00037279  0.000487534  -2.96612e-05  -0.000953039  0.000330028  -0.00182525  2.90761e-05  -0.0015399 
437 0.000202344 0.569705 0.00751209 0.0356697 0.0033995  0.00193958  -0.00202593  0.00157045  0.00326462  0.000527865  -0.00125086  0.00147469  0.00365888  0.0025454 
438 4.87539e-06 0.532944 0.000801541 0.032711 -2.50288e-05  0.000479866  -0.000109082  0.000243505  0.000108813  0.000419604  8.22579e-05  0.000289621  -0.000170424  -0.000181046 
439 -0.000138086 0.310905 0.0102206 0.0326364 -0.00581424  0.00398503  0.00111347  0.00123965  -0.00158904  0.00180138  0.00231975  -0.000174466  -0.0047443  0.00427884 
440 5.66872e-05 0.543759 0.00315017 0.0346876 -0.00075722  0.00182235  0.000909434  0.000945609  0.000549146  0.000402007  -0.00166893  -0.001011  7.33052e-06  0.000193211 
442 0.000389332 0.732196 0.0190156 0.0338606 0.00227563  -0.00564278  -0.0111898  -0.00265459  -0.000933569  -0.0017198  -0.011101  0.000235518  0.000461877  -0.00806126 
444 -0.000110248 0.461432 0.00412493 0.0275188 0.000812847  -0.000291374  0.00140818  0.0019994  -0.0016179  0.000480299  0.0016798  0.00177423  0.00110226  -0.000505905 
448 -0.00025534 0.184983 0.017939 0.029454 0.00305468  0.00838617  0.00583  0.00374801  -0.000875852  0.0083838  -0.00397206  -0.00409796  -0.00396959  -0.00864449 
450 7.02035e-05 3.574 0.0293786 0.0335099 -0.00442877  0.0026607  0.00791943  -0.00155409  0.0110706  0.0173687  -0.00772536  0.012836  0.0102823  0.00410772 
451 -0.000141159 0.408814 0.00717636 0.0324455 -0.00169254  -0.00217399  0.00279105  0.00282756  -2.00772e-05  -0.000230394  -0.00385805  -0.00265522  -0.00247696  2.52392e-05 
452 6.80969e-05 0.681402 0.00702937 0.0345526 0.00219503  -0.000704838  0.00140282  -0.00331398  -0.00276971  -0.00113937  -0.00368322  -0.000915245  0.00161424  -0.00227327 
453 -0.000890546 0.231072 0.0309625 0.0335527 -0.00976477  0.0169858  -0.014056  0.00234415  0.00211773  0.00210187  0.00723399  0.0171361  -0.00322541  -0.00254208 
456 0.000115782 0.732905 0.0103857 0.044908 -0.00139049  0.00262067  0.00519911  0.00277295  -0.00307927  -0.00179239  -0.00149143  -0.00529337  0.00302896  0.00349699 
457 -4.97703e-05 0.487702 0.00156513 0.0435999 -0.000920135  -0.000371955  -0.000733181  0.000325621  -0.000459806  0.000172434  0.000153358  0.0002128  -0.000331731  -0.00063328 
458 1.56481e-05 0.657708 0.00314187 0.044167 -0.00192823  -0.00025757  0.000985537  -0.00122715  -0.000238956  0.000965287  -0.000950762  -0.00112985  -0.000574849  0.000331538 
460 2.79367e-05 1.81128 0.0121048 0.0439895 -0.00547904  0.00335062  -0.00694909  -0.0065201  -0.00335038  -0.001412  -0.000148531  -0.0010863  -0.000147178  0.000191328 
461 0.000158871 0.524679 0.0039616 0.0436708 0.000239068  0.000102989  0.000152136  -0.000969164  -2.36279e-05  -0.00286744  0.000490543  -0.000311565  -0.00165832  0.00183129 
462 3.71954e-05 0.584243 0.00354036 0.0418125 -0.00164843  -0.000880217  0.00071453  -0.00193704  -0.00149359  -0.000274656  -0.00117362  -0.000978703  0.000309428  -0.000205321 
464 0.00040341 1.1409 0.0321545 0.0413653 0.000244885  -0.00399833  -0.00559569  -0.018255  0.00310585  0.00503921  -0.0102832  -0.0170716  0.0116498  0.00923967 
465 -0.000550752 0.28341 0.0218496 0.036163 0.00831886  0.0039178  -0.0109928  -0.00931784  0.0109293  0.00498201  0.00232639  -0.00267698  0.00516658  0.00128255 
466 0.000539723 0.62867 0.0166687 0.0431122 0.0048714  -0.00863506  0.000725849  0.00217401  0.00704449  0.000133539  0.00484104  0.00382217  -0.00693872  0.00620201 
467 -0.00010343 -0.393794 0.0192298 0.0363192 0.00360268  0.00162934  0.0133053  0.00556762  0.00931707  0.000857058  -0.00402863  0.00309348  -0.00471321  0.00325063 
468 7.0277e-08 5.902 0.00123229 0.0377163 0.000402933  0.000385087  9.8752e-05  -0.000152648  -0.000540673  -8.98725e-05  -0.000378365  0.000190047  -2.22947e-07  0.000833764 
471 0.000243764 0.946399 0.0208618 0.0377154 0.00176219  -0.0036484  -0.0104429  0.00487124  0.00233956  -0.0130518  0.000222979  -0.0103744  -0.00143165  0.000682144 
472 -1.97734e-05 0.477313 0.00133963 0.0343324 -5.4194e-05  -0.000184573  -0.000507404  8.53519e-05  0.000121941  -0.000769083  -0.000702136  -0.000156299  0.000420182  0.000438779 
473 -4.78229e-06 0.498265 0.000182206 0.0346192 0.000118409  -8.43674e-06  -5.58147e-05  -2.60941e-05  4.52718e-05  -1.0252e-05  4.10963e-05  -9.24581e-05  -9.64958e-06  5.31564e-05 
474 7.29823e-05 0.796782 0.00930794 0.0346882 -0.000312342  -0.00363431  -0.00122784  -7.93996e-05  0.00117222  -0.00453998  0.00248727  0.00243197  0.00607902  0.000881461 
476 0.000401143 0.771688 0.0208785 0.0336198 0.00495996  -0.000559326  0.00686686  -0.00118623  -0.00872635  -0.00111903  0.0138573  -0.00105907  -0.0087712  0.00386743 
477 -1.7631e-05 0.340845 0.00335029 0.0270043 -0.000404891  -0.00134442  0.000140763  0.000455457  -0.000195281  0.0021395  -0.000862572  -0.000447724  0.0011499  0.00146405 
479 -0.000345907 -1.20171 0.0485213 0.0273288 0.00374055  0.0076375  0.0207765  0.00719208  -0.0281603  0.0112376  9.88628e-05  0.0206071  0.00373316  -0.0209934 
483 0.000192698 1.28713 0.0246298 0.033058 -0.0127455  -0.00514143  -0.0054499  -0.010662  -0.00238615  -0.00416223  0.00983923  -0.00796592  -0.00103567  0.00948738 
487 -0.000503152 0.320399 0.0190176 0.0300025 0.00828717  -0.0125275  0.00501625  -0.00479212  -0.00340983  -0.000598932  0.00505345  0.00600995  0.00337368  0.00170346 
489 -5.7074e-05 0.260752 0.00739067 0.0374624 -0.00270126  -0.00368552  -0.00221418  -0.00431774  0.000149536  -0.000510136  -0.00115768  2.30921e-05  -0.00153279  0.00249478 
492 -0.000967979 0.281303 0.029113 0.0382165 -0.0104432  0.00932453  0.002962  0.00571512  -0.000221958  8.98512e-05  0.0149807  -0.0101176  0.0141223  -0.00915631 
496 -0.000559717 -0.665063 0.0510731 0.0492844 -0.000226169  -0.0252861  -0.0414732  -0.00514513  0.00751879  -0.00953494  -0.00569836  -0.0035457  -7.34446e-05  -0.00547985 
497 0.000272695 1.48916 0.0328436 0.0546702 0.0123487  0.000261129  -0.0118901  -0.00666927  0.011837  -0.0035412  -0.0204584  0.00864801  -0.00854783  0.00460821 
499 8.67939e-05 0.535839 0.00352783 0.0521169 -0.000171015  -0.000990699  0.00148181  0.000629358  0.000859823  0.00277695  -7.11388e-06  0.000483181  -0.00035428  -0.000182278 
500 -1.58704e-06 0.499434 5.99468e-05 0.0512775 1.54032e-05  -7.67239e-06  -5.97897e-06  -3.26407e-05  1.61761e-05  -1.144e-06  -1.6751e-05  6.48233e-06  -3.67712e-05  -1.60818e-05 
501 -2.25034e-05 0.492128 0.000841921 0.0512929 0.000216792  -1.50351e-05  -0.000111919  -0.000464057  -4.28251e-05  -0.000307005  -0.000314144  -0.000179392  0.000302727  0.000339313 
