generation s h r distopt trait[0] trait[1] trait[2] trait[3] trait[4] trait[5] trait[6] trait[7] trait[8] trait[9] 
2 -4.45218e-05 0.205151 0.00724643 0.02 0.000199697  0.00191505  0.00411236  -0.00144184  -0.00144533  -0.000104663  -0.000281479  -0.000284226  -0.00471042  0.00231624 
3 -0.000370954 0.430021 0.0101942 0.0404541 -0.00455587  -0.00411017  -0.00159253  0.00136188  0.00170188  0.00470834  0.0022715  -0.000203599  0.00394245  -0.00400913 
4 2.85893e-06 33.2171 0.0193423 0.0646669 0.00159247  0.00877225  -0.0128025  -0.00540513  -0.000715377  -0.00770141  -0.00396792  0.000839431  -0.000819284  -0.00495728 
6 0.000137432 0.770922 0.0122037 0.103923 0.00132603  -0.00281534  -0.000849929  0.000582758  0.00825554  -0.00430323  -0.00144507  0.00691189  0.000370549  0.00122957 
7 0.00168371 3.99634 0.153167 0.122964 0.102077  -0.0492956  -0.024056  -0.0413785  0.000528431  0.0646935  0.0131502  -0.0175162  0.0416855  -0.0437761 
9 0.0012828 0.851779 0.042477 0.128789 0.00321958  -0.012843  0.00841175  -0.0182304  0.0126594  -0.0178739  -0.0160576  0.00583829  -0.0152257  0.0149129 
10 0.00309762 0.673785 0.0464129 0.133979 0.0304203  -0.0105628  0.0113258  -0.00834178  -0.0206279  -0.00690918  0.0174166  -0.00797707  -0.0050537  0.00731928 
13 0.0016945 0.570689 0.0219119 0.154738 0.00724939  -0.00419698  -8.29728e-05  0.00740568  -0.0024108  -0.0101054  0.00191009  -0.0120744  -0.00608396  -0.00779287 
14 0.00102161 2.14084 0.0818335 0.163064 -0.00342634  0.0263423  0.00385206  -0.000621657  -0.0513752  -0.0233524  0.00585788  0.0478867  -0.00938163  0.0193811 
15 0.0122791 0.668848 0.0911512 0.175626 0.0194554  0.0170557  0.00948663  0.0669339  0.0224925  -0.008023  0.00708128  -0.0392796  -0.0299679  0.00275646 
19 0.00503717 0.53416 0.0264409 0.211261 0.00826916  0.0149106  0.00299837  -0.00196386  0.0167695  -0.0048187  -0.00864038  -0.0023831  0.00147185  0.00293786 
21 0.00963027 0.564247 0.0500818 0.238202 0.0240244  0.00170385  -0.0229513  -0.030959  0.0137686  0.00137766  0.00357539  0.0154217  -0.000869088  -0.000231265 
22 0.009316 0.600046 0.0612546 0.236563 0.0279451  -0.0256534  -0.0172806  0.0202224  -0.00165038  -0.00818786  -0.00933163  0.0271124  0.00937947  -0.0250125 
23 0.00107917 2.30555 0.0882201 0.234899 0.0164431  0.00587084  0.0257805  0.0583221  -0.0462018  -0.00512126  -0.00388137  0.0278397  0.0146235  -0.0157179 
26 0.00773286 0.597608 0.0551005 0.287037 0.0197109  -0.00414887  0.0207266  -0.0283688  -0.00809016  -0.0216103  0.00590098  0.00886311  -0.0272546  0.00270404 
28 0.00806833 0.592409 0.0547863 0.309792 0.013906  0.0123661  0.000516265  -0.00980643  0.0332577  -0.00785587  0.00377379  0.0145795  -0.0258432  0.0222787 
30 0.0192811 0.801668 0.152184 0.333626 0.0345331  -0.0533242  0.0413404  -0.017987  0.0240684  -0.0162468  -0.00312758  -0.091215  0.0727315  0.0512683 
31 0.0315904 0.665263 0.144876 0.322045 0.0641058  0.0728945  0.0348528  0.0345578  -0.0288415  0.0243979  0.0308994  0.0600744  0.0370839  -0.0423202 
33 0.0171844 0.807856 0.14516 0.304782 0.0646882  0.121414  -0.0249329  -0.0171118  -0.00237738  -0.0238594  -0.00717406  -0.00852136  0.0230597  0.000323463 
39 0.0143347 0.675685 0.100453 0.374659 0.02595  -0.0789804  0.0279963  0.0112186  -0.00272697  -0.0369912  -0.0108743  -0.0100747  0.0251909  0.00629668 
40 0.0164109 0.518721 0.036759 0.372359 0.0261504  0.0031486  0.00294085  -0.00317093  -0.0172373  0.00547015  -0.0120458  0.00978131  -0.0061961  -0.00570506 
41 0.0271234 0.547835 0.0739945 0.366936 0.0373911  -0.0143734  -0.0174139  -0.0468958  -0.0127236  0.0090544  -0.00833557  -0.003329  -0.0134601  -0.0293673 
44 0.00969451 0.527824 0.0334689 0.380787 0.0147757  0.000970787  0.0138493  -0.00198656  0.0117214  0.00821165  -0.010404  0.00780767  -0.00980745  -0.0153278 
45 0.000600042 23.6133 0.234688 0.385659 0.119678  -0.0707757  0.0344893  -0.0440207  -0.0141262  0.0090902  0.0956825  0.115789  0.0092411  -0.0984342 
46 0.00374845 0.525448 0.0196935 0.396898 0.00862598  0.00551416  -0.00228325  -0.00466598  0.00136913  -0.0151971  0.00132221  -0.00175769  -0.000365409  0.00427044 
47 0.0192169 0.608892 0.0919956 0.40452 0.0199773  0.000837431  0.00793169  0.00622143  -0.0261169  0.0198808  0.0173314  -0.0537764  0.0462842  0.0393693 
49 0.0153108 1.25039 0.213223 0.406329 -0.00632354  0.063252  -0.0719418  0.0444021  0.101921  0.0962379  0.0686578  -0.0562851  -0.0667547  -0.0478391 
50 0.0614556 0.69931 0.221432 0.40201 0.171706  -0.0382334  -0.0305073  -0.00150311  0.0354061  0.0367473  -0.0305972  0.109263  -0.0390031  -0.0124347 
51 0.0306468 0.582172 0.101806 0.328034 0.0466036  -0.0119648  0.0233751  0.0104012  -0.0180473  -0.0340822  -0.0164606  -0.0707373  0.0221387  -0.011947 
56 0.00553103 1.84972 0.17229 0.329053 0.0544155  -0.104261  -0.0389698  0.0742548  -0.0387197  -0.000107332  0.0144277  -0.0290801  0.0694628  0.0379725 
57 0.0575751 0.570279 0.131408 0.330386 0.0291228  0.0583288  0.0187916  -0.028938  0.00771759  -0.0244993  -0.0559501  0.00989099  -0.0100949  0.0885279 
58 0.000824009 0.532311 0.010334 0.243323 0.0044454  0.000839494  -0.00293684  -0.00340365  0.00174888  -0.00546903  0.00385038  0.00241989  0.00164211  0.00312533 
62 0.00657038 0.565228 0.0415902 0.29965 0.00653633  0.000736635  -0.0267539  0.00229348  0.00477022  0.00920898  0.0101225  -0.00926087  -0.0248962  -0.00705974 
64 0.00627037 0.546914 0.0345307 0.321282 0.018097  -0.00723667  0.0115033  -0.00659854  0.0128999  -0.00493863  0.0114131  -0.0169063  0.00447731  -0.00311569 
66 0.0196627 1.76479 0.312258 0.344535 0.181634  -0.0201795  0.0788876  0.165671  -0.0534871  -0.048168  -0.0633275  -0.0763978  -0.0683221  -0.103639 
68 0.00803938 0.652849 0.0701758 0.331112 0.0447837  -0.0239064  -0.0343541  -0.0170719  -0.013271  -0.0076195  0.0137976  -0.0143826  0.0118234  -0.0102319 
72 0.00905406 0.552449 0.0439444 0.353366 0.014233  0.0100352  -0.010943  0.0229459  -0.00135442  -0.0101103  -0.000769806  0.0110849  -0.0128889  0.0242471 
74 0.00731022 0.616577 0.0584935 0.362126 0.0277751  0.0059207  0.0158752  0.00799181  -0.0168583  0.027431  0.0194832  0.0248498  0.0157355  0.00420926 
75 -3.54906e-05 -49.1448 0.0839143 0.362741 0.0468587  -0.0252819  -0.00641167  0.0175754  -0.0259021  0.0372602  0.0227209  0.0344539  0.000955092  0.00965543 
78 0.0240839 0.899844 0.195356 0.392406 0.0767806  0.0310449  0.0554982  -0.0109361  -0.0018471  0.0859069  0.0103752  0.0849027  -0.0876539  0.0756482 
79 0.0260888 0.87168 0.196053 0.369009 0.121264  0.061911  -0.00326675  -0.0436092  -0.110141  -0.0195859  -0.00253529  -0.00805268  0.070585  0.0204482 
80 0.036611 0.591236 0.117242 0.335182 -0.0164972  -0.05625  -0.0374383  -0.0568884  0.0226221  -0.0210259  -0.0622693  -0.0110378  0.0177726  0.0200649 
81 0.00783382 0.555549 0.0419992 0.28246 0.0142171  -0.00764313  -0.0145662  0.00679735  0.011438  0.0122234  -0.011973  -0.0260632  0.00996125  -0.00654971 
82 0.00581804 0.551589 0.0348391 0.274963 0.00655895  0.0137318  -0.00359548  -0.00236707  0.000311871  -0.00678295  -0.0126228  0.000845176  -0.0181176  -0.0207183 
85 0.0159965 0.649452 0.0979879 0.291016 0.0373788  -0.00598392  0.0122845  -0.020408  0.0608422  0.0170366  0.026969  0.0120013  -0.0206869  -0.0480616 
86 0.00783588 0.661755 0.0712563 0.271823 0.00100815  0.00680656  -0.0103145  -0.0287848  -0.0294439  -0.00620987  -0.0286695  0.0139257  -0.00319806  0.0465141 
87 0.0110932 0.557422 0.050931 0.268158 0.014358  0.00455165  -0.0242763  -0.0210427  -0.00037348  -0.0157585  -0.0258585  -6.5292e-06  -0.0203872  0.00148115 
88 0.0138615 0.53946 0.0476128 0.258707 0.0231028  0.000230069  -0.00749304  -0.00215061  0.0126382  -0.00843115  0.018698  -0.0228841  0.0221642  -0.00877854 
89 0.0069634 0.617395 0.0572824 0.243087 0.0171382  0.0145304  -0.0360629  0.0107445  -0.00729263  0.0080099  0.00153237  -0.0156613  -0.0269172  0.0164604 
91 0.0148305 0.690769 0.106424 0.255025 0.0626459  0.0314451  0.0161723  0.00562168  0.0252959  0.068058  0.0196391  -0.0090909  -0.0182914  -0.00670488 
92 0.00230055 0.625245 0.0339658 0.235485 0.0077489  0.0120584  0.00208043  0.00672802  0.017049  0.0102345  0.00668434  0.0127867  -0.00593529  0.0161187 
95 0.0096504 0.521987 0.0298447 0.26914 0.0193483  -0.0075261  -0.0100025  -0.00311632  0.0016953  -0.00646255  -0.0144633  0.0047747  0.00698246  -0.00495656 
97 0.0107652 0.828891 0.118824 0.279532 0.00919984  0.0241707  -0.02545  0.00713468  0.041645  -0.0570163  0.0272404  -0.030272  -0.0669517  0.0403167 
99 0.000749329 0.532961 0.00995169 0.291892 0.000223565  0.00116281  0.00578043  0.000824278  0.00560421  -0.00134477  0.000542667  0.00546533  0.000287798  -0.000280043 
102 0.0139455 1.05621 0.17547 0.32466 0.0214111  0.0275418  0.0777909  -0.0479029  0.115068  -0.0367481  -0.0275232  -0.00997317  0.0193132  -0.073522 
103 0.00153314 5.53683 0.17535 0.302581 -0.018613  -0.0439959  0.0322546  0.0050413  -0.0653295  -0.0757398  -0.00403338  0.00525301  0.0962372  0.089944 
105 0.0185693 0.620925 0.095177 0.300038 0.0407273  -0.00176787  -0.0451169  0.0334462  -0.0259467  0.0210745  0.0547381  0.00720383  0.00248336  0.0084234 
106 0.000628733 0.507193 0.00427562 0.267627 0.0012608  -0.000769027  -0.00271955  -0.00193704  9.41871e-05  0.000430917  0.00137964  0.00113727  -0.000511471  0.00113968 
107 0.0119956 0.556108 0.0524053 0.26645 0.0117263  0.00845449  0.000394813  -0.0192277  0.0298433  0.0166813  -0.0205438  -0.0139585  -0.018425  0.00649738 
108 0.00803811 0.522387 0.0273659 0.243046 0.0175831  0.00697231  3.34597e-06  0.00562665  0.00674988  0.0118904  0.000600643  -0.00938894  -0.00400408  -0.00824433 
109 0.0171143 0.595507 0.0813719 0.225976 0.060341  0.0120809  0.0142574  0.00380536  0.0435833  0.0248877  -0.00328274  -0.00597464  0.00476572  -0.00534368 
111 0.0067905 1.02542 0.119251 0.184651 0.0840123  -0.00461298  0.0253421  -0.0298817  0.0544924  -0.0313025  -0.0208417  0.014063  0.00462921  0.0316778 
112 0.00112159 0.743557 0.0330537 0.165313 -0.00146977  -0.00332926  0.00596418  -0.00288123  -0.0188526  0.00941756  0.0197984  -0.00916554  -0.0107333  -0.000362478 
113 0.0133632 0.694804 0.102071 0.161887 0.0628379  -0.0382013  -0.00488891  0.0131838  -0.0536389  0.0218849  -0.0179606  0.00197483  -0.0105956  -0.031906 
114 0.00653518 0.610125 0.0537547 0.113721 0.00568924  0.0162252  -0.0212173  0.00377975  -0.0115387  -0.0179275  -0.0106888  -0.0123657  0.0232767  -0.0294276 
117 0.000606025 1.26786 0.043134 0.0801164 0.00879367  -0.0192603  -0.00454961  -0.00383296  -0.0161945  0.00994315  -0.0232059  0.0160324  -0.00326216  0.0144758 
118 0.000284607 0.530542 0.00589964 0.0762417 -0.000563042  0.00017723  -0.00317665  0.00061174  0.000291143  0.000176514  0.00370192  -0.00245176  0.00196112  -0.000560982 
121 0.00258986 0.913088 0.0653826 0.0743521 -0.0132761  0.0142014  -0.0240797  -0.00612114  -0.0424513  -0.0166219  -0.0304665  -0.00830373  -0.00713633  -0.0123762 
122 -0.00084356 0.312319 0.0251765 0.0542376 -0.0127609  0.0107178  -0.00416818  0.00256496  -0.0121648  -0.0065192  -0.000481493  0.00775083  0.00291717  -0.00853763 
123 0.000203443 0.509752 0.00282053 0.0615275 0.00100263  -0.000319098  0.000630814  0.000345718  0.00129566  0.000501371  0.000680505  -0.000920675  0.000936258  0.00148777 
125 4.43341e-05 0.690311 0.0058094 0.0598516 -0.00144984  -0.000647276  -0.000118712  -0.000339788  0.00164856  -0.00237008  -0.00286692  -0.00248521  -0.00157589  0.00242581 
126 0.000266069 0.751399 0.0163569 0.0594801 -0.00265737  0.00589268  0.00438345  -0.000566719  -0.00212955  0.00384689  0.000318739  -0.00630609  0.00279946  0.0117978 
127 -3.16136e-05 0.496956 0.000620821 0.0572 0.000376322  -0.000187457  0.00016349  4.80442e-07  -0.000370647  0.000135209  -0.000140969  2.13027e-06  3.55748e-05  7.16167e-05 
128 0.000111766 1.27161 0.0185723 0.0574757 -0.00346618  -0.00321472  -0.0133574  -0.00738513  -0.00268685  -0.00341919  0.000420107  -0.0078355  0.00301177  0.000266586 
130 0.000462724 2.21794 0.0563723 0.0564951 0.00707378  0.0176759  0.00945737  0.00717733  0.0411967  0.0206187  -0.0192498  -0.0022921  -0.00809066  -0.0105278 
131 0.000184785 0.746972 0.0135109 0.0522406 0.00483669  -0.00685506  -0.00488618  0.00185374  0.00289574  -0.000178651  0.000522353  0.00671015  -0.00497995  0.00251607 
133 0.000728163 0.651894 0.0210355 0.0504412 -0.00140521  0.00922501  -0.0053135  0.00609933  0.00278063  -0.0031992  0.00801829  0.00405157  0.00483379  0.0129593 
134 -0.000475076 -0.545233 0.0445685 0.0426194 0.0186256  0.0135996  -0.0119402  -0.0187079  -0.0021989  -0.000673601  0.000122734  -0.0219574  -0.00927311  -0.0197107 
135 6.18305e-05 0.505188 0.00113359 0.0478707 -0.000231184  -0.000486679  -0.00019592  2.14814e-05  -5.11573e-05  0.000338362  0.00017007  0.000698397  0.000555028  -0.000118501 
139 0.00101753 1.04803 0.0472157 0.0472205 -0.00873879  -0.00698611  0.010166  0.0158431  -0.00802766  0.0166324  0.0300879  0.0145616  0.0124049  0.0117267 
143 -0.000160857 0.460639 0.00503394 0.0348247 -0.00158356  0.000408249  0.000288468  0.000715319  0.000317164  0.00253554  -0.00293654  -0.00182749  0.00173359  0.000757301 
144 -0.000175198 0.240722 0.0134806 0.0370625 0.00203652  -0.0010461  0.000556909  0.00464942  0.00277032  -0.00656211  -0.00380715  -0.00393076  -0.00731577  -0.0045118 
145 -6.9713e-06 -0.86784 0.00617596 0.0393553 -0.00119324  -0.00180294  -0.00408048  -0.000628653  0.000441604  0.000473108  -0.00385117  0.000489604  -0.000601932  -0.000755078 
147 0.000198352 0.573503 0.0076375 0.0394438 0.00277919  0.000199895  0.00285969  -0.0037164  0.000824023  0.00126101  -0.00191961  0.0032532  0.00304958  0.0016555 
148 0.000315798 0.635025 0.0130607 0.036844 -0.0052865  -0.00497658  -0.00588034  -0.0053376  0.00397093  -0.00143244  0.00287641  0.0044973  -0.00245415  -0.0015676 
149 0.00025416 1.57514 0.0330572 0.0322759 -0.00178071  -0.0126799  0.0109024  -0.0145381  -0.00308224  -0.00894773  0.0080949  -0.0154476  0.000362062  0.0143094 
150 -0.00045575 0.32075 0.0180814 0.0280643 -0.00477256  0.00293857  -0.0108387  0.00179144  0.00224762  -0.00157671  -0.00137229  -0.0126638  7.94184e-05  0.00224493 
151 -0.000202694 0.452562 0.00620371 0.0352627 -0.00237685  0.00201784  -0.00212483  0.0023216  -0.00182777  0.000904214  -0.00296839  -0.00170246  -0.000200711  0.00171812 
152 -5.51633e-05 0.248548 0.00744893 0.0380286 -0.0036532  -0.000445112  0.00263971  0.00296628  0.000313192  -0.00181301  0.00444217  0.00120571  -0.000756505  0.00101567 
153 1.51759e-05 19.041 0.0335461 0.0387471 0.0124386  -0.0050454  0.0137516  0.00393031  0.00162629  -0.0174497  0.0059961  0.01406  -0.0126581  -0.0062938 
155 -0.000909066 -0.0968477 0.0465951 0.0385508 0.00232212  -0.000493233  -0.0211055  -0.00745998  -0.0264527  -0.00694904  0.00352305  -0.0120862  0.0172962  -0.0214172 
156 0.000356589 0.585801 0.0110645 0.0489453 0.00236824  0.00406272  -9.57998e-05  0.00140534  0.00167984  0.00544177  0.00104207  0.00312936  -0.00729602  0.00133375 
157 -0.000422317 0.460621 0.00816241 0.0451566 -0.00119128  -0.000107399  -0.00174278  -0.00298446  0.000144329  -0.00485622  -0.00112039  -0.00273577  0.000361391  -0.00455807 
158 0.000145474 0.556885 0.00575405 0.0496137 -0.000361149  0.00175682  0.00399534  -0.00115179  -0.000733055  -0.00222217  -0.00118069  0.00149188  0.00182393  0.00042546 
160 1.30576e-06 0.959152 0.0015486 0.0481255 -8.59129e-05  0.000960377  -0.000365521  0.000460429  -0.000590203  6.29424e-05  -0.00079041  -0.000192493  0.000136864  0.000300054 
163 0.000296424 1.41039 0.0328509 0.0481119 0.00795512  -0.0155781  -0.00460408  -0.00237586  0.0171379  0.010915  -0.00303154  0.00552563  0.0162802  -0.00536343 
164 -5.27121e-05 0.234483 0.00748239 0.0449263 -0.00325311  -0.000123439  0.00316012  0.000388186  0.00287347  0.00229273  -0.00173265  -0.00384429  -0.00184295  -0.000748748 
166 7.07164e-05 1.17254 0.0137924 0.0455092 -0.00120168  0.00370896  -0.00165088  -0.00139848  0.0053909  -0.0062992  -0.00751773  0.00335126  -0.00554915  -0.00175098 
167 9.82787e-05 0.584576 0.00576638 0.0447255 0.000944598  0.00258448  3.93189e-05  0.00458441  -0.000491142  0.000921212  -0.000840604  0.00158553  0.000187884  -0.000561568 
168 1.02252e-05 27.6596 0.033327 0.0436131 0.00163694  0.0130788  0.00652039  0.013134  -0.0104975  0.00172541  -0.0167748  0.0170755  0.00487352  0.00347052 
169 -0.000211381 0.388374 0.00971666 0.0434957 0.00688307  -0.00254704  0.000892181  -0.00151582  0.000675922  -0.00487198  0.00128019  0.00308562  -3.3986e-05  -0.00144967 
171 9.83749e-05 5.87631 0.0459882 0.0458615 -0.0209152  -0.0178533  -0.0111984  0.00593772  0.00299407  -0.00893895  0.0109336  0.00444782  0.00177815  0.031092 
172 -3.83284e-05 0.492328 0.00108489 0.0447762 -0.000411406  0.000186071  0.000279895  0.000345756  9.92101e-05  -0.000354898  -0.000753237  -8.76755e-05  -0.000137401  0.000213298 
173 -0.000133397 -0.35089 0.0213082 0.0452022 -0.00564377  0.00469444  0.00354478  0.00709096  -0.000306776  0.00335067  0.0158209  0.00197425  0.00737372  -0.00417231 
180 0.000678595 0.710499 0.0239034 0.0466545 0.00808926  0.0180963  0.00315336  -0.00757363  6.421e-05  -0.00705826  -0.00533897  -0.00514828  0.000839488  -0.00237001 
182 0.000183952 2.4972 0.0383297 0.0387076 -0.00188765  -0.000948351  0.00100006  -0.0158467  0.0139155  0.00215541  -0.00346139  -0.0120485  -0.0151982  0.0250233 
183 0.000377876 2.32598 0.0525222 0.0362539 0.01638  -0.0176745  -0.000462812  -0.0183722  -0.0246083  0.02288  0.00108177  0.00516545  -0.00110975  -0.026115 
186 -0.000824027 0.108545 0.0359296 0.0306029 0.0136585  0.00241095  -0.00461727  0.0203283  -0.00543386  -0.00953463  -0.000136703  0.00839245  0.00314607  0.0215228 
187 -0.000187703 0.47008 0.0047417 0.0419631 0.00174556  -0.00156216  -0.000653086  -0.000857448  -0.00142456  0.000927442  -0.00043881  -0.00339361  -0.000859024  0.000705769 
190 0.000120372 2.44621 0.0306091 0.0441432 -0.00559547  0.00413271  0.00886246  -0.00674102  -0.00166372  0.0230814  0.00748345  0.0128385  0.00189345  0.0021468 
192 0.000581638 0.615907 0.0164239 0.0427582 0.00126919  0.00113373  0.00110098  -0.00477223  0.0141655  -0.000180145  -0.00595458  -0.0012802  -0.000524979  -0.00219057 
193 -0.000966124 0.14373 0.0371174 0.0353099 -0.0029571  0.00832741  0.00346893  -0.00073255  -0.0162376  0.00913503  0.0202451  -0.0193241  -0.0123336  -0.00212828 
196 0.000893184 1.06197 0.0447969 0.0470466 0.0040373  0.000120092  0.00367827  0.00943705  0.0143444  -0.00517359  -0.0271458  0.0220522  0.0182031  -0.0100394 
198 -0.000330347 0.172742 0.0207975 0.03634 0.00637741  -0.00661639  0.00263122  -0.00100934  0.00201174  -0.0172744  -0.00225749  0.00264909  0.00503611  -0.000468038 
199 -8.97744e-05 -6.48387 0.0500722 0.0406325 -0.0229736  0.0345837  0.00539328  0.000277504  0.00949448  -0.00700734  -0.000576323  0.00238202  -0.0221532  0.010873 
202 0.000659646 0.673272 0.021383 0.0417226 0.00220536  -0.00632591  0.00158068  -0.00293467  -0.00210307  0.00578407  0.0161814  -0.00599866  0.00798664  0.00132467 
205 0.000324555 0.788027 0.0193364 0.0328839 -0.00499537  -0.00665461  -0.0103464  0.00700203  0.00502675  -0.00172771  -0.0026346  -0.00782167  0.00344778  0.00634994 
206 -0.000376988 0.254635 0.0192386 0.0275108 -0.00508352  -0.0131425  0.00672844  -0.00103529  -0.00158519  0.00543672  -0.00197209  -0.0059527  -0.000806551  0.00729144 
208 3.52651e-05 0.521273 0.00173244 0.0336735 -0.000241332  0.000341054  0.000408918  -0.000475618  -0.000666192  -0.000601011  0.000535253  0.000574736  -0.000759324  -0.000659515 
209 -0.000204706 -0.160932 0.0232643 0.0331458 -0.00394289  -0.0154514  -0.00826077  0.00127487  0.00299243  -0.00605162  0.000791614  0.00636981  -0.0104775  -0.0045292 
210 3.50134e-05 2.92834 0.0184412 0.0361022 -0.0102271  0.00468445  -0.00511113  0.00692193  -0.00434946  -0.000594619  0.00631131  -0.00427807  0.00671351  -0.00412618 
211 -0.000854055 0.403489 0.0181713 0.035614 -0.00256618  -0.00918952  0.00339176  -0.00148705  -0.00483866  -0.00859546  0.00408421  -0.0101321  -0.000209791  0.00296129 
212 -3.91384e-05 0.42583 0.00340773 0.0460736 -0.00166337  0.000614342  -0.000616021  0.000527964  0.00173956  0.00042987  -0.00151611  -0.00021267  -0.00141158  0.000512757 
214 0.000818879 0.909918 0.0366368 0.0464964 0.00945372  0.0173518  -0.00491244  -0.0242545  -0.00995246  -0.008972  0.00164178  0.000638026  -0.000346815  -0.0125145 
215 0.000105885 1.58234 0.0214095 0.036652 0.0072173  -0.00519611  -0.00116532  0.00225225  0.00665608  -0.00105163  -0.00197442  0.0165896  0.00487605  0.00495474 
219 0.000673542 0.813797 0.0290736 0.035178 0.0133158  0.00887827  0.00465083  0.00752016  0.00796644  0.00487365  -0.0101729  -0.00833859  -0.0102981  -0.0120279 
220 -0.000612512 0.269318 0.0237803 0.0237524 -0.00254321  -0.00172643  -0.00935994  -0.00151204  0.0105738  -0.00622759  0.0141406  0.00539962  0.000952988  -0.0092493 
224 0.000521241 0.76942 0.0236998 0.0343056 0.00961102  -0.00427294  -0.0042926  0.000859808  -0.000653381  0.0122456  -0.0116513  -0.00795082  0.00833255  0.00361977 
225 -6.09753e-05 0.368216 0.00566966 0.025608 0.0028035  0.000643393  -0.000396617  -0.000588561  -0.00256297  0.000733383  -0.0010446  -0.0017401  -0.00333309  0.00101611 
229 -0.000690653 0.387503 0.0176386 0.0267721 0.00350799  -0.00499263  0.00175401  -0.00539618  0.00566781  -0.00729724  -0.00588223  0.00224423  0.00266305  -0.0104685 
235 -0.000109212 -0.725273 0.0231356 0.0375185 -0.0153167  -0.00156605  -0.00685253  -0.00485325  -0.00711535  0.00377922  -0.00435681  -0.00721973  -0.00319462  -0.00902599 
241 -0.000165731 -0.945325 0.0309535 0.0389468 0.000734316  0.00762213  -0.00280818  -0.00609027  0.0146979  0.0177942  0.0138514  0.0099301  -0.00487528  0.00275749 
242 1.56011e-05 1.03758 0.00579196 0.0410195 -0.0009931  0.00205385  -0.000940525  0.00024  0.000933463  -0.0032152  -0.00302039  -0.00252724  0.00021761  0.000796379 
244 0.000105766 0.781582 0.0109144 0.0408289 0.0021717  -0.00134722  0.00171917  0.00360836  0.00492068  -0.00399189  0.00143011  -0.00181354  0.00559723  0.00445041 
245 0.000636428 1.00409 0.0358171 0.0395125 -0.000375536  -0.000490402  0.0115541  0.00849918  -0.0193564  0.00716464  -0.0164011  0.00631794  -0.0159115  0.00941602 
246 -0.000345112 0.230347 0.0192964 0.030414 -0.00312083  -0.0024485  0.000817708  0.00906305  -0.00303065  0.00825162  -0.00330697  -0.013342  -0.00244568  -0.00126724 
247 -3.70647e-05 0.305538 0.00536952 0.0356397 -0.000454806  0.000308055  -0.00146594  0.00439465  0.00195934  -0.000928107  0.000888665  -0.000172971  0.000276745  -0.00121303 
248 3.21676e-06 0.58306 0.0010338 0.0361559 6.11368e-05  -4.15357e-06  3.334e-07  -0.000487884  0.000245723  7.10555e-05  0.000566038  0.00035757  -0.000537267  0.000156887 
249 0.000195845 1.18122 0.0230995 0.0361114 0.00214586  -0.00508199  -0.00713061  -0.00438442  -0.000800689  -0.00501955  0.0163211  -0.00130322  0.00283926  0.0114505 
251 0.000178002 0.622824 0.00935196 0.0332898 0.00313924  0.00206145  0.00576003  -0.00184548  0.00161901  0.000221285  -0.00316825  -0.000634522  0.00316205  0.0036962 
253 -0.000679023 -0.144871 0.0418565 0.0304995 -0.0090513  0.00821495  -0.00701094  -0.00647065  -0.0129929  -0.0129742  0.0271206  0.00611821  -0.00380925  -0.0196703 
255 0.000574579 0.678516 0.0202562 0.0401183 0.00221174  0.00919192  0.00465406  0.000282054  -0.00491776  0.00225826  -0.0074002  0.0122712  0.00430404  0.00678492 
257 -0.000379014 0.35277 0.0149438 0.0321724 -0.00364027  -0.00238413  -0.00196421  0.00402732  -0.00766954  -0.00749311  0.00237343  -0.00476516  0.000699848  0.00636439 
260 -6.1018e-05 -9.83641 0.0502206 0.0376051 0.000122438  -0.00973915  0.00571786  0.00571653  0.00300654  -0.00120697  -0.0168189  -0.0231687  0.0359601  -0.015446 
261 -7.98431e-05 0.149314 0.0105833 0.0384079 0.000361316  -0.00487928  -0.00294698  -0.00220315  -0.00291914  0.00443661  0.00219401  -0.00119793  0.000557147  0.00630596 
263 0.00071097 1.06432 0.0400527 0.0394337 0.00558603  0.00580835  0.00754583  0.00983177  0.0127414  0.00474164  0.0150706  0.0209272  -0.0215959  -0.00833049 
264 -0.000511435 0.357042 0.017107 0.0290568 -0.00716615  -0.00444491  0.00250446  0.00129587  0.00396072  -0.0118045  0.00391796  0.00566975  0.00322903  -0.000793795 
265 0.000150794 0.676041 0.0103047 0.036822 -0.00237902  -0.00135154  -0.00351549  -0.00251383  0.00454834  0.00545367  -0.00140575  0.000727545  0.00517909  -0.000513175 
266 0.000471731 0.639969 0.0162527 0.0347142 0.00810979  0.00895007  0.00466599  -0.0060616  -0.00056132  -0.00085062  -0.00179037  0.000947836  -0.000966197  0.00732726 
268 0.00021754 0.918241 0.0190763 0.0270824 -0.00306534  0.00421444  -0.00291866  0.00363299  0.00255017  0.00844743  -0.00662192  -0.00906349  -0.00934823  -0.00487657 
270 -0.000275582 0.242688 0.0168437 0.0227144 -0.0050134  -0.00239406  0.00123783  0.00688033  -0.00948997  0.00212868  0.00140412  0.00118675  -0.00929549  0.00442665 
271 0.000127989 1.20636 0.0190156 0.0281347 0.00492608  0.00150092  0.00309252  -0.00989976  0.00905079  0.00270504  0.00303467  -0.00503933  0.00843353  -0.00570467 
274 0.000147427 0.831407 0.0139795 0.0257601 -0.00354888  0.00585133  0.00644694  0.000448973  -0.00261286  0.00466913  -0.00770158  0.00362551  0.00204218  0.0012534 
275 -7.29154e-05 0.400041 0.00539979 0.0227193 -5.69311e-05  0.000692592  -0.000766548  -0.00145168  -0.00231547  -4.58219e-05  0.000914431  -0.000292544  -0.00434852  -0.00088598 
278 -3.00257e-05 0.40726 0.00333751 0.0242711 0.000929301  0.000216756  0.00141912  0.00121553  -0.00181612  -0.000276885  0.000845296  -0.00119129  0.0007503  0.000815694 
280 8.33515e-05 1.64316 0.0195219 0.0248819 0.00502099  0.00405873  0.00734774  -0.00485419  -0.00353528  -0.000593181  -0.0122497  0.00562114  0.00198689  0.0079636 
281 -0.000193661 0.136428 0.0167832 0.0231465 0.00524079  -0.00501953  -0.000609165  0.00349673  -0.000261542  0.0040023  -0.00128273  0.00472209  0.0103039  -0.0083794 
284 -0.00012027 0.44755 0.00502405 0.0270082 0.00163642  0.00132434  -0.000329921  0.00120627  0.000167735  0.000320802  -0.000269124  -0.00165264  -0.00225386  -0.00335124 
286 0.000203185 0.621646 0.00994366 0.0291499 0.000567445  -0.0042028  -0.00222404  -0.00255437  -0.00131192  -0.00467547  0.00365117  0.00488537  0.000200169  0.00293266 
292 -9.01175e-05 -2.69868 0.0339546 0.0254274 -0.00983089  0.00691782  -0.0185788  -0.0116795  -0.0103437  -0.0164566  -0.0029474  -0.00543359  -0.00461787  0.00945956 
294 -3.59981e-06 -1.35528 0.00516861 0.0271418 0.000717353  -0.00177155  0.000109385  -0.000713698  -0.00197282  0.00214109  0.00345735  -0.000409327  0.00127101  -0.000572438 
296 0.000211282 0.62228 0.0101663 0.027208 0.000582786  -0.00515543  -0.000751094  -0.00221061  0.00497885  0.00316692  0.00319944  -0.00449011  -0.00199973  -0.00132997 
299 -6.02316e-05 0.460682 0.00307814 0.0230003 -0.000177442  -0.00107177  -0.000240477  0.00026269  -0.00191033  -0.000957881  -0.00100338  0.000459714  -0.00151247  -0.000308783 
300 -1.15166e-05 0.390069 0.00225038 0.0242744 -0.000347185  -0.00131197  0.00100993  -0.000384213  9.01917e-05  -0.00052331  0.000435546  0.000719665  -0.00014955  -0.00102122 
301 -7.97511e-06 0.367854 0.00205319 0.0245105 -0.00022112  0.000124077  0.000162105  -0.000723498  -0.000542882  0.000359592  -0.00172784  0.000229116  0.000310428  0.000207972 
302 0.000147472 1.90197 0.0287554 0.0246727 -0.00389678  0.00103246  0.0115913  0.0134327  0.0151262  0.00936264  0.00495983  -0.0107411  -0.00308941  -0.00546353 
303 -0.000487833 0.400341 0.013951 0.0214774 -0.00734853  -0.00541903  0.0031001  0.00393187  -0.00429561  -0.00383611  0.00256771  -0.00650752  -0.00172927  -0.0010453 
304 -0.000153937 0.46737 0.0044839 0.0308096 0.00119119  -0.00163065  0.00108807  0.000322609  -0.000886858  0.00266204  0.00114413  -0.00159576  -0.00106849  -0.00136723 
306 0.000261467 1.26927 0.028362 0.0332141 0.0106547  -0.000893439  -0.00875997  -0.00197906  0.00198885  -0.0128756  0.00326952  0.0195683  0.00534747  -0.00418228 
309 -2.94662e-05 -6.11511 0.0279218 0.0290129 -0.00247426  0.00284589  0.0189179  0.00407253  0.00516532  0.000195444  -0.0168985  -0.00128953  0.00756048  0.00445337 
311 1.36348e-05 0.684374 0.00317106 0.0295163 0.000645505  0.00166677  0.00154955  -0.000202245  0.000315718  0.000944494  -0.000301882  -0.000126048  -0.000702796  0.00168111 
313 0.000450536 0.83016 0.0243909 0.0292845 -0.00149825  0.00198274  -0.00784488  -0.0142948  -0.00684149  0.00924551  0.000880258  0.00541897  -0.00990935  0.007889 
314 -0.000227857 0.34494 0.0118897 0.0201778 -0.00335722  8.42818e-05  -0.00113809  -0.00570049  -0.0053339  0.0068656  0.00102351  0.000235051  0.00343375  -0.00279577 
316 -1.34367e-05 0.49169 0.000668395 0.0251998 -6.05408e-05  -0.000156252  0.000360584  -0.00022084  0.000104315  -0.000255795  -0.000232325  0.000115217  0.000230195  -0.000208157 
319 -3.05836e-05 0.214548 0.00590944 0.025465 0.000701111  -0.00118714  0.00366622  0.00300308  -0.000112589  0.000854757  0.00254618  -0.00154657  -0.00081673  0.000525091 
321 -0.00112134 0.359669 0.0251072 0.0260586 0.00159378  8.73154e-05  -0.00384466  -0.0032998  -0.012425  0.0170336  0.00896593  0.00215287  0.00605733  -0.00599276 
322 0.000183236 0.63493 0.00994497 0.0424384 -0.00107736  0.00272362  -0.00199958  -0.00282222  0.00327224  -0.00118382  -0.00130826  0.00573338  -0.00266339  0.00495728 
324 0.00051011 0.587351 0.0133535 0.0402219 -0.00163338  0.00295747  -0.000322666  0.00012463  0.0057546  -0.00426942  -0.000750672  -0.00943699  -0.00342982  0.00374883 
325 1.81365e-05 0.619266 0.00294149 0.033284 -0.000868426  0.000292514  0.000244812  0.000512054  -0.00108133  -0.00184306  -0.000582422  -0.000253871  -0.00157182  0.00022379 
326 8.54581e-05 0.510336 0.00188057 0.0330104 0.000686695  1.67351e-05  -0.000464896  0.000500197  0.000262024  -0.000701061  -0.000794149  0.000797786  0.00056854  0.000669229 
329 -2.8177e-05 0.109337 0.00663563 0.0316896 0.00239701  -0.00163427  0.00216355  0.00304496  -0.00192306  6.41729e-06  -0.000528009  -5.88298e-05  -0.00408921  0.000979943 
331 4.03705e-05 0.516254 0.00162033 0.0321311 0.000839514  0.000284637  0.000131099  0.000276622  0.000840189  0.000445624  -0.000825247  0.000134345  0.000374395  4.71163e-05 
335 3.71232e-05 0.558429 0.00294565 0.0314967 0.00130302  -0.00014946  -0.00053168  0.00088021  0.001054  0.00151642  -0.0005546  0.000163587  0.000688102  -0.00129649 
337 4.18132e-06 0.507307 0.000349598 0.0309017 1.34095e-05  -7.19915e-05  -0.00014267  -7.54481e-05  -8.15104e-05  -0.000102602  -0.000180166  0.000156284  3.60903e-05  -0.000124303 
339 0.000345638 0.662245 0.0149776 0.030834 0.00157685  -0.00624469  -0.00374117  0.00484244  -0.00150504  -0.00697872  0.00379338  -1.86165e-05  0.00864473  0.00230438 
340 -0.00018661 0.424213 0.00752282 0.0245999 -0.00234011  0.000953982  -0.00340465  -0.0006188  -0.00276866  2.57003e-05  0.00422306  0.00024429  0.00334392  0.00122074 
342 -4.27154e-05 0.379803 0.00453193 0.0281387 0.00135734  -0.000200538  -0.00061182  -0.0014525  -0.0010579  -0.00198121  -1.50181e-05  0.00308953  -0.000819845  0.00095382 
343 -0.000647263 0.285094 0.0235956 0.0288877 -0.00843465  -0.00478717  0.00173667  -0.0160288  -0.00158355  0.00632451  -0.011303  -0.00244081  -0.00259267  0.00445105 
345 1.77359e-05 0.52879 0.00142919 0.0384964 -0.000629654  0.000671845  -0.000242405  0.000547485  -0.000189135  -0.000315171  0.000287157  7.88286e-05  0.000782165  -2.59419e-05 
346 -0.000163971 0.448672 0.00580359 0.0382654 0.00105098  -0.00106164  0.000138938  -0.00287271  -0.00035734  0.000148003  0.000199025  -0.00410542  0.000139031  0.0024729 
351 -0.000325767 0.083843 0.0232892 0.0403512 0.0010143  0.00230827  -0.00434538  0.00269474  8.3249e-05  0.0103637  9.71602e-06  0.00524083  -0.0091116  -0.0170875 
