generation s h r distopt trait[0] trait[1] trait[2] trait[3] trait[4] trait[5] trait[6] trait[7] trait[8] trait[9] 
1 0.0666077 0.495566 0.030582 2 -0.0195378  -0.0096093  0.0118366  0.00618673  0.00622456  0.00540083  -0.00030047  -0.00096201  0.00962502  -0.0110112 
3 0.144647 0.513185 0.127383 1.98381 0.00439636  -0.0421313  -0.0156311  -0.00847125  -0.0361083  0.0401724  -0.0351109  0.0472627  -0.0762153  0.043853 
5 0.0314027 0.504428 0.0320246 1.94947 0.00248043  -0.00980251  0.0159354  0.000716215  0.00528443  0.0157447  0.00233364  0.008316  0.0173973  0.00397412 
6 0.0944961 0.542928 0.139783 1.94152 0.0516017  -0.0564212  -0.0123576  0.00317249  -0.0778161  0.0159211  0.0266822  0.0706387  -0.0366379  -0.0133222 
9 0.0503594 0.501453 0.0386314 1.91813 -0.0022455  -0.0133664  -0.0236427  -0.010815  0.00952899  0.0129933  0.00152947  0.00544452  0.00793354  -0.016679 
10 0.101152 0.49261 0.0423498 1.90528 0.00715447  -0.0294455  0.0107452  0.00587315  0.0179871  -0.0172549  -0.00733059  -0.00668149  -0.00149091  -0.00186111 
14 0.0422653 0.507197 0.045257 1.87982 -0.00912045  -0.00763246  0.0180184  0.0193338  0.00116795  -0.0188985  -0.0264485  -0.00338212  -0.0043322  0.0109567 
21 0.0834479 0.494208 0.0368079 1.86878 -0.00684098  -0.0212296  -0.0179952  -0.0162701  -0.00687544  -0.00899106  0.000984839  0.00743198  0.000127988  -0.00918979 
22 0.0803458 0.497025 0.045456 1.84721 0.00309316  -0.02731  0.0191814  0.010012  0.00116253  0.0152846  0.0037813  0.0213599  -0.00171392  0.0115858 
24 0.0331672 0.499723 0.0222749 1.82617 0.000341171  -0.0102825  0.00159263  0.0154902  -0.00621949  -0.00246089  -0.00870656  -0.00432623  0.00215422  -0.00198554 
27 0.110968 0.516081 0.110866 1.81721 0.0250799  -0.0549561  -0.0136928  0.0165544  0.0363529  -0.00365871  0.00180449  0.0797705  -0.0218767  0.00072115 
29 0.0357404 0.498974 0.0217365 1.78802 -0.00476542  -0.0110712  0.00011876  0.00545392  -0.00901447  0.00605115  -0.00731401  0.0108648  0.00252541  -0.00128071 
32 0.138048 0.500631 0.0931721 1.77818 -0.0126159  -0.035113  0.0128125  0.0091928  0.0301644  -0.0435688  -0.0483766  -0.0247148  -0.0347096  -0.00873417 
33 0.0333783 0.504965 0.0345105 1.74144 -0.0197235  -0.00431597  0.00723843  0.0161039  -0.0101219  -0.00354088  -0.00217677  0.0160268  -0.00504909  -0.00833798 
34 2.38588e-05 -23.1897 0.0475418 1.73198 0.010337  -0.00503613  0.0048294  -0.0130615  0.0208726  -0.0141556  -0.0171598  -0.00493987  0.00185987  0.0312363 
36 0.0543967 0.497185 0.0283947 1.73199 -0.0110062  -0.0103281  0.00552795  0.00728147  -0.00938889  0.000538693  0.00834197  -0.0151872  -0.00891246  -0.0051731 
39 0.0365455 0.498201 0.0196453 1.71663 -0.0077528  -0.00709227  0.0012564  -0.00536113  0.00646286  -0.00954767  0.0012064  -0.00839554  -0.00588457  0.00239093 
40 0.0714587 0.503928 0.058867 1.70614 -0.0218232  -0.0137355  -0.0238244  -0.0241325  0.00585416  0.0202115  -0.0288868  0.00742943  0.00291254  -0.0175933 
41 0.125364 0.507166 0.101738 1.6858 -0.0522869  -0.0113517  -0.0356452  0.0442029  -0.0197866  0.00920846  0.0108227  -0.0161922  0.0366988  0.0453973 
42 0.0161436 0.504659 0.0206554 1.65039 -0.00283899  -0.00374604  0.00240278  -0.00534953  0.00329835  0.0138085  -0.00510452  -0.00238259  -0.000780596  -0.0116732 
44 0.160197 0.496636 0.0950437 1.64554 -0.0271163  -0.0432064  -0.0350024  -0.000956188  -0.00375756  -0.0306115  -0.00114145  0.0437956  0.0473065  0.00983299 
45 0.0218322 0.521666 0.0458739 1.59975 -0.0195916  0.00230283  -0.011128  -0.0186491  0.00463035  0.000373629  0.00493353  -0.0126206  -0.0319422  0.00426157 
46 0.0113936 0.562293 0.0537219 1.59298 -0.00144895  -0.00468969  -0.0259794  0.0125784  0.00178906  -0.0286216  0.00736986  0.0091363  0.0144537  -0.0293208 
47 0.121224 0.513073 0.111869 1.58942 0.00921595  -0.0595844  -0.0394575  -0.00299359  -0.00093437  0.0651856  -0.0205356  0.0347028  -0.017696  0.0335326 
50 0.173713 0.497209 0.105021 1.55301 -0.0185022  -0.0389548  -0.0253838  -0.00487326  0.00332614  -0.0429578  0.0161803  -0.0583894  0.0519628  0.016545 
51 0.0967135 0.505944 0.0803269 1.50056 0.00358909  -0.0388751  -0.0216613  0.0276695  -0.00394387  0.0203534  -0.0131613  -0.0268933  -0.0256714  -0.0413298 
52 0.0842011 0.497338 0.0490564 1.46948 0.00340914  -0.0378881  0.00904542  0.0116399  -0.0148824  0.00410908  -0.00442721  0.0211435  -0.00566094  0.00224304 
54 0.00382058 0.499938 0.00251474 1.44171 -0.00119563  -0.00103929  0.000713773  0.0013576  0.000647984  0.000269782  -0.000181672  0.000385617  -0.000885298  -5.98215e-05 
56 0.101985 0.494504 0.0507918 1.44038 -0.0236551  -0.0288714  0.00613257  -0.0124837  0.00318855  0.00507696  -0.0266387  0.00444717  0.0135563  0.00664185 
58 0.0166987 0.57945 0.0734612 1.40627 0.0248385  -0.0254216  0.00489479  0.0151566  -0.0258223  -0.0314262  0.00437907  0.0339987  0.0317777  -0.00635167 
60 0.0349748 0.530868 0.0695185 1.40037 -0.00166998  -0.00501718  -0.0056812  -0.04624  0.00601783  0.0351849  0.000519074  -0.0284787  0.0194021  -0.013134 
64 0.0329108 0.5116 0.0450143 1.38804 -0.0073423  -0.0166777  0.00290733  -0.0144528  -0.00143085  0.00543209  -0.03024  0.0184331  0.000875333  -0.0137962 
66 0.0455967 0.500631 0.0332635 1.37632 -0.011757  -0.0140658  -0.00574321  0.0070035  0.00198554  -0.0203771  -0.0117691  -0.00790779  -0.0082468  0.000365958 
67 0.0531938 0.502411 0.042926 1.36003 0.00906026  -0.024476  -0.0132895  0.00148715  0.00517173  -0.0112476  0.0134857  -0.0167761  -0.0121349  -0.0147932 
68 0.061217 0.504206 0.0525746 1.34084 -0.00505746  -0.0166905  -0.00151767  0.00549822  0.00942846  -0.0026646  0.041626  -0.00272091  0.0165859  -0.0177818 
70 0.0515368 0.551034 0.107264 1.3185 0.0323118  -0.0365649  0.0590379  0.00242111  0.0319896  -0.0631298  0.0129545  0.0184884  -0.00970989  -0.0045302 
72 0.0206347 0.546544 0.0633188 1.2993 -0.00503093  0.00027922  0.0135522  0.0101579  -0.0122532  0.0294333  0.0485625  0.00357172  0.0173836  -0.00270427 
75 0.0626398 0.512412 0.0697113 1.29142 -0.0223432  -0.00698292  0.0135827  0.0155696  -0.0219326  -0.0172686  0.0138052  -0.048226  -0.0163149  -0.0179729 
76 0.0360669 0.498061 0.0187844 1.26768 -0.0088264  -0.0126544  -0.00244654  0.00164035  0.00203291  -0.0052358  -0.00516845  -8.20912e-05  0.000172251  -0.00691676 
78 0.0510751 0.505043 0.0473812 1.25362 -0.0190996  -0.00936907  0.0330518  -0.00638748  -0.0184542  -0.0107581  0.0101167  -0.0025556  0.0094795  -0.00203673 
81 0.256204 0.509615 0.186234 1.2336 0.00806732  -0.125234  0.0482898  0.0388843  0.0464745  -0.0100126  -0.0690225  -0.0332273  -0.0623967  0.0553957 
83 0.0230214 0.535534 0.0590985 1.13739 0.00108961  -0.016636  -0.00760549  0.0154392  -0.0303909  -0.0130964  0.0157394  -0.00988554  -0.0166283  0.0346612 
85 0.0409129 0.515712 0.0576442 1.12734 0.00611564  -0.0337487  0.0228946  0.0312373  0.0180121  -0.00289853  -0.0122629  0.010891  0.00643691  -0.00181264 
86 0.159992 0.514131 0.139169 1.10942 0.0209916  -0.122273  -0.0102135  0.0482428  0.0222849  -0.0155805  0.00755997  0.0220484  0.0150665  -0.00593584 
90 0.00633222 0.555394 0.0376606 1.04038 0.00839713  -0.0050785  0.00835316  -0.016043  0.0244354  -0.00249989  0.0151495  0.00307771  0.00201152  -0.0121863 
93 0.00121386 1.19026 0.057869 1.03734 -0.00268378  -0.0121547  0.020888  0.0268193  0.0330493  0.0054725  -0.00559116  0.00347283  -0.0278549  0.00984271 
94 0.0788548 0.522895 0.0991017 1.03676 -0.0692358  -0.0113196  0.0180776  -0.00835474  0.0237289  0.00545915  -0.0287337  0.0188957  -0.0511782  -0.0103953 
97 0.078085 0.545628 0.128524 0.999484 0.0053959  -0.048166  -0.000908872  0.0160392  -0.0637585  0.0090784  0.00900869  -0.0482805  0.00398529  -0.0856478 
100 0.0559331 0.515353 0.0694339 0.961135 -0.0292007  -0.0105957  -0.0255678  0.027856  0.00114572  -0.00718756  0.0159098  -0.0351061  0.0240836  0.0175468 
102 0.0528879 0.506652 0.0519486 0.932393 -0.013287  -0.022863  0.0125209  -0.0184782  -0.0279836  -0.0131502  -0.000710058  -0.0147432  -0.0112329  0.0141819 
105 0.0767835 0.497368 0.0442391 0.904334 -0.0199932  -0.0320686  -0.00411255  -0.021176  0.00126031  0.00364468  0.00398039  0.000687601  0.00505948  -0.00261693 
106 0.0840334 0.518405 0.0958496 0.862462 -0.00811644  -0.0517145  -0.0300722  -0.00991056  -0.00296264  0.0591816  0.00293284  0.0356647  0.0253015  0.00351377 
110 0.0266637 0.60742 0.107872 0.814342 -0.000933043  -0.0149196  0.0257581  0.00202342  -0.0162817  0.0402026  0.0611748  0.0386812  0.0598193  -0.00686147 
112 0.0218766 0.590417 0.0897383 0.798021 -0.0470831  0.0147518  0.027149  0.00346968  0.00235776  0.0135944  -0.0579412  -0.0246679  -0.0206284  -0.0169658 
114 0.00701018 0.593675 0.0513914 0.784345 -0.016873  -0.00605759  0.0197665  0.0355252  -0.0125403  -0.017661  0.00567661  -0.00354723  0.00480884  0.0113945 
117 0.066197 0.51688 0.0798619 0.779879 -0.0596158  -0.00879066  -0.0115575  -0.00666263  -0.00066396  -0.00787788  0.0199896  -0.0100984  -0.0427736  0.0132284 
122 0.0356959 0.51002 0.0449496 0.737641 0.00350779  -0.0339231  -0.00872389  -0.00728196  -0.0115664  0.0113191  0.012224  0.0105843  -0.00360712  0.0138525 
123 0.0471889 0.518203 0.0664699 0.71347 -0.0575448  0.00289514  -0.00232169  -0.015119  0.0223416  0.00926368  -0.00360729  -0.004368  -0.0101316  -0.0120324 
126 0.0107515 0.52544 0.0338416 0.68039 0.00452254  -0.00218167  0.0116626  -0.0134831  -0.00907151  0.00499774  0.0222112  -0.00767613  0.0113307  -0.0037841 
128 0.0552468 0.519291 0.0747798 0.672485 -0.0304319  -0.02282  0.0138444  -0.0178587  0.0362527  0.0076772  -0.0320928  -0.0320317  0.0020217  0.014188 
129 0.0367247 0.610133 0.128474 0.631238 -0.0353586  0.0205803  0.0219219  -0.081844  -0.0248171  -0.0451953  0.0165948  -0.0461826  0.0324972  0.0391154 
132 0.0758175 0.559525 0.14151 0.601993 0.0329225  -0.101283  0.0217586  -0.0450712  -0.0151088  0.0197286  0.0316884  -0.0515536  -0.0409376  0.0149184 
135 0.0251375 0.531482 0.0585933 0.53788 -0.0437884  0.00360959  -0.0093846  0.00828108  -0.0177368  0.00496862  0.010771  -6.21017e-06  0.0103453  -0.0279957 
137 0.03737 0.57548 0.108321 0.514284 -0.0400205  -0.0125461  -0.0652016  -0.00830463  0.00673883  -0.0188328  -0.00409429  -0.0425355  0.0222564  0.0541546 
139 0.00329469 0.518505 0.0157758 0.477283 -0.000801999  -0.0060499  -0.00170635  0.00845618  0.00452289  -0.00645995  -0.00655419  0.00426977  -0.00310507  0.00204812 
140 0.0109378 0.511045 0.0232323 0.473825 -0.00240042  -0.0125071  0.0132782  -0.00490974  -0.00565473  -0.00195151  0.00676997  0.0083276  0.00254928  0.00443472 
143 0.0155246 0.51397 0.0312957 0.462203 -0.00091507  -0.0210535  -0.00614325  0.000745385  0.00948844  0.00556104  -0.00299821  0.0140209  -0.0129087  0.00196879 
147 0.00481243 0.505588 0.0109007 0.445226 -0.00023117  -0.0057475  -0.00350853  -0.000981595  0.00384161  -0.00117764  0.00439243  0.00398139  -0.0037222  -0.00270568 
148 0.0145288 0.693052 0.105957 0.439802 -0.0182842  -0.00462352  -0.0308099  -0.0454669  0.0342121  0.0404253  0.038023  -0.056911  -0.00664019  -0.0179264 
151 0.0455621 0.533458 0.0833655 0.423085 -0.0300947  -0.0577435  0.022461  -0.0249347  0.00921441  -0.0273306  0.0174863  0.0106064  -0.0182409  0.000843714 
152 0.0162267 0.527561 0.0436309 0.366669 0.00253978  -0.0256145  -0.00103351  -0.000690067  0.0094625  -0.0110464  -0.0112986  -0.0182643  0.0230713  -0.00587095 
154 0.0283196 0.531007 0.0620632 0.34402 -0.0164777  -0.0353251  -0.0101026  0.0229773  0.000867915  0.0241419  -0.00761896  0.0156849  0.00481496  -0.0281356 
155 0.00132565 0.565242 0.0186168 0.300706 0.000495499  -0.00469523  -0.00349794  0.00686018  0.013845  0.000202632  0.00101849  -0.00424493  0.00314833  -0.00665607 
158 0.0212545 0.94022 0.192572 0.298495 -0.0804473  -0.040428  0.0635484  0.00628303  0.0405476  -0.116581  -0.020978  0.0924532  0.0208743  0.0155309 
161 0.00704015 0.518741 0.0234625 0.260898 0.00413412  -0.0119272  -0.00414241  0.00397702  -0.0139973  0.00664099  -0.00161592  -0.01053  -0.00057839  -0.0020763 
163 0.0052902 0.572832 0.0393796 0.247087 -0.0182054  -0.0122187  -0.00453066  0.0251715  0.011894  0.0137111  0.00496618  -0.000189154  -0.00754683  -0.00218463 
167 0.00506763 0.616879 0.0487369 0.236169 -0.00944771  -0.0291628  0.00569814  -0.00895588  -0.00958807  -0.0189517  -0.0166328  -0.00261726  0.00185291  0.0241837 
168 0.00847009 0.525849 0.0301257 0.225213 -0.00669981  -0.00446209  -0.0159871  0.00615357  -0.0134822  0.0106161  0.0102579  -0.00779542  0.00900362  -0.00278904 
170 0.00344939 0.548939 0.0260759 0.205637 0.00443204  -0.017686  -0.00501964  0.0105349  0.00366568  0.00298636  -0.0117919  0.00140366  0.00625417  -0.0029742 
171 0.00903324 0.590385 0.0573611 0.197087 0.0093925  -0.0192409  -0.0243827  0.00464005  0.0155887  0.0324084  0.011569  -0.00985385  0.0215608  0.0150567 
177 0.00130604 0.531167 0.0127892 0.172773 -0.00725705  -0.00690632  -0.00172637  0.00453347  -0.00223701  -0.00256475  0.0049035  -0.00139529  -0.001096  -0.000945723 
178 0.00630863 0.629658 0.0572714 0.168953 -0.0233867  -0.0188924  -0.0217388  -0.0195424  0.0267327  0.0231998  0.00472155  0.0108258  0.00419326  0.0105699 
179 0.0112693 0.614656 0.0721034 0.149186 0.00035141  -0.0199582  0.0132872  0.00471334  -0.0477523  0.0451514  -0.00113302  0.00320349  0.0131673  -0.00989106 
180 0.00137226 1.15078 0.0597414 0.10512 -0.0348895  -0.000408069  -0.0228929  -0.00834768  -7.36163e-05  -0.0036485  0.0360491  -0.019529  0.00787248  -0.00127041 
181 -3.07521e-05 0.485846 0.00131966 0.0983809 -0.000392214  0.000426284  -0.000318395  -0.000318841  0.000235133  -0.000635427  0.000295213  0.000548747  0.000572401  0.000167175 
183 0.000103284 1.71544 0.0224073 0.0985371 0.0079426  0.00454554  -0.00945043  -0.00912598  -0.00713965  -0.00887764  -0.00632829  -0.00851451  0.000447001  0.00179363 
184 0.00140374 0.730931 0.0360074 0.0980116 0.00126871  -0.00768758  -0.00607913  -0.00979358  0.00915706  -0.00683994  -0.0268722  0.0105248  0.0117608  -0.00105477 
188 0.000497338 0.967885 0.0305053 0.0905733 -0.00159377  -0.0079147  0.00270752  0.00209116  -0.00439634  -0.00766582  0.0263464  0.00765364  0.00244957  -0.00410855 
194 0.00167915 0.604498 0.0265071 0.0877856 0.00540075  0.00366983  0.00616616  -0.00940387  -0.0183622  0.00127025  -0.0127438  -0.00116745  -0.00532176  0.0016323 
195 0.000334049 7.7773 0.098542 0.0776438 -0.0275213  -0.03843  -0.00574718  0.00396029  -0.0565603  0.0416466  -8.82252e-05  -0.0165801  0.031266  -0.0352356 
196 0.000444451 0.93238 0.0277226 0.0754624 0.00872459  0.0111262  0.00543003  0.00167698  0.00672284  -0.00975954  0.00319764  -0.0123235  -0.0126883  0.0085324 
198 0.000810231 0.90419 0.0361874 0.0724584 -0.0146741  0.0139306  0.0198671  0.00426576  0.00501249  0.00833544  -0.0118768  0.0155831  -0.00292628  0.000427913 
204 0.000395843 0.584851 0.0115931 0.0666357 0.00351267  0.00358308  0.00358347  0.000620642  0.00442712  0.00303736  0.00563973  0.00098373  0.000547095  -0.00583941 
205 -7.79786e-05 -8.90004 0.0541392 0.0635968 -0.00801697  -0.0040178  -0.0102573  -0.0170824  0.00647196  6.595e-05  -0.0340274  0.0158559  0.0216378  -0.023114 
209 0.000890532 0.551845 0.013601 0.0642069 -0.00200512  -0.000802768  -0.000314238  -0.00240903  0.00312233  0.00197301  0.00850741  0.00496178  -0.00792951  -0.00095244 
210 0.00087562 0.69466 0.0261117 0.0568542 0.0101706  -0.00724273  0.000245377  -0.0173826  0.00302748  -0.00437207  -0.00738202  -0.0116136  0.00108203  0.00220992 
211 -1.51572e-05 0.470589 0.00133538 0.0485506 -0.000739634  8.70581e-05  -0.000171492  0.00016629  -0.00051971  -0.000331104  0.000660953  -0.000247786  0.000177081  0.000512065 
213 0.000227524 1.84485 0.0349806 0.0487064 -0.00372336  -0.0204102  -0.00273418  0.00132053  0.00711573  -0.0184639  0.00111123  0.00685079  -0.0162443  -0.00896623 
220 0.00014609 4.71669 0.04963 0.0463122 0.0156461  0.0367074  0.0161138  -0.00424381  0.015685  -0.0100758  0.00975337  0.0109572  0.00506447  -0.00220535 
222 -0.000405229 0.467232 0.00729426 0.0447072 -0.00225763  0.00464746  0.00104678  0.0028458  -0.00131573  0.000515597  -0.00102455  -0.00110399  0.00359862  -0.000317062 
223 -0.000168886 0.483461 0.00334482 0.0490311 1.28369e-05  0.00143603  0.000672998  -0.00101487  -0.00152564  0.000662223  -0.000324114  0.00052255  0.00168321  -0.00129041 
224 0.000837273 0.912649 0.037169 0.0507242 0.0020369  -0.0113499  0.0133031  0.00111958  0.00757493  0.0247788  0.00423993  0.0081991  0.00348846  0.0173667 
226 0.00022135 0.620897 0.0103467 0.0416657 0.000862491  -0.00477746  -6.2926e-05  0.00615247  -0.00141465  -0.00244479  0.00122088  -0.000752744  -0.000241316  0.00596113 
227 0.0004009 0.759429 0.0203959 0.0389192 0.00810252  -0.00292366  -0.00314226  0.00248218  -0.0047537  0.00325064  0.00417191  -0.00587362  -0.00713618  0.0137756 
228 -0.000139931 -0.175277 0.0194419 0.0333749 -0.000204354  0.0054423  -0.0117925  -0.0010643  0.00648376  -0.0045327  -0.00299393  0.00814633  0.00163354  -0.00821912 
232 0.000166303 0.699493 0.0115198 0.0354094 0.00115633  -0.00737281  0.00380345  -0.000681606  0.00164394  0.00264768  0.000235354  -0.00589942  0.0035908  0.00214807 
233 0.000322997 1.02494 0.0260403 0.0329778 -0.000835636  -0.00676089  0.00569893  0.00157312  -0.00910195  -0.00818352  0.000551877  -0.0191549  -0.00817609  0.00358551 
237 -0.000200542 0.358101 0.0106704 0.0276512 -6.78433e-05  -0.00405838  -0.00216125  -0.00388766  0.000963623  -0.00513518  0.000229281  0.000413357  0.00399366  0.00584172 
238 4.46237e-06 0.502071 0.000192283 0.0310669 6.24537e-05  7.82094e-06  -0.000131904  2.7465e-05  -0.000101361  -2.95032e-05  4.42203e-05  3.36468e-05  -2.45611e-05  -4.80676e-06 
240 0.000191476 0.749878 0.013834 0.030995 -0.00884483  -0.000778052  0.00407745  -0.00645936  0.00070028  0.00496621  0.000394017  0.00272585  -0.000980777  -0.00452679 
241 2.85821e-05 6.90336 0.0270557 0.027735 0.0186781  0.00343319  -0.00300502  2.8624e-05  -0.00573944  -0.0120922  0.00828285  -0.00595354  -0.00814711  -0.00356862 
244 -0.000181003 0.274777 0.0127707 0.0272149 -0.000683412  0.00235763  0.0031899  -0.00287118  0.000707047  -0.00602562  -0.00037874  0.00520277  -0.0083602  -0.00217581 
246 4.22465e-05 1.00743 0.00925997 0.030359 -0.00295705  0.00156407  -0.00252739  -0.00202988  -0.000106065  -0.00248524  0.00138093  0.00706133  0.00190843  -0.00156505 
249 1.24471e-05 0.523261 0.00107621 0.0296551 -0.000410597  0.000374782  -0.000229055  0.000372209  -0.00061315  0.00017248  0.00016714  -0.000164961  0.000312104  0.000316081 
251 -7.55389e-05 -0.140763 0.0139146 0.0294445 -0.00124634  0.00305132  0.00376693  0.0015591  -0.00568492  0.00476169  0.00802752  -0.00636429  -0.00213646  0.0012764 
252 -0.000158907 0.414206 0.00738577 0.0307005 -0.00041142  0.00212691  -0.00395053  0.00103898  -0.000331736  -0.00318184  -0.00152197  0.0013969  -0.00250383  0.00352128 
253 -5.82634e-05 0.431238 0.00400341 0.0331879 0.00193944  -0.000658186  -0.00191796  -0.000423197  0.000506322  -0.00196647  0.00108217  0.00158205  -0.000244257  -0.000343428 
254 -0.00128608 -0.000382459 0.0507522 0.0340544 0.00551117  0.0220425  -0.00197141  -0.01883  0.0254888  0.0185807  -0.00818933  -0.0159203  0.00841458  -0.0177436 
255 -3.73877e-05 0.197324 0.00672806 0.0494632 0.00109702  -0.000430812  -0.00118388  -0.00229654  0.00212547  0.00174217  0.00194425  0.00254624  -0.00226446  0.00377599 
256 -0.000265983 0.468443 0.00579782 0.0498397 -0.000267302  -0.000776204  0.00162468  -0.00232766  0.000966439  -0.00063359  0.00119977  -0.00371811  -0.00261306  -0.00120659 
257 -3.3044e-05 -0.033136 0.00839457 0.0524406 -0.000760146  -0.00137347  -0.00523868  -0.00122947  0.00134888  0.000573675  0.00394177  -0.00102186  0.00441091  -0.000928882 
258 -9.01811e-05 0.45366 0.00408911 0.0527547 -0.00183174  3.93521e-05  -0.00209452  -0.000726566  0.000554877  0.00168443  -0.000864713  -0.00210857  -0.000330502  -2.88402e-05 
259 -0.000279844 0.468392 0.00595192 0.0536027 -0.000840963  0.00394481  -0.00217029  -0.000261254  0.000339993  -0.000845956  0.00161291  0.000447025  -0.00246958  0.00215564 
262 0.000163149 0.784458 0.0136246 0.0561528 -0.00390409  -0.00369336  -0.00678891  -0.00250709  -0.00607512  -0.00226566  -0.000729963  -0.002642  0.00459492  -0.00580569 
265 -2.66111e-05 0.216176 0.00549656 0.0546809 0.00285188  0.000969997  1.66036e-05  -7.58691e-05  -0.00243612  0.00135574  0.000401416  0.000669089  -0.00190691  -0.00301897 
266 0.00109286 0.76737 0.0341844 0.0549237 0.00625616  -0.011208  -0.00667196  0.00589696  0.00378121  0.00490312  0.000597315  0.0248657  -0.00134055  0.0163012 
267 8.80037e-05 0.64071 0.00703799 0.0438674 0.00216291  0.00227888  0.000736261  0.00486123  -0.00099079  0.00276564  -0.00201425  0.000234775  0.00116161  0.00118153 
269 0.000224515 2.07577 0.0376132 0.0428526 -0.0135719  -0.019424  0.0235429  0.0033463  0.0131743  -0.00154318  0.00543998  0.00270167  -0.00855618  0.00132686 
276 -0.000327408 0.365981 0.0132512 0.040148 -0.00233243  0.00737693  -0.00645248  -0.00123194  -0.000139039  0.00550026  0.00551518  -0.000530099  2.43673e-05  0.00340759 
278 0.000187795 1.02066 0.0197756 0.0440377 0.0057412  -0.0116024  0.00243757  -0.00711921  -0.00674108  -0.00145003  0.0032377  0.00176543  0.00998955  -0.00243654 
280 0.000112371 0.533287 0.00386877 0.0418514 0.000292058  0.00041715  -0.000845088  -0.000791473  -0.000662585  -0.000694675  -0.00181871  -0.00137027  -0.00233607  -0.00134287 
283 7.9418e-06 0.734171 0.00272744 0.0404868 -4.61588e-05  0.000443477  -0.000964008  0.00114509  0.00119141  -0.000317385  -0.000745568  0.00134732  -0.00101965  0.000261852 
284 -0.00015108 0.443451 0.00584699 0.0403886 0.00131394  -0.00167644  0.000216078  -0.00109423  0.00213963  0.0029441  -0.00312194  0.000393004  -0.00226781  0.000341544 
287 2.12781e-05 1.59526 0.00965496 0.0422176 0.00493768  -0.00653871  -0.00278189  0.00256315  -0.000499281  -0.00130965  -0.000769047  0.0019799  -0.000818406  -0.0021514 
288 0.000405774 0.564757 0.0102551 0.0419649 -0.00181834  -0.00122141  -0.00276402  -0.000137649  -0.00611009  -0.00164795  -0.00215362  0.00197278  0.0049117  -0.00447278 
289 9.44693e-05 0.625578 0.00688876 0.0368152 -0.00105648  -0.00414822  0.00245953  1.24536e-05  -0.00165233  -0.00254032  -0.00331404  -0.000650614  0.00155058  0.000296517 
290 -7.19638e-05 0.451318 0.00374386 0.0355091 -0.000500969  -0.00022661  -0.000945256  -0.00259805  -0.0015432  -0.00142854  0.000643149  0.000186738  0.000427908  0.00100846 
291 2.39564e-05 0.889325 0.00610794 0.0365084 -0.00230531  9.78849e-06  0.00166709  0.00189813  -0.000245489  -0.000249373  0.0042988  -0.000142462  0.0011019  0.00240286 
292 -1.54335e-05 0.492093 0.000698755 0.0361788 0.000103841  -0.000326387  8.50613e-05  -0.000212227  -0.000166021  -4.09635e-05  0.000143185  8.15161e-05  -0.000512013  -1.11973e-05 
293 -9.88844e-05 0.281161 0.00930415 0.0363914 0.00191755  0.000697329  0.00540753  -0.00275317  -0.00194861  0.00557991  -0.00309416  0.000694766  0.000236169  0.000733349 
295 0.000204965 0.54922 0.00635373 0.0377257 -0.00212378  0.0052014  -0.00122393  0.000598432  0.00135252  -0.000531431  -0.000812384  -0.00187652  -0.000325261  -0.000741575 
298 0.000391404 0.606818 0.0129335 0.0349039 -0.000959616  -0.00135282  -0.000770771  0.00551776  -0.00833101  0.0026546  0.00418835  -0.00189986  -0.0025251  -0.00543182 
299 0.000153141 0.53222 0.00444374 0.0287568 -0.000791068  0.00124049  0.00137318  0.00265051  8.55947e-05  0.00093796  -0.00172116  -0.00199475  -0.000816103  -0.000420506 
302 -4.72546e-05 0.345406 0.0054058 0.0259582 -0.00203327  0.000303819  -0.000333779  -0.00375147  -0.00231535  -0.000903056  0.000132752  -0.00197723  -0.000577539  0.000611849 
303 -5.98135e-07 0.416127 0.000447962 0.026853 -0.000157424  -8.58314e-05  -0.000105652  0.000152082  0.000182036  -5.66675e-05  0.000231847  8.68576e-05  -0.000130969  -0.000139394 
306 -0.000732379 0.334324 0.0220402 0.0268641 -0.00233276  -0.00987598  0.0141454  0.000643  0.00609501  -0.00999471  0.00264525  0.0026675  -0.00446169  0.00334997 
309 -0.00028757 0.246424 0.0170809 0.0381356 0.00279552  0.0012932  -0.00380125  -0.00255837  0.00740653  -0.00817844  -0.00180432  -0.00267082  -0.00149062  -0.0112659 
314 0.000467074 0.692506 0.0189649 0.0417365 -8.42584e-05  -0.00354044  -0.00841419  0.00237124  -0.00323061  0.0105037  -0.00154111  0.00316223  0.00358221  0.0111684 
315 0.000334225 1.17873 0.0301197 0.0357068 -0.0104454  0.0116202  0.0125105  0.00704427  -0.00897318  -0.00108963  -0.0170297  0.00415394  0.00247863  0.00786214 
316 -9.45708e-05 0.198378 0.0106821 0.0306725 0.00532741  0.00361097  0.00366521  0.000255224  -0.00263299  0.000292823  -0.0030456  0.00469612  0.000590298  -0.00452673 
319 -0.000332818 0.380524 0.0126148 0.0321773 0.0030992  0.00641903  0.00516295  -0.000965034  -0.00187766  -0.00572895  0.00476734  0.00381692  0.00239938  -0.00115637 
321 0.000349134 0.594438 0.0114857 0.0369899 -0.00258716  0.00298635  -0.00541318  0.000454601  -5.41489e-05  0.00356551  -0.00102984  -0.00181901  0.00418232  -0.00722664 
322 -1.20016e-05 0.475026 0.00109498 0.0319246 0.000163683  2.88989e-05  0.000367668  -5.58754e-05  3.84286e-05  0.000727807  0.000444225  6.6937e-05  -0.000187232  -0.000514787 
323 -0.000478202 0.13709 0.0263514 0.032112 0.00808507  -0.00276542  0.0024254  -0.00612059  0.0070071  0.0168063  0.00668463  -0.010061  -0.00602707  -0.00801577 
324 -4.17877e-05 -0.906606 0.0153334 0.0388522 -0.00593434  -0.00575781  0.00417448  0.00587697  0.00140947  -0.00636774  0.00224154  -0.000175262  0.00693153  -0.00437542 
325 -7.17875e-05 -0.091308 0.0130307 0.0393864 0.00351847  -0.00548334  0.00401347  0.00522929  -0.00744663  0.00324182  -0.00214754  -0.00136632  -5.47921e-05  0.00338464 
326 -0.000290772 0.265268 0.0165253 0.0402874 -0.00653809  0.00455941  0.000218027  0.0056502  -0.00555543  0.00495229  -0.00421005  0.00622627  0.00803754  -0.00104808 
327 -0.000200273 0.404027 0.00876983 0.043748 -0.00399202  0.00405609  -0.000458347  -0.00296309  0.00400905  0.00131165  0.000907307  0.00176409  0.000423689  -0.00369111 
329 -0.000814695 -0.114904 0.0447715 0.0459802 -0.0121609  -0.0188598  -0.0112524  -0.00516233  -0.0196756  -0.0068759  0.0182092  0.0141045  0.00155146  0.0195016 
330 0.000769905 0.598027 0.0173797 0.0541222 0.00827812  -0.000528517  -0.00647385  -0.00317195  0.000998775  -0.00381602  0.00514465  -0.00731327  -0.00561468  -0.00736488 
331 0.000225296 0.603732 0.00966928 0.0464715 -0.000580289  0.00199084  0.000659438  0.001709  -0.00146222  -0.00487773  -0.00665802  0.000383714  0.00241994  -0.00309456 
334 0.000319416 0.703138 0.0161104 0.043981 -0.00397882  0.00257798  0.00560947  0.00118303  -0.00198494  -0.0023865  -0.00665411  -0.00849261  -0.00561224  0.0068313 
335 -0.000135815 0.291518 0.0106431 0.0401866 0.000114943  -0.00578236  -0.00605951  0.00381295  -0.003059  -0.000127474  0.00335302  -0.00104713  0.00244032  0.000949588 
336 0.000856931 0.593863 0.017943 0.0418425 0.00121406  0.00439112  -0.00789702  -0.00102447  0.00742274  0.00355272  -0.001516  -0.0108811  -0.00701768  0.000345143 
337 4.86003e-06 0.780716 0.00233606 0.0299036 0.00108109  0.000416466  0.000659498  -0.000825441  -0.000281826  0.000894103  -0.000192961  -0.00120953  -0.000306602  -0.000725004 
338 -4.54978e-05 -0.888855 0.0158984 0.0298223 0.0123506  -0.00434821  -0.00151527  0.00420363  -0.00205635  -0.00422255  0.00055791  -0.00190813  -0.00400808  0.00438993 
341 0.000195261 0.62733 0.00997289 0.0305756 0.0023085  0.00379972  0.00196286  0.000828673  0.00303348  -0.00102956  1.73054e-05  0.00349371  0.0070769  -0.00161285 
343 1.50527e-05 1.18951 0.00644325 0.027196 -0.00173035  0.000415396  -0.00224448  -0.000690064  -3.55473e-05  0.00136992  0.0025597  0.00351961  -0.00337653  -0.000785045 
344 -0.000445968 -0.382129 0.0396705 0.0269179 -0.0113172  0.000995339  0.0162183  0.0104767  0.0127559  -0.00278199  -0.0275736  -0.00502265  -0.00989434  -0.00424312 
348 -0.000274019 0.439915 0.00811813 0.0342146 -0.00413818  -0.00136181  0.00304002  0.00331991  0.00200325  0.00347703  0.00267185  -0.00111711  0.000621556  -0.00133628 
349 0.000188766 0.620854 0.00955305 0.0380092 0.00184676  0.00141353  -0.000708716  -0.00258534  0.00277014  -0.00495707  0.00168348  0.00468634  0.00276277  -0.00374043 
350 0.000652817 0.621848 0.0178403 0.0354394 0.00350541  0.00823542  -0.00702959  -0.00275573  -0.00965606  -0.00198302  0.00364804  -0.00535426  0.00468229  0.00448157 
353 -8.69876e-05 0.385792 0.00630429 0.0245631 -0.00307341  -0.00280768  -0.000234552  -0.00190338  0.000965956  0.000780533  -0.00231648  0.00232564  -0.000472262  0.00248941 
354 0.000121434 0.715317 0.0102268 0.0262742 0.00267739  0.00266629  -0.00257502  -0.00405841  -0.00357533  -0.00233337  0.00405239  -0.00561974  -0.000959615  -0.000237306 
355 -0.000360804 0.329333 0.0156975 0.0238518 -0.00739831  0.00299159  0.00744177  0.00321691  0.00890365  -0.0017349  0.00196066  0.00290063  0.00212624  -0.00423494 
356 -8.2901e-05 0.369326 0.00658309 0.0304922 -0.00115011  -0.00023422  -0.000313163  0.00419511  -0.00109832  0.00223686  -0.00373426  -0.000112408  0.000831671  -0.00184485 
357 -3.86744e-06 0.482253 0.000523973 0.0318227 5.95516e-05  -1.34121e-05  8.13689e-05  0.000308101  -0.000286156  -3.92365e-05  0.000220397  0.000101201  0.000164402  2.17251e-06 
360 -0.000382552 0.408745 0.011821 0.0318834 -0.0031727  -0.00132671  0.00349992  0.00537558  0.00412817  0.00452438  0.00267525  0.00494408  0.00387236  -0.00162962 
362 -3.94369e-05 0.460146 0.00250753 0.0374055 -0.00043964  0.000290294  0.000617946  -0.00120462  0.00125398  0.000642603  -0.00128914  -0.000387295  -0.00039988  -0.000469024 
363 -4.68486e-05 -1.77744 0.0206584 0.037929 -0.000604875  0.00903144  -0.0112305  0.00984243  -0.00464887  0.000129841  -0.00660815  -0.00198117  0.00710175  0.00147649 
364 0.000184859 1.05097 0.0201833 0.0385417 -0.00300212  -0.00886474  -0.00395648  -0.010656  -0.0103366  0.00031884  0.00247791  -0.00519477  0.000743694  0.00706672 
366 -0.000893254 0.321795 0.0252461 0.0360641 -0.000975336  -0.0137255  0.00243772  -0.00831706  -0.016786  -0.000340005  0.00681794  -0.00391605  -0.00475324  0.00257051 
368 -8.28871e-05 0.348209 0.00709445 0.0468431 0.00392235  -0.00106298  -0.000239651  0.00389914  -0.00194888  -0.000689904  0.00152711  -0.0013827  0.00315787  -0.000255935 
370 4.84525e-05 0.792546 0.00752979 0.0477196 0.00197711  -0.00189043  -0.000578065  -0.0011402  0.0014348  -0.00352172  0.00490499  0.00117009  0.00194986  -0.00197226 
371 -0.00027374 0.451521 0.00728883 0.0472092 -6.24881e-05  0.00204601  0.000448903  -0.00050398  -0.00541116  0.00159302  0.00357552  -0.00112009  -0.00147264  0.00067491 
373 0.00110526 0.942068 0.0441979 0.0500249 -0.00310172  0.022107  -0.0153084  0.0153529  0.0260542  -0.00356732  0.00093396  -0.00449533  -0.0148615  -0.00718073 
374 0.000203339 0.724787 0.0135214 0.0373877 0.00237666  0.00415766  0.000639887  -0.00861846  -0.00350138  -0.00192859  -0.00544606  -0.00214699  -0.00469002  0.00360043 
376 0.000130948 0.604039 0.00738237 0.0345619 0.000394312  -0.00515339  -0.0024562  0.00186449  0.00115415  0.00352497  0.000864017  0.00153292  0.000680782  -0.000979789 
381 0.000217969 0.588125 0.00876633 0.0326126 0.00426884  -0.00111148  0.00160031  -0.00489813  0.00338801  0.000941493  0.0028242  -0.000828846  -0.00312993  0.000113922 
383 9.36262e-05 0.564627 0.00492 0.0290798 0.000568549  0.0012629  -0.000264013  -0.000601256  0.00127672  0.00246747  0.00038221  0.0010014  -4.5493e-05  0.00360384 
388 0.000227863 0.597302 0.00941812 0.0274229 0.00457133  -0.00117943  -0.0011002  -0.00447504  0.00115052  0.00171258  -0.00513638  0.00171977  -0.00180894  0.00288228 
392 0.000154562 1.42123 0.0238637 0.0228949 0.0165929  0.00532654  0.0109795  0.00599119  0.00599452  0.00214533  -0.00328755  0.00312543  0.00598837  -0.00351633 
393 -0.00039697 0.24392 0.0201684 0.0192257 -0.00349199  -0.0133748  0.00609848  -0.000565874  0.00159401  -0.00332997  0.00391662  -0.00340621  -0.00214219  -0.0115331 
394 -0.000183234 0.390969 0.00894067 0.0276889 -0.00509077  -0.00160656  0.00342967  0.00167658  -0.00185808  -0.000351923  0.00210807  0.0012542  0.00395677  -0.00340818 
396 0.000340435 0.65466 0.0145129 0.0308209 0.00472087  -0.000774416  0.00102753  -0.00598628  -0.00435294  0.00233851  -0.00101085  0.0100906  0.00267025  0.0040566 
400 0.000208253 0.608452 0.00950543 0.0246891 -0.00433567  0.00421773  -0.00317949  -0.000337456  0.00219592  0.0037717  0.000403731  -0.00168517  0.00297238  0.00355771 
402 -0.00063795 0.245195 0.0255063 0.0200329 -0.00708278  0.00705015  0.0108845  -0.0156333  0.00582267  0.00358867  -0.008553  0.000708538  -0.00331278  0.00751092 
404 0.000279987 1.21102 0.0282162 0.0322409 0.0032449  0.00843038  -0.0133149  0.00459945  -0.00589167  -0.00594631  0.00365612  0.000331109  0.0178149  -0.010733 
406 -0.000251405 0.319687 0.0134676 0.0275595 0.00575622  0.00291951  0.00599431  -0.00288197  -0.00105943  0.00323332  -0.00101728  0.00671759  -0.00433418  -0.0043541 
411 -4.88397e-06 0.495633 0.000292121 0.0317956 4.14745e-05  -5.70613e-05  7.6877e-05  -8.91575e-05  -6.27864e-05  0.000191572  -8.08457e-05  9.2715e-05  -9.40255e-05  -4.34147e-05 
412 -4.03715e-05 0.373208 0.00452507 0.0318723 -0.0011017  -0.00104648  -0.00120389  -0.00142283  0.000471921  0.00169394  -0.00188964  0.00133601  -0.00125914  -0.00215878 
413 -8.16961e-06 -24.8809 0.028798 0.0324995 0.00454947  0.00154674  0.00389474  0.0108336  0.0137566  -0.00473718  0.0150285  -0.00160972  0.000613459  0.0152707 
420 -0.00015018 0.344374 0.00966979 0.0326249 0.00286109  2.26615e-05  0.000851531  -0.0038235  -0.0026096  -0.00111761  0.00244224  -0.00251562  0.00154295  0.00687325 
421 -3.75987e-05 0.140797 0.00735008 0.0348508 8.31272e-05  0.000854895  -0.0011499  -0.00342131  -0.000385157  -0.00123344  -0.00176501  0.00263652  -0.00062993  0.00530332 
424 3.69575e-05 0.655885 0.00480049 0.0353861 -0.000252195  0.00176682  -0.000503211  -0.000790404  -0.0032602  0.00181222  -0.000654006  0.00158719  -0.00134625  0.000556026 
427 -0.000121745 0.259568 0.0108212 0.03486 -0.000389228  0.00145196  0.00227356  -0.00366309  0.00167509  0.00342694  -0.00901911  0.000113751  -0.000360776  -0.000462959 
428 0.000183751 0.746261 0.0134536 0.0365646 0.00279628  -0.00510037  -0.00707822  -0.0008064  0.002193  0.0024199  -0.00660223  0.00333015  -0.00308402  0.00464313 
430 -0.000152012 0.317075 0.0105473 0.0339594 0.00595083  0.000493852  -0.000235109  0.00341051  0.00201661  0.00512712  -0.00108983  -0.00307966  0.00350945  -0.00324959 
432 0.000433069 0.618218 0.0143119 0.0361284 -0.000198774  -0.00448472  0.000302297  -0.000747334  -0.00429784  -0.00141421  0.00848244  -0.00138388  -0.0060626  -0.00727562 
438 1.23057e-05 0.517817 0.000936519 0.0295345 -0.000373033  0.000286488  -0.00041118  -2.22204e-05  3.88498e-05  -0.000245107  0.000211778  -4.36704e-05  0.000494799  0.000364838 
445 -0.000231012 0.430494 0.00801625 0.0293254 -0.00312481  0.00125395  0.0004877  -0.00487595  0.00306817  0.00142167  -0.00198984  0.00234603  0.000176581  0.00282513 
446 -1.06403e-05 0.255549 0.00322556 0.0330306 -0.000531167  0.000823538  -0.00201327  -0.000695831  -0.000316061  0.00117054  3.91975e-06  -0.00119712  0.000795615  0.0011706 
450 6.73314e-06 0.50825 0.000471402 0.0331913 -0.000308478  7.46655e-05  -0.000146184  0.00012805  6.66341e-05  8.55614e-05  0.000213456  0.000119864  0.000104628  -3.2879e-05 
453 3.29582e-05 1.33075 0.0104651 0.0330897 -0.00478692  -0.00171505  0.00349734  -0.000455663  -0.000453144  -0.000331596  -0.00527691  0.000830764  -0.00649922  -0.000363128 
455 -5.02176e-05 -0.12811 0.0112326 0.0325879 0.00594496  0.00610908  -0.00138073  0.0035519  0.00170413  0.000386777  0.00344352  -0.000235105  -0.000189304  -0.00489723 
456 -3.17866e-05 -0.311599 0.0101584 0.0333495 0.00109971  -0.00187743  0.0040616  0.00358616  -0.00454263  -0.000621406  -0.000522754  0.00639166  -0.00263278  0.000147178 
457 0.000765024 0.654511 0.0217463 0.0338227 -0.00477401  -0.00713724  -0.00756069  0.00735968  -0.00690129  -0.00879507  3.24012e-05  -0.00363258  -0.000260814  -0.012231 
458 -6.68072e-05 0.400181 0.00516502 0.0194742 -0.00208602  0.00184032  0.00128484  -0.00187312  -0.00162063  0.00291846  -0.00146706  -0.00021685  -2.08861e-05  0.000660502 
466 9.64464e-05 2.22596 0.0258025 0.02112 -0.00560055  -0.00258854  -0.0201331  0.00775537  0.000952818  -0.00328842  0.00382333  0.00800015  -0.00354634  0.00770041 
467 -1.35993e-05 0.396812 0.00236924 0.0186979 0.000445016  -0.000680755  0.00101755  0.000481812  -0.00166882  0.000579823  3.08755e-05  0.000687005  -4.94163e-05  0.00029627 
468 -0.000377284 0.422454 0.0108222 0.0190581 0.000871876  0.00309168  -0.00629078  0.00136295  -0.00540345  0.00337597  -0.000516046  0.00310914  -0.00104539  0.00370795 
469 -4.94271e-05 0.485183 0.00171194 0.0272133 0.000448201  2.24514e-06  -0.000861005  -0.000469078  -0.000422544  -9.22653e-05  -5.73831e-05  0.000423803  -2.19613e-05  0.00118239 
470 2.63872e-05 0.52485 0.00161962 0.0281068 4.12154e-05  -0.000195912  0.00018224  -0.000268809  0.000908339  0.000573715  -0.000582751  -0.00063984  -0.000752519  9.01436e-05 
471 7.54003e-05 0.588845 0.00517662 0.0276335 -0.000471073  0.000490175  -0.000861605  0.00174842  0.00197204  -0.000801943  0.000686237  -0.00147413  0.0038082  0.000925965 
472 0.000156214 0.692926 0.0109796 0.0262338 -0.00324806  0.00346868  0.00139553  -0.00396855  0.00596697  0.000432355  -0.00376761  -0.00332844  0.00312298  -0.00307487 
473 -0.000106217 -1.75783 0.0309713 0.0230653 -0.00579971  -0.0057986  0.0149585  -0.00678925  0.00114838  0.00406827  -0.011885  -0.016458  -0.00928136  -0.0102945 
476 -4.03159e-05 0.417337 0.00365125 0.0252632 -0.000819175  0.000340962  0.00119406  -0.000256541  -0.00134455  0.00126875  0.000431419  -0.00147835  0.00182741  -0.00138714 
483 8.13166e-05 0.637936 0.00669829 0.026049 0.00182439  -0.00114077  0.00147975  -0.00100315  0.00130485  0.00120463  0.00401742  -0.00326032  0.00262656  0.000468484 
485 -0.000430773 0.0387748 0.0281943 0.0244384 -0.00361005  0.0152472  0.00233943  0.0116753  -0.00329735  -0.00273902  -0.00612761  0.0136615  0.00599639  0.0113625 
486 2.80018e-05 4.22595 0.0204281 0.032064 0.000877495  -0.00630142  0.00585822  -0.000616396  0.0119086  -0.00574254  0.00184667  0.000369202  0.00915051  -0.00894761 
492 -4.58348e-06 -0.0999921 0.00331666 0.0316243 0.000563357  0.000608477  0.000625906  -0.00105008  -0.00069764  -0.000348214  -0.000937533  -0.00166959  -0.0012683  -0.00171323 
493 0.00028639 1.08083 0.0257926 0.0316967 0.0114766  -0.0177888  0.0056469  -0.00487766  0.000108589  0.00287826  0.00655668  -0.00894039  -0.00289127  0.00467457 
495 8.98483e-05 0.791012 0.0102267 0.0268018 -0.00707743  0.00188867  -0.00334328  -0.00227242  0.00157958  -9.13442e-05  -0.00140551  0.00289537  -0.00390154  0.00255013 
496 -0.000168147 -0.0217695 0.0187341 0.0250697 -0.00181428  -0.00888265  0.00272029  -0.00151081  -0.00730416  -0.0122411  -0.00224654  0.000410801  -0.0061977  -0.00350226 
500 8.25147e-06 0.59574 0.00177764 0.028225 0.00107291  0.000381829  0.000710785  -3.70343e-05  0.000508955  0.000833324  0.000420308  6.75692e-05  1.90251e-05  0.000470582 
