generation s h r distopt trait[0] trait[1] trait[2] trait[3] trait[4] trait[5] trait[6] trait[7] trait[8] trait[9] 
2 0.407621 0.510034 0.267831 2 0.103799  -0.0689338  -0.0973885  -0.00202682  0.0820982  0.10942  0.037753  -0.145785  -0.0601147  0.0413933 
8 0.214726 0.492321 0.113704 1.91262 0.0018281  -0.0534148  -0.0401885  -0.0370215  -0.0355509  -0.034927  0.0285541  0.0394816  -0.0259835  -0.0394133 
9 0.0785082 0.504805 0.0656276 1.86107 0.0405225  -0.0102536  -0.00325506  4.55301e-05  0.00278915  0.0456203  0.0173495  -0.00371642  0.0120503  0.000403719 
11 0.234571 0.510449 0.17586 1.84065 0.0548796  -0.061829  -0.0651151  0.0166613  0.127164  0.0401199  -0.00493582  -0.00167324  0.00108561  -0.0420229 
12 0.0201161 0.511008 0.0327897 1.78249 0.0013875  -0.00783989  0.00384856  -0.0234733  0.00426506  0.0174402  0.00571063  0.00182563  0.00709632  -0.00610842 
13 0.479886 0.484597 0.228942 1.7769 0.0994096  -0.118373  0.0242165  0.0616742  0.0593903  0.115068  0.0591826  0.0230321  -0.0540008  0.020322 
14 0.548693 0.589799 0.496644 1.66295 -0.230249  -0.242281  0.152322  -0.189419  0.135387  -0.158549  -0.0790949  0.0578452  0.143476  0.0469488 
18 0.0776403 0.536807 0.117403 1.52577 -0.0152347  -0.0295935  -0.0422909  -0.024169  -0.0360541  -0.0800938  0.0249448  0.0166743  0.00822898  0.0402499 
19 0.0376548 0.496675 0.0138383 1.50107 0.00839638  -0.00931997  0.00268976  0.00315386  -0.000309086  -0.00313342  0.00196264  0.00142401  -0.000976562  0.000458197 
21 0.0676301 0.533316 0.10416 1.48871 0.000307735  -0.0308547  -0.00175455  -0.0668274  -0.0245989  -0.0149364  -0.046801  -0.024171  -0.0343966  0.0253452 
27 0.0420206 0.716913 0.190782 1.46656 0.0119695  -0.033145  -0.0132275  0.0274069  0.0338708  0.176899  -0.0125186  0.00564905  -0.0399008  -0.00294208 
29 0.0605144 0.502433 0.0479317 1.45246 -0.0138375  -0.0194469  0.00147375  0.0338383  -0.0189296  -0.0137643  0.00291272  0.0013456  -0.00131396  0.00455892 
30 0.04105 0.510788 0.0504433 1.43209 -0.0095152  -0.0170728  -0.000694949  0.00204703  -0.0252342  -0.00723139  0.0346152  -0.0128427  0.00731978  0.00721475 
39 0.222197 0.506262 0.158438 1.41798 -0.00398122  -0.0788093  -0.0109542  0.070469  -0.00230925  -0.0433284  0.00744437  -0.0707619  0.0710586  -0.0423698 
41 0.0898205 0.581937 0.178249 1.34537 0.0844816  -0.0160064  0.0371182  -0.105363  0.0170202  0.0161188  -0.0454269  -0.0667379  0.0196893  -0.0666742 
42 0.0845705 0.544526 0.133116 1.31301 -0.0253597  -0.0568489  0.0526338  -0.0322716  -0.0324153  0.0201552  -0.0390407  0.0300403  0.0683944  0.0383634 
44 0.351739 0.491176 0.186213 1.28172 0.0812635  -0.0504261  0.0101661  0.0830706  -0.127767  -0.0381495  -0.0227625  -0.0129474  -0.00723855  -0.0025432 
45 0.0542042 0.524745 0.0813212 1.1582 0.0192637  -0.0159891  -0.0158828  -0.00993649  -0.0467934  -0.00460855  -0.0516126  -0.0202075  -0.0178072  0.0059358 
47 0.250251 0.741394 0.483825 1.13518 0.118845  -0.0679411  0.0166599  0.191511  -0.012981  -0.233399  -0.0916042  0.243221  0.14502  -0.187537 
49 0.021982 0.535492 0.0576365 1.03213 -0.0106126  -0.0114184  -0.00654427  0.0211034  -0.014358  0.0120439  0.029251  -0.031429  -0.00351898  -0.0195905 
50 0.0946625 0.528104 0.119318 1.02154 -0.000815979  -0.0448152  -0.0094998  0.0608717  -0.0347869  -0.0314462  8.37655e-05  -0.0158253  -0.00517374  0.0771737 
53 0.0966035 0.543369 0.142144 0.976269 -0.00958231  -0.0627256  -0.0367989  -0.0599619  -0.0242367  -0.0168603  -0.0564582  0.0224898  -0.0757411  -0.0304514 
55 0.0168973 0.508008 0.0260203 0.927838 0.0104138  -0.00527132  -0.00426389  -0.00660963  -0.00216944  0.00867595  -0.00497509  -0.00720651  -0.0101446  -0.0148114 
66 0.126162 0.591175 0.223836 0.918764 0.025241  -0.0364943  -0.0291267  0.0337181  0.0188518  0.0767823  0.0636215  0.103981  -0.0524007  0.149304 
67 0.0294565 0.54852 0.0777906 0.851653 -0.00299138  -0.0329898  0.00314577  -0.00195835  0.00217874  0.0185399  0.0267388  0.0294936  0.0536092  0.0115376 
68 0.046483 0.507805 0.049499 0.834435 0.0101489  -0.0364211  -0.0199335  0.0170073  0.0129546  -0.00734376  -0.00403732  0.00792244  -0.00141609  0.00558916 
72 0.028995 0.930747 0.222153 0.806751 0.112685  -0.0150203  -0.0207685  -0.0216613  -0.000487821  0.0784503  0.0836395  0.0877237  0.0842688  0.0870683 
77 0.0474121 0.502908 0.0401428 0.788838 0.00968326  -0.0229202  -0.00401826  -0.00149344  -0.0164522  -0.016464  0.0111076  -0.00321317  -0.0157044  -0.0072038 
78 0.0785772 0.614282 0.193064 0.758909 0.0780843  0.0175988  0.059273  0.0108097  -0.0171051  0.00281268  0.120689  -0.034944  -0.0910802  -0.0534187 
79 0.0170085 0.875351 0.159323 0.707318 -0.0249075  -0.0837731  -0.0380487  0.0103539  -0.00811668  0.0582228  -0.00645164  0.0470343  0.0484544  0.0901832 
81 0.0965553 0.572057 0.175234 0.695294 0.0715149  -0.0584546  -0.0506692  -0.0500813  -0.106673  -0.0335737  -0.0486553  -0.0413967  0.0209661  0.00856626 
83 0.0548018 0.5298 0.0881823 0.625508 -0.0164694  -0.0338701  0.0238317  -0.0377024  0.0191533  0.0103218  0.0357411  -0.0457294  -0.00124339  -0.022907 
84 0.0347593 0.571944 0.101998 0.581298 0.017332  -0.0337654  0.00540429  -0.0658472  0.0242533  -0.0297931  0.0107438  0.0176057  0.00322529  -0.0518307 
85 0.00349731 0.505533 0.00913029 0.551125 0.00291489  0.00130819  0.000838015  0.00314017  0.00248214  -0.000961757  -0.00566354  0.000430862  -0.00474004  0.000880914 
86 0.0362865 0.537762 0.0775561 0.547948 -0.00652491  -0.0188679  0.0257598  -0.00575187  0.0243839  -0.0221017  -0.0107558  -0.00886806  -0.050426  0.0331596 
87 0.0313261 0.835915 0.204218 0.514396 0.0286082  -0.0465145  0.10981  0.0465114  -0.143698  -0.00342673  0.0515537  -0.0103182  -0.0322834  0.0058597 
88 0.0550676 0.577285 0.134052 0.483485 -0.0107395  -0.0483399  -0.0417132  0.041093  0.00916461  -0.0225282  -0.0952557  0.000355811  -0.0491092  0.00348748 
89 0.0353629 0.609519 0.125688 0.424445 0.0253138  -0.0377772  0.00756843  -0.0499102  0.0241996  0.0246365  -0.0544871  -0.0568396  0.0603007  0.0123621 
90 0.0320168 0.560902 0.0903653 0.381315 -0.0150743  -0.0610505  0.0181048  0.00220204  0.0405175  -0.0177474  -0.0122768  0.0124286  -0.0370373  0.0156611 
91 0.0242933 1.34037 0.283138 0.337471 -0.0307438  -0.0680643  0.130241  0.138216  -0.0237705  0.0360337  0.0729333  -0.150731  -0.0457181  -0.0808089 
93 0.00107042 1.0013 0.046317 0.299806 -0.00368933  -0.0114128  0.0116466  0.00479815  0.0289734  -0.0137397  -0.0116815  -0.0214164  0.0110979  0.00980927 
95 0.0291836 0.653329 0.134225 0.298016 0.0395146  -0.058162  0.0108339  -0.0445088  0.0601989  -0.034112  -0.0589995  0.0485398  -0.00284279  0.0184657 
96 0.00519364 0.53813 0.0283447 0.245046 0.0091422  0.0066315  -0.0104769  0.00402527  -0.00918864  -0.00328257  0.000362893  -0.0158403  0.00804946  -0.0117834 
97 0.00179919 0.816674 0.0477278 0.234238 0.00086443  -0.01271  0.0123502  -0.0191474  0.00616681  0.00783031  0.0127729  -0.0330653  -0.012249  -0.00952189 
98 0.00823414 1.29207 0.16103 0.230369 0.0196742  0.00949268  -0.0878382  0.0359615  0.0709354  -0.00820065  -0.0766417  0.0569223  0.0408656  -0.0236974 
99 0.0049992 1.0732 0.10691 0.211824 -0.0127128  -0.0355776  0.0201031  -0.0591189  -0.0385903  -0.0483344  0.0337798  0.0283218  -0.0171788  -0.00627664 
100 0.0107167 0.739448 0.101259 0.199707 0.034716  0.0178791  -0.0586514  -0.0295612  0.0091659  -0.0386873  0.000356102  -0.0464184  -0.00919096  -0.0243877 
105 0.00169925 1.588 0.0859273 0.170948 0.0332182  -0.0262971  0.0151144  0.0388641  0.0210066  -0.00670967  0.0386892  0.00476745  0.0312119  -0.0294888 
106 0.00719098 0.737945 0.0827018 0.165908 -0.0336175  0.012864  -0.00768984  -0.00244698  0.0136407  0.0371859  0.0186599  -0.0376967  -0.0461346  0.00351244 
109 0.00586181 1.45257 0.149081 0.142689 -0.0132808  -0.0206186  -0.0702333  0.00485257  -0.0501599  0.116563  0.00664929  -0.00161268  -0.0201237  0.0106148 
110 0.00310361 0.565101 0.0284896 0.12048 0.0113212  -0.0122683  0.00671609  -0.0140146  0.0112523  -0.0103723  0.0026409  0.00064506  0.00692031  0.00140791 
111 0.00149157 0.790836 0.0416492 0.106849 0.0206866  -0.0128837  0.0139775  0.0180143  -0.0188329  0.00414558  -0.00134723  -0.0152903  -0.00280535  0.00234649 
114 0.000333755 15.806 0.142753 0.0996301 0.0844748  0.0421739  -0.0573453  0.00821041  -0.0203267  -0.0520343  0.01249  0.0584329  0.00224656  -0.037572 
115 0.00067255 4.60021 0.104937 0.0979411 -0.0343383  -0.0380397  0.00868177  -0.00588769  0.0354952  -0.00688536  0.0132785  0.0312258  -0.0556887  0.0521118 
116 0.00203297 0.681322 0.0384029 0.0944464 0.0102155  0.00240326  0.0132737  -0.00696405  -0.0155102  -0.0190712  -0.0188753  -0.00350565  0.012678  0.00252737 
117 -0.000152469 0.0137632 0.0172211 0.0830014 0.00308807  -0.00573808  -0.000439002  0.00253805  0.00523914  0.00785658  -0.00754168  0.00288151  -0.0094394  -0.00200366 
120 0.00133667 1.32106 0.0662233 0.0839149 -0.00832809  0.0295933  -0.00335863  -0.0243464  0.0263977  0.0163501  0.0257416  -0.00288064  0.0238754  -0.0251247 
121 0.000384661 0.563995 0.00992572 0.0755376 -0.00434695  0.00171767  0.00523558  -0.00245942  -0.00104301  0.00403804  0.000986436  -0.000578757  -0.00273086  -0.00412967 
122 0.00153318 0.629636 0.0282047 0.0729475 0.0186528  -0.0052991  0.00544914  0.00786404  -0.0134233  0.00387577  0.00745546  -0.00819364  0.00182727  0.002588 
124 0.000730885 1.02276 0.0390862 0.0615575 0.00275916  0.0260015  0.0145265  -0.00309456  0.00616639  -0.0103522  -0.0187949  -0.00289522  0.00555053  0.00926328 
125 -0.000127629 -0.335407 0.0206519 0.0553056 0.00142411  -0.00595131  0.00281889  -0.00481438  0.00181065  -0.00708145  -0.00531707  -0.00104752  0.00249159  -0.016399 
128 -0.000390124 0.227455 0.0206263 0.0564478 -0.00153535  0.00190926  -0.0144649  0.000802689  -2.03586e-05  2.88478e-05  0.000923352  -0.0114783  -0.00850695  0.00214247 
129 -0.000309566 0.355525 0.0133779 0.0598043 0.000319491  0.0048922  0.00485512  0.00127706  -0.000152322  -0.00569934  -0.00482912  0.00186762  -0.00794138  0.00271128 
130 0.00131519 1.32623 0.0658957 0.0623391 -0.00266645  -0.0143253  0.0182106  -0.00145721  -0.0127738  0.038079  0.0127832  -0.00401793  -0.0139898  0.0425173 
131 -0.000368379 0.167336 0.0221431 0.0507133 -0.0057756  -0.0104652  0.00420894  0.00197462  -0.00398779  -0.00612371  0.00557711  0.000798628  -0.0136658  -0.00734333 
133 0.000127115 0.789495 0.0121323 0.0542244 7.67707e-06  0.00172193  -0.00139464  -0.00353757  -0.00446989  0.000937428  -0.00697803  -0.00400688  -0.00391624  -0.00536889 
134 -4.5291e-05 0.492549 0.00116229 0.0530394 -6.5158e-06  -0.000648181  0.0002286  -0.00048784  -1.75671e-05  -0.000104863  0.000640833  -0.000147754  -0.000424863  -0.000127237 
135 0.000485441 0.700666 0.0197395 0.0534647 0.000232313  2.63733e-05  0.00125435  0.0121472  0.0124605  0.00774869  -0.00139701  0.000416807  0.00478791  0.000335199 
136 0.000180871 0.734329 0.0130204 0.048715 -0.00817553  0.00407297  -0.00213  0.00561285  -0.000349912  -0.00267707  -0.00119838  -0.00209865  0.002911  -0.00533465 
139 0.00110813 0.674721 0.027831 0.0468219 0.00534282  0.00458318  0.0143464  -0.00547675  0.0019329  -0.00693492  -0.0105733  -0.00535818  0.0163517  0.00543004 
141 -0.000217254 0.441564 0.00712817 0.0329359 -0.000787097  0.000724243  -0.000527856  0.00293748  0.00266947  0.000773951  0.00240393  0.00209002  0.00242959  0.0041212 
142 7.47033e-05 1.12423 0.0136573 0.036084 0.00136201  -0.00694501  0.000528847  0.00619569  0.00688748  -0.000625143  -0.00321676  -0.00565358  0.00205025  -0.0018504 
146 -0.000155984 0.131826 0.0151572 0.0350336 0.00640295  0.000814365  -0.0049551  0.00256989  -0.00616767  0.00285194  -0.00213025  0.00938082  -0.00275054  0.00326281 
148 0.000237931 0.577727 0.00860195 0.0371934 -0.00494889  -0.000465371  -0.00357486  -0.00200723  0.00108585  0.0013454  -0.000798856  -0.00301782  0.000514356  -0.00441335 
151 0.000283059 0.541889 0.0068892 0.0338445 0.00251851  -0.00290316  -0.00137614  -0.0037055  -0.00129073  -0.0003804  -0.000978102  0.00203297  0.00249635  -0.00198327 
157 -0.000189669 -2.61057 0.0485743 0.0293671 0.0187681  -0.0120845  -0.0126617  -0.0182347  -0.0255925  -0.00243151  -0.00204478  -0.0113508  0.014944  -0.0187384 
158 6.77839e-05 0.854124 0.00979865 0.0324363 0.000507988  0.00104232  0.00545357  -0.00259566  0.000283747  -0.00452772  3.48192e-05  0.000385664  0.00545666  0.00277206 
160 -0.000403938 0.197055 0.0221277 0.0313741 0.00437951  0.0079515  0.0101345  0.0102273  -0.0108501  0.00164949  -0.00514859  -0.00662689  -0.00263171  0.00145847 
161 0.000216104 0.60141 0.00936342 0.0372606 -0.00455159  0.00529747  0.00188953  0.00130242  0.00241827  -0.00212851  0.000612259  0.0011269  0.00436273  -0.00160314 
165 -0.000246733 0.447395 0.00720791 0.0342385 0.00403881  0.00150673  0.00437214  -0.000459573  -0.00157088  0.00227602  -0.00162128  0.00115319  0.000464997  -0.00149076 
169 -0.000786212 0.0767347 0.0364927 0.0376701 0.00807722  -0.0264362  -0.00847821  0.00548769  0.0028828  0.0124982  -0.0116702  0.0104887  -0.00646745  0.0036139 
170 -0.000136441 0.494386 0.00175319 0.0469634 0.000910557  -0.000537433  -0.000952544  0.000104416  -0.00029715  0.00053911  -0.000684572  6.02304e-05  0.000225372  -0.000368083 
171 -8.58665e-05 -4.95055 0.0432634 0.0483943 -0.029211  0.00360936  -0.0108885  0.0105202  -0.00144206  -0.00154214  0.00266442  -0.0258916  0.00934633  -0.00262596 
172 0.000922459 0.575227 0.0166693 0.0492735 -0.00412624  -0.00236065  0.0114269  -0.00481823  0.0060134  -0.00287598  0.00411251  0.00140863  -0.0058782  -0.0018954 
174 0.000160587 0.521335 0.00370353 0.0388052 0.00050539  0.00102181  0.00194265  -0.000464575  0.000681048  0.00147772  0.00103134  0.00163677  0.000887003  -0.00111802 
175 -9.50656e-05 -0.300761 0.0174501 0.0366779 -0.00366396  -0.00298624  -0.00457266  -0.00835197  -0.0058693  -0.00182514  0.00956397  0.000557609  -0.0034959  0.00705113 
179 1.01215e-05 8.43924 0.017928 0.0379518 0.00340556  0.000493431  0.00167542  -0.0124503  -0.0022441  -0.00521889  0.00339003  0.00722511  0.00657334  0.0035467 
182 0.000166168 0.580665 0.00732289 0.0378182 -0.000259394  0.00398547  -0.00176991  0.000420768  0.000690793  0.000985686  -0.000739069  -0.00155391  -0.00544757  -0.000527422 
188 0.000364829 1.17838 0.0314599 0.0355537 -0.00759996  0.0136356  0.0133105  -0.00566846  0.0123976  0.00584801  0.00848711  0.0118658  -0.00797869  0.00850583 
189 -7.4758e-05 0.479965 0.00244828 0.0299883 -0.000499538  0.000874792  -1.73133e-05  -0.00082564  0.000387266  -0.00107655  0.000858331  -0.00104156  -0.000476125  0.000969585 
191 -9.70855e-06 0.373193 0.00221912 0.03121 0.000109131  -0.000987956  -0.00107889  -0.000935634  -0.000306763  0.000721911  0.000268058  0.000582619  0.000731288  -0.000579461 
193 -5.59861e-05 -2.24449 0.0247908 0.0313651 0.0188493  -0.00446611  -0.00140499  0.00424605  0.00305044  -0.0103851  0.00629924  0.00502258  0.00320185  0.00519856 
194 -0.000309149 0.451006 0.0077873 0.0322453 -0.003397  -2.6188e-05  -0.00245426  -0.00168295  -0.0040271  -0.00362085  0.00275155  0.00056931  -0.000268079  0.00171784 
197 -1.71513e-05 -0.848537 0.00961856 0.0367281 -0.00201632  -0.000402386  -0.00126841  0.00152793  0.00666485  -0.00550391  0.00289545  0.000496643  -0.000544017  -0.000840483 
198 0.00013841 1.12032 0.0185312 0.0369609 -0.00181776  0.00746  0.0139826  0.000434096  0.00624074  -0.000410501  -0.00388921  0.00487188  -0.00115422  -0.0030722 
199 1.90806e-05 0.537143 0.00168376 0.0350386 -0.0010113  0.000266156  -0.000224437  0.000335045  0.000578282  -8.4664e-05  0.00043607  0.000549993  -8.40269e-05  -0.000858812 
203 -7.67727e-05 0.25655 0.00864675 0.0347653 0.003972  -0.000790512  0.00114414  -0.00053778  0.000412455  -0.00127515  0.00321071  0.00144782  -0.00335634  -0.00559466 
206 1.87773e-05 0.569449 0.00228394 0.0358525 0.000684204  -0.000534699  0.000778918  -0.00036768  -0.000755618  0.000999965  0.000300185  1.69347e-05  -0.000272927  -0.00140879 
207 1.97622e-05 0.51684 0.00115384 0.0355897 -5.2271e-05  -0.000631495  -0.000320766  0.000672969  -0.000267886  -6.71135e-05  -7.84747e-05  0.000331951  0.000291304  0.000310778 
208 0.000229371 0.597025 0.00943577 0.0353109 -0.00531331  -0.000115943  -0.00509297  0.00287879  -0.000459996  0.000769602  -0.00231746  0.00398119  -0.00093847  -0.0019126 
209 3.13714e-05 4.33931 0.0219486 0.0318986 -0.000432331  0.007773  0.00121741  0.00107055  0.00459521  0.0104638  -0.00624277  0.00344702  0.0147508  0.00441155 
210 0.000200265 0.574283 0.00771486 0.031403 2.59099e-05  0.000921785  0.00149354  0.00133395  0.000640385  0.0021981  -0.00610454  -0.000688066  -0.0023768  -0.00245537 
214 0.000160257 0.786337 0.0135478 0.028034 -0.00862394  -0.003218  -0.00629933  -0.00287823  -1.89355e-05  -0.00267039  -0.00429907  -0.00283562  -0.0035791  -0.00209423 
216 -0.000222682 0.459786 0.00598735 0.0250132 -0.000348792  0.00178247  0.00139111  0.000809988  0.00348947  -0.00202223  -0.000899779  0.0029344  0.00167187  0.00121531 
219 1.48188e-05 0.507747 0.000677724 0.0291267 0.000337525  -0.000357119  0.000287286  0.000145381  0.000188632  -0.000176953  -9.28164e-05  -0.000180565  2.71428e-05  -7.30314e-05 
220 -6.97104e-05 -0.234677 0.014313 0.0288712 -6.97982e-05  0.00583642  -0.00243375  0.00697074  -0.00145487  0.00713442  -0.00639384  0.001752  0.00391081  -0.00200456 
222 -0.000297255 0.380977 0.0118989 0.0300543 -8.15639e-05  -0.00138939  -0.00534202  -0.00645289  -0.000555541  -0.00122979  0.000270388  0.00726258  -0.00384618  -0.000192423 
226 -0.000776717 0.380418 0.0192861 0.0346491 0.00505924  -0.00434107  0.00102554  -0.0103076  -0.00501097  -0.00172019  0.00199081  0.00578252  1.39045e-05  0.0124396 
227 -8.41775e-05 -0.163622 0.0149484 0.04447 -0.00348316  0.00196123  0.00827724  0.00622854  0.00411197  -0.00252882  -0.00113968  -0.00394029  0.00576515  0.00517721 
229 0.000885052 0.658813 0.0237136 0.0454066 0.0108108  0.00383528  -0.0088865  -0.00464883  0.000529698  -0.00293253  0.0020846  -0.0155756  -0.00469789  -0.00723006 
230 0.000124883 0.627256 0.0079732 0.0343089 0.000550721  -0.0025599  -0.00216823  0.00520073  -0.00279617  -0.00137426  -0.000479768  -0.00211721  0.00175978  0.00272946 
231 -0.000410151 0.285858 0.0187474 0.032438 0.00816463  0.00759342  0.00219125  -0.00560799  -0.00991372  0.00876746  0.00102429  -0.00288728  0.00243134  -0.0006664 
233 -0.000287104 0.177834 0.0192369 0.0382421 -0.00746313  -0.000866856  -0.0103402  -0.00893713  -0.00153748  -0.000260276  -0.00280158  -0.0068983  0.00514679  -0.00651605 
234 0.000933778 0.742129 0.0300714 0.0418283 -0.00480341  -0.0120469  0.00927181  0.0129484  0.00338147  -0.00180915  0.0204984  0.0012722  0.00161672  -0.00658301 
236 7.89192e-06 0.741043 0.00275847 0.0285703 -0.000117554  -0.00160049  0.000227917  -0.000781898  -0.000333094  -0.000524602  -0.000982066  -0.000755244  -0.000525746  0.00147413 
237 1.83508e-05 0.59818 0.00268455 0.0284318 -0.0015228  -0.000681859  0.000154886  0.000874958  -0.000137336  -0.000646163  -7.53991e-05  -0.0017678  -9.13384e-05  0.0002406 
238 8.1646e-06 2.82583 0.00871533 0.0281073 0.00021133  0.000739301  -0.0045296  -0.00340363  0.0025549  0.00310992  -0.00496753  0.0002148  -0.00126415  0.000862704 
240 1.51737e-05 0.705779 0.00353408 0.0279616 -0.000676996  -0.00146766  -0.000436339  0.00198613  0.000114286  0.000365767  0.00210618  -0.000420626  0.000806276  -0.000576519 
241 0.000366713 1.15375 0.0309633 0.027689 0.00026049  -0.00615628  0.00853183  0.00845294  -0.00209404  -0.0133284  -0.00996165  0.00399849  -0.0217872  -0.00214026 
242 -0.000629723 0.358577 0.0188818 0.0200009 -0.00230235  0.0118082  0.00591709  0.0010519  -0.00531709  -0.0118275  0.00169743  -0.00122243  0.00166542  -0.000599353 
246 2.30301e-06 33.1648 0.0173464 0.0320929 -3.17608e-05  0.00381699  -0.0043761  -0.00153733  0.0141443  0.00174342  0.00646055  0.00220625  0.0029624  0.00251611 
250 5.76042e-07 0.509038 0.000144312 0.032057 -5.77286e-05  3.01172e-08  4.94413e-05  -2.87408e-05  -6.78126e-07  1.86726e-05  -8.70865e-05  2.85315e-06  6.94209e-05  3.82385e-05 
254 0.000145873 0.839803 0.0140806 0.032048 0.00393704  0.00245928  0.00351952  0.00116639  0.00397336  0.00527476  -0.00161458  -0.0105917  9.19024e-05  -0.00213507 
255 -0.00045853 -0.0612862 0.0320885 0.0296852 0.00644078  -0.0238616  0.00849632  0.00460163  0.00643111  0.003161  0.00136563  -0.0148753  0.00609381  -0.00371831 
258 -0.00123337 0.18529 0.0394212 0.0366039 -0.00515016  -0.012355  -0.00758033  -0.00959156  -0.0203359  0.0163046  0.0144213  -0.0148651  -0.00688059  -0.00835007 
259 1.94054e-05 0.513393 0.00101967 0.0507344 5.85775e-05  0.000685077  -0.000125898  -0.000199807  0.000161633  -0.000186427  -0.000478789  -0.000376  -0.000104023  -0.000262455 
260 0.000388262 0.565326 0.0100752 0.0505428 -0.00464159  0.00234251  0.00097136  -0.000587792  -0.00042876  0.000547411  -0.00529036  0.00196923  0.00634366  0.000772717 
261 -0.000322964 0.476088 0.00556313 0.0465444 -0.00388014  -0.00110219  -0.000738356  -4.18262e-05  0.000148098  -0.00121042  -0.000243652  -0.0031883  0.00126671  -0.000902798 
263 0.000418676 0.605418 0.0132888 0.0498939 -0.00436266  0.00244074  0.00264142  -0.000298937  -0.00503385  -0.00629582  -0.00664709  0.00582644  0.000302858  0.00115533 
264 1.14881e-05 2.08606 0.00853712 0.0455062 0.00624121  0.00142663  0.00182399  -0.000314264  -0.00198465  -0.00146999  1.08003e-05  -0.000834365  -0.00430564  -0.00177038 
265 -0.000157638 -1.02021 0.0309604 0.0453798 -0.00163419  0.0172729  0.00646525  -0.00736414  -0.00150469  -0.0129568  -0.00626208  0.0124556  0.0110546  -0.00864829 
268 0.000189443 3.26291 0.0457486 0.0470848 -0.0101302  -0.017196  0.00429997  0.0350684  -0.00209223  0.00913827  -0.00502476  0.013467  -0.0121294  -0.00216986 
269 0.000340221 1.8924 0.0435222 0.0450283 -0.00898995  0.00302955  -0.0200037  -0.00324113  0.033321  0.0153886  0.000866561  -0.00279082  0.00578663  0.0020998 
270 0.000322409 0.714404 0.0166283 0.0410778 0.00427629  -0.00400338  -0.0053535  -0.00289868  -0.00897726  0.000847451  -0.00688324  -0.00588901  -0.00118903  0.00635164 
272 -0.00014124 -2.36295 0.0402151 0.0369463 0.00681322  0.0116479  0.015814  -0.00827159  -0.027443  -0.00112002  -0.011632  0.00089815  -0.0092459  0.0118611 
275 0.000326903 0.609976 0.0119931 0.0388108 0.0075121  -0.00429037  -0.000207629  -0.00225445  -0.00123281  0.000236102  0.00665516  0.00139022  0.00310955  0.00252984 
277 -0.000322424 -0.0552183 0.0267613 0.0343428 -0.00322092  0.0230714  -0.00936223  -0.00243612  0.000421191  0.00440773  -0.00724155  -0.00118527  0.000894449  -0.00238021 
279 0.00094559 0.935743 0.040589 0.0387544 0.00473791  -0.0100006  -0.000310867  -0.00853124  0.0184163  0.00189761  0.0259267  0.0191694  0.00708713  0.00441373 
280 -4.81066e-05 0.390653 0.00458725 0.0235958 -0.000863621  0.000589253  -0.0013179  -0.00210452  0.000630184  0.00113793  -8.85553e-05  -0.000621203  -0.00332186  -0.000814492 
281 -0.000711824 0.34206 0.0212153 0.0245941 0.00781028  0.0177751  0.00316262  -0.003175  0.00368109  0.0018181  0.000952263  -0.00135356  -0.00183234  0.0054862 
287 -0.000193516 0.169854 0.0159872 0.0362898 -0.00789356  -0.00777078  0.00233576  -0.00875551  0.00497783  0.0011896  0.000713467  0.000170692  -0.000340154  -0.00489216 
288 0.000515963 1.34756 0.0418155 0.0388649 0.00818478  -0.0227204  -0.0119399  0.00151638  -0.017927  -0.0217999  -0.000781642  -0.00737931  -0.00247527  -0.012754 
290 -7.1258e-05 -0.874548 0.0197936 0.0315381 0.00526281  0.00997466  0.00397596  0.00645463  -0.00860758  -0.00310467  0.000692567  0.00377891  -0.00926397  0.00477655 
291 6.39646e-05 0.550042 0.00357845 0.0326483 -0.00205968  -0.00152068  0.00134112  0.000223285  0.000775256  -0.000612469  -0.000979691  -0.000970824  0.00034217  -0.001186 
293 0.000137285 0.783823 0.0124842 0.0316536 -0.00064068  -0.00652869  -0.00308181  9.79558e-05  0.000807142  0.000980953  -0.00507927  -0.00445456  0.00741056  -0.00106813 
299 -5.9961e-05 -0.81738 0.0177754 0.0294053 -0.00673201  0.00998739  0.00248433  0.00334119  -0.00426896  0.00630761  7.07617e-05  0.00341123  -0.00195677  -0.00894877 
300 4.94689e-05 0.515838 0.00177064 0.0304078 0.000424731  0.00013879  -0.000288395  0.0010367  5.92864e-05  -0.000479801  0.00044047  0.000161272  -0.000302878  0.00111001 
302 -9.3184e-06 0.395528 0.00197335 0.0295832 0.000488169  -0.000302101  -0.000349073  -0.000908945  0.00093766  -0.000355549  0.000341345  0.000300622  -0.000952577  -0.000704695 
307 0.000118592 0.626202 0.0077375 0.0297403 0.00121357  -0.00070243  -0.00222149  -0.000349908  0.00350924  -0.00252464  -0.0039569  -0.00287049  0.0031937  -0.000245287 
310 0.000156867 0.772833 0.0130839 0.0276749 -0.00414083  0.000379888  -9.47315e-05  0.0110019  -0.000169596  -0.00267617  -0.000259197  0.00096696  -0.0035564  0.00346495 
312 1.58021e-05 0.679438 0.00336779 0.0246789 -0.000207428  7.4552e-05  -0.000766072  0.00112426  0.000114487  0.00082026  0.002149  0.00148822  0.000310046  -0.00135186 
313 0.000194501 1.08362 0.0213075 0.0243566 0.00247847  -0.00666646  0.0119013  -0.00308214  0.00624232  -1.50325e-05  0.000913196  0.00704989  0.011833  0.0047714 
314 -3.81725e-05 -4.65122 0.0280442 0.019969 0.00369238  -0.00249233  -0.013999  0.00370181  0.000380254  0.0102773  -0.000809729  -0.00904619  -0.00705295  0.0178593 
315 -0.000473861 0.343758 0.0172139 0.020903 0.000321797  0.00721709  -0.00546294  0.00783447  -0.00720218  -0.00115876  -0.00659793  0.00439741  0.00253349  0.00551398 
316 0.000195145 0.59741 0.00872051 0.0301813 0.00089856  -0.00327172  0.00491149  -0.00105695  0.00380465  0.000699435  -0.00157442  0.00461945  0.000620902  -0.000357426 
318 0.000267319 0.6674 0.0133793 0.0267541 0.00413799  -0.000460414  0.0036238  -0.00468204  0.000503638  0.000128809  0.00635865  -0.0022767  -0.0066695  -0.00602067 
322 2.35533e-05 0.798463 0.00530274 0.0211778 0.00149971  -0.00300981  0.00167888  0.00146377  0.0029393  0.000663373  -0.00101985  0.00128825  4.483e-05  0.000261654 
323 -0.000193912 0.333898 0.0113519 0.0206142 -0.00190668  0.000804255  -0.00595111  0.0019127  -0.000954911  0.00399903  0.00468817  0.00371897  0.00461373  0.0033925 
324 -0.000152166 0.433392 0.00636837 0.0248773 0.00376894  3.16269e-05  -0.000422368  0.00273058  0.00270795  0.00158335  -7.43811e-05  0.00181356  -0.000225297  0.0023517 
328 0.000218912 1.06141 0.0221707 0.0277679 -0.00457631  0.00311304  -0.00821184  -0.00183853  -0.00296974  -0.0119511  -0.000708107  -0.00732283  0.00803662  -0.0109421 
329 1.93555e-05 0.586032 0.00258087 0.0234982 0.000734502  0.000301728  0.000393123  -0.000789792  -0.000426533  0.0022052  0.000236036  0.000279969  -3.6978e-05  -0.000267874 
330 5.44901e-06 2.51392 0.00662533 0.0230827 0.00164507  -0.001028  -0.000549334  0.00133793  0.000294489  0.00293808  -0.00207264  0.00350057  -0.00328386  -0.00140981 
331 -0.000404885 0.187591 0.0224969 0.0229644 0.00550465  0.0101106  0.000469694  -0.00227812  0.00889032  0.0109981  -0.00641805  -0.00434551  0.00711653  0.00758014 
336 -0.000181935 0.355178 0.0102673 0.0305341 0.00250323  0.0054077  0.0031897  -0.00428899  -0.00574122  -0.0022147  0.000153438  -0.000334884  0.000273119  0.001806 
337 -8.23217e-05 -0.455877 0.0177415 0.0333809 -0.00868102  -0.00146043  -0.00418206  0.000684793  -0.00453453  -0.000510848  -0.00258272  0.0129193  0.000261817  -0.00498388 
338 -1.40902e-05 -1.23484 0.00988821 0.034592 -0.00265511  -0.00177125  -0.00155664  -0.00329642  -0.00301585  -0.00396076  0.00473796  0.00379668  -0.0013643  -0.00328525 
339 -0.000182138 0.304315 0.0119413 0.0347951 0.00267226  5.90061e-05  -0.00328217  0.00438943  0.00794222  -0.00228757  -0.00118427  0.00425476  0.00415251  0.000590495 
340 -0.000368668 0.269418 0.0184431 0.0373209 0.00918434  -0.00554051  -0.00819588  0.00882481  0.00302427  0.00342404  -0.00385963  -0.00333437  -0.00568035  0.000948143 
341 0.000153182 0.526491 0.00403015 0.0419713 -0.00037223  -0.000979358  0.00250471  0.000226892  0.0013115  0.00195565  -0.000117299  0.000662253  -0.00103409  -0.00132405 
343 -0.000777795 0.367284 0.0203309 0.0401051 0.00839773  -0.00879236  -0.00141313  0.00372918  -0.0149501  -0.0014311  0.00334352  -0.00118033  0.000367845  0.00336943 
345 0.000161122 0.815281 0.0142544 0.048852 -0.00355806  0.00790096  0.00385529  0.0028726  -0.00379429  0.00453991  -0.000858642  -0.00664711  -0.00360331  0.00347481 
348 4.54149e-05 5.63835 0.03055 0.0471742 0.00388911  0.0143654  0.0098854  -0.0197023  -0.0050122  0.00567321  0.00254228  -0.00919617  -0.00158053  -0.00866435 
349 0.000186692 0.530393 0.00476571 0.0466904 -0.00152247  -0.00249637  0.00017151  0.000198495  1.66431e-05  -0.00127954  0.000878295  0.000724339  -0.00311522  0.00120631 
