generation s h r distopt trait[0] trait[1] trait[2] trait[3] trait[4] trait[5] trait[6] trait[7] trait[8] trait[9] 
4 -5.38107e-05 0.354975 0.00558729 0.06 -0.000188286  -0.000136131  0.00241727  -0.0010772  -0.00260235  0.000380598  0.000870846  0.00105617  0.00366496  -0.0013919 
5 0.00106392 1.1041 0.0506875 0.0803825 0.0232045  -0.00345489  0.00817399  0.00160574  -0.00565237  -0.0304882  -0.00795902  -0.00812394  0.0189517  0.0223484 
11 0.00366746 0.630875 0.0438479 0.182959 0.0169189  -0.0200326  -0.00273045  -0.00268871  0.00752493  -0.00466706  -0.000665804  -0.0329524  -0.00743554  0.000630974 
12 0.000807777 1.05855 0.0424727 0.191353 0.00249923  8.01843e-05  0.00166198  -0.0221285  0.0128264  0.0281099  -0.0182264  -0.000791397  -0.000742573  -0.00414555 
13 0.000338806 0.518327 0.00498896 0.208113 0.000812237  9.05613e-05  0.00334951  0.000621273  0.00204211  0.00226767  -0.00063596  0.00132624  0.000550749  -0.000915103 
14 0.0105235 0.546004 0.0445051 0.226368 0.0313417  6.87516e-05  -0.00889849  -0.0163765  -0.00509628  0.00292481  -0.00497463  -0.007412  0.0158153  -0.0169317 
16 0.0187618 0.698291 0.122019 0.23918 0.0582804  0.0190232  0.0308067  0.0558378  0.0135785  -0.018957  0.0736129  -0.0209374  0.00520457  0.0252003 
17 0.00714274 0.632651 0.0616443 0.213785 0.0342262  0.00941215  0.0307931  0.0273934  -0.0147835  -0.0190135  0.00570234  0.00245726  -0.0107132  -0.0103917 
18 0.0100217 0.554058 0.0469612 0.212375 0.0153134  0.0235392  -0.00406915  -0.00769863  -0.0114073  0.0146691  -0.0256245  0.00950486  -0.0116866  -0.0105874 
20 0.00105286 0.521086 0.00945027 0.222123 0.000624549  -0.000567433  -0.00759311  0.00336386  0.000874751  0.00244624  -0.00133173  -0.000575308  -0.00230971  0.00233156 
23 0.009867 0.52925 0.0345947 0.274813 0.0174832  -0.00643212  0.0106598  -0.0105279  -0.00650722  0.00791647  -0.0086327  0.00994778  -0.0149398  0.0111174 
24 0.00184105 0.782787 0.045626 0.275105 0.00223254  -0.0151398  -0.00672345  -0.0249482  0.0111362  -0.0239582  0.00692694  0.00591742  0.0190414  0.00602751 
25 0.0185096 0.667737 0.111599 0.290747 0.0397555  0.0338659  -0.0544223  0.0363439  0.00710312  -0.0168177  0.000989526  0.0101892  -0.0141265  -0.0693301 
27 0.00972489 0.52906 0.0342289 0.294607 0.0212558  0.00729297  0.00696724  0.0125209  0.00518428  0.00479836  -0.0135271  -0.00671883  0.0134429  0.00160192 
29 0.0110721 0.927927 0.137347 0.314983 0.0446397  0.00773734  -0.0435349  0.000832426  -0.00952627  0.00574014  0.0055303  0.028188  0.110483  0.0419574 
31 0.0250594 0.594349 0.0981617 0.331559 0.0698109  -0.0210998  -0.0053285  -0.00528954  0.0281542  0.000784316  -0.0126095  -0.0235034  0.0349664  0.0391569 
32 0.00318168 1.83299 0.130026 0.307331 0.0341126  -0.0900437  -0.00488192  0.0226632  0.0428583  0.00410886  -0.0245215  -0.0575689  -0.011352  -0.034638 
33 0.0125463 0.647713 0.0862423 0.3162 0.0105923  0.00979572  0.00089787  -0.00561547  0.0174639  0.0319024  -0.0296454  0.0419882  -0.0247502  0.0511865 
34 0.0104562 0.608324 0.0675177 0.310802 0.0101385  -0.0100576  -0.00278722  0.00955983  0.0220753  -0.00657217  0.0371316  -0.00220223  -0.0411318  -0.0254872 
35 0.00409452 0.752735 0.0643201 0.309312 0.0187259  -0.0346151  -0.0345184  0.000391667  -0.0272713  0.00295793  0.0151514  0.0143129  0.0143995  -0.00151544 
37 0.0200431 0.545848 0.0619238 0.333834 0.0321265  0.0242031  -0.0118815  -0.0119322  0.0092194  -0.0283427  -0.00331425  0.014565  -0.0103092  -0.026747 
38 0.00203643 1.33087 0.0822039 0.318503 0.0119172  0.00550335  0.00956566  0.0194328  0.0212863  -0.0295374  -0.042819  0.00746151  -0.0534506  0.00666016 
39 0.0143685 0.859699 0.143441 0.331024 0.0951646  0.0440562  -0.0440578  0.0220768  0.0287201  0.00254185  -0.0528042  -0.0394456  -0.042835  0.0117939 
41 0.01542 0.517735 0.0346764 0.332312 0.00868324  -0.00160867  0.0174017  -0.00823657  -0.020499  0.00471104  -0.00340795  0.0109388  0.00599546  0.0120077 
43 0.0147626 0.557714 0.0590678 0.335791 0.023921  -0.0209897  -0.0101485  -0.0187087  -0.0273608  -0.00927667  -0.000118477  -0.00660891  -0.0291593  -0.0171634 
48 0.0133721 0.51779 0.0321462 0.389079 0.0129267  0.000393116  -0.0040205  -0.0114544  -2.06229e-05  0.0155159  0.0164275  -0.00544515  -0.00274544  -0.0130753 
49 0.00912611 0.537896 0.037658 0.388121 0.0189134  -0.00663491  1.30982e-06  0.019788  -0.00504329  0.0148687  -0.00781839  0.00792923  -0.0107161  0.01181 
52 0.00664894 0.657775 0.0648229 0.426264 0.0219409  0.00976905  -0.00310248  0.00995366  -0.00499567  -0.047711  -0.0129542  0.000118085  0.0253195  0.0201565 
65 0.0209865 0.552586 0.067689 0.648722 0.0138756  0.00550002  0.0362519  0.00241549  -0.0273802  -0.0383719  0.00190168  0.0229778  -2.65577e-05  0.0168913 
70 0.00924251 0.500788 0.00844465 0.726513 0.00616986  -0.000359931  1.70569e-05  -0.00342184  0.000708122  0.000891891  0.00129754  -0.00414573  9.60457e-05  0.00110871 
72 0.00497652 0.526845 0.0233525 0.758174 0.00150611  -0.00115793  -0.00790125  -0.00115328  -0.0187633  0.0056177  0.00157065  0.00957642  0.000240067  0.0003414 
73 0.0343905 0.519598 0.0567547 0.77402 0.0286152  -0.0367125  -0.0141459  0.00325964  -0.0114367  -0.00612004  0.00533392  0.0230873  -0.00591459  0.00888909 
74 0.0284216 0.502568 0.0260882 0.770839 0.0192347  -0.00620771  -0.00736793  -0.00494264  0.00300309  0.00254587  0.00381479  0.00908739  0.0076329  -0.00474045 
75 0.0114416 0.513027 0.0256413 0.771425 0.0048898  0.0190419  0.000404413  -0.00853308  -0.00312841  -0.000426014  -0.00422246  -0.00992575  -0.00290582  -0.00795204 
77 0.031327 0.508542 0.0391085 0.802238 0.020638  0.0201901  -0.00227023  -0.0100354  -0.00711035  -0.000840053  -0.00540328  -0.0103034  -0.012475  0.0157417 
78 0.126433 0.562045 0.191015 0.801903 0.0931047  -0.0284699  0.0852878  0.0863983  -0.0773581  -0.0192342  0.0297113  -0.0689491  0.0130902  -0.0103388 
79 0.0751424 0.527138 0.102362 0.742547 0.0547999  0.00335002  0.0493107  0.0211121  -0.0267356  0.0063032  0.0557333  -0.00512269  0.00890778  -0.0249019 
80 0.0269758 0.51956 0.0493577 0.710573 0.013576  -0.000988479  -0.00561857  -0.0389453  0.00462209  0.000474684  -0.014105  -0.0155927  -0.012416  0.00920647 
83 0.16416 0.52209 0.157871 0.747959 0.102428  0.0363297  -0.0220746  -0.0524901  0.00752278  -0.0187818  0.0591016  0.0685673  0.0256669  0.0246324 
89 0.0308366 0.507529 0.0370903 0.752829 0.0214615  -0.00460916  0.0144073  0.013747  -0.00326402  0.0039673  -0.00216528  0.0144307  0.0119762  -0.0107025 
91 0.0132016 0.621659 0.0803938 0.770822 0.00993584  0.0447937  0.0152556  -0.00426325  -0.0169793  0.0141049  0.0399854  -0.0320927  0.0188267  -0.0252308 
93 0.0185949 0.581015 0.0783304 0.800776 0.0214069  -0.000437791  0.00468792  0.0154008  -0.00415583  0.0261316  0.04405  -0.0429126  0.0274558  0.0134984 
94 0.0141275 0.529476 0.0418576 0.808244 0.0123779  0.0327203  -0.00596185  0.0126238  0.00057028  -0.00293207  0.00827527  0.0152868  -0.00206515  0.00423953 
95 0.00352076 0.519338 0.0166739 0.818519 0.00290007  0.00701462  0.000342167  -0.0115991  -0.000359206  -0.0047821  0.00224887  -0.00731164  0.000768116  0.00190871 
98 0.0526718 0.517486 0.0700381 0.873581 0.0307977  -0.00150917  -0.0186372  -0.00776727  -0.0239907  0.0493935  0.0210569  -0.00521196  0.00112501  -0.00773244 
99 0.0536908 0.521804 0.0769745 0.862791 0.0402555  0.0246143  0.00547017  0.019278  -0.00977437  0.00524339  -0.00687286  -0.0390531  -0.0177007  -0.0358944 
100 0.0593529 0.510313 0.0635538 0.850821 0.0323532  0.00413131  0.00846546  0.0224863  0.0050329  -0.00925978  -0.0192015  0.038242  -0.0169483  0.0129815 
101 0.0404611 0.511293 0.0507709 0.835182 0.0277066  0.0191718  0.002476  0.0160042  0.013157  0.00170528  -0.0131601  8.72445e-05  -0.0121506  0.026141 
102 0.0218854 0.514826 0.0389612 0.811089 0.0159248  -0.00955318  -0.0164129  -0.00389397  -0.00181338  -0.0100824  0.00219342  -0.00494877  0.024123  0.01313 
105 0.00666057 0.555352 0.0386207 0.797632 0.0084428  0.0271549  -0.00885785  0.00272999  -0.00780391  0.00421756  -0.00809078  -0.00567911  0.00490384  -0.0199131 
106 0.0242476 0.558799 0.076926 0.793459 0.0223849  0.0347075  -0.0155008  0.0079651  0.0474934  -0.0172621  0.0208544  0.0241089  0.0175448  -0.00553496 
107 0.0162614 0.510678 0.0286182 0.778215 0.0103918  -0.000970751  0.00871015  -0.00966061  0.00206305  -0.00439361  -0.00306684  0.00224106  0.0223565  -0.00175282 
109 0.0813453 0.580013 0.167322 0.767782 0.0880166  0.0134297  -0.0712282  0.00293947  -0.0184356  -0.0109534  0.00934815  0.0541219  0.0885299  -0.0606081 
111 0.0013037 1.73458 0.0801848 0.71504 0.00652089  -0.024253  0.0261151  -0.00359089  -0.0170689  -0.00687425  0.0367279  -0.0163564  -0.00999827  -0.0552173 
112 0.0149666 0.642555 0.0925864 0.714129 0.0400065  0.00534444  0.00595185  0.00834325  -0.043894  -0.0120226  -0.0281737  -0.0434883  0.0433142  -0.0143457 
113 0.0348175 0.567972 0.0993946 0.703651 -0.0111783  -0.0178015  0.0124799  -0.0191934  0.0388521  0.0790589  -0.0255586  0.0209381  -0.00681161  -0.00393172 
114 0.0937867 0.559093 0.158546 0.678895 0.0367739  -0.0742425  -0.000262863  -0.0650702  0.0985013  -0.0277314  0.0130984  0.0148172  -0.010047  0.0554494 
118 0.00721543 0.502846 0.0103779 0.609306 0.00552478  0.00428217  -0.00203382  0.000279034  -0.00218085  0.00199454  -0.00440546  0.000466615  -0.00283521  -0.00426939 
119 0.0628751 0.529862 0.0955694 0.603377 0.0346291  -0.0149992  0.0247651  -0.0106816  0.0262434  0.0630462  -0.00201694  -0.00308932  -0.0328667  0.0349941 
120 0.0170606 0.518907 0.0377122 0.550533 0.0125218  0.0151679  -0.00489779  0.0052656  0.00610033  -0.00623047  -0.00144976  -0.00857542  -0.0280356  0.00678 
121 0.0508035 0.5866 0.135475 0.534948 0.0493855  -0.0102015  -0.0694387  0.0144504  -0.00189999  -0.0272914  -0.078141  0.0402289  -0.0218328  -0.0427826 
122 0.0174023 0.524267 0.0426976 0.48643 0.0146502  0.00197217  0.00147052  -0.0226999  0.0128115  0.0171729  0.0105803  0.0142763  -0.0117212  -0.0132262 
123 0.0231153 0.536386 0.05988 0.468361 0.0235865  -0.0204782  0.0144068  -0.0171431  0.0184094  0.00748293  0.0287854  -0.0259865  -0.013648  -0.00484 
126 0.00979328 0.534735 0.0374339 0.443294 0.0168366  -0.00555475  0.00927062  0.00270329  -0.00588637  -0.00266975  0.0234078  0.0143897  0.013992  0.00108317 
133 0.00439197 0.503649 0.00857719 0.432162 0.00396219  0.00182686  -0.0021086  -0.00503551  -0.00381942  -0.000905659  -0.00121929  -1.77857e-05  -0.00231068  0.00157952 
135 0.00692412 0.509711 0.0170831 0.427062 0.00644346  0.00572698  0.00432914  0.00559242  -0.00163493  0.00396952  -0.00545473  -0.00209718  -0.00992761  -0.00404482 
136 0.00297651 0.571874 0.0293051 0.418905 0.00696821  -0.00487233  -0.00214736  -0.0180495  0.0107041  0.0112781  0.0074679  0.007989  0.00575742  -0.00784752 
137 0.0133691 0.786922 0.123697 0.415342 0.013953  -0.0611985  0.0194007  0.0143544  -0.0215384  -0.0496558  -0.0808273  -0.000410713  -0.0150621  -0.0329969 
144 0.0204392 0.534023 0.05438 0.399035 0.0285205  0.0152855  -0.00783599  0.00376025  -0.0290798  0.0110076  0.00757889  0.0204787  -0.0171851  -0.00977904 
145 0.00127662 0.508208 0.00653453 0.372821 0.00118356  -0.00183865  -0.000806009  -0.00237534  0.00298026  -0.000483491  -0.00164863  0.00345137  -0.00262209  0.00100289 
146 0.0124931 1.07593 0.169048 0.371106 0.0247235  -0.0402427  0.0268766  -0.0167422  -0.0616447  -0.035678  -0.0478918  0.0133221  0.0662048  0.115831 
147 -0.0001085 -1.36986 0.0284866 0.353983 0.00719415  -0.0221389  0.00867894  -0.00147632  0.000505956  -0.000338396  -0.00163289  -0.00896444  0.00931758  -0.00467731 
149 0.0119744 0.850405 0.129305 0.354137 0.0456799  0.0582554  -0.0339451  0.0488675  0.052543  -0.0248869  0.0577179  0.00621644  0.0307877  -0.00107633 
153 0.0105946 0.519529 0.0296428 0.336912 0.0104744  -0.000883099  -0.000632584  -0.0141458  0.00112929  0.0102958  0.0190647  -0.00711627  -0.00673256  0.000992512 
154 0.0155001 0.624157 0.0880317 0.32089 0.0271292  -0.0127774  0.012085  0.00238844  -0.025667  0.030047  0.010528  -0.00963006  -0.0067562  0.0699124 
157 0.00438677 0.632788 0.0483099 0.295955 -9.81565e-05  -0.0183396  -0.0227669  -0.00721781  0.0171666  0.00157476  0.000326536  -0.0211302  -0.0261307  -0.000695598 
158 0.0119564 0.544071 0.0465326 0.288465 0.0258139  -0.0193657  -9.10601e-05  0.00690928  0.00163736  -0.00628772  -0.0101037  0.01633  -0.014625  -0.0212435 
159 0.00839495 0.797559 0.0998638 0.26707 0.0524477  0.0425004  0.0375447  0.0158029  -0.00798718  -0.00180393  0.00574222  -0.0147787  0.0364063  0.0459625 
160 0.0352023 0.651334 0.146576 0.250932 0.0487144  -0.0306901  0.00648644  -0.0704946  0.0315501  0.0736185  -0.0293865  0.0542477  -0.0540389  -0.00402654 
161 0.00285761 0.608007 0.0351666 0.168434 0.00167351  -0.00816149  -0.00382205  -0.0021992  -0.00660227  0.0141774  -0.00182043  -0.0234396  0.00265189  -0.0185334 
164 -0.000148451 -3.89043 0.0510529 0.159738 0.0158534  -0.0284683  0.0264956  -0.0131522  0.00162633  -0.0042241  0.016989  0.0116035  -0.0137718  -0.00601759 
166 0.00303515 0.59782 0.0344994 0.160202 0.022125  0.0080173  -0.0108238  0.00568804  0.00813922  -0.00814359  0.0173291  -0.00371623  -0.00121001  -0.00622693 
167 0.00432087 1.08638 0.100545 0.150447 -0.0339375  0.0755492  -0.000553589  -0.0518225  0.00953764  0.00621802  -0.0161263  -0.00459493  0.00274595  -0.0120689 
168 0.00296004 0.649566 0.0420981 0.135361 0.00274565  0.00237429  -0.0220083  0.00786817  -0.0248757  -0.0140697  -0.00960699  -0.0151926  -0.00852986  -0.000419435 
170 0.00187501 0.547437 0.0188993 0.123964 0.00473745  0.00224071  -0.00331487  0.00377784  0.00786792  0.00249675  -0.00121876  -0.0127845  -0.00817297  0.00214411 
172 0.00178636 1.6875 0.0920342 0.116163 0.0610739  0.0227633  -0.000161369  -0.00949791  -0.00350507  -0.0573611  -0.0114544  0.0226424  -0.013517  0.00164173 
173 0.00156251 1.1209 0.0622651 0.108208 -0.0170517  -0.0279306  0.0218147  -0.00270182  -0.0033803  -0.000676315  -0.0102293  0.0228677  -0.0299191  -0.0280763 
175 0.0027119 0.654016 0.0408872 0.100736 0.0293495  -0.00873499  0.010554  -0.0110187  0.00303103  0.0186436  -0.000316759  -0.00812843  -0.00555261  -0.00689208 
176 0.00510191 0.724045 0.0676088 0.0862524 0.0151284  0.00202211  -0.0172064  0.0383907  0.0104826  0.0429748  -0.00899001  -0.0221574  0.000337581  0.00628349 
177 0.000429217 0.732873 0.019995 0.0484823 -0.00457245  0.00830511  -0.000664312  0.0101381  0.00412365  -0.00876419  0.00308784  -0.000471863  -0.00650649  -0.00779666 
178 2.12858e-05 0.551468 0.00209341 0.0438339 0.000819499  0.00136482  -0.000491873  0.0009047  -0.00058839  -0.000320796  0.000117485  -7.36105e-05  0.000301461  0.00047792 
179 -0.000827268 0.439604 0.0141519 0.0435904 0.00458524  0.00184587  -0.00581643  0.000741783  0.00496353  -0.00238796  0.00568928  -3.46809e-05  -0.00627749  -0.00627281 
180 -2.92742e-05 0.147722 0.00642273 0.0522277 -0.00139986  0.00146354  -0.000114796  -0.00288671  -0.00151915  0.000458445  -0.00216598  0.00301782  -0.000857094  -0.00342817 
182 0.000647363 0.590536 0.0153155 0.0525072 0.00231956  -0.00315803  0.00911448  0.00148246  -0.00586647  0.00124626  0.00369317  -0.00702727  0.000265805  -0.00590583 
186 -4.51476e-05 0.478289 0.0019804 0.0459331 0.000936386  7.34398e-05  0.00100738  -0.000122566  0.000303133  -0.000350591  0.000150246  0.000107159  0.000480436  -0.00123703 
187 0.000215051 1.06979 0.0221376 0.046422 0.00918649  0.00418648  0.0118506  0.00724919  -0.00564257  -0.00275473  0.00429987  0.000337413  -0.00760881  0.00890177 
190 -8.16982e-05 0.47736 0.0027207 0.0440451 0.000985458  -0.000464393  0.000495696  -0.000257152  0.00068913  0.00131982  0.000545646  -0.000219636  -0.000513895  -0.00175406 
192 2.80154e-05 0.508483 0.000975179 0.0449631 -0.000359392  -0.000218097  0.000332981  -0.000459819  3.67604e-05  -0.000100832  -0.000229356  -0.000301297  0.00020513  -0.000504931 
193 0.000108403 0.530123 0.0036148 0.0446504 0.000168554  0.0018105  -0.00107445  0.00143482  -0.00116904  0.000967608  -0.00142028  0.000609786  0.000399362  0.00130226 
194 -6.42613e-05 -3.98657 0.0339577 0.0434196 -0.0202581  0.014494  -0.00100487  0.000182618  0.00595425  0.00221034  -0.0103337  0.0175519  0.00511765  -0.00708742 
195 8.41781e-05 1.29298 0.0163399 0.0441535 0.00361514  -0.00661416  0.0116789  0.00389944  -0.00409572  -0.0046967  0.00268064  -0.000807123  0.0032346  -0.00119969 
197 -0.00041922 -0.435956 0.0396181 0.0431897 -0.0190582  0.00669464  0.00981973  -0.00936564  0.0208801  0.0109792  -0.00740684  -0.0129734  -0.0139022  -0.00211072 
198 0.000306949 2.25294 0.0463831 0.0477981 -0.00270962  0.00877116  -0.0122897  -0.0159666  -0.00450069  0.00950498  -0.0147501  -0.00993215  0.0104578  0.0335405 
201 -0.00017395 0.202867 0.0143796 0.044472 0.00474365  -0.000748303  0.0030376  0.00270533  -0.00180279  0.00540118  -0.00721509  -0.00381069  -0.00804626  -0.00184983 
202 0.00071826 0.620087 0.0185777 0.0463867 -0.00514003  -0.0123118  -0.00282143  -0.000333857  -0.00649948  0.00256269  0.00450991  0.00141899  0.00460679  -0.00816544 
203 -0.000149949 0.356488 0.00927871 0.0378645 0.00183461  0.00242502  -0.00370981  -0.000498134  -0.00512843  0.00288834  -0.00303451  0.00402995  -0.00135764  0.000949673 
204 -0.000347753 0.213843 0.0199539 0.0397955 -0.0115224  -0.000961921  0.00975172  0.000644871  0.00196308  0.00646287  0.00915783  -0.00106571  -0.00268869  0.00557678 
206 2.13376e-05 0.517431 0.0012198 0.0439488 -0.000183029  0.000809059  0.000199752  0.000314657  -0.000481616  0.000190996  0.000343656  -0.000348921  -0.00011025  -0.000374836 
209 0.000343983 0.645289 0.0141396 0.0437054 0.0021973  0.00304313  -0.00140346  0.0054445  0.00162549  0.000101139  0.00333175  -0.00625625  0.000312846  -0.0100616 
210 -6.66996e-05 -5.63734 0.0404618 0.0395757 0.012426  -0.027781  0.016359  -0.00469162  -0.00459539  -0.0112522  0.00417499  0.0149496  0.00561638  -0.00106773 
211 0.000665263 1.15017 0.041586 0.0404096 -0.00298641  0.0200726  -0.0127585  0.0112675  -0.0142741  0.0110825  -0.0105516  -0.0142077  0.0196854  -0.000741722 
212 7.28654e-05 1.0317 0.0124484 0.031111 0.000833535  0.00310427  -0.000897569  -0.00340279  0.00297826  -0.00621894  -0.00181848  0.00824685  -0.00211617  -0.00298435 
215 -4.12279e-05 0.463249 0.00246202 0.0299171 0.000336476  0.00125138  -7.26132e-05  0.0012547  -0.00076009  0.000538121  -0.00109934  -0.000442256  0.000658394  0.000312896 
219 -0.000173441 -0.272443 0.0231499 0.0305984 -0.00365607  0.0002377  -0.0193719  -0.000267331  -0.00326272  -0.00482574  0.000409639  0.00297771  -0.00358531  0.00955669 
220 1.29349e-05 1.65998 0.00774701 0.0333124 0.00207262  0.000531088  0.00203104  -0.00266647  -0.00342701  -0.00387818  -0.00338148  -0.00162244  -0.00024727  -0.00181402 
223 0.000126508 0.661435 0.00903846 0.0331177 0.000132117  -0.00219287  0.000882077  0.00449456  0.00352502  -0.00468706  0.000799132  0.000639015  0.00148682  0.00427043 
224 -1.37125e-05 0.219494 0.00392248 0.0311493 -0.000211555  -0.000627235  0.000963333  -0.000850357  -0.00247382  -8.6225e-05  -0.00132062  -0.00152144  5.97815e-05  -0.00176266 
225 -0.00012399 -0.0294788 0.0162054 0.0313687 -0.00707239  -0.00885544  -0.00748254  -0.000622235  0.00203603  -0.00087191  0.0075613  -0.00125629  -0.00363095  -0.000980631 
226 3.08681e-05 0.564155 0.00281456 0.0332865 0.000419403  -0.000764072  0.000752719  -0.000699347  -0.000295726  -0.000599614  0.00033537  0.000343072  -0.00223608  0.000655093 
229 -7.70335e-06 0.497561 0.000274198 0.0328196 -0.000205119  -6.23048e-05  8.52308e-05  -3.72588e-05  -1.91888e-05  6.45899e-05  -9.41188e-05  -7.59081e-06  3.95934e-05  -7.45178e-05 
236 -0.000106465 0.358921 0.00775166 0.0329367 0.00110786  -0.0011951  -0.00402706  0.00336688  -0.00172673  0.00283927  0.00228756  -0.000152811  0.00367456  0.000278926 
239 -2.65222e-05 -0.737085 0.011456 0.0345152 0.00186641  -0.00501054  0.00355921  0.00598264  0.00245801  0.00365298  0.00025258  0.000152857  -0.00041281  0.00587775 
241 0.000166531 0.580576 0.00732683 0.0348973 0.000822239  -0.000682568  0.0021088  -0.0028538  0.00441513  -0.00160562  0.00154531  -0.00274452  0.00279366  -0.000391004 
242 -3.25651e-05 0.207858 0.00616892 0.0324238 -0.000490119  -0.0018395  0.00174038  0.00010897  -0.000996954  -0.00300813  -0.00211648  0.00271257  -0.000180619  -0.00307862 
243 -0.000143202 0.482732 0.00314677 0.0329222 -0.000799072  -0.000980304  -0.000926412  -0.000615545  0.000229591  0.00070719  -0.0013394  0.000195872  0.00174205  -0.0012828 
247 0.000274546 0.749458 0.0165512 0.0350297 0.00218156  0.0100365  -0.000965928  0.00579353  0.00337641  -0.00288676  0.0023578  0.00588151  -0.00760308  -0.00403243 
248 -7.337e-06 0.349381 0.00210248 0.0308638 -0.00139868  0.000746666  0.000616184  0.000336461  0.000185513  0.000694632  0.000234861  0.000160185  -0.000745678  -0.000509827 
249 1.08122e-05 0.523436 0.0010068 0.0309824 -0.00056111  0.000235814  0.000236292  -8.80573e-05  -3.0121e-06  0.000590302  0.000190722  -0.000356654  -0.000228638  -0.000123626 
250 -0.000284292 0.456947 0.00700042 0.0308074 0.000405031  -0.00338857  -0.00232998  -0.000942992  0.00414051  0.000476732  -0.00196982  0.00162637  0.00132509  -0.00232144 
251 -0.000125148 -1.04038 0.0277683 0.0351202 0.0153877  -0.0103174  0.00389954  0.00636515  -0.000788964  -0.00540224  -0.001804  -0.0101181  -0.00304221  0.0150811 
254 6.8075e-05 0.672735 0.0068583 0.036859 0.000690878  0.00160129  0.00158707  -6.23426e-05  0.00105327  0.000956031  -0.000983933  -0.000381549  -0.00581418  -0.00212848 
257 -7.70082e-05 -0.679175 0.0190585 0.0359237 -0.00131269  -0.000947424  -0.0102819  -0.00105122  -0.00330918  -0.00472136  0.00760121  -0.00738669  -0.00241387  -0.0101179 
258 0.000350006 0.637975 0.0138993 0.0369801 0.00222038  0.00923255  0.00041835  0.00405702  -0.00317605  0.00692055  0.00501203  -0.00159615  0.00056326  0.000648143 
262 -7.58259e-06 0.31038 0.00239818 0.0318995 -0.00126451  -0.000557139  0.000145099  -0.000601562  0.000414975  -0.00038326  0.000192752  -0.00115372  -0.000865243  -0.00101144 
264 0.000275422 0.573101 0.00897555 0.0320182 -0.00179059  -4.80135e-05  0.00605901  -0.000943885  0.00317123  -0.00216288  -0.000824237  0.00153445  0.00275799  -0.00379134 
267 1.57719e-05 12.3282 0.0273156 0.0273821 -0.0101383  0.0117087  0.00533973  -0.00150138  -0.00959051  0.00830289  -0.00941684  0.0137477  0.00568392  0.00214368 
269 5.481e-05 0.566587 0.00382095 0.0270926 -0.00163852  0.0020573  0.000734459  -0.000480037  0.000354678  0.000810291  0.00116561  -0.00206649  0.000232956  0.000668521 
271 -4.61532e-05 -2.09749 0.0218978 0.0260614 0.00245867  0.00371563  -0.00058745  -0.00564716  0.0127742  0.00374644  0.00702745  -0.00176687  0.0106245  -0.00920996 
272 -4.02318e-05 -0.0794457 0.00965662 0.0269324 -0.00116221  -0.00468056  -0.00110069  0.00168503  0.00426712  -0.00378504  0.000624328  0.00315881  -0.00450111  0.00166682 
278 -0.000340784 0.0358688 0.0251553 0.0276692 -0.00241771  0.0127805  0.00546995  -0.0113677  0.00306376  0.00422175  0.0040983  0.00315124  -0.0149989  0.00505525 
280 -5.15233e-05 0.115395 0.0089032 0.033263 0.00264368  0.00186308  0.00190431  0.00109745  0.00596779  -0.00142406  0.00217308  -0.00209093  0.00388608  0.00146215 
282 8.75482e-05 0.532281 0.00336273 0.0340287 -0.000419556  -0.001275  0.00014085  0.00116336  -0.00115749  0.00054947  0.000492693  -0.00129457  -0.000468503  -0.00208643 
285 -0.000109124 -0.110659 0.0163267 0.0327171 -0.000281854  -0.000641219  -0.00333029  0.00123298  0.000109743  -0.00365035  0.00835476  -0.00396445  0.00837263  -0.00919257 
287 -0.000238747 0.148891 0.0183128 0.0343444 0.0104294  -0.0035963  0.00783878  0.00585654  0.00390511  0.00907542  -0.00124178  0.000519655  0.00157023  -0.00400225 
288 -0.000393869 -0.0629739 0.0297843 0.0376605 -0.000654932  -0.00796756  -0.0131193  0.00804065  -0.00143705  -0.0227237  0.00155585  0.00313317  0.00165393  -0.00728148 
290 9.90345e-05 0.865638 0.0120349 0.0425706 -0.00113616  -0.00332551  0.00431425  -0.00679574  0.000924255  -0.00574898  -0.0054555  0.00180632  0.000872912  3.40686e-05 
291 0.000200764 0.599503 0.00893966 0.0413912 -0.00293194  -0.000937002  0.000705447  -0.00331371  -0.00201873  0.00124762  -0.00700749  -0.00160314  0.00124931  0.000311887 
293 2.89216e-05 0.503375 0.000625185 0.0388907 5.73104e-05  -0.000183273  0.000273648  -0.000191019  -7.48544e-05  0.000244739  -0.000125845  -0.000351329  6.171e-05  0.000184484 
296 -0.000396792 0.280078 0.0186865 0.0385171 -0.00320833  0.00729917  -0.00589318  -0.00318658  0.00535955  -0.00133594  -0.00230067  0.00960671  -0.000444901  0.0106038 
297 1.66255e-05 0.573203 0.00220641 0.043364 -0.000300172  0.000756114  0.000500308  -0.000264853  -0.00107948  -0.00063857  -5.34894e-05  0.00125738  -0.00058258  0.000624238 
300 -0.000141788 0.146161 0.0141668 0.0431719 0.0041625  -0.0081871  -0.00376403  0.00521353  0.00122014  -0.00548763  -0.000543118  -0.00130807  -0.00374398  0.00523155 
302 0.000285159 0.591396 0.0102115 0.044784 -0.00326775  -0.00230895  -0.00284773  0.000245096  -0.00721487  -0.00173362  0.000465361  -0.00352283  -0.00221536  0.00273872 
306 -3.65821e-05 -4.12786 0.026022 0.0414788 -0.00710786  0.0106924  0.00991323  0.0138789  -0.00552146  -0.0030518  -0.00603713  -0.0112191  0.00422091  -0.00121074 
307 -0.000436337 0.13753 0.0251559 0.0419174 -0.00478727  -0.00279633  -0.00832161  0.00421946  0.0099533  0.0193114  0.00340916  0.0015102  0.00539622  9.21519e-05 
308 6.42718e-06 0.505882 0.000388887 0.0468349 -4.05961e-05  1.07294e-05  -3.60829e-05  -4.9489e-05  1.6334e-05  0.000106318  -8.0156e-05  -0.000235286  -0.000261128  6.46264e-05 
310 0.000476581 0.634141 0.0159925 0.0467662 0.000430441  -0.00343082  0.00395411  0.000282078  -0.0107102  0.00976491  -0.00113046  0.000588896  0.00403728  0.000321021 
311 -0.000569704 0.372262 0.0170683 0.0413595 -0.0021216  -0.000512108  0.000396869  -0.0081743  0.00829744  0.00556348  -0.000999405  -0.00223755  0.00906718  -0.0056185 
313 -4.41725e-05 0.329368 0.00549096 0.0477543 -0.00165862  0.0020097  -0.000133401  0.00271006  -0.00104763  0.00146683  0.0020805  0.00187523  -0.00220885  -0.000159326 
314 0.000276585 0.793771 0.0180275 0.0482146 -0.000884955  0.00508211  0.00614722  0.00142245  -0.00939038  0.0024022  0.0115959  0.00243158  -0.00249049  -0.0042472 
316 -0.000165621 -0.762212 0.028917 0.045256 0.00385754  -0.00295194  0.00125455  0.0122346  -0.0143205  -0.0157014  -0.0053872  0.0120407  -0.0017632  0.00571106 
317 -8.19032e-05 0.48574 0.00216221 0.0470504 -0.000231198  -0.00103784  0.000551507  0.000594281  0.000437097  0.000553072  -0.000422322  0.00142791  -0.000410588  -6.68372e-05 
318 5.58861e-05 0.507034 0.00125459 0.0479129 9.14094e-05  -0.000296914  5.13031e-05  -0.000162904  0.000187796  -0.000325456  -0.000156621  -4.28855e-05  -0.00102091  0.00048835 
321 0.000167106 4.23048 0.0499257 0.0473261 0.0147194  -0.00871473  0.0193229  -0.0188507  -0.00116675  -0.0135466  0.0102414  -0.0210528  0.0218202  0.0161908 
322 -7.81459e-06 -2.4423 0.00959015 0.0455266 -0.00292556  -0.000112321  -0.00324197  0.00403313  -0.00125796  0.00188107  -0.0018236  -0.00497384  -0.00170119  0.00453248 
324 -0.00049187 0.42814 0.0118969 0.0456123 0.00169789  -0.00434089  -0.00239975  0.00513661  -0.000704146  0.00267337  -0.00273455  -0.00538977  0.00497295  -0.00433208 
325 0.000795745 0.656524 0.0223226 0.0507196 0.00680146  -0.0101655  -0.00811802  -0.0055284  0.00042499  -0.000936572  -0.00396593  -0.00462084  -0.0133449  -0.00600087 
326 -9.31231e-05 0.00658167 0.0135574 0.042155 -0.00406828  0.000433796  0.00225929  0.00661969  -0.00243157  -0.002332  -0.0050905  -0.000527291  -0.00754551  0.00486446 
328 -2.0366e-05 0.473817 0.00146055 0.0432455 -0.000409942  -0.000163932  -0.000960192  -0.000256777  0.000135889  -0.000321734  0.000287559  0.000316663  0.00055449  0.000581344 
332 0.00013883 0.660134 0.00943018 0.0434803 0.00513564  0.00489083  -0.00208755  -0.0020099  -0.00199456  -0.000316939  -0.00308281  0.00234345  0.0033406  4.45614e-05 
335 0.00075124 0.652758 0.0214269 0.0418535 -0.0137051  0.00237797  -0.00150848  -0.00501183  -0.000772145  0.00375185  0.00586254  0.00555658  -0.0108714  -0.00633485 
336 5.9307e-05 0.680825 0.00654958 0.0316348 -0.00192447  0.00362899  -0.000761002  0.0022828  0.00169098  0.00199682  0.00125257  0.000537862  -0.00223923  0.00255234 
337 0.000138341 0.56286 0.00589843 0.0306831 0.00152705  0.00317097  -0.000816456  -0.00158881  0.0030857  -0.000786506  0.00145954  -0.00100016  0.00122901  -0.00210534 
338 0.000369952 0.596231 0.011935 0.0283394 -0.000396283  0.00405497  3.14612e-05  -0.00953359  0.000830486  0.000378422  -0.00196608  0.00215398  -0.00475286  0.00173935 
339 4.36555e-05 0.634787 0.00485151 0.0208144 0.00176708  -0.00181933  0.00187506  0.000213623  -0.000577828  0.00068781  -0.00014417  0.00191778  0.00218643  -0.00206325 
340 -0.000261731 0.0942676 0.0206116 0.0197379 0.00368122  -0.00919496  0.00188245  -0.00912612  -0.00532448  0.00835721  -0.00151191  -0.0116684  0.000579086  -0.00171616 
341 3.67048e-06 0.696238 0.0016974 0.0255216 -0.000219395  9.58792e-05  0.000795403  -0.000798375  0.000656611  -0.000890626  -0.00044942  -0.000169073  -0.000250184  0.000190391 
343 -4.16916e-05 0.297256 0.00581483 0.0254496 -0.000359773  -0.000319919  0.00289327  0.000750461  -0.000398021  -0.00394178  0.000337233  -0.000634519  -0.00198032  -0.00212421 
347 -4.61345e-05 0.176478 0.00772684 0.0262559 -0.00098837  0.000490081  0.00460085  -0.00101681  -0.00167138  -0.00038358  0.000414995  0.00400077  0.00272263  -0.00312308 
348 -0.000165072 0.122713 0.0157843 0.0271203 0.00532553  -0.00618173  -0.000464043  -0.00310239  0.00318028  -0.0037123  0.0110998  0.00119021  -0.00401866  -0.00283946 
351 -0.000124556 0.402735 0.00696206 0.0300099 0.003149  -0.00239322  0.00259142  -0.00204217  0.00159827  0.00256902  -0.000199325  0.00171386  0.000149272  -0.00312842 
352 0.000412851 0.734918 0.019696 0.0320181 0.000445781  0.00666669  -0.00563847  0.00160244  0.00657784  0.00603554  -0.00837083  0.0107761  -0.00347598  -0.0055636 
356 -7.34421e-07 0.499595 3.44936e-05 0.0247466 -4.5897e-06  -5.81541e-06  5.56019e-06  1.00042e-05  -1.52599e-05  -1.3293e-05  -3.82035e-06  2.19976e-06  1.68483e-05  -1.70603e-05 
357 -4.33142e-05 0.171474 0.00754461 0.0247614 0.00226829  -0.00153727  0.00275199  0.00360352  0.0043119  0.00238188  0.000400328  0.001061  0.000962465  0.00154137 
358 1.08344e-05 0.504223 0.000427856 0.0256211 7.69029e-05  9.44914e-05  -2.82207e-05  3.97669e-05  -6.34043e-06  5.88375e-05  0.000227507  -5.48865e-05  -0.000272843  0.000181996 
359 0.000247792 0.772673 0.0164394 0.0254088 0.000884548  0.00398055  -0.00303308  0.00243991  0.00386091  -0.00692846  -0.0040097  -0.00117662  -0.00840607  0.00935084 
360 0.000147837 0.872271 0.0148368 0.0199461 -0.00496915  0.00877409  -0.00228465  -0.0074238  0.00082053  0.00430042  0.00507053  0.00230626  0.00260013  0.00107911 
361 -0.000117818 -0.0178963 0.0156232 0.015812 0.00658449  -0.000715235  -0.000835063  -0.00153385  -0.00152293  0.00306998  -0.0101312  -0.00314864  -0.00547417  0.00654997 
363 -9.82329e-05 0.366455 0.00724437 0.0191793 -0.00107009  -0.000437342  0.001903  0.000710169  0.000558321  -0.000449152  -0.00404989  -0.00525885  0.00063618  0.00142951 
364 4.26391e-05 0.610226 0.00433593 0.021589 -0.00111273  0.00155928  6.2832e-05  -0.000219034  -0.00132368  0.000993365  -0.00120407  0.00240093  0.00217205  0.000638641 
365 0.000121819 0.656639 0.00873662 0.0205778 0.000771434  0.00290175  6.85994e-05  0.00274436  0.00201709  -0.00438582  0.00305272  0.00279084  0.00406002  0.00169745 
366 -9.82801e-05 0.253761 0.00983921 0.0173676 -0.000193564  0.003216  0.000444786  0.000607989  -0.0042249  6.8625e-05  -0.00317862  0.00444211  0.00473902  0.00396404 
368 8.14458e-05 0.780738 0.00956338 0.0199979 -0.00609042  -0.00229636  -0.00302312  0.00381749  0.000768253  0.0023088  0.00367947  -0.00123951  -0.000591807  0.00200831 
369 -0.000373691 0.269165 0.0185786 0.0178459 -0.0030278  -0.00821078  0.00883433  0.00275256  -0.012079  -0.00103614  -0.00274674  0.00138117  0.00308379  0.00412535 
371 -5.15868e-05 0.44397 0.00340049 0.0263104 -0.00159913  0.00141415  0.000158432  -0.00135178  -7.16673e-06  0.000175156  -0.001673  0.000303976  0.00135425  -0.000630718 
373 -0.00078261 0.103046 0.0352596 0.0272731 0.0107529  0.00863431  0.00868426  0.00905114  -0.00854333  -0.0226299  0.0169692  0.00403992  0.000592725  0.00244957 
375 0.000266146 1.22002 0.0276836 0.0390735 -0.00196007  0.00809256  -0.00155951  0.00409903  0.00846262  0.0103252  0.000194692  0.00459971  -0.0213582  -0.0047144 
376 0.000133344 0.571322 0.00616829 0.0355054 0.00196626  -0.00508523  -0.000729355  -0.00106148  0.0021251  0.00104703  -7.26113e-05  0.000997024  0.000201153  0.000106106 
378 -0.000174234 0.29023 0.0120922 0.0335752 -0.000544281  -0.00133318  -0.00118084  0.00422047  0.00557993  -0.000312669  0.00716511  -0.00516812  -0.00171725  0.00356518 
379 2.46962e-05 0.54252 0.00204955 0.0360769 -0.00135055  -0.000530405  0.000489906  -1.673e-05  -0.000907564  0.000399469  -0.000889182  0.0001947  8.50832e-05  -0.000189718 
380 0.000188023 0.981651 0.0190319 0.035733 -0.00792047  -0.00669728  -7.94271e-05  0.00304336  0.00392355  0.008407  0.00593564  -0.00599435  0.00529465  -0.00775162 
382 0.000350841 0.673213 0.0155914 0.0329976 -0.00111584  0.0101778  0.0014853  -0.006465  -0.00230795  5.35558e-05  -0.00257923  -0.0024529  0.00354014  -0.00798284 
383 0.000119305 0.623887 0.00768923 0.0271673 0.00293634  0.000790332  -0.00269015  0.000721658  0.00293966  0.00123438  -0.00316725  0.00300028  0.00140789  -0.00330744 
385 -0.000185555 0.456346 0.00569393 0.024875 -0.00213952  0.000414229  -0.000456007  0.00187239  0.00393631  0.00014339  0.00222301  0.00144278  0.000939623  0.000732508 
388 0.000155403 0.79548 0.0135524 0.0283609 0.00247124  -0.00884308  -0.00540629  0.00129041  -0.000434249  0.00506517  0.00095515  -0.00377305  -0.000112034  0.0052404 
390 -0.000280572 0.0407722 0.0227038 0.0254744 -0.012948  -0.00369078  0.00124159  0.003189  -0.00939273  -0.00112999  -0.0105993  -0.0108502  0.00121241  -0.00119845 
392 3.7445e-05 0.527022 0.00201197 0.0304887 0.000630197  -0.00083692  9.22719e-05  -0.000817938  -0.000726448  -0.000314761  -0.00102244  -0.000391991  -0.000519622  -0.000420757 
393 -6.1355e-05 -0.0609929 0.0117338 0.0298683 0.00759565  0.000594764  -0.00245858  0.00432889  0.000415273  -0.00460132  0.00037846  -0.00450711  -0.00357345  -0.000528854 
394 5.56163e-05 0.960748 0.0101241 0.0308783 0.00242518  0.00292174  0.00265703  -0.000405184  0.000277412  0.00211448  -0.00814125  0.00147437  0.00236288  -0.00150694 
398 1.31257e-05 0.50634 0.000577031 0.0299643 0.000230933  0.000335608  -0.000141076  -9.52841e-05  0.000190734  -0.000120007  4.76734e-05  -2.37597e-05  0.000149149  -0.000249312 
400 0.000536203 0.617917 0.0159052 0.0297444 0.00322223  -0.00243086  -0.00579565  -0.0117811  -0.00459087  0.000969524  0.00098328  0.00437479  9.49063e-05  -0.0047086 
406 0.000142888 0.942168 0.0158968 0.0186727 0.00816251  0.00557942  -0.000918463  -0.00551073  -0.00208395  -0.00302761  -0.000583854  0.0104352  0.000623589  0.000778048 
410 2.8547e-07 2.26948 0.00142145 0.0143455 -0.000140981  0.000636585  -0.000115037  0.00032403  0.000588359  0.000545238  -0.00031933  -0.000245346  -0.000681227  0.000455516 
411 2.2137e-06 3.41688 0.00508216 0.0143356 -0.00127659  0.00143845  -0.00110627  -0.00199872  0.00192235  0.00115253  -0.00213022  0.000316854  -0.00173658  0.00205744 
412 -3.54149e-05 0.411964 0.00353156 0.0142581 -4.67744e-05  -0.000165246  0.00092474  0.0017038  -0.00169325  -0.00047259  -0.000977941  -0.00141879  0.000496841  0.00154198 
416 -0.000132649 0.234371 0.0118726 0.0154502 -0.00432795  -0.00357728  -0.00318693  0.00371674  0.00146081  -0.00476906  -0.000976415  -0.00449823  -0.00180669  0.00601076 
417 3.18388e-05 1.23145 0.00965151 0.0192709 0.00185793  -0.00143265  0.0011  0.00244379  0.00453111  0.00130184  -0.000703199  0.00400105  0.00645158  -0.000337296 
418 4.64496e-05 0.546014 0.00292406 0.0184263 -5.10363e-05  -0.00045115  -0.000775093  -0.000863367  0.000783791  -0.000574044  0.00126411  0.00144681  0.000410888  -0.00148119 
420 -0.000203801 0.283212 0.0132952 0.0171196 0.00549567  -0.00114511  -0.00727816  0.00101648  0.00326577  0.00251642  0.00208993  0.00718222  -0.0042521  -0.000461728 
423 -2.96612e-05 -3.44505 0.0216342 0.0222913 0.00485558  -0.00407842  0.00412944  0.00390836  -0.0115229  -0.00199864  0.00689415  -0.0135541  0.0043283  -0.00295852 
424 -0.000499106 0.380063 0.0154798 0.022947 0.000275478  0.00400858  0.0012833  0.00711198  -0.00626872  -0.00156723  0.0102185  -0.00493417  -0.000723222  -0.000459897 
428 -2.58071e-06 0.499253 8.78447e-05 0.032028 2.07137e-05  -5.89895e-05  -1.29712e-05  3.77092e-05  -2.00365e-06  -6.31017e-06  2.4177e-05  3.37052e-05  2.10243e-05  3.34793e-06 
429 0.000128879 0.582711 0.00653026 0.0320683 -1.37578e-06  0.000108163  0.000133299  -0.00291147  0.000713087  -0.000977245  -0.00344029  -0.000796823  -0.00437784  -0.00101914 
431 5.1242e-05 0.570913 0.00381259 0.0299917 -0.000645641  0.000608459  0.000624323  0.000382731  0.00148076  0.00145479  -0.00219278  -0.00124028  -0.000133481  0.00159344 
432 0.000119737 1.05405 0.0162894 0.029125 -0.00712883  -0.00428872  -0.00491045  -0.00877524  -0.000833857  0.00149818  0.00748038  0.00144104  -0.00462643  -0.00355483 
433 -2.97533e-05 0.328875 0.00451296 0.0269914 0.000595267  0.000807198  -0.00103935  -0.000447667  0.00301109  -0.00123186  0.00229649  -4.96922e-05  -0.00104369  -0.00106326 
436 -4.07506e-05 0.478511 0.0018718 0.027537 0.000874283  -0.000703553  -7.23845e-05  -0.000410936  -0.00010909  -0.000309282  3.73936e-06  -0.00131687  -0.000222406  0.000423086 
439 -5.77592e-06 0.492912 0.000404698 0.0282673 -6.31501e-05  0.000187021  -8.40896e-05  0.000122856  8.23122e-05  -0.000174428  -4.33146e-05  3.13243e-05  -0.000249643  -1.64847e-05 
441 8.41612e-05 0.666375 0.007484 0.0283693 -0.0017717  -0.00148027  -0.00204993  -0.00340579  0.00295415  -0.00305366  0.000950217  0.00332518  0.00193765  -0.00105472 
443 6.34386e-05 0.870316 0.00969367 0.0268451 -0.00150651  0.0042066  -0.00105798  0.00182044  0.000234461  -0.00011594  -0.00321471  -0.00552505  0.00375834  0.00380983 
447 -3.00761e-06 0.287629 0.00159841 0.0256363 -0.000187631  -0.000878375  0.000154766  8.14536e-05  0.000474449  0.000390619  0.000880892  0.000221349  0.00017564  0.000695768 
450 -3.15709e-05 0.382019 0.00386003 0.0256949 -0.00236968  -0.000200897  0.000703558  -0.00176737  -0.000221885  -0.000863395  -0.000192905  -0.00132526  -0.00174034  -9.20524e-05 
455 7.58553e-06 0.518484 0.000748922 0.0263021 -0.000312921  0.000127671  1.31879e-05  -0.000407484  0.000356919  0.000113596  0.000254697  8.99856e-05  -0.000149591  0.000211675 
456 -0.00025681 -0.602463 0.0336528 0.0261575 0.00219483  0.0124345  0.0204418  0.0171406  0.0110611  0.00238911  -0.00194241  0.0106755  0.00391444  -0.000538642 
457 0.000216764 0.688255 0.0127762 0.0306767 0.00213774  -0.00102014  -0.0023572  -0.00118537  -0.00434812  0.00284899  -0.00598291  0.00186837  0.00363417  0.00843457 
458 -0.000142565 0.378338 0.00833029 0.0269131 -0.0031882  -0.00217959  0.000283418  0.00308832  -0.000805741  0.00266952  0.00214968  -0.00493644  -0.00118691  -0.00258583 
459 0.000216363 0.655388 0.0115969 0.029443 -0.00119058  -0.00459757  0.00142158  -0.00445209  0.00162319  0.00717754  -0.00312248  0.00370045  0.0035279  0.000223086 
461 -5.10903e-05 0.17105 0.00819921 0.0255059 -0.00659148  0.00158871  -0.000527614  -0.00167631  0.000590154  0.000481898  -0.00161671  -0.00113768  0.00158461  0.0033418 
462 3.87796e-05 0.587097 0.00367571 0.0264886 0.00113588  -0.000882217  0.00092373  -0.000686802  0.00159575  -0.00130225  -0.00137485  -0.00132988  0.000566446  -0.00137674 
463 -9.876e-05 0.260448 0.00972836 0.0257462 -0.000526481  -0.00273449  -0.00253375  0.0044212  -0.00581347  -0.00167635  -0.000454554  -0.000825541  -0.00371644  -0.00310046 
464 0.000281112 0.948936 0.0224665 0.0275976 0.00487356  0.00639991  -0.00348439  -0.0100236  -0.0114044  -0.0101711  -0.00031739  0.00546407  -0.00534785  -0.0059457 
465 -0.000144107 0.285465 0.0111212 0.0219216 0.00216411  0.00276486  -0.000548388  0.0013864  0.000675835  -0.00553303  -0.000487157  -0.00149444  0.00397959  0.00772992 
466 -2.86011e-05 0.299595 0.00478831 0.0249935 -0.00138758  0.00306213  -0.000968443  -0.00137407  0.000772264  -0.00175972  0.00222833  -0.000226575  4.27511e-05  -0.000297144 
475 -9.21579e-05 0.387962 0.00642702 0.0255593 -0.00080892  -0.00311752  0.000531581  0.00196231  -0.00114575  -0.000244479  0.00283067  -0.00369582  0.00180754  0.000699029 
477 -0.00066598 0.297911 0.0232102 0.0273027 -0.00729987  -0.012049  -0.00212532  0.00913842  0.00135375  -0.00183347  0.0111143  0.00643675  0.00717951  -0.00552449 
481 1.54072e-05 2.78012 0.011854 0.0375718 -0.0036891  -0.000990289  0.00173489  -0.00215865  -0.0013711  0.00480947  0.00254959  0.00669766  -0.00640642  -0.000919621 
482 7.02624e-05 0.589466 0.00501456 0.0373662 -0.00133035  -0.0016398  -0.00143385  -0.00134643  0.00228541  0.000965197  0.000579008  -0.00126404  -0.00295234  -0.000119024 
485 -5.0358e-05 0.418761 0.00404546 0.0364139 -0.002166  0.000944601  -0.00172281  0.000462184  -0.000811861  0.00119681  3.2991e-06  -0.00178349  0.000633145  0.00138817 
486 -5.5152e-05 -2.03223 0.0236349 0.037099 0.0108281  0.000421728  0.0066489  0.00109838  0.00795707  -0.00494065  0.00276641  -0.0150732  0.00696252  -0.00497113 
490 -0.000128476 0.325837 0.00946129 0.037835 -0.00115281  -0.00699857  -0.000445378  -0.00150884  0.00158937  -0.00198116  -0.000483102  0.000187609  -0.0042574  -0.00344776 
494 0.000190974 1.44545 0.0268722 0.0394965 -0.00107908  0.0115909  0.00626634  -0.0157118  0.00234011  -0.00890152  -0.00521635  0.00617021  -0.0106138  -0.0061503 
499 -0.000472624 0.401923 0.0136222 0.0370002 -0.00581285  0.00110379  0.00103531  -0.00117746  0.0062646  -0.0038039  -0.00656772  0.00291402  -0.000434114  -0.00652453 
500 2.78551e-06 1.26908 0.0029273 0.0429156 -0.00213589  0.000256247  -0.000235319  0.000524011  -0.0011871  0.00117447  0.000468895  0.00074792  0.000107743  -0.000178916 
501 0.000313633 0.552773 0.00813905 0.0428832 0.00295236  -0.000753921  -0.000811767  -0.00188498  0.00188885  0.00422926  -0.00458305  0.0012631  -0.0029392  0.00023291 
