generation s h r distopt trait[0] trait[1] trait[2] trait[3] trait[4] trait[5] trait[6] trait[7] trait[8] trait[9] 
1 0.141958 0.539374 0.172121 2 -0.0405926  -0.018799  0.0675308  0.104036  0.0603195  -0.0141109  -0.0523746  -0.0166173  0.057445  -0.0456483 
2 0.0209301 0.509736 0.031955 1.96653 -0.00530153  -0.00460931  0.0117115  0.0121751  -0.011917  0.0094497  0.014841  0.00976604  -0.00683513  0.00962889 
3 0.0225551 0.500527 0.017198 1.96126 -0.0057425  -0.000594374  0.00214929  0.00254554  -0.00335674  0.00776674  0.00118668  -0.0109744  -0.00760809  0.000156823 
4 0.0843002 0.497568 0.0498741 1.95557 -0.0202672  0.0180609  -0.0211  0.0116638  -0.010252  -0.0166324  0.0274624  0.00510688  0.00154399  -0.00219711 
6 0.115775 0.508041 0.0975499 1.93476 -0.0304588  -0.0062807  -0.0147326  0.0150003  -0.0161382  0.0287551  0.0235705  0.0801113  0.000229028  -0.00678334 
8 0.0930661 0.66984 0.252825 1.90624 -0.0327342  -0.065267  -0.0105011  -0.0560057  0.0411355  -0.182554  0.0323804  -0.0106583  -0.133108  -0.0380051 
9 0.221461 0.54334 0.233222 1.88275 -0.053786  0.11788  0.0365378  -0.0595292  -0.0108452  0.117615  0.0361375  0.12863  0.0302144  -0.00314875 
12 0.0970464 0.494579 0.0477521 1.82886 -0.0230359  -0.0106847  -0.0170945  0.00311757  -0.00144162  -0.0142416  -0.013171  -0.0175416  0.0232326  -0.0103766 
13 0.0523342 0.509886 0.0575942 1.80336 -0.0143837  -0.0452401  0.00634788  -0.000973567  -0.0254803  0.0136455  0.00804487  0.00159817  0.0040609  -0.0101528 
15 0.032351 0.501 0.0251815 1.78916 -0.00917497  -0.00557908  0.00194346  -0.0151493  -0.0100436  0.00503299  -0.00619654  0.00626356  -0.00901863  0.000595772 
16 0.0720915 0.514086 0.0796314 1.78024 -0.0179469  0.00928405  -0.00348061  -0.000127623  -0.0206382  -0.0496945  0.00284587  -0.0514342  -0.0192111  -0.00162126 
18 0.0316245 0.55437 0.0851443 1.76058 -0.00938429  -0.0136908  -0.0581953  -0.0106423  -0.0340532  0.0041677  -0.0189514  -0.0183442  -0.0321356  -0.0238482 
20 0.253777 0.489662 0.127266 1.75171 -0.0631393  0.054639  0.050102  0.021586  -0.0467685  0.00158805  -0.0139229  -0.0219073  0.0434944  0.0386424 
21 0.085936 0.531145 0.116829 1.68592 -0.0264422  0.0527957  0.00713945  -0.0152042  0.00139561  -0.0597627  -0.0479079  -0.0428777  0.0208796  0.0416796 
22 0.0245406 0.879152 0.192076 1.66129 -0.0266569  0.0222671  0.0327542  0.0642392  -0.126293  -0.00822419  0.0157467  0.0407601  0.101886  0.0466895 
23 0.102908 0.495851 0.0563062 1.65398 -0.0276218  -0.00428016  -0.0051284  -0.00685101  0.0360126  -0.00452124  0.0104746  0.0251184  0.00753767  0.0141791 
27 0.167433 0.506951 0.12753 1.6241 -0.0554379  0.0365323  -0.00573643  -0.0121916  0.0316673  -0.0499743  0.0271681  -0.0105998  -0.0260803  0.081508 
28 0.0618022 0.608956 0.166854 1.57572 -0.0428399  0.0482691  0.0114139  -0.00886385  -0.0454786  -0.0316187  0.0455358  -0.0975533  0.081337  0.0468238 
29 0.0318604 0.513119 0.0462294 1.55658 -0.00798338  0.00192443  0.0130003  -0.0135143  -0.00382417  0.0188004  -0.0251285  0.0207687  0.0136524  -0.0100414 
30 0.111771 0.663938 0.272818 1.54647 -0.0820796  0.0199035  -0.119255  0.0583334  0.00695328  -0.0956029  -0.0840024  0.110905  0.0239142  0.143373 
33 0.143165 0.518068 0.136341 1.51182 -0.0243662  -0.0131358  -0.0883169  -0.0259833  0.0173112  0.0513346  0.0265642  -0.0223402  -0.0715793  -0.00918257 
34 0.0526427 0.535738 0.0929606 1.46691 -0.020203  -0.0208633  -0.0321619  -0.0459243  -0.0285296  -0.0240655  -0.0304848  -0.0413673  -0.0231481  -0.00923608 
35 0.06687 0.519494 0.0844802 1.44931 -0.0231324  0.0322301  0.00371387  0.0187805  -0.0175318  0.0262939  -0.0591153  -0.00641135  -0.014945  -0.0209453 
36 0.0564287 0.50203 0.0441834 1.42681 -0.0157698  -0.0038741  0.00218977  0.0194474  0.00501139  0.0247597  -0.0141265  0.000774173  0.0201087  -0.00792527 
38 0.0357987 0.501315 0.0283466 1.40744 -0.0153928  -0.00679709  -0.00542133  0.00411199  -0.00959668  -0.0107188  -0.00263696  -0.0152099  0.000281008  -0.00536002 
39 0.0681562 0.524351 0.092671 1.39489 -0.0235031  -0.00489163  -0.0205662  0.0301096  -0.0450824  0.0588669  0.0328421  -0.00503335  -0.00203575  -0.0087299 
42 0.0704922 0.538176 0.112712 1.37105 -0.0422953  0.0673715  0.0439849  0.0342449  -0.0427259  0.018965  -0.00434936  0.0138738  -0.0286612  -0.00712675 
43 0.0766884 0.817996 0.309172 1.34598 -0.0683785  0.124698  0.102873  0.0139212  0.0564546  0.160682  -0.15065  -0.0237341  -0.0661126  0.089162 
44 0.0282417 0.591375 0.10273 1.31824 -0.00220556  -0.0756774  0.0233476  -0.00800442  -0.0392043  0.0362894  -0.0333048  -0.00891265  -0.00824186  -0.0100944 
46 0.0649324 0.55397 0.12463 1.30764 -0.0152868  -0.0703882  -0.00414001  0.0219807  0.0431212  0.0560352  -0.0619852  -0.00488624  -0.0182495  -0.0254085 
47 0.0499404 0.502372 0.0406144 1.28336 -0.012036  -0.00698608  0.0147041  0.0043033  0.0214007  -0.0173162  0.000515031  0.0132915  -0.00588997  -0.0158641 
50 0.0319158 0.537186 0.0718573 1.26423 -0.0057532  -0.0293431  0.0407328  0.030243  0.0120305  -0.00409431  0.00784881  0.0210664  -0.0153894  -0.0281395 
51 0.0110983 0.506489 0.0186379 1.25174 -0.00444828  0.00195157  -0.0116088  -0.00723897  0.00556158  0.00032016  -0.00210292  0.00736012  -0.00498604  0.0047034 
52 0.11459 0.518578 0.118015 1.24732 -0.0361897  0.0409088  -0.0290536  -0.0525965  0.0191284  0.0380224  -0.00388876  -0.0368565  0.00712289  -0.064016 
53 0.183599 0.510225 0.145124 1.20305 -0.0665787  -0.03948  0.066632  -0.0483498  0.020423  0.0055674  0.0296637  0.0549363  0.0470656  0.0416041 
54 0.0643038 0.502503 0.0506499 1.13083 -0.0270273  -0.0118294  0.00439171  -0.00333692  0.0257883  0.0257156  -0.00282379  -0.0075989  -0.015867  -0.0045579 
56 0.0569172 0.539432 0.10125 1.10293 -0.0234268  -0.00721038  -0.00298519  0.004886  0.0777844  0.0398237  -0.00162466  0.0154869  0.0399056  -0.0121125 
59 0.0900209 0.52507 0.111099 1.07754 -0.0677844  0.0668884  0.0246201  -0.013242  0.00672929  -0.013499  -0.0385335  -0.0221754  -0.00800926  -0.0149787 
60 0.386856 0.531701 0.306814 1.03677 -0.217212  -0.0722924  0.0902464  -0.0703084  0.0489649  -0.0389222  -0.0539859  -0.108451  0.0988707  -0.0166196 
68 0.0207876 0.631508 0.104974 0.864788 -0.0162791  -0.0098695  -0.0666544  -0.00344539  0.0194266  0.0241473  -0.048064  0.0202239  -0.0406351  -0.0295215 
69 0.0177251 0.545465 0.0578641 0.85281 -0.0130037  -0.00857864  0.0345756  -0.00244992  -0.00592217  0.00319543  0.013432  -0.0308529  0.0211867  -0.0166614 
70 0.0538836 0.507725 0.054755 0.842445 -0.0240868  -0.0254433  0.000488348  0.00408885  -0.00324746  -0.0174294  0.00862944  0.025002  -0.0220409  0.015935 
71 0.0186813 0.505364 0.0238409 0.810699 -0.0130436  -0.00204303  0.00523994  0.00357647  0.00757395  -0.00522583  0.00231903  -0.00713073  -0.0140788  0.00383648 
73 0.0410608 0.557743 0.100458 0.799202 -0.000134127  -0.0264784  -0.0335625  0.00542891  -0.0512108  -0.0313506  0.0448743  -0.00158705  0.00950999  0.0502268 
74 0.0710879 0.558433 0.135539 0.773617 -0.0354667  0.0535278  0.00565479  -0.0246357  -0.0188351  -0.0113724  0.0409831  -0.00603308  -0.0981868  -0.0420468 
77 0.0349501 0.541935 0.0796725 0.727879 -0.000205627  -0.0071293  -0.0200933  0.000556949  0.00546508  -0.0402533  0.0492848  0.0168662  0.0177898  0.0348233 
79 0.0947158 0.514858 0.0972841 0.703886 -0.0700529  0.000678691  -0.0547473  0.0161321  0.0255231  -0.0105325  -0.0106732  -0.0099221  -0.00964962  -0.015198 
82 0.0722355 0.544566 0.121822 0.636365 -0.0352194  -0.0331024  0.00936572  0.0257898  -0.0326836  -0.055663  0.0283203  0.0199084  -0.0225789  -0.07666 
83 0.0254218 0.896053 0.199717 0.578977 0.0186915  0.0165389  -0.0668955  -0.0411806  0.0508926  -0.000418517  0.117121  0.0215027  -0.0730943  -0.104786 
87 0.0515698 0.57099 0.124556 0.556876 -0.0669321  0.0525102  0.0600753  -0.013174  0.00311577  0.00497761  0.0413794  -0.015221  0.00288416  0.0500771 
94 0.027296 0.653294 0.129771 0.509732 -0.00751489  -0.0683779  -0.089046  0.023346  -0.0228186  0.0128914  -0.0476129  0.0219683  0.0132686  -0.00466538 
98 0.00851278 0.509838 0.0192224 0.482593 -0.00907056  0.00250265  -0.00685962  -0.0025227  0.00367732  -0.00708083  0.0023961  -0.00910062  0.00301077  -0.00813972 
100 0.0345873 0.64879 0.144091 0.47373 -0.0419344  -0.0641023  0.0509176  0.0653239  0.0703722  0.0517451  -0.00418921  -0.00473062  -0.0188815  0.00292147 
101 0.040256 0.584305 0.118592 0.436368 -0.0563833  -0.0118656  -0.0309001  0.0112568  -0.0707534  0.0248712  0.0203007  -0.0597391  -0.00276465  0.00702944 
103 0.0142536 0.627399 0.0854744 0.388523 -0.0133564  -0.00789743  0.0441351  -0.0504676  -0.0211439  -0.036022  -0.00168218  -0.0118305  0.0206812  0.0159708 
106 0.0245541 0.53541 0.0610603 0.369861 -0.020491  0.0180938  -0.0192256  0.0064892  -0.0140315  -0.0110156  0.0278141  0.0335607  0.0168064  -0.00829046 
110 0.00701723 0.766882 0.0865008 0.335469 -0.0311522  -0.00933202  0.0143957  0.0267831  -0.00702584  -0.0157269  -0.0367763  0.0369894  0.0214412  0.0449795 
114 0.00376504 0.520968 0.017951 0.32488 -0.00783195  -0.000773643  0.00357207  -0.0108189  -0.00462263  -0.00865608  -0.00340664  0.00121211  0.0020751  -0.00410066 
117 0.0265478 0.966294 0.221167 0.319044 -0.0497807  0.0134501  0.0144448  -0.0686101  0.123427  -0.0377373  0.00764937  0.014564  0.0699731  -0.139694 
120 0.00519459 0.640328 0.0540425 0.274932 -0.0330875  0.0120296  0.0329919  0.00280081  0.00617399  0.00330799  -0.00216125  -0.00978504  0.0199392  0.00614381 
125 0.00429298 0.566701 0.0339404 0.265342 -0.0245936  0.00187739  0.00895496  0.00912457  0.00579913  0.0155848  -0.00394662  -0.00406077  -6.54163e-05  -0.00845841 
127 0.0114893 0.842267 0.125198 0.257143 -0.0657266  -0.00836765  -0.00226362  -1.10537e-05  0.0174399  0.0663833  -0.0189239  0.0418538  -0.053376  0.0401206 
129 0.0149681 0.733131 0.118071 0.233878 -0.0340695  -0.035943  -0.00785159  0.0297324  0.0458989  0.0125363  0.0593805  -0.0478252  0.0487595  -0.00937543 
130 0.0109738 0.623272 0.0737389 0.199603 0.00332977  0.00252613  -0.00537227  -0.0243962  -0.0536004  -0.0150748  0.00499215  -0.00944214  0.0371281  0.0142513 
132 0.000604541 0.53471 0.00917006 0.170081 5.7721e-05  0.00229572  -0.00364004  0.00441539  -0.0052259  -0.00158855  -0.00251878  0.00181756  0.00220658  -0.00131169 
135 0.0163555 0.811769 0.142519 0.168295 -0.033889  -0.0797594  -0.0468103  0.0180658  -0.0343028  -0.076261  0.0385697  0.0337307  -0.0258094  -0.000422291 
136 0.00319147 2.16588 0.145539 0.11 0.0185289  0.0451084  -0.0585309  -0.0160028  -0.00625493  -0.0116732  0.104881  -0.0414238  -0.0266445  0.0389885 
141 0.000500841 0.592063 0.0135835 0.094412 0.00568876  0.00335148  0.00537039  0.00467211  -0.00740427  0.00275848  -0.00180821  0.000239678  0.00361687  0.00337731 
143 -0.000629743 -0.136501 0.0400464 0.091722 -0.00561059  -0.00916068  -0.00336976  0.0125545  0.0122974  0.00446421  0.00284051  0.0183849  0.0232135  -0.016225 
144 0.000820035 1.81941 0.0657576 0.095094 0.020352  -0.0211624  0.00745025  -0.0095316  -0.0264916  0.0395826  0.00415167  0.0286832  -0.00774091  0.0121323 
145 0.000464847 1.6135 0.045492 0.0906816 -0.0108234  0.0174604  -0.00371582  -0.00227765  0.0305176  -0.0120391  -0.0106762  0.0159664  -0.00612785  0.0120745 
150 -2.14531e-06 0.499955 1.97541e-05 0.0880819 -4.14624e-06  -1.65493e-06  3.67958e-06  2.88765e-06  8.01932e-06  -1.22982e-05  6.56668e-06  8.51318e-06  1.81189e-06  3.73946e-06 
151 0.00115786 0.889713 0.0424753 0.0880941 -0.018442  -0.00562264  0.0233411  -0.00317029  0.00461467  0.0153854  0.00834481  -0.0140456  -0.0146484  0.0117506 
152 0.00217172 0.747712 0.0463819 0.0812612 -0.0320503  -0.00903369  0.00293603  -0.0089556  -0.00337469  0.00321097  -0.00986413  -0.00937396  -0.00859797  -0.0259389 
153 0.00111655 0.569439 0.0176229 0.0665884 0.00145292  0.00303073  -0.00929208  0.00857339  -0.00835149  0.00191856  -0.00166567  -0.00499946  -0.00187596  -0.00589146 
155 0.0016898 0.759264 0.0418566 0.0576028 0.0112627  0.0211846  -0.00920296  -0.00592063  -0.00779421  0.0173633  -0.0200364  -0.0108837  -0.00386253  -0.0126304 
156 0.000125694 1.0489 0.0166118 0.0403697 0.00767208  0.00820937  -0.00119054  -0.00406448  -0.00686642  -0.000419062  0.00164948  0.00156946  0.00374504  0.00807634 
157 0.00010128 0.784563 0.0107368 0.0387818 -0.00307486  -0.00157708  -0.00273337  0.00444351  0.000254446  -0.00145447  -0.00143228  -0.00109965  -0.00785992  0.00298372 
161 0.000595016 0.765943 0.0251575 0.0374533 -1.14639e-05  -0.00253346  0.012085  0.00568681  -0.00774947  0.00376784  -0.0113689  -0.0132111  0.00834675  0.000624066 
163 1.15733e-05 0.533505 0.00124543 0.0284238 0.00026813  -0.000661288  -0.000174638  5.47969e-05  -0.000469537  0.000302758  -0.000642623  0.000229314  -0.000468407  0.00010641 
167 2.54352e-05 1.72995 0.0111863 0.0282195 -0.000510729  -0.00602252  0.00173575  0.000479286  0.0056509  -0.000106541  0.00291109  0.0055459  -0.00101294  0.0036273 
170 3.73758e-06 1.38381 0.00363501 0.0277652 0.00114027  -0.000865394  -0.00142124  -0.000337453  0.00026438  0.000187075  -0.00122603  0.00029796  -0.00136812  0.00233704 
171 0.000125398 0.62901 0.00804449 0.0276978 -0.00349273  -0.00284683  0.00245125  -0.00148346  0.0016457  -0.00414434  -0.00342203  -2.35955e-05  -0.00208619  0.000504061 
173 -8.46896e-05 0.139797 0.0110467 0.0253333 3.22611e-05  0.00828195  0.00391131  -0.000736495  0.00349984  0.0013608  0.00047733  0.0036034  0.000869238  -0.00308668 
174 6.55776e-05 1.73066 0.0179664 0.0269531 0.00618879  -0.00326572  0.00278622  0.00121698  -0.00165988  0.0007878  -0.00546537  0.0048094  0.0139277  -0.00377147 
176 -2.83467e-05 0.321856 0.00449441 0.0257079 -0.000964532  0.00146722  0.00301402  0.000104782  -8.89347e-05  -0.000973476  8.01056e-05  0.00222814  -0.00139466  0.000386989 
177 -0.00016202 0.354443 0.00971353 0.0262534 -0.00112491  -0.00286977  0.000148745  -0.00558463  -0.00191756  -0.000772373  0.00232352  -0.00106647  0.00334339  -0.00562615 
179 3.17967e-05 2.48498 0.0158888 0.0291766 0.00291884  0.000208072  -0.00141244  0.00356525  0.00106197  -0.00426606  0.0049739  0.000193553  -0.0126183  0.00508515 
182 3.8306e-05 0.537588 0.00239999 0.0286266 3.99834e-05  0.000843192  -0.000917846  -3.09721e-06  0.000246981  -0.000417382  0.000647016  0.000627539  0.00172055  0.000443844 
183 2.68707e-05 5.39183 0.0229292 0.0279495 -0.00782406  0.00636594  -0.0157833  -0.00265978  0.00443096  -0.00679144  0.00260162  -0.00689817  -0.005485  0.00419793 
185 -0.000150855 -0.137172 0.0196087 0.0274646 0.00368116  -0.000205514  0.0104852  -0.00809305  -0.00211841  0.00895004  -0.00248761  -0.000477543  0.00583458  0.00839183 
189 -2.73636e-05 -0.251827 0.00907147 0.030086 0.00398996  -0.00241663  -0.00264182  -0.00080767  0.00109892  -0.000553606  -0.000641862  0.00540566  0.00416608  0.0020968 
192 -0.000485953 0.174982 0.0251395 0.0305374 -0.00101384  0.0138598  0.00139652  -0.00843475  -0.0126009  -0.00216843  0.000144497  -0.0096337  0.00913395  -0.00510241 
196 0.000525369 0.682548 0.0195867 0.0376644 0.00399647  -0.00384968  -0.00821619  0.0109717  0.000395924  0.00261178  -0.00285016  0.0115961  0.000778952  0.0038452 
197 0.000151465 0.988604 0.0172048 0.0298894 -0.00630297  -0.00254331  0.00649196  0.00789868  0.00655996  0.00838935  -0.0027999  -0.00199837  -0.00380485  0.00235583 
199 -0.000100002 0.347041 0.00782255 0.0272382 -0.00385471  -0.0029868  0.00171037  -0.001394  0.000511135  0.00123614  0.00207597  0.00435346  0.00251381  0.00108315 
200 -0.000182837 0.471093 0.00459997 0.029016 0.000623494  9.09883e-05  0.00110523  -0.00112629  -0.000828309  0.00130694  0.00122763  -0.000712735  0.00359237  0.00097893 
203 -0.000551328 0.382288 0.0161185 0.0320122 0.0047069  0.00306574  0.000894536  0.0103134  0.00124737  0.00631803  -0.00246476  0.00676838  0.00522997  -0.000611634 
207 -0.0012041 0.342399 0.0275713 0.0397022 0.00439211  -0.00215512  0.00517944  0.00862497  -0.013203  0.0178685  -0.00255013  -0.00876351  -0.0021514  -0.00731364 
212 0.000342661 0.545694 0.00791691 0.052736 -0.00176876  0.00144927  -0.00206709  -0.00055192  0.00118116  -0.00158093  0.00186701  -0.00230651  -0.00633165  -0.000284677 
213 0.000336351 0.594298 0.0112651 0.049381 0.00312059  -0.00550271  0.00126995  -0.00410232  0.00551495  -0.0036898  0.000683674  0.00392264  -0.00216597  -0.00196644 
214 0.000447253 0.641806 0.0159289 0.0458496 -0.00704339  -0.00249577  0.00166867  -0.00633958  0.00235972  -0.00457202  0.00170218  -0.00130457  -0.00929595  -0.006118 
216 8.17774e-05 0.541338 0.00367763 0.0406821 0.000389147  -0.000699924  -0.00273796  0.00101814  -0.0018408  0.00022675  -0.000859976  -0.000319865  0.000229229  0.000127212 
217 0.000228035 0.684095 0.0129585 0.0396643 -0.000830968  0.000851777  -0.000799855  -0.00261945  -0.00440916  -0.0042286  -0.00594054  0.00881786  -8.68964e-05  -0.00293807 
220 0.000146425 0.796312 0.0131736 0.0366776 -0.000610373  0.00499145  -0.00211348  -0.00456154  0.00331689  -0.00175255  -0.00783847  -0.00316354  0.00601633  -0.0011243 
221 -0.000139604 0.467549 0.0042582 0.0346242 0.00258713  -0.000266255  3.82373e-05  0.00054542  0.00192256  0.000921871  0.00111256  0.00124696  -0.00122275  -0.00149509 
226 0.0003096 0.815739 0.0197732 0.0365848 -0.000209886  -0.00648439  0.000727341  0.00362373  0.0122178  -0.0120042  -0.00417479  -0.000678371  -0.00417817  -0.00255046 
230 0.000591313 1.19157 0.0404362 0.0320764 -0.017942  -0.00469857  -0.0175373  0.0141088  -0.00803976  -0.0186414  -0.000121173  -0.0154942  0.00432472  0.0106563 
233 -1.92546e-05 0.156967 0.00514006 0.0209227 -0.00118093  0.000352198  -0.00171165  -0.00105223  -0.000703887  0.000886603  0.00236702  -0.000927353  -0.00324477  -0.0016099 
238 -0.000375324 0.361984 0.0143981 0.0213779 -0.00645392  0.000988174  0.000242087  0.00490041  -0.00207393  0.00979868  0.000841681  -0.00346963  0.0025763  0.00457216 
240 -7.98245e-05 -4.87426 0.041421 0.0288515 0.0243066  -0.00598863  0.0152501  -0.0128198  -0.00602033  -0.0193988  -0.005777  -0.00581599  -0.00226178  -0.0143956 
242 0.000231385 0.930264 0.0199546 0.0302032 -0.00347525  -0.000991201  -0.000210184  -0.00421202  -0.0113389  0.0022145  0.00127848  0.00327331  0.00267581  0.014641 
243 -1.51012e-05 -0.284993 0.00688603 0.0260936 -0.00234781  -0.00119157  -0.00192576  -0.000633132  -0.0040263  0.00396971  0.000572557  0.00183978  -0.000751055  0.000360005 
244 0.000285268 0.594047 0.0103604 0.0263814 0.00154656  0.00507455  -0.00301048  0.00267708  0.00273047  0.00306174  -0.000544753  0.00573265  -0.00328296  0.00148269 
248 -4.0504e-05 -0.7623 0.0143008 0.020267 -0.00358577  0.00524547  -0.00543335  -0.00322998  0.000854973  0.00592249  -0.000568419  0.00456314  -0.007271  -0.0037903 
250 0.000171519 0.592566 0.0079697 0.0212428 0.000592968  -1.97022e-05  0.000666757  0.00199542  0.00590435  -0.00200712  0.00144491  0.00178408  -0.000433207  0.00379335 
252 -4.09953e-05 0.453698 0.00275565 0.0167258 -0.000664341  0.00126083  0.000393989  -0.000496213  -0.00110191  0.00147776  -0.000182989  0.000649718  -0.000761537  -0.000852988 
253 -0.000435815 -0.0562964 0.0311442 0.0179094 -0.00208952  0.00426807  0.0075725  0.00383961  -0.00610142  0.0102714  0.00520878  -0.0110356  0.0233495  -0.0062008 
255 -0.000642415 0.360583 0.0189357 0.0275074 0.00650271  0.0118751  -0.00425278  0.0018876  -0.00328405  -0.00505436  0.00384772  -0.00291088  0.00920722  -0.00303713 
260 3.3745e-05 0.570802 0.00309148 0.0374069 -0.000260539  -0.00174376  -0.000498141  -0.00075487  -0.000398088  -0.000836813  -4.67793e-05  0.00159053  0.00127639  -0.000781554 
262 4.59058e-05 0.513713 0.00158713 0.0369531 -0.000139964  -0.000554421  0.00102581  -0.000441465  0.000600412  0.000335024  -0.000156731  0.00054991  0.000214995  0.000314517 
263 0.000167845 1.20199 0.0217083 0.0363267 0.00280877  -0.013976  -0.00457716  -0.00975331  -0.00492392  0.00129422  -0.00216003  0.00589757  -0.00350628  0.00861948 
266 -0.000176175 0.0547728 0.0177139 0.0339382 0.00727468  0.00640943  0.000560568  0.00106641  0.00518686  -0.00762623  0.00859838  -0.00682192  0.00314407  -0.0017061 
267 -5.54204e-05 0.474494 0.0023782 0.0364416 -0.000242927  0.00170832  -8.74772e-05  -0.000970612  -7.69846e-05  -0.000412751  -0.000288308  0.000534386  0.000984843  -0.000462419 
268 0.000538102 0.74865 0.0231336 0.0371942 -0.00405344  0.001537  -0.00133358  -0.0046842  0.00601476  0.00953404  -0.00668859  4.84633e-05  -0.017438  -0.0040929 
274 -3.85356e-05 -2.57239 0.0217616 0.0290767 -0.00125478  -0.0137757  0.00157206  -0.000175907  0.00987056  0.00869268  0.00793183  0.00657784  0.0001948  -0.000713825 
277 7.98965e-06 17.2678 0.0231482 0.029732 -0.00182061  -0.00208954  0.00259297  0.00677434  0.00484976  -0.0130182  0.0109258  0.00382242  -0.0073506  -0.00972272 
285 2.48215e-05 2.03783 0.0123564 0.0295973 -0.00308415  0.000686488  0.00746364  0.00432024  -0.000390136  0.000762769  0.00153783  -0.00348915  -0.00535453  0.00493788 
287 1.31025e-06 0.508157 0.000206764 0.029175 -2.56755e-05  -4.18694e-05  -5.91537e-05  -7.66132e-05  0.000110037  -0.000118442  -2.29067e-05  1.28242e-05  -2.54245e-05  -5.91424e-05 
288 -0.00108297 -0.117041 0.0517116 0.0291525 0.00690625  0.0127056  0.0188881  -0.0180567  -0.0269568  -0.0133729  -0.0221258  0.00594544  0.0182649  0.00425966 
290 0.000456336 0.568964 0.011223 0.0439707 0.000997162  -0.00434519  -0.00499764  0.00210081  0.00294982  0.00491303  -0.00228504  -0.00562648  0.000767928  0.00252671 
292 -0.000234159 0.102604 0.0192943 0.0384343 -0.00612503  0.000382726  -0.00457447  -0.00835437  -0.00433515  -0.000502437  0.00652744  0.0080183  -0.00900897  -0.00606437 
295 -0.000106599 0.477156 0.00312197 0.0413688 0.000798887  0.00109858  -0.000601617  -0.000439593  -0.00125675  0.000582985  -0.00191809  -0.000220691  0.000207419  -0.001287 
296 -0.000134912 0.440899 0.00564846 0.0426378 0.00134953  0.00402117  0.000394325  -0.00174171  0.000606108  0.00305257  0.000165549  0.000277602  0.000614993  0.000746169 
297 0.000257167 0.521119 0.00466417 0.0441917 0.000451252  -0.00212866  -0.000917377  0.00225577  0.00125823  -0.0001992  -0.0027145  -0.000247821  -0.00121618  0.000746845 
299 -0.000277812 0.295571 0.0150743 0.0411798 -0.00261658  0.00642532  0.00284764  -0.00153604  0.00119633  -0.0013215  -0.00611585  -0.00933762  -0.00629321  -0.00112189 
300 -0.000104407 -0.592372 0.0213591 0.0444255 0.0126668  -0.00434115  0.00417022  0.00921546  0.00424369  0.00406328  0.00440049  0.00408838  0.00140121  -0.0101015 
301 -0.000431047 -0.252243 0.0360162 0.0455855 -0.00776039  0.0176541  -0.0131029  -0.00155564  0.014784  -0.0156253  0.00418121  0.011515  0.00147058  -0.0116713 
302 0.00030027 0.65786 0.01377 0.0500917 0.00795102  -0.0040728  0.00464695  0.00183438  -0.00266064  0.00440602  0.00249861  -0.00368368  -0.00317113  0.00533743 
306 0.0013666 0.680044 0.0313741 0.0469995 -0.0121229  -0.00776893  0.00385033  0.0107756  0.0072913  -0.00794158  -0.00171261  0.00316356  0.00441794  0.022302 
310 -0.000279082 -0.509016 0.0335623 0.0290394 0.00847768  0.000904001  -0.00483696  0.0127505  -0.000888167  0.0287182  -7.10215e-05  0.00524947  -0.00366712  0.00111272 
311 6.86103e-05 0.542228 0.00340458 0.0335024 -0.000480279  -0.00202624  0.000775261  -0.000679281  0.00063955  -0.000212727  -0.00113867  -0.000773213  -0.00182428  -0.000718118 
312 0.000307619 0.724833 0.0166327 0.0324623 0.00425343  -0.00581587  -0.00810063  -0.00278929  -0.00872533  -0.0072735  -0.00144641  -0.00392617  -0.000832027  0.00202397 
313 -0.000380507 0.342954 0.0154641 0.0273172 0.00719653  -0.00448506  0.00127013  -0.000871054  0.00280221  -0.00661839  -0.0082951  0.00516664  0.000311105  0.00419601 
318 -0.00053055 0.126492 0.028159 0.033568 -0.00660601  0.00852918  0.0075284  -0.0190314  0.00446144  0.00534541  0.0026522  0.00852943  0.00668758  -0.0092026 
319 -6.50109e-05 -0.308955 0.014504 0.0407124 -0.00577038  0.00543854  -0.003955  0.00258963  -0.00215545  -0.00692485  -0.00648173  0.00416972  -0.003378  0.00131687 
321 0.000101195 0.558796 0.00487883 0.0415032 -0.00169237  -0.00198831  -0.0011739  -0.0017767  -0.00143186  -0.000280562  0.00119248  0.000193292  0.00256716  0.00150739 
322 -1.2129e-06 -206.529 0.0316907 0.0402656 -0.00258968  0.00961288  -0.00819988  -0.0011017  -0.00170183  -0.00136263  0.0208654  -0.0111433  -0.0160839  0.00370827 
323 -0.000169352 0.452272 0.00568755 0.0402807 0.000580763  0.000662018  -0.00166619  -0.00209954  -0.00160546  -0.00236943  -0.00274966  -0.00125027  -0.00261977  -0.00045796 
329 -0.000129609 0.410323 0.00681932 0.0423309 -0.00126917  -0.000988894  -0.00338374  -0.00240573  -0.00251273  0.00228069  -0.00188849  0.00218252  -3.91159e-05  0.00261351 
330 -6.4544e-05 0.483776 0.00204718 0.0438351 0.000730705  0.000784421  0.00121706  -0.000345995  -0.000223897  -1.53387e-05  -0.000721979  0.000698315  0.000375449  -0.000490418 
332 0.000884042 0.906111 0.037889 0.0445653 -0.0130596  -0.0107827  0.00263135  0.019679  0.0244764  0.0018598  0.00694125  -0.00310925  0.000816532  0.00966968 
333 0.00035555 0.827705 0.0215874 0.0332026 -0.00179007  -0.00925783  0.000937484  0.000119242  -0.00825872  -0.0104595  0.00276955  -0.0115594  0.00546572  0.00523818 
336 0.000130883 0.555502 0.00539107 0.02733 -0.00207644  -0.00104865  -0.000453195  0.000819709  -0.000150166  0.00167692  -0.00075341  -0.00348194  0.000311059  -0.00267434 
338 -0.000174186 0.207581 0.0142748 0.0248204 -0.00587761  -0.000466285  -0.00537965  0.00045703  -0.00285426  0.0101531  -0.00196788  -0.00060324  -0.00475697  0.00132595 
339 -6.45404e-05 0.472029 0.00268761 0.0281114 0.000141348  -0.000139923  -0.00183529  -0.000484193  -0.000714517  0.000877026  -1.12322e-05  0.000711717  -0.00132963  -0.000163311 
341 -1.85176e-06 0.490623 0.000263547 0.0292369 -3.97181e-05  -0.000132393  -0.00010299  4.87634e-05  0.000118724  -1.50088e-05  -8.35375e-05  -7.60572e-05  -8.59858e-05  -5.37509e-05 
342 0.000162606 0.791447 0.013768 0.0292685 0.00347918  -0.00298242  0.00378921  -0.00153863  -0.00331554  0.00791941  -0.00652603  0.00566219  0.00183586  -0.00032046 
343 7.08155e-05 1.04197 0.0123901 0.0263449 0.00315679  0.00630976  0.0013806  0.00189137  -0.00294834  0.00195262  0.00535163  0.00216459  0.0029459  -0.00661382 
345 -0.000108071 0.437161 0.00521263 0.0249648 -0.000768055  0.00186746  -0.000693398  0.00283418  -0.00281437  0.0018239  -0.000674507  0.00119891  0.00119239  0.000139558 
349 -1.83911e-05 0.367493 0.00312218 0.0270429 -0.000577609  0.00171533  0.000601482  -0.00144793  -0.00035305  -0.00141393  0.00038345  0.00123837  0.000228803  -0.0003962 
