generation s h r distopt trait[0] trait[1] trait[2] trait[3] trait[4] trait[5] trait[6] trait[7] trait[8] trait[9] 
2 -4.87095e-05 0.190826 0.00776151 0.02 -0.000288259  0.000166394  -0.00169394  0.00539002  0.00038717  -0.00372003  0.00321391  -0.000762504  -0.000337707  0.00178758 
3 -0.000141846 0.283194 0.0110919 0.0404621 4.40489e-05  0.00151362  0.0018803  0.00158908  -0.00271227  -3.56214e-05  -0.00181951  -0.00470332  -0.00896628  0.00122145 
4 0.000535582 0.774573 0.0242522 0.0613944 -0.0088175  0.0144288  0.00913136  -0.00866223  0.00550961  -0.00323443  0.00849716  -0.00358781  0.00389151  0.00166684 
7 0.00109703 1.46744 0.065125 0.113782 -0.0213459  -0.0238156  -0.0119244  0.018632  0.00408109  -0.0405638  -0.00486505  -0.0184137  0.0203713  -0.0170084 
8 0.000310383 5.81379 0.0811839 0.125832 -0.0231986  0.0550456  0.0070785  -0.0331978  0.0180696  0.016577  -0.0196068  -0.0191515  0.0227319  0.00108339 
9 0.00275845 0.694163 0.0462885 0.139209 -0.0133422  -0.0214757  0.00821447  -0.0102645  -0.0065369  0.0231296  -0.0123024  -0.00775731  -0.00354438  -0.0229951 
10 0.00222433 0.639402 0.0352307 0.144037 -0.00163554  0.00107582  -0.0189225  0.0120375  0.00844448  -0.00241789  0.00572554  0.000359534  -0.0243836  0.00545732 
11 0.0020933 0.538485 0.0180021 0.152909 -0.00731277  -0.00737783  0.00522224  0.00642044  -0.00292071  0.000726625  0.00393198  -0.00357161  -0.00922103  -0.00503681 
15 0.0097924 0.721464 0.0931159 0.218052 -0.0329446  -0.0126959  -0.0403026  0.0458222  -0.0243639  -0.0259701  -0.0212096  0.0130262  -0.0250756  0.0344049 
16 0.00486997 0.640923 0.0524343 0.212246 -0.00522115  -0.00706482  0.0153595  0.00576266  0.0286768  0.0190626  0.00314701  0.0237889  0.0199781  0.0155687 
17 0.012449 0.741597 0.109612 0.219152 -0.0419161  -0.0165601  0.0245659  -0.0585902  0.0159379  0.0584369  -0.0136125  0.0269734  0.0301379  0.0213837 
19 0.00271144 4.56026 0.209143 0.224449 -0.141116  0.0486994  -0.0808567  0.0146467  0.053535  0.0155097  -0.0440453  -0.0285225  -0.0546126  0.076554 
22 0.0379219 0.788094 0.20821 0.242525 -0.0832376  -0.0479244  0.146041  0.0395143  -0.0799519  -0.0386078  0.00680757  -0.00256135  0.0401123  -0.0411359 
24 0.00462727 0.632072 0.0494854 0.162392 -0.0120576  0.0012154  0.0127953  -0.0108994  0.00977421  -0.018581  -4.16949e-05  0.00729168  -0.0221736  -0.0321526 
29 0.00178908 0.667434 0.0346203 0.212783 -0.0027431  0.00892656  -0.00795867  0.021178  0.0166906  0.00632084  0.0099014  0.00450757  0.0102173  -0.00763061 
31 0.00231019 1.84079 0.111172 0.24141 -0.0359689  -0.00995201  0.00965805  -0.0262357  0.0618405  -0.017288  0.04873  0.0013184  -0.0339165  0.0503483 
32 0.0169039 0.738314 0.126836 0.251251 -0.0561668  0.0267741  -0.0271075  -0.0754111  -0.0143258  -0.0058185  -0.0686709  -0.00113687  0.0260074  -0.0127164 
33 0.0037945 0.512513 0.0140259 0.228196 -0.003208  -0.00607202  -0.00272603  0.00175105  -0.00826241  -0.00137934  0.000122917  0.000875013  0.00616428  -0.00548797 
34 0.00457134 1.04088 0.0993269 0.23381 -0.013472  -0.0379436  -0.027524  -0.0179719  -0.026863  -0.0198175  0.026271  -0.0641564  -0.0333267  -0.0115253 
35 0.00160821 2.67114 0.118035 0.238219 -0.00904127  -0.0200359  -0.0599774  0.0824299  -0.026022  -0.0145637  0.0165501  -0.00545603  0.0132155  0.0411054 
37 0.0055696 0.636648 0.0552278 0.264768 -0.0211302  -0.000832197  0.0167734  -0.0104013  0.00490523  -0.00260853  0.0155619  -0.0161305  -0.0399824  -0.00903215 
40 0.00653972 0.514319 0.019864 0.300755 -0.0120998  -0.00462236  0.00121776  0.00447731  -0.010663  0.00877459  -0.000640054  0.000196885  0.00206905  0.00313932 
41 0.0484234 0.656395 0.174888 0.306083 -0.0961791  0.00258282  0.0035296  0.018247  -0.000120895  0.0819295  -0.0442738  0.0433183  -0.0141827  -0.101158 
44 0.00571896 1.11999 0.118885 0.26251 -0.0298926  0.0210681  -0.00546839  -0.0362747  0.00462531  0.0164063  -0.014178  -0.0486178  0.0686056  0.0623571 
45 0.0185719 0.622845 0.0959219 0.266678 -0.0410881  0.0263596  -0.0112979  -0.0359342  -0.0333127  0.000425746  0.0607106  -0.0161473  -0.0183963  0.00204591 
50 0.0042472 0.555321 0.0307688 0.309903 -0.00824949  0.0233055  0.00214361  0.00358196  0.00137284  -0.0079495  0.00061076  -0.00770275  -0.00749373  -0.0117111 
54 0.0323157 0.652517 0.140926 0.373552 -0.0621943  0.0539529  0.0430102  -0.0403979  0.00585003  -0.0502739  0.0265651  0.0284223  -0.0673832  -0.0313614 
57 0.0141404 0.520216 0.0351256 0.380102 -0.019976  9.63406e-05  -0.0126849  -0.00554328  -0.000861426  0.0164054  0.011739  0.0112372  -0.00149085  -0.0103413 
59 0.0064247 0.5906 0.0483807 0.396651 -0.0176331  -0.0105151  0.00241378  0.00126281  -0.014117  0.0143434  0.000109592  0.00874002  -0.0337879  0.016992 
61 0.0164403 0.575454 0.0710735 0.423808 -0.0202396  0.00925489  -0.0153425  0.0197498  -0.00128622  -0.017725  0.00658288  0.0359665  -0.0048244  0.0474834 
62 0.0414933 0.903167 0.256612 0.421948 -0.0973039  -0.12072  0.0183772  -0.0227758  -0.0777681  -0.0618958  0.00621887  -0.101408  0.130715  0.0605325 
66 9.16678e-06 0.551692 0.00137675 0.434452 -0.000315507  0.000456011  -0.000721996  -0.000285931  0.000134739  -0.000783475  8.46166e-06  -0.000318121  0.000404442  0.000296771 
68 0.015957 0.523916 0.0404897 0.468184 -0.0114173  0.00304739  0.00385599  0.00772993  0.0218168  -0.00300372  0.0163381  0.0158009  0.0198413  0.00546633 
69 0.0260228 0.537129 0.0643686 0.468334 -0.0369124  -0.00811368  -0.019216  0.0261504  -0.0202145  -0.0334693  0.00344556  0.00791221  0.00691147  -0.00328681 
70 0.00237615 0.527202 0.0161569 0.457101 -0.00620942  -0.00494724  -0.00987972  -0.00227645  0.00125835  0.00489855  0.00180699  -0.00800834  0.00131675  0.000714368 
73 0.0183801 0.593895 0.0836681 0.506467 -0.0192705  -0.0294806  -0.028456  0.0106349  0.0425671  -0.0076468  -0.0232456  -0.0258001  0.00306181  -0.0418477 
80 0.0186495 0.550112 0.0622314 0.614351 -0.0182987  -0.000193954  -0.0070019  -0.0245649  0.0279997  0.0151202  -0.0171467  0.00567017  0.0387682  0.00660796 
81 0.0696763 0.568437 0.143726 0.61749 -0.0450899  -0.0058178  0.0500129  -0.0542966  -0.00252141  0.085822  0.0189578  0.04607  -0.0268971  -0.050634 
82 0.0675328 0.540058 0.112199 0.579032 -0.0675671  -0.0249922  -0.0248024  0.0455697  0.0230215  0.0531384  -0.0237212  -0.00139597  0.0272101  0.00694929 
83 0.0268615 0.544683 0.071315 0.537927 -0.036426  -0.0231486  -0.0326441  0.0294149  -0.0173938  0.0184631  0.00832712  -0.00446164  0.00656664  -0.0227255 
84 0.0196152 0.674392 0.117115 0.530697 -0.0481956  -0.0171693  0.0169718  0.0353027  -0.0279987  0.00677242  0.00552126  -0.0534894  0.0299559  -0.0703218 
86 0.0101418 1.71237 0.220655 0.546186 -0.00542172  0.00626517  0.107452  0.0652487  0.0625994  0.000818444  -0.096242  0.00968229  -0.114294  0.0804852 
87 0.0159654 0.568183 0.066655 0.554315 -0.00904096  0.00683082  0.00141196  0.0196093  -0.0356276  -0.0471347  -0.0130918  0.013795  0.0079902  0.00338066 
90 0.0199955 1.03669 0.206089 0.593505 -0.0684272  -0.122791  0.0120585  -0.0786001  0.0869551  -0.0282492  0.0104882  0.0306567  -0.0779351  -0.0301068 
93 0.0156629 0.507844 0.0246649 0.626308 -0.0123319  0.00829776  -0.00321215  0.00726476  0.00488  -0.0062377  -0.00273896  0.00701596  -0.014021  0.00288026 
94 0.0132091 0.509694 0.0243911 0.630686 -0.0101829  -0.00744971  -0.00383252  -0.00523493  0.000216165  0.00297235  0.00750247  0.014196  0.00932921  -0.00631771 
95 0.0198655 0.511739 0.0334217 0.637243 -0.0185264  0.00905041  0.0090157  0.00199721  0.00124305  -0.0199465  0.000572877  -0.0127182  -0.00670705  -0.000354145 
96 0.0343555 0.619875 0.129356 0.638673 -0.0272931  0.0429451  -0.0473219  0.0556939  0.0543783  0.00214436  -0.0283162  0.0456002  -0.0250374  0.0483016 
97 0.0305811 0.622357 0.12316 0.628752 -0.0197639  0.00149888  -0.00720403  0.00945368  -0.0370722  -0.0597146  0.0667803  -0.0432002  -0.00709529  -0.0576013 
99 0.0093362 0.514135 0.0238448 0.639088 -0.00589918  1.00241e-05  -0.00228804  -0.014135  -0.0132824  -0.00946649  -0.00721512  0.00274633  0.00176023  6.97762e-05 
101 0.0326381 0.572616 0.0991607 0.667154 -0.0355734  -0.0325187  0.00586412  0.0603622  -0.000511515  0.034205  -0.00145453  0.0294893  0.0342911  -0.0247804 
102 0.0102803 0.650803 0.0788482 0.642634 0.00121106  0.019311  0.0066036  0.016294  -0.0189181  0.0180159  0.0503596  -0.0163975  0.00410009  0.0450478 
103 0.0208828 0.51953 0.0427526 0.634626 -0.0151738  0.0016294  0.00927837  0.00268032  -0.0296019  -0.00738635  0.0113227  0.00596281  0.00484062  -0.0195856 
104 0.0952092 0.734602 0.297527 0.618128 -0.0935451  0.133333  0.00467863  0.00693857  0.138703  -0.037494  0.0370904  0.176677  0.0268579  -0.0892646 
105 0.00544519 0.505955 0.0120036 0.539571 -0.00482458  0.00178037  0.00136756  -0.00181144  -0.000907711  0.00760926  -0.00401834  -0.000492985  -0.00261267  -0.0055271 
106 0.066174 0.699101 0.229659 0.534515 -0.10362  0.0295312  0.0257316  -0.0467411  -0.00939928  -0.112464  0.0960326  -0.127546  0.000813343  0.00773631 
108 0.0283253 0.636266 0.124839 0.470776 -0.0266822  0.0597038  0.0164247  0.0343821  -0.037714  0.0383955  -0.0119044  -0.0759101  -0.0262255  0.019182 
109 0.00611448 1.51437 0.157087 0.440112 -0.00469264  0.0674718  -0.0584397  -0.081165  -0.00786541  0.0624208  0.0220408  -0.0529953  -0.048937  0.021247 
111 0.00724838 0.543326 0.0357424 0.433131 -0.0148221  0.0052419  -0.0298223  -0.00388034  0.00206364  1.64096e-05  -0.00392244  -0.0101694  0.00162949  -0.00044519 
114 0.0155717 0.608702 0.0826566 0.424712 -0.0170018  -0.0357875  -0.000164514  -0.000121515  -0.000124398  0.0336903  -0.00472193  -0.026617  0.015117  0.0562843 
115 0.0198873 0.548014 0.0630393 0.406114 -0.0122244  -0.0271688  -0.0064162  -0.0233241  -0.0117529  0.0368427  -0.0203505  -0.00757267  0.0215552  -0.00834015 
118 0.0433828 0.541915 0.0895239 0.381099 -0.0364967  -0.00801981  0.00152415  0.0252863  -0.0332375  0.0289021  0.00896564  0.0425411  0.0463126  0.00119896 
121 0.0129332 0.612653 0.076608 0.320575 -0.00204478  -0.0207185  -0.0487317  0.0198075  -0.0128038  -0.0167556  -0.0247311  0.0385892  -0.0102218  -0.00427829 
122 0.00805549 0.937401 0.118512 0.299864 -0.0132018  -0.00543984  -0.0338142  -0.000187147  -0.0364918  -0.0639  -0.0591319  0.0378733  -0.0481175  -0.00604659 
124 0.0268136 0.6743 0.136948 0.286173 -0.0438582  0.00686432  0.0706674  0.0365134  -0.0327029  0.0360792  -0.0792665  0.0389335  -0.0061065  0.0157989 
127 0.0074271 0.699964 0.0770821 0.235445 -0.0399342  0.0429092  0.00960848  -0.0159694  -0.0173482  -0.00936969  -0.00489302  -0.0252419  -0.0116277  -0.0311979 
129 0.00906047 0.84342 0.111407 0.219169 -0.0446387  -0.0313071  0.0369363  0.0202869  0.00572448  -0.0453187  -0.00871041  0.0581822  0.015979  0.0431284 
131 -0.000233007 -65.9885 0.247994 0.197523 -0.0847095  0.0831499  -0.0163981  -0.172611  0.113024  -0.0121505  -0.0211647  0.0449112  0.043309  -0.00923026 
132 0.00679183 1.12586 0.130125 0.198112 0.056985  0.0391926  -0.0687549  0.0252059  -0.0653744  0.0298659  0.00547003  -0.00546288  0.0394318  0.00248629 
135 0.00252091 1.19457 0.0836184 0.18022 -0.0131602  -0.00699526  0.0205302  0.0110807  0.00173406  0.0456769  -0.0364622  -0.0292724  0.00147482  -0.044133 
136 0.00148925 0.560621 0.0190247 0.173094 0.00398689  0.00344335  -0.000772074  0.00361644  -0.00982295  -0.00380685  0.0102917  -0.00639663  -0.00626271  0.00484482 
137 0.00217746 0.518587 0.0128092 0.168741 -0.0094891  -0.00240204  0.00366716  -0.00014527  -0.0003485  0.00110304  0.00145342  0.00671155  0.00175054  0.00179814 
138 0.00749881 1.1017 0.134046 0.162168 -0.0130092  -0.0113359  0.0285702  -0.0158723  0.00956883  0.00238211  0.0962473  0.0137107  -0.0168118  0.0822863 
142 0.00606082 0.569973 0.0413417 0.137214 -0.00635321  -0.0195331  -0.0162641  0.0116736  -0.0132117  0.00695082  0.0130027  -0.0103602  0.0193129  0.00376598 
143 0.00365673 0.64031 0.0453288 0.113071 -0.0198352  -0.0231408  -0.00525546  -0.0183427  -0.00689138  -0.00298275  -0.000633963  0.00792035  0.00449237  -0.0249396 
144 -0.000345968 0.369677 0.0134327 0.0955773 -0.00845033  -0.0011191  0.00643716  -0.00500322  0.00192664  0.00240441  0.0031474  -0.00231088  0.00329548  0.00238924 
145 0.00286115 0.545852 0.0229793 0.0973706 -0.00320167  -0.00835779  0.00515341  0.0101433  -0.00560517  0.00340415  -0.00163146  -0.00356008  0.0160429  -0.00166956 
147 -0.000323084 -2.10454 0.0580098 0.0813878 0.0344634  0.0137206  -0.00844421  0.0367451  -0.00526225  -0.00879926  -0.00121403  0.0128119  0.0161929  0.00589036 
148 0.000271069 1.09943 0.025492 0.0833493 0.00725632  -0.00523761  0.00130971  3.88069e-05  -0.00203601  0.00179681  -0.0138425  -0.0144385  0.012628  0.00105293 
150 -0.000101713 -1.84792 0.0309063 0.0817073 -0.00721474  0.00594376  -0.0070367  0.00544575  0.0184156  0.00473944  -0.00820511  0.0152748  -0.00280095  -0.0108886 
154 0.000622786 2.44289 0.0695398 0.0823274 -0.00496517  -0.0177656  -0.00500227  0.00688843  0.021427  -0.0208564  0.0338327  -0.0137693  -0.0118988  -0.0453112 
155 0.00106093 0.572748 0.0175815 0.0784551 0.00368218  -0.00737104  0.00276778  -0.00917524  0.00039773  0.00927734  -0.0049346  -0.00560527  -0.00181372  0.00202179 
156 -6.70958e-06 0.489053 0.000542066 0.0713781 -0.00027766  -0.000280069  -0.000183551  -2.12394e-05  0.000223755  -3.04704e-05  9.87834e-05  0.000167111  0.000123821  1.22112e-05 
159 0.00136547 0.671265 0.0305878 0.0714251 -0.0114824  -0.013093  -0.00462621  0.0115836  0.00107315  0.00318236  -0.006109  -0.0111568  -0.00933146  0.0147178 
160 -0.000451 -2.75027 0.0765547 0.061131 0.0378363  -0.00816024  0.0174217  0.0211366  -0.0384668  0.0142873  -0.0302107  0.0157392  -0.0226225  0.0160054 
161 1.1401e-05 0.811554 0.00376936 0.0647156 -0.00164452  0.00143861  -0.0001002  0.00267255  -0.000438499  0.0013112  9.50305e-05  0.000420052  -0.0004278  -3.88054e-05 
163 0.000157481 1.43307 0.0242423 0.0646274 -0.00793258  0.0010317  -0.000890741  0.00811382  0.00851809  0.00992018  0.0100249  -0.00321023  -0.00699047  -0.0112443 
165 0.000622985 1.7656 0.0561405 0.0633975 -0.00467762  0.0133433  0.0239927  -0.0379398  0.0231515  -0.00495134  -0.000821699  -0.00111446  0.0140098  -0.0133438 
166 -0.000383944 -1.05062 0.0487979 0.058279 -0.00669144  -0.00502555  0.0246666  0.0220358  -0.0163158  0.013555  -0.0140779  0.0102443  0.0172602  -0.0128918 
167 0.00132661 0.952398 0.0489815 0.0614855 -0.02203  -0.000921993  -0.0233723  -0.0196034  -0.0125621  -0.0244977  -0.00556564  0.0085271  -0.00727339  -0.00824143 
169 2.02542e-06 0.507691 0.000249623 0.0495453 9.04106e-05  4.80219e-05  3.76248e-05  -8.09517e-05  -9.38757e-05  -1.7744e-05  -8.67103e-05  -0.000133414  -1.99567e-05  9.49687e-05 
171 0.000233212 0.886427 0.0189854 0.0495248 0.00028346  -0.00573718  -0.0107021  0.00982552  -0.00379458  0.00755943  0.00138877  -0.00442191  0.00053124  -0.00480287 
176 -2.08362e-05 0.35505 0.00347579 0.0471118 -0.00205812  0.00017515  0.000529906  0.00222445  0.000156214  0.0010621  0.000439102  0.000576073  0.000783074  -0.00054339 
177 1.23747e-05 0.500969 0.000219154 0.0473325 1.80208e-05  8.3357e-06  3.20939e-05  -0.000104431  3.28103e-05  1.4256e-05  1.2367e-06  -0.000161209  2.08794e-05  8.94026e-05 
182 1.49906e-05 0.567441 0.00201097 0.0472016 -0.000725935  -0.000495212  -0.000761498  -0.000654829  0.00106598  -4.87086e-05  -0.000516161  0.000661741  1.1119e-05  0.000648039 
183 -0.000870429 -0.700464 0.0646505 0.0470425 -0.00395766  -0.0302531  0.00542959  0.00853812  0.000561479  0.034123  0.00204059  -0.031476  -0.0165148  0.0267219 
184 -0.000101503 -3.62574 0.0409249 0.055532 -0.0117077  0.00599562  -0.0180305  -0.00662179  0.00932691  -0.0106584  -0.00290761  0.021482  0.00393581  -0.0211392 
185 0.000211337 0.574459 0.00793467 0.0564386 0.000205282  -0.00168743  -0.0018488  -0.00441537  0.0017775  -0.00230646  -0.000895363  0.000289035  -0.000112155  0.00527056 
189 -0.000900382 -0.451847 0.0585541 0.0545344 0.0116606  -0.0136121  0.00132056  -0.00220362  0.0135827  -0.00888249  -0.000706641  0.00644316  0.00658542  0.0524591 
190 0.000919667 1.43472 0.0586163 0.0622478 -0.02169  0.024719  0.031186  0.0148445  -0.0174239  4.09556e-05  -0.0138797  -0.0124605  0.015806  -0.0161285 
192 -0.000338044 -0.872902 0.0430853 0.0543649 0.0164264  0.000478034  0.00772655  0.00437615  0.0276481  0.00210183  0.0208644  -0.0141735  -0.00878003  0.00503013 
194 0.000583813 0.840641 0.0282018 0.0573903 -0.0130466  -0.00610539  -0.0137652  -0.00737428  -0.0135126  -0.00556844  -0.00377326  -0.00976919  0.00310325  0.00332999 
197 6.1956e-05 0.505428 0.00116064 0.0520577 -0.00050675  0.000104928  -0.000349651  -0.000101488  -0.000503205  -0.000307741  0.000210267  0.000619832  0.000402152  -9.31307e-05 
198 -0.000256855 -1.007 0.0393478 0.0514592 0.00305785  -0.0055814  -0.0128084  -0.00234452  -0.0107766  0.0114125  0.0198487  -0.0164853  0.0151568  -0.0140126 
200 0.000127825 1.6306 0.0240417 0.0538974 -0.00766116  0.00643465  -0.0088068  -0.00789712  -0.00374273  -0.0137569  -0.00941033  0.00290954  0.00241159  0.00564694 
202 0.000254105 0.776663 0.0167688 0.0526984 -0.00523583  -0.00163316  -0.00257227  0.00541809  0.0021014  0.00235548  0.00905362  0.00949824  -0.0047247  0.00326612 
203 0.00012831 1.1324 0.0180152 0.0502299 0.0074907  -0.00572673  -0.00715494  0.00418731  0.00489613  -0.00743922  0.0047623  0.0022761  -0.00772267  0.000316936 
204 -0.000270152 0.41567 0.00954858 0.0489361 -0.00309473  -0.00115405  0.00168665  0.00179794  0.000304545  0.00324059  0.00751852  0.00133676  -0.00119603  0.00196192 
207 1.93514e-05 0.503027 0.000484268 0.051623 0.000174589  2.57159e-05  0.000394406  -4.54214e-05  6.25352e-05  -0.000114911  -5.10861e-05  -9.50392e-05  9.19857e-06  0.000130046 
211 0.000458826 0.563414 0.0107917 0.0514352 0.00227453  -0.000602756  0.00265007  -0.00294861  -0.00606882  0.00632893  -0.000767195  0.00153337  -0.00142158  -0.0036551 
214 0.000698645 0.715042 0.0245141 0.0467639 -0.00922002  0.00810701  0.0158557  -0.00571068  -0.002222  -0.00287696  -0.000410736  0.00729168  0.00180914  -0.00981674 
218 8.80637e-05 1.16617 0.0153182 0.0385805 0.00340761  0.00538621  -0.00203308  -0.00158295  0.00644213  0.00060425  -0.00643088  -0.00347013  0.000143205  -0.00959686 
222 0.000131408 0.559091 0.00557375 0.0374219 0.00390071  -0.00134744  0.00218854  0.000456328  0.00152311  0.00033945  -7.16361e-05  -0.000683978  -0.00195271  -0.00152199 
223 -0.000257729 0.219251 0.0170143 0.035623 0.00895186  0.0025296  0.00565896  -9.34225e-05  0.0110164  0.0017113  -0.00132025  -0.000891303  0.0037685  -0.00546745 
225 -1.99873e-05 0.486478 0.00103983 0.0390738 0.000142166  -6.46496e-05  -0.000433002  0.00050649  -0.00010638  0.000300596  0.000298104  -0.000599057  -0.000246212  -5.29442e-05 
226 0.000598694 1.20088 0.0409606 0.0393287 0.00306889  -0.014658  6.15846e-06  0.011218  -0.0275592  -0.000361414  -0.0006122  0.0210063  0.00819642  0.00769332 
227 0.000290419 0.612502 0.0114329 0.0307934 0.00055657  0.00676083  -0.00122994  -0.00771615  0.00151476  -0.000967381  0.00246761  -0.000603616  0.0011951  -0.00353968 
228 -1.66736e-05 0.381171 0.00281521 0.0256487 -0.00021763  -0.00120007  -1.27493e-05  0.000229565  0.000527367  -0.000966541  -0.00140617  -0.00169469  0.000509839  -0.000252011 
229 0.000233857 0.687955 0.0132598 0.0259717 0.000437264  0.00258187  -0.00243146  -0.00333577  -0.00909248  -0.00317572  0.000376377  -0.00217009  -0.00664455  0.00318841 
230 -1.59337e-05 0.22606 0.00417848 0.0209928 -0.00102388  -0.00210793  0.00221111  0.0010292  0.00218419  0.000238365  0.000425685  -5.97135e-05  -0.000929416  0.000379017 
233 0.000182603 0.771629 0.0140853 0.021369 -0.00120587  0.00388031  -0.00033778  -0.00130302  0.00119329  -0.00782608  -0.00405688  -0.00144673  -0.00816869  0.00566765 
234 -0.00011305 0.433972 0.00546497 0.0165543 -0.00280906  -0.00125972  0.00132525  0.000116147  0.00227008  -0.000483654  -0.00188424  -0.00162606  0.00219313  0.00149229 
235 4.822e-07 0.56573 0.000356062 0.0196749 2.59866e-05  -6.8041e-05  -9.53377e-05  0.00026401  4.43484e-05  9.44679e-05  0.000120447  9.87859e-05  1.47682e-05  8.54956e-05 
236 1.62735e-05 0.558259 0.00194742 0.0196627 0.000398985  5.41134e-05  -0.000733059  -0.000637849  -0.000576654  0.000712001  -0.000517524  0.00124369  0.000168536  6.00485e-05 
237 -0.000407971 0.392828 0.0132291 0.0192444 -0.0052339  -0.00214195  -0.00678643  0.00752565  -0.0025659  0.00435087  -0.00162909  0.000571087  0.00170107  -0.00299123 
238 -0.000100047 0.192213 0.0110988 0.0278999 -0.000678648  0.00286702  -0.00516509  0.00130916  -0.00066104  -0.00155964  0.00424413  0.00662598  0.00321879  0.00331118 
241 -0.000269799 -0.0950227 0.025342 0.0296387 0.005016  0.00553134  -0.00433784  0.00788919  0.0117844  -0.00233588  -0.00180459  -0.00345664  0.00291059  -0.0183685 
242 0.000262208 0.531623 0.00576166 0.0338864 0.000759676  0.00033189  0.000751867  -0.00452911  0.000324918  -0.0018565  -0.000218465  -0.00144836  -0.00161922  0.00176404 
243 8.37536e-05 1.64924 0.0196209 0.0297677 0.0127041  0.000457087  -0.00016163  -0.0038223  0.0127058  -0.00154668  -0.00478031  0.000113509  -0.00348239  0.00314969 
244 -0.000273123 0.461621 0.00647851 0.0283261 -0.00171329  -0.00172514  -0.000963669  -0.00112607  0.00381794  0.00115582  -0.00178042  0.00072851  -0.00104088  -0.00362854 
245 -3.61746e-06 0.498304 0.000156667 0.0327952 -4.42519e-05  -1.68698e-05  -1.21743e-05  -5.38466e-05  0.000108029  2.0152e-05  -7.70683e-07  -4.60371e-05  5.06415e-05  4.99308e-05 
247 -0.000614588 0.3964 0.015967 0.0328503 0.00342729  -0.0101252  0.000321416  -0.0032969  0.0107702  -0.00172412  0.00172729  -0.00221961  -0.00167964  -5.30578e-05 
248 -5.91158e-05 0.461128 0.00303211 0.0411573 0.00066469  0.000175979  0.000646441  -0.000206071  0.000690197  -0.00133  0.000676552  -0.00168608  -0.000968593  -0.00133286 
249 0.000766 0.614192 0.018709 0.0418693 -0.00613058  0.00326721  0.00440178  -0.00430834  -0.00899606  -0.000190691  0.00275466  -0.00255828  -0.00933702  0.00903069 
250 -0.000619532 0.420502 0.0140447 0.0314218 0.00295069  -0.00288689  -0.00141566  -0.00637186  0.00791369  -0.00373342  0.000120045  0.00529061  -0.0053184  0.00218032 
252 -7.80432e-06 -25.5466 0.0285136 0.0400881 -0.00754156  0.0161221  0.00618084  0.00273895  0.00107211  -0.00186942  -0.00380206  -0.00429884  0.0177007  -0.00998129 
254 -0.000612231 0.123858 0.0303563 0.0401853 -0.00789203  0.00562044  0.00477005  -0.00154399  -0.0132757  -0.00427596  0.0128293  -0.00652996  0.014268  -0.0140413 
255 0.00095576 0.631895 0.0224594 0.047194 0.00320205  -0.00770147  -0.00473994  0.00170804  -0.00947848  0.0118487  -0.0099072  0.00697534  -0.00560697  0.000996511 
256 2.72254e-06 1.92752 0.00394282 0.0356648 -0.00170092  0.00137642  0.000861573  -0.000676325  -0.000313482  -0.00157668  0.000909251  -0.00130245  -0.00205933  0.000458594 
257 -6.54524e-05 0.319098 0.00688225 0.0356266 -0.00139862  -0.000162053  0.00271662  -0.00439622  -7.18172e-05  0.00306012  0.000712978  -0.00280673  9.24378e-05  0.000955009 
258 0.000199026 0.926314 0.0184218 0.0365336 0.00120993  0.00254849  -0.00175441  0.0103583  0.00151621  -0.0116182  0.00245009  -0.00334931  -0.00228965  0.00782848 
259 -9.89936e-05 -0.543071 0.0203232 0.0337002 0.000764946  0.000939257  0.00440899  0.00314352  0.0133619  0.00579174  0.000990039  -0.000181207  -0.00954973  0.00882893 
261 -4.17803e-05 0.48984 0.00130343 0.0351383 -0.000167432  7.82487e-05  0.00010243  0.000186403  0.000851226  0.000709119  0.000526458  -0.000135783  6.07245e-05  0.000304657 
263 -0.000171105 0.423042 0.00725885 0.0357279 -0.00148252  0.00219505  0.0035514  -0.000793297  0.00135921  0.00235054  -0.00317401  0.00202346  -0.000911215  -0.00317198 
264 0.000320069 0.613724 0.0120675 0.0380473 -0.000243731  -0.00149336  0.00140967  -0.000560504  -0.00978551  -0.00334677  0.00453074  -0.000857063  0.00132536  -0.00332526 
265 0.000282409 1.17234 0.0275565 0.0335795 0.00411216  -0.00359901  0.0118829  -0.00882624  -0.0146716  -0.000258273  -0.00213139  0.016739  -0.00307482  -0.000936898 
269 5.80267e-06 1.33238 0.00439545 0.0290726 0.000561179  -0.000838673  -0.00113706  -0.00183319  -0.00310016  -0.000774425  -0.000536218  0.00147337  0.000766431  -0.000625825 
270 -0.000249891 0.0257885 0.0217731 0.0289726 0.00522723  0.00185985  -0.00597622  -0.00870804  0.0043036  0.000661064  0.00624161  2.18965e-05  0.0157821  -0.0049746 
274 -7.35612e-05 -0.773608 0.0193585 0.033005 0.00108  -0.000743359  -0.00226151  -0.000228394  0.00767158  0.00467178  0.00150108  0.014073  -0.007846  0.00503232 
275 1.52797e-05 0.50968 0.000769256 0.0341013 -9.02111e-05  0.000105825  -0.000558748  -0.000104652  9.24556e-07  -5.90183e-05  -0.00042734  -0.00015828  0.000170288  9.54604e-05 
278 -0.00108923 0.20352 0.035956 0.0338765 0.00659426  -0.0241461  -0.0128287  0.0041491  6.96308e-05  -0.0100664  0.00250187  0.0133769  -0.0140548  0.000666401 
280 0.000474346 0.530037 0.0075558 0.0473016 -0.000848037  -6.86527e-05  0.00204449  0.00139145  -0.000118383  0.000875067  -0.00223733  -0.00621061  0.00225611  -0.000896095 
282 -6.98461e-06 -2.44876 0.00907653 0.0419906 0.00191171  -0.000190896  0.00370653  0.00260771  -0.00398741  -0.000847729  0.000746047  0.00340943  -0.00216191  0.004968 
284 -0.000517873 0.374466 0.0161318 0.0420737 0.00533097  -0.00671733  0.00741141  0.00453444  -0.00527194  -0.00551368  -0.00321672  -3.54214e-06  -0.00562472  0.00332034 
287 -0.000387122 0.326545 0.0163924 0.0478351 0.000621969  0.00540744  0.00493711  -0.00176831  0.00698645  0.00459134  -0.00228474  0.00132086  -0.0100351  -0.00583289 
296 0.00107403 0.935858 0.0432624 0.0517242 -0.00832032  0.0271102  -0.00920326  0.0105489  0.00909721  -0.0116674  -0.00973661  -0.0208284  0.0109833  -0.00182249 
299 -0.000319619 0.416632 0.0103272 0.0400243 -0.00402194  0.000967678  -0.00141704  -0.00374356  -0.000579959  -0.001811  -0.00501981  -0.00469868  -0.00188221  -0.00436825 
300 -1.06923e-05 0.415058 0.00190604 0.0438362 -6.55225e-05  -0.000834293  -2.18336e-05  -0.00064564  0.000310323  0.000116323  -0.00140758  -0.000291669  0.000582299  7.61177e-06 
301 0.000624975 0.774319 0.0261857 0.043958 0.00500545  0.00739593  0.0157116  -0.000450671  -0.00465987  0.0092038  0.0137996  -0.00495454  0.0017971  0.00585235 
303 0.000185415 0.753169 0.0137026 0.0361597 -0.00251976  0.00333757  -0.00696047  0.00649474  -0.0046026  -0.00243288  -0.00347724  -0.00144382  0.00576253  0.00227089 
304 -0.000551773 0.211138 0.0252551 0.0334981 0.00797685  0.0134658  -0.00761305  -0.0040712  -0.0114366  -0.00572178  -0.000190417  -0.00637032  0.00724627  0.00785314 
305 -0.000103163 -4.43029 0.0451008 0.0409152 0.0138699  -0.036098  0.000104814  -0.00177341  0.0142933  -0.00399547  0.00709026  -0.00335991  0.0077813  -0.0138968 
306 0.000573798 0.626733 0.0170572 0.0421571 -0.0063293  -0.00214194  -0.008683  0.00322445  -0.00495954  0.00471627  0.00447738  0.00850782  0.00291815  0.00356694 
310 8.52223e-05 0.632775 0.00672777 0.0346927 -0.0011821  0.000264263  -0.00114562  0.000711261  0.00286522  0.00231281  0.00422971  -0.00121177  -0.00189218  0.00234085 
314 -6.92051e-05 0.188338 0.00928864 0.033442 0.000956852  0.00557415  -0.00017212  0.0036439  0.00268458  0.000186935  0.00169593  -0.00365206  -0.00392869  0.0014472 
315 0.000350463 0.581242 0.0106738 0.0344612 -0.00317149  0.00322929  0.000347821  -0.000854303  -0.000368815  0.00718144  -0.00218558  -0.00484397  0.0014073  0.00326516 
316 4.45607e-06 0.513773 0.000495475 0.0289339 -0.000130722  -3.86537e-05  -0.000139183  -0.000155085  0.000172925  0.000190728  9.7014e-05  0.00015323  0.000270588  0.000105357 
318 -0.000410559 0.162927 0.0235311 0.0288568 0.00585933  -0.00676731  0.00926143  0.00889685  -0.0121544  -0.00266578  0.00718041  0.00118156  -0.0069949  0.00720683 
319 8.31873e-05 0.613573 0.00614761 0.0352613 0.000342965  -0.00143646  -0.00219489  -0.00246838  -0.000825022  2.98468e-06  0.000107957  0.00296378  -0.00191729  0.00339842 
320 -0.000128092 -0.461133 0.0221915 0.0340614 0.00411917  -0.00463088  -0.00841313  0.000583712  -0.00134001  0.00460849  -0.0150453  -0.00458006  0.00422191  0.00973308 
323 0.000257948 1.18096 0.0265044 0.0358926 0.00499587  0.00693723  0.00184362  -0.00940662  0.00416712  -0.00705236  -0.00337896  0.0119094  -0.000784266  -0.0177919 
324 0.000105588 1.17513 0.0168855 0.0320992 -0.0070297  0.00611516  0.00272052  -0.00565341  0.00711271  -0.00165957  0.00176103  -0.00622468  0.00785483  -0.00143398 
327 -5.54783e-06 0.083141 0.00304149 0.0304102 1.09681e-05  0.00165936  -0.000564496  0.00118924  0.000775143  0.000287813  -0.00184073  -0.000244939  -0.000443942  0.000659648 
328 3.19793e-05 0.532532 0.00204007 0.0305013 0.000349582  -0.000464987  -0.000520928  -0.000834867  8.9303e-05  0.00106117  -0.00101367  -0.000471496  -0.000366956  0.000580129 
329 -0.000133938 0.445346 0.00541217 0.0299725 0.00228654  7.61589e-05  -0.00263679  0.00126556  -0.00263203  -0.00151142  -0.00100038  0.00113456  0.00114221  0.00164277 
332 -0.000580467 -0.115341 0.037803 0.0321293 -0.0141435  -0.0170414  0.0106852  -0.0226928  0.00294201  -0.00239832  -0.00287836  -0.00902339  -0.0111041  0.00905938 
333 -0.000580436 0.347042 0.0188516 0.0401613 0.00589843  -0.00486787  -0.0111618  -0.000451541  -0.00055782  -0.00476004  -0.00132821  0.00175706  -0.0077961  -0.00913825 
334 0.000733971 0.593227 0.0165488 0.0468352 -0.00275559  0.00777329  0.0028944  -0.00126735  -0.0019845  0.00988787  0.000106766  0.00607499  -0.00603903  0.00455694 
335 -0.000102352 0.483741 0.00258112 0.0382078 0.000805891  0.000646268  0.00105208  -0.000745825  0.000309844  -0.00181055  -0.000278978  0.000158721  2.25596e-05  0.000674025 
337 0.000366472 0.590643 0.0115288 0.0395246 -0.000533363  -0.000426779  -0.00501098  0.00645541  0.00295892  0.00161246  0.00189914  0.00629888  0.00327852  0.000526368 
340 -1.20422e-05 -0.22403 0.00590557 0.0345801 0.00049814  -0.00152759  0.00148021  0.000391702  -0.00134175  -0.000554482  0.00507131  -0.000124211  -0.00107966  0.000970845 
342 -0.000106498 0.334523 0.00839645 0.0347538 -0.00277036  -0.000326744  0.00131738  -0.00119811  0.00159154  -0.0027243  -0.00625403  -0.00129108  0.00296595  -0.000127522 
345 4.62709e-05 0.521665 0.00200272 0.0362537 0.000234137  -0.000725146  0.000221627  0.000686627  -0.000446305  0.00103883  -0.00106264  -0.000627249  0.00031097  -0.000109273 
347 2.96365e-05 0.534604 0.00202548 0.0356099 -0.00031485  0.000748224  -0.000156331  0.00054438  -6.06545e-05  -0.000153143  0.00099305  -0.00120091  -0.000203766  0.000791103 
350 0.000160549 0.544359 0.00533834 0.0351913 0.000530132  0.00290107  0.000356771  0.00294356  0.00183293  -0.000249784  0.00218929  -9.9243e-05  0.00161056  -0.000435899 
351 9.55527e-05 0.741535 0.00960814 0.0328312 -0.00613764  -0.000738527  -0.000484734  -0.000200039  -0.00322725  0.00257136  -0.000705681  -0.00444267  0.00140197  0.00382066 
