generation s h r distopt trait[0] trait[1] trait[2] trait[3] trait[4] trait[5] trait[6] trait[7] trait[8] trait[9] 
3 8.92772e-05 0.894323 0.0118664 0.1 0.00259297  -0.000171167  0.00526897  -0.00506408  0.0019787  -0.00274483  0.00299784  0.0065661  -0.00377145  -0.00169641 
5 0.00883052 0.548982 0.0419623 0.1992 -0.0105348  -0.0323779  0.00884402  0.011225  -0.000371916  -0.00213501  0.0041205  -0.0157923  0.000199329  -0.0112335 
9 0.0138267 0.568725 0.062188 0.374267 0.00871998  -0.0223432  0.0233796  -0.0211946  -0.0294117  0.0225497  0.0271352  0.0105645  0.00840565  -0.00203892 
10 0.00326577 0.578475 0.0320724 0.404652 0.0150637  0.000163632  -0.00464157  0.00375842  0.0102965  0.00228965  0.0206794  0.00105809  -0.00844345  -0.0124385 
13 0.0236073 0.521098 0.0473368 0.54863 -0.0114729  -0.0309388  -0.00350564  0.0165489  -0.0026884  0.0127125  0.0143532  0.00634997  0.00118571  0.0211943 
14 0.0206583 0.515283 0.0381947 0.576264 -0.00990495  -0.028171  -0.00163616  0.0162923  0.00159634  0.00811517  0.0110071  0.0100022  0.00204813  -0.0022804 
15 0.036364 0.635377 0.141177 0.607311 -0.0432211  -0.0750018  -0.0155158  0.00573597  0.00593757  0.0781257  -0.0235353  -0.0518516  -0.0216393  -0.0481083 
16 0.00144026 0.592344 0.0230784 0.624522 0.000446567  -0.00140631  -0.0141508  -0.00867415  0.000282563  -0.00321687  0.0130437  -0.00681665  0.00361789  0.00385073 
17 0.0194123 0.512698 0.0340771 0.671089 0.00576644  -0.0140883  -0.00080963  -0.00342889  -0.00155215  -0.0132175  0.0126928  0.00611044  -0.0232142  -0.001626 
21 0.0399255 0.512981 0.052898 0.849785 0.0335422  -0.00927557  0.00524115  -0.00913368  0.00699542  -0.0108681  0.00647684  0.0230057  -0.00241096  -0.0270577 
22 0.0325126 0.569116 0.0966792 0.875268 0.0130539  -0.0188053  -0.00241304  0.0680122  0.0151739  -0.0216099  0.0411374  -0.009989  0.0365044  0.0192212 
23 0.0530584 0.507593 0.0539043 0.905523 0.0152786  -0.0263438  0.00156876  -0.00255246  -0.00126523  -0.0237843  0.0218837  -0.00141905  -0.0195816  0.0231867 
24 0.0171488 0.509644 0.028292 0.925271 0.0114178  -0.00287909  -0.000286753  -0.00855854  -0.0164578  -0.0125536  0.000246765  0.0096604  -0.000669724  0.00813415 
26 0.0869087 0.51126 0.084977 1.01411 0.0139646  -0.0365452  -0.00721976  0.0113369  -0.0333971  -0.0143448  -0.0372416  0.00257237  0.0523378  -0.00747968 
27 0.0798091 0.508402 0.0743342 1.02143 0.03339  -0.0266057  -0.00136991  0.0381339  0.0301519  -0.0103669  -0.0170537  0.0122105  -0.0151661  0.0236688 
28 0.0716022 0.507456 0.0667216 1.0325 0.0117672  -0.0305113  -0.00395732  -0.0438935  -0.00815762  0.012051  0.0115475  0.0328912  -0.00326476  -0.00156713 
29 0.0681332 0.571278 0.144615 1.04792 -0.00653625  -0.052004  -0.0452252  0.000430698  -0.0468017  -0.0193926  -0.0142706  0.0333376  -0.00829115  -0.110321 
38 0.0381142 0.502866 0.0335892 1.45854 0.0237931  -0.00458459  -0.00416805  0.0106134  0.00287471  0.0186745  0.0043831  0.00160191  0.00534406  -0.00193707 
39 0.0682852 0.499806 0.0461522 1.49509 -0.00810597  -0.0260616  -0.00137293  -0.0214527  0.0183284  -0.0163777  0.00134979  -0.0107678  0.0138613  0.00299108 
41 0.0587341 0.499185 0.0379809 1.57186 0.00539473  -0.0182067  0.029125  0.00443184  -0.00182497  0.00085224  0.00567883  0.0113025  -0.0065582  -0.00264398 
42 0.0209163 0.501788 0.0190335 1.55359 0.0108476  -0.00378267  -0.00842827  0.00617386  -0.00766283  -0.000791991  0.00389281  0.0068065  -0.000542012  0.000134116 
44 0.0344962 0.499408 0.0222432 1.54692 0.00162247  -0.0121834  -0.014511  0.00531715  0.000719195  0.00125593  0.00371745  -0.00570547  -0.00749143  0.000510174 
46 0.0309198 0.511398 0.0430301 1.53592 -0.00562999  -0.0113595  -0.00366856  0.0193545  0.00493092  0.00659897  -0.0212901  -0.0259426  -0.00291342  0.0100084 
49 0.0716857 0.502923 0.0566141 1.52597 0.0261636  -0.00970694  0.0342712  -0.0290053  -0.0113495  0.00318963  -0.0110716  -0.00560486  0.0101968  0.00369167 
51 0.213548 0.541511 0.224969 1.50312 0.0322425  -0.0731048  0.118163  -0.0218856  0.119729  0.0360145  -0.0187574  -0.0252134  0.0707902  -0.0903036 
52 0.0824462 0.503206 0.0644409 1.43729 0.0455264  -0.0108782  -0.0326518  0.0187603  0.0182107  0.00205873  0.000906566  0.00717322  0.0120086  0.00334653 
53 0.0170803 0.577085 0.0732256 1.40946 -0.0396537  -0.0300791  0.0127904  0.00412678  -0.0281122  -0.02103  0.0142756  -0.0069642  0.0282909  -0.0204687 
54 0.0222525 0.522642 0.0472747 1.40344 0.00690289  -0.00584716  -0.018929  -0.0128358  -0.00762747  -0.0281158  -0.00868025  0.00905846  0.0249581  -0.00100433 
56 0.0580386 0.541045 0.104118 1.39558 0.0458762  -0.00335371  -0.0436164  -0.0377553  0.0349921  0.0235966  0.0367071  0.0400731  -0.0256979  -0.00140785 
57 0.0141932 0.514626 0.0303932 1.37522 -0.00778913  -0.00976117  -0.0165551  -0.00891415  -0.00154634  -0.00973715  -0.0104619  0.0101059  0.010206  -0.00114656 
58 0.0456474 0.509664 0.0521623 1.37008 0.0204875  -0.0119679  0.0210338  -0.00954346  0.00893087  0.0153475  0.00664763  0.0347879  -0.00217712  0.00707101 
60 0.0102609 0.503483 0.0139399 1.3537 1.85719e-05  -0.00240363  -0.00548726  -0.00191795  -0.00175828  -0.000358544  0.0034709  -7.21013e-05  -0.010868  0.00462279 
61 0.0853879 0.518074 0.096291 1.34992 -0.00435896  -0.0359183  -0.0497445  -0.0396117  0.0258956  -0.0231283  -0.0357136  -0.0364788  0.00902674  -0.0051082 
63 0.116775 0.508799 0.0998861 1.31922 0.0146433  -0.0486918  0.0164585  -0.0375794  0.0251565  0.0627567  0.0225851  -0.0134946  0.0174631  0.0118504 
64 0.0357388 0.655106 0.14947 1.27668 0.0707729  0.023728  -0.0985561  0.00137486  -0.0552424  -0.0161036  -0.041397  -0.030341  -0.00164152  0.0332596 
66 0.0999527 0.49431 0.0486723 1.26285 0.00726412  -0.0330946  0.00288695  -0.00144994  0.0036474  -0.00470648  0.0020438  -0.0112451  -0.022038  0.0236385 
67 0.027364 0.509506 0.037292 1.22455 -0.014117  -0.0178441  0.000329837  0.0101649  -0.00334871  -0.0116012  0.023399  0.00762722  0.00288364  0.00312331 
73 0.0514245 0.498978 0.0324384 1.21348 -0.00696864  -0.026659  -0.0107518  0.00583128  -0.00274393  -0.00447226  -0.00487839  -0.00341693  0.00816225  0.00370832 
78 0.026885 0.499114 0.016059 1.19264 0.00522266  -0.00933425  0.00288344  0.00221004  0.00768689  0.00483269  -0.00162359  0.00265253  -0.004478  0.00425681 
79 0.0497677 0.499585 0.0331473 1.18146 0.00646717  -0.0158086  0.0214814  0.00906292  -0.00467854  0.00287022  0.00660535  0.0041489  -0.0030062  0.0127833 
80 0.0422642 0.513734 0.0559457 1.16072 0.0155352  -0.011677  0.000571859  0.037406  0.0225649  -0.0167403  0.00930215  0.0125829  -0.0140103  0.0110512 
81 0.061233 0.517025 0.0762229 1.14275 0.022004  -0.021133  -0.0147871  0.0418486  -0.0421505  0.0130846  -0.0106534  0.0207444  -0.00448843  -0.0199334 
82 0.169542 0.51594 0.149011 1.11645 0.0528457  -0.0603464  0.025601  -0.102224  -0.016175  0.0136098  -0.018484  0.0026964  0.0499193  0.0371091 
83 0.18853 0.495551 0.108766 1.04395 0.0176549  -0.0818231  0.00999209  0.0128419  -0.0313802  -0.00331077  -0.0389075  -0.0199398  0.0152979  0.0376501 
84 0.0506695 0.515179 0.0649665 0.957666 0.0077191  -0.0257129  0.028925  -0.017727  0.00663392  0.023301  0.0035769  -0.0296093  0.00661036  0.02879 
85 0.0693053 0.571699 0.14632 0.931502 0.00754324  -0.0539861  0.00128508  0.0385617  0.0413308  0.0483414  0.0440567  -0.098226  0.0236792  0.0274649 
89 0.0682807 0.507035 0.06355 0.894811 0.00364315  -0.0507339  0.00152517  0.0162835  0.011096  -0.00662733  0.0082104  -0.00688557  0.0299769  0.00185563 
91 0.0587501 0.522985 0.0829056 0.857109 0.0427836  -0.0141032  -0.0047011  0.0300073  -0.0429932  0.0254583  -0.00499274  -0.00988301  -0.0338886  -0.0124054 
94 0.0341266 0.830294 0.211305 0.823133 -0.0345595  -0.0529944  0.0770476  0.0424902  -0.0237386  -0.0122001  -0.0810333  0.0499934  0.0249345  -0.150019 
96 0.0171343 0.511141 0.030022 0.80249 0.0246356  -0.00355538  -0.00189987  0.00334414  -0.00912869  0.00233393  -0.00275929  0.00443648  0.00964313  0.00760971 
99 0.0278234 0.547837 0.0749937 0.791834 -0.0312826  -0.0453917  -0.0065617  0.0242182  0.0250946  0.0141161  -0.00276763  -0.030822  0.00916456  0.00920937 
101 0.0481887 0.617604 0.152255 0.774311 -0.015904  -0.0656016  -0.0674709  0.0341192  -0.0642287  0.041027  0.0732702  0.0301715  -0.0209633  -0.0195426 
102 0.0149537 0.53057 0.0438714 0.743299 0.0227568  0.0127756  -0.00935939  0.0116524  0.00212476  -0.0153788  -0.00259819  -0.0104451  -0.022047  0.0133149 
104 0.171641 0.516754 0.152029 0.733247 0.100179  -0.0914134  0.0215062  -0.0242131  -0.0310014  -0.0345283  -0.0279163  -0.0264422  0.000690707  -0.00629372 
105 0.0279114 0.516977 0.0474107 0.615829 -0.0106305  -0.0365212  -0.00521866  -0.012108  0.0181891  0.0109243  0.00115663  -0.0126995  -0.0023211  -0.00299009 
109 0.00205009 0.583098 0.0261299 0.593057 0.00248804  0.000415167  0.00966263  -0.00178528  -0.0131447  -0.000677897  -0.00401164  0.0139076  -0.00765534  -0.0117684 
110 0.0272682 0.561494 0.0835072 0.591328 -0.00861316  -0.0263325  0.0118104  0.0319124  -0.013401  -0.012093  -0.0305737  -0.0144676  0.00767773  0.0593223 
112 0.0203998 0.694568 0.126053 0.568125 0.0788515  0.0323337  -0.0366333  -0.058682  0.00456569  -0.00118243  0.0531865  0.000527219  -0.0290821  0.0119879 
116 0.0163976 0.514285 0.0325803 0.550065 0.0106246  -0.0103906  0.00567319  0.000247858  -0.00476816  -0.00506385  -0.00360637  -0.0186052  -0.0200082  0.00071918 
117 0.0100027 0.671711 0.0829444 0.535076 -0.001933  0.0108563  -0.00446565  -0.0331399  0.0307277  -0.0652778  0.00720696  0.0119456  -0.00885461  -0.0127105 
119 0.00189479 0.518642 0.0119559 0.525693 0.00427304  0.00168526  -0.00353608  -0.00369522  0.00477495  0.00361729  -0.00216534  0.00577368  -0.00465748  -0.000292667 
122 0.0240497 0.618896 0.107555 0.52389 0.0187171  -0.0103228  -0.0432327  0.0261758  -0.0245462  -0.0309002  -0.0306331  0.0406292  -0.0656188  -0.0102357 
123 0.0131619 0.512323 0.0270176 0.500695 -0.00136262  -0.00936898  0.0157994  -0.00446647  0.000197977  -0.0140166  0.0034964  0.00872155  0.00787473  0.00489287 
125 0.0115299 0.528341 0.0369471 0.487462 0.00257  -0.00645149  0.00645078  0.00708406  0.0152557  -0.0270855  -0.00380257  0.0150262  -0.000383555  0.0042789 
127 0.0143896 0.567349 0.0628412 0.475558 0.0245214  -0.0143202  0.000549522  0.00616447  -0.0318359  0.0165635  -0.0378786  -0.0123511  -0.00332092  0.0147684 
130 0.0334384 0.534027 0.0708148 0.460292 0.0108611  -0.0353074  0.0127796  0.00368963  -0.0187487  -0.00697138  0.0370194  -0.00713706  -0.0398593  0.00793576 
131 0.0194246 0.625376 0.0991024 0.423057 0.01562  -0.0440842  0.0145813  0.0011511  -0.03557  0.0521488  -0.00389084  0.049962  0.000606887  -0.0303895 
136 0.00166007 0.806269 0.0450876 0.399673 -0.00957005  -0.00636412  -0.00140411  -0.0164463  0.0130973  -0.00739361  0.0134812  -0.0102997  -0.0206164  -0.0262542 
137 0.0120053 0.618532 0.0756658 0.397592 0.000762132  -0.0365306  -0.0334598  -0.00305471  0.0388658  0.0171438  0.0145601  0.00567305  0.012154  -0.0326344 
138 0.00868414 0.541393 0.0383245 0.38229 -0.00158819  -0.000429545  0.00881555  0.00472808  0.00363304  0.00340488  -0.0129075  0.0151037  -0.0258316  0.0167094 
139 0.0595788 0.618245 0.170134 0.370809 0.00705451  -0.103116  -0.051046  0.00348744  0.100006  0.000343195  0.038852  0.0174223  -0.000492822  0.0618902 
140 0.0089096 0.848686 0.111318 0.282184 0.066107  -0.0319504  0.0213731  -0.0179973  0.0151635  -0.0515443  0.0410195  0.0101161  0.0131564  -0.0370851 
141 0.000157412 2.04524 0.0311893 0.266003 -0.00929621  -0.0022049  0.00190598  -0.006568  0.0229708  -0.00103841  0.00188099  0.0039753  -0.0163189  0.00450978 
143 0.0142978 0.600259 0.0760918 0.265707 -0.0171349  -0.0154538  0.02927  0.0162977  0.00797766  -0.00178679  -0.047221  -0.0283216  -0.031648  -0.00590163 
146 0.00976145 0.740762 0.0969089 0.237495 -0.0137981  0.00928328  0.037156  -0.00128936  0.0165311  -0.0284063  0.0320471  -0.00654054  -0.00616189  0.0744619 
147 0.00562516 0.589574 0.0450005 0.216078 0.00662953  -0.0193476  -0.00795195  0.0256196  -0.00170145  -0.013818  -0.00207638  -0.0123331  0.016156  0.0166101 
151 0.00401218 0.560505 0.0312567 0.202683 -0.00669989  -0.021132  0.00374989  -0.00655156  0.000343398  0.000658058  -0.00543495  0.0076678  -0.00357316  -0.0180802 
153 2.80261e-05 0.521937 0.00156829 0.192552 -0.000246573  0.000144976  -0.000167928  0.000728898  -0.00111213  0.000563033  -0.000246609  -0.000206451  -0.000204556  -0.000345133 
154 0.000376395 0.524378 0.00606351 0.192479 0.000317248  -0.00175349  0.000306123  -0.0011625  0.00188219  0.00282355  -0.00104176  -0.00379938  -0.00223534  -0.000336543 
156 0.0119237 0.918712 0.140972 0.191499 0.00165505  -0.0860375  -0.0062864  -0.0537213  -0.0493349  0.0477323  -0.00581387  0.0670267  -0.0162494  -0.00630853 
159 0.0102142 0.666487 0.0825437 0.157539 -0.00150068  -0.0364795  0.044733  0.000611643  0.02571  -0.00860197  -0.0169224  -0.0463018  0.0107478  0.0140822 
161 0.00491064 0.931143 0.0919299 0.121063 0.0232597  0.0193116  -0.0414224  0.0184133  -0.0485107  -0.0166686  -0.029952  0.0251016  0.0360811  0.00470029 
162 7.5124e-06 4.77158 0.0113295 0.0987804 -0.00225014  -0.00504127  -0.00238827  0.00448281  -8.99218e-05  0.00457282  0.00112278  0.000462001  -0.00233741  0.00665007 
164 0.000993076 0.636347 0.0232766 0.0987423 0.00665906  0.00192836  -0.00280867  -9.90833e-05  -0.00647618  0.00207779  -0.00439423  -0.00823071  -0.0174647  0.00689274 
168 -0.000287625 0.0156505 0.0236078 0.0935813 0.00514088  0.00749703  0.00914512  -0.00199012  0.0038563  -0.00813173  -0.00395039  0.0163993  -0.00441395  -0.00144095 
169 0.00105928 0.517577 0.0086601 0.0951059 -0.00113533  -0.00379512  0.00354699  0.00149125  -9.88376e-05  -0.00202569  -0.0034504  -0.00202792  0.000524595  0.00490861 
175 0.000740829 1.35319 0.0502675 0.0893668 0.0199156  0.0194058  -0.00901407  -0.0253281  0.0203733  0.00297223  -0.0043561  -0.00777128  0.0224946  0.0046429 
177 0.000384248 3.4393 0.0671889 0.0851226 -0.0348485  -0.0187574  0.0210146  0.0247941  0.0102622  -0.0134801  -0.0326684  -0.0179118  -0.00548683  -0.0136579 
181 0.00328602 0.720816 0.0538702 0.0828353 0.0349081  0.000541571  0.0304565  0.0061762  -0.0165273  0.0014239  0.0096823  -0.00687795  -0.0127429  0.01178 
184 -0.000218226 0.426284 0.00802354 0.059842 -9.13657e-05  -4.38849e-05  -0.00318908  0.00374097  -0.00416851  -0.000559243  -0.00173763  -0.00414838  -0.00072975  -0.00132347 
185 0.00114318 0.625318 0.0239443 0.0616386 0.00912116  0.00476521  0.00381312  -0.0113295  0.00509901  -0.00127982  0.00478329  0.000845772  -0.00230151  0.0163707 
186 -0.000165254 0.456879 0.00534039 0.051544 -5.71745e-05  0.00123578  0.00205535  -0.0016305  0.00114777  -0.00186014  -0.00148671  0.00336695  0.000711794  -0.00112942 
192 0.00039447 0.776485 0.0208861 0.053123 -0.0129273  0.00795305  0.00179514  0.00268931  -0.00832891  0.000803961  -0.00731787  0.00181496  -0.000923559  0.00822749 
194 8.67443e-05 0.903187 0.0118276 0.0492713 -0.0046889  7.87425e-05  -0.0051067  0.00545718  0.000435003  -0.00163719  0.00203065  -0.00341336  0.00146983  0.00642154 
196 -9.39189e-05 0.452195 0.00423843 0.048383 0.00253034  -0.000715005  0.000109027  -0.00151887  -0.00034091  -0.00176104  -0.000286979  0.00145858  -0.000600656  -0.00171566 
197 -0.000216891 0.345821 0.011567 0.0493441 0.00193976  -0.00290613  0.000464324  0.00134973  -0.00177437  -0.00856086  -0.00266556  -0.00174179  0.00554421  -0.00149537 
203 0.00015397 0.519049 0.00342681 0.0514952 0.00111379  -0.00163412  0.00106618  -0.00146596  0.000650546  -0.00066747  3.5029e-05  -0.00117547  0.00128715  0.000798732 
206 0.000411231 0.637277 0.015028 0.049978 0.00174359  -0.000226029  0.000497128  -0.00218334  0.00568975  0.000451687  0.00937949  -0.00485566  -4.38048e-05  0.00857931 
207 9.0737e-05 2.60844 0.0276613 0.0456799 0.00282163  -0.000550728  -0.00855549  -0.0148379  -0.00699589  -0.000546591  9.92806e-06  0.00333938  0.00040701  0.020074 
208 0.000633479 0.577033 0.013976 0.0446757 -0.00427147  0.00263365  0.00537344  0.00189484  -0.00292656  0.0080121  -0.00365391  -0.00672701  0.00235388  0.000883312 
209 0.000203503 0.65894 0.0113747 0.036914 -0.00139293  -0.00346381  -0.00556605  0.00327324  0.00539803  0.00433646  0.000896731  -0.00134525  0.00456048  -0.00154797 
211 0.000131307 0.801913 0.0125924 0.0340464 0.00207719  0.00446913  0.00103543  -0.00633614  0.00572691  0.00602365  -0.00051538  -0.00342489  -0.0019228  -0.00287881 
212 0.000603869 0.824243 0.0279834 0.0320603 -0.000783715  -0.00319544  0.0182667  -0.00892053  -0.00801699  0.00819594  -0.00404914  0.00128543  0.0134468  -0.00535583 
214 -6.95618e-05 -3.52965 0.0334832 0.0205955 -0.00472939  -0.0251107  -0.0144394  0.00927834  -0.00887662  -0.000830092  0.00939095  0.000248688  0.00242321  -0.000129949 
218 4.44037e-05 0.650136 0.00516399 0.0222202 -0.000915358  0.000664262  -0.000297785  0.00189455  0.00225266  0.000900697  0.0021704  -0.00208367  -0.00212457  -0.00150261 
220 -0.000592364 -0.00696804 0.034664 0.0211975 -0.0196103  -6.60707e-05  0.00493182  -0.0190167  -0.00560123  0.00884757  0.00508387  0.0138946  -0.00959746  -0.00322368 
221 -0.000694915 -0.0571166 0.0393583 0.0322781 -0.00532653  0.00821615  0.00992982  0.00350548  -0.00172715  0.0115053  -0.0249964  -0.0099419  0.0213402  0.00528095 
222 0.00031405 1.22388 0.030152 0.0416777 0.017881  0.00632929  0.0102224  0.016487  0.000713185  0.0017081  0.0107985  -0.00372645  0.00166359  0.00602919 
224 0.000107219 0.536125 0.00393676 0.0377231 -0.00073086  -2.58777e-05  -0.00105436  -7.96421e-05  -0.00169409  -0.000346871  -0.000976452  -0.000585954  -0.00143624  -0.00273778 
226 0.000415323 0.641073 0.0153099 0.0362742 0.00492538  0.00747898  -0.00416026  0.00455377  0.00215306  -0.00485694  0.00667673  0.00395477  -0.00525106  -0.000370208 
227 -0.000325514 0.325088 0.015094 0.0300097 0.00669143  -0.00749864  0.00637927  -0.00249938  0.00139042  0.00564639  0.000272456  0.00602412  -0.00251619  -0.00183607 
232 0.000455359 0.570893 0.0113666 0.0350164 -0.00209999  0.00143957  -0.00334866  -0.00482605  0.00395408  -0.00427031  -0.00548579  -0.00241843  -0.00399411  -0.00156421 
233 -4.79765e-05 -2.26607 0.0230392 0.027765 0.00464716  -0.00938748  -0.000925944  -0.00660474  -0.00272159  -0.00100492  -0.00133779  -0.0150629  -0.00150592  -0.0117149 
234 -0.000651301 0.322194 0.0215304 0.0286159 0.000777014  -0.00396808  -0.00599475  0.00197612  0.00103291  -0.00230764  -0.0136846  -0.0105163  -0.0027823  0.00976575 
237 2.89985e-05 0.632163 0.00391539 0.0383456 0.00132163  0.000166849  -0.000308643  1.06377e-05  0.000683204  -0.000544598  -0.00124634  0.00175827  0.00102633  -0.00264552 
238 0.000123518 0.523223 0.0033883 0.0379656 -0.000258646  0.000395455  -0.00133866  0.000247899  0.000936717  -0.00275394  0.000471065  0.000122503  -0.000837493  -6.25132e-05 
240 -0.000248963 0.452679 0.00686742 0.0363025 -0.00376042  -0.00295876  0.0030769  -0.00224946  0.000895778  0.0014524  -0.00179009  -0.00177142  0.00062604  0.000304856 
242 0.000574874 0.562965 0.0120378 0.0395837 -0.0019841  0.00376879  -0.00110746  0.0020091  -0.00380096  0.0024445  0.00830359  0.00509283  0.00111393  0.00222595 
243 0.000118227 2.03337 0.0269265 0.0314986 -0.0050035  0.00338396  -0.009851  -0.0130843  0.00882165  -0.00441967  0.000986116  0.00224892  -0.00927271  -0.0151968 
245 2.61655e-05 0.773172 0.00534703 0.0295625 0.000147373  0.000860021  0.000941905  -0.00286367  0.00120816  0.00141366  0.000600179  0.00277453  -0.000219527  0.002679 
247 -8.4537e-05 0.482969 0.00240062 0.0291166 0.000662724  -0.0010569  -0.00042836  -0.000285648  0.00146125  0.000775775  -0.000908756  -0.00035756  0.00024894  0.000434623 
248 0.000118356 0.593237 0.00664415 0.0305338 -0.00398949  -0.000724579  0.0021901  0.000807954  0.00228432  -0.00179156  0.00285322  -0.000171351  0.00235427  0.000337238 
249 -0.000196365 0.459969 0.00560939 0.0285301 -0.00122815  0.000389401  -0.00227193  -0.00206332  -0.00111204  0.000179254  -0.00194711  -0.00149843  -0.000879433  -0.00350822 
250 -0.000312623 0.366949 0.0129016 0.031786 -0.00547901  -0.00714421  0.00334217  0.000686746  0.00707999  0.00115383  0.00201143  0.000465702  -1.30305e-05  0.00424604 
253 0.000474587 0.719385 0.0204074 0.0363734 0.0050632  -0.0025645  -0.00257339  0.00464823  -0.00688991  0.000890832  0.0168242  0.00449664  -0.00210751  0.00020121 
258 -0.000169396 0.290314 0.0119207 0.0291298 -0.00118654  -0.00210825  0.00643265  0.00658458  -0.000291236  0.00175842  -0.00599232  -0.00261345  -0.00140272  0.00190611 
259 9.70796e-05 0.625895 0.00699211 0.0319055 -0.00201734  0.00153874  0.000746416  -0.00171159  -0.000779104  -0.00456814  -0.00189039  -0.00289938  0.00184224  0.0014549 
260 0.00010355 3.29599 0.0340276 0.0303461 0.0121946  0.00482394  -0.0152745  0.00294328  -0.0129113  -0.0216052  -0.00762613  -0.000907092  0.00640021  0.00323954 
262 -0.000262017 0.334442 0.0131746 0.0285891 0.00361307  -0.00306328  -0.00105454  -0.00101664  -0.00260543  -0.000838518  7.42054e-05  0.00718013  -0.00918135  0.00237443 
264 -5.19185e-05 -0.097331 0.0111379 0.0328541 -0.000481352  0.00293743  -5.60458e-05  -0.00962631  0.00118306  0.000911654  0.00100486  -0.00388516  -0.00162268  -0.00124725 
265 0.000137012 0.605661 0.00761001 0.033635 -0.00498986  -0.000381375  0.000855993  0.00209319  0.00194381  -0.00293671  0.00305331  -0.000505943  0.00183809  -0.00154726 
266 -6.11672e-05 0.143787 0.00933584 0.0315327 -0.00558338  0.00416311  -0.00442713  -0.00101484  -0.00383626  0.000127232  0.00100343  0.000507419  -0.00102518  0.000987161 
268 -0.000181392 0.412213 0.0079823 0.0324881 -0.00367505  0.00122786  0.00140624  -0.0031481  -0.000670966  -0.000141311  -0.00135964  0.00161231  -0.0032023  -0.00465214 
269 -0.000665374 0.389926 0.0171252 0.0351694 0.0075179  -0.00394858  0.0030296  -0.00587756  0.0003451  -0.00253579  -0.00483961  0.00216225  -0.00684332  0.00979586 
271 -8.2334e-05 0.323735 0.00761944 0.0436174 -0.000647954  0.00153412  -0.000705816  -0.00176526  -0.00296392  0.00267414  -4.3223e-05  0.00572229  -0.0014727  0.000903853 
274 6.41554e-05 4.71656 0.032892 0.0445513 0.0175638  0.0147681  0.0165798  -0.00563085  0.0015913  0.00352336  0.00205512  -0.00666771  0.00635739  -0.0120272 
275 0.000425073 0.580937 0.0117335 0.0438254 -0.00443224  -0.00096426  -0.00447917  0.00422952  0.00446389  0.00302566  -0.00445761  -0.00475399  0.00262096  -0.000852899 
276 9.62357e-05 1.08602 0.0150191 0.0386741 -0.00412257  -0.00898377  -0.00239451  0.000454292  0.00230398  0.00198658  0.00105963  0.00699355  -0.00482824  0.00627131 
279 -0.000289496 0.203316 0.0185373 0.0374092 -0.00661862  -0.00837586  0.00272506  0.00625958  0.00567117  -0.00406854  -0.0105413  0.00109669  0.00292572  -0.00366967 
280 -0.000481613 0.460204 0.00876348 0.0410973 -0.00198353  0.000191909  -0.0021459  -0.00624804  0.000203062  -0.000250122  -0.00212492  -0.00263581  -0.00327852  0.00262091 
281 0.000277153 1.73462 0.036991 0.046591 -0.00755762  0.0174276  0.00216659  0.0116293  -0.00360796  0.0243537  0.00812899  -0.00567331  -0.00946042  -0.00858356 
285 0.000319098 0.832704 0.0206064 0.0435156 0.00593907  -0.00969168  -0.00363487  0.00453275  0.0103443  0.00044572  0.00845152  0.00845549  -0.00167222  0.00295636 
286 0.000613348 0.868515 0.0300653 0.0396807 -0.00960794  0.0122525  0.00564012  -5.85216e-05  0.00614024  -0.00254746  0.0130169  -0.00578779  0.0184548  -0.00647752 
289 0.000175935 0.659976 0.0106106 0.0310064 0.00445254  -0.00349527  -0.00385502  0.000313408  -0.00207957  -0.00527995  -0.00184638  -0.00485208  -0.00159488  0.00197142 
290 0.000207066 0.577287 0.00800178 0.0280264 0.00155387  0.00239497  0.000348393  -0.00135605  -0.000739834  -0.001551  -0.00263466  0.00443837  0.00478092  -0.00121129 
291 -0.000152878 -0.196492 0.0206382 0.0240506 0.000208575  0.00651008  -0.0142997  -0.00244687  0.000661761  0.00503966  0.00603779  0.00516967  -0.000489495  0.00915341 
295 -0.000451285 0.241955 0.0215868 0.027043 -0.00578711  -0.00522343  -0.00470261  0.0026884  0.0086564  -0.00385914  -0.00403193  0.0159363  0.00292651  -0.0026942 
297 0.000190465 0.695264 0.0121969 0.0343905 -0.00282765  -0.00112499  -0.000908199  0.00285037  -0.00575607  0.00350401  -0.00337269  -0.000493937  0.00746276  0.00422281 
298 3.08818e-06 0.512773 0.000397221 0.0315002 1.45313e-05  -8.99585e-06  4.61441e-05  0.000127721  6.64878e-05  5.80768e-05  -0.000136708  -0.000188073  1.59178e-05  -0.000277385 
301 2.4515e-05 0.638847 0.00368991 0.0314511 0.000630856  -0.000671025  0.000279216  0.000675679  0.00143881  -0.00166635  -0.000689499  -0.00114848  -0.00235872  -0.000166731 
302 9.75031e-05 0.557984 0.00475586 0.031059 0.00302081  0.000143321  -0.000248422  5.10258e-05  -0.00113667  0.00110408  0.00159927  -0.000917411  -0.00225426  0.00155437 
305 0.000105668 0.932699 0.0135233 0.0294476 -0.00298618  0.00170752  0.00708209  -0.00375187  -0.00580695  0.00367437  0.000884333  -0.00370333  -0.0052259  0.00421746 
306 -0.000106712 0.340602 0.00824911 0.0275953 0.000764441  8.21118e-05  -0.00473449  -0.00133625  0.00321775  -0.000221092  -0.00286527  -0.00154472  0.00415907  -0.00222691 
307 3.56896e-05 0.516473 0.0015337 0.0294655 0.000260983  -0.000384064  0.00114854  -0.000664554  -0.000456318  0.000291998  -0.000105076  -0.000189467  -6.86739e-05  -0.000175232 
308 0.00053265 0.716492 0.0214767 0.0288536 0.00976283  0.0056926  0.00979359  0.00347569  -0.0049192  -0.00818179  -0.000950682  -0.00930859  0.00439029  -0.00525062 
310 1.40889e-05 0.656922 0.0029738 0.0173211 -0.00105527  0.00010257  -0.0015628  0.000934209  -0.000701405  -0.00170699  0.00073426  0.000281788  -0.00040642  -0.000463463 
313 -9.34652e-05 0.266444 0.00934478 0.0169095 0.000464304  -0.000797573  -0.000982749  0.0042693  -0.0024876  -0.00429277  -0.00352405  -0.00353699  -0.00132366  -0.0039979 
319 2.56695e-05 0.627484 0.00361801 0.0194782 0.000181446  -3.82172e-05  0.00129162  0.00142401  0.0022831  -0.000780626  9.83772e-05  0.000964683  0.000593316  0.00149843 
320 -0.000124122 -0.856804 0.0259544 0.0188077 -0.0133277  -0.00925602  0.00162723  -0.00274065  -0.0115096  0.0113906  0.00825887  0.0061403  -0.00565721  0.00019844 
321 -1.79905e-05 0.351929 0.00326431 0.02186 0.000534367  -0.00156025  0.00102108  0.0010089  -0.00126246  0.00120696  0.000977616  0.00132067  -0.000265438  -0.000233173 
324 -0.000169536 0.457364 0.00537868 0.0222677 -0.00323906  0.00128944  0.00143466  0.000541227  -0.00222074  0.00194203  -0.00160798  -0.00169997  0.000496124  -8.45351e-06 
326 -0.000152416 0.0321075 0.0168902 0.0257954 0.00772119  -0.00401558  -0.000380982  -0.00727319  -0.00639903  -0.00418948  0.00346808  0.00376816  -0.00841536  -0.0009747 
327 2.28636e-05 0.52231 0.00142847 0.0285977 0.000698103  0.000627083  -2.81132e-05  -0.00049608  9.74879e-05  0.00063366  0.000218362  0.000381853  0.000546417  9.98834e-05 
329 8.70076e-05 1.00816 0.0132983 0.0281952 0.00761696  -0.000205289  -0.00361978  -0.0071744  0.00407748  -0.00119651  0.000493807  0.00190166  0.0046447  -0.00327408 
330 3.34851e-05 0.786553 0.00619522 0.0266076 -0.00254806  0.0032632  0.00313768  -0.000632201  -0.000175416  0.00188223  -0.00074923  -0.00148924  0.00212854  0.000333876 
332 6.82159e-05 0.686991 0.00714306 0.0259707 -0.000810599  -0.00121615  0.000680571  0.0026533  0.000664548  -0.000477407  0.00250377  -0.00582903  -0.000655652  0.000195295 
336 -0.00026303 0.0267055 0.0223166 0.0246224 -0.00820356  -0.0031624  -0.0136432  0.00277475  -0.000655517  0.00346703  -0.0102225  0.00513122  0.00676988  0.0061469 
338 -0.000337928 -0.0596874 0.0275073 0.0294844 0.00862941  0.00894275  0.0079584  -0.00449502  0.00814124  0.0143039  0.0118322  0.00919399  -0.00333425  0.00348457 
339 -1.27219e-05 -16.8565 0.0297176 0.0347464 0.0020859  -0.00953993  0.0166483  0.00682497  -0.000962676  0.00293947  -0.0105951  -0.0171259  -0.00204377  -0.00668807 
342 0.000126949 0.513598 0.00262924 0.034929 -0.000522972  0.000469889  0.000140117  7.0997e-05  -0.000179627  -0.00224154  -0.000920574  3.12223e-05  0.000662182  0.000224093 
344 -0.000458795 0.145997 0.0254924 0.033062 0.00685331  0.00869788  -0.00616991  -0.00411948  0.00132164  -0.00436002  0.00524644  -0.000542128  -0.0203908  0.00280025 
346 8.96828e-05 0.590241 0.00568988 0.0393954 -0.00160969  0.00360328  -0.000896711  0.00141382  -0.00293037  -0.00229538  0.000281905  8.83118e-05  0.000133153  -0.00019037 
351 0.000171406 2.05936 0.0326942 0.0382403 -0.00560668  -0.0243784  0.00822103  0.00403645  0.00307838  -0.0173821  0.0059957  0.00290094  0.00178826  -0.000339397 
353 0.000128454 0.577798 0.00632292 0.0359295 -0.000905729  0.000438363  -0.00034298  0.00273112  0.00162219  0.00299095  0.00162504  -0.00215107  0.00249458  0.0025144 
355 -9.90582e-05 0.42766 0.00535441 0.0340952 0.00280151  -0.000729385  0.0026957  0.00204624  0.000545352  0.000109669  -0.00070519  -0.000336173  -0.00100809  0.00262667 
357 -0.000114847 0.388613 0.00715396 0.0355182 -0.00413461  0.00134412  0.00368694  -0.000785207  0.00252248  0.00103475  -0.0014576  -0.000791741  0.000384148  0.00278115 
360 -7.90655e-05 -1.31961 0.0239887 0.0370998 0.00907881  0.00248439  -0.0117624  -0.0015184  0.00381265  0.000285901  -0.00964207  -0.00142997  -0.000998577  0.0153484 
362 -1.88072e-05 0.493844 0.000680632 0.0381506 3.26792e-05  0.000101302  -2.79877e-05  0.000115223  0.000346965  -0.00033198  -0.000220643  0.00013747  -0.000361552  9.47278e-05 
365 0.00041823 0.560329 0.0100494 0.0383963 0.000288332  0.00614171  0.00068726  -0.00319405  -0.00389982  0.000945769  -0.000436278  0.00291263  0.00233621  -0.00472 
367 2.67706e-06 30.0284 0.0177816 0.0324982 -0.00272825  0.00123945  -0.00588488  0.00120311  0.00301787  -0.00139888  -0.00125826  0.0140345  0.00519431  0.00587624 
368 -6.55691e-05 0.37055 0.00582708 0.032457 -0.00149914  -0.00141982  0.00295903  -7.74527e-05  0.000780006  -0.00250052  0.000108479  -0.0029765  -0.00227814  8.61846e-05 
369 0.000249711 1.01728 0.0227292 0.0334518 -0.0148525  0.00409231  -0.000284515  -0.00133109  -0.00854996  0.000723797  -0.00623461  -0.00416894  0.00548916  -0.0108358 
370 0.000286515 0.553296 0.00781744 0.0294847 0.00244523  -0.000382772  -0.00150339  0.00251626  -0.0034859  -0.00183456  0.00294766  -0.00291063  0.00269419  -0.00254139 
373 -1.95334e-05 -0.145769 0.00710329 0.0241427 0.000562633  0.000657593  -0.00134786  0.0043226  0.00129559  0.000591056  -0.00234819  0.00155045  0.00191295  0.0039498 
374 -9.88953e-05 -1.47788 0.027971 0.0245439 -0.00426886  -0.00160299  0.000813918  -0.0117477  0.00857615  0.0102931  0.0114368  -0.000318327  0.0110792  -0.0137756 
379 3.21242e-05 0.540441 0.00227969 0.0264822 0.000549933  0.000630249  -0.000595501  0.00070606  0.000274296  0.000397948  -0.00102988  -0.000864835  0.000847518  0.000940053 
381 -3.52939e-05 0.386113 0.00400986 0.0258685 -0.0012495  -0.00154027  -0.00219223  0.00031026  0.000861934  -0.00123364  -0.00111988  -0.000228197  0.000139419  0.0019112 
382 -0.000195199 0.338874 0.0112177 0.026542 -0.00150779  0.000555578  0.00385969  0.00439133  -0.00108994  0.00617243  0.00178719  -0.00630167  -0.000445803  0.00258497 
383 -0.000139725 0.44788 0.0053983 0.0299949 -0.0020522  -0.000527226  0.00243837  -0.000836384  0.000395713  0.000235786  -0.00319465  0.00189613  0.00108522  0.00167809 
384 0.000207025 0.58782 0.00852862 0.0322402 0.00258428  0.00455122  -0.00165509  -0.00182154  0.00323534  -0.00469367  -0.00177299  -0.00106773  -0.00158165  -6.99403e-05 
387 -8.42582e-05 0.138673 0.0110357 0.0288518 0.000641621  -0.000674596  0.00635323  -0.00152781  0.00322387  -0.00551316  0.000246709  0.00148889  -0.00298932  0.00512049 
389 0.000101643 0.581467 0.00575548 0.0302768 0.00253667  -0.00267615  0.000375439  -0.000204631  -0.00265103  0.00263541  -0.000201306  0.000963947  0.000239723  -0.00208464 
391 -0.000319863 -0.0190535 0.0257722 0.0285491 -0.000657525  0.0013306  0.0100884  0.0061998  -0.0107045  -0.0048837  0.0151214  -0.0104699  -0.00620401  -0.00256658 
392 0.000306637 0.583189 0.0101027 0.0336892 0.00083198  0.000504648  -0.00322311  -0.00220702  0.00274996  0.00020968  -0.00370315  0.0025364  0.00756602  0.000927856 
396 0.000252139 2.72467 0.0473585 0.0287815 0.0207038  0.0138116  -0.0184631  0.0153489  -0.00951547  -0.0184116  -0.00333607  0.0202533  0.000935226  -0.0139718 
399 -0.000220309 0.293684 0.0134853 0.0240055 -0.00182864  0.00166913  -0.00268771  0.00958308  -0.000792625  0.000563226  0.00410668  -0.006402  0.00315111  0.00281753 
402 2.27155e-07 0.500127 1.07311e-05 0.0282241 -1.03136e-06  -5.8792e-06  -2.27288e-08  -2.61896e-06  1.78433e-06  -2.03504e-06  2.03971e-06  -1.11189e-06  6.22049e-06  4.6099e-06 
409 6.11879e-06 1.18312 0.00408893 0.0282201 -0.000904266  0.00180997  -0.000171285  -0.000479313  0.000127797  -4.25487e-05  -0.00151535  -0.00303498  -0.000418149  0.00081619 
410 2.73302e-06 1.83418 0.00381907 0.0281114 0.000280549  -0.000724205  -0.000316825  0.000114333  0.0023336  -0.00193514  0.00109728  0.00118453  -0.000601115  0.00130756 
412 -0.000196102 -1.36847 0.0382823 0.0280628 0.00546034  0.00234663  0.0102209  -0.0149651  0.012347  0.0203152  -0.0073571  -0.00254268  0.0217883  0.00114658 
413 0.000368247 0.830674 0.0220687 0.031363 -0.0102833  -0.00930672  -0.000355225  -3.48093e-06  -0.00389078  -0.000917969  0.00786642  0.0121609  -0.00640577  -0.00526862 
414 -0.000489526 0.296489 0.0199673 0.0248085 0.00296154  -0.00665399  -0.00729503  0.000144738  -0.00527931  0.00486443  0.0113728  0.0095184  -0.00439838  -0.00126033 
415 -0.000726493 0.330248 0.0222195 0.0332431 0.00916574  0.00524255  -0.0023429  0.00290539  0.0113538  -0.00365246  0.00242396  0.000941336  0.0135839  0.00589482 
416 -1.64143e-05 0.480571 0.0011295 0.0428003 -0.00019662  -0.000860667  -0.000229014  -0.000163043  -8.27658e-05  -0.00031165  0.000533442  8.78278e-05  0.000141014  -3.46203e-05 
417 -6.22119e-05 -0.884129 0.018559 0.0429916 0.00344383  -0.00450912  0.00773849  0.00321043  -0.00150804  -0.00643535  -0.0107284  0.00899598  -0.0013559  -0.000706944 
420 0.000414349 0.583122 0.0117397 0.0437092 -0.00165521  -0.000731185  -0.00233897  -0.0087535  -0.00401597  0.00319734  0.00118885  -0.00480138  -0.000841306  0.000962713 
423 7.32373e-05 0.863591 0.0103204 0.0386811 0.00419732  0.00812201  0.00156494  0.000972566  -0.000195814  0.000473444  -0.00203231  -0.000619869  -0.00382448  -0.000357642 
424 0.000278113 0.664493 0.0135278 0.0377226 -0.0066833  -0.00756901  -0.00089534  0.00186079  0.00675575  -0.00318015  0.00255996  -0.00115623  -0.00295518  0.00209827 
425 -3.71347e-05 0.351091 0.00470316 0.0338367 0.000636438  0.00181069  0.00159682  -0.00116344  0.000111891  0.00347027  0.00129459  -0.000108523  -0.00080653  -0.00037304 
429 0.000139513 0.521087 0.00343167 0.034381 -0.00193094  0.000592191  -0.000252678  -0.00020614  -8.32e-05  -0.00172083  -0.00106674  -0.000334898  -0.0016925  -0.000712736 
430 -9.96805e-05 -5.15721 0.0474882 0.0322886 -0.00738105  -0.00142338  -0.00196527  -0.00912041  -0.0067059  -0.0068487  0.015485  -0.0325248  -0.0236307  0.0127927 
434 1.56924e-05 2.48906 0.0111736 0.033797 0.00470449  0.00363303  0.00373229  -0.00296661  -0.000417965  0.00295423  -0.00527122  -0.000448348  -0.00538494  0.00094915 
435 0.000122749 0.521713 0.00326618 0.033564 0.000916375  -0.00063557  0.000867423  0.00128212  -0.00107031  0.000230017  -0.00225807  0.000641422  0.000288753  0.000485573 
437 -9.96947e-05 0.42783 0.00536527 0.0316828 -0.00225929  0.00189653  -0.00101086  0.000598785  -0.000291168  -0.00141752  -0.00110176  -0.00146613  -0.00354346  0.000831204 
438 -4.84538e-05 0.455705 0.00293025 0.033219 5.50599e-05  -0.000215044  0.00202754  -0.00122688  -0.000794882  -0.000620742  0.000943104  -0.00029414  0.00064642  -0.000714111 
442 4.65427e-05 0.640987 0.00512329 0.0339405 -0.00315465  -0.00167835  0.000301458  0.000364881  0.00083703  0.00110847  -0.00019469  -1.06601e-05  -0.00172295  -0.00288435 
443 0.000600082 0.814164 0.0274587 0.0332478 0.00576159  -0.000377883  0.00106904  0.0141132  -0.00415496  0.00207941  -0.0172981  0.00767977  0.00947599  0.00712262 
445 -7.53812e-05 0.314736 0.00747437 0.0224836 -0.00425437  0.00047704  0.000625856  -0.00520644  -0.000444388  -0.0001683  0.00046437  -0.00167501  0.000269314  0.00259242 
451 3.73553e-07 0.784708 0.000652238 0.0241018 -3.0855e-05  0.00027516  -0.000133681  8.83961e-05  0.000353196  -0.000192461  -2.32069e-05  0.000363443  -0.000116541  0.000122738 
454 2.79682e-05 0.548123 0.00232034 0.0240941 0.000345467  -0.000413271  -0.001533  -0.000434473  0.00066389  0.000493865  0.00083529  0.00025895  -0.000894855  -0.000552112 
457 -4.5719e-05 0.422795 0.00375769 0.0235065 -0.000843299  -0.00221298  0.000592865  0.000542522  -0.000874749  -0.00179192  0.00159827  -0.000564258  0.000486968  0.000883089 
458 -0.000280056 0.32965 0.0138163 0.0244597 0.000182738  -0.00298575  0.000500218  -2.87331e-06  -0.0095922  -0.00361696  -0.00807227  -0.00316819  -0.000558112  0.00104409 
460 0.000165042 0.976094 0.0177279 0.0296373 -0.00036229  0.00220559  -0.00973766  -0.00371756  0.00710432  0.00544636  -0.00952754  0.000524497  -0.00299747  -0.00452443 
461 -0.000512623 0.334937 0.0184028 0.0267085 0.00491371  -0.000171198  0.00522122  -0.00619204  -0.00309125  -0.0071487  -0.00307648  0.00145606  -0.0110939  -0.00731908 
462 0.000746359 0.647729 0.021003 0.0350157 -0.00211633  -0.00846819  0.00201183  0.00818874  0.00448511  0.0019551  0.00989017  0.00178889  0.00746327  -0.0106385 
465 4.03412e-05 1.1831 0.0104989 0.0219093 -0.00173986  0.000461647  -0.00225962  0.00870816  -0.00109582  0.000295904  -8.05063e-05  0.000991478  0.00233623  -0.00427925 
466 -5.5149e-05 -1.74181 0.0222378 0.0209685 0.00379841  0.00109766  -0.00984097  0.000872132  -0.000787274  0.00923363  0.0116089  -0.00456335  0.0106586  -0.00511889 
467 -0.000135025 0.436436 0.00586022 0.0222447 0.000689414  0.000251383  -0.00212953  0.00335497  -0.00144814  -0.00259498  -0.00107881  -0.00124514  0.00216435  -0.0013354 
468 -0.000170784 0.284035 0.0121473 0.0250971 -0.00650674  -0.00122039  0.00320485  0.00528543  0.00262155  0.00312684  -0.00123639  -0.00366259  0.00563884  -0.00146098 
469 1.99226e-06 0.504859 0.000196778 0.028296 -7.5019e-05  -0.000100574  -4.58733e-05  -2.96989e-05  3.91039e-06  -7.61703e-05  6.40633e-05  8.54644e-05  -5.24788e-05  3.5573e-06 
470 -0.000240132 0.214185 0.0165706 0.0282607 0.00830646  0.000676022  0.00241029  2.64353e-05  -0.00834596  -0.00386443  -0.00607798  -0.000483297  0.00815296  0.00332962 
471 0.000244038 0.534578 0.00581195 0.0322309 -0.000884622  -0.00120371  0.000937581  -0.00363363  0.00158542  -0.000613653  0.000804596  -0.000427948  -0.00319535  0.00187992 
472 -8.53409e-05 0.200471 0.0101121 0.0281926 0.00346975  0.00419067  -0.00567085  -0.00180756  0.000543384  0.00572795  -1.98153e-05  0.000594976  0.00189564  0.000419453 
473 -0.000119517 0.418984 0.0062242 0.0296676 0.000450449  0.000127614  -0.00108401  0.000547215  -0.00197128  0.00232135  0.00458982  0.000574637  0.00122548  0.0022077 
476 -0.000112993 0.44247 0.0051 0.0316179 0.000364445  -0.000506938  -0.00108282  0.00190846  -0.00380088  -0.00116527  0.000648339  0.00171509  -0.00116489  0.000531105 
477 -0.000222201 0.31291 0.0128968 0.033357 -0.00426861  -0.0037475  -0.00603267  0.000489012  0.000634967  -0.00776704  0.00283744  0.00131501  0.00442676  -0.00270605 
481 0.000484243 0.953924 0.0296487 0.0365365 -0.00804551  0.0146223  0.00646024  -0.0140924  0.00923916  -0.000671845  0.00683791  0.00165658  -0.0106983  -0.0105075 
482 5.98025e-06 4.51821 0.00980399 0.0291683 -0.0068482  -0.00389545  -0.00108309  0.00335537  0.00128076  0.00219596  0.00227452  0.00234968  -0.00141581  0.00156616 
483 -3.81287e-05 0.491186 0.00115975 0.0290656 0.000644448  6.04792e-05  -0.000297276  -0.000250207  -0.000464309  -0.000165042  0.000403017  -0.000276568  -2.79047e-05  -0.000540886 
489 -0.00016942 -0.595166 0.027243 0.0297143 -0.000399827  0.00692557  0.0106568  0.00141947  0.00133875  -0.00194982  -0.0115114  0.0177863  0.0100823  -0.00472919 
493 8.10383e-05 0.751151 0.00902278 0.0324403 0.00507391  0.000423009  0.00184949  -0.00024295  0.00387872  -0.000654623  0.00165004  0.00033391  -0.00550468  -0.00184359 
494 0.000454667 0.609338 0.0141033 0.0311663 0.0050596  -0.00325125  -0.00614755  -0.00612157  -0.00134137  -0.00118288  -0.000908169  -0.00433598  -0.00195109  0.00779974 
497 -0.000478628 0.381959 0.0150384 0.0227327 -0.00610668  -0.00432016  0.000206822  0.00514409  -0.00347995  -0.00689086  0.00165477  0.00585508  0.0052247  -0.00444763 
499 -1.74084e-05 -3.49803 0.016685 0.0315518 -3.93674e-06  -0.0037642  0.0018131  -0.00315557  0.0142962  -0.00137648  0.00124308  0.00511865  -0.00288289  0.0029399 
501 -1.77585e-06 0.187749 0.00148931 0.0318265 -0.000289892  0.000588722  2.43162e-05  -0.000755595  0.000517896  0.000258735  -0.000892589  0.000233938  -0.000128377  -0.000113225 
