generation s h r distopt trait[0] trait[1] trait[2] trait[3] trait[4] trait[5] trait[6] trait[7] trait[8] trait[9] 
2 -0.000242397 0.239989 0.0158794 0.02 0.0058564  0.0013174  -0.00556101  -0.000637665  0.00574772  0.00210589  -0.00510488  -0.0067931  0.00744695  -0.00443372 
3 0.000106012 0.886601 0.0128036 0.04281 0.00338185  -0.00353072  -0.000981305  0.000806283  -0.00193574  0.00290165  -0.00993699  0.00240173  -0.00354975  -0.0030225 
5 0.00300534 0.957287 0.0740925 0.0785135 0.0105028  -0.0508444  -0.00640395  -0.0234007  0.0153143  -0.0340453  -0.00049288  0.000859755  -0.0100899  0.0266315 
6 -0.000545059 0.475964 0.00725022 0.0671504 0.000814698  0.00218634  0.000714318  -0.00260893  0.00245772  -0.00149362  0.000163701  -0.00517635  0.00208519  0.000603682 
8 0.000163101 17.691 0.105825 0.101478 0.006731  -0.039843  -0.0355959  -0.0133761  -0.061236  0.0314267  0.00420928  -0.0153634  -0.0315906  -0.0461614 
10 0.00629268 0.63524 0.0584093 0.123935 -0.00224737  -0.0474769  0.027705  -0.0121369  -0.00238042  -0.0122368  0.00153104  0.00884362  -0.000981865  -0.00086081 
11 0.00339061 0.681553 0.0496297 0.105301 0.00878221  -0.00714134  -0.00922905  0.0219037  0.0172133  0.0238871  0.0175876  -0.0191819  0.00219964  0.014867 
13 0.00193238 0.621702 0.0306845 0.11564 0.0152776  0.000244473  0.00885206  -0.00262856  0.0137392  0.0123877  0.00805089  0.00805479  0.0107149  0.00600663 
14 0.000598081 0.803829 0.0269584 0.123807 -0.00668353  -0.00347818  0.011833  0.011552  0.00284799  -0.0122473  -0.000489994  -0.0101852  -0.00995384  -0.00594584 
19 0.00337931 2.09751 0.146647 0.214088 -0.0204802  -0.047077  -0.0285451  0.0487438  0.0371611  0.0608506  0.0378129  0.059693  0.0725695  -0.0183233 
20 0.000691651 0.512457 0.00588993 0.222427 0.00209035  -0.000886301  -0.00229042  0.00024064  -0.00417767  -0.00153005  2.86815e-05  0.000821339  0.000271824  -0.00192067 
21 0.0195189 0.583093 0.0812805 0.237782 -0.00846198  -0.0671612  -0.0108881  0.0205615  -0.0270429  -0.00148157  -0.020775  -0.0067756  -0.00828195  -0.0142601 
25 0.0064377 0.526996 0.0267107 0.257317 0.00494786  -0.0134118  -0.0132466  -0.00924213  -0.00696471  -0.00333844  -0.00230975  0.00730584  -0.0113618  0.000871764 
27 0.000450594 13.9694 0.155557 0.279209 0.00563512  -0.0309577  -0.00681866  -0.0721004  0.0213065  0.0450314  0.0252857  -0.101071  -0.0280356  0.0619715 
28 0.0141558 1.10948 0.184989 0.294166 0.0528006  -0.0701624  0.0699515  -0.11682  0.0163821  -0.00788241  -0.0570268  -0.00987558  -0.00573541  0.0652466 
30 0.00696903 0.736013 0.0810865 0.293966 0.0250693  0.0262907  0.00258086  0.0478886  -0.00860338  -0.0130353  0.00412137  0.0412207  -0.0112371  0.0294791 
31 0.0172405 0.603097 0.0847875 0.297316 0.0151124  -0.0353622  0.0386827  0.00688566  -8.74562e-05  0.0225265  0.0245659  -0.0191035  -0.00216233  -0.051824 
32 0.0230309 1.18799 0.249865 0.281968 0.0247648  -0.149513  -0.0145351  0.127079  0.0796854  -0.0723288  -0.0109988  -0.0619042  -0.0266623  0.0828214 
33 0.0266298 0.672277 0.135699 0.244348 0.00105267  -0.0466694  -0.0328834  -0.0550593  -0.0445175  0.0268179  -0.0701071  0.045609  0.0434228  -0.0232476 
36 0.0036276 3.57508 0.210476 0.204184 0.0949035  -0.0514627  0.0165449  -0.00715434  -0.031615  -0.0401679  -0.0658818  -0.0309187  -0.0421783  -0.150439 
41 0.0104616 0.705308 0.0926913 0.230204 -0.00198231  -0.00320794  -0.0529317  0.0413455  -0.032264  0.0192924  0.0387276  0.0291582  -0.0172785  0.00212383 
43 0.00138095 3.40326 0.126471 0.23227 0.0171573  -0.0165311  0.0658259  0.074462  0.00676498  -0.00117437  0.0100313  0.0528004  0.00647945  -0.0507148 
44 0.00375826 0.512386 0.0138883 0.242145 -0.00307549  -0.00925787  0.00266199  0.00286331  -0.00119161  0.00358022  0.00586013  -0.000976495  0.00572033  -0.000422987 
46 0.000336387 0.728736 0.0175433 0.262224 0.010832  -0.00249936  0.00670807  -0.00779676  -0.00492093  -0.00207969  -0.00600379  -0.00353515  -0.00105819  -0.000446433 
48 0.0400001 0.86248 0.239225 0.291695 0.0519775  -0.128852  -0.0769384  -0.0309476  -0.0956166  -0.0528992  -0.0144607  0.05673  0.00511821  0.12511 
49 0.0022595 0.592439 0.0289306 0.223335 -0.00427521  -0.0115266  -0.00454948  0.00628079  0.000861409  0.0124851  0.000547954  0.0176454  -0.00153151  -0.0124526 
50 0.0143887 0.573405 0.0655325 0.228111 -0.0402658  -0.0185475  0.00410676  -0.00327067  0.0109655  -0.0290205  0.0164944  0.0128171  0.0297335  -0.00433036 
56 0.0114659 0.527499 0.0363156 0.281472 0.010683  -0.0271086  0.00899892  0.00980889  -0.00528551  -0.00465687  -0.00346865  -0.00571533  0.0139396  -0.00199741 
57 0.0257087 0.735949 0.155585 0.276371 -0.0942294  -0.0681493  0.0262834  -0.0499305  -0.00758863  -0.00557993  0.0536243  -0.0644451  -0.0191367  -0.00394673 
58 0.000722941 0.503194 0.00308134 0.242269 -0.000558595  -0.00105565  0.000448003  9.10615e-05  0.000982065  0.00108396  -2.64895e-06  0.000687592  0.0021523  -0.000784013 
60 0.0244211 0.622748 0.110088 0.27513 0.0568907  -0.0678712  0.0413458  -0.014074  -0.0331218  -0.0259787  0.0158768  0.0145746  -0.00401917  0.0107822 
61 0.0190715 0.799764 0.150885 0.241702 0.00564309  -0.0905724  -0.0772073  0.0114658  0.00180078  0.0230136  -0.033448  0.0577374  0.0538774  0.0234649 
62 0.0235806 0.67659 0.129229 0.208857 0.0303935  -0.0366014  -0.0170553  0.0236977  0.0565034  0.0355468  -0.0100885  -0.0844454  -0.0340711  -0.0270987 
65 0.0023303 0.800508 0.0529109 0.179465 0.00280504  -0.0148028  -0.015742  -0.0382486  0.00203945  0.000803586  0.019772  -0.00415455  -0.00964646  0.0188616 
67 0.0256201 0.707024 0.145646 0.201512 0.0657424  -0.0859038  0.0112583  -0.00522215  0.014578  -0.0215317  -0.00531791  0.0453607  0.0676557  -0.0449219 
69 0.0029862 0.61018 0.0363091 0.14573 0.000105097  -0.00792319  0.00597982  -0.00160096  1.85441e-05  -0.00295834  0.0184709  0.0189629  -0.0163541  0.0155004 
73 0.0172872 1.02943 0.19047 0.196168 0.0516118  -0.108692  0.00909069  -0.0474205  0.0485928  0.10089  0.0592466  -0.00738732  -0.00535071  -0.0577598 
78 0.00749246 0.608983 0.0572761 0.202375 -0.0127482  -0.0231891  0.0123062  -0.0135688  -0.0178439  -0.0379428  0.00534714  0.0208952  0.00443162  0.00136222 
80 0.0156966 0.96232 0.169763 0.213093 0.0081394  -0.0627743  -0.0223429  0.0688687  0.10168  0.0183283  -0.0327649  -0.0375211  -0.0785282  -0.0157393 
82 0.00269442 0.669112 0.0427012 0.19983 -0.0150004  -0.00960227  0.00542088  0.00149283  0.00509673  -0.0199194  0.0128733  -0.00352546  0.0241319  -0.0170675 
83 0.00469807 0.75934 0.0697869 0.208025 0.0170394  0.00362562  0.0306811  0.00432971  0.00784998  0.0100657  -0.0392455  -0.00441085  0.0376892  0.0215306 
84 0.00726428 0.902555 0.108 0.213036 0.0149828  -0.0289057  -0.0190269  -0.000982148  -0.0577521  0.00897005  0.0277411  0.0551623  -0.0523363  -0.016544 
88 0.0279579 0.768209 0.172778 0.261241 0.0207468  -0.135179  0.00368066  0.0438681  0.0249066  0.0219452  -0.021857  -0.0512105  -0.0686039  -0.0173666 
90 0.00713065 0.55075 0.0383061 0.222817 -0.0021769  0.00410829  0.0208371  -0.00892048  -0.00993769  -0.00951654  -0.00933383  -0.0106487  0.00336488  0.0230395 
92 0.00223822 1.0674 0.0712286 0.234689 0.0247214  0.00366342  0.00994198  0.0239671  0.000355684  -0.03383  -0.0453301  0.017963  0.0142365  0.00713635 
94 0.0106166 0.754879 0.103961 0.261442 0.0629006  -0.0379612  -0.0317005  0.00561254  0.0472982  -0.0126577  -0.0195773  -0.0152615  0.0306126  0.0205757 
95 0.014851 1.51449 0.243898 0.254219 0.0108919  -0.165546  -0.0202293  -0.122343  -0.00371815  0.0520494  0.0215391  -0.103688  -0.0489917  0.0157116 
96 0.00660066 0.89107 0.101488 0.225861 -0.0229503  -0.0465964  0.0102079  0.0238498  -0.0426442  0.0288171  -0.0442909  0.0462343  -0.00372719  -0.0129087 
97 -0.000236703 0.497749 0.00146953 0.211657 0.000125926  3.41174e-05  -0.000488542  0.000874406  0.00041611  0.000869109  -0.000111282  0.000357608  -0.00010883  -0.000242141 
99 0.00440849 0.512265 0.0150158 0.219464 -0.00748768  -0.00126684  0.00536196  0.00059202  -0.00334349  -0.00862373  0.00572397  0.00387874  0.000101265  0.00231025 
101 0.00547124 1.01038 0.10554 0.223947 0.0483479  -0.0195531  0.076911  0.0282991  -0.0304177  0.014073  0.0202424  -0.00961531  0.000681412  -0.00875556 
102 0.0245268 0.859023 0.18692 0.211414 -0.0164147  -0.0603605  -0.0647761  -0.0412832  0.0590802  -0.0228452  0.0959147  0.0189604  0.107483  -0.0014114 
104 0.00745201 0.895494 0.108423 0.143056 -0.0241001  -0.0237038  -0.0140777  0.0441605  -0.00869627  -0.0559458  0.0360567  0.0622928  -0.00596931  -0.00654256 
108 0.00545768 1.10088 0.114348 0.114196 0.0298124  0.0209398  0.00268143  -0.0355357  -0.0708034  -0.0431756  -0.0326152  0.0358931  0.0149236  0.0320329 
109 0.00198345 0.850165 0.0526914 0.0871652 -0.00803721  -0.0156592  0.0373362  -0.011704  0.0161144  -0.00364148  -0.0243116  0.00286633  0.00777736  0.00170396 
111 2.77208e-05 0.501308 0.000381295 0.0749419 -6.82298e-05  -0.000168377  0.000237607  0.000129282  -7.28512e-05  -5.49485e-05  7.15984e-05  -0.0001012  7.95879e-05  9.58137e-05 
113 0.000793204 0.806969 0.0312052 0.0747567 -0.000515969  0.00786441  -0.00570151  -0.00568857  0.00262607  -0.00937814  0.00375038  -0.0207742  -0.00355054  0.0171376 
117 0.000620508 0.65429 0.0195706 0.0692509 -0.00102518  0.00217985  0.00664127  0.0011034  0.00632149  0.00493833  0.00129818  -0.0085795  0.00703138  -0.0119499 
119 5.54264e-05 0.60328 0.00478524 0.0646171 0.00069599  -0.00046441  0.00113179  -0.00191365  -0.00176076  0.00277714  -0.00126238  -0.000562437  -0.00199847  0.000734066 
121 0.000881527 1.0123 0.0424926 0.0641868 0.0142453  0.00757083  0.0103708  0.0250399  0.0107418  0.00962154  -0.0163403  -0.00707533  0.0151371  0.00752788 
122 0.000482252 0.535774 0.00831313 0.0569105 -0.00196325  -0.00432883  0.00282144  0.000459328  -0.00172872  -0.000276741  0.00188744  0.00245148  -0.00500478  -0.000811519 
126 0.000133078 0.831352 0.0132807 0.052504 0.00419918  -0.00426899  0.00330302  -0.00206391  -0.00723968  0.00468183  0.00238244  -0.0024762  -0.00147469  0.00608559 
127 0.000444836 0.607004 0.0138003 0.0512211 -0.00286857  0.00433546  -0.00498256  0.00531622  -0.000974011  -0.0070596  0.00754881  0.000227874  -0.0011793  -0.00105914 
130 0.000527831 0.640023 0.0171954 0.0466783 -0.00871106  -0.00714222  0.00429513  -0.00304521  -0.00426797  -0.00620254  0.00140987  -0.00546373  -0.0071448  0.00122179 
134 2.65453e-05 0.555777 0.00243367 0.0406346 0.00112478  -0.000896556  0.00111141  0.000452697  -0.000847603  -0.00018668  0.000194257  -0.000765965  -0.000947339  -0.000372102 
135 0.000309452 1.14949 0.0283512 0.0403066 -0.00481357  -0.0066558  -0.00494292  0.00712555  -0.00092767  -0.00884534  -0.00881015  -0.00688947  -0.0114103  -0.0180758 
137 -0.000620687 0.385521 0.0168669 0.0362659 0.00311065  0.00135101  0.00145283  0.0043854  -0.00763847  -0.010185  -0.000665653  -0.00719271  0.00535663  -0.00294898 
139 9.10776e-05 0.553087 0.00439811 0.0440011 0.000998401  0.00144697  -0.00178006  -0.00088237  0.00125508  0.00104004  -0.00144277  0.00131801  -0.00148231  0.00190598 
140 0.000982549 1.41549 0.0599597 0.0429538 -0.0231921  -0.00729159  -0.0199889  0.0215405  0.00318575  0.0401619  0.00199393  -0.0162489  -0.00910464  0.0129055 
141 -5.93955e-05 0.480223 0.0021681 0.0293761 -0.00130731  -0.000610681  -0.000526829  -0.000378518  0.000725926  0.000108666  -0.00105295  8.53306e-05  0.000168935  0.000717298 
146 5.25633e-05 0.814168 0.00812736 0.0303703 0.00179352  -0.00147319  0.00345389  -0.00432243  -0.00054956  0.00455145  -0.00101697  0.00134404  -0.00200056  0.00148104 
149 1.4019e-05 1.80019 0.00853863 0.0294923 0.000262348  0.00287963  0.00291421  0.00175898  0.000238968  -0.00220278  -0.00470111  -0.000248945  0.00152514  0.00485414 
155 0.000220163 0.982651 0.0206156 0.0292536 0.00697426  0.0104744  0.00308335  -0.00949823  -0.00543431  0.00273406  -0.003777  0.00958673  0.000735011  -0.00481733 
156 2.774e-05 0.531126 0.00185852 0.0252118 0.000578165  0.00010728  0.000974785  0.000735367  -7.1081e-05  -0.000776075  -0.000659233  0.000709166  -9.71518e-05  -0.000251107 
158 1.29262e-05 2.42379 0.00997335 0.0246555 0.00343379  -0.00195434  -0.000665346  0.00515637  0.000329365  0.00262351  0.00516232  -0.00367005  -0.00289846  -0.00114682 
161 0.000152231 1.81683 0.0283146 0.024392 0.00709256  -0.00332693  0.000776965  -0.00566242  0.00216411  -0.0239578  0.00440034  0.00299408  0.00880998  0.00480336 
166 -7.09077e-05 0.125453 0.0103072 0.0210416 0.00380542  -0.000335622  0.00156437  0.00544943  0.00475319  -0.00223999  0.00356486  0.00290584  -0.00168215  0.00281219 
168 6.30346e-05 0.552381 0.00363439 0.0226641 -0.00300175  0.00107715  -0.00102991  0.00067229  -0.000240182  -0.000183455  0.000730039  -0.000642038  0.000670143  0.000199325 
173 0.000135521 0.638266 0.00865769 0.021228 4.76191e-05  -0.000413085  0.00446297  0.00457027  0.000416362  0.00491442  0.00269026  0.00122119  -0.00038783  -0.000879246 
175 -0.000369218 0.345297 0.0151189 0.0177515 0.00316202  -0.00576199  -0.00766676  -0.00245928  0.0044604  0.000868244  0.00319878  -0.00582723  0.00745234  0.000423181 
179 -0.000896048 0.0202852 0.0414752 0.0261611 -0.0122107  0.0151026  -0.0145631  -0.00657818  -0.0176803  0.0194893  0.0131394  -0.00567587  0.00729928  -0.0117084 
180 -4.9755e-05 0.205741 0.00765283 0.0397599 0.00220939  0.000183231  -0.00213625  -0.00232486  -0.00210803  -0.00182586  -0.00391583  -0.00255225  -0.0024778  0.00281381 
182 -4.64851e-06 -30.019 0.0238209 0.0403808 0.0123145  -0.0011215  0.00862841  -0.0048771  -0.0121474  -0.00300857  -0.00788472  0.00741831  -0.000901639  -0.00645516 
183 -0.000437546 0.179572 0.0236852 0.0404383 -0.00126905  -0.00775627  0.00387536  0.00716598  0.00237601  0.019271  0.00095717  -0.00725792  -0.00144772  0.000379045 
184 -0.00038138 0.322885 0.016441 0.0455291 -0.00206218  -0.0033106  0.00852458  -0.00419362  0.00502573  0.00186943  0.00198745  -0.00488591  0.00777441  -0.00691548 
185 -0.000200003 0.250043 0.0141422 0.0495414 0.00220188  -0.00310689  0.00388246  -0.000434857  -0.00490788  -0.00561228  0.00407437  -0.00364091  -0.007402  -0.00547795 
188 0.000272832 0.746964 0.0164168 0.0515206 0.00393008  0.000744734  0.00631066  0.00289175  0.010079  -0.00627566  -2.89113e-05  -0.00137553  0.00720613  0.00324552 
189 0.0007275 1.26443 0.0471523 0.0488014 -0.0131685  -0.0155646  -0.00721816  -0.0032398  -0.00504895  -0.0312763  0.000129456  0.00687593  -0.013249  0.0227716 
193 -5.16386e-05 0.379336 0.00499255 0.0406736 -0.00119283  0.000991872  0.00337154  -0.00181261  0.000243556  -0.000516304  4.33421e-05  -0.00154733  0.000695286  -0.00215885 
194 4.08103e-05 0.593669 0.00391038 0.0413036 0.000393534  0.00263233  0.000265981  -0.00198381  -0.000880196  -0.000526511  -2.09525e-05  0.000520795  -0.000586991  -0.00159141 
198 -0.000552946 0.117054 0.0291083 0.0408065 -0.0156525  -0.00208547  0.00579694  -0.0151627  -0.00221138  0.00569058  -0.00425885  0.00653004  -0.00802102  -0.0131164 
199 -9.29435e-05 -15.2179 0.0764167 0.0470985 1.42612e-05  0.0482673  -0.0254343  0.0224199  0.0158801  0.00304907  0.00380027  0.0448412  0.00843911  0.00153491 
201 -0.000161893 0.0784808 0.0165224 0.0480752 -0.00419608  -0.00325374  0.00731031  -0.000335783  0.0077238  -0.00810856  -0.00638691  0.00475213  -0.000134887  -0.00156311 
204 -0.00026193 -0.104627 0.0251704 0.0497305 -0.00464803  -0.00833147  0.0149943  -0.00932461  -0.00407265  0.00369935  -0.00673355  0.00229773  -0.00734588  -0.0097928 
207 0.000187802 1.03934 0.0201274 0.0522981 0.00680391  0.00780756  0.00363347  -0.00586377  0.00700967  -0.00517665  0.00404979  -0.0089367  0.00476902  0.00743867 
210 -0.000893087 0.254473 0.0296277 0.0504709 0.00368213  -0.00398955  -0.00585273  0.0123091  -0.00631051  -0.0206934  0.00975038  0.00887454  -0.00331541  0.00311438 
212 0.00144792 1.02263 0.0549966 0.0586583 0.0133379  -0.0219452  0.00533319  0.0200529  -0.0224572  0.00882941  -0.00561836  -0.0217719  0.00236856  0.0290016 
213 -0.000126973 0.460753 0.00446568 0.0446534 -0.000193151  -0.00165769  -0.000528694  -0.000775702  -0.0002759  -0.000464973  -0.00198058  0.00123687  -0.00240602  0.00217761 
216 0.00084826 0.841496 0.0340354 0.0460533 -0.00467105  0.0189866  -0.00497968  -0.0107791  0.00327322  0.0184327  -0.0156045  -0.00130259  0.00278346  -0.00562941 
217 0.000156344 0.57844 0.00700447 0.0356792 -0.000181017  0.00214437  0.000113215  0.000867351  0.00643576  0.000198768  0.000630113  -0.00128892  -0.000380253  -7.04186e-05 
219 5.88249e-05 1.89756 0.0181335 0.0334166 -0.00963456  -0.000545715  -0.00371851  0.00367984  0.00744628  0.000892606  0.00290681  0.00699393  0.00485477  -0.00843537 
221 3.05256e-05 1.21729 0.00935846 0.0325246 0.000413626  -0.00239251  -0.000842975  0.00158016  -0.00120129  0.00483163  -0.00629361  -0.00212389  -0.00183986  0.00248692 
224 -2.99855e-06 0.483445 0.000445608 0.0320519 -4.07876e-05  4.32383e-05  -7.55246e-05  0.000308724  -4.66854e-05  -3.28308e-05  -0.000172685  -0.000246365  -1.91244e-06  1.55584e-05 
225 -0.000828385 0.242383 0.0292272 0.0320986 -0.00878581  -0.00790038  0.0068229  -0.00330084  -0.0133676  0.0069903  0.0125805  0.0142354  0.00649132  -0.00515408 
226 -6.72549e-05 -5.30435 0.0395125 0.0431167 0.0103302  -0.00809249  -0.00705785  0.0108431  -0.0162783  0.00411893  -0.000184216  -0.0183963  -0.00776583  -0.0232579 
227 0.000734325 0.852617 0.0321792 0.0438897 0.00724622  0.00677172  0.0113625  0.00645407  0.0171341  -0.0146565  -0.00860652  -0.0119239  0.00446078  0.00467253 
228 -0.000179025 -1.02072 0.0329992 0.034529 0.00213928  0.00625514  0.00309606  -0.0279386  -0.00399185  0.0140627  0.000888922  0.00540475  0.00206791  -0.0026688 
229 2.81278e-05 4.5573 0.0213649 0.037031 -0.00513107  0.00828761  0.000651414  0.0015715  0.00461938  -0.0056541  -0.00765017  -0.0104222  -0.00578742  0.0102277 
232 -0.000113632 -0.0325678 0.0155589 0.0366492 0.00221168  0.000533498  0.00261149  -0.00933398  0.00242343  0.00488184  0.00884912  0.00302353  0.00271327  -0.00429465 
233 2.0676e-06 134.141 0.0332432 0.0381681 0.00128828  -0.0107666  0.011049  0.00472006  0.014606  0.00916114  0.0138268  0.00924033  0.00348736  0.0160369 
235 5.94227e-05 0.921699 0.0100116 0.038141 0.00454514  0.00415978  0.000402261  0.000976804  0.000395404  -0.00496337  -0.000305131  -0.00551818  0.000994959  -0.00219746 
236 -4.33048e-05 0.476971 0.00199753 0.0373539 -0.000322402  -5.97806e-06  0.000148755  -0.000959084  -0.000742688  0.000490423  -0.000398703  0.00123321  -0.000136506  0.000673546 
238 -0.000903969 0.391834 0.0197909 0.0379291 0.0029367  0.000564284  0.00886005  0.00248171  0.00246644  -0.00305001  0.0024167  0.0163701  -0.00125157  -0.00270276 
239 0.000969688 0.744966 0.0308231 0.0484045 -0.010443  0.000669183  -0.01616  0.0177654  0.000275199  -0.00531287  0.00933288  -0.0101736  0.00610396  -0.00276356 
240 6.63374e-06 0.65792 0.00204705 0.0370645 0.000426662  -0.00118121  0.000525944  0.000196102  0.000438735  -0.00116763  -0.000502919  0.000387771  0.000558727  0.000163526 
242 -2.41706e-06 0.487461 0.000348183 0.0369749 0.00010941  0.000258904  -0.000134232  -4.33217e-05  8.00793e-06  -7.41808e-06  8.05653e-05  2.14151e-05  -4.26145e-05  0.000115975 
248 2.47712e-05 2.02312 0.0122847 0.0370076 -0.000727252  -0.00653973  0.00465954  -0.00603471  -4.28341e-05  0.00195132  0.00152691  -0.00428137  -0.000834527  0.00493149 
256 -8.13916e-05 -0.0471874 0.0133474 0.0366714 0.00466292  0.00455814  -0.00168057  -0.00216208  0.000285512  -0.00601199  0.00595576  0.000695697  -0.00740465  -0.00106039 
257 7.43374e-06 1.76344 0.00612928 0.0377649 0.00240297  -0.000579706  0.00222825  0.000788253  -0.00185603  -0.00103935  -0.00159214  0.000348466  -0.00427187  -0.000664104 
258 9.54899e-06 0.602721 0.0019808 0.0376663 -0.0015419  -0.000560606  0.000232182  -0.000187875  0.000911471  -0.00028774  -0.0002002  0.000303776  1.42804e-05  -0.000310597 
260 -0.000643143 0.431078 0.0133254 0.0375394 0.00110852  0.00260107  0.00507193  0.000122069  0.0022258  -0.00780688  0.00304997  -0.00291112  -0.000572766  -0.0077347 
263 0.0016481 0.784422 0.0432943 0.0453051 -0.000811607  -0.00827768  -0.0301168  0.011557  3.20457e-05  0.0105479  -0.0221738  -0.00752986  -0.00902497  -0.0048521 
265 0.000133392 0.568383 0.00604097 0.0201448 0.000424613  -0.00104357  0.000251861  -0.00312604  -0.0025587  -0.00174024  0.000762267  0.000566205  0.00384574  0.000348694 
269 9.78242e-05 0.598928 0.00622196 0.0165054 0.000458892  -0.000891659  -0.000397434  -0.00328624  -0.00116449  0.00307952  -0.00167166  0.00230487  -0.0023252  0.0015482 
270 -0.000140521 0.320083 0.010057 0.013214 6.25722e-05  -0.000902274  0.00185982  0.000135968  -0.000802757  -0.00540823  0.00305984  -0.00740608  -0.000923443  -0.00137475 
271 0.000109885 0.644513 0.00797003 0.0177522 -0.00133303  -0.00331717  -0.0026635  -0.00377096  0.00151319  -0.00112488  -0.00472177  0.00152606  0.000567529  0.000961917 
280 6.34138e-05 0.976105 0.0109892 0.0143269 -0.00151093  0.00112656  -0.00417687  0.00179676  -0.00217983  0.00586542  0.00274546  0.0058601  -0.00261271  0.00294565 
281 -0.00020917 0.25033 0.0144545 0.01191 -0.00461224  0.00251865  0.00135576  0.00450956  0.00892693  0.0003939  -0.00202893  0.00782485  0.00301841  -0.00220025 
282 -5.69432e-05 0.0323971 0.0103204 0.0187361 -0.00326813  -0.00117812  0.0033  -0.000134342  -0.000430454  0.00830537  0.0023092  0.000637894  0.0027508  0.00103108 
285 0.000140731 0.609774 0.00786126 0.0201986 -0.00112359  -0.00151105  0.00207637  -0.000558723  -0.000362657  -0.00282641  -0.00121351  -0.00508109  0.000716754  0.00420788 
289 -3.44739e-06 -0.407945 0.00353838 0.0163482 0.000736632  -3.54158e-05  -0.00111184  0.00039877  0.000573937  8.39677e-05  -0.00165726  0.00172804  0.00156741  0.0014336 
290 0.000109988 1.05101 0.0155693 0.0164533 0.00290908  0.00350668  0.0034711  -0.00843218  -0.00795315  -0.00155592  -0.00754801  -0.00381759  -2.99e-05  -0.00112773 
292 -0.000809656 0.264095 0.0276509 0.0126779 -0.00622435  0.00910403  -0.00785338  -0.00724924  -0.0122816  -0.00148295  -0.00419876  -0.0120575  0.0138328  0.00461792 
295 5.71262e-05 0.566851 0.00390857 0.0311563 0.000566876  -0.00053346  -0.000659181  -0.00195511  0.00250586  0.000106706  -0.000699047  0.00177317  1.61149e-05  0.000700188 
299 3.87216e-05 0.862485 0.00749288 0.0302256 0.00352616  0.00376826  -0.00150948  -0.000593502  0.00369839  -0.00124065  0.000914739  -0.00159232  -0.00244401  -0.0015219 
301 0.000125827 0.530614 0.00392622 0.0295782 0.00167371  -0.00208569  -0.000844831  0.00122957  0.000234574  0.00183047  0.000509536  3.89815e-05  -0.000620032  -0.00140961 
304 -4.96498e-05 0.47355 0.00229222 0.0273688 -0.000551425  0.000177239  1.55931e-05  0.000142991  0.00130045  0.00108414  -0.000350553  -0.0010224  0.000629053  0.000683854 
307 4.11184e-05 0.589124 0.00382872 0.0282613 0.00113952  -0.000704258  -0.000708767  0.00113057  -0.00244398  0.000680954  0.00194544  -0.000101105  0.000465142  -0.000797472 
309 -2.63916e-05 0.00669076 0.00721648 0.0275242 -0.00179433  -0.000415227  -0.000734471  0.00166224  -0.000260794  0.00439513  -0.000529371  0.00303577  0.00019262  0.00405766 
311 -1.74086e-05 -11.4255 0.0288157 0.0279995 0.0121568  -0.00417276  0.0141125  0.00779004  0.00824115  0.0109014  -0.00326306  0.0119072  -0.00724743  -0.00368626 
322 0.000179752 0.567825 0.00698415 0.0283087 0.00130281  -0.000148727  -0.000937852  -0.00105779  -0.00305453  -0.0058195  -0.00018831  0.000990253  0.000862622  -0.000321942 
324 -2.43117e-06 -2.29057 0.00520935 0.0249328 0.000859259  0.000543536  -0.00122684  -0.00177915  -0.00110896  0.00169421  0.00203647  -0.000808495  -0.00117819  0.00333826 
326 -0.000551881 0.0718318 0.0307489 0.0249816 -0.0127333  0.0041098  0.00718208  -0.00196438  0.00521462  -0.0180755  -0.000348306  0.00473352  0.0123089  0.0135303 
327 -0.000418055 0.0601527 0.0271237 0.0342945 0.00306215  -0.0142248  0.011729  -0.0139989  0.00678716  -0.0038049  -0.00573241  -0.00619543  -0.00729437  -0.0023323 
328 0.000723848 0.717779 0.0251105 0.0399281 0.00286908  0.0097724  -0.009794  0.00676537  -0.00185023  0.0093437  0.0125684  -0.01156  -0.00158811  0.000515071 
329 7.3337e-06 33.2227 0.0309806 0.0295071 0.0074886  -0.0102553  0.00639901  0.00658827  0.00829804  0.000723231  0.00211403  0.017569  -0.0115114  -0.0141123 
330 -4.18688e-06 0.489312 0.000423087 0.0293825 -0.000105142  -6.46029e-06  5.06219e-05  -0.000254125  1.93622e-05  -0.000123429  -0.000136716  0.0001708  0.000169201  9.30683e-05 
331 2.06806e-05 0.613225 0.00306045 0.0294537 0.00174224  -0.000905261  -0.00130643  0.000109294  -0.000920018  0.00106982  0.000608344  0.00106665  -0.000540059  -4.80775e-05 
333 -1.20852e-05 0.46403 0.00131867 0.0291005 0.000132387  0.00026219  0.000211904  -0.000550438  0.000175743  -0.000534782  0.000572827  0.00026041  0.000600981  -0.000480357 
334 -0.000143 0.0801641 0.0154973 0.0293074 0.00385147  0.000778773  -0.000453632  -0.00208616  -0.00621053  -0.001378  -0.00673067  0.00396237  0.0103896  -0.00327936 
341 -9.03136e-05 0.0324645 0.0129964 0.0316534 -0.00208969  0.000127214  0.000594896  0.00255771  -0.00787951  0.00515484  0.00460094  0.00691096  -0.000174389  9.63403e-05 
344 -0.000462591 0.12088 0.02649 0.0330493 -0.0105652  0.0101445  0.00384218  -0.00818658  0.00136491  -0.00149888  0.00474649  -0.0028701  -0.00867467  -0.0171835 
345 0.00052395 0.585342 0.0133771 0.0394329 -0.00602723  -0.00582276  -0.00362809  -0.001241  0.002227  -0.000595855  -0.00234499  -0.00848144  0.00128398  0.00310056 
349 0.000385164 0.557615 0.00942446 0.0321114 0.000327054  0.000193749  -0.00270249  0.0025016  -0.00282813  -0.00284643  0.00326451  2.67479e-05  -0.00149512  0.00679125 
350 2.13751e-06 0.502746 0.000153232 0.0254175 7.37722e-05  -5.58725e-05  -1.99767e-05  -7.11565e-05  1.81698e-05  -3.65002e-05  -1.70686e-05  -4.82891e-05  -5.54289e-05  4.57793e-05 
