generation s h r distopt trait[0] trait[1] trait[2] trait[3] trait[4] trait[5] trait[6] trait[7] trait[8] trait[9] 
2 -0.000319587 0.149408 0.0211725 0.02 -0.0080713  0.00352328  -0.00303221  -0.00229894  0.000871416  -0.00230779  0.00904777  -0.0021831  -0.0108252  0.012097 
3 -3.33719e-07 -116.927 0.0125199 0.0423202 -0.00613066  0.00247057  0.00434721  -0.00280128  -0.00585756  0.00264505  -0.00241528  0.00487756  -0.00353114  -0.00170656 
4 0.000855987 0.860643 0.035135 0.0596588 -0.00933231  -0.0197698  -0.00690727  0.0201204  -0.000926389  0.00915242  0.00722287  0.00224134  -0.0102104  0.00761071 
6 0.00253738 0.854463 0.0599555 0.083624 0.00421345  -0.0354666  -0.00807782  0.00159166  0.0127027  -0.0125773  -0.00246301  0.0199829  0.0338018  -0.0195899 
8 0.00519679 0.757743 0.0731692 0.100897 -0.0488759  -0.016988  0.0102116  -0.0155555  -0.00387572  0.0120128  -0.0174029  0.0196951  -0.038104  0.00529598 
9 0.00436536 0.98529 0.0919564 0.084822 -0.0353364  -0.0717986  -0.00335083  -0.0216004  -0.0172246  -0.0162324  -0.00520149  -0.0104754  0.0288437  0.00674834 
17 0.0063429 0.530759 0.0282463 0.158049 -0.0137454  -0.0158557  -0.00651605  0.0140067  -0.00434117  -0.00124265  0.00450809  -0.00828444  0.000662575  0.00301364 
19 0.00355002 1.43719 0.11519 0.174692 -0.0885274  0.0330359  0.0165289  -0.0124196  -0.0452692  0.0136711  0.0244958  0.0104978  0.0224965  -0.0214566 
20 0.00148202 0.537596 0.0149599 0.180373 0.00298548  -0.00671623  0.00316738  -0.00348693  0.000363938  0.00195236  -0.00242003  -0.00728622  0.00907639  0.00152183 
21 0.00896282 0.555144 0.0448049 0.193155 -0.0211552  -0.0175821  0.000771238  -0.000111695  0.0217701  0.0102649  -0.0197607  0.00858846  0.011522  0.00859563 
22 0.00274552 0.517359 0.0139331 0.185326 -0.00317826  -0.00731829  -0.00460625  0.00538295  -0.00560527  -0.00366809  -0.00164105  -0.00470791  0.00081728  -0.00314308 
23 0.00143389 1.34553 0.0696004 0.195107 -0.0300753  -0.00865591  -0.0223315  -0.0158988  -0.0420524  -0.0181114  -0.011589  -0.00712983  -0.0228641  0.0175775 
24 0.016625 1.28755 0.227469 0.206884 -0.00430869  -0.156006  0.061981  0.0580621  0.0666303  -0.112099  -0.053992  -0.00688768  -0.0131234  -0.00566836 
25 0.00432677 1.33622 0.120102 0.169545 -0.0593667  -0.0106777  -0.0179458  -0.0037668  0.0353011  -0.0167455  0.0585256  0.00194017  -0.0741091  -0.0014787 
30 0.0119079 0.649964 0.0846432 0.196689 -0.049811  -0.0181551  0.0376341  -0.00922735  -0.00475545  0.038452  -0.0136098  0.0116282  -0.0116924  -0.0298987 
36 0.00732192 0.575975 0.0473605 0.242539 -0.000444844  -0.0275908  -0.0141162  0.014027  0.0143859  -0.00986762  0.0108935  -0.0152202  -0.00337398  0.020482 
40 0.00847874 1.78498 0.207841 0.292703 -0.133972  0.00990553  0.0523949  -0.0127613  0.0728443  0.0365806  0.0688392  -0.0922367  0.00852592  0.0477464 
41 0.0394439 0.64472 0.151913 0.290275 0.00727782  -0.027622  -0.0295578  -0.0393841  -0.0892566  0.00354688  -0.0538745  0.0704108  0.0573133  -0.026692 
43 0.0109981 2.16305 0.26864 0.246733 0.0462517  -0.149418  -0.0571918  0.125177  0.0271698  0.0865698  -0.0585024  -0.00878883  0.0242006  -0.128236 
45 0.00675651 0.618028 0.0565729 0.250214 -0.0364684  0.0176597  0.00993408  0.0173525  -0.00513238  -0.00754849  0.0312414  0.00298822  0.00947034  -0.000960514 
50 0.00858277 0.666515 0.0756616 0.314456 -0.0202063  -0.00669937  -0.0268533  0.00499481  0.0265039  0.0078331  -0.0417802  0.0281947  0.00766342  0.0340938 
51 0.0255935 0.639241 0.119871 0.317139 0.00465112  -0.0462553  0.0234437  -0.0312118  -0.016295  -0.00197835  0.0870808  0.0296978  -0.0416848  0.0145632 
55 0.0100324 1.11643 0.156806 0.345777 -0.0114028  -0.0465915  0.0257774  -0.0353221  -0.0139827  0.0429531  0.034956  -0.119339  0.0358257  -0.0398413 
56 0.00620203 1.31483 0.141846 0.347855 -0.0477891  0.0630497  0.0576818  -0.0571661  0.0272359  -0.0598967  -0.033621  0.0263274  -0.0193312  0.0271947 
57 0.00835058 0.548961 0.0407781 0.357038 -0.00935175  -0.0189189  0.00172746  -0.00833242  0.00155331  0.00384943  -0.0232867  -0.0202276  0.00805646  -0.0105592 
58 0.0410327 0.541537 0.0865063 0.363064 -0.0677866  -0.027094  -0.00957661  0.0150696  0.0101644  0.0280255  -0.0139484  0.026671  -0.00490601  -0.00408925 
60 -0.000181133 -20.6244 0.123602 0.33756 0.03466  -0.0160511  -0.0930786  0.0229365  -0.0317056  -0.00225294  -0.0552895  0.0229388  0.00587012  -0.000992584 
62 0.0196318 0.646429 0.107516 0.375133 -0.0377694  -0.033163  -0.00160258  -0.0398623  0.0169839  0.0468568  -0.00113759  -0.0693123  0.0122951  0.00104785 
63 0.0105794 0.537897 0.0406241 0.365754 -0.015236  0.00438154  0.010994  0.00443168  -0.012537  0.00870364  0.0141956  0.00447406  -0.0214505  0.0185442 
64 0.0362491 0.551441 0.0891805 0.369103 -0.066776  -0.0330827  0.00257921  -0.0197799  -0.029691  0.00894099  0.00181864  0.00329211  0.00435986  -0.031735 
65 0.0515326 0.684479 0.195354 0.334051 -0.0156806  -0.111817  -0.0849614  0.0258923  0.0303982  -0.0781204  0.0905828  -0.0124494  -0.0381033  0.0262016 
66 0.00384258 0.916057 0.0799058 0.263621 -0.0373419  -0.0348963  -0.040558  0.0136977  0.0156897  -0.0140427  0.0228943  0.00487852  -0.0154206  -0.0266662 
73 0.0099678 0.645866 0.0763677 0.361719 -0.0231207  -0.0028562  -0.00934453  0.0198012  -0.034214  0.0468314  -0.0330509  0.009497  0.00754498  -0.0143746 
75 0.0227425 0.533107 0.0568296 0.381151 -0.0134312  -0.0346467  -0.0167902  0.012904  -0.00168047  -0.0137921  -0.00815834  0.0196959  -0.0136314  0.0238124 
77 0.00539944 0.551183 0.0334187 0.384216 -0.00585995  0.00975075  0.012542  -0.0181799  0.00848422  -0.0147567  0.00295914  -0.00297258  -0.00397503  0.0132835 
78 0.0188779 0.678239 0.116129 0.394922 -0.0689502  -0.00468868  -0.0157192  0.00954176  0.00905105  0.0140287  0.0515806  0.052951  0.0139212  -0.049344 
80 0.0218097 0.7134 0.136405 0.40367 -0.0784313  -0.00578244  -0.0359058  -0.0436715  0.0122885  -0.0827573  -0.0411687  0.0205121  -0.00138499  -0.0103808 
83 0.0323605 0.649746 0.139773 0.422801 -0.095559  -0.039829  0.0198978  -0.0376891  0.0657993  0.0147782  -0.0177844  0.0296626  -0.0125515  -0.0331772 
84 0.0104804 0.572289 0.0553887 0.396416 0.00080216  -0.0390898  -0.0181086  -0.00465973  0.0112732  0.0226704  0.00253676  0.0223235  -0.000749395  0.00657654 
87 0.0206057 0.734796 0.138987 0.423048 -0.0495835  -0.00222461  0.068369  -0.0158092  -0.0332752  0.0978662  -0.00939929  0.0139887  -0.0289495  -0.0110734 
88 0.0122472 1.62179 0.233078 0.411652 -0.0456478  -0.0326271  0.0519705  0.170679  0.107536  0.0447047  0.00104234  -0.0436105  0.0204208  0.0588409 
91 0.0691331 0.599636 0.16964 0.433701 -0.0420871  -0.103271  0.0837585  -0.0131943  -0.00983838  -0.0263985  0.0873982  -0.0191558  -0.0105828  0.0155131 
92 0.0193697 0.545107 0.0603642 0.359176 -0.0034324  -0.0302203  -0.0151872  -0.00845645  -0.021449  -0.0219686  0.0279588  0.025979  -0.000434442  0.00414223 
93 0.0372941 0.58018 0.111334 0.342681 0.00994877  -0.032392  -0.0644263  0.00169566  -0.0546869  -0.00655395  -0.00611547  -0.0232643  0.0323822  0.0493203 
94 0.0115142 1.24497 0.184486 0.297636 -0.0748203  -0.0355342  0.0934691  0.0314548  -0.0406948  -0.0390053  0.0602993  -0.0448119  -0.0105005  0.0922864 
96 0.00456594 0.52324 0.020829 0.298062 0.00160095  -0.0108871  0.00202894  -0.0107725  -0.00593416  -0.00898424  0.00390098  -0.00205077  -0.000234011  0.00756183 
97 0.00408944 0.778668 0.0674894 0.301785 -0.0177462  0.00883945  0.0356334  0.00144851  0.00472945  -0.0164987  -0.0170169  -0.0222394  0.0294041  -0.0307664 
98 0.0347536 0.702957 0.167988 0.307132 -0.101474  0.0164729  -0.0449964  -0.0694293  -0.0377438  0.009901  -0.0743432  0.020784  0.00890986  0.0569697 
105 0.00725457 1.1524 0.137277 0.282425 0.0101144  -0.0693679  0.0584408  -0.009595  -0.0168813  -0.0505343  0.0691144  0.049533  0.0180608  -0.00529653 
106 0.014144 0.73787 0.115929 0.269324 -0.0271181  0.0234815  -0.0892571  -0.016019  0.0113774  -0.00238826  -0.040419  -0.0125552  0.0386514  -0.0225598 
109 0.0101119 1.07407 0.151944 0.241848 0.048835  -0.0668801  0.0799045  -0.0159207  0.0197572  0.0512006  -0.0106337  -0.0526058  0.0312124  -0.0521967 
112 0.00980266 1.33942 0.180743 0.220067 0.0337044  -0.119585  0.0514687  0.0653878  -0.0253663  -0.0150835  -0.054797  0.0717114  -0.0172626  0.0315026 
114 0.00635631 0.653282 0.0624746 0.196659 -0.0170595  -0.0268797  -0.00296385  -0.0206724  -0.0186333  0.00321949  -0.0225254  0.004745  -0.0225436  0.0325226 
116 0.00163936 0.508048 0.00735322 0.179829 -0.00154777  -0.00174474  -0.00372483  0.00129147  0.00036716  -0.000137161  0.000272111  -0.000728229  0.00173106  -0.00541603 
117 0.00729049 0.742359 0.0840367 0.175215 0.00847373  0.0159163  -0.0250772  -0.023735  -0.00423059  0.0148299  -0.00186714  -0.0636798  -0.0350532  -0.00443453 
120 0.00681739 0.62752 0.0590524 0.153089 -0.0222379  0.0103664  -0.0246544  0.00614164  0.0010155  0.0030324  -0.0371524  0.00331773  0.0286489  0.00416464 
121 0.000434144 5.3803 0.0920017 0.129004 -0.0239036  0.0247967  0.000789063  0.00310489  0.0120391  -0.0830292  0.00804158  0.00619092  0.000253779  -0.0112222 
122 0.00269626 0.7169 0.0483639 0.127311 -0.0132776  -0.00756345  -0.0108372  -0.0191911  -0.00372178  -0.0147352  0.01698  0.00300042  0.0155357  -0.0291576 
123 -0.000112904 0.498245 0.000893985 0.116256 -0.000373876  0.00020092  0.000193651  0.000316178  0.000231974  -0.000305334  -2.78285e-05  -0.000477009  0.000187534  0.000266582 
124 0.00128267 3.85909 0.1311 0.116741 -0.0640338  -0.0432239  0.00452229  0.0117484  -0.0375923  0.0529387  0.0405575  0.0240186  -0.0636102  -0.0240057 
125 0.00151386 1.38719 0.0732518 0.111115 0.0452596  0.00592924  -0.0111221  0.0309667  0.00588192  -0.0227779  -0.021475  -0.0151218  0.0041928  0.0306389 
126 0.00299661 0.703393 0.0493766 0.104086 0.00155915  -0.00132951  -0.00293186  0.00186193  0.00903176  0.0373997  -0.00351026  0.0129556  0.00594697  -0.0269433 
129 0.00345549 0.655222 0.0463374 0.0885532 -0.0161153  -0.00847551  -0.0112037  -0.0194018  0.00746927  0.00562861  -0.0237625  -0.0137817  0.0180981  0.0120025 
130 0.00266556 0.596558 0.0321179 0.0662731 0.00734775  0.00906477  -0.0137079  -0.0230233  0.00166199  0.000667504  -0.00777831  0.00713894  -0.00765235  0.00204642 
131 -0.00122744 0.215801 0.0373727 0.0415946 -0.0268523  0.016411  0.00692362  -0.0156516  0.00744057  0.00410511  0.00122832  -0.00339987  -0.00303859  -0.00435007 
132 0.000322134 0.641493 0.0135032 0.0543903 -0.00109615  -0.00608023  -0.00441336  0.00429107  0.00626302  0.00135708  0.000864548  0.00569048  -0.00335283  -0.00456485 
133 -0.000256399 0.400667 0.0100956 0.0513442 -0.00369311  -0.00318811  0.00181532  -0.00217103  -0.00578821  -0.00165517  0.00189818  0.00276613  0.00432101  0.00198498 
134 0.000130026 0.7748 0.011955 0.0537834 0.00523895  -0.00301878  0.00243575  0.00292833  0.00294333  -0.00810059  -0.000884369  -0.00273473  -0.00303764  -0.000287155 
135 0.000876355 0.641866 0.0223033 0.0525608 0.00828395  0.00986067  -0.00860521  0.00678976  -0.00809756  0.00461409  -0.0055195  0.00678569  0.000591291  0.00690714 
137 -8.99177e-05 0.21543 0.0101172 0.0434358 0.00578218  -0.00363752  0.00471527  -0.0036978  0.00156105  -0.00386944  -0.00120743  0.00057938  0.000348158  0.000679643 
138 -3.4283e-05 -2.29236 0.0195681 0.0444588 0.000309644  0.00408618  -0.00458755  -0.00606488  0.000699525  0.00899611  -0.000939348  -0.0134929  -0.000905823  0.00656566 
143 0.000176293 0.575648 0.00730448 0.0448427 -0.00401273  7.196e-05  -0.00456037  -0.00112496  -0.000984996  0.00210704  0.00187817  0.00229195  0.000996595  -4.66436e-05 
144 -9.04012e-05 0.45221 0.00415761 0.0428322 0.00131396  0.00332529  0.00104689  -0.000923518  0.000937976  0.000346047  -0.00053146  -0.000757333  -0.00080196  -0.000232791 
145 0.00147786 0.823323 0.0437096 0.0438748 0.0127125  -0.0106191  -0.0276012  -0.000371147  0.01256  -0.0100759  0.0129013  -0.00247839  -0.00388561  -0.0206697 
146 3.77754e-05 1.1594 0.00998172 0.0211714 -0.00350757  0.000857853  -0.000345292  0.00268365  -0.000662469  0.00251431  -0.00336204  0.00739558  -0.00123574  -0.00223359 
147 -6.95426e-05 0.447639 0.00381684 0.0202596 -0.00238699  0.000238913  -0.00131749  0.00132623  0.00179528  0.000124471  0.00028207  -0.00126113  0.000230568  0.000597568 
149 3.00384e-06 16.8679 0.0140236 0.0219088 -0.00388118  0.00465484  -0.000838404  -0.0077066  -0.00569475  0.00275981  -5.48449e-05  -0.00297374  0.00688129  0.00189473 
151 -0.000942596 0.343061 0.0243393 0.0218402 -0.00788611  -0.00324558  -0.00203169  -0.0010771  -0.014778  0.0144403  0.00670658  0.000931623  -0.00476682  -0.0043481 
153 0.000574784 0.85188 0.0284407 0.0376833 0.0122139  -0.0081422  0.00985392  0.0146179  0.00745934  -0.00538447  0.000684532  0.0106559  0.00791811  -0.00461138 
154 -0.000210234 0.442129 0.00697803 0.029076 -0.00318893  -0.00264898  0.00150161  -0.000573362  -0.00142244  0.00125302  0.00314455  0.000623132  0.00249272  0.00297311 
156 -0.000103895 -0.717775 0.0224963 0.0324911 0.00448867  -0.00255227  -0.00977374  -0.0025818  -0.0162515  -0.00561423  0.00481131  -0.00481498  0.00533504  0.00260812 
157 0.00064689 0.756879 0.0257804 0.0340525 -0.00594656  0.0142804  -0.000771056  -0.00265572  0.00834718  -0.000273938  -0.0182551  -0.00323823  -0.00176794  0.0010403 
162 -0.000229932 0.394408 0.00985657 0.0226471 -0.00584533  -0.000845229  0.00358587  0.00144975  -0.000274586  -0.000488888  -0.00638142  0.00111275  0.000682688  0.00213736 
163 -4.65247e-05 0.146713 0.00810854 0.0272552 -0.00116396  0.00117173  0.00318335  -0.00121587  0.00394901  -0.0032625  -0.00138319  2.20619e-05  0.00443945  -0.00188351 
165 5.39088e-05 0.540324 0.00294898 0.0280958 0.000507908  -0.0010492  -0.000391387  0.00182538  0.000958772  -0.000346375  0.00113363  0.000480175  0.00075679  0.000851387 
167 6.84307e-05 1.1791 0.0136337 0.0271195 -0.00220994  0.000977709  -0.00117411  -0.000420264  0.00443912  -0.00465285  -7.27355e-05  -0.00425945  -0.00637573  0.00885039 
171 -8.3092e-06 -4.71455 0.0131648 0.0258271 0.00259509  0.00832149  -0.000870018  0.00397474  -0.000160143  -0.000742884  0.00185386  0.00397514  0.00665151  -0.00408853 
172 -0.000124273 0.125573 0.0136433 0.0259874 -0.0011763  -0.000487097  0.00224196  -0.00458188  -0.00992447  -0.00373657  0.00590023  0.00296848  -0.000145968  0.00154768 
174 -0.000855314 0.140265 0.035092 0.0282777 0.013  0.0102691  -0.0123537  -0.0178808  0.00910762  -0.0118847  -0.00432641  0.00235258  0.0150427  0.0031516 
175 5.44225e-05 0.6002 0.00467047 0.0406855 0.00146109  -0.000759523  0.0016418  -0.000962114  -0.00278652  -0.00131636  0.00151442  0.00101953  -0.00129947  -0.000980514 
178 -0.000286448 0.416259 0.0097981 0.0400111 -2.4857e-05  0.000118291  -0.000583693  -0.00114335  -0.00494871  0.00128278  0.00512991  -0.00369595  0.00452471  -0.00278495 
180 0.000223973 1.10098 0.0232021 0.0434439 0.00292362  -0.0176799  0.00638063  0.0057711  0.00182441  -0.00702112  0.00128676  0.00703003  0.000457633  0.00626744 
181 -0.000148539 0.409898 0.00731773 0.0407851 0.00103209  0.00353178  -0.00137254  0.00174941  0.00188808  -0.00453774  0.0016415  0.000679103  -0.00102326  0.00258988 
185 -3.55614e-05 0.478929 0.00173146 0.0425673 -8.67603e-05  -0.000159114  0.000187636  -0.000291033  0.000185243  -0.00119085  -0.000426406  0.000701296  -0.000391139  -0.000752424 
186 0.000405571 0.732229 0.0194095 0.042983 0.0152325  0.000253356  0.00048385  -0.000863313  -6.36309e-05  0.00520564  0.00369913  0.000704209  -0.00989299  0.00212218 
187 -0.000150843 0.489271 0.00254665 0.0379743 0.00145396  -0.000186819  0.000479359  -0.000503346  -0.00112857  -0.000840244  -0.000455494  0.000315298  0.00115406  0.00048473 
188 -5.06289e-05 0.430633 0.00374828 0.0399112 0.000961597  0.00196543  0.00134955  0.00174783  -0.000682678  -0.0005447  -0.000430122  0.00175941  -0.000584946  1.81724e-05 
190 0.000647173 0.85253 0.030206 0.0405405 -0.00458797  0.00621475  -0.0045923  0.00350315  0.0100031  0.00574288  -0.00093205  -0.00884493  -0.00437443  -0.0242506 
192 -5.29145e-05 0.434109 0.00373471 0.0315685 0.00186373  -0.000629004  8.32561e-05  -0.000425863  -0.00228304  -0.0010594  -0.000792431  0.00127261  0.0005251  0.00101628 
194 -2.65079e-06 0.35107 0.00125664 0.0323958 0.000143867  0.00026303  -0.000448742  -8.33304e-05  -0.000847894  -0.00027291  -5.01112e-05  -0.000188741  -8.45143e-05  0.000665024 
197 -0.000755601 0.0426828 0.0371856 0.0324367 0.0115809  -0.015571  0.00181884  -0.00760871  0.00455029  -0.00425008  -0.0142117  -0.011081  6.17338e-05  0.0241135 
198 8.4219e-06 0.54643 0.00125065 0.0425209 -0.000129441  -0.000270008  -0.000246307  -0.000262092  0.000724342  0.000642496  0.000200658  -0.00043698  0.000348274  -0.000234793 
201 -0.000557445 -1.75633 0.0709191 0.0424217 -0.0162171  0.0292231  -0.00386159  0.00468199  -0.00386274  0.0334657  0.0344945  0.0283796  -0.0166617  -0.0216318 
203 0.000455878 0.98857 0.0298448 0.048551 0.00483456  0.00225663  0.0118255  0.00635174  0.00200914  -0.0237256  -0.00393372  -0.00808295  -0.00432299  0.00395267 
208 -0.000139808 0.400721 0.00745208 0.0436054 -0.000160155  -0.00317565  -0.00154645  0.00183674  -0.00208195  -0.00388145  0.00407651  0.00157138  -0.000778902  0.00075099 
210 0.000747233 0.907631 0.0349001 0.0451802 -0.0180921  -0.00550365  -0.0180948  -0.0056836  0.00714584  0.00221854  -0.0172119  0.000651695  0.0121629  0.000292474 
212 -4.32758e-05 -0.335398 0.0120255 0.0359763 0.00131843  -0.00538676  -0.00184673  0.0019804  -0.00600693  -0.00728554  -0.00154292  0.000858556  0.000785932  -0.00369133 
213 0.000163085 0.724647 0.0121056 0.0365728 0.00392537  -0.00572737  0.0046915  -0.000974114  -0.000684969  -0.0050849  -0.00333054  -0.0050924  -0.000348832  -0.00344999 
215 0.000313128 1.35302 0.0326827 0.034271 0.0114454  -0.00888499  0.00557209  0.0109034  -0.0100233  0.0114475  -0.0174049  0.000835965  -0.0131522  0.000403199 
220 -1.82399e-05 -5.83942 0.0215058 0.02935 -0.00090049  0.00558355  0.00884625  0.000653301  -0.00564897  0.00229809  0.00693729  -0.00898488  -0.0117853  0.00684769 
221 0.000311402 0.59954 0.0111362 0.0296591 -0.00350204  -0.00048189  0.000822644  0.000178277  0.00231556  0.00545476  -0.00431994  0.00256957  0.00692221  -0.001585 
225 -2.00581e-06 0.468438 0.000503221 0.0238392 -0.000207583  -0.000111092  -2.50934e-05  -0.000274776  -0.000175909  0.000113349  -0.000219787  -0.000154138  -4.14733e-05  -6.39623e-05 
227 -7.70473e-05 -0.151891 0.0141743 0.0238812 0.00564504  0.00452917  -0.000334912  -0.00410063  0.00727869  0.00215201  -0.00218003  -0.00778791  -0.00275207  0.00100785 
230 -0.000278758 0.376985 0.0117141 0.0254433 0.00620069  -0.00137471  -0.000134175  0.00171837  -0.0028199  -0.00231753  -1.02784e-05  0.00542811  0.00171401  -0.00694167 
231 -0.000167116 0.206495 0.014008 0.0304329 -0.000670502  0.00486288  -0.00537656  -0.00629065  0.00924404  -0.00150757  -0.00189412  0.000124115  0.000750375  -0.00342859 
232 -8.88038e-05 0.3457 0.00740377 0.0330649 -0.00195633  0.00108236  0.00218076  0.000705959  -0.00138768  0.0010617  -0.000192115  0.00633225  -0.000689639  -0.000948806 
234 -0.000315 0.273326 0.0169025 0.0343816 -0.00290285  -0.00229764  0.00634908  0.00198776  0.00852768  0.00801055  -0.00669729  0.00427854  -0.00370595  0.00373396 
236 -0.000504249 -0.596182 0.047022 0.038693 0.0149368  -0.0154262  -0.0212387  -0.0078443  -0.0207305  -0.00990314  -0.00128391  -0.013061  0.0230234  -0.00268999 
237 0.000917319 0.594753 0.0186526 0.0447384 -0.00572259  -0.00550754  0.00258449  0.00388705  0.00961143  -0.000558596  0.00639766  -0.000443883  -0.00545537  0.00997347 
238 2.83506e-06 0.501283 0.000120642 0.0329336 -4.80514e-05  -7.67759e-06  7.0923e-05  3.83713e-06  -1.50864e-05  -6.06876e-06  -6.0637e-06  -4.41873e-05  5.37399e-05  -4.47229e-05 
240 2.23048e-05 0.565686 0.00242088 0.0328906 -0.00141731  -0.00124483  -9.74529e-05  0.000341488  -0.00128683  4.93089e-05  4.85502e-05  0.000511668  0.000132  -0.000486008 
243 -0.000134733 0.377787 0.0081165 0.0325497 0.000982094  0.00381895  -0.00232734  -0.0017898  0.00402708  -0.00422549  0.000233441  -0.00152438  -0.0013518  -0.00185229 
247 -0.00114146 -0.152002 0.0545728 0.0345576 -0.00229846  0.0138305  0.00636974  0.00237046  0.00739988  0.00734344  0.0372431  -0.0232336  -0.0264378  -0.000971486 
