generation s h r distopt trait[0] trait[1] trait[2] trait[3] trait[4] trait[5] trait[6] trait[7] trait[8] trait[9] 
2 0.00015898 0.643251 0.00954467 0.05 -0.00328587  -0.00170845  0.00251629  -0.00265949  -0.00159244  0.00176499  0.000175975  0.00497297  0.00178714  -0.00551127 
5 0.00290448 4.67482 0.219421 0.197714 0.0217132  -0.136547  -0.0845392  0.0498237  -0.0466378  0.049937  0.0222341  -0.0786549  -0.0747308  -0.0496524 
7 0.00525192 0.981791 0.100478 0.245836 0.0116693  -0.0335515  -0.0204723  0.00395434  0.014566  -0.00733344  -0.0837494  0.0257746  -0.00576404  0.0205357 
15 0.0489578 0.595193 0.138914 0.573294 -0.00282587  -0.0413468  0.0505675  -0.0238045  0.0904888  -0.0631252  -0.00907601  0.0370191  -0.00486527  -0.0283985 
16 0.0742665 0.679726 0.231767 0.577482 -0.0774002  -0.0864578  0.0399605  0.114646  0.0554454  -0.0856825  0.0145846  -0.067722  0.0989681  -0.0223681 
17 0.0384953 0.828073 0.223544 0.555977 0.121763  -0.113915  0.0961708  0.0102743  -0.0235479  0.00165938  0.031932  -0.0446798  -0.0259689  0.092558 
19 0.0239875 0.61962 0.107733 0.604283 -0.0245204  0.00656288  -0.0409107  -0.0142565  -0.0101059  0.0320767  0.0375001  0.0205052  0.040318  0.067096 
22 0.00609447 8.71176 0.441335 0.72089 -0.0109345  -0.0672829  -0.0492305  -0.0179445  0.0488023  0.216238  -0.0464317  0.208065  -0.274248  -0.132608 
26 0.15234 0.52863 0.161934 0.891133 -0.0607026  -0.0729823  0.0250921  0.0317187  0.0633091  -0.0421126  0.0405905  -0.04623  0.0148162  0.0760918 
27 0.0137851 0.597008 0.0735027 0.85225 -0.0103183  -0.0216745  -0.0308975  0.0367675  0.0160966  0.0233823  -0.00218744  -0.000358323  0.00925208  0.0402932 
29 0.147648 0.511155 0.124922 0.933237 -0.0118142  -0.0636844  0.017024  -0.00320866  0.0190687  -0.0353423  -0.0175196  -0.0190818  0.0937753  0.00569848 
33 0.0660352 0.535999 0.106012 1.04114 0.0242415  -0.0468217  0.0187771  -0.0440072  -0.012709  0.0101882  -0.0431324  0.0460341  -0.0399294  -0.0181713 
35 0.0680544 0.507036 0.0633944 1.10346 -0.0110195  -0.0340173  -0.0201435  -0.0265571  0.0283465  0.0120004  0.0169177  0.0183591  0.00629626  -0.00433067 
36 0.0316468 0.519542 0.0540357 1.12004 -0.0238741  -0.0181695  0.00058508  0.0300218  0.00712193  -0.000438739  0.00367555  0.0272411  -0.0173122  0.00344813 
37 0.287711 0.515981 0.218934 1.15269 -0.06652  -0.095274  -0.109901  -0.0918566  0.0317798  -0.00400062  0.0649552  -0.0445178  0.0782846  0.0236348 
38 0.0145298 0.520224 0.0356481 1.08409 0.00840295  -0.00935385  -0.00696239  -0.000354214  0.00291698  -0.0221022  -0.00592815  -0.00218126  0.0168027  0.0156473 
39 0.0971949 0.811031 0.343493 1.12453 -0.20618  -0.0544242  0.025161  -0.0809841  -0.00561588  0.145054  -0.0611888  0.0118775  -0.107683  0.16962 
41 0.0214027 2.39615 0.397109 1.17179 0.0432495  -0.101689  0.0460209  0.316899  0.0369038  -0.0749002  -0.0272718  -0.136724  -0.0610957  0.113135 
42 0.0509492 0.501288 0.0386078 1.16272 -0.00350989  -0.0196503  0.00243674  -0.0218186  -0.00450406  -0.000938826  -0.00642819  0.00985766  0.0151319  0.0148824 
46 0.0177927 0.793931 0.14435 1.14115 0.0752621  -0.0561935  0.00274677  0.040538  -0.00788266  -0.0255632  -0.0270879  -0.0184448  0.0679157  0.0629426 
47 0.0101538 0.649436 0.0780074 1.1334 -0.0179822  0.010092  0.0179717  -0.0100761  0.0371941  -0.0187757  0.0272266  -0.0136892  0.0488356  -0.0136349 
49 0.25828 0.572666 0.303767 1.12893 -0.027443  -0.110653  0.0806981  0.0577071  -0.157847  0.0244633  -0.18323  0.0601757  -0.02668  -0.0775533 
50 0.242339 0.62541 0.361224 1.02213 -0.266854  -0.110996  -0.0132096  -0.0875192  0.112219  -0.0445616  0.0170015  -0.15511  -0.0131821  0.00406331 
52 0.123884 0.913469 0.441867 0.909808 -0.239448  -0.208195  -0.00364659  0.0879431  -0.134725  -0.0355242  -0.173138  -0.0451265  -0.0770424  -0.17163 
53 0.0297509 0.789682 0.185079 0.843184 0.0795032  -0.0629579  -0.0924583  -0.0665882  -0.00436475  0.0159243  -0.0843925  -0.0558343  0.0196509  0.00942498 
54 0.0240273 0.526722 0.0530927 0.825617 0.0286546  -0.00545948  -0.000831495  -0.0070795  -0.01989  -0.023805  0.00814918  0.00534189  0.000446993  0.0293206 
55 0.102197 0.570412 0.178951 0.81111 0.00604677  0.060998  0.0421876  0.00826034  -0.00687812  -0.0566175  0.0593104  0.0904792  0.0946312  -0.0500602 
56 0.0629483 0.526499 0.0912491 0.748729 0.0078387  -0.0225098  -0.0452508  -0.0381684  -0.0124844  -0.000738887  0.00323699  -0.0114102  0.00872706  -0.0622942 
57 0.00752384 6.52062 0.420223 0.706787 -0.0292729  0.0415568  -0.165446  -0.255386  -0.205208  -0.0600704  0.060369  -0.0910253  0.0829152  -0.129941 
58 0.0074426 0.510194 0.0181615 0.701464 -0.00334524  -0.00812624  -0.00216108  0.00811266  0.00474406  -0.0102379  0.00254341  0.00107109  0.00671386  -0.00145461 
61 0.0979912 0.543351 0.143296 0.696159 0.0758016  -0.0274052  -0.0287987  -0.00745807  -0.0343703  0.0402578  0.0931326  0.0178709  0.0142408  0.0339693 
62 0.0338308 0.544914 0.0807827 0.625424 -0.0123135  -0.0264411  0.0586772  -0.0164831  0.0153295  0.0144626  0.00554583  -0.0350484  -0.0125296  -0.0100044 
65 0.0219862 0.520072 0.0445214 0.598234 -0.0163666  -0.0204553  -0.00270773  -0.0210935  0.000351737  -0.00147907  0.0114174  0.0125144  -0.0186804  -0.0143306 
66 0.0213321 0.72833 0.139477 0.579772 0.0282384  -0.00244428  0.0627254  0.0599006  -0.0208851  -0.0770084  0.0267707  -0.00101202  -0.0205635  0.0601736 
68 0.0602135 0.522244 0.0831064 0.561274 0.0161831  -0.0336933  0.0432927  0.0161818  -0.00843269  0.0425453  0.00732225  0.0239358  0.0201435  -0.0214458 
70 0.0369493 0.94487 0.254363 0.506515 0.0652722  -0.107706  -0.115922  -0.0645947  -0.0153395  0.110752  0.0148359  0.0517946  0.0217409  0.123905 
73 0.0380684 0.650171 0.151905 0.469334 0.0474082  0.00371576  0.0334002  -0.0290089  0.0612402  0.0058072  0.0244677  0.015528  -0.0972511  -0.0691018 
74 0.0177925 0.79413 0.144397 0.427683 -0.0255388  -0.0992779  0.0305426  0.00309855  -0.012342  0.0199261  0.010432  0.0162821  -0.0673654  0.0627565 
75 0.0569087 0.849191 0.279434 0.406543 0.0200505  0.0251224  -0.0118431  0.0322862  0.0507124  -0.191727  -0.00519358  0.0578215  0.124138  -0.133251 
78 0.0416824 0.848396 0.239447 0.331555 -0.121454  -0.143413  0.0729668  -0.0113544  -0.0335942  0.118359  -0.0118566  0.0167505  -0.0268023  0.0169307 
79 0.00535158 0.529491 0.0253735 0.262853 -0.0089303  -0.0131167  0.00174449  -0.00319851  -0.0014408  -0.00954155  0.0157326  0.000942121  0.00532901  -0.00297011 
80 0.00970068 1.32575 0.178345 0.252496 0.0861802  -0.085638  -0.0716805  0.0380214  0.0338153  0.0531257  0.0316464  0.0504587  0.0433738  -0.0326754 
83 0.00468186 2.53201 0.194415 0.232595 0.00854745  -0.0229975  0.00676794  0.0651884  0.0222891  0.00535907  0.152183  0.0759757  -0.0574509  0.011911 
85 0.00808038 0.967411 0.122682 0.222327 -0.00564861  0.0151298  -0.00557472  -0.0134471  0.0253718  0.0130502  -0.0400779  -0.036026  0.0756547  -0.071668 
86 0.00838342 0.774662 0.0958975 0.203424 -0.0440225  0.0386017  0.00741259  0.0120643  -0.00452519  -0.0618448  0.00871406  0.03979  -0.00110253  0.00788134 
87 0.0051253 0.616837 0.0490054 0.18175 0.0245732  0.00586246  0.00759854  -0.020463  -0.019549  -0.00524049  -0.0223085  0.000104197  0.019054  0.0040606 
88 0.003004 0.99204 0.076835 0.167095 0.0147503  -0.00683268  0.00210828  0.0141681  0.0324208  -0.0283116  0.0203504  -0.038939  0.0264184  0.0308743 
89 0.00211581 1.82122 0.105625 0.157865 -0.0203368  0.00482165  0.0280596  -0.0483914  -0.00962756  -0.0264088  -0.0574213  0.023575  -0.0444505  0.0311738 
90 0.0114999 0.783861 0.114137 0.151022 0.017802  -0.0024399  0.0555359  -0.00752818  0.0207373  0.0727139  0.0108805  -0.0495699  -0.0158597  -0.0319219 
92 -0.000151976 -11.2309 0.0844125 0.106646 0.0190001  0.0410526  -0.00509916  -0.0249893  0.0117499  -0.038335  0.0259101  -0.0412267  0.0177587  -0.0116062 
95 0.000775567 0.642396 0.0210203 0.107357 0.000760044  0.00659486  -1.97671e-05  0.0049475  -0.00977335  0.00842521  0.00443688  -0.00590773  -0.00829288  0.00913484 
96 0.00341225 0.634093 0.0428077 0.103683 -0.00651489  -0.00310541  0.0164229  0.016502  -0.00846472  0.0114997  0.00795418  -0.0022264  0.0301041  0.00774676 
99 0.000841735 1.39731 0.0549466 0.0856956 0.0300361  0.00402541  -0.00343237  0.0181658  0.00303325  0.00750287  0.000409325  0.0311146  -0.026813  0.00250208 
100 0.000465979 0.55879 0.010472 0.0806372 -0.00523593  -0.000136007  -0.00211857  -0.000832175  0.00562914  -0.0018193  0.00160287  0.00259742  0.00467967  -0.00329171 
101 0.000330325 0.870792 0.022133 0.0776948 -0.00311523  -0.0166638  0.0044937  0.000453999  -0.00474566  0.00228803  0.000785815  0.00742109  -0.00102796  -0.00987844 
107 -1.60574e-05 0.367036 0.0029224 0.0755395 0.0012725  0.00121698  0.000499194  0.000196246  2.82582e-05  -0.00179213  0.000395276  -0.000445179  0.00100652  -0.000756553 
108 -0.000211256 0.148204 0.0172429 0.0756457 -0.00271165  -0.00402306  0.00437511  -0.00138228  -0.00125981  0.00816491  0.0066138  -0.00861565  -0.0073412  0.00355109 
110 0.00380447 0.666962 0.0504222 0.0770295 -0.00352872  0.0178132  0.0294755  -0.00415222  -0.0231937  -0.00541503  0.00468988  0.0112143  0.0137784  0.0205356 
112 7.62671e-06 63.6367 0.043882 0.0462201 9.68978e-05  -0.0143852  -0.0205349  0.000289548  -0.00777655  0.00184352  0.0158969  0.028537  0.0127698  0.00170449 
116 0.00109039 0.582312 0.0189576 0.0461376 -0.0120457  0.00174505  0.00665698  -0.00798967  0.00415271  0.000696022  -0.00695358  0.000736981  -0.00498242  0.00341297 
117 6.60457e-05 0.555178 0.00381822 0.0322316 -0.0029286  0.000478761  -0.000276352  0.00124915  0.000215795  0.000609204  -0.000502015  -0.000208605  -0.00182881  -0.00027992 
118 -5.90819e-07 -0.327554 0.00139848 0.0311902 -0.000147875  -0.000196227  0.000341168  -0.000683756  0.000329974  0.000983504  0.000202231  0.000230388  -0.000251648  0.000279257 
120 5.23214e-05 0.809648 0.00805009 0.0311997 -0.00416231  -0.00174456  0.000566389  1.17158e-05  0.00425457  0.00351926  -0.000245305  3.45347e-06  0.000878722  0.00357711 
124 -0.000165789 0.35996 0.00963788 0.0303497 0.0011087  -0.00180634  0.000776256  -0.00539397  -0.00155704  0.0013532  -0.00460078  -0.000482933  -0.000408705  -0.00573379 
127 -2.08892e-06 -15.2785 0.0114821 0.0329682 0.00404768  0.00501563  -0.00414582  -0.0020955  0.00387607  0.000167259  0.00575377  0.00298311  -0.00334989  0.000663275 
128 -0.00059025 0.149019 0.0287923 0.0329999 -0.00152234  0.00162095  0.00373257  -0.00498209  0.00670872  0.000624229  0.0218264  0.00518565  -0.00377506  0.0149121 
130 8.58713e-05 2.12657 0.0236356 0.0409807 -0.00771853  0.0134298  0.00930394  -0.000233348  0.0015422  0.00429771  -0.00354947  0.000194699  0.00712902  0.0121566 
131 0.00050514 0.688548 0.0195188 0.0399193 -0.00654156  0.00166384  -0.00109227  0.00604336  -0.00525224  -0.0120907  0.00162004  0.000816277  -0.0084283  -0.00704359 
132 0.000174454 0.545607 0.00564249 0.032993 -9.87631e-05  0.0021823  -0.000816296  -0.00141283  -0.000752078  -0.00235941  -0.00215839  -0.000965958  -0.00119237  -0.00335517 
136 0.000108515 0.850829 0.01234 0.0302341 -0.00129558  -0.00980213  -0.000493251  -0.00430218  -0.000675052  -0.0045965  -0.00300853  5.64072e-05  0.000753127  -0.0021349 
138 0.000100108 4.67046 0.0408603 0.0283829 -0.0041665  0.00116923  0.000297809  0.0211254  0.00343662  0.0183006  -0.0100371  -0.00893616  0.0213746  -0.0148416 
139 0.000366166 0.659731 0.0152961 0.026561 0.00173945  0.00237046  -0.00282987  -0.00369892  0.00269008  -0.00878882  -0.00254096  -0.00629857  -0.00614127  0.00594237 
140 -3.26486e-06 -0.011817 0.00258535 0.0184224 -0.00156743  0.000499938  0.00100284  0.000583135  -0.000220003  -0.00113584  8.98508e-05  -0.000871302  0.000635324  0.000349459 
141 1.85418e-05 0.528462 0.00145296 0.0185108 -0.000358497  0.000116331  0.000597731  -0.000543666  -0.000654454  0.000253978  0.000347659  0.000332396  -0.000685983  -0.000348506 
142 -3.0864e-05 0.151543 0.00655896 0.0180031 -0.00478427  -0.000858825  0.00104742  0.0002827  0.00141699  -0.00371837  0.000769554  -0.000661302  -0.000550896  -0.0010242 
148 -8.19825e-05 0.444735 0.00425761 0.0188408 -0.00159757  0.00151277  -0.00165402  0.00117129  -0.00135833  0.00121239  -0.00180273  0.000972107  0.000823535  0.000995425 
149 -8.10092e-05 -1.3347 0.0243823 0.0209036 0.0068165  -0.00672274  -0.00553009  -0.0130136  0.00779436  -0.00113845  -0.00146997  0.00735295  -0.0133248  -0.00265996 
151 -0.000538958 0.357045 0.0175614 0.022759 0.00118943  -0.000836763  0.0067629  -0.00459982  0.00994594  0.00466253  -0.00152689  -0.00685161  -0.00649492  0.00522227 
152 -7.94768e-05 0.285072 0.00826635 0.0325127 0.000364758  -0.000258703  -0.00309709  -0.00170434  -0.000580207  0.00358004  -0.00137805  -0.00290287  0.00491482  0.00282865 
155 -0.000133538 0.464507 0.00435529 0.0337129 0.00202491  0.00177323  -0.00137502  -0.000354292  0.00137329  0.000616087  -0.00138588  -0.000219398  -0.000378209  0.00230876 
162 5.40677e-05 0.840205 0.0085776 0.0356385 0.000655755  0.00484652  0.00555907  -3.02631e-05  0.00213928  -0.0023184  -0.00280125  6.65011e-05  -0.000901635  -0.000369521 
163 4.0853e-05 0.614855 0.00433234 0.0348717 -0.00108663  -0.000422359  -0.00125433  0.00195982  -0.000295883  0.000960184  0.00290956  0.000132823  0.00102085  0.00120869 
167 0.000243546 1.85014 0.036262 0.034281 -0.000338315  0.000173129  0.020389  0.0167126  -0.0133545  -0.0167811  -0.00834346  -0.00123915  0.00906231  0.00255849 
168 -0.000182825 0.48244 0.00358605 0.0305232 -0.000431655  0.00120007  0.00170938  -0.00013959  0.00123705  -0.00121139  -0.00108982  -0.00143361  9.51521e-05  0.001429 
170 -0.000256483 0.431315 0.00839688 0.0333843 0.00199562  -0.00439581  0.000974195  0.000410852  0.00135114  -0.00629428  -0.00171526  0.000316142  0.000827666  0.000955709 
171 -6.62824e-06 0.0307993 0.00352703 0.0370274 0.00111239  0.00239707  0.000185207  -0.000105543  0.00117969  -0.000241499  0.00140302  -0.000729938  -0.00110872  0.00048024 
174 0.000224656 1.06507 0.0225327 0.0371168 0.00763582  0.00685379  -0.00380876  -0.000546292  0.00365457  -0.00336952  0.0155005  0.0107395  -0.00270161  0.000161699 
177 7.93464e-05 4.10687 0.0338314 0.0339562 -0.00561856  -0.00200865  -0.00291386  -0.00805305  -0.00552399  0.0212658  -0.0210949  0.00357119  -0.00739496  -0.00635889 
180 0.000290885 1.49467 0.0340154 0.032767 0.0045179  -0.00955161  -0.0072601  -0.0154023  -0.0032884  -0.00922328  0.00939512  0.0139081  0.0153596  -0.0119145 
182 -0.000797006 0.310567 0.0245852 0.0279792 0.000144853  -0.00314175  -0.00250432  -0.00193441  0.0153691  -0.00110166  0.00545883  0.000524663  0.0177424  -0.00149554 
184 0.000296976 0.58793 0.0102215 0.0397512 -0.000672896  -0.000171943  -0.00369015  0.00564635  0.00305229  0.000936305  0.000214672  -0.00467929  -0.00472188  -0.00201674 
186 0.000260852 0.931371 0.0212143 0.0358222 -0.010507  -0.002649  -0.00030323  0.00599087  -0.00307489  0.00497862  -0.00429272  -0.000374347  -0.0126715  0.00912527 
187 -0.000193295 0.243101 0.0140947 0.0319752 -0.00486085  0.00171579  -2.16439e-06  -0.00120163  -0.000567168  0.00946277  0.00106134  -0.000326111  -0.00891884  -4.49272e-05 
188 6.36742e-05 0.748913 0.00796221 0.0348672 -0.00233138  -0.00352941  0.00291992  -0.00254353  -0.0033949  -0.00172838  6.78959e-05  -0.00288485  0.00229263  0.00155351 
189 -0.000247637 0.377078 0.0110365 0.0339419 0.00194089  -0.000866179  -0.000483922  -0.00434036  0.00548774  -0.00436231  -0.00293115  -0.000876474  0.00626963  0.000632878 
190 0.000125086 0.850709 0.0132464 0.0374128 -0.00373112  0.00207055  0.00473716  0.00470383  0.00282695  -0.00168537  0.00831009  -0.00365231  -0.00386698  -0.00212374 
192 0.000567862 0.731099 0.0229108 0.0357021 0.00700335  0.00410446  -0.0106223  -0.00508729  -0.0102531  -0.00836039  0.00951246  -0.0050402  -0.00210781  -0.00499418 
193 -0.000110928 -0.0134583 0.0150944 0.0265884 -0.00523483  0.00087757  -0.00573039  -0.000650834  -0.0102735  -0.00531628  -0.003167  0.000192251  -0.00473043  -0.000393531 
194 -3.2309e-05 0.415551 0.00330371 0.0285985 -0.00039885  0.000242981  0.000452104  -0.000113279  -0.000616343  -0.00152214  -0.000389684  -0.000422637  -0.000124246  0.00272698 
195 -0.000869674 -0.000614984 0.0417402 0.0291579 0.0105833  0.0298275  -0.0140874  -0.00845193  0.00238736  0.0117533  0.000271068  0.00328568  0.013126  -0.0119862 
196 2.79384e-05 13.2192 0.037698 0.0414758 0.0101797  -0.0167571  -0.00639281  0.0231986  -0.0127359  0.00095641  -0.00300852  0.01533  0.00650608  -0.00285721 
197 -9.21167e-07 0.496645 0.000111181 0.0411376 -5.45218e-05  -1.67068e-06  -3.99593e-05  -1.15486e-05  6.85138e-05  3.61945e-05  1.931e-05  1.83394e-05  -2.97584e-06  3.05534e-05 
198 -0.000121065 0.0431549 0.0148744 0.0411488 0.0101041  -0.000281221  0.00512076  0.00152317  0.00159933  -0.00655624  -0.00503647  0.00286539  0.00275494  0.00195579 
199 0.000727763 1.01616 0.0387557 0.0425945 -0.0069997  0.0160892  0.0222506  0.00855311  0.0118771  -0.00242794  0.00957502  -0.0131434  -0.0132107  -0.00632416 
200 -4.79457e-05 0.422651 0.00385172 0.0329666 -0.00142583  0.000349145  -0.000372376  0.000272191  0.00257336  0.00164751  -0.00130884  0.000337799  0.00060796  -0.000966877 
201 4.4312e-05 0.666964 0.00544007 0.0336859 0.00108338  -0.00253549  0.0030973  -0.00123754  0.00190239  -0.00168991  -0.000898317  0.00178221  0.000387909  0.00050843 
208 -0.000193784 0.41276 0.00822482 0.0330217 0.0039077  0.000243419  0.00159866  0.00101601  0.0014954  -0.00483886  0.00148588  -0.0013758  -0.00387672  0.00198742 
209 0.000141926 0.898616 0.0150427 0.0358362 -0.00713465  0.00298459  0.00972758  0.00296993  -0.00109838  0.00314884  -0.00128353  -0.00233502  0.00522712  0.00418116 
211 1.89977e-05 8.97709 0.0253796 0.0337982 0.000371648  -0.00938361  -0.00529744  0.0136232  -0.00237775  0.0126871  -0.0033894  -0.000990279  -0.00411357  0.0120943 
212 3.94511e-06 0.719979 0.00186316 0.033516 0.00118939  -0.000382286  -0.000375534  0.000171636  -0.000988862  0.000236173  7.73198e-05  -0.000641094  2.93075e-05  0.000537228 
215 -6.16593e-05 0.457833 0.00322526 0.0334571 0.00149005  -0.00104894  -0.000502986  0.00138761  -0.00083271  0.000426067  0.000830315  -0.00145635  -0.000690827  -0.000860639 
216 1.54735e-05 0.526815 0.00128833 0.0343662 -0.000644174  -0.000215094  0.000583936  -2.29922e-05  0.000144798  -6.81892e-05  -0.000145236  -0.000852562  -0.00025145  -0.000142324 
218 -0.000157281 0.443022 0.00598844 0.0341404 -0.000651996  0.00224866  0.00332191  0.000976131  0.00249221  -0.00199298  -0.0012666  -0.00250687  0.000414368  -0.000385377 
221 -1.19931e-05 0.491121 0.000652692 0.0363711 -0.000365315  0.000263578  0.000200007  0.000104216  6.24158e-05  0.000286581  0.000170077  0.000138716  -9.97957e-05  0.000167518 
222 -0.000596317 0.13003 0.0297123 0.0365356 -0.00748936  -0.0030949  0.0130887  0.00170005  -0.0110255  0.00499254  0.0162739  -0.00592942  0.0140146  -0.000238075 
226 0.000278724 0.529634 0.00575087 0.0439471 0.00247301  0.000423867  -0.00219754  -0.00156567  -0.00117892  -0.00240879  -0.00129012  -0.000440615  -0.00309003  -0.000947398 
229 -6.38937e-06 0.244071 0.00255752 0.0406529 0.000966623  0.000747829  0.000134115  -0.000986161  -0.000443545  -0.000646207  0.0010536  -0.00111683  -0.000138921  0.00103239 
230 0.00115635 0.656784 0.0269327 0.0407314 -0.00200969  0.00208601  -0.0183347  -0.0145183  0.00291003  -0.00866771  -0.00525745  0.00564239  -0.0041317  0.00314524 
232 -1.93986e-05 -0.313145 0.00794328 0.0224359 0.00206886  0.000399184  0.0024729  -0.00258725  -0.00446467  -0.00146611  -0.000780246  0.000791454  -0.000679301  0.00469762 
234 8.36506e-05 0.537699 0.00355205 0.0228642 -0.000278254  -0.00179815  -0.000686939  -0.00125407  -1.49429e-05  -0.00126615  0.000313265  4.50025e-05  -0.00182142  -0.00149688 
238 -0.000109744 0.384 0.00713648 0.0209553 -0.000198587  0.0039394  -0.00362007  -0.0010433  -0.00220774  -0.00245783  -0.00191898  -0.00253928  -0.000196863  -0.000305789 
240 -0.000487741 -0.013657 0.0316601 0.023428 0.00634435  -0.00500585  0.0154368  0.00896883  0.00291306  0.0121266  -0.0140549  -0.0100502  -0.00341565  -0.0123517 
242 -0.000329115 0.163017 0.0210648 0.0321983 0.00363584  0.00678043  -0.00424242  -0.0111267  -0.000993024  0.00587131  -0.00603273  0.00161985  0.00086692  -0.0129423 
246 -0.000208162 -0.167323 0.023573 0.0369581 0.010308  -0.00877192  -0.00313383  0.00205209  0.00339565  -0.000974194  -0.00483084  0.00483168  -0.0141307  0.00998068 
247 -0.000650877 0.353237 0.0195555 0.0396748 0.00604055  -0.00890093  0.00315526  0.0027289  0.00352556  0.000479134  0.00366999  0.00524821  -0.0109359  0.00871976 
248 -0.000397671 -0.633649 0.0424654 0.0471718 -0.00438611  0.0212565  -0.0109163  -0.00126073  -0.0146551  0.016866  -0.00624028  0.006487  0.0214578  0.0130685 
250 0.000889066 0.900064 0.0377126 0.0512145 -0.00955565  -0.011933  -0.00180452  -0.0124387  0.0191119  0.00983506  0.0208988  -0.00881485  -6.02923e-05  -0.00735516 
