generation s h r distopt trait[0] trait[1] trait[2] trait[3] trait[4] trait[5] trait[6] trait[7] trait[8] trait[9] 
1 0.0394236 0.501585 0.0315065 2 0.00991474  0.00633214  0.0197703  0.00025605  0.00170065  0.0120912  0.0121107  -0.00634536  0.00895204  -0.006868 
3 0.102729 0.620873 0.227475 1.99031 0.0359723  -0.013137  -0.0135569  -0.0357271  -0.139098  -0.128127  -0.0330292  -0.00709559  -0.103113  -0.0357697 
4 0.0818451 0.515523 0.0892901 1.96559 0.0207723  -0.0151389  0.0110789  0.0425648  -0.0132036  -0.0148464  -0.0330564  0.0341208  0.039183  0.0345042 
6 0.0622271 0.865499 0.298485 1.94548 0.0337759  -0.00405393  -0.163458  -0.00899811  -0.0498556  0.0514898  0.0385384  -0.0165643  0.120025  -0.199585 
7 0.202066 0.497948 0.124119 1.9299 0.043113  0.00561609  -0.0207557  0.058202  0.0550245  0.0150618  -0.0391798  -0.0177176  -0.0637799  0.0229256 
10 0.0370637 0.498609 0.0214422 1.88161 0.0108171  -0.00368553  -0.0041015  0.00271251  0.0091951  -0.00883257  -0.0106819  0.00122881  0.000864135  -0.00510605 
11 0.176454 0.522855 0.16729 1.87192 0.0501331  -0.056192  0.0745474  0.0319777  -0.0550015  -0.00771413  0.0825743  -0.0695427  0.0266518  -0.0168975 
12 0.125254 0.496212 0.0719207 1.828 0.0277775  -0.0192712  0.0181823  -0.0215883  0.0173978  -0.0297474  0.016449  0.022461  0.00638915  0.0350641 
13 0.060766 0.547072 0.113263 1.79543 0.0219665  -0.0628033  -0.0153911  0.0637489  0.03043  0.022073  0.000428267  0.0341618  0.0388485  0.00336038 
15 0.147192 0.493611 0.0769122 1.77892 0.0400441  0.0495594  -0.00874795  0.00264475  -0.0387102  -0.00598029  -0.0138668  -0.00567896  0.000392477  0.00365576 
17 0.0468825 0.506786 0.0478815 1.7399 0.0110372  0.0085247  0.0164282  0.00456457  0.0118402  0.0289526  0.0129042  -0.0245183  -0.00476886  -0.00621085 
18 0.0158104 0.503243 0.018069 1.72668 0.00676535  -0.0111648  0.000234757  -0.00155968  -0.00266319  -0.00634184  -6.93363e-05  0.00285453  0.00318152  -0.00938049 
19 0.102162 0.508692 0.09004 1.72214 0.0268241  0.00527357  0.0431286  0.0119408  -0.00802062  -0.023925  0.0385826  0.0439203  -0.0207358  0.0295443 
20 0.100864 0.498369 0.0631578 1.69366 0.0275574  0.0204682  0.00127178  0.0156266  0.0260911  0.0229055  0.0231319  0.0224132  0.0178884  -0.00137986 
21 0.113353 0.516225 0.112775 1.66505 0.0415342  -0.0218977  0.0055806  0.078644  0.00514252  0.0563672  -0.0177783  -0.013873  0.0213639  0.0113541 
22 0.0129521 0.502633 0.0147769 1.63248 0.00368436  -0.00252026  0.00152115  -0.00155832  -0.00595875  0.00675182  -0.00118345  0.00690019  -0.00677393  0.00420664 
25 0.0292486 0.587213 0.102271 1.62854 0.0118334  0.00475238  -0.0271532  -0.0265715  -0.0646442  -0.0106276  -0.0119586  -0.0470832  -0.0468862  -0.00184418 
26 0.138258 0.508022 0.111923 1.61966 0.0455752  0.00369611  0.0019456  0.0166329  0.0222724  -0.00424003  0.0495258  -0.000311133  0.0805984  0.026317 
29 0.146898 0.655999 0.306396 1.57918 0.08554  -0.108222  -0.00893849  -0.125036  -0.0656772  -0.027931  0.106784  0.104073  -0.0637187  -0.166576 
33 0.0899433 0.550029 0.144552 1.53517 0.0653166  -0.0561441  -0.00702049  0.0214756  0.0056387  0.0526283  0.0537481  -0.0218186  0.0562099  -0.0603359 
34 0.0860362 0.499197 0.0560353 1.50686 0.0231532  -4.0028e-05  -0.00688679  0.0270383  -0.00271911  0.01973  -0.0241329  0.00534311  -0.0195498  0.0208705 
37 1.05705 0.465654 0.398134 1.47922 0.259774  0.0533046  -0.0745751  -0.0786547  0.077458  -0.179238  -0.115503  -0.12302  -0.0991694  -0.00193181 
38 0.0141043 3.49294 0.405401 1.21112 0.145316  -0.0876352  0.18989  0.156168  -0.069898  0.078882  -0.050217  -0.0993838  0.0772187  -0.213628 
40 0.559631 0.497169 0.304975 1.20533 0.105435  0.0898367  0.00692785  -0.0994779  -0.022672  -0.0164077  -0.0601764  0.0133768  -0.134738  0.202832 
42 0.0986777 0.521186 0.1113 1.00417 0.0612266  0.00873724  -0.0247362  -0.0112053  0.0149096  0.00402014  -0.0649123  -0.00092035  0.0457137  -0.0358126 
43 0.0871129 0.579883 0.173413 0.956166 0.0253062  0.134404  0.00589617  -0.0571561  -0.0381653  -0.0364388  0.0167438  -0.00974438  0.0559977  0.0420759 
45 0.00437146 2.08667 0.166126 0.911442 0.0266275  0.0340787  0.0148002  -0.0339028  -0.0290688  0.109238  0.0813398  -0.019792  -0.0508514  -0.04458 
48 0.0552124 0.538194 0.0982041 0.909046 0.0157793  -0.00542427  0.00302194  -0.0353889  0.0354405  0.0620746  -0.0333443  -0.00512387  -0.0398508  0.0163907 
49 0.157659 0.526665 0.162061 0.87899 0.0595673  -0.0362233  0.0282207  -0.0183436  0.0762572  0.0476293  -0.0595241  0.0756713  0.0504187  0.0193787 
51 0.0497917 0.5107 0.0570904 0.791343 0.032204  0.0392441  0.0114397  -0.00481706  0.0141748  0.00915209  0.0100824  -0.00455217  -0.0108974  0.00149343 
68 0.0274165 0.508508 0.0358618 0.760021 0.0269295  -0.00627396  -0.00245331  0.00891051  -0.000798994  -0.0117895  0.0110643  -0.00175279  0.00511058  -0.0120356 
70 0.0130602 0.522256 0.0352017 0.742013 0.0124409  0.0215534  0.000228832  0.0127853  -0.00639461  -0.00968068  0.0143461  -0.00930117  -0.00542029  -0.00010326 
78 0.136793 0.560399 0.197553 0.733218 0.0942075  -0.106828  -0.0646885  -0.0341715  -0.0294552  0.0272559  0.0167802  0.00670611  -0.0399371  0.0992752 
80 0.0163132 0.540455 0.0524265 0.639842 0.0277171  0.000350143  -0.00665329  0.0194312  -0.00297595  0.00857355  0.00905829  -0.0178892  -0.0325836  0.00349412 
81 0.0213017 0.613288 0.0988026 0.627069 0.00864816  0.00629183  0.0250203  -0.0477061  0.0304976  0.038527  -0.0478807  -0.00668869  0.0398797  0.0200889 
82 0.020002 0.577486 0.0795583 0.610031 -0.0191623  0.0114465  -0.012529  -0.0244811  0.0533812  -0.0232562  0.0114856  0.0368709  -0.0123452  0.00638823 
88 0.062392 0.809906 0.275934 0.593577 0.0388328  -0.0454624  -0.0560913  0.0926107  -0.0814104  -0.0699866  0.0140079  0.184074  0.0312484  0.119416 
90 0.0658053 0.591423 0.158936 0.540195 0.0837814  0.0502385  0.00588964  0.0738179  0.0317913  0.0457117  -0.0136126  0.0619891  -0.0554254  0.00579957 
95 0.00938091 0.507727 0.0182252 0.477577 0.0097965  0.0116672  0.0011095  -0.00177564  0.00251934  0.00510549  0.00287977  0.00246656  -0.0035462  0.00602612 
96 0.00770923 0.531348 0.0315013 0.467699 0.00678335  -0.00185849  0.0035712  0.000665984  0.00751685  -0.0227707  -0.00180891  0.00866309  -0.0151447  0.00685402 
97 0.0182694 0.524069 0.0436631 0.459416 0.020401  0.00632866  -0.00420459  0.000387307  -0.00243274  0.00440778  0.00677027  -0.000550102  0.00589429  0.0364165 
98 0.0176665 0.546127 0.0581644 0.43927 0.013391  -0.0179476  0.022464  -0.00546078  0.0304  0.00475903  0.0194359  -0.00704424  0.0126037  -0.0285338 
99 0.0180296 0.529197 0.0473916 0.418863 0.00262988  -0.0106316  0.0124925  -0.00691468  0.0294362  -0.026132  0.00297231  -0.00404972  0.0179695  0.0049624 
101 0.00830944 0.603788 0.0588913 0.39696 0.0220991  -0.0265501  -0.0137358  0.0113437  0.0285294  0.0105015  0.0172428  -0.0133034  0.000383055  -0.0236412 
102 0.00499353 1.85706 0.164195 0.386396 0.0215297  -0.00735015  -0.0855623  -0.0305365  0.123112  -0.0326709  0.0229463  0.0323458  -0.0163093  -0.0112445 
103 0.0570089 0.953762 0.317645 0.379896 0.0695275  0.11702  -0.0860203  0.0402903  -0.0698978  -0.0194337  -0.144762  -0.156949  0.114404  0.0969923 
104 0.0119912 0.575558 0.0605967 0.298123 0.0319127  0.00624509  0.00957211  0.00263468  0.0102911  0.00203188  -0.0016113  -0.0161454  0.0069321  0.0457669 
105 0.00852954 0.527135 0.0309487 0.277412 0.000488923  0.0143284  0.00633576  -0.0178327  0.00990002  -0.00882073  0.00876234  0.0108395  0.000192117  0.00489977 
106 0.0115556 0.806461 0.11885 0.261657 0.0211819  0.0220572  0.00157862  0.00695546  -0.0257471  -0.0453744  0.0691955  0.0475384  -0.0521704  -0.0254513 
107 0.00373343 0.590461 0.036812 0.238694 0.00879431  -0.00513639  0.0167117  0.0142421  -0.0117137  0.0168111  0.00709681  -0.0101923  -0.00658073  0.0123248 
108 0.0241389 1.00832 0.220202 0.230756 0.147157  -0.0727149  0.117678  -0.0201405  -0.0159538  0.0145592  -0.0767185  0.025297  -0.00641798  -0.0160972 
114 0.00797363 0.607229 0.058622 0.171453 -0.0196165  0.020216  0.0280058  -0.0194218  0.0225871  -0.00389191  -0.00985608  0.0123523  0.0259889  -0.00557143 
117 0.00655439 1.34688 0.148631 0.146473 0.020482  0.0163302  -0.0358039  -0.095333  0.0224401  -0.0203377  0.0891791  0.0169819  0.031939  -0.029257 
118 -0.000488949 -1.52922 0.062991 0.122153 -0.0274882  8.48892e-05  -0.0065882  -0.0320605  0.0114311  -0.0282479  0.00342376  -0.0340435  -0.00216057  0.006084 
119 0.00389922 0.901178 0.0790421 0.124138 -0.000382658  0.0188376  0.0207772  0.0363191  -0.000821363  0.00121198  -0.0331084  -0.0387624  0.0327134  -0.0216999 
125 0.0020997 0.714902 0.0424831 0.107325 0.0208134  -0.00920686  0.00404153  0.00620958  0.0037571  0.03321  0.00729412  -0.00432724  0.00460145  0.00467258 
127 0.000749164 3.97064 0.101898 0.0970629 0.0169241  -0.0290142  0.0209951  0.0296037  -0.00492587  -0.0314265  0.0220979  -0.0327424  -0.0677347  0.0278843 
128 0.00121701 0.558445 0.0168841 0.0931253 -0.00691152  0.000725343  -0.00358342  0.0010459  0.00534949  -0.000281551  0.00936271  0.00862788  0.0023622  0.00514433 
129 0.00145718 1.22125 0.0648053 0.0863484 -0.029941  0.0261424  0.0243666  0.00461483  -0.0209355  0.0300635  0.0237662  0.00651174  0.00246029  0.00702934 
130 0.00117634 0.543976 0.0144044 0.0774592 -0.000811243  0.00197853  0.00532201  -0.00413516  0.0105322  -0.00166766  -0.00575816  0.000165017  0.00271364  -0.00179919 
134 0.000614617 2.49515 0.0700049 0.069457 -0.00273872  0.00359758  -0.018215  -0.0166036  0.00578034  0.00395945  -0.0565052  -0.000198124  0.00581609  -0.0315751 
136 0.000260661 0.823861 0.0183752 0.0648834 -0.000518995  0.000392268  0.00597301  0.000880009  0.0117672  0.00864881  0.00157679  -0.00859339  0.00245777  -0.0022649 
138 0.000154339 1.29662 0.0221752 0.0628429 -0.00726924  0.00432366  -0.00761464  -0.000897435  0.00737592  -0.000849968  0.00823565  -0.00778001  0.0110883  0.00741516 
139 -7.10022e-05 0.463487 0.00322071 0.0616027 0.00146698  0.000498397  -0.00125305  0.00112678  -0.000230443  -0.000698912  -0.000105612  -0.00203734  0.000104597  -0.000646809 
140 -9.78685e-07 0.499511 4.37647e-05 0.0621764 -1.85263e-05  2.78026e-05  -6.1125e-06  -1.01865e-05  -1.69274e-05  -9.93445e-06  -3.16482e-06  -1.28867e-05  -9.6816e-06  1.72171e-06 
141 -0.000523601 0.375302 0.0161668 0.0621843 -0.0103112  0.0062045  0.00630056  -0.00310099  -0.0011925  -0.00184983  -0.00225942  0.00405708  0.00559938  0.00307774 
145 0.00122389 0.632132 0.0254394 0.0662618 0.0119717  0.00536524  -0.00972699  -0.00249315  0.0146552  -0.00791496  -0.00303918  0.00442649  -0.00780379  -0.00265988 
148 0.00102102 0.751403 0.0320408 0.0562804 0.00364132  0.0104587  0.0110442  0.0113846  -0.00545838  0.00137171  0.0060328  0.00367361  -0.0223474  -0.00845081 
159 -0.000325634 -0.879456 0.0423879 0.0463355 -0.0100281  -0.00316234  -0.0205267  0.0236981  0.0161006  -0.0113686  -0.00830294  0.0104115  0.011214  0.00341407 
160 -3.2788e-05 -3.41878 0.0226701 0.0497259 -0.00325197  0.00807767  0.00573283  -0.00894394  -0.0042071  -0.00578057  -0.00228585  0.00314495  -0.0153483  0.00484211 
162 -0.000492028 0.346413 0.0173914 0.0500545 -0.00238382  0.00762129  0.00247366  0.000178663  -0.0101761  0.0028761  -0.00400743  0.00544044  -0.00859807  -0.00106444 
164 -0.000425169 -0.198294 0.0344636 0.0547504 -0.0154085  0.00729074  -0.00647757  0.000169004  0.00685502  0.0143159  -0.0020431  0.0113921  0.0106341  0.0188732 
165 -6.44221e-05 -3.61348 0.032556 0.0585053 0.0182434  0.0019427  -0.00142234  -0.00528078  -0.0045564  -0.0136552  0.001462  0.0158403  -0.00691717  -0.013611 
167 0.000641818 0.79861 0.0276857 0.0590533 -6.09451e-05  -0.0163304  -0.00816748  0.0106477  0.00246638  0.00703377  0.0114381  0.00749273  -0.00373528  -0.00795336 
169 -0.000135693 0.423982 0.00642435 0.0533449 -0.00415431  0.00295129  -0.00178544  0.00106265  -0.00158007  -0.000574958  0.0015827  -0.00213121  0.000916419  0.000522297 
172 0.000550808 0.540035 0.00939859 0.054602 0.000881123  0.000794847  0.00417077  -0.00406996  -0.000266486  0.00221785  0.00620838  -0.000101974  0.00303897  0.000431181 
176 3.55506e-05 2.08564 0.0150157 0.0493024 -0.00206888  0.000487455  0.00319392  -0.00254869  -0.00429222  -0.00923295  0.00727846  -0.00426116  0.00314856  0.00442045 
179 0.000137235 7.62282 0.0625127 0.0489405 0.0296057  -0.0142739  -0.00974986  -0.0293005  0.00855533  0.0248893  0.0277405  0.00182564  0.0112439  0.0167943 
180 0.000301747 1.48568 0.0344876 0.0475179 -0.0139797  0.000578869  0.0086141  0.013635  -0.0010144  0.00933097  -0.00769455  -0.00592585  0.0234403  0.00128243 
181 0.000192454 0.58594 0.00813445 0.0442295 0.00292583  0.0026311  -0.00170486  0.000791107  -0.00317281  -0.00160675  -0.000804584  0.00220882  -0.00462245  0.002759 
182 0.000350713 1.09695 0.0289354 0.0419977 -0.00466112  0.00559834  0.00206401  0.00452443  0.0127486  -0.00658643  -0.00892494  -0.00376983  -0.00353767  -0.0211464 
183 0.000508187 0.616803 0.0154108 0.037592 0.00279997  0.00426153  0.00142972  0.00385113  -0.00351281  0.00108776  -0.005273  -0.00875528  -0.00806512  -0.00340406 
185 -0.000423697 0.324326 0.017259 0.0300849 -0.00448595  0.00904779  0.00239705  -0.00543839  -0.00527641  0.00503796  0.00381187  -0.0093863  -0.00178692  -0.00123165 
186 -0.000353595 0.305312 0.0165971 0.0364539 0.00177626  0.00262403  0.000154612  -0.00511675  -0.00140433  -0.00796052  0.00019298  -0.00487432  -0.010256  -0.00670039 
188 0.000157812 0.573068 0.00679209 0.0410188 0.000962376  0.000330673  0.00226626  0.00163837  0.00533502  0.00189987  -7.27947e-05  0.00180596  -0.000792994  0.0011442 
190 -0.000156262 -3.05266 0.0471184 0.039048 0.0350237  -0.00231022  -0.00517939  0.0120535  0.0075419  0.00452208  0.00876587  0.0180307  0.0045463  0.0177791 
191 -0.00106488 0.250784 0.0325965 0.0410002 -0.00858854  0.0115796  0.00715573  0.00447655  0.00979011  -0.0196971  0.0022647  0.00233625  0.00823133  0.0148753 
193 0.00100289 0.792537 0.0342531 0.0524067 -0.00410541  -0.010978  0.00184263  -0.0170331  -0.00609442  0.0193999  0.00756202  -0.00145413  -0.0120143  -0.0111913 
197 0.00027414 0.563292 0.00833248 0.0417621 -0.000278222  -0.0014301  -0.00272124  0.000358515  -0.0048931  -0.00354035  -0.000463071  -0.00232535  0.00169816  0.00384605 
198 -3.42446e-05 0.485496 0.00140974 0.0383402 0.000430318  -0.000117678  -0.000689578  -0.000274434  0.000344264  -9.89603e-06  -0.000231977  0.000511429  0.000560996  0.000699139 
199 -0.000242816 0.357626 0.0117612 0.0387843 0.00298168  -0.00252081  -0.00326312  -0.000299233  -0.00606665  -0.00419309  0.00390527  0.0028064  -0.00245061  0.00536893 
201 0.00013206 2.17976 0.0297854 0.0417979 0.00455583  -0.0155768  -0.000854513  0.00936085  -0.0117768  0.0139657  -0.00858836  0.0039468  0.00307094  0.010145 
204 -0.000465081 -0.538091 0.0439463 0.0401872 -0.0057748  -0.0228772  -0.0116647  0.0153117  0.0206282  0.00571702  0.00711334  -0.0107606  -0.00921194  -0.0171638 
207 0.000809168 0.894828 0.0357426 0.0456092 0.00173909  0.0127447  -0.0041958  -0.0124319  -0.0152659  -0.0236343  -0.00461806  -0.0111762  0.000244283  -0.0014168 
208 -9.63338e-05 0.175397 0.0111843 0.0356562 -0.00350213  0.000968447  0.00163123  -0.00089726  -0.00454715  -0.000793418  0.00326823  0.0051925  -0.00429642  -0.00556887 
213 2.28926e-06 66.6216 0.0246055 0.0369824 0.00189138  -0.000300566  0.0110448  0.0116175  -0.0129318  -0.00405657  -0.00642047  -0.0104249  -0.000857079  0.00323817 
215 9.74346e-05 0.826888 0.011287 0.0369515 -0.00275918  0.0029365  0.0091241  -0.00144935  -0.00314138  -0.00170697  -0.00215281  0.000629116  -5.95779e-05  -0.00282763 
217 4.22835e-05 0.534309 0.00240907 0.0356087 -7.67966e-05  -0.000104454  0.00193531  2.46206e-05  -0.000309259  0.00119014  -0.000540748  0.000294233  0.000327517  -0.000206139 
218 -0.000118307 -1.1148 0.0276433 0.03501 0.0122864  -0.0075301  -0.00115789  0.000755831  0.0156794  -0.00919283  -0.00980927  -0.000468342  0.00677864  0.00904648 
224 -0.000298978 0.330718 0.0142308 0.0366608 -0.000414265  -0.00418746  0.00409049  0.00562639  0.000447538  -0.00109125  0.0039606  0.00518874  0.00959851  0.000538712 
229 -0.000105468 0.431979 0.00535752 0.0405344 -0.00166982  0.000108666  0.00387599  0.00176991  -0.000869354  -0.000863498  0.000111951  -0.0017593  0.00169173  -0.000525404 
230 0.000184334 1.03979 0.019949 0.0418152 -0.00130879  -0.000147665  -0.00913054  0.0009669  -0.00365338  0.00350853  -0.00891059  -0.00532076  -0.0111701  -0.00733426 
231 -6.85065e-05 -2.34836 0.027937 0.0395499 0.000487739  0.0032886  -0.00781445  0.000193927  0.00558495  0.00842821  0.0105443  0.0152422  -0.0068206  -0.0146992 
232 3.51138e-05 0.528792 0.00201111 0.0404067 0.000530042  0.000517878  -0.000518119  -0.000603455  0.000722573  -9.45854e-05  0.000399594  -0.00102726  0.00102441  0.000259592 
234 -0.000610475 0.438814 0.0122327 0.0399699 0.00524597  -0.00131965  -0.00291599  0.00239279  -0.00490635  0.0060435  -0.000107883  0.00143325  -0.00642705  -0.00147619 
236 8.37384e-06 0.512135 0.000637564 0.046992 0.000319141  7.46906e-05  -5.14959e-05  -0.000156712  0.000304683  0.00014698  -0.000143886  -0.000359248  4.37769e-05  7.57267e-05 
237 -5.89996e-05 -4.18622 0.0332539 0.0469028 0.00279775  -0.00212935  -0.0116742  -0.000117275  0.0084359  0.0110274  0.00432812  -0.00551843  0.0201958  0.017531 
238 0.000354059 0.927394 0.0246008 0.0475277 -0.0163038  0.00408786  0.00137379  0.00985366  -0.00611465  -0.0100537  -0.00429383  -0.00776647  0.00164673  -0.00193934 
239 4.15222e-05 0.630524 0.00465606 0.0436449 -0.000547028  -0.0010533  0.000108823  0.000145687  0.00213627  -0.00200083  -0.00225497  -0.000926678  -0.00236812  -0.000344399 
242 1.21913e-05 0.604464 0.00225705 0.0431667 0.000105357  0.000877929  0.000679501  0.000361613  0.000193011  -0.001611  0.000466552  0.000214258  -0.000897561  -0.000134693 
243 0.000517103 0.752527 0.0228538 0.0430252 -0.0109738  0.0148993  0.00161855  -0.000970782  0.00299086  0.00930585  -0.00108489  0.00682082  0.00468377  0.00333707 
246 -0.000437715 0.123214 0.0256882 0.0365267 -0.00881972  0.0123266  0.00308262  -0.00134609  0.0129387  -0.0142257  0.00209572  0.00128238  -0.0016126  -0.00635789 
248 -0.000135965 0.428613 0.00623188 0.0420953 0.000460985  0.000397018  -0.000938631  -0.00146202  0.000100701  -0.00296513  -4.8219e-05  -0.00466827  0.00115692  -0.00187403 
249 0.000354044 0.71184 0.0173205 0.0436805 -0.00137582  7.1846e-05  0.0045052  0.00258564  -0.00269243  0.00174076  -0.00657915  0.00617657  -0.0104465  0.00838316 
254 0.000283671 1.67696 0.036539 0.0394208 -0.00087637  -0.0111997  -0.00103274  -0.0307529  0.0072267  -0.00834259  -0.00835155  0.00666229  0.0020318  -0.00469097 
258 0.000130709 0.715666 0.0106187 0.0356423 -0.000460085  0.00117263  0.00254446  0.00031833  0.00504572  0.00707894  -0.00211368  0.00131837  -0.00151854  0.00452908 
263 -5.02856e-05 -0.370241 0.0132304 0.033759 -0.00239423  -0.00106611  3.88356e-05  0.00466819  -0.00811204  -0.00570351  0.00123699  0.00353825  0.00125916  0.00569314 
264 -0.000131182 0.396363 0.00737516 0.0344958 0.00147314  -0.00164026  -0.00258101  0.00439153  -0.00120015  0.000164309  0.000650774  0.00439313  0.000487227  -0.00146878 
265 -0.000256655 0.425864 0.00872649 0.0363476 -0.00155268  0.00134691  0.0010804  0.00403298  0.00204052  0.00145087  -0.000637556  0.00380115  0.00577664  3.21885e-05 
266 0.000777267 0.763331 0.0286114 0.039722 0.00980684  -0.0125436  0.00704019  0.00666826  -0.0085512  0.0121527  -0.000178181  -0.00747489  -0.0127713  0.00558984 
267 0.000127342 0.695968 0.00999102 0.0282997 -0.000863536  0.00177294  0.00216358  -0.00756226  0.00212667  -0.000763736  -0.00471919  -0.00222172  -0.00123821  0.000465299 
269 -0.000770993 0.232009 0.0287577 0.0259526 0.0051075  -0.0160386  0.001049  0.00839644  -0.00314748  0.0175915  0.000539123  0.00229847  -0.00830054  -0.00884548 
270 -0.0001733 -0.964309 0.0318596 0.0380109 0.00212295  0.00722657  0.00412184  -0.00663254  -0.00672741  -0.0116265  0.0107455  -0.0140636  -0.019506  0.00481178 
271 -2.12595e-05 0.27497 0.00437453 0.0402261 0.00189286  0.000792973  0.000597779  -0.000336685  0.000318945  3.03126e-05  -0.00252416  0.000116391  -0.000509182  -0.0027762 
272 -0.000904685 0.00127855 0.0424919 0.0404895 -0.00960732  -0.0085358  -0.0295105  -0.0136409  0.0164378  -0.000144571  -0.00165263  0.0151649  0.00864375  0.00241198 
275 0.00011208 0.509121 0.00202367 0.050443 0.000121836  0.000186975  -0.00028125  0.000161841  -0.000415846  0.00090398  0.000219684  -0.000493011  0.00162198  -0.000167035 
276 -0.000261604 -1.72877 0.0482895 0.0493196 0.0148499  -0.0101904  0.0235358  -0.0076738  -0.0221343  -0.0188789  -0.0155433  -0.0162938  0.00531644  -0.00360686 
281 0.000752339 1.11628 0.0430552 0.0519043 -0.012161  0.0073307  -0.00277336  0.00202625  0.0100994  0.000428636  0.00664564  0.00272853  0.0335556  0.0189884 
285 5.16336e-05 1.73641 0.0159796 0.0440682 0.00351105  0.0011969  0.00500567  0.00419474  -0.00580964  -0.00383143  -0.00278989  -0.00227683  -0.0117265  0.000162683 
286 -0.000606756 0.250923 0.0245934 0.0434784 0.000217678  -0.0101985  0.0139915  -0.00169111  0.0097483  -0.000220097  0.00216902  -0.0124624  0.00113887  -0.00676508 
287 -9.61843e-05 -2.29158 0.032771 0.0499731 0.0151464  -0.00423687  0.00742193  0.00854902  0.0114575  0.0187043  0.0122119  0.00515113  0.00521929  -0.00379079 
289 0.00069506 0.993445 0.0370327 0.0509264 -0.00313707  0.0146945  -0.00656023  -0.00302123  -0.0288509  -0.0105063  -0.00881205  0.00226547  0.00366584  0.00738343 
291 0.000384508 0.553425 0.00906787 0.0435739 -0.00202039  0.00199677  -0.00282363  0.00493624  0.00354788  0.000396431  0.00430633  0.00229526  -0.00190977  0.00127018 
292 -5.27294e-06 0.441719 0.00110873 0.0389133 -0.000602968  0.000251857  5.34663e-05  0.000376192  0.000369961  -0.000189529  -0.000320874  -0.000363474  0.000139314  0.000480227 
296 0.000325942 0.619056 0.0124598 0.038981 0.000486288  -0.00112791  -0.00126449  0.000934233  0.00332092  0.00849778  0.00622915  -0.00418293  -0.00124009  -0.00319199 
300 -1.04537e-05 0.494308 0.000487916 0.034549 7.24159e-05  -0.000128117  -0.000190502  0.000283807  -3.51874e-05  -1.76508e-05  -4.80763e-05  0.000142176  0.000274388  -1.42486e-05 
301 0.000261111 1.00921 0.0230601 0.0346999 0.00116046  0.00590682  -0.0146584  -0.00301524  0.00925584  -0.00387564  0.00821692  0.000412362  0.00277149  -0.00977292 
306 -0.000317075 0.202157 0.0194383 0.0307085 0.007522  0.0062017  -0.00770178  0.00839643  -0.00877322  0.00140096  0.00317019  0.00386954  -0.00187299  -0.00674711 
308 0.000173217 0.863191 0.0158628 0.0354984 0.00050523  0.00562372  0.00260481  -0.0038712  -0.00708622  0.00980079  -0.00323775  0.00508445  0.00328226  0.00214418 
315 -0.000568884 0.408645 0.0144256 0.0329687 0.00425436  0.00149835  -0.00143956  0.00980787  -0.0053514  0.0015108  0.00389766  -0.0008163  -0.0063666  -0.00147478 
319 6.75957e-06 4.31425 0.0101553 0.0406937 0.00410093  -0.00248312  0.00376312  -0.00517614  -0.001349  -0.00405681  -0.00307267  0.00133069  -0.00207467  0.00232344 
320 -0.000584345 0.402228 0.0151248 0.0406106 0.00834759  0.00619446  0.00800034  0.005117  0.00128922  0.00319619  -0.00061836  0.0012482  0.00330257  0.00240684 
322 0.00023441 0.938537 0.0202768 0.0472624 -0.00196238  -0.00347127  0.00558811  -0.00109171  0.00715721  0.00249677  0.00158407  -0.00564232  -0.0144501  0.00788794 
323 -0.000140702 0.446622 0.00548212 0.0447141 0.000602021  -0.00053217  -0.00114359  0.000846383  5.13694e-05  0.00308571  0.00114229  -0.000325365  0.00344927  0.00213342 
324 0.000200033 4.03574 0.053177 0.0462608 -0.0288034  -0.0080867  -0.0147084  0.00598602  0.0123353  0.00877072  0.00030093  0.0193455  0.0238443  -0.0225526 
326 0.000329862 0.573856 0.00987354 0.044046 -0.00350426  0.00310147  -0.00110655  -0.00402584  0.00258462  0.00388677  -0.000452246  -0.00011379  -0.00598553  0.000569694 
327 -0.000124393 0.471759 0.00374976 0.0401278 -0.000120916  -0.00204173  0.00135684  -0.000112384  0.00101098  0.000145773  -0.000388292  0.00229322  0.000955739  -0.000810772 
328 -0.000289551 0.42836 0.00911192 0.0416491 -0.000887242  -0.00153797  0.00272656  -0.00210345  0.00223049  0.00368107  -0.00474105  0.00282847  0.00428542  -0.000804961 
329 1.56265e-05 12.9443 0.0278884 0.0449915 0.00323756  -0.00177183  -0.0096977  0.000571606  0.00999825  -0.000411982  0.0097126  -0.0107981  -0.0162394  0.00974576 
330 -0.000120243 0.32884 0.00907384 0.0448175 0.00291916  0.000611711  0.00446279  0.00134936  -0.000340033  0.00398252  7.93326e-05  -0.000471435  -0.0022934  -0.00549884 
331 0.000229163 0.520599 0.00434809 0.0461396 -0.000987431  0.00177353  0.000476187  -0.00103035  -0.00164653  -0.00127085  -0.000508807  0.000105576  -0.00272183  -0.00122173 
333 0.000610958 1.61524 0.0521908 0.0435858 0.0033716  -0.00219435  0.00864508  -0.0280003  -0.0197004  -0.0129521  -0.0249274  -0.000769319  -0.0100857  0.023862 
334 2.07481e-05 19.9118 0.0401334 0.035902 -0.00626623  0.0159229  0.00924873  -0.00675857  0.0224459  0.00173154  0.0134748  -0.0208777  -9.87223e-05  -0.00789892 
335 -0.00012231 0.321552 0.00934429 0.0356119 0.000578712  0.000372297  -0.00158736  -0.000854502  0.00530891  -0.000961705  -0.00441372  0.00434647  -0.0013428  -0.00378247 
338 1.21312e-05 0.505065 0.000495827 0.0372897 0.000156734  0.000116662  0.000144146  3.5382e-05  -3.41257e-05  8.51603e-06  0.000116799  0.000164361  0.000378425  -2.32508e-05 
339 6.28533e-06 0.564779 0.00127619 0.0371267 0.000776901  -0.000149856  -0.000856986  0.00021864  -0.000174734  -0.000218292  -0.000189263  -0.000170755  -0.000221031  -0.000168449 
340 1.65798e-06 1.3123 0.00232101 0.037042 0.000372389  -0.000939009  6.45886e-05  0.000259991  -0.000867489  -0.000319928  -0.00107121  -0.00109149  -0.00101085  0.000281663 
341 0.000444478 0.820948 0.0238862 0.0370196 -0.00683365  -0.0079618  -0.0114491  0.01122  -0.00379252  0.00572147  0.00295343  0.00699694  0.00663059  -0.0073978 
345 0.000168981 1.09037 0.0199751 0.0304314 -0.00197043  -0.00200678  0.00777378  -0.00397305  -0.00573869  -0.0107912  0.000304216  0.00683207  -0.0090828  -0.00601892 
347 -5.49656e-05 0.326034 0.00618474 0.0275155 0.000446254  -4.24177e-05  -0.000868547  0.00265692  -0.000445132  -0.000637979  -0.00428729  -0.00163798  -0.00259879  -0.00134678 
