generation s h r distopt trait[0] trait[1] trait[2] trait[3] trait[4] trait[5] trait[6] trait[7] trait[8] trait[9] 
5 0.000495617 0.569602 0.0117503 0.04 0.00455904  -0.00697733  -0.00329433  -0.00311253  -0.000954154  -0.00145017  0.00446998  -0.000475719  0.00341809  -0.00362733 
6 -0.000305173 0.410993 0.0104265 0.0429664 0.000735767  0.0023948  0.000486608  -0.00380003  -0.00583665  -0.00186916  0.00335313  0.00325976  -0.00339102  0.00410237 
7 -5.6045e-05 -0.0632362 0.011237 0.0559946 0.00145688  -0.00149333  -0.0005541  0.000517978  -0.00418985  0.00170502  0.00599327  -0.00351503  0.00657327  0.00306545 
10 0.00152774 0.846398 0.045998 0.0850557 0.0264098  -0.0151639  -0.00927776  -0.0103977  0.0209688  -0.0209274  -0.00277663  -0.00501341  0.00112482  -0.00907984 
11 -0.000298809 0.227612 0.0180457 0.0838207 0.00516478  -0.000726842  0.00668322  -0.00973802  0.00791796  0.00465593  -0.00446894  0.00191105  -0.0031734  -0.00639417 
13 0.000664115 0.528273 0.00867762 0.102368 -0.000190119  -0.00402134  -0.00161693  0.00330122  -0.00198678  -0.00459876  0.00060466  -0.000197547  -0.00224075  -0.0038807 
14 0.000897552 1.41855 0.057405 0.107777 0.00335712  -0.0165568  0.0183188  -0.00094277  -0.0248746  0.0108418  0.0312313  -0.0299786  0.00673803  0.00420302 
17 6.28404e-05 0.997781 0.0111857 0.127706 0.00132843  -0.00224109  0.00452769  0.00389063  -0.00434749  0.00262601  0.00663449  0.0010659  -0.00338741  -0.000520916 
18 0.00414952 0.875018 0.0788381 0.135864 0.0166714  -0.0278038  0.022059  0.00327021  -0.0119845  0.00297135  -0.0608389  -0.00634108  -0.00664298  -0.027 
23 -0.000189048 0.463906 0.00522633 0.158955 0.00118857  0.000277745  -0.00199857  -0.000643177  0.000555143  -0.0016331  0.00118836  -0.00288557  0.00292471  -0.000385895 
28 0.00763645 0.554434 0.0410488 0.203471 -0.0183297  -0.0191054  0.000389805  0.00622552  0.0202292  -0.00837692  -0.00450597  0.0200329  0.00628043  -0.00215556 
30 0.00471387 0.734353 0.0664611 0.20254 -0.00657462  -0.0189466  0.0156262  0.0242365  -0.00231858  -0.00846271  0.00569274  -0.0128704  0.0244059  0.0480894 
33 0.0040468 0.543669 0.0267124 0.21833 0.00409911  -0.00897288  0.00601931  0.00518139  0.0114863  0.00853628  0.0170844  0.00751319  0.000115044  0.000114047 
34 0.0137197 0.657429 0.0930824 0.218214 0.00351033  -0.0669067  0.039694  0.0187136  -0.0338844  0.0015277  0.0301918  0.00286167  -0.000579043  -0.0133844 
37 0.00257322 0.515387 0.012707 0.207902 -0.00321728  -0.00671987  -0.00170202  0.00092454  -0.00101687  -0.00334788  -0.00417925  0.000589484  -0.00787556  -0.00318236 
38 0.00544761 0.630926 0.053469 0.209804 0.0126363  -0.037049  0.0209315  0.0207348  -0.00444575  -0.0137703  -0.0150599  0.001997  -0.00206269  -0.00376064 
39 0.00396234 0.811672 0.0702483 0.203391 0.0193054  0.0059432  -0.0361573  -0.0176976  0.00867729  -0.00679553  0.0161399  0.00190374  0.0461005  0.0198844 
40 0.00537706 0.78077 0.0776693 0.201026 0.0269327  -0.0273574  -0.035542  0.0257029  -0.0178339  -0.00500191  -0.0413479  -0.00674539  0.02181  0.00780776 
41 0.00158766 0.555405 0.0187835 0.193853 -0.00581916  -0.00602538  -0.00492761  0.00334847  0.00109534  -0.00655873  0.00874424  0.0107143  -0.000958552  0.00328071 
43 0.00130609 0.57522 0.0198382 0.203667 0.00429946  -0.00479864  0.00344492  -0.00663155  0.00469845  0.0105482  0.00647695  0.000164247  0.0109105  0.00135628 
44 0.00430441 0.636992 0.0486018 0.207615 0.0148458  -0.0205148  0.00518641  -0.0081854  -0.0242997  -0.0108559  0.0190114  -0.0018711  -0.00746422  -0.0223162 
45 0.00415595 0.606126 0.0420567 0.203628 0.0191446  -0.0101652  0.0158231  -0.0215401  -0.000215116  -0.0127527  0.00371712  -0.00270656  -0.0200164  0.000312064 
47 0.00867096 0.526154 0.0306655 0.206489 -0.00137425  -0.0182917  -0.0118739  0.00217161  -0.00126611  0.00335732  -0.017716  0.000621655  -0.00905729  0.0070027 
49 0.009005 0.581025 0.0542639 0.198575 -0.0177718  -0.0201065  0.0113148  -0.0208129  -0.00209901  0.00855467  -0.0234305  0.0077838  -0.0289115  -0.0118415 
52 0.0158747 0.586155 0.0744849 0.19804 0.0055088  -0.050896  -0.0117558  0.000132441  0.0200785  0.0235805  -0.0165842  0.0210474  0.0309566  0.01239 
55 0.00790806 0.815267 0.0997599 0.176033 0.0220661  -0.0342786  -0.015789  -0.0360414  -0.0376763  0.0620931  0.0132544  -0.0175887  -0.0277676  0.0145148 
57 0.00932826 0.728587 0.0923242 0.16604 -0.0103851  -0.0607916  -0.0119838  -0.0226378  0.0272184  0.0191606  -0.0157398  -0.0454365  -0.0204838  0.0149813 
63 0.00658282 0.593071 0.0496329 0.172443 -0.0112729  -0.0178051  -0.0300971  -0.00928734  0.00751864  -0.013282  -0.00520262  0.0193378  -0.0198201  -0.000664627 
66 0.00189147 1.10846 0.0678108 0.175342 -0.0138157  -0.00520873  0.0172741  0.0225844  0.0214534  -0.0385135  -0.0176873  -0.00909462  -0.032894  -0.0122776 
68 0.000323749 0.561786 0.00894713 0.186663 -0.00309936  -0.000599158  -0.0027587  -0.00128441  -0.00237569  0.00280899  0.000399946  0.00299322  0.00514175  -0.00342561 
69 0.0009536 0.527938 0.0103426 0.194468 0.000238445  0.000541794  5.68738e-05  0.00715121  0.00241995  -0.00217925  0.00468834  0.000790386  0.00222259  0.00416232 
70 0.00423803 0.71395 0.0602207 0.200929 0.00720116  -0.00475982  -0.0180504  -0.0160548  0.0376574  -0.00154101  0.0294655  -0.000137768  0.0218245  0.0142636 
71 0.0124559 0.720495 0.104784 0.199303 0.00942732  -0.0559103  -0.0340123  0.0285399  -0.0118554  0.0198528  0.0185152  0.0374405  -0.0507622  0.030616 
73 0.00139313 0.567099 0.0193546 0.181223 0.0104645  -0.00783298  -0.00403851  0.0075541  -0.00291597  0.00452613  0.0048439  -0.00225783  -0.00319525  0.00791246 
74 0.00953339 0.608223 0.0644224 0.185186 0.0204511  -0.0288766  0.0135593  -0.0107466  -0.00622532  -0.0188261  0.0396281  0.0234653  -0.00164747  -0.00905027 
76 0.00324304 1.00019 0.0804862 0.172529 -0.0111541  -0.0243886  -0.00896112  -0.0417975  0.0429227  -0.0223345  -0.0230276  0.00571809  0.0318832  0.00328436 
77 0.00632121 0.629882 0.0573778 0.169987 0.0166669  -0.0379545  0.00202764  0.0160715  0.00154769  0.015206  0.0138917  -0.0151843  -0.0191648  0.016942 
78 0.00188758 0.51395 0.0103441 0.156018 -0.00106001  -0.00729609  0.00189923  0.000659432  -0.00093953  -0.00295618  -0.00226683  -0.00455278  -0.00176276  -0.00316339 
80 0.00253746 0.621091 0.0350788 0.16211 0.021836  -0.0132253  -0.00882884  0.0050085  -0.00702924  -0.00707135  -0.0101889  -0.0128416  -0.00160196  0.0102501 
81 0.00398247 0.59494 0.0389486 0.159966 0.00940362  0.000252225  0.0247818  -0.0145054  -0.0168053  -0.00654185  0.0044865  -0.000922038  0.0132662  -0.00904292 
84 0.00614147 0.526506 0.0258427 0.167968 0.00383264  -0.014089  0.00787017  -0.00585586  -0.00364575  -0.00229852  -0.00519993  -0.00317444  0.00941586  -0.0146315 
87 0.0080079 0.609438 0.0593446 0.172086 -0.00128132  -0.0313454  0.0110245  0.00751322  0.00677575  -0.0150559  -0.0241484  0.0318871  -0.0176049  -0.01331 
88 0.00936162 0.674999 0.080998 0.154746 0.0424373  -0.02406  0.00144197  0.0417053  -0.046929  0.00820537  -0.00477364  -0.00160875  0.00065689  -0.0119994 
92 0.00850266 0.777208 0.0970203 0.15207 -0.0439571  -0.0449644  -0.00677861  -0.0299756  0.0149384  -0.0202307  0.02017  -0.0372011  0.0217264  -0.0402394 
93 0.00039504 2.44736 0.0554564 0.129003 0.0159309  -0.0179128  -0.0253492  0.0163104  -0.0154646  -0.0106164  0.0197556  -0.00325931  -0.00590247  -0.0283644 
94 0.00412235 0.569407 0.0339179 0.134169 0.0147032  -0.0126991  0.00729618  -0.00728877  0.0233355  0.00748083  0.00692657  -0.000956038  -0.00184916  -0.00371405 
96 0.00270789 1.03089 0.075777 0.131734 0.0200155  -0.0242607  0.0242663  -0.00765411  -0.0130671  0.022885  0.0133618  0.00953892  -0.0329082  0.0453714 
97 0.000304103 0.503244 0.00199787 0.126928 0.000585046  -0.000310872  0.000356996  0.000167713  0.000250925  -4.17379e-05  -0.000872162  -0.000509778  0.00131385  0.000765206 
98 -0.000222869 0.490827 0.00286405 0.13213 0.000157985  0.000404942  -0.000798216  -0.00185035  0.000627035  0.000531149  -0.000147163  -0.00146547  -7.12853e-05  0.00105038 
99 0.00134209 0.714407 0.033926 0.139786 0.00735214  -0.0152568  0.0212162  -0.00401282  0.00442509  -0.00331362  0.0051989  -0.00835218  0.00573631  0.0154164 
100 0.00785716 0.578419 0.0498482 0.141156 -0.00460892  -0.0217663  -0.00318255  0.00470496  0.0160179  -0.0111475  -0.0280795  0.0251715  0.0117727  -0.00400783 
101 0.00402121 0.61726 0.0434734 0.116739 0.00245045  -0.016581  0.0123227  0.0127776  -0.0216954  0.00736475  -0.009192  0.00114988  0.00131459  -0.0261039 
103 0.00169976 0.700284 0.0369026 0.112285 0.0126889  -0.009304  0.0045819  0.0208982  -0.00425256  0.0111554  0.00247508  -0.0208674  -0.00350625  -0.0077527 
105 0.00218834 0.611109 0.0312056 0.119212 -0.00398151  -0.0127874  -0.0158561  -0.0109525  -0.00215155  -0.00373275  0.0166019  -0.0026557  0.0103484  0.00383595 
106 0.00232803 1.52739 0.0977104 0.117261 -0.0255921  -0.0221648  -0.0266568  0.0316122  0.00977416  0.0622819  -0.0386713  0.00290389  0.00673159  -0.0341671 
107 0.00458438 0.606531 0.044261 0.114253 0.0114794  -0.00716131  0.0111541  0.00614799  -0.000687556  -0.0275728  -0.00137446  0.0247673  0.00672528  0.0138743 
108 -0.000656208 0.419629 0.0145341 0.100553 0.00386679  0.00700365  -0.00319089  -0.00308302  -0.0004032  -5.17052e-05  -0.00980891  -0.0035373  0.00426869  0.000660805 
109 -1.22254e-07 -4278.5 0.0457379 0.112755 0.00783329  -0.00416111  -0.0299682  -0.0194354  -0.0127803  0.0140439  0.0105613  0.0112209  0.00846299  0.00823526 
111 0.00527522 1.00536 0.103127 0.130249 0.0245881  -0.0763631  -0.00143532  0.00988129  -0.0154132  -0.0128578  0.00602655  0.0362132  -0.0484391  0.0016369 
113 0.000597092 0.580045 0.0138309 0.116402 0.00484934  0.00151121  0.00150906  -0.00192003  0.00451667  -0.00420752  -0.00320757  -0.00328199  -0.00364116  0.00933313 
116 0.000331665 0.972354 0.0250311 0.131277 -0.000908554  -0.00804013  0.00577239  0.0108484  -0.0179118  -0.003446  0.00120388  -0.00226747  0.00695695  -0.00473079 
118 0.000470721 0.548288 0.00953982 0.143021 0.000341634  0.00147583  0.00516638  -0.00460257  0.00528062  0.000446192  -0.00112665  0.00178383  -0.00126637  -0.00258825 
121 0.0103535 0.681244 0.08668 0.163993 0.027834  -0.0473625  0.00138651  0.0221696  0.0294662  0.0142497  -0.0105317  0.00728563  0.0229314  -0.0473383 
127 0.00576181 0.561546 0.0378239 0.171634 -0.00970918  -0.0172654  0.00346365  -0.00190622  -0.00299081  0.0107961  0.025129  -0.011313  0.00153296  0.011634 
128 0.00197519 1.6165 0.0938335 0.162092 -0.0140841  -0.0333623  0.0327026  -0.0401347  0.00116196  -0.0280499  0.0571916  -0.014463  -0.0225152  -0.00615919 
133 0.00745198 0.576395 0.0479127 0.192994 0.0167965  -0.01478  0.0101489  -0.0157975  -0.0114153  0.00286377  -0.0330614  -0.0132645  -0.00435939  -0.00399739 
135 0.00564526 0.523486 0.0233378 0.188828 0.00349312  -0.00749129  -0.00116295  0.00191977  0.00648025  -0.0038139  -0.0124304  -0.00156425  0.00128033  0.0160048 
136 0.0065573 0.593503 0.0496499 0.181881 0.0104224  -0.00791037  -0.00165296  -0.00422762  0.0143634  0.00977657  -0.00311003  -0.0366744  0.0200795  0.0146132 
142 0.00404086 0.739742 0.0622375 0.218696 0.000319299  -0.00281058  -0.0224288  0.0109805  0.0280766  -0.00291093  -0.0259354  0.0223431  0.0310209  -0.017634 
145 0.0126194 0.553977 0.0527756 0.238682 0.0212302  -0.0253105  -0.00965182  -0.00474484  0.00512578  -0.0173119  -0.0274353  0.0107428  0.0141628  0.0135492 
146 0.0138572 0.614398 0.079919 0.220501 0.0301135  -0.035026  0.0113454  0.0267643  0.0349144  0.0108812  0.0381279  -0.00436267  -0.0238896  -0.00524048 
147 0.00657753 1.25635 0.140737 0.196007 0.0334075  -0.0457524  0.0235035  -0.0509743  0.0100144  -0.0251986  -0.0119062  -0.043586  0.0442584  0.0933343 
148 0.00214567 0.5184 0.0126509 0.185919 -0.000232842  -0.00453704  -0.00181879  0.00677397  0.00116748  0.00608628  -0.00340624  0.00188931  -0.00556681  0.00237601 
149 0.00405533 0.522559 0.0193229 0.187721 0.00796571  -0.00994673  -0.00272987  0.00133693  0.00192331  0.00934298  -0.00544836  0.00194984  -0.00458003  -0.00750278 
152 0.00272046 0.527323 0.0173377 0.200354 0.00194976  -0.00900642  0.00394892  -0.00187748  0.00260894  0.00266091  0.00970546  0.00715258  0.00606992  0.000689113 
154 0.012541 0.658879 0.0893876 0.209817 -0.0458203  -0.0476665  0.0318116  -0.00766983  -0.029337  0.00641684  -0.0390089  -0.00801366  -0.00402576  -0.00661644 
155 0.00556463 0.602894 0.0479444 0.185676 -0.0233839  -0.027352  -0.010164  0.000919943  0.00215587  -0.0116142  0.00474046  -0.0114722  -0.0245903  -0.00112811 
156 0.0103986 0.632081 0.0742644 0.177861 -0.00565232  -0.0407198  -0.0030424  0.0010858  -0.0328796  -0.031433  0.00961367  0.0346891  0.0212085  -0.000220257 
159 0.0019343 0.510433 0.00908336 0.16835 -0.00129286  -0.00656901  -0.00134748  0.00247438  0.00057518  0.000423617  0.00415417  0.00339477  -0.000673671  -7.04678e-06 
160 0.0033937 0.572378 0.0314082 0.170411 0.0218369  0.000923984  -0.00863975  0.00444026  -0.0014854  -0.00956072  -0.00776991  0.00509254  0.00696306  -0.0136383 
162 0.00175063 0.594122 0.0256902 0.176982 0.00327187  0.00295087  0.000663739  0.0187306  -0.0045616  0.0138737  -0.0015874  -0.00690026  -0.00483888  -0.00156918 
163 0.00149008 2.05472 0.0961778 0.180967 0.0419854  -0.0142433  0.0352075  -0.0120094  0.0440532  0.0209827  -0.0204225  -0.0153974  -0.0429055  -0.0320114 
165 0.00308798 0.621608 0.0387847 0.19294 0.0157088  0.00186393  -0.0155249  0.0026365  -0.0258025  0.00285594  0.00224816  0.00519128  -0.0118871  -0.0126019 
166 0.00148582 2.61382 0.11196 0.19334 0.0306219  -0.0194379  -0.00870636  0.0208453  -0.090517  0.0169138  0.0348289  -0.0291719  -0.00527294  -0.0117473 
168 -0.000477379 0.475155 0.00689691 0.204701 -0.00310748  0.00132532  -0.000442368  -0.00169396  0.00222765  -0.000140758  0.00173505  -0.00157548  -0.00127149  -0.00458234 
169 0.00553956 0.85404 0.0884921 0.213835 -0.0198227  -0.014842  0.0103276  1.99571e-05  0.0100033  -0.0010974  -0.00879042  0.0483596  0.0524627  -0.0429121 
170 -0.000131395 -0.0781969 0.0174329 0.208716 0.00676797  0.00324518  0.00135851  0.00557373  0.00252807  -0.00649228  0.00549122  -0.0046216  0.0091781  0.00551048 
171 0.0128845 0.648464 0.08762 0.217445 0.0327476  -0.0482022  -0.00223678  -0.0329473  -0.02511  0.0412038  0.00140498  0.00833315  0.00212421  0.0280482 
174 0.00426795 0.809356 0.0726335 0.207713 -0.0041896  -0.0188196  -0.0348619  -0.0213931  0.00899939  -0.00662692  -0.0173272  -0.0494313  -0.0103554  -0.0159704 
175 0.0193504 0.559865 0.0690669 0.204529 -0.0279992  -0.0470922  -0.00998252  0.0158708  0.0146444  0.0063192  0.0039348  0.0320922  -0.00276904  0.0104702 
176 0.00318566 0.921714 0.0732575 0.158265 0.0149861  -0.0321418  -0.0305222  -0.0380531  0.00803178  0.0242306  0.00397701  0.0171351  -0.01678  0.0220615 
177 0.00392186 0.79994 0.0685637 0.154111 0.029295  -0.0148381  0.0124622  -0.0052953  -0.0135896  -0.0384124  0.0375965  0.0125913  0.0143823  -0.00044012 
181 0.00904433 1.19667 0.15828 0.166176 0.0214361  -0.0463626  0.0418498  0.0274358  0.087937  -0.0546034  0.0312291  -0.0545011  0.0138802  0.07132 
182 0.00543875 0.889103 0.0919118 0.141594 0.0176064  -0.0416883  0.0377136  0.0256811  -0.0364867  0.0395594  -0.000909548  0.0376921  3.21631e-05  0.000555958 
186 0.00791731 0.591743 0.0540742 0.13708 -0.0187649  -0.0376708  -0.0195475  -0.0128797  0.00994202  0.00288139  0.00068841  0.0210792  -0.00323855  -0.0065094 
187 0.00182454 0.538175 0.0167333 0.108699 -0.00104686  -0.00562238  -0.00161872  0.006417  0.000121015  -0.00693043  -0.00464952  -0.00301742  -0.011076  0.00143255 
191 0.00318013 1.27597 0.0992368 0.123383 -0.0535765  -0.0327561  -0.0285254  0.0107726  0.00294621  -0.00733376  -0.00302953  0.0327736  0.0389944  -0.0480467 
195 0.00331713 0.588787 0.0343719 0.138048 0.0128661  -0.00587809  0.00666462  -0.00490693  0.014349  0.0218478  -0.012461  -0.00826254  -0.00244456  0.000324454 
197 0.00250034 0.576863 0.0277637 0.141739 0.00290025  -0.0161332  -0.00450928  -0.00157207  -0.00167897  0.0124317  0.0122666  0.00751509  -0.0103579  -0.00278028 
199 0.00422267 0.809423 0.0722553 0.148605 -0.0156043  -0.0331728  -0.0148678  0.0101795  0.0481903  -0.0201404  -0.00505278  -0.0213227  0.00325013  0.018263 
201 0.00376368 0.774049 0.0642099 0.14846 0.00763821  -0.0121669  -0.00310406  0.00430404  -0.044634  -0.0343265  -0.00267827  0.0150231  0.0192331  -0.0107283 
203 0.00651204 0.631768 0.0586582 0.135217 0.0250518  -0.0168288  -0.00833597  -0.00704978  -0.00313254  -0.0248491  -0.0168753  -0.0368212  -0.0105854  0.00555664 
205 0.00128602 2.26547 0.0952178 0.108594 -0.00399495  -0.000681121  0.0263683  0.0498275  -0.00571487  0.0432228  0.030238  -0.0182988  -0.0504318  -0.0133612 
207 0.00103231 1.18895 0.0533185 0.102506 0.0275772  -0.0098362  0.0104034  -0.0146972  0.0365484  -0.0147479  -0.000331549  0.000137247  -0.00814524  0.00645033 
208 0.00442532 0.666482 0.0543056 0.0973434 -0.00959306  -0.0259107  -0.00850281  0.00305381  -0.026219  0.0315562  -0.00159566  0.0134281  0.00510185  -0.0145591 
210 -2.48866e-05 0.212732 0.00534762 0.0711349 -0.00260971  -0.000871087  0.00244553  -0.000744362  0.00113707  -0.00106683  -0.00270748  0.00216711  0.000143818  0.000119826 
211 0.000389023 0.979235 0.0273056 0.0713096 0.00484236  0.00490779  0.00853892  -0.00265882  -0.0140873  -0.00731503  -0.00993997  -0.0125465  -0.00114342  0.0104208 
212 0.000267421 0.723626 0.0154663 0.0685282 0.0059646  -0.00573446  -0.00182803  -0.00284977  0.0081225  -0.000128414  0.00721887  -0.00592766  0.00240507  0.000507275 
213 0.000635686 3.59615 0.0886717 0.0665487 -0.00978166  -0.0472112  -0.00748921  -0.0104847  -0.0232175  0.0126086  -0.0552801  0.0143531  0.0345835  -0.0147013 
215 4.30431e-05 0.519734 0.00184353 0.0615893 0.000545597  -0.000256672  0.000720261  0.000649479  -0.000544256  0.000142171  0.00125695  -3.02709e-05  -0.000164015  0.000412617 
220 0.000869081 0.586583 0.0173559 0.0612389 0.0111596  0.000324995  0.00299436  -0.00124329  -0.00472982  -0.00252472  0.00754068  -0.000499735  -0.00145292  0.00883765 
221 0.000320457 0.648368 0.0137913 0.0536796 0.00422355  -0.00226868  -0.00232814  -0.00380327  -0.000220828  -0.000949778  0.00314741  -0.00833157  -0.0032755  0.00750515 
222 -5.08666e-05 0.478012 0.00211545 0.0506072 0.000177116  0.000164606  0.000786423  -0.000432406  0.000461808  0.00132645  0.000793163  -0.000852707  -4.88981e-05  0.000529061 
226 -0.000233075 0.486343 0.00357226 0.0511074 -0.000195225  -0.00182495  0.000714382  0.000474598  -0.000609784  0.00247074  -0.00136507  0.00031664  0.000417961  0.000205233 
228 -0.00102282 0.336534 0.0258766 0.0533391 0.00763903  -0.00044851  0.011726  0.0072937  0.00256363  0.00758414  0.0125786  0.0089409  0.0107299  -0.00172075 
229 0.000164712 0.639089 0.00957306 0.0621965 0.0023563  0.000150204  -0.000490159  0.00615664  0.0031971  -0.00110072  0.00573479  0.00084951  -0.000974247  -0.00139018 
230 0.00057006 0.861283 0.0286994 0.0608581 0.0117508  0.00200612  0.000315159  -0.0051233  0.0102456  0.0092261  0.000324855  -0.00407097  -0.021068  -0.0021372 
231 0.00177511 0.717813 0.0393251 0.0559805 0.00111841  0.0247113  -0.0240206  0.00596155  0.000784901  -0.0111162  0.00135209  -0.0121812  0.00359139  0.00589447 
232 -2.10756e-05 -1.4153 0.0127068 0.0368819 -0.00661899  0.00696052  -0.00368176  -0.00134698  -0.00540173  -2.264e-05  -0.00352824  0.000854088  0.00338574  0.000114342 
233 0.000867182 0.695299 0.0260281 0.0371666 0.00316954  -0.000355703  -0.00965138  -0.0120569  0.00892054  -0.0103207  -0.0129476  0.00677884  -0.00506905  0.00184172 
239 -1.01686e-05 0.496256 0.000390294 0.0226836 -3.07546e-05  8.69976e-05  0.000278  -4.19957e-05  6.7802e-05  5.38857e-05  2.68544e-05  -0.000143925  2.22044e-05  0.000187983 
243 -1.24709e-05 -4.03418 0.0150392 0.0229067 0.0032534  -0.0124881  0.00456523  -0.00180119  0.00207411  0.00392935  0.000271453  0.00299776  0.0019168  0.00175447 
246 -0.000621428 0.348169 0.0194346 0.0231773 0.00376467  -0.00358614  0.009081  0.00571383  0.0105659  -0.00287993  0.00632632  -0.00746345  0.00413466  -0.00167454 
248 0.000216625 0.534706 0.00548565 0.0340413 -0.0011972  0.000779349  -0.00184335  0.000810593  -0.000461147  -0.000981725  -0.00147738  0.00327476  0.00019484  -0.00314254 
249 -0.000155969 0.418112 0.00714867 0.0306954 -0.00175942  -0.00343327  0.00318189  -0.00165154  -0.00205928  0.000752613  0.000551456  -0.0035995  -0.00143189  -0.00180297 
252 -4.90121e-05 0.479958 0.00198253 0.0331389 0.000480761  -0.00110304  -0.000466169  -0.000702269  0.000760734  -0.000121776  -0.000412145  -0.000510161  0.0002577  -0.000825841 
255 -0.00019573 -0.0723347 0.0211691 0.0338704 -0.00748136  0.000669406  -0.0126942  0.00934873  -0.00134436  0.00672709  -0.00460427  -0.00789527  -0.000218484  0.00353905 
257 2.4032e-05 23.5004 0.0470144 0.0366463 -0.00992316  0.0272927  -0.00261361  -0.0160316  0.0123061  -0.0188699  0.00399232  0.014548  -0.0168475  -0.00917689 
258 0.00044647 0.911583 0.0271091 0.0363169 0.00740115  -0.0119889  -0.0110821  0.00774535  -0.00332711  -0.00914732  0.00976435  0.00811144  0.00971995  -0.00179797 
261 -2.33243e-06 -1.87645 0.00470868 0.0295389 0.00147776  0.0016551  0.00242149  0.0011459  -0.00105683  -0.00183254  0.00173571  -0.000494286  -0.00108181  0.00108138 
262 -0.000196323 0.333982 0.0114194 0.0295784 0.00285027  -0.00254691  -0.00613302  -0.00150508  0.0041999  0.000654333  0.00389288  0.000581009  -0.00374761  0.00532056 
263 -0.000100577 0.409672 0.0060288 0.0327295 -0.00179502  -3.09252e-05  -0.00197515  -0.000580924  0.00269065  0.00113697  -0.00110154  0.00276455  -0.00294518  0.00167994 
265 0.000344446 0.757917 0.0188504 0.0342316 -0.00256409  -0.00683563  0.00504751  -0.0117127  -0.00740291  -0.00164584  -0.00735866  -0.000754291  0.00449707  -0.00263004 
267 0.000247265 1.07768 0.0239015 0.0287649 0.00294691  0.00397136  0.0102479  0.00329789  -0.0159928  0.00182467  -0.000998174  -0.000174279  0.0130258  0.00106338 
272 -0.000436425 0.135492 0.025229 0.024087 0.0027978  -0.0106335  0.00059318  -0.000735365  -0.0111397  0.00193731  0.0107206  -0.00877332  -0.00653746  -0.0123381 
276 -0.000104187 0.377645 0.00714136 0.0318858 -0.00134949  -0.00242852  0.000682859  -0.00055672  0.00186693  0.00268183  0.000805885  0.00180502  -0.00169628  -0.00500415 
277 5.82523e-05 0.534078 0.00281816 0.0334798 -0.000359415  -8.45254e-05  0.000479128  -0.000946089  -0.000171021  0.000946131  -6.98035e-05  0.000183905  -0.00220823  0.00091743 
281 0.000309345 0.641178 0.0132177 0.0325982 1.65537e-05  0.00512294  -0.00423153  -0.00046784  0.000318359  -0.00523327  -0.0054873  0.00714654  0.000692269  0.0046029 
283 -0.000706603 0.386771 0.0178992 0.0274472 0.00130404  -0.00762861  0.0103284  -0.00494034  -0.00144521  0.000156545  0.00220317  -0.00878541  -0.00269816  -0.00616217 
285 -5.67815e-05 0.47782 0.00224486 0.0382126 8.71992e-05  -0.000616514  2.81889e-05  -0.000693643  0.00142403  -0.000584625  0.0013127  4.1289e-05  -0.000260336  8.63786e-05 
287 0.000136173 2.24536 0.0308305 0.0389485 -0.00156239  -0.0107204  -0.00964213  0.00836232  -0.011967  -0.00146061  -0.00102073  0.00487007  -0.0043889  0.0219291 
288 -0.00018136 -1.55884 0.038645 0.0371594 0.0157225  0.0119137  0.00229707  0.00912062  -0.00808217  0.0139021  -0.0203836  0.00604406  -0.00390385  0.017029 
289 -0.000484769 0.116133 0.0272869 0.0395246 -0.0106089  -0.00476283  -0.011546  0.00462984  -0.000829684  -0.00722418  -0.00741224  -0.00991339  0.0157313  0.00101514 
291 -0.000444624 0.229171 0.021951 0.0452447 0.00445063  -0.00420984  0.0151215  0.00118409  -0.00774823  -0.00453328  0.00454121  0.00561915  -0.00899399  -0.000760804 
294 8.78266e-05 0.57564 0.00515512 0.049918 0.00152004  0.00180951  -0.000641004  -0.0016128  -0.000109498  0.000929966  -0.00113562  -0.000557514  -0.00371912  -0.00129203 
295 0.000393418 1.72618 0.0439185 0.0490304 -0.0178739  0.0311296  0.0074733  -0.0147076  0.00913944  -0.00176534  -0.00790852  0.000815654  -0.00939337  -0.011404 
296 0.000240753 0.611631 0.010369 0.0448402 0.000869846  -0.00221298  -0.000296991  0.00428641  0.00223124  0.000977257  0.00188421  -0.00855651  -0.000623849  -0.000560802 
300 0.000252242 0.840288 0.0185287 0.0420704 -0.00728333  -0.0127599  0.00145039  -0.00139717  0.0068989  0.00668463  -0.00411505  -0.000271686  0.00316727  -0.00201912 
302 8.50356e-05 0.642848 0.00697065 0.0389578 0.000521307  0.000945762  0.000170281  -0.000117556  -0.000819518  0.00202444  0.00431725  -0.00355316  0.00196763  0.00273419 
303 7.95091e-06 23.3 0.0269269 0.0378507 0.00142112  0.013053  0.00564597  0.00933351  0.0041887  -0.000633997  -0.00393358  0.0192266  0.00423924  -0.00355096 
304 -0.000202336 0.389144 0.00947362 0.0377455 0.00455087  0.00233901  -0.000225236  0.0021411  -0.000982419  0.00299011  -0.00455203  -0.00245589  0.00470523  0.000368191 
305 0.00069077 0.552306 0.0120296 0.0403371 0.000274213  -0.00230423  -0.00524818  -0.00162346  0.00374257  0.00352998  0.0081767  -0.000991345  0.00385148  -7.49482e-05 
307 -0.00040419 0.39004 0.0133376 0.0306031 0.00156013  0.00439133  0.0026928  -1.79809e-05  0.00443535  -0.00310208  -0.00273049  -0.00159529  0.00901138  -0.00533123 
308 0.000214806 0.693639 0.0128989 0.0366172 0.00400133  0.00404936  -0.00528856  -0.00331379  0.00321191  -0.00120399  0.00440152  0.00553276  -0.000478041  0.00574835 
312 9.198e-05 0.696194 0.00849612 0.0335565 0.000515415  -0.000490532  -0.00050171  0.00221486  -0.00356688  0.00267211  -0.000811658  0.00132426  -0.00652625  0.00128577 
313 2.73987e-05 6.00499 0.0245614 0.0321569 -0.00668908  -0.00462011  -0.00751087  -0.00703221  -0.00627405  -0.0066854  0.0143972  -0.00369695  0.00654924  0.00913304 
316 -6.76128e-05 -3.04858 0.030978 0.031728 0.0218523  -0.00489985  0.0100564  0.000600829  -0.00174679  -0.00410078  0.00235922  0.005161  -0.016954  -0.0041355 
317 -8.5496e-05 0.21516 0.00987003 0.0327762 -0.000469653  -0.000521887  -0.00401782  -0.00260076  -0.00310402  -0.0021756  -0.00290766  0.00177972  -0.00402741  -0.00563983 
318 -0.000299848 0.182727 0.0195095 0.0340556 0.00453396  0.00246387  0.00545501  0.00286449  0.0126544  -0.00574746  0.00329847  0.000564325  0.00234314  0.010304 
319 0.000355994 0.667722 0.0154546 0.0382057 -0.00734535  0.00582762  -0.00734751  4.55675e-06  -0.00381149  0.00475975  -0.000621673  -0.00717381  0.00240893  0.00145214 
320 -9.35062e-06 -3.42829 0.0121213 0.0332226 0.00103333  0.00536626  -0.00856997  0.00100719  0.00388603  0.00264748  -0.00177719  -0.00230482  0.00312888  -0.00149383 
324 -0.000396151 0.376272 0.0140062 0.0333631 0.00249382  0.00122467  0.00561  0.00905319  0.000623232  -0.00199075  -0.00226372  0.0013007  -0.00597952  0.00530083 
325 -0.000679083 0.362055 0.0193661 0.03885 0.00236482  -0.00107183  -0.00411918  0.00401021  -0.0117522  -0.000525245  0.00285792  -0.0041041  0.010868  0.00733075 
326 -0.000433139 -0.335062 0.0380386 0.0467829 -0.00522319  -0.0191885  -0.0139175  0.0121828  0.00660914  0.000981704  -0.0125241  -0.021932  -0.00493706  0.00156607 
327 -4.64168e-05 0.495381 0.00092664 0.0512042 0.000250606  -0.00032459  -6.23282e-05  -0.000133439  -0.000142388  0.000243118  5.80809e-05  -0.000228114  0.000195564  0.000704111 
330 3.11718e-05 0.627184 0.00398226 0.0516555 0.000622653  -0.00193586  -0.00142253  -0.000934511  0.000881459  0.000438229  -0.00036721  -4.79045e-06  0.00271204  -0.000605998 
334 4.77353e-05 0.503651 0.000835569 0.0513529 0.000303142  -0.00026438  0.00013933  2.27389e-07  0.000126693  0.000122548  0.000496668  0.000205319  0.000197584  -0.000397526 
336 0.000706508 0.696482 0.0235644 0.050886 -0.000558631  -0.00907806  0.00610998  0.00798712  0.00742354  0.00531244  0.00367901  0.00311433  -0.00994918  -0.0128794 
339 8.47896e-06 10.4221 0.0183439 0.043395 0.00107364  -0.0108814  0.00377126  -0.00243063  0.000110565  -0.00238396  -0.000630404  0.0123147  0.00174326  0.00600233 
342 -9.86631e-05 0.469427 0.00347433 0.0432972 0.00106293  -0.00136426  -0.00090903  -0.000849343  -5.13629e-05  -0.00200623  0.000395881  -0.00175049  0.00047705  -0.000236891 
349 -0.000107671 -1.04115 0.025763 0.044422 0.00815012  0.0126877  0.00733151  -0.00423804  -0.00257555  0.00673148  -0.00249044  0.0151503  0.000196785  0.00876942 
350 0.000762851 0.675955 0.0231724 0.0456179 -0.0122186  0.000165294  0.00237692  -0.00744467  0.00351566  -0.0123577  0.00549255  0.00515955  -0.00695736  -0.00750334 
351 -5.50075e-05 0.481011 0.00204445 0.0363102 -0.000635918  0.000348106  -0.000462743  0.000284571  -0.0011451  -0.000265709  0.000535125  0.00051104  -0.000906493  0.000779728 
353 -0.000512648 0.188377 0.0252835 0.0370599 0.0143812  -0.00648223  -4.72507e-05  0.00451949  0.0120784  -0.00494623  0.000597513  0.00032182  0.00455616  -0.0133573 
356 0.000715946 0.749367 0.0267221 0.0434306 -0.0203397  0.00377126  0.00529941  0.003522  -0.00976836  -0.00087157  0.00561777  -0.0104441  0.00276256  -0.00109715 
361 0.000134039 3.46937 0.0398953 0.034213 -0.00330761  0.00395429  -0.0151278  -0.00128459  -0.00590859  0.0287553  -0.015021  0.00638511  0.014313  0.0012318 
364 0.000593532 0.673099 0.0202729 0.0321947 -0.00405646  -0.00246604  -0.00511254  -0.0124232  -0.00344258  -0.00167618  0.0105405  -0.00490987  -0.00463219  -0.00605434 
369 -0.000283868 0.362843 0.0124819 0.0210509 0.00245691  0.000491644  -0.0102028  -0.00235003  0.000543112  -0.00187784  0.00373851  0.00361707  -0.000520981  0.00295753 
370 -4.1432e-05 0.488959 0.00135305 0.0269638 -0.00062253  -0.000170056  -0.000548463  0.00076494  0.000294452  -3.00186e-05  -4.6522e-05  0.000253371  0.000588273  0.000168243 
374 -2.87223e-05 -1.25109 0.0141838 0.0277215 -0.00517792  -0.00384145  0.000717859  -0.00212685  0.00506342  -0.00949284  0.00351321  -0.00405677  -0.000925969  0.00302721 
377 2.37937e-05 0.564112 0.00247024 0.0282348 0.000199724  0.000920326  -0.00035551  -0.000805998  0.000816948  -0.000947243  -0.000437518  0.000835484  -0.00128377  -0.000580505 
378 -1.81011e-05 0.459698 0.00170829 0.0278103 -0.00070296  -0.000271944  0.000326122  0.000282027  1.46167e-05  -0.000684626  0.000257903  -0.000726818  -0.000753392  0.000730038 
380 -0.000163758 -1.07518 0.0321209 0.0281338 0.00248383  0.0195342  0.00993662  0.00756528  0.00257926  -0.0132897  0.00839678  0.00326673  -0.00697617  -0.0132256 
381 -0.000156556 -0.0586773 0.0187051 0.0309077 -0.00929091  0.00265693  -0.00605699  0.00139267  0.00471651  0.00820607  -0.00243718  -0.00940044  0.00411339  -0.00413051 
382 -2.72271e-06 0.498103 0.000143737 0.0333444 5.29099e-05  0.00010993  -9.41988e-06  2.68089e-06  7.04681e-05  -9.01842e-06  -1.02917e-05  -8.95705e-06  1.19079e-05  -1.74708e-05 
383 3.96102e-05 0.896601 0.00792697 0.0333852 0.000219101  0.000563027  0.00565305  0.00279981  -0.000166909  -0.000277745  -0.00242817  -0.000378753  -0.00253149  -0.00318167 
384 4.00521e-05 0.607577 0.00415153 0.0327867 0.0017628  -0.000276091  0.000460819  0.000682901  -0.00296838  -0.000480199  -0.000904253  0.00152637  -0.000557916  -0.000933916 
385 -0.00020924 0.131996 0.0175513 0.0321701 0.00801801  -0.00864318  -0.00504599  0.00317153  -0.00573078  -0.00638635  -0.00671839  -0.000786544  0.00375816  0.000163767 
386 -2.24133e-06 -8.26926 0.00886672 0.0352729 -0.0017046  0.0068848  0.00233723  -0.00140416  -0.00209562  0.000461926  -0.00346364  0.00161433  -0.000876993  0.000949335 
387 0.000313554 0.801577 0.0194478 0.0353046 0.00987216  0.00566499  -0.00172073  -0.00582622  0.000933539  0.0089051  0.000308761  0.00111897  0.00735672  0.00872451 
389 0.000112396 0.601807 0.00676567 0.0305436 0.00453172  -0.00195805  0.00194678  -0.00206927  -0.000444024  0.0015465  -0.0011123  -0.0027495  -0.000954138  0.00101772 
390 -0.000248305 -0.147039 0.0253517 0.0286448 -0.0117609  -0.00691838  -0.00468698  0.00333686  0.0112381  -0.00295716  0.014488  -0.0063999  0.00559585  0.00249237 
391 0.000388858 0.613874 0.0133102 0.0326934 -0.00431334  0.00245792  0.00844504  -0.000767907  -0.00355717  0.00525292  -0.00287669  -0.002015  -0.00514113  -0.00126191 
395 -0.000680286 0.353899 0.0199477 0.0260783 0.00677734  0.00628838  0.00827878  0.00450894  0.00290762  -0.00637719  0.00375112  -0.00883799  -0.00346037  0.00838373 
403 0.000724259 1.0329 0.0392842 0.0368862 -0.0041808  -0.00387948  -0.00496955  -0.0278858  -0.00111619  0.00883377  -0.0079188  0.0128706  -0.0160989  -0.0118992 
404 -3.65491e-07 -1.90376 0.00187462 0.0252309 0.00079969  -0.000245764  -0.000166936  0.000263859  0.0006123  -0.000910447  0.000536441  -0.000390365  -5.8545e-05  0.00103412 
405 -9.41602e-05 -0.653881 0.0208471 0.0252381 0.00831046  -0.0123383  0.00292795  -0.00187296  -0.00499175  0.0107762  0.000675618  0.000395999  -0.0077067  0.000412979 
406 -4.19372e-05 0.428965 0.00345213 0.0270393 0.00167557  0.00080259  -0.000108892  0.00162513  -0.000991083  -0.00108494  -0.000485166  -0.000193961  -0.0016484  0.000814282 
408 0.000106519 1.4131 0.0197235 0.027804 0.00685381  -0.00228051  0.00109655  0.00364008  -0.00431603  0.00298817  0.0118387  0.00770615  0.00962871  -0.00160663 
415 -3.72548e-05 -1.09349 0.0154097 0.0258176 -0.00490832  0.0011  -0.00243536  0.00121422  -0.00697886  -0.00320561  -0.00994325  -0.0036381  -0.00508013  -0.00280347 
418 1.86469e-05 0.512548 0.000967502 0.0265293 -0.000374111  -0.000648428  -4.81338e-05  0.000492366  0.000150737  0.000273195  1.19043e-05  -4.34361e-05  0.000138183  0.00011145 
421 -6.89009e-05 0.473963 0.00267928 0.0261755 -1.42629e-05  0.00126476  -0.000652928  0.000423578  -0.000719353  0.000110078  -0.000806066  0.00080873  -0.00172697  0.000396479 
423 7.15958e-05 1.20298 0.0141884 0.0274602 0.00118747  -0.00740479  0.00263935  0.00128327  -0.00517665  -0.00060416  0.000478955  -0.000332622  0.00863775  0.00586033 
425 5.53367e-06 27.3191 0.0243636 0.0261241 -0.00758054  -0.0068555  0.0112257  0.00519696  0.00985264  0.00753022  0.00188886  -0.00634174  0.00893174  0.00766533 
429 9.51678e-05 0.583805 0.00564845 0.026018 -0.00209132  -4.15403e-05  -0.00275309  0.00126022  -0.000269271  -0.00185333  -0.000424201  0.00276784  0.00224233  0.00140915 
430 -0.000613021 0.42591 0.0134875 0.02412 -0.000607095  0.00147644  0.00639875  -0.000754902  -0.0028721  0.00629346  0.00485427  -0.0041307  0.00273908  0.00647035 
431 4.07647e-05 0.507865 0.00113283 0.0345685 0.000444421  0.000121343  -0.000135139  0.000193573  0.000839459  -0.000155762  6.45344e-05  -3.14536e-05  -0.00047418  -0.000237444 
433 6.42215e-05 0.804214 0.00884008 0.0339738 0.000557785  0.000868569  -0.00186388  0.00360455  -0.00141268  0.00382157  -0.00158668  0.00554796  -0.00273806  -0.00179451 
434 -0.000426576 -0.527758 0.0418778 0.0330151 -0.00129388  -0.0044044  0.00327424  -0.00579889  0.0133163  -0.00972393  -0.00411806  -0.0139614  -0.0202132  -0.0282133 
435 -0.000131761 0.330957 0.00943962 0.0389444 0.00392  -0.000113714  0.00712047  0.000345525  -0.00103968  0.00057776  0.00126915  0.000411383  0.000188791  0.00443579 
436 -0.000758894 0.410995 0.0164488 0.0406009 -0.000431368  0.00358698  0.00541336  0.00739045  0.00449036  0.00129809  -0.00599727  -0.0105254  -0.00125713  0.00184601 
437 0.000184478 1.02031 0.0195936 0.0490675 -0.00642253  0.00184605  0.00235597  0.00112816  0.0107838  0.00731834  -0.00456502  0.00993936  0.00653314  0.000517104 
438 -0.000804348 0.323881 0.023815 0.0471504 0.00717596  -0.000201707  0.0042308  0.00168441  0.00803572  -0.000484312  0.00586842  0.0114494  -0.0154312  0.00514063 
439 -0.000198198 0.489797 0.00284764 0.0550257 -0.000152014  -0.000781317  -0.000423013  0.00119832  0.000531365  0.00103414  -0.000236023  3.93738e-05  -0.00191419  -0.00088735 
440 0.000189066 0.520578 0.00394695 0.0567983 -7.13974e-05  0.00191345  -0.000685134  -0.00137413  -0.00216126  -2.92991e-05  9.33438e-05  -0.00101489  -8.44397e-05  0.00195873 
441 6.98642e-05 0.582814 0.00481089 0.055109 -0.000202851  -0.000645616  0.00101976  0.00121491  0.000978657  -0.00227983  0.00110532  0.00167795  0.00163202  0.00270456 
442 -0.000111235 0.481341 0.00288249 0.0544714 -0.000193999  -0.00095491  -0.00109026  0.00126724  0.00152938  0.00136298  0.000329984  -0.000257165  -0.000163715  -0.000407601 
445 0.00176065 0.588755 0.0250202 0.0554831 -0.00500714  0.00874773  -0.013617  -0.00774307  -0.0129455  -0.00702211  -0.00232013  0.00283096  0.00415004  0.00561465 
447 -0.00034004 0.218034 0.0195863 0.0363219 -0.0111654  -0.00843237  -0.00691389  0.00167767  0.00324987  0.00555055  -0.00737151  0.00438022  0.00271283  0.0038705 
448 0.000179665 0.739285 0.0131134 0.0407355 0.00697686  0.000234455  0.00529159  -0.00245126  -0.000869006  0.00254716  -0.00476648  -0.001113  0.00754738  -0.00102762 
449 -5.33271e-05 0.39639 0.00470137 0.0384672 0.00181627  -0.000632684  -0.00115916  -0.00335514  0.00161368  1.57516e-05  -0.000365246  0.000611294  -0.000779874  0.00144348 
450 0.000173619 0.893319 0.0165267 0.0391543 0.00505962  -5.86671e-05  0.00645709  0.00533585  0.000824551  -0.00955573  -0.00224951  0.00598061  0.00518555  -0.00420168 
452 -9.62692e-05 0.464507 0.00369767 0.0368708 0.00078628  -0.000847306  0.000648595  0.000980053  -0.000869827  0.00281622  -0.000467177  -0.00135349  1.688e-05  -0.000466105 
454 0.000257639 1.03991 0.0235867 0.038154 -0.00846697  -0.00592756  -0.00191488  -0.00909466  0.00142353  -0.00891072  0.00846146  -0.0023049  0.0139826  0.00304613 
456 -0.000170847 -0.247705 0.0226053 0.0346139 -0.000330662  0.00289496  -0.000607897  -0.00283338  -0.00655739  -0.01137  -0.00950403  -0.00347618  0.0125359  -0.00789134 
460 0.000243952 0.571102 0.00833082 0.0369998 -0.000100669  0.00280683  -0.00227995  -0.00381096  -0.000854019  -0.0031603  0.0017944  -0.000344902  -0.00526262  0.00020409 
463 -0.000245467 0.366873 0.0114349 0.0335419 0.000557083  0.00284727  0.00273046  -0.00390669  -0.00229165  0.000203491  -0.00448808  0.00657569  -0.0020185  0.00518384 
465 -0.00045737 0.315924 0.0183557 0.037021 0.00144147  -0.00338709  0.00639518  -0.000722131  0.0117274  0.00677304  0.00728362  0.00329029  0.000154527  0.0058867 
468 -0.000314168 0.402425 0.0110764 0.0427555 -0.00378904  0.00337869  0.00106124  -0.00458311  -0.00295822  0.00216998  -0.00141006  0.00541917  0.00541935  -0.000772969 
469 6.32575e-05 0.517515 0.00210565 0.0462844 0.00106257  0.000128684  -0.000228123  0.00111228  0.000222921  0.00055819  0.000489043  0.00115429  -8.37311e-05  -0.000243195 
470 0.000206457 0.53524 0.0053963 0.045596 0.00127396  -4.3197e-05  -0.000529011  0.0044478  -0.000618678  0.00213995  -0.0011341  -0.000453923  -9.48396e-05  -0.000984424 
472 -6.23015e-05 -0.310281 0.0142102 0.043273 -0.00316584  -0.00895423  0.00334845  0.00195159  -0.00337185  -0.00417377  0.00273542  -0.00692805  -0.00262306  -0.0023575 
473 0.000132326 0.539009 0.00454476 0.043987 0.000153475  0.000377389  -0.00208147  0.00258302  0.000339782  0.00238352  -0.00104864  1.4226e-05  0.00154283  -0.000455622 
474 -0.000250203 0.345916 0.01242 0.0424564 -0.000494299  0.00439167  -0.00363424  -0.00212001  0.00601243  0.00156058  -0.002722  -0.00291946  0.00590715  0.00525472 
475 -0.000171222 0.373727 0.00930077 0.0453076 0.00306993  0.00204242  -0.00195877  0.0014904  0.00309321  -0.001444  0.00169751  0.000799725  0.00268664  0.00666768 
479 0.000113193 1.03952 0.015629 0.0471595 0.00481951  -0.00770124  0.000611511  0.00362238  -0.00409599  0.00420834  0.00362075  0.00755037  -0.0063706  0.00174489 
482 0.00124181 0.666115 0.0287281 0.0459437 -0.00760244  0.0108272  -0.0116526  0.000729378  -0.00426462  0.00623577  0.00700267  -0.0163118  -0.00995023  -0.00653989 
484 -0.000302517 0.430204 0.00919321 0.0294922 -0.00194219  0.00172389  -0.00184973  6.8253e-05  -0.00107716  -0.00040062  -0.00363854  -0.00422526  0.001143  0.00637385 
485 -0.000233748 0.029983 0.0209647 0.0342397 -0.00784064  0.0104789  0.00236263  0.00490958  -0.00356914  0.0121841  -0.000376205  0.00527078  -0.00246397  -0.00658505 
492 0.000647306 0.570394 0.013506 0.0374984 0.00168709  -0.000939944  -0.0029498  0.00253212  -0.00474583  -0.00956281  0.00479754  -0.00120469  0.00113717  -0.00488232 
494 -8.05591e-05 0.415417 0.00522112 0.0275506 -0.00341339  0.00104615  -0.00116072  0.00121197  0.000721948  -0.000670279  0.0022824  -0.000394589  -0.00145829  -0.00179894 
496 2.15832e-05 0.593153 0.00283589 0.0289758 -0.000162187  0.00132912  -0.00137925  0.000379723  0.000711081  -0.000897102  -0.00119568  -0.00030344  -0.000663067  -0.000964933 
498 -6.43294e-05 0.261328 0.00783696 0.0286009 -0.000271132  -0.00238933  -0.00264572  0.00200971  0.00521497  0.00141246  -0.00167325  0.00071487  0.00130866  -0.00322218 
499 -0.000176712 -1.01969 0.0327743 0.0297043 0.0137002  0.0085867  0.0046779  -0.0139453  0.00955593  -0.0175609  -0.000520779  -0.0120252  -0.000286709  -0.00719124 
501 -3.98248e-05 -15.8114 0.0509667 0.0325434 0.012533  -0.0219882  -0.00925815  0.00520146  -0.00273573  0.0205071  0.0168475  0.0282229  -0.0151097  0.0103719 
