generation s h r distopt trait[0] trait[1] trait[2] trait[3] trait[4] trait[5] trait[6] trait[7] trait[8] trait[9] 
2 0.000198262 0.689523 0.0122598 0.05 0.00348546  0.0088675  -0.000625081  0.00184083  0.00131766  -0.00515611  0.00235508  -0.000846995  -0.00425892  -0.00173747 
4 0.00599621 0.698043 0.0689267 0.146985 0.0354263  -0.0284637  0.00580037  0.00235784  -0.0120325  -0.0198036  0.013415  0.0419676  -0.00392901  0.0123629 
7 0.00295132 1.01237 0.0777144 0.267307 0.0142785  0.0376468  -0.0216445  0.0111863  -0.0327873  0.0126082  -0.0411825  0.0109448  -0.0277248  -0.00251731 
9 0.0486748 0.599701 0.141545 0.357586 0.0888364  0.00752761  -0.00873493  0.0306026  0.0187144  -0.0312549  0.0743963  0.017268  0.060759  -0.0148953 
10 0.0148427 0.843159 0.142412 0.329603 0.0639956  -0.0244429  0.0459663  0.0712088  -0.0358868  -0.0270374  0.0338616  -0.0552911  0.0215571  -0.0414407 
13 0.0510201 0.539193 0.0950256 0.435428 0.0548681  -0.0068209  0.0237123  -0.0295083  -0.0259642  0.0143123  -0.028044  0.0196864  -0.037832  0.0324892 
14 0.00661557 0.503378 0.0105281 0.419818 0.0079392  0.00418058  0.000640769  -0.00145107  0.00318143  -0.00175077  0.00170257  -0.00179663  -0.00245488  -0.00157381 
15 0.0398638 0.569367 0.107676 0.458553 0.0546359  -0.0122654  0.0390721  -0.0352285  0.0452367  -0.00999494  0.0485115  0.0137252  -0.0234177  0.0213176 
16 0.0265035 0.537331 0.0651615 0.459711 0.0265921  -0.0332146  -0.0144856  -0.00237721  0.00887699  -0.019358  -0.0302342  -0.006096  0.0265673  -0.0104674 
20 0.00993682 0.508101 0.019217 0.620607 0.0060004  0.0104975  0.000670866  -0.00776521  -0.0028867  -0.000679369  -0.00888426  -0.00542866  0.0057337  0.00350294 
26 0.0242039 0.507471 0.0316311 0.906438 0.0120446  -0.00351694  -0.0127114  -0.0173663  0.00369896  0.00356809  0.00979873  -0.0059369  -0.0139015  0.00538481 
29 0.11681 0.555893 0.175208 1.04153 0.0666289  -0.027428  -0.00145756  0.112006  0.0105625  -0.036786  -0.0977978  -0.0336568  -0.00282458  0.0280829 
32 0.0143361 0.666279 0.0977622 1.13419 0.0132408  0.000829541  -0.0492824  -0.0172807  -0.0267512  -0.0668868  0.000106435  0.00447416  0.0347313  -0.0154368 
33 0.011487 0.925696 0.139521 1.1768 0.00565203  -0.0103191  -0.00546275  -0.0515161  -0.0719974  0.0482791  -0.0432151  0.0154578  0.00545739  0.0836259 
34 0.085861 0.78383 0.309489 1.22089 0.0959128  -0.0543657  0.0836602  0.0249653  -0.120828  -0.108  -0.10205  -0.12329  -0.119548  -0.0991785 
35 0.157903 0.499029 0.100843 1.23319 0.0621525  0.0159761  -0.0471052  0.0170494  0.00445879  -0.000813777  0.0120849  -0.0227056  0.024134  -0.047718 
37 0.0229902 0.52145 0.0469894 1.26562 0.0181144  0.000428049  0.00572967  0.0212107  0.00199675  -0.01254  -0.00710186  -0.0128823  0.00657149  -0.0312433 
40 0.0484842 0.578422 0.126262 1.39736 0.0205036  -0.0192842  0.0225558  0.000969864  0.0331052  0.028767  0.0255386  -0.0499299  0.0496272  -0.0843127 
43 0.0200265 0.557727 0.0690826 1.4275 0.0113944  0.0275464  -0.00925774  0.0329355  0.0326179  -0.00466005  -0.0145749  -0.0230409  0.0271127  -0.0122174 
45 0.11076 0.566284 0.182329 1.42054 0.0231008  -0.0142606  0.0401628  -0.0205142  -0.00318304  0.00460721  0.0567688  0.045101  0.0959271  0.126423 
49 0.131171 0.558507 0.190515 1.38307 0.0329878  0.0212378  0.0170293  0.0487565  0.0710265  0.0661191  -0.0577814  0.12216  -0.0216279  -0.0627966 
50 0.0580152 0.618932 0.168291 1.33777 0.0287401  0.055279  -0.112869  0.0770351  0.00205855  -0.0446527  0.0361453  0.0305571  -0.0364901  -0.0140216 
51 0.0940341 0.773401 0.317913 1.31652 0.0810716  0.0873508  -0.159965  0.0206264  -0.0937016  -0.0296601  0.0153791  -0.00142722  0.165615  0.153378 
53 0.0338096 0.506484 0.0376164 1.28194 0.00870773  0.000189691  -0.0114955  -0.015309  0.00623274  0.0169618  -0.0186922  -0.0104646  -0.00728181  0.0115821 
54 0.0403551 0.501957 0.033049 1.2689 0.0174895  0.00186485  -0.00125051  0.00881836  0.0134097  -0.000713879  0.0194292  0.00234613  0.00738676  0.00925492 
55 0.00906453 0.964977 0.129571 1.25321 0.00091018  -0.0406641  0.0793466  -0.0331547  -0.0555138  0.0392392  -0.0143133  0.0072467  0.0514608  -0.014565 
56 0.041291 0.499001 0.0256287 1.24961 0.0183437  0.0045516  -0.00240165  2.64376e-05  -0.0133239  0.00110671  0.00315245  0.00637936  -0.00695767  -0.00400719 
57 0.00757374 0.507007 0.0154895 1.23331 0.00408414  0.00495454  0.00465179  0.0109722  0.00230122  0.00315978  0.00296573  -0.00082669  -0.00128629  0.00550042 
59 0.0298406 0.514043 0.0456456 1.23025 0.00545159  -0.017053  0.0241533  -0.0144361  0.0130995  -0.00292199  0.00846567  -0.02185  0.000787853  -0.015536 
60 0.0699406 0.608326 0.177368 1.21824 -0.00628899  -0.0576588  0.0524998  -0.0195313  0.0247343  0.0492228  0.0449168  0.0962145  -0.0965928  0.0363063 
61 0.00320023 0.540352 0.0228207 1.19017 0.000424357  0.00161436  -0.00667379  -0.00045528  -0.00836768  0.0139184  -0.0115534  -0.00355879  -0.00768155  -0.00208791 
62 0.00353268 1.73302 0.131762 1.18883 0.0296607  -0.00945672  -0.0230275  0.0644408  -0.0793061  -0.0296051  0.00692804  -0.0264037  -0.0610283  -0.0085812 
65 0.0164275 0.552831 0.0597872 1.18734 0.00198272  0.0283558  -0.00973242  -0.0382738  0.00338847  -0.0320405  -0.00264484  -0.00807858  0.00802699  0.00567102 
66 0.0602993 0.912324 0.311622 1.18046 0.0686209  0.0360187  -0.0635311  0.103507  -0.0559136  0.0720194  0.192775  -0.0506375  -0.166524  -0.0241303 
69 0.107296 0.57765 0.191564 1.1554 0.0566359  -0.0814525  -0.0983764  0.0306711  0.0893337  0.0325605  0.0163196  -0.0479898  0.059489  -0.0329694 
70 0.0474174 0.538655 0.0907114 1.11041 0.0279349  0.0425864  0.025331  -0.000391816  0.00950624  -0.000102932  0.0671694  -0.0170948  0.00990467  -0.000578302 
71 0.048377 0.630977 0.160581 1.08935 -0.00892398  -0.0633635  0.0503935  -0.027815  0.0153962  0.108386  -0.0605829  0.02036  -0.0285475  -0.038653 
74 0.0149107 0.554166 0.0575755 1.06745 -0.00367998  0.018672  0.0218536  0.00893088  0.0127492  -0.000204371  -0.0384967  0.0111528  0.0120929  0.0219138 
76 0.0376286 0.551584 0.0910805 1.06049 0.0369257  -0.0435383  -0.0478573  -0.00316193  0.000811781  -0.0233712  0.0302903  -0.031248  -0.00983897  0.014094 
77 0.0262148 0.507758 0.0337295 1.04293 0.0106514  -0.00756974  -0.00111631  -0.0152516  -0.0067631  0.0188154  0.00445678  0.0158256  0.000250692  0.00793284 
79 0.0381688 0.620668 0.13689 1.03045 0.0506936  0.0119669  -0.0279294  0.00917635  0.030686  0.0542304  0.071241  -0.0774265  0.00774359  -0.0122003 
81 0.0697062 0.502956 0.0553733 1.01211 0.026506  0.0144564  -0.00674601  -0.0377851  0.00919469  -0.0163675  0.015783  -0.00674464  0.00270211  0.00520612 
86 0.0438834 0.502755 0.0373541 0.978259 0.0209963  0.0042957  -0.0056269  -0.00741492  0.00411278  0.012512  -0.00179588  0.0160186  -0.0201676  0.00306115 
87 0.0271924 1.53037 0.330801 0.956056 0.154767  -0.00242026  -0.0936395  -0.0622281  0.00607546  -0.0728857  0.146467  -0.18063  -0.0933361  -0.0684776 
88 0.0460915 0.505808 0.0454059 0.94192 0.0350517  0.00169176  -0.00630954  -0.0160614  0.00161081  0.0040901  -0.00492478  -0.0147257  -0.000830658  0.0164717 
90 0.0362862 0.536588 0.0764701 0.917689 0.0188333  0.00783824  -0.000493308  0.016086  0.0236668  0.0307548  0.00449551  0.0146254  0.0179725  0.0557624 
92 0.0674415 0.5329 0.103469 0.898059 0.0069697  0.0328021  0.0244817  -0.0454695  0.019597  0.0184351  -0.0490376  -0.0215171  -0.0216976  -0.0534059 
93 0.0318501 0.519812 0.0545459 0.860956 0.0112946  -0.0176278  -0.0224974  -0.0117349  0.0135253  0.0119691  -0.00755159  0.0236398  0.0292694  0.00971319 
94 0.0162036 0.537112 0.0501449 0.842551 -0.00596261  -0.0113082  0.0207255  0.0119677  0.0351206  -0.0140057  -0.00901499  0.00537985  0.00956741  -0.012122 
95 0.0287099 0.515383 0.0462797 0.832957 0.0125109  -0.00454657  0.00138684  0.0132718  -0.00424569  0.0162961  0.0014007  0.0387295  -0.000831638  -0.000582562 
96 0.0712522 0.53088 0.104199 0.815789 0.0326313  0.037863  0.0434302  -0.0643272  -0.0012385  0.00909064  0.0221708  0.00134695  0.00960649  -0.0408044 
97 0.344817 0.645106 0.459229 0.772453 0.329466  -0.101833  -0.0610855  -0.0373072  0.207001  0.0511465  -0.14321  0.132571  -0.0289483  -0.0496245 
99 0.0072194 3.23905 0.279414 0.548112 0.0373529  -0.0509776  0.0360124  -0.176781  -0.0462947  -0.0155105  -0.0572652  0.0542456  -0.181065  0.0118204 
100 0.017377 0.836372 0.152515 0.54151 0.000741035  0.00687046  -0.0297418  -0.0745211  0.01912  0.0242485  -0.101982  0.0264267  0.0686745  -0.00257851 
101 0.00188062 8.85896 0.249669 0.525362 -0.0632987  -0.00753816  0.097207  -0.00434147  0.094725  -0.189766  0.0465111  -0.0375692  0.0108902  0.0112238 
102 0.0085822 1.11465 0.144885 0.523571 0.0266599  0.0739947  0.0288438  -0.108565  0.0261236  -0.0154793  0.00900005  0.0162248  0.0177691  0.0245986 
105 0.0584846 0.714563 0.223805 0.515345 0.121844  0.0210459  -0.0162932  0.134341  -0.072937  0.0212692  0.0316649  0.00184459  -0.0759837  -0.06273 
106 0.0172904 0.507704 0.0259841 0.456883 0.00774739  0.0113828  0.00605199  -0.00417328  0.000480275  0.00826713  -0.00195418  0.0109072  0.0134865  0.00763473 
107 0.0421001 0.678012 0.1735 0.437721 0.0489498  0.00975148  0.0839368  -0.0738855  -0.00516471  0.0114379  -0.0207141  0.102475  0.0124356  0.0621642 
108 0.0611819 0.60846 0.165637 0.387765 -0.0189859  0.0506156  0.0388363  0.0523146  0.0258563  0.0667276  -0.0122896  0.0506661  0.108297  0.0264673 
110 0.0055517 0.536113 0.0285479 0.301626 -0.00290559  -0.00622117  0.0123794  0.00373611  -0.00531168  0.00851024  0.000932605  -0.00529363  0.0190128  -0.0104696 
111 0.0106495 0.557033 0.0497193 0.292305 -0.00515306  0.0214397  0.0345535  0.00343639  -0.001151  0.00810954  -0.00384723  -0.020052  0.0165033  0.00486997 
112 0.0370785 0.600248 0.123425 0.273585 0.0436752  0.0179471  -3.91363e-05  0.0190432  -0.0528613  0.0332369  -0.055545  -0.00650737  0.0637672  0.0393511 
113 0.00458711 0.747022 0.0673053 0.196064 -0.0179944  -0.0306369  -0.0193918  0.025063  0.00564668  -0.00651093  -0.015221  -0.0433628  0.00819995  0.00314079 
115 0.000810368 5.50851 0.127263 0.184023 -0.00711667  0.0414703  -0.0635182  0.0763868  -0.0265046  -0.0114843  0.0114307  0.0221126  -0.0134641  -0.0540429 
119 0.0044389 1.56013 0.136921 0.181809 -0.0265396  0.0279584  -0.0193211  -0.0011483  -0.00508972  -0.0970537  -0.02004  -0.0529096  -0.0219139  0.0613202 
120 0.00632694 0.584106 0.0462725 0.169191 0.0344138  -0.0157465  -0.00680742  0.0073858  -0.0139973  0.0130461  -0.00589591  0.000489007  0.0132409  0.00561651 
122 0.00292519 0.736866 0.0526381 0.149394 -0.0188116  -0.0109321  0.0107427  -0.00592541  -0.0098044  0.0228254  0.0186675  0.0248681  0.0206678  -0.0116485 
124 0.00398777 0.993324 0.0886206 0.139275 0.0137239  0.0278421  0.0445874  0.0150866  -0.0273777  0.0198549  -0.0138173  0.0330398  -0.00705866  -0.0468862 
125 0.000920722 0.554242 0.0141454 0.124168 -0.00589292  0.00205753  0.00221539  7.35817e-05  -0.00566977  -0.00945871  0.00241637  0.00384049  0.00122153  0.00353911 
126 0.00177083 0.579168 0.0237024 0.120405 -0.00223349  -0.0198517  0.00550165  -0.00565194  -0.00536056  -0.000916517  -0.0062845  0.00195334  0.0048147  0.00210837 
127 0.00288131 0.852554 0.0637143 0.112819 0.0238153  -0.0224058  0.0308035  0.000973661  -0.000340585  0.00129782  -0.01176  0.0102659  -0.0363562  0.0217544 
130 0.00320009 1.09606 0.0872665 0.0992522 0.0284042  0.012337  -0.00741632  -0.0374863  -0.0161068  0.0282987  -0.0188204  -0.0312942  0.0407026  0.0338487 
133 0.00155843 0.891951 0.0494153 0.0815845 -0.00739553  -0.00435161  0.0316545  -0.000887287  -0.0295338  -0.0193222  -0.0069311  0.00597162  0.00219558  0.00559797 
134 0.00241731 0.619515 0.0340144 0.071406 -0.00248171  0.00681309  -0.0168874  0.0093351  0.0114048  -0.00598909  0.00946751  -0.0186552  0.0047566  0.0102888 
137 4.54544e-05 0.54721 0.00292993 0.0518114 0.000356584  -0.000441347  -0.000122251  -5.01523e-05  -0.00110853  -8.44799e-05  0.00183357  0.00176444  -0.000493595  -0.000538745 
138 0.00106705 0.658868 0.0260428 0.0513708 0.00499707  -0.0118279  -0.00442305  0.00877145  0.00935752  -0.0108278  0.0102602  -0.00242511  0.00999256  0.00102319 
143 -4.16632e-05 0.473916 0.00208518 0.0396546 -0.00102523  0.00080123  -0.000431119  -0.000677428  -0.00101336  0.000149454  -0.000605005  0.000469773  -0.000610061  4.47725e-05 
146 1.07376e-05 0.936531 0.00433002 0.0401765 -0.00158561  0.00172973  0.000937107  -0.000946392  -0.00117726  0.00170271  0.00162487  -0.000270054  0.00112715  -0.00178894 
147 0.000185545 0.514922 0.00333028 0.0400426 0.000159853  0.000176068  0.000547036  0.00249074  0.000762288  -0.00144982  0.000488012  0.000853104  0.000930399  0.0001286 
149 -0.000662689 -0.485659 0.0511172 0.0376548 0.00351371  0.0141105  0.0198451  0.0195346  0.000386245  -0.00188808  0.00373423  -0.0154887  0.0241449  0.0280278 
150 0.000902809 0.578389 0.0168331 0.0456157 0.00107138  -0.00536229  0.00260814  0.0020928  0.00539922  -0.00691387  0.00446362  0.0092065  -0.00462817  -0.00626187 
151 -1.85991e-05 0.474889 0.00136687 0.0343277 0.000808802  -0.000405542  -0.000314387  -0.000133024  9.97786e-05  -0.000314368  -0.000705308  0.000327812  -0.00018215  0.00043161 
153 -9.33481e-05 0.419244 0.00549175 0.0345975 0.000108084  0.000263638  -0.000277742  -0.00065378  -0.00281932  0.00179751  0.000110031  0.00367189  0.0020788  -0.000760053 
156 0.000430538 1.05666 0.0309585 0.0359213 -0.00538444  0.00289975  -0.0107289  0.0129216  -0.00621138  -0.00719954  -0.00888631  0.00957982  -0.0176386  -0.00816569 
157 8.01106e-05 1.63068 0.0190339 0.029324 -0.00157121  0.00105788  0.00485157  -0.00152424  0.00697102  -0.00705982  -0.00849669  -0.0101786  -0.00560165  -0.005218 
160 -0.000308859 -0.480874 0.0348117 0.0279247 -0.00220515  0.0044959  0.00634375  -0.00730237  0.0134814  0.018778  0.0122886  -0.00617324  0.0189635  -0.00318142 
162 -2.27808e-05 -0.579593 0.00991848 0.0329954 -0.00344916  -0.00138745  -0.00532155  -0.00243882  -0.000214427  -0.00445992  0.000699718  0.00394818  0.0037714  -0.000223294 
165 0.000335438 0.889427 0.0228571 0.0333388 -0.000872381  0.00968471  -0.00402577  -0.00364792  0.00331193  -0.00874239  0.0035795  -0.00744089  -0.0154176  0.00225803 
166 0.000162661 0.541063 0.00516997 0.0278585 0.00178962  -0.0013208  0.000429975  -0.00100982  -0.00160352  0.00212399  0.000542771  0.0033187  0.00039044  -0.00142594 
167 0.000190742 0.614625 0.00935225 0.0247679 0.00203787  -0.0019035  -0.000284288  0.000395907  -0.00306682  -0.000189938  0.000186319  -0.0033133  -0.00767477  0.000307423 
168 -0.00035127 0.311142 0.016293 0.0205602 0.00243592  -0.00359282  -0.00663776  -0.00781855  -0.00177234  -0.000824857  0.00696277  -0.00923463  -0.00187306  -0.000583368 
170 -2.84171e-05 0.479432 0.00152918 0.0278218 -0.000189423  -0.000359045  0.000262882  -0.000715459  0.000982232  -0.000307208  0.000482366  -0.000223268  0.000167687  -0.000472017 
171 4.12907e-05 1.80247 0.0146666 0.0283279 -0.00148225  -0.00424809  0.000673104  -0.00549763  -0.000445122  -0.00515416  0.00473078  0.00722205  0.00367852  -0.00702537 
173 -0.000206649 -0.172043 0.0235701 0.0275895 -0.00893233  -0.00955331  0.0024249  0.0028855  -0.00604907  0.000873495  0.00604171  -0.00305895  -0.00701384  0.0154234 
180 -8.22978e-06 -0.339019 0.00525546 0.0311103 -0.000228331  -0.000769487  0.00225635  0.00237102  -0.000284696  0.00127636  0.00205286  -0.00117626  -0.00284271  -0.000934723 
184 0.000132455 0.52622 0.00372824 0.0312423 0.00161409  0.000453339  0.0015872  0.000163768  0.00191004  0.00144268  -0.000725098  0.00110215  0.000581221  -0.000857348 
185 0.00018193 0.969839 0.0184901 0.0290454 0.0149771  0.00541051  0.00420958  -0.00363896  -0.00212584  -0.00415109  -0.00546768  0.00118118  -0.00154626  0.0013787 
194 2.91185e-05 2.6607 0.0158636 0.025724 -0.00219183  -0.0077699  0.00372054  0.00271015  0.00011229  -0.008034  -0.00385601  0.00132066  0.00152093  -0.00904475 
195 -4.22146e-05 0.486731 0.00149718 0.0251516 8.58674e-05  -0.000332697  -0.000704211  -0.000498898  -0.0004629  -0.000182942  0.000960609  -0.000435321  -0.000117664  6.94004e-05 
196 -4.86426e-05 -0.789731 0.0158412 0.0259773 -0.00105407  0.00472694  0.00442969  -0.00383087  -0.00043029  0.00814877  0.000972251  0.0012802  -0.0103449  -0.0041232 
198 -0.000665652 0.326011 0.0215317 0.0268973 0.00723878  -0.00321586  0.0126093  0.00638795  0.00236653  0.0118965  0.00235657  -0.00506986  -0.00362999  -0.00308408 
200 0.000415669 0.881906 0.025197 0.0372738 0.00216514  0.00176215  -0.0184737  0.00663334  -0.0010084  -0.0123973  0.004065  0.00560969  -0.0030332  0.00546942 
202 -9.58319e-05 0.429384 0.00520336 0.0312051 -0.00213598  -0.00275368  0.00296733  -3.29628e-05  3.7844e-05  -0.000718755  -0.00096008  -0.00152329  -0.00147192  0.000443785 
207 -0.00012935 -0.188135 0.0188695 0.0327046 -0.00400195  0.00184296  -0.000957259  -0.00152271  -0.0104321  -0.00755555  -0.00943839  -0.00398605  0.000635472  -0.00788154 
209 0.000235979 0.883683 0.0190298 0.0346259 0.00374297  0.0074576  -0.00807188  -0.00149286  0.00222743  0.0131721  0.0034252  0.0048014  -0.00231261  0.00255445 
210 1.09383e-05 0.641932 0.00249199 0.0310322 0.000697838  -6.92679e-05  0.000334652  -0.000733376  0.0015226  0.000184285  0.000700471  5.9064e-05  0.000841037  -0.00123071 
212 -0.000136162 -0.711816 0.0256908 0.0308555 -0.0174025  -0.00907383  -0.00167931  0.00549598  -0.000453416  0.00590053  0.00170848  0.00864863  0.00238536  -0.0111075 
213 -8.63034e-05 0.440558 0.00453043 0.0329884 -0.00218158  -0.00170175  0.00123501  0.00197282  -0.00201823  -0.000460176  -0.000214204  -0.000260274  -0.00128148  0.00118804 
215 -0.00124038 -0.315452 0.0636169 0.0342716 0.0348055  0.00928276  0.00993214  0.00797022  -0.0061824  -0.0218  -0.00948815  -0.0274991  0.0178486  0.0301512 
217 0.00036791 1.01266 0.0274647 0.0491497 -0.00960498  0.00311172  -0.0139249  0.00320497  0.0125197  -0.00778027  0.00429686  0.0107327  0.00591701  0.00789038 
218 -4.39947e-06 -0.654618 0.00450764 0.0452531 0.00172461  0.00230844  -8.68173e-05  -0.000167207  -0.0016409  0.000295615  -4.35541e-05  0.00227698  0.00183825  0.000796543 
220 9.85516e-05 1.3929 0.0187606 0.0453017 -0.00467642  -0.0033657  -0.00219767  0.00216844  0.00360452  -0.00641682  -0.00456271  0.0147179  -0.00407179  -0.00102353 
221 0.000361829 0.543645 0.00795119 0.0442007 0.000890879  0.000299509  0.00234319  -0.000731365  -0.00052228  0.00265462  -0.00477102  0.000729841  0.000777367  -0.00500931 
222 1.4979e-05 2.49014 0.0109197 0.0398991 0.0014551  0.00128626  0.00611222  -0.00106935  0.00776649  0.00157343  -0.00183308  0.00275678  0.00119143  0.00133817 
223 -0.000587866 0.354618 0.0184964 0.0397109 0.00324964  0.000446467  0.00864  0.0061327  -0.00837245  -0.00614336  -0.00517667  -0.00429383  -0.00636117  -0.00505581 
224 0.00044804 0.566085 0.0108861 0.0465295 -0.00644131  -0.00160904  0.000578881  0.00321178  6.4243e-05  0.00337957  0.00378212  -0.000846077  -0.000468657  -0.00609184 
228 -1.61049e-06 -1.42619 0.00352256 0.0414374 -0.00133145  -0.000968298  0.000989757  0.000169228  -0.000473141  0.000332632  0.000795521  0.000199904  -0.00207988  0.0018321 
229 -0.000691218 -0.0179522 0.037849 0.0414568 0.0018097  -0.00989817  -0.00731518  -0.0127045  0.0281418  0.00383598  0.0127101  -0.00783464  -0.00817217  0.00447181 
230 0.000678462 1.02869 0.0378719 0.049093 -0.0130329  0.0169894  -0.0110442  -0.0175084  -0.00288337  0.00962095  -0.00770141  -0.0039423  0.0189434  0.00356113 
232 -2.5091e-05 0.497814 0.000468724 0.041616 -3.14042e-05  -0.000141492  6.06316e-06  3.79117e-05  0.000185475  -0.000291059  5.37301e-05  -0.000263374  -7.53434e-05  1.32685e-05 
233 -0.000498907 0.414539 0.0130657 0.0419164 -0.00717438  -0.00390418  0.00196196  0.00503097  0.00779056  -0.00272005  0.00215724  -0.00113936  -8.71423e-06  -0.000890897 
236 -0.000240117 -0.707306 0.0340526 0.0474975 0.0252895  -0.00646292  -0.00650788  -0.00558243  -0.0121499  -0.00535864  -0.011621  -0.00479183  -0.00221172  -0.00809293 
237 -7.49383e-05 0.491488 0.00159825 0.0499616 -7.0703e-05  -0.000933401  -0.000189625  9.81711e-05  0.000701572  -0.000677495  -3.49841e-05  6.46195e-05  -0.000778235  0.000265193 
238 0.000638966 0.710609 0.023201 0.050706 -0.0149942  -0.00139852  -0.000474423  -0.00643231  0.00451027  0.00813459  0.0087426  0.00553407  -0.00650403  -0.00583324 
239 6.02556e-05 4.28117 0.0301864 0.0439584 -0.00583946  -0.00954251  0.0165437  0.000370641  0.00614842  0.00912615  -0.00679479  0.0176193  -0.00529318  0.00255169 
243 0.000144226 1.3167 0.021705 0.0432676 0.00588748  -0.00498615  0.00952867  0.00548703  -0.00554215  0.0125043  0.00693054  -0.00340209  -0.00374484  0.00547486 
244 0.000624782 0.557002 0.0119417 0.0415676 0.00205192  0.00504654  -0.00186122  -0.00110651  -0.00814282  0.0012612  0.0048625  0.00362527  0.00182887  0.000458568 
245 -0.000222597 0.192043 0.0165604 0.0332157 0.00539751  0.000190329  0.00167353  0.00848967  -0.00250059  -0.00596634  0.000219262  -0.00512751  -0.00992696  -0.00186255 
250 -1.71026e-07 0.462183 0.000160844 0.036413 2.61138e-07  6.37439e-05  -3.45129e-05  -2.98526e-05  -4.25573e-05  -7.82364e-05  -5.23354e-05  9.27068e-06  -8.37603e-05  4.41869e-05 
251 -0.000345677 0.400449 0.0117359 0.0364153 0.003555  -0.00434448  0.00467828  -0.00104422  -0.00550145  -0.00531656  -0.00371195  0.00180525  -0.00269681  0.000631931 
254 3.81077e-05 2.37206 0.0168921 0.0408878 0.00193718  0.00509388  0.000575904  0.00256671  0.00994488  -0.00524015  0.00245986  0.00312792  0.0094511  0.0041481 
255 0.000468026 0.674603 0.0180802 0.0404191 0.00100453  0.00539632  0.00353369  1.01982e-05  -0.0114378  -0.0017097  0.000579115  -0.00606027  0.0105918  0.00113182 
257 -3.67388e-05 -0.852326 0.0140972 0.0341436 -0.000669437  0.00649391  0.00449181  0.00670848  -0.00404725  0.00147968  -0.00266902  -0.00639269  0.00330475  -0.00366752 
259 0.000205916 0.773369 0.0150052 0.0346775 -0.00146078  0.00559959  -0.00999417  0.00109533  0.00013352  0.00437648  0.00343109  -0.000801997  -0.00326342  0.00695319 
263 0.000254471 0.731956 0.0153655 0.0315695 0.002637  -0.00170915  -0.00123714  -0.00841861  0.00395095  -0.00268528  -0.00297007  0.00468674  -0.000831936  -0.00997602 
269 -0.000243837 0.0065806 0.0219389 0.0272433 -0.00116445  0.0116729  0.002811  0.0112927  -0.00245954  0.00561088  -0.00816965  0.00601057  0.00740417  0.00361274 
271 -0.000308166 0.114433 0.0218029 0.0314016 0.00418283  -0.00825104  -0.00590883  0.00223829  -0.000705666  -0.0095367  -0.0087666  0.00846972  0.00597869  -0.00860731 
272 -3.01603e-05 -2.5818 0.0192816 0.035976 -0.00782052  0.00108205  -0.00121448  -0.00679833  -0.00837234  -0.0110312  0.001536  -0.00268736  0.00710243  -0.0031541 
275 -0.000256274 0.429965 0.0084755 0.0363928 0.0037202  -0.00297399  0.00563146  -0.000793001  -0.000638858  0.00150839  -0.00279814  0.00218517  0.000876888  0.00086634 
276 -0.00014645 -0.108537 0.0188813 0.0397586 -0.000938806  0.00531212  -0.00278195  -0.00866167  0.00505375  0.00416674  0.002639  -0.00452727  0.0107144  0.00771215 
277 -0.000853103 -0.058877 0.0436788 0.0415596 -0.00273136  -0.0169586  0.00232461  0.00807266  0.0273966  0.00548018  0.0249895  -0.00376211  0.00644059  -0.00902772 
279 0.000788063 0.714529 0.0260045 0.0508003 0.00222272  0.0103119  -0.00685683  -0.00726769  -0.00519933  -0.00220443  -0.0106469  -0.0135282  -0.0116404  0.00116753 
282 0.000223188 0.899422 0.0188826 0.0423429 -0.00341032  0.00409642  0.00897048  0.0060971  -0.00324443  0.0111736  0.00813445  -0.000655028  -0.000481746  0.00287954 
283 -0.000143968 0.458532 0.00488797 0.0396201 0.00094965  0.000346541  -0.00120229  0.000338008  0.000185371  -0.00172077  0.000890949  0.00123592  0.00312297  0.00249819 
285 6.03723e-05 2.99413 0.0245407 0.0413973 0.0110911  -0.00238834  -0.00310814  -0.0102152  -0.00706374  -0.0122249  0.00131848  0.000529832  -0.0102556  -0.00727838 
289 0.000116512 0.740477 0.0105865 0.0406616 -0.00327919  -0.00232847  -0.00209  -0.00217197  -0.00606752  -0.0015302  0.00494661  -0.000891651  -0.000192667  0.00472811 
290 -7.25514e-05 -10.5156 0.0565299 0.0392028 -0.0438705  -0.0227512  -0.000635771  0.00209371  -0.00707646  0.00551822  -0.0237359  0.00879223  -0.00516072  0.000864273 
292 0.000479865 1.4723 0.0431916 0.0401175 0.0214498  0.00295998  -0.0214142  -0.00158273  0.00964111  0.0221275  0.0186076  -0.00159576  0.00205101  -0.000131513 
293 0.000354739 0.599873 0.0119059 0.0336104 0.00362882  0.00345107  -0.000416043  0.00388327  -0.00617771  -0.00050109  -0.00552596  0.00514242  0.0018353  -0.00162942 
295 -0.000179466 0.361095 0.00998692 0.0278386 -0.00243362  -0.000999597  -0.00162039  -0.00180041  0.00659507  -0.000453697  -0.000626006  0.00650509  -0.000413956  -0.000607839 
296 4.40404e-05 1.44363 0.0128928 0.0308945 0.00360754  0.000611627  0.00344051  -0.00355546  -0.00286456  0.00268575  -0.00432168  0.000226517  -0.00389086  0.00889222 
297 1.51644e-05 0.673841 0.00324728 0.0301733 0.00159382  0.00116598  -0.000837535  0.00109907  -0.000749344  0.000651711  0.00130707  -0.00123071  0.00018113  0.000702471 
298 -0.000448821 -0.445818 0.0412084 0.029921 0.00716545  0.00284925  0.0121201  0.019019  -0.0169966  -0.0139058  -0.00561417  -0.0138637  0.0173739  -0.0110553 
299 0.000543458 0.66536 0.0189604 0.0366631 -0.00263327  0.00358911  0.0052476  -0.00351627  0.00392835  -0.0049424  -0.00725499  0.0116226  -0.00848918  0.000368935 
307 0.000209742 0.908544 0.0185129 0.0282997 -0.00741442  -0.00078989  -0.00105285  0.0024809  0.00161775  0.012727  0.00696576  -0.000197054  -0.00164826  -0.00799967 
308 -8.47376e-06 0.200251 0.00318749 0.0243137 -3.34583e-05  0.000169703  0.00110225  -0.000888669  0.00080605  1.11969e-05  -0.00204969  -0.00151516  4.4919e-06  0.000989278 
310 -4.92945e-06 0.390687 0.00146814 0.0244873 0.00044972  0.000176379  0.000300221  0.00037903  -0.000268389  0.000992558  -9.7388e-05  -4.24185e-05  -0.000221005  0.000755607 
311 -1.59503e-06 0.260286 0.00123669 0.0245878 0.00010565  -7.6758e-05  -0.000198616  0.000594916  2.65716e-05  0.000807716  0.000581838  -2.28836e-05  -0.000353999  -3.85874e-05 
318 -1.69609e-05 0.34879 0.00320294 0.0246202 0.000118996  -0.00115729  -0.00150138  0.000694619  0.00110354  -0.000409378  -0.00145133  -0.000129737  -0.00155465  -0.000493178 
319 -0.000422903 0.190824 0.0228729 0.0249623 -0.00443744  -0.00643879  -0.00902972  0.00838864  -0.00291858  -0.00770535  0.0115042  0.0100326  -0.000635675  -0.00297069 
320 5.35543e-05 0.917804 0.00946038 0.0323436 -0.00234223  -0.000320602  0.00231461  -0.001071  0.00337761  0.00598364  0.00148271  0.00127547  -0.00455861  -0.0023637 
322 0.000290433 0.585064 0.00994227 0.0315048 0.00410836  0.00507845  -0.000985062  -0.0019557  0.00384905  -0.000296979  -0.00438307  -0.00413233  -0.000375164  0.000229657 
323 -0.000235533 0.00120153 0.0216792 0.0264984 -0.000929696  -0.00493476  0.0136803  0.00172251  -0.00423508  -0.00905835  -0.000876931  -0.00659022  0.00693613  0.00789655 
324 -0.000700934 -0.058512 0.0395779 0.0306223 -0.00556149  0.0126945  -0.00874144  -0.00544566  0.0208807  -0.0218088  -0.00859178  0.0109258  -0.0110593  -0.00641364 
325 -6.99127e-05 0.491832 0.00151214 0.0404834 0.000286433  -0.000762656  0.000298645  0.000302527  0.000507701  -0.000263561  -0.000955511  0.000267318  0.000289023  0.000216683 
326 0.000226601 2.03823 0.0373347 0.0413379 -0.00185378  0.0155358  -0.000512524  -0.0161699  -0.0131025  0.00112434  -0.000302736  -0.0230225  0.0109921  0.00796627 
327 5.27725e-05 9.5326 0.0436599 0.0384999 0.0221427  -0.0132905  0.00154519  -0.0161555  0.00555282  0.0103472  0.000913833  0.0278289  -0.00499872  -0.00613952 
328 -0.000120032 -0.940708 0.0263004 0.0378084 -0.00321222  -0.00647315  0.000368335  0.0168152  0.00180415  -0.0021125  0.0127434  0.00288451  0.00164613  -0.0132463 
329 -0.000414779 0.440854 0.00991136 0.0393638 -0.00427544  0.00125589  -0.00127219  -0.00429455  0.00118478  -0.00635061  -0.00220846  0.00157322  -0.00104639  -0.00285228 
330 -0.00043189 -0.208941 0.0349987 0.0443213 -0.010243  -0.0154156  -0.00334953  -0.012127  -0.00158441  0.00590537  0.0130598  0.00502265  -0.0192599  0.0109522 
338 3.23743e-05 0.577838 0.00317492 0.0489526 0.00190873  0.000857778  -0.00145349  -0.000905675  0.0011116  0.000764963  -0.00047805  6.7439e-05  0.000214773  0.000817419 
340 7.06376e-05 11.8492 0.0566155 0.0486209 -0.012513  0.00927475  -0.0139236  0.00508656  0.00314121  0.0190997  -0.0214758  -0.0407366  -0.0132748  0.00845077 
341 -0.000139459 -0.632019 0.0251293 0.047889 -0.00952638  -5.75083e-05  0.0183847  0.0041541  -0.00117419  0.00538724  -0.0108856  0.00244957  0.000436648  0.00551223 
348 6.26589e-05 0.672525 0.00657581 0.0493236 -0.00265377  0.00108638  0.00310703  -0.000467348  -0.000623062  -0.00223551  0.000934065  -0.00188403  0.00391547  -8.85955e-05 
349 -0.000264106 0.413492 0.00956216 0.0486843 0.00238424  0.00276615  -0.00146326  0.00391187  0.00171804  0.00233524  -0.0050484  0.000123422  -0.004934  0.00155046 
351 0.000143241 0.815706 0.0134492 0.0513255 0.00520722  -0.00243285  -0.00379522  0.00948599  -0.00310642  0.0054632  0.000613541  -0.00101627  -0.00103566  0.00121753 
