generation s h r distopt trait[0] trait[1] trait[2] trait[3] trait[4] trait[5] trait[6] trait[7] trait[8] trait[9] 
2 0.000267597 0.544328 0.00689038 0.05 -0.0005566  -0.00501192  0.00106706  -0.000941315  -0.0012341  -0.0012014  0.00378562  -0.00069589  -0.000207984  -0.00148283 
3 0.0041992 0.812272 0.0723846 0.0970433 0.0224853  -0.0491656  -0.00202062  -0.00945133  0.0176335  -0.00307904  0.0250371  -0.0161124  -0.0298153  -0.0112889 
8 0.0129441 0.548812 0.0509211 0.301363 0.016531  -0.0168624  0.00309277  0.00503307  -0.0151078  -0.00767418  -0.0317769  -0.0265209  -0.0002082  0.000358146 
12 0.023147 0.617205 0.104762 0.476432 0.0440067  -0.00183344  0.0323562  0.0513255  -0.0163481  0.0273443  -0.0366284  0.0344303  -0.0176021  -0.0387562 
13 0.00305883 0.516224 0.0142431 0.500619 0.0015405  -0.00165703  0.00504242  0.00225535  0.00425732  0.00309182  0.00886452  0.00381355  0.001082  0.00672721 
14 0.00515468 0.579235 0.0405265 0.546677 -0.000274217  -0.00332187  0.0086792  -0.00130818  0.0242445  -0.00459069  0.00760512  -0.000272833  0.0200985  0.021989 
15 0.0186312 0.83804 0.15828 0.591429 0.0967686  0.0369921  0.0344186  0.0405687  -0.0324661  -0.0939527  0.0165494  0.00866484  -0.0308127  -0.0176094 
17 0.00258248 2.13043 0.129571 0.670838 -0.0507317  -0.0606367  -0.0442871  0.0504927  -0.0281575  0.0157725  -0.00823495  0.061167  -0.0324089  -0.0112261 
18 0.0104347 0.515329 0.0262739 0.716653 0.00584552  -0.00137297  -0.0107189  0.00569217  -0.00554542  0.0122016  0.00545878  -0.0148503  0.00760831  0.00437252 
21 0.0272673 0.546345 0.0731134 0.854471 0.0245515  -0.00909295  -0.00784966  0.0192728  -0.0204925  -0.0279312  -0.00598753  -0.0168038  0.0336701  -0.0396871 
25 0.0292768 0.514033 0.0451184 1.03259 0.0162839  -0.0024603  0.0088598  0.0019023  0.0179481  -0.0111818  0.00645047  0.0172051  0.0116322  0.0276088 
28 0.0511024 0.498809 0.0316921 1.16541 0.0110649  -0.0167917  -0.00736958  -0.00125824  0.00568998  0.0211749  -0.00743241  -0.00154623  -0.00177924  0.00159739 
30 0.0618918 0.518679 0.0792825 1.24229 -0.00941688  -0.0327903  0.00900871  -0.0469028  0.0241181  0.0164066  -0.00187494  -0.0443262  -0.00463212  -0.000410662 
31 0.0313251 0.536065 0.0701607 1.26749 0.0399136  0.0202288  -0.00443052  1.18245e-05  0.036877  -0.00340436  -0.03531  0.00206286  -0.00720098  0.0150394 
32 0.0926294 0.508384 0.0830082 1.30484 -0.0213609  -0.072038  0.0189544  0.00967375  0.0137913  0.00630035  0.00220725  0.0203174  -0.0118673  -0.00183298 
33 0.0392745 0.512557 0.0517326 1.31998 0.0206142  0.00230627  -0.014004  -0.0214496  -0.0201027  -0.0122246  -0.00303263  -0.0247203  -0.0146534  0.0141856 
35 0.0887795 0.517924 0.0985208 1.4046 0.00388552  -0.0426343  -0.00151849  0.0248506  0.0310446  0.00381723  -0.0348167  -0.00955908  0.0603084  0.0365334 
37 0.0256606 0.50126 0.0211812 1.47321 -0.00414458  -0.0157305  -0.00532328  -0.00458954  -0.00931889  0.00330239  -0.000122808  0.00431734  -0.00133245  0.00405412 
38 0.137345 0.506413 0.10757 1.51425 0.0233144  -0.0457467  -0.000856483  0.0275142  -0.0726487  0.0288812  -0.0363068  0.0226042  0.0145513  -0.00494614 
39 0.0473222 0.510213 0.0543781 1.52062 0.033761  0.01755  0.00513582  -0.023061  0.0127783  0.00656036  0.00770216  -0.0127766  0.0168584  0.0154237 
40 0.071444 0.521836 0.0916566 1.55498 0.00921784  -0.0274552  -0.0138682  0.0385684  -0.00223358  -0.0468848  0.0341987  -0.0492557  -0.000405184  -0.00912801 
41 0.0122513 0.521569 0.0335345 1.58217 -0.0134768  -0.0188398  -0.00261715  0.00116111  0.0130159  0.008643  0.012045  -0.0115859  0.00384806  -0.00644687 
43 0.00965072 0.63917 0.0734107 1.57832 0.01032  0.00449583  -0.0193063  -0.00314846  -0.0247985  -0.0136295  0.00831001  -0.0107375  -0.0621688  -0.00545175 
46 0.0178857 0.501956 0.0171996 1.57527 0.00384718  -0.00319774  -0.00814522  -0.0030804  0.00789425  -0.00163342  -0.000569436  0.00150199  0.0100328  -0.0051711 
47 0.0370577 0.513194 0.0508104 1.56963 0.00273371  -0.0154658  0.00933335  0.0125962  -0.0336765  0.0179656  0.0128832  0.0159835  -0.00446593  0.01382 
48 0.07797 0.500946 0.0556941 1.558 0.0335057  0.00676842  -0.00755813  -0.034807  0.0130027  0.00451131  0.0148037  0.00427075  0.00232213  -0.015249 
49 0.0245656 0.499044 0.0142029 1.53372 0.00609528  -0.00610359  -0.000233004  0.00746514  0.00580824  0.00208754  -0.00359385  -0.00375126  -0.000772989  0.00241975 
50 0.0701446 0.502103 0.0535502 1.52578 0.0123832  -0.0175873  0.0116567  -0.00324567  0.02512  0.0301767  -0.019367  0.00132621  0.0151296  -0.0105434 
51 0.0796537 0.503009 0.0621139 1.5034 0.0212429  -0.0200084  -0.0309214  0.0267193  -0.0236188  0.00798474  0.00720743  0.00190952  0.0125827  0.0223823 
53 0.0218889 0.511799 0.0354427 1.4777 0.0128677  0.000152783  -0.000835721  0.00177177  -0.0165144  -0.0210724  -0.0122887  -0.000757383  0.00455055  -0.0140601 
54 0.14773 0.487656 0.0518337 1.47035 0.0424195  -0.0236117  0.00813427  -0.00832531  0.00966422  0.0026537  -0.00211047  -0.00750923  0.000973432  0.0056662 
56 0.0277518 0.604636 0.108695 1.42272 0.0543488  0.0302728  0.0248881  0.0502683  -0.0196609  0.0297353  0.00891488  0.054422  -0.0215336  -0.00473719 
59 0.0268576 0.504374 0.0285462 1.41307 0.00752194  -0.00917494  0.00762144  0.0126085  -0.0124337  0.00360451  0.0149152  -0.00467008  -0.00188895  0.00645234 
62 0.0216052 0.655065 0.116035 1.40366 -0.0291955  -0.0475897  -0.0352995  0.0235024  0.00120189  -0.0306149  -0.0122473  0.0281095  0.0665499  0.0473374 
63 0.00376493 0.502132 0.00625411 1.39603 0.00278945  0.0012864  0.000974019  -0.00116096  -0.000215498  -0.0014538  0.00415433  -0.000948562  0.00257736  -0.000648428 
66 0.00892211 0.506141 0.0160507 1.39468 0.00368515  -0.00226565  -0.0100331  0.00199155  -0.000531837  0.00899231  -0.00325411  0.00261833  0.0036152  0.00475643 
68 0.0658187 0.496065 0.0320642 1.39149 0.016431  -0.0143765  0.0162844  -0.00623963  -0.000699239  -0.00781879  0.00528729  -0.00198366  -0.0121616  0.00243212 
69 0.0265215 0.505534 0.0303635 1.3684 0.00192287  -0.00770945  -0.0064834  -0.01669  -0.00287265  0.0164261  0.00909541  -0.0102617  0.00754789  0.00389224 
73 0.0359087 0.502935 0.0321926 1.3588 0.00638941  -0.00933702  -0.0140995  -0.0198789  0.00385923  -0.00117698  -0.0130776  0.0063917  0.000921569  0.00924044 
75 0.0219587 0.503877 0.0239316 1.34575 -0.000505198  -0.0104124  -0.00448334  -0.0122821  0.00238428  -0.00501545  0.00291134  0.00106194  0.0157508  0.00213662 
79 0.0266102 0.508002 0.0344282 1.33766 0.0150425  0.000180862  -0.00840395  0.000641318  0.0101272  -0.0245119  0.00794467  -0.00690278  0.00776467  0.0036744 
80 0.0571361 0.519585 0.0767639 1.32781 -0.00135227  -0.026885  0.0552803  -0.0249129  0.0144657  -0.009109  -0.0043749  0.0133564  0.0301349  -0.00967631 
82 0.0399746 0.504177 0.0377214 1.30672 0.00562379  -0.0178264  -0.00168393  0.0186282  0.014199  0.00903438  -0.00472801  0.0109139  -0.0172258  0.00148946 
83 0.088853 0.495846 0.0469903 1.29163 0.0265767  -0.0187219  -0.00115653  0.00482711  0.0232718  0.00613768  0.0100985  -0.0172252  -0.0112925  -0.004601 
87 0.0625568 0.510251 0.0657806 1.25825 0.00531668  -0.0364779  0.026133  0.00990039  -0.0416771  -0.0165383  0.0106039  0.00585206  0.00058426  0.00545022 
88 0.076185 0.50202 0.0573393 1.2339 0.0305897  -0.010174  0.00641213  -0.0189572  0.0103302  -0.00523856  -0.0320303  -0.0239215  0.00860126  0.0064614 
89 0.130281 0.528189 0.145815 1.20378 0.0184359  -0.0572613  -0.00428255  -0.0304743  0.0852421  -0.0749071  0.0400536  0.0234995  -0.0325311  0.0245803 
92 0.0442906 0.60438 0.137803 1.15179 0.0558411  0.0267527  -0.0710227  0.0263383  9.92851e-05  0.0347921  -0.0328258  -0.0793193  0.0213832  -0.0195211 
94 0.0128827 0.602621 0.0730261 1.13282 0.00277721  -0.00715874  -0.0368831  -0.00811056  -0.036029  -0.0330027  -0.00630693  0.00757779  -0.0181305  -0.0321639 
95 0.0475011 0.499399 0.0310672 1.12716 0.0236252  -0.00327707  0.00338886  -0.0104719  -0.00953206  0.00469979  0.00697758  0.00475907  0.00137174  0.00943256 
97 0.0119046 0.521331 0.0328577 1.10638 -3.89944e-05  -0.00724423  -0.00294006  -0.0163084  -0.0073038  0.00240649  -0.0158511  -0.0175886  -0.00671315  0.00936602 
98 0.0120584 0.511908 0.0253517 1.10102 0.00907085  -0.000933351  -0.0102454  0.00776465  0.00118282  8.21397e-05  0.00683302  0.00182287  0.0146442  -0.0113326 
99 0.035902 0.599515 0.120982 1.09556 0.0227913  -0.0275074  0.0126646  0.00871532  -0.0626711  -0.0683359  0.0354781  -0.0439773  0.0275907  0.0239311 
100 0.065708 0.507529 0.0627693 1.07934 -0.00191166  -0.0391875  -0.0299477  -0.0030981  0.0126422  0.00900874  0.00286375  0.0197039  -0.0205969  -0.0207978 
105 0.0470169 0.547772 0.0991152 1.04945 0.031463  -0.0295243  -0.0634822  0.0153026  -0.0125957  -0.000831968  0.0201794  -0.0314248  0.00701475  0.0457689 
107 0.10146 0.505592 0.082625 1.02732 0.0679691  -0.0112817  0.022679  0.0190244  0.0185963  -0.0132708  0.0184327  -0.0038397  0.0105351  0.0147004 
110 0.00128793 0.504029 0.00464475 0.979163 0.00064778  -0.000118772  -0.00259807  -0.00173082  0.000154858  0.00019872  0.00106063  0.000820144  -0.00286703  0.001146 
114 0.0061176 0.503596 0.010311 0.978505 -0.00346941  -0.00675171  -0.00256553  -0.00435467  -0.00133563  0.000189305  -0.0010049  0.0031917  -0.00283988  0.00143774 
115 0.0163854 0.519104 0.0370651 0.975384 -0.00119936  -0.00902933  0.0109067  0.00323303  -0.0110128  0.0232586  0.0099014  -0.00544164  0.0178607  -0.00724869 
117 0.00775647 0.506174 0.0148545 0.967016 0.000763299  -0.00175826  0.00197642  -0.000772695  -0.00633588  0.00737683  0.00677545  0.00594479  -0.00600492  -0.000782021 
119 0.0291835 0.511028 0.0410167 0.963013 0.016692  -0.00347408  -0.00815088  -0.0129929  0.000565105  0.0141714  -0.0274543  -0.0110274  0.00892282  0.000560376 
120 0.200433 0.516988 0.170363 0.94796 0.0954562  -0.0613776  -0.0575331  -0.0172409  0.0291176  0.0509734  0.040161  0.00926393  -0.0766498  0.0389501 
121 0.017018 0.755303 0.131673 0.846136 0.0248363  0.00184813  -0.0487836  -0.0547224  -0.0221997  0.0505228  0.0546125  0.0665799  -0.0239561  0.0175614 
122 0.0164085 0.503972 0.0197747 0.836105 0.00609535  -0.00557412  0.00390094  0.00287316  0.00562806  -0.0114484  -0.00149652  -0.00582034  0.00137551  -0.00992934 
125 0.0212258 0.513174 0.0364301 0.826314 0.0094367  -0.0128558  -0.0126408  -0.00312553  0.00164682  0.0164803  0.0151713  -0.00809539  -0.00249756  -0.0180836 
126 0.0251547 0.504995 0.0283707 0.813506 0.00425589  -0.0143707  0.00657238  -0.0036901  -0.00235433  0.0153549  0.0117961  0.0102409  -0.00141173  -0.00601028 
127 0.0839397 0.520473 0.0991933 0.79809 0.0576049  -0.0149945  0.0405751  -0.00841621  -0.00491699  -0.0545538  -0.0118575  0.0295301  0.0150755  0.0184068 
130 0.0559395 0.61751 0.16425 0.745886 0.00652735  -0.079506  0.0181038  0.0652279  0.0103349  0.0240805  -0.0246179  0.00210974  0.113207  0.0438052 
133 0.035295 0.513007 0.0490468 0.70846 0.00861734  -0.0287159  0.00297111  0.0106815  -0.00854777  -0.000659338  -0.0153076  -0.0298827  -0.00488192  -0.0126163 
134 0.0105137 0.627828 0.0734766 0.683541 -0.00769125  -0.0192041  0.0225733  -0.0357313  -0.0392281  -0.0017117  0.0330891  0.0185937  0.00933345  0.0107279 
135 0.0120683 0.503497 0.0154844 0.675848 0.00508084  -0.00155602  0.00728507  -0.000406694  0.000595397  0.00555818  1.73918e-05  -0.00123307  -0.0110547  -0.00182129 
138 0.0417793 0.638166 0.152942 0.666914 0.0106831  -0.0321989  -0.0154073  -0.0389136  -0.0540266  0.0757387  0.02658  5.29618e-05  -0.101372  -0.0291679 
139 0.018422 0.529794 0.0483884 0.635487 0.00374291  -0.00621582  0.0238241  -0.00408944  -0.000616143  0.020183  0.0100092  -0.0171064  0.0148158  -0.0261616 
141 0.0335548 0.611139 0.123242 0.620958 0.0593738  -0.014496  -0.0309678  -0.0350559  -0.0174867  0.00638458  0.00153032  -0.0848881  -0.026613  -0.0316574 
142 0.00692739 0.52472 0.0265781 0.593789 -0.00293097  -0.00747415  0.000462113  0.00254228  -0.00336119  0.00482829  0.00415779  0.0113098  -0.00526583  -0.0206815 
143 0.0179252 0.506046 0.0242376 0.587947 0.00261121  -0.00857937  0.00252272  -0.00269085  0.0102333  -0.00101152  -0.00178977  0.0129987  0.0104544  -0.0103065 
144 0.0712408 0.542566 0.118587 0.572639 0.0261126  -0.0121947  0.0634739  -0.0174631  0.0302992  -0.073786  -0.0236708  0.0287335  0.0331844  -0.00698382 
145 0.00605369 0.519269 0.0219855 0.509016 0.0099135  0.00505655  0.000818815  -0.00484147  0.00406858  -0.00199487  0.00138801  0.013483  -0.010768  0.00389916 
147 0.0020106 1.57775 0.0930144 0.503053 0.021994  0.0242225  0.0619419  0.0239974  0.0147259  0.00971293  -0.0149047  -0.0199158  0.0394059  0.0261865 
148 0.00102753 0.564192 0.0162549 0.501053 0.000995025  0.000564868  0.00228238  -0.000507583  0.000499107  0.010094  0.00400781  0.0112953  0.00306019  0.001515 
152 0.00935445 0.575532 0.0534364 0.500027 0.0130667  0.0012044  0.0227841  0.00169228  0.0302976  -0.00309868  -0.0110112  -0.00431585  -0.00231301  0.0329926 
153 0.00342676 0.532936 0.0213662 0.490628 0.0157991  0.00842749  0.00204112  -0.00282154  0.00320003  0.0002443  -0.00511292  0.00654664  -0.00180196  0.006419 
158 0.0154828 0.515552 0.032767 0.487129 0.00602743  -0.0135904  0.015968  0.00511402  -0.00366426  0.00355528  0.00277398  -0.00434653  -0.0211646  -0.00842136 
159 0.0265994 0.527048 0.0564238 0.471095 0.0283992  -0.00695461  -0.0211437  -0.00733431  0.0259948  -0.0184548  -0.0262471  0.00291932  0.00921694  -0.00540552 
161 0.0108403 0.547669 0.0459721 0.442356 0.00958405  -0.0104869  0.0248796  0.0224272  -0.0100664  -0.00233851  -0.0021739  0.0239514  -0.00970739  0.00319433 
162 0.00856314 0.509623 0.0190931 0.429996 0.0122838  -0.00578863  -0.00714888  0.00176142  0.000248517  0.00940975  -0.00304695  -0.0046208  0.00193094  -0.0017236 
163 0.00328378 0.50306 0.00674524 0.419965 -0.00182711  -0.00488589  -0.00173501  -0.00159083  -8.74252e-05  -0.000876046  -0.00057924  -0.00158422  -0.00131749  -0.0027186 
164 0.0111734 0.603989 0.068417 0.416043 0.0171629  -0.0254334  -0.0209742  0.0173421  -0.0167641  0.0171182  0.011326  0.0219135  -0.0375099  0.02023 
167 0.0292539 0.615482 0.117098 0.402468 0.00181963  -0.0507649  -0.0441662  0.00488266  0.0250467  0.0557236  0.0230928  0.0564643  -0.00657048  -0.0407422 
168 0.0124396 0.78415 0.118757 0.364892 -0.0458612  -0.044878  0.0320085  -0.0067103  0.0288449  -0.0811443  0.00276143  0.0272356  -0.0263835  -0.00737673 
169 0.00147782 0.513632 0.00903391 0.347539 0.00288519  0.00224353  -0.00164549  -0.00338366  -0.00298011  0.000970637  0.0016502  -0.00144212  0.00305444  -0.0054901 
170 0.0135672 0.56975 0.0620385 0.345408 0.0184504  -0.000360101  -0.00096875  -0.0178505  -0.00173817  0.0273812  -0.00222242  0.0182037  -0.0200402  -0.0412065 
172 0.0172705 0.571991 0.0712337 0.325316 0.0205841  -0.030841  0.0517914  -0.00559689  -0.000277046  0.0112619  0.0141411  -0.00722336  -0.00331099  0.0244065 
174 0.011976 0.544824 0.0469551 0.297838 0.00748788  -0.0163698  -0.0159909  -0.0168685  0.0264039  0.017322  -0.00720712  0.00643057  -0.0101935  -0.012086 
175 0.0144398 0.560214 0.0596178 0.277133 0.0187481  -0.0133147  0.00358774  -0.0191976  0.0149413  0.0210255  -0.00220608  -0.0154137  -0.0109069  -0.0402166 
178 0.00462465 0.508265 0.012774 0.249933 0.00626683  -0.00164606  -0.00283076  -0.00137815  -0.00287957  -0.00259638  -0.00562735  -0.000208425  0.00757895  -0.00266384 
179 0.00592508 1.41464 0.146876 0.240525 0.0269814  -0.0507578  0.0602771  -0.0918479  0.00511664  -0.0102635  0.0213642  0.0380548  0.0563195  0.0314774 
180 0.00451394 0.76025 0.0685261 0.227914 0.0238521  -0.0173598  -0.0324507  0.00707223  -0.0221398  0.0293152  -0.00914447  0.0173513  0.0297392  -0.0101893 
181 0.00932316 0.559595 0.0474825 0.217809 0.0316937  -0.00440393  -0.00635435  0.00344458  0.0146275  0.00069076  -0.0257002  0.00196648  0.0166303  0.00480445 
184 0.0075317 0.653859 0.0681424 0.195348 0.0402739  -0.00627604  -0.0119496  -0.0129526  0.0095431  0.017759  0.000517988  -0.0422354  -0.0213919  0.00482483 
186 0.00243144 0.530662 0.0173433 0.175093 0.00117804  -0.00642928  0.00234961  -0.00433846  -0.00524343  0.00133434  -0.0114424  0.000202883  0.00129974  -0.008473 
187 0.00317188 0.58619 0.033116 0.168015 -0.0103172  -0.0275069  -0.00537414  0.0117135  -0.0017167  -0.00305022  0.000249156  -0.000683822  -0.00424842  0.0060562 
188 0.0015333 1.38247 0.0735239 0.15831 0.0403832  -0.0228211  -0.00865543  0.016871  0.0114683  -0.00310941  -0.029931  0.00572661  0.0417156  0.0091965 
191 0.000814106 0.576997 0.0158416 0.153395 0.00620743  0.00102443  0.0117241  0.00224375  -0.000765836  -0.00424149  -0.00171601  -0.00289554  0.000377969  0.00623201 
193 -0.000940073 -0.319765 0.0555271 0.150719 -0.0112872  0.00839065  -0.0209281  0.0090634  -0.00908614  -0.0307788  -0.0212368  0.019469  0.0224299  -0.00151253 
194 0.00507675 0.946977 0.0951649 0.153807 0.00435292  0.061924  0.0186318  -0.000526496  -0.0232383  -0.0130623  -0.0325684  -0.0366155  -0.0403963  0.0105598 
195 0.00652703 0.804284 0.0890605 0.136355 -0.0274848  -0.0375159  0.00248119  -0.0492507  0.0232082  -0.0317435  -0.0119064  -0.0295953  -0.00728684  -0.026835 
196 -4.18196e-05 -18.2474 0.05599 0.109941 0.0123706  0.0228976  0.00381415  -0.0061865  0.00814988  0.025987  0.0182197  -0.0146324  -0.0174519  -0.0285016 
198 -6.58344e-05 -2.23736 0.0268479 0.110131 0.012258  -0.0074092  -0.000667587  0.00116791  -0.0115054  -0.00844303  0.00289166  -0.00616405  0.0105118  0.0123828 
200 -0.000278039 0.479254 0.00480772 0.110429 0.00209909  -0.00157743  0.000457228  -0.00108011  0.000152825  0.00237426  -0.00225411  -0.00087429  0.00182491  -8.86358e-05 
203 0.00572064 0.667552 0.0619478 0.111681 -0.00771686  0.00853448  -0.0159062  0.053249  0.00615835  -0.021631  -0.0103092  0.00161901  -0.00139516  -0.000110457 
205 -0.000137166 0.419286 0.00665562 0.0822701 0.00128784  0.0026488  0.000214028  0.00251633  -0.000621652  -0.00138424  -0.00300126  0.00158103  0.00132666  -0.00369798 
207 0.000178378 0.517359 0.00352147 0.0830996 0.000148377  -0.00192323  0.000164394  -0.00143653  -0.000743476  0.000749509  0.00103681  -0.0012937  -0.00125699  0.00107057 
209 0.00028301 1.57322 0.0348512 0.0820194 -0.016614  -0.00223086  0.0118005  0.010086  0.00696217  -0.00217627  -0.0117157  0.0185591  -0.00753921  0.0100439 
210 0.00214267 0.571743 0.0248288 0.0802759 0.0129007  -0.0110222  0.000781844  0.00982587  -0.00639603  -0.0059209  0.00268855  -0.00255916  0.00138977  -0.0118203 
211 0.000961917 1.70287 0.0679987 0.0656036 0.00739211  -0.00888726  0.0384703  0.0287037  0.0308878  -0.0112062  0.0148421  -0.0158714  -0.0113299  -0.0224975 
213 0.000300711 0.567189 0.00899164 0.0578133 0.00380938  -0.00203822  -0.000868338  -0.00366086  -0.00367487  0.00265339  0.00219936  0.00201014  0.00431027  -0.000162727 
217 0.000196788 0.758496 0.0142643 0.0551518 0.00700286  -0.00580038  -0.000480602  0.00269233  0.000586224  0.00670004  0.00442597  0.00499745  -0.00325586  0.00359268 
218 4.15486e-07 0.524277 0.000200866 0.0533381 -4.74086e-05  3.41239e-05  -4.10808e-05  -4.00134e-05  0.00010634  -7.90949e-06  0.000115494  6.77958e-05  -6.46937e-05  1.24641e-05 
219 0.00071213 0.71347 0.0246589 0.0533342 -0.00995179  -0.00501087  -0.0079451  -0.0118865  0.00619802  4.87983e-06  0.0138668  0.005607  -0.00287761  -0.00301366 
221 3.84904e-05 0.676249 0.00520919 0.0461807 0.000995178  0.00275408  0.000135363  -0.000154712  -0.00259184  0.000202299  -0.000856118  -0.000393682  -0.0031325  0.00102911 
224 -0.000166852 0.485858 0.00307455 0.0457621 0.000393875  0.00110941  -0.000927835  -0.000357608  0.00135127  -0.00153319  0.00164611  0.00010151  -0.000424577  3.60071e-05 
225 -2.57081e-05 0.0204951 0.00702205 0.0475503 -0.00145678  0.00176234  -0.00334979  -0.00280821  -0.000462474  -0.00173394  -0.00191582  0.00192808  0.00362072  -0.00112078 
226 -4.37413e-05 0.490435 0.00129405 0.0478199 0.000554285  -7.12637e-05  0.000779314  3.33278e-05  -6.8832e-06  -3.05878e-05  3.38531e-05  -7.57203e-06  0.00029995  0.000813417 
227 -0.000241474 -0.179658 0.0256229 0.0482751 0.01466  -0.00391117  -0.00274102  -0.00218342  0.00655145  0.00530321  -0.00978125  -0.0111356  -0.00576255  0.00949287 
228 0.000536359 0.810028 0.0257887 0.0507148 -0.000111779  -0.00536754  -0.0148368  0.00168496  -0.0137302  -0.00125813  0.0114955  0.00363058  0.00864052  -0.00178204 
229 6.78763e-05 1.65815 0.017732 0.0451195 -0.00909434  0.00057154  0.00141127  -0.00822564  -0.00315676  -0.00640057  -0.0015033  -0.00655097  0.00708357  0.00393092 
230 -0.000414664 0.462969 0.00784352 0.044361 0.00263592  -0.000467014  0.00302378  0.00212358  0.00519117  -0.00190927  -0.000572158  -0.000163472  0.00238638  0.00201477 
234 -0.000462833 0.458617 0.00875997 0.0488124 0.00118381  0.00497606  0.00100257  -0.00241546  0.00126198  0.00254488  0.00236362  0.00519072  0.00172449  0.000402253 
235 0.000372491 0.758762 0.0196348 0.053344 0.00752347  -0.00324206  0.000222007  0.0013859  -0.00209417  0.0154907  6.26013e-05  0.000611049  -0.00846762  0.00013275 
237 -0.000340478 0.214781 0.0197116 0.0497309 0.00798269  0.000597948  -0.000831859  -0.00398803  0.00022593  0.00925098  -0.0076975  0.00189  -0.0125671  -0.00121739 
243 0.000194559 0.756665 0.014133 0.0530443 -0.00510942  0.00257983  0.00382634  0.00673458  -0.00527189  0.00724382  0.00302367  0.00338366  -0.00231826  -0.000867228 
248 0.000158638 0.584049 0.00730355 0.0511777 -0.00112373  -0.000170448  -0.0014912  0.00255041  0.00358963  -0.00118063  -0.00201276  0.00164902  -0.00200124  -0.00427399 
249 8.8304e-06 0.503573 0.000355288 0.0496038 -0.000178566  1.95068e-05  0.000263083  2.50445e-06  -6.98696e-05  -4.9819e-05  9.4614e-05  6.56452e-05  -6.41803e-05  -4.42763e-07 
256 -0.00125151 0.356537 0.0268207 0.0495147 -0.00411764  0.00580656  0.0109163  -0.00724085  0.00801458  0.0064407  0.0179694  -0.00449962  0.00213823  -0.00660672 
259 -0.000713502 0.049791 0.0358526 0.0608605 0.00638657  -0.0041014  0.00331786  -0.00593573  0.0177925  -0.00943357  -0.0177128  -0.011516  -0.015346  -0.00970192 
260 0.000529338 0.581523 0.0131417 0.0664662 -0.00623812  0.00217633  0.000848638  0.00752326  -0.00361508  -0.0029485  0.00285409  -0.00420614  -0.00481645  0.000967024 
261 -4.68688e-05 0.178413 0.00776477 0.0623583 0.00397386  -0.000666551  0.00156871  -0.00132804  -0.00309162  -0.00501347  0.000105908  0.000375222  -0.00133117  0.00179283 
263 0.00158378 0.749111 0.039722 0.062733 -0.00817472  0.00359946  -0.00590338  0.0140756  -0.0226769  0.00468067  -0.0243209  -0.00603747  0.00980067  -0.00221884 
264 3.88865e-06 0.678275 0.00166523 0.0485067 -6.51677e-07  0.000372832  -0.000370086  -0.00115406  -0.000779469  -0.000309519  -0.000237554  -7.01516e-05  -7.88167e-05  -0.000627887 
266 3.81229e-05 0.509308 0.00119169 0.0484666 -0.000481236  8.51554e-05  -0.000129871  0.000363889  0.000432486  -0.000786462  0.000179718  0.000116994  0.000106258  0.000411295 
269 -0.000393871 0.449154 0.00895541 0.0480717 0.00175934  0.00194261  0.00171379  -0.000226209  0.00571132  0.0035115  0.00112468  0.00118317  0.00381548  -0.00285823 
270 -1.33666e-05 -46.2768 0.0500022 0.0520081 0.00151066  -0.0224554  -0.0119477  0.0141385  -0.0234487  0.0125915  0.0284597  -0.00571077  -0.0100026  -0.000198101 
271 0.000214876 0.641766 0.0110389 0.0521364 -0.00495642  -0.000737785  0.00146871  -0.00533373  -0.00199637  -0.000463404  0.00245168  0.00247061  -0.00575906  0.00408156 
273 -0.00106572 0.329004 0.0270152 0.0500335 -0.00397711  -0.00494834  0.0082521  -0.0114183  0.00517778  0.00273222  -0.00405701  0.000764646  -0.0203656  -0.00499685 
275 -0.000101263 -0.091775 0.0154826 0.0597464 0.000672289  -0.00762953  -0.000295268  -0.00398328  -0.00941814  0.00117471  -0.00770197  -0.00156562  -0.000343697  0.00362265 
278 6.16934e-05 2.69996 0.0232989 0.060588 -0.00294648  0.00595835  0.00689478  -0.00379819  0.00112831  -0.0121088  0.000733146  -0.0137745  0.00500922  -0.00856906 
281 -0.00058525 0.427441 0.0130414 0.0600767 -0.00418315  0.0029501  0.00215927  0.00644455  0.000677219  0.00373811  0.00426122  0.00190873  -0.00724118  0.00300213 
282 0.000529336 1.43076 0.0443832 0.064766 0.00236713  -0.0102969  -0.0185568  -0.00804958  -0.0158423  -0.00253277  -0.0198314  0.007544  0.0168314  -0.0214056 
284 -0.000157669 0.490404 0.00246273 0.0605429 0.000461835  -0.000177934  -0.00134352  -0.000755595  -0.000778194  0.000792159  -0.000932784  -0.00088326  0.000400612  -0.00063268 
286 0.000530421 1.29295 0.0410088 0.0618314 -0.00273564  0.0128573  -0.0200827  0.00239522  -0.0131502  0.00288027  0.00397883  0.00687187  0.0095185  0.0276587 
288 0.00137238 0.874564 0.0453341 0.0573833 0.00485318  -0.00410869  0.0120302  0.00539288  0.0167256  0.00123817  -0.0035933  0.00943952  0.0318409  0.0210665 
289 0.00019456 0.532036 0.00499477 0.0438338 -0.000612906  0.000625269  -0.00223057  -0.00135086  0.00341131  0.000832245  0.000699764  0.00039699  -0.0018212  -0.00104265 
293 -0.000330141 -2.28301 0.0606145 0.0415555 -0.0108349  0.0035726  -0.000719872  -0.00967695  0.0260201  -0.0239181  0.032984  0.02727  -0.0182023  0.00614449 
294 3.48242e-05 0.532068 0.00211366 0.0453547 -0.000881004  -0.000260243  -0.000257659  0.00113857  -0.000659516  0.000948515  0.000511013  -0.000632435  0.000350521  0.00037727 
295 -2.28788e-06 -0.284567 0.00267955 0.0449692 0.00172902  0.000474012  0.000356875  -0.000526493  0.000161677  -0.00162666  -0.00035956  -0.000697323  0.000206674  0.00048046 
296 0.00029531 0.721306 0.0161683 0.0449946 0.00368237  -0.00254376  0.000363021  -0.00439954  -0.00410745  0.004462  -0.0117556  0.00286161  -0.00421437  -0.00457941 
298 0.000489264 1.59545 0.0462913 0.0415843 0.00200776  0.00427232  0.0198167  0.0238558  -0.0126825  -0.0030643  -0.026636  -0.0158366  -0.00305561  -0.00435356 
300 -0.000758228 0.393538 0.0179802 0.0352151 -0.00267389  -0.00179347  0.00766346  0.00749061  0.00577218  -0.00905693  -0.000230622  0.00463041  -0.00319139  0.00714555 
302 0.000829887 0.678979 0.0243758 0.044706 -0.00797319  -0.000354823  6.97569e-05  -0.00859704  0.0083776  0.0111103  -0.00699322  -0.0109905  0.00591549  -0.00763257 
303 9.55764e-05 4.74458 0.0402781 0.0341918 -0.0110951  -0.00839126  -0.0192989  -0.00172732  -0.00942558  -0.0211843  0.0188496  0.00406718  0.00862272  0.00834036 
304 -5.71556e-05 -9.2572 0.0472245 0.0327644 0.00324988  -0.009359  -0.0120978  -0.00732595  0.0164298  0.0383933  0.000409206  0.00908221  0.00444111  -0.00925308 
305 -0.000260814 -0.0524862 0.0240094 0.0336254 0.0140067  -0.00308383  -0.00112628  -0.0127024  0.00307558  -0.00504975  -0.000939803  0.00267717  0.00548278  -0.0116217 
311 -0.000339936 0.373088 0.0131397 0.037303 0.00756871  -0.000144889  -0.000964502  -0.00499986  -0.00629061  0.00508131  0.00155683  -0.00139041  -0.00400666  -0.00190116 
313 -5.50976e-06 0.156632 0.00275092 0.0416114 0.000392675  -0.000181798  -0.00171624  0.000720376  -0.00123592  0.00044996  0.000466447  -0.00127473  0.000583474  5.45371e-05 
314 0.000698852 0.645679 0.020182 0.0416775 0.000853453  0.00681148  0.0013265  0.00867848  -0.000373156  -0.0108207  0.00102333  -0.00284822  -9.81057e-05  0.0125187 
315 -0.000309661 -0.333152 0.0321256 0.0322244 -0.0085051  0.00931887  -0.00156246  -0.00913431  0.0138098  0.00523601  -0.0129393  -0.0135449  0.00139681  -0.014698 
316 -3.79698e-05 0.455619 0.00259643 0.0367167 -8.51663e-05  0.000719986  -0.000613867  0.000744686  0.000349262  0.00138339  0.00111831  -0.000638246  0.00122774  -0.000288665 
326 -8.94651e-05 0.0407157 0.0128206 0.0372302 0.00870671  -0.000522085  -0.000803143  0.0020448  -0.00366195  0.00190441  0.000694275  -0.00300442  0.000376644  0.00753492 
327 0.000133809 0.627497 0.00826105 0.038413 0.00110801  -0.00187918  -0.00159071  0.00544525  0.00239287  -0.0049873  6.75816e-05  0.000575865  0.000111775  -0.000597555 
328 0.000353717 0.784208 0.0200521 0.03663 -0.0147173  0.00694924  0.00595489  0.00683928  0.00230691  0.00184741  0.002061  0.00445563  0.00430152  0.00190336 
330 -4.23347e-05 -0.389377 0.0122722 0.0314341 0.00320482  -0.00642739  -0.000958822  -0.00279002  -0.002021  0.00373734  0.00449338  -0.00448487  -0.00214152  0.00523249 
331 -0.000265545 -0.807724 0.0372695 0.0321004 -0.0163703  -0.0110343  0.0187138  -0.00372886  -0.0101035  -0.00937758  0.00362027  -0.0187817  0.00877885  0.00148792 
332 -4.83922e-06 0.427526 0.00118443 0.0360003 0.000223974  -9.682e-06  -0.000467554  0.000320394  -0.000800899  0.000323969  0.000153902  -0.000131485  0.00049386  1.01453e-05 
335 0.000453073 0.658023 0.0169237 0.0360674 0.000127132  0.00978341  -0.00684851  -0.00187556  -0.00150121  -0.0042881  -0.00591806  0.00397685  -0.00812393  0.00166769 
336 -6.05522e-05 0.369357 0.00562543 0.0291185 -0.00291373  0.00133802  7.18313e-05  0.00149054  -0.00172852  0.000878226  -0.00155317  0.000627657  -0.00224944  0.00274101 
339 -7.41281e-05 0.417512 0.00494593 0.0301404 -0.00320952  -0.00079262  0.00136082  0.00107492  -0.0013378  0.00019551  0.0020561  -0.000442204  0.00200165  -0.000517779 
342 8.28147e-05 0.864394 0.0109866 0.031346 -0.000291936  0.00577843  0.0025489  -0.000108043  0.000475462  -0.00836679  -0.00103865  0.00219236  -0.000438192  -0.00210115 
343 0.00025269 0.59944 0.0100264 0.029996 0.00312829  0.000145139  -0.000991496  0.00311797  -0.00519944  -0.00497618  -0.000576213  0.00252768  -0.00337072  -0.00318377 
344 -0.00140133 0.202312 0.040871 0.0254382 0.00308165  -0.0264284  -0.0124153  0.00026498  0.00494667  -0.0205712  0.0164881  -0.0031848  0.00725389  -0.00510022 
345 -6.27416e-05 0.411967 0.00470064 0.0452704 0.00180315  0.00106472  -0.00116035  0.00249275  0.00123287  -0.00211542  0.0010882  -0.000509331  -0.001582  0.000457756 
346 0.000565257 0.596313 0.01476 0.0459582 -0.00683498  0.00189926  0.0011885  -0.00512296  0.00149647  0.0101992  -0.00456896  0.00344215  -0.00017901  0.000925938 
349 -0.000420046 0.156086 0.0240418 0.0393327 -0.00252255  0.00554379  0.00261865  0.00889892  -0.000964148  0.0059119  0.0115367  -0.00157603  0.00252502  0.0166441 
351 0.000347497 0.871066 0.0227094 0.044353 0.00356362  0.00309959  -0.00879786  0.00108713  0.0117282  0.00262993  0.00166985  0.00259331  -0.00442932  -0.0155314 
353 2.04706e-05 0.672651 0.00375993 0.0402462 0.00170637  0.000730296  0.000426418  0.000800989  -0.00113283  0.00100637  0.00195049  0.000782752  0.00083061  0.00157021 
354 2.13955e-05 0.533134 0.001684 0.0399911 0.000489399  -0.000394781  0.000454372  0.000507148  -0.000207729  -0.000834117  -0.000567191  -0.000789678  -0.0005174  0.00015797 
356 0.000587386 0.751641 0.0243145 0.0397227 0.0115904  -0.000741935  -0.000935371  -0.00216365  -0.00583234  0.00829156  0.000195333  0.0112188  -0.0147282  -0.00227263 
359 -0.000121749 -1.49006 0.0311304 0.031475 0.00734425  0.00701979  0.0109892  0.0117847  -0.000832699  -0.0157313  -0.00927341  -0.00353145  -0.0113794  -0.0114069 
360 -6.97898e-06 0.495541 0.00035286 0.0333531 -0.000112917  9.31484e-05  -0.000125165  0.000118826  -3.94758e-05  -0.000156474  5.49027e-05  0.000205113  3.42632e-05  3.15425e-05 
361 0.000224896 2.23837 0.0395393 0.0334576 0.00660559  0.0215414  0.00990193  -0.0164214  -0.0104146  0.0104182  -0.00604288  -0.000247315  0.0124687  0.0167011 
363 -0.000157459 -0.260152 0.0218813 0.0299089 -0.00548976  -0.00901736  0.00780481  0.0075245  -0.0143941  0.00147293  0.00128304  -0.00305691  -0.00470767  0.00270121 
365 -0.000246288 0.340704 0.0125291 0.0324347 3.75626e-05  0.00152428  0.00515683  -0.00235934  0.00588515  0.00460124  -0.000788099  -0.00418502  -0.0053842  0.00442289 
367 -0.000166908 0.438468 0.00641077 0.0360324 -0.000379955  -0.0016883  0.00323617  0.00108939  -0.0021305  -0.00419592  -0.00121652  0.0014349  -0.000486338  0.000723507 
368 -0.00010994 0.344514 0.00826957 0.0382786 -0.00275822  -0.00179846  0.000990738  -0.000395088  -0.000979553  -0.000991588  0.00565031  0.00382093  -0.00275893  -0.000570839 
369 -4.76288e-05 0.464743 0.00259197 0.0396888 -0.000496361  -5.52163e-05  0.000200323  0.000775124  -0.000794096  -8.85928e-05  -0.00142882  -0.000433657  -0.00165332  -0.00047584 
371 0.000163432 0.55192 0.00582681 0.0402844 0.000163335  0.00032358  0.000308361  0.000745681  0.00231256  0.00130488  0.0026272  -0.000918443  0.00419859  -0.00086291 
373 0.000280238 0.790107 0.0180326 0.0382022 -0.00926709  0.0018766  -0.00536973  -0.00421688  -0.00499194  5.61865e-05  -0.00138626  -0.00161825  0.0123569  -0.00264628 
374 8.78911e-05 0.728654 0.00896582 0.0343397 0.00366422  -0.0031385  0.00204091  0.00568683  -0.00162629  0.00166108  -0.00162107  0.0014257  0.00120056  -0.00301631 
381 4.6388e-05 0.627206 0.00485838 0.0330352 -0.000391952  -0.0012178  -0.00121089  -0.00182673  -0.00158755  -0.000383811  -0.00167561  -8.27272e-06  0.00316875  -0.0012836 
383 0.000269666 1.03249 0.0239645 0.0323255 -0.00845378  0.00409379  -0.00552505  -0.00612717  0.0195083  0.000939793  0.00404619  -0.00338485  -0.000795096  0.00284337 
385 -0.000184144 0.382044 0.00932241 0.0278444 -0.00429558  -0.00215431  0.00108303  -0.00270344  0.00496961  0.000736707  0.00328055  0.00289717  0.00315088  0.00100462 
386 1.75436e-05 0.561511 0.00207764 0.0309753 -0.00068475  7.56e-05  -0.000918101  0.00111375  -0.000459892  -0.000558925  -0.000958082  -0.000238363  0.000344955  0.000375504 
387 -0.00025882 0.228026 0.0167818 0.0306908 -4.14193e-06  0.00807126  -0.00748582  0.00671393  0.000239686  -0.00311842  0.000619885  -0.00843604  0.0026111  -0.0052171 
390 0.000119737 0.582714 0.00629448 0.0346523 0.00151372  -0.00323344  0.000710998  -0.00183839  0.00252257  -0.00238443  4.35635e-07  -0.000598786  -0.00303258  -0.00117678 
391 -0.000217569 0.454888 0.00626797 0.0328793 -0.000734099  0.000988563  0.000442197  0.00160173  0.002574  0.000769772  -0.000649556  -0.00199221  -0.000416448  0.00481953 
392 2.33626e-05 0.628913 0.00347089 0.0360367 -0.000249781  -0.000947613  0.00184858  0.000942927  -0.000719246  0.000476496  8.79716e-05  -1.9358e-05  -0.00244331  0.000241135 
394 1.0348e-05 0.529844 0.00111146 0.0357111 0.000501087  -0.00031872  0.000565498  0.000211051  -2.53106e-05  0.000253384  0.000375676  7.27683e-05  0.000551423  -5.48758e-05 
398 -0.000499774 0.168734 0.0257384 0.0355659 0.0025405  0.00692259  0.00596116  -0.00992263  -0.0166421  0.00451242  0.00576413  0.00966986  0.000746953  0.00703466 
400 -0.00023639 0.481383 0.00419923 0.0420099 -0.000977965  0.00164189  -1.26898e-05  0.00143234  0.000129244  0.00140941  0.0025135  0.000322878  -0.000411797  0.00182617 
402 3.50831e-05 2.24501 0.0156483 0.0447353 0.00372124  -0.00112917  0.00143576  0.000157321  0.00257986  -0.0128653  0.0028125  0.00231894  -0.00231767  -0.00606881 
403 2.26101e-06 39.6022 0.0188049 0.0443415 -0.0028342  -0.00216405  0.00658501  0.000942711  0.00675669  -0.00521488  -0.00494708  -0.00686887  0.0022106  -0.0121354 
407 0.000272983 1.1621 0.0268858 0.044316 -0.00178587  -0.0115521  -0.0136219  -0.0029425  0.00111677  0.00721897  -0.00114286  -0.00383251  0.00942574  0.0152903 
410 3.77282e-06 0.701662 0.00174452 0.0411213 -0.000101801  2.29848e-05  0.000227179  -1.92482e-07  -0.000236259  -0.00100839  0.00068964  0.000873856  -0.000433953  -0.000693266 
411 0.000176957 2.53065 0.0379076 0.0410754 -0.0149519  -0.000370366  -0.0133755  0.000349038  0.0146032  0.0166574  -0.0102962  0.0171273  -0.0118266  -0.00207732 
412 -0.000877814 0.295264 0.0268238 0.0388619 0.0053459  0.0114542  0.00636498  0.00933693  0.0151372  0.00874932  -0.00892202  0.000984473  0.00109937  0.00667716 
413 0.0002627 0.583862 0.00938851 0.0488717 0.00316705  -0.00327343  1.80683e-05  -0.000528868  2.07423e-05  0.000914608  -0.000545571  -0.00348704  -0.00714648  -0.00165904 
417 0.000524482 0.703412 0.0206578 0.0461062 -0.00302737  -0.00120198  -0.00140944  -0.00281056  -0.00686473  -0.00374488  -0.00632913  0.00986285  -0.00574311  -0.0132206 
418 0.0001152 1.20008 0.0179603 0.0400179 -7.70354e-05  -0.00442365  -0.0026778  0.00183768  -0.00356372  -0.00854993  0.000311168  0.00534183  -0.00407214  -0.0127057 
419 0.000434696 0.727758 0.0199 0.0385518 0.00515759  0.00163869  0.00267388  0.00432546  -0.00674139  -0.00620128  -0.00782428  -0.0115764  0.00570157  -0.00540566 
420 -0.000173899 0.413398 0.00776272 0.032429 -0.00146189  0.00137179  -0.00125597  -0.00397612  0.00104397  -0.00346569  0.000999544  -0.00250509  -0.00369858  0.00219063 
422 0.000374491 0.630199 0.0139665 0.0350079 0.0108573  0.00104049  -0.00440114  0.00279527  -0.00383873  0.00164279  -0.00184275  4.85524e-05  0.00509991  -0.00144016 
427 9.21928e-05 0.538898 0.00378787 0.0291742 0.00185142  -0.00178508  -0.000950636  0.000170865  -8.06357e-05  0.000635741  0.000177117  0.000199206  0.00237193  -0.000832483 
431 -0.000318907 0.421709 0.00999678 0.0275489 -0.00117746  0.00255917  -0.00541195  -0.000141592  -0.00546735  0.00153992  -0.00454306  0.0016263  -0.000857164  -0.00253148 
434 -0.00116103 0.289803 0.0312618 0.0328314 -0.0109844  0.00195977  -0.00046083  -0.00832724  0.0182663  0.015268  0.00452882  0.0121714  -0.0010837  -0.00683052 
435 -0.000194323 0.450185 0.0062244 0.0473245 0.00288398  0.00313326  0.000295505  0.000682271  0.00198886  0.00213047  0.00125818  0.00293103  -0.00112524  0.0003479 
436 0.000198709 0.873085 0.0172198 0.0493351 0.00155658  0.00713567  0.00228463  -0.00427075  -0.00198859  -0.00220521  0.000897395  0.000158528  -0.00137823  0.0144282 
439 -9.49934e-05 0.424832 0.00534487 0.0472785 0.00377699  0.00240309  0.000141649  -0.00203837  0.000649892  -0.00106493  -0.000648619  -0.000817064  -0.00108076  0.000734437 
441 0.000627934 0.708158 0.0228656 0.0482727 0.0030547  -0.00769347  0.000748155  0.00826299  -0.00280752  -0.000127109  0.00112858  -0.0115513  0.0023887  -0.0154003 
443 9.23275e-05 0.722846 0.00907187 0.0412616 -1.02919e-05  0.00223039  0.000970165  -0.00245362  -0.00154304  -0.00117523  -0.00103182  -0.00685145  -0.00105169  0.00418178 
446 0.000445535 0.813435 0.023633 0.0401273 -0.00544817  -0.0199979  -0.00163953  0.00289325  -0.0070485  -0.000235984  0.00159788  0.00626727  -0.00383318  -0.00340634 
449 -4.04651e-06 0.277143 0.00189926 0.0341286 -8.14051e-05  -0.00140115  0.000622643  0.000303154  0.000814921  -0.000245695  -9.60994e-06  0.00063249  0.000128071  -0.000129444 
450 3.05568e-05 1.05298 0.00822119 0.0341878 0.000102248  -0.00543378  5.66016e-05  0.00530634  -0.00159008  0.00161006  -0.00110721  -0.00124401  6.38947e-07  0.00141312 
454 -0.000373136 0.200735 0.0211375 0.033738 0.00155139  -0.00271383  0.00370937  0.0110824  0.00329772  -0.0135033  0.00126251  -0.00221861  0.00602469  -0.00802596 
455 -0.000463215 0.408496 0.0130264 0.0388775 0.000868118  0.000946999  -0.00794404  0.0022173  4.54538e-05  -0.00836077  -0.00307837  0.00440077  0.00111215  0.000163872 
457 0.000216691 0.568572 0.00771053 0.0444385 -0.0021117  0.00340901  0.001542  0.00306125  0.000331507  0.00156739  0.00157914  0.000192754  0.00220315  0.00465524 
458 0.00037788 1.8335 0.0448865 0.0419298 -0.00227757  0.00794937  0.0281262  -0.0122584  0.0080128  0.0222914  0.0173934  -0.00477215  -0.00468106  0.0098354 
459 6.76813e-05 0.50759 0.00143423 0.0371524 0.000348374  -0.000299864  -2.55373e-05  -0.00070513  -0.000593396  0.000357517  -0.000256823  0.000240582  0.000825304  0.000250942 
462 -0.000246975 0.282553 0.0146583 0.0362302 0.00171308  -0.00381958  -0.00438143  0.00213415  0.00333789  -0.00622925  0.0071648  0.00268212  -0.00803477  0.000748844 
464 0.000927118 0.753306 0.0306474 0.0394921 0.00707188  0.00170328  -0.00439771  -0.0032401  -0.0179894  -0.00580471  0.00098239  -0.0117288  0.018337  -0.00494208 
466 -0.000606403 0.195858 0.0271675 0.0251583 0.0205157  0.00148203  0.0117656  -0.011646  0.005419  0.00107483  -0.000233402  -0.00290205  -0.000951134  0.00101116 
467 -8.708e-05 0.461056 0.00368367 0.0352069 0.0027561  0.000224441  -0.00143604  -0.000591657  0.000262683  0.000166513  0.000644246  -0.00151544  -0.000147718  0.000824953 
468 2.14651e-05 3.20147 0.0152296 0.0364227 0.00280902  0.00165221  0.000757837  0.00750617  -0.00426129  0.00914015  -0.00466511  0.00542822  0.00111658  -0.00319794 
469 7.03245e-05 0.511113 0.00176877 0.0361268 -0.000567695  0.000311263  -0.000341647  0.000192896  0.000403365  -0.000543099  0.000336323  0.000926507  -0.000112141  0.00105532 
472 0.000115872 1.04843 0.0159429 0.0351401 -0.00184792  0.00171945  -0.00270036  -0.00746265  0.00661179  0.000712174  -0.00481636  0.00657127  -0.00703972  0.00496605 
473 -0.000154099 0.473892 0.00401318 0.0334509 -0.00092318  0.00192751  0.000190435  -0.000516323  0.00228352  0.00195428  -0.000205217  0.00100225  3.73184e-05  -0.00107404 
474 -0.000438441 0.256894 0.0206523 0.0356801 -0.0085056  0.00206196  0.00237379  -0.0105462  0.00675372  0.00400583  -0.000525103  -0.000481396  0.011634  0.00596212 
475 0.000565786 0.589775 0.0142573 0.0413716 -0.00784292  -0.00811376  -0.00257521  0.0032889  -0.00476746  -0.000892816  0.00174126  0.00533061  -0.000108977  -0.00186911 
479 0.000417903 0.679275 0.0173116 0.0338524 0.00221018  -0.000543797  -0.00181978  0.00646234  -0.00471961  -0.0106338  0.00186597  -0.00903619  0.000275933  -0.00537347 
480 -0.000109037 0.0463605 0.0140665 0.0269846 -0.00369789  0.0087088  -0.00245358  0.00242234  0.00184696  -0.0019785  -0.00326709  0.00246169  0.00698085  0.00486499 
481 -0.000377376 0.246768 0.0195545 0.0289346 0.000268272  -0.0125045  0.00241842  -0.0128907  0.00455367  -1.61121e-05  -0.00144362  0.00119292  0.002962  0.00457279 
484 0.000124449 0.663532 0.0090226 0.0348519 -0.00164441  -0.000240552  0.000929266  5.14106e-05  -0.00370524  -0.00583079  -1.0941e-05  -0.00366768  -0.00216135  -0.00345381 
486 6.51051e-05 0.514349 0.00193356 0.0330184 0.000569895  3.37799e-05  -0.00011452  0.00133305  -0.000550992  0.000233228  0.000473887  -0.00082363  0.000198204  0.000567794 
487 4.73125e-05 0.596354 0.00427033 0.0320174 -0.00229881  0.000531565  -0.0010836  0.0010781  -0.00134643  -0.00122622  0.00126361  -0.00232554  5.85783e-05  -8.55504e-05 
489 0.000212627 0.758868 0.0148379 0.0312698 -0.00283435  0.00615398  -0.00919147  0.00563945  -0.00359754  0.000288433  -0.00462439  -0.00402485  0.000174168  -0.00270767 
490 0.000200666 0.790627 0.015273 0.0276622 0.000625551  0.00659569  -0.00217854  0.00948839  0.00219255  0.00184204  -4.32459e-05  0.00525299  -0.00652338  0.0040305 
492 -0.000258315 0.414322 0.00941127 0.0237603 0.00326825  0.00134952  -0.000155363  0.000795122  0.00133558  0.000396411  0.00245916  0.0010612  0.00635185  -0.00509435 
495 5.19636e-05 0.571239 0.00384814 0.0286862 -0.000502967  0.000187369  0.000762132  0.00229329  -0.0012976  0.000603033  -0.0012085  0.00113299  0.000549165  0.00189393 
496 5.12947e-05 0.567687 0.00372679 0.0277657 0.000286599  -0.000872616  -0.000274753  0.00119738  0.000179479  -0.000945132  0.0022856  -0.000203922  -0.000858119  0.0021468 
497 -0.000434731 0.272047 0.0199137 0.0268261 0.0124526  0.000817876  -0.00591337  0.000787348  0.00617431  0.006201  -0.00401  0.00971359  0.0024219  0.00351518 
501 -0.000105365 0.420166 0.0058012 0.0339775 -0.0010704  0.00155879  5.3825e-05  0.00114899  -0.00161137  0.00428492  -0.000381589  -0.000162202  0.00236865  -0.00141977 
