generation s h r distopt trait[0] trait[1] trait[2] trait[3] trait[4] trait[5] trait[6] trait[7] trait[8] trait[9] 
3 1.59474e-05 6.82083 0.0200793 0.04 0.00350699  -0.00390218  -0.00384126  -0.000823696  -0.00444103  0.00509724  0.000286838  0.00796149  -0.0128004  -0.00933796 
4 0.000707022 0.990314 0.0372313 0.0580904 -0.00290131  -0.0185478  -0.000755462  0.00276824  -0.0021365  -0.011797  0.0169222  -0.0184568  0.0125565  0.00985292 
5 0.000651762 0.53938 0.0101412 0.0693945 0.0046367  -0.00267344  0.000373125  0.00155872  0.000495416  -0.000500886  0.000883022  0.0042074  0.00555518  0.00466803 
8 0.000460987 1.7397 0.0478004 0.121604 -0.004244  -0.0210091  -0.00303499  0.00831788  0.0120918  -0.00989061  0.00278139  0.0350904  -0.000749161  -0.01623 
10 0.00464575 0.524046 0.0213667 0.156398 0.0152251  -0.00419664  0.0040606  -0.0114565  0.00256258  -0.00222858  -0.00209122  -0.00575203  0.00162407  -0.00278343 
13 0.00817242 0.566492 0.0468754 0.198439 0.0224145  -0.0154223  -0.0068254  -0.0303797  -0.00515966  0.00365628  -0.0035681  0.0166124  0.00718505  0.0103544 
16 0.00405015 0.593862 0.0390567 0.234054 0.000954606  -0.0197853  -0.019001  0.00883618  -0.00751214  0.00122883  0.0137114  -0.00166574  0.0153133  -0.0145164 
18 0.00207569 0.574932 0.0249721 0.263175 0.00866798  -0.00393702  0.00713903  0.00282916  -0.00350882  -0.00611728  0.00996122  0.0150465  0.00549675  -0.00827221 
20 0.00860964 0.518808 0.0261081 0.296978 0.0110206  -0.00612954  0.0126907  -0.00260817  -0.01189  0.007686  -0.000574363  -0.00578013  -0.00843295  0.00703227 
22 0.00608288 0.520554 0.0227366 0.32072 0.00271771  -0.0100316  0.00461209  -0.00334695  0.00654907  0.0110917  -0.00442916  -0.00353197  0.00682212  0.0114853 
25 0.0167719 0.745473 0.128204 0.369558 0.030378  -0.0338309  -0.0265815  -0.0274211  -0.0405936  0.0345492  0.0225217  0.0201513  -0.0956509  -0.00257302 
26 0.00575629 0.517705 0.0205657 0.364668 -0.000101249  -0.00841819  0.0084107  0.00211925  0.00974231  0.00223358  -0.00948813  -0.00527911  -0.00521104  -0.00564722 
30 0.0406647 0.842293 0.234506 0.431824 0.0317558  -0.125502  -0.000613503  0.0767424  -0.129101  0.0200881  -0.109443  0.0134376  0.0272606  0.0487022 
31 0.0191281 0.665927 0.112849 0.398712 0.0206803  0.0216059  0.0218907  -0.0578755  0.00820767  -0.0705549  0.0270812  -0.0421555  0.00188327  -0.0212675 
32 0.0204413 0.94764 0.190454 0.39142 0.0522701  -0.0603605  0.0107091  -0.0515334  0.0203484  -0.0904043  0.00704633  -0.0360933  -0.0386436  -0.125276 
33 0.0117641 0.543215 0.0457117 0.379176 0.0159965  -0.0237941  0.00549281  -0.00477684  0.0124231  0.00250098  -0.0275249  -0.0134225  -0.00972053  -0.00465385 
34 0.029184 0.606251 0.112339 0.377562 0.0291707  -0.039736  0.00443312  0.00587978  0.0187946  -0.0378896  0.0432988  0.040241  0.0696383  -0.00184664 
35 0.00383777 0.556884 0.0296445 0.350874 -0.00180169  -0.0138678  0.0106712  -0.00748545  0.013134  0.00619445  0.00250916  0.0132557  -0.0108316  0.00176767 
36 0.0164377 0.562636 0.064928 0.359258 0.000137672  0.0122229  -0.0149304  0.0218965  0.006636  0.0111151  0.0145845  -0.0163123  0.0208496  0.0477783 
37 0.00320283 1.30343 0.101334 0.351693 0.0215605  0.0252294  -0.0555968  0.0236454  -0.052328  0.0518301  0.00394719  0.00380088  -0.00481631  0.0062625 
39 0.0187199 0.587796 0.0817307 0.380723 0.0125343  -0.0268565  -0.033217  -0.0245809  0.0303027  0.0246263  0.0382239  -0.0232216  -0.0224666  0.00800992 
41 0.00288671 0.570665 0.0286156 0.389659 0.00781294  0.0127885  0.00299743  0.0108178  0.00348704  0.00652409  -0.0112115  0.011174  -0.0123256  0.00332458 
47 0.030342 0.57173 0.0949375 0.495267 0.00306375  -0.0372609  -0.00458446  -0.0214059  0.0666589  0.0167394  -0.0362331  0.0318255  0.00808998  -0.00462226 
49 0.0203246 0.622625 0.100295 0.501628 0.0387009  -0.00965701  -0.00526319  0.012616  -0.0563608  0.0399884  0.0517051  -0.00324415  -0.0198042  -0.0207254 
52 0.015951 0.555618 0.0603678 0.536427 0.0254948  0.0124456  0.0111564  -0.0108636  0.00034397  -0.0106789  -0.0118586  0.0193887  0.0436744  0.00766521 
53 0.00471199 0.506425 0.0114833 0.540285 0.00505635  -0.00499404  -0.00185071  -0.00502711  -0.0023763  -0.00107715  -0.000784606  0.00613415  -0.00237338  -0.0014068 
55 0.0209239 0.51181 0.0345327 0.573582 0.0224501  -0.00976713  -0.000466507  0.00241133  -0.00453883  -0.00212953  -0.00585194  0.0212236  -0.00852141  -0.00215206 
58 0.0086868 0.524055 0.029488 0.61175 -0.00285421  -0.0128906  0.0192103  3.8112e-05  -0.00449964  -0.00309605  0.0105679  -0.00767414  0.00897355  -0.00672755 
61 0.0582089 0.544715 0.108187 0.661731 0.0142365  -0.0588762  0.0775194  -1.54384e-05  -0.000548378  -0.00385819  0.0212527  0.0315195  0.00684839  0.0227781 
62 0.00600709 0.543779 0.0326585 0.63635 -0.000914882  -0.0107511  -0.0168088  -0.00161968  -0.00997394  -0.00876087  0.00339794  -0.00360854  -0.0164737  0.0138858 
63 0.0585904 0.639609 0.182436 0.650466 0.015911  -0.0890505  -0.0318684  -0.105032  0.0107663  0.00190966  -0.0757889  -0.0666844  -0.0520573  -0.00566776 
64 0.0122467 0.505991 0.0191247 0.623018 0.00751925  0.00078587  -0.00630233  0.0123807  0.00245703  -0.00251057  0.00411069  -0.00239405  -0.00153604  0.00884694 
67 0.0706263 0.519936 0.088116 0.667954 0.0457174  -0.0252737  -0.0340266  0.00750946  0.00691494  0.028446  -0.0258648  -0.0232665  0.0416458  -0.00443868 
69 0.040568 0.57635 0.113646 0.651683 0.0424  -0.0228805  -0.0122019  -0.0378849  0.0465936  -0.0400431  0.00878327  0.062746  0.0151223  -0.0315069 
71 0.0241853 0.508672 0.0333824 0.656661 0.0186072  0.00646571  0.0120312  0.0168269  -0.00699477  0.00231869  0.00486401  -0.0129362  0.00113203  0.00720198 
72 0.0356344 0.53629 0.0754444 0.656736 0.0255442  -0.0161124  0.017122  0.016842  -0.0118392  0.0209022  0.00430669  -0.0176535  -0.0480004  -0.03149 
73 0.0193871 0.505939 0.0253081 0.648002 0.0163923  -0.00821927  -0.00646677  -0.00585705  0.010428  -0.00271802  -0.00890417  -0.00205197  -0.0053321  -0.000232139 
74 0.0347318 0.529803 0.0681948 0.651481 0.0509867  0.00492311  0.00655311  -0.00166776  -0.0355787  0.0151036  -0.0206154  -0.00557928  0.00107084  -0.0054494 
76 0.0083629 0.534492 0.0344022 0.661456 0.00762315  -0.00253802  -0.00409059  0.000221511  0.00295184  0.0237769  0.0150943  0.015964  0.00656115  -0.00154397 
78 0.0333288 0.563614 0.0941832 0.692141 0.0605758  -0.00401741  -0.0356068  -0.0229522  0.0055525  0.0383967  -0.0307194  0.00045463  0.0142978  -0.0271442 
79 0.0147166 0.680353 0.103112 0.685987 0.0128292  -0.0166071  -0.0177724  -0.0482136  0.0133342  -0.056626  -0.0182626  -0.0393176  0.0451977  0.0156447 
81 0.0633397 0.515501 0.0754349 0.710854 0.020732  -0.0174415  0.00732698  0.0315051  0.0127832  0.00972094  0.0461705  -0.00509825  0.0285447  0.0260715 
83 0.0111882 0.632366 0.0771255 0.703053 -0.0137822  -0.029728  -0.0270348  0.00912733  0.0197391  -0.0397701  -0.0388792  0.0211161  0.00983525  0.00591153 
84 0.0107034 0.638154 0.0770439 0.713512 0.0264632  0.0157246  0.0234591  -0.0121935  0.0268236  0.0250232  -0.0256583  -0.015789  0.0292562  0.0343505 
86 0.0917839 0.514605 0.0947508 0.743053 0.0619983  -0.0513496  -0.00898984  -0.00560198  -0.00565478  -0.0028265  -0.0280778  -0.0257918  0.0227047  -0.0193879 
87 0.0278844 0.630769 0.121398 0.699391 0.0651928  0.00300946  -0.0305496  0.0154612  0.0260893  0.0321507  0.0138165  0.0426957  0.0546267  -0.0509287 
90 0.0431534 0.631426 0.151782 0.73189 0.0469722  -0.0620614  0.0544474  -0.0428957  -0.0123688  -0.0461336  -0.0276329  -0.0331122  0.0675266  -0.0589405 
91 0.024265 0.525332 0.0521145 0.718752 -0.0155797  -0.0240785  0.0220736  0.0192639  -0.00367701  -0.00939202  -0.00676737  -0.0116805  0.0110515  0.0250796 
96 0.00309398 0.517153 0.0147213 0.787002 -0.00382677  -0.00325562  -0.0102496  0.00185085  0.00522239  -0.00103152  0.0063103  0.00051757  -0.00315329  0.00215093 
97 0.0196645 0.509801 0.0308703 0.802526 0.0214365  0.00570537  -0.00123013  -0.00673548  0.0105272  -0.00354113  0.00511311  -0.00599502  -0.0134228  0.00695732 
100 0.00365934 0.649716 0.046835 0.843406 0.00319563  -0.00907278  0.0036997  -0.00332914  0.00815529  0.0245304  0.00197893  0.030889  0.0209583  -0.0032674 
101 0.0119768 0.720396 0.102727 0.858985 -0.0137858  -0.00732724  0.00209371  0.00889123  0.039638  -0.0650117  0.00398971  -0.0301572  -0.00963861  0.0583925 
102 0.027912 0.501456 0.0232207 0.852026 0.015653  -0.00560058  0.0130189  0.00061566  0.00436302  0.00366701  0.00464856  -0.00338992  -0.00353281  0.00385792 
103 0.00422691 0.544828 0.0276614 0.835715 0.0116924  0.00130888  0.00187358  -0.00103386  0.016208  -0.0180201  -0.00515657  -0.000177997  -0.000888057  -0.00270418 
104 0.0161368 0.525651 0.0420744 0.833187 -0.00595769  -0.00942009  -0.00794022  -0.00436161  0.0016446  0.0207658  0.022618  -0.00250786  -0.0228159  -0.00957084 
109 0.0487427 0.534847 0.0880879 0.823525 0.0089707  -0.032931  -0.0108058  0.0180727  -0.000775923  0.0666386  -0.022358  -0.0121507  0.0146006  0.0291402 
112 0.0622631 0.508608 0.0624701 0.794104 0.0486086  -0.0113672  0.0212395  -0.0115942  -0.0111057  -0.015902  0.000388755  -0.00899033  -0.00653775  0.0180284 
113 0.0141323 1.16264 0.192671 0.755116 0.0166974  -0.103029  -0.0359498  -0.0700693  0.00527158  0.0907852  -0.036284  0.0211526  0.081658  0.0576574 
114 0.0171059 0.51605 0.0351085 0.745766 0.0200492  -0.00146567  0.010121  -0.00351287  0.00885957  -0.00360825  -0.0197427  -0.00613243  -0.013582  0.00321692 
115 0.0087858 0.50497 0.0145656 0.734306 -0.000389936  -0.00988341  0.00709508  -0.00203624  0.00242979  0.000130149  0.00428735  -0.00119034  -0.000599901  -0.00581002 
118 0.0211258 0.603807 0.094284 0.728325 0.0369231  -0.00719271  0.0103185  0.029371  -0.0300545  0.0590799  -0.0204706  -0.00632415  0.0243652  0.0325405 
119 0.0409302 0.728252 0.193024 0.713829 -0.09243  -0.0789657  0.081772  0.0341379  -0.0430496  0.0255167  0.00543706  0.0204761  -0.103126  0.0322347 
120 0.0198908 0.521296 0.0432587 0.685155 0.0187691  -0.0167779  0.0242989  -0.00873634  0.0142535  0.00503649  -0.00576728  -0.0146159  -0.00867241  -0.00448946 
121 0.00117714 0.506847 0.00573707 0.670628 -8.31563e-05  0.000815975  0.000551756  0.00173236  0.00171831  -0.00224621  -0.00161358  0.0030065  -0.00089124  -0.00291559 
123 0.00843604 0.512405 0.0212624 0.66975 0.00238347  0.000603367  -0.00372142  -0.00239836  0.00778796  -0.00427624  0.00959849  0.000201512  -0.0121736  0.0103506 
126 0.00574162 0.551485 0.0345726 0.663449 -0.000194315  -0.00477989  0.00252545  0.014333  0.0105091  0.014  0.0151622  -0.0102547  0.0135026  -0.0116942 
127 0.0256593 0.558693 0.0791477 0.65912 0.0302169  -0.00256098  0.0193676  0.0511808  0.0177144  -0.00232645  -0.0208458  -0.020615  0.0201577  0.0276603 
128 0.00616142 0.523254 0.0242934 0.639612 0.0144754  0.0129939  -0.00117222  0.00232931  -0.000395468  -0.00199432  -0.00611872  -0.00358891  -0.00311467  -0.0118673 
129 0.0371184 0.565241 0.100811 0.634792 0.00153838  -0.0477798  0.0474589  0.0241582  0.010587  0.017296  0.026081  0.020993  -0.0390085  0.0445846 
131 0.0203258 0.533031 0.0534794 0.605405 0.027214  -0.00946235  0.0242719  0.0323028  0.00645079  0.00572744  -0.0022301  -0.014996  0.00400411  0.00877537 
133 0.00614681 0.504 0.0108087 0.588552 0.00405357  -0.00355003  -0.00343096  -0.000839818  -0.00136505  0.00502101  0.000601489  -0.00150039  -0.00597231  -0.00315623 
135 0.00706066 0.528501 0.0287539 0.583322 8.90325e-06  0.00200098  -0.00154499  -0.00678949  -0.00791112  -0.00428117  -0.00611763  0.0100964  -0.0225298  -0.00681392 
138 0.0109327 0.660558 0.083882 0.57726 0.010285  -0.000158519  0.0420893  0.0133598  -0.0155923  -0.00157159  0.00339565  -0.0258394  -0.00702108  -0.0632955 
139 0.0698938 0.51171 0.0737814 0.567764 0.0244919  -0.0276835  -0.0357809  0.0322214  0.00898471  -0.0173228  0.0207306  0.0203333  -0.018443  -0.0139575 
140 0.0254191 0.540779 0.0663865 0.504774 0.020548  0.0138444  -0.0344093  -0.021657  0.0219643  -0.021295  0.0120494  0.0183103  -0.0268615  0.00153246 
143 0.0452047 0.590782 0.130374 0.479265 0.0672078  0.036402  -0.0526349  0.0194887  -0.0056244  0.00270921  0.0520237  0.00367493  -0.0589738  0.0420526 
145 0.000188592 0.505104 0.00196664 0.430677 -1.29483e-05  4.39062e-05  -0.00091831  0.000786918  0.000589525  -0.00072454  -0.000645683  0.000784503  -0.000321456  0.000628377 
146 0.0192174 0.819251 0.156252 0.430458 0.0530844  0.00936194  -0.0976118  -0.0119562  0.0708586  -0.0414485  0.030395  0.0338357  -0.0520733  -0.0178555 
148 0.0294798 0.618771 0.119165 0.407748 0.0602682  -0.00207326  -0.0214886  0.02569  -0.0383926  -0.0115944  0.0176399  0.0791387  0.0314404  0.0164606 
149 0.0176485 0.601912 0.0853121 0.370412 0.0282526  -0.0223168  0.00129325  -0.0388571  -0.0228094  -0.0351134  0.0304446  -0.00720207  0.0250377  0.0333393 
151 0.0271407 0.848958 0.193808 0.345992 -0.0454449  -0.0933237  0.0761062  0.0284222  0.0134827  0.0163981  0.0625972  -0.019488  0.108181  -0.0611169 
152 0.00502688 0.816464 0.0797176 0.304847 -0.0174298  -0.00698525  0.0168817  0.029223  0.0187843  -0.0457127  0.00477326  -0.0340191  0.00860749  -0.0341563 
154 0.00481246 0.504679 0.010069 0.296508 0.0027791  -0.0042202  -0.000709222  0.000884663  -0.00648518  -0.00132722  -0.000422936  -0.00322797  -0.00360378  0.00267585 
155 0.00473158 0.563082 0.0346706 0.288299 0.0105658  0.00762641  -0.0227818  0.0180036  -0.00611053  -0.000142538  -0.00148069  -0.0121322  0.00154013  -6.13933e-05 
156 0.0193147 0.657336 0.110473 0.279993 0.0309691  -0.0589068  0.0046899  -0.0248624  -0.0579689  0.0589807  -0.0160669  -0.000630634  0.00601651  0.00108466 
157 0.00368679 0.592491 0.0369865 0.243445 0.000117132  0.00327077  -0.0266958  0.00602897  -0.018444  -0.0137886  0.00566949  0.00182333  -0.00293315  0.00582267 
158 0.00885603 0.746509 0.0933987 0.235765 0.0393968  0.00293225  0.0102979  0.0602495  -0.0249806  0.00821222  -0.0503269  0.00776526  0.00744313  0.0093052 
160 0.0034891 0.686544 0.0510311 0.21626 -0.00794354  -0.028979  0.00617665  0.0193157  -0.0280943  -0.00877305  -0.00519015  -0.019829  0.00161426  -0.00102539 
161 0.0126967 0.542461 0.0471365 0.208051 0.0185712  -0.0078488  -0.016994  0.0119751  0.0184101  -0.00829435  0.0136913  0.00404159  -0.0274477  -0.00427294 
163 0.000311544 0.504108 0.00227311 0.175124 -0.000852647  -0.000905063  0.00116796  -0.00020416  0.000313632  -0.000203933  0.000932962  -0.000434195  -0.000994193  0.000166652 
165 0.00415509 0.684388 0.0553684 0.174233 0.0157728  -0.00514306  0.0158972  -0.0365373  0.00533487  0.0152717  -0.0213994  -0.00923314  -0.0186822  0.00698859 
166 0.006026 0.89105 0.0969772 0.161897 0.0406889  -0.0275892  0.0145526  0.0255947  0.0568363  0.00941042  0.00841203  0.00416336  -0.0500096  0.0145941 
168 0.00230317 1.85982 0.111787 0.142136 -0.00714567  -0.025642  -0.0589833  0.0321615  -0.0180664  -0.043268  -0.0257398  0.00148302  -0.0637975  0.0184648 
170 0.00277463 0.522921 0.0160581 0.133799 -0.000892666  -0.00418693  0.00620355  -0.00227901  -0.00128966  -0.0117258  0.00209266  0.00560838  0.0039012  -0.00237655 
173 0.00369741 0.537813 0.0237692 0.123009 -0.00364429  0.000189266  0.0152069  0.000112382  -0.0102314  -0.00895411  0.010173  0.00227592  0.000432454  -0.00516548 
177 0.000845543 0.552246 0.0133036 0.106961 0.00654619  0.00167727  0.00331057  -0.00118641  -0.00118378  -0.00193877  0.00936181  -0.00253176  -0.00373172  0.00241095 
178 0.000504985 0.697095 0.0199531 0.102935 -0.00427983  0.00811476  0.000503622  0.00210416  -0.0091042  -0.0108161  -0.00372061  0.00955064  0.00205156  -0.000371497 
184 -0.000213605 0.493568 0.00234932 0.100452 -0.000165933  0.000863754  -0.00100088  0.000245017  0.000798179  0.000382164  0.00031656  0.000501525  -0.00157333  0.000271347 
187 0.00223568 1.0387 0.0693663 0.10151 -0.00660079  0.00434194  -0.0258733  -0.0254726  -0.00238537  0.0210538  0.00995469  0.000485528  -0.0110305  -0.0525455 
192 -1.26022e-05 -0.0384771 0.00521001 0.0898393 0.00200889  0.00186178  -0.000810319  0.00138688  0.000617187  -0.00145792  -0.00237195  0.0026414  0.00139518  -7.82483e-05 
193 0.00331595 0.599342 0.0363419 0.0899095 0.01242  -0.0175562  0.0136677  -0.0045582  -0.00379811  -0.0109676  0.000609584  -0.0208812  -0.00192675  -0.00870916 
194 0.000127575 0.516549 0.00290733 0.0690887 0.00187357  -0.00109423  0.000550089  -0.000883039  -0.00141783  -3.39891e-05  -0.000724784  0.000349079  -5.77897e-05  -2.69427e-05 
198 0.000918919 1.26917 0.0531541 0.0681592 0.0283166  -0.00466707  0.0194014  0.00544721  -0.0302965  -0.0118197  -0.00812366  0.0144169  0.0124931  0.0104001 
206 0.000731574 0.672008 0.0224365 0.0610506 -0.00204218  0.00815087  0.00702755  -0.0104061  -0.00603659  -0.0111579  -0.0058613  0.00396019  0.00797792  0.000703291 
208 -0.000209926 0.028896 0.0198905 0.0547346 -0.00449596  0.0144554  0.00333992  -0.00162065  -6.25369e-05  -0.00652079  0.000680554  0.00785244  0.00179752  0.00669307 
210 0.00124108 0.691321 0.0308195 0.05662 -0.0025075  -0.00818896  -0.00232209  0.000373695  0.00386419  -0.0142191  0.00954463  -0.00753641  -0.0118299  -0.0191313 
212 0.000359476 0.615764 0.012903 0.0443342 -0.00367703  -0.000404575  0.00483707  -0.00862601  -0.00105546  0.00102627  0.00424469  0.00513839  0.00276109  0.000887577 
213 -0.000208254 0.481946 0.00388099 0.0400763 0.00146202  -0.000301207  0.000400914  0.00137421  -0.000640343  -0.00112335  -0.00108507  0.00235696  -0.000926758  -0.00123337 
215 7.63887e-05 1.91415 0.0207861 0.0425956 -0.000800492  0.0109487  0.000489299  -0.0101351  0.00365004  -0.00740756  -0.000988341  -0.0100015  -0.00364107  -0.0051118 
219 6.19564e-05 0.507153 0.00133216 0.0416893 -0.000418347  -0.000875479  -0.000233544  0.000585539  0.000534454  9.83325e-05  0.000358617  6.37277e-05  1.31667e-05  8.7336e-05 
222 -3.87972e-05 -12.2136 0.0444135 0.0409395 -0.0106396  0.00439101  0.00600349  -0.0234044  0.016263  0.0114691  0.0163171  -0.00247604  0.00759156  -0.0230269 
224 -8.44667e-06 0.318468 0.00247657 0.0414106 0.000816999  -0.000397506  0.000693636  -6.64285e-05  3.24508e-06  -0.000903834  0.000470366  -0.000134184  -0.00188349  0.000467622 
229 -6.40825e-06 0.0294489 0.00347299 0.0415125 -0.00071925  0.00179022  -0.000537648  -0.000162594  0.000627773  -0.00164318  0.00121181  -0.00125309  0.000343103  0.00133168 
230 0.000291609 0.962352 0.0232214 0.0415896 0.00679212  -0.00454648  -0.00228781  0.00513665  0.00673665  0.00632065  0.00633838  -0.0167288  -0.00528867  0.00273481 
231 0.000198944 0.801339 0.0154851 0.0379227 0.00882325  -0.0046316  -0.00413228  0.00416812  -0.000387439  -0.00720319  -0.000872874  0.00722213  -0.00103229  -0.000120628 
235 5.42486e-05 0.543541 0.00307397 0.0352023 0.00124805  0.000318369  0.00093654  -0.000491782  0.00140827  0.00177337  -9.40166e-05  -8.10859e-05  0.00109153  0.000580022 
236 0.000208829 0.700754 0.0129497 0.0344232 -0.000884489  -0.00252916  -0.000345058  0.00594617  0.00115259  -0.00232123  0.000494063  -0.00470649  -0.00350594  0.00914522 
237 4.78972e-05 0.523035 0.002101 0.0312434 0.000417892  -0.00135289  -0.000330338  0.00066137  0.000286611  6.41187e-05  -0.000493834  0.000773574  0.000602123  -0.000756071 
241 7.39122e-05 0.631721 0.00624055 0.0304673 0.00236871  0.00231667  -0.0020039  0.00126762  -0.00150634  0.00210279  -0.00277452  0.000702897  0.000670529  0.00264798 
243 5.54404e-06 2.56691 0.00677021 0.0292292 -0.000176772  -0.00403992  -0.00303016  -0.00148302  0.00183927  -0.0027272  -0.000642676  -0.000954885  0.00195746  0.00145783 
248 0.000158338 0.543754 0.00526516 0.0291342 -0.000967712  0.00116144  0.000796824  0.000805333  0.00109712  0.000786426  -0.00240559  0.00253146  0.00268605  -0.00170905 
252 -6.7215e-05 0.131 0.0099606 0.0262769 -0.00108496  -0.00214325  0.000964014  0.00639315  -0.00184307  0.00408268  0.000264053  -0.00276369  -0.00429923  -0.00232055 
254 -3.78331e-05 0.356313 0.00466321 0.0275262 -0.000303666  -0.000691278  -0.00184122  -0.00135724  -0.00018099  0.00380018  -0.000822562  -0.000214056  -0.000620654  0.000601222 
255 6.19426e-06 1.4211 0.00477724 0.0282051 -0.000497784  0.00364433  -0.00190744  -1.61307e-05  -0.000613443  -0.00097472  -0.000342054  -0.000847349  0.00163093  0.000912783 
256 -0.00041736 0.269659 0.0196135 0.028095 -0.0107604  -0.00903507  -0.00663412  0.000146078  0.00598239  -0.00384617  -0.00519753  -0.00439509  -0.00286653  0.00617314 
259 1.15117e-05 0.536644 0.001299 0.0347387 -0.000442392  -0.000326158  -0.00027732  0.00038681  0.000419665  -4.67467e-05  -8.48761e-05  0.000824294  0.000187761  0.000508494 
262 -5.54286e-05 0.405027 0.004589 0.0345726 -0.00230506  -0.000170167  -0.000224465  -0.00120885  0.000932635  0.000855501  -0.00156783  -0.000333394  0.000483643  0.00313051 
263 1.86306e-05 0.555739 0.00203813 0.0353652 -0.000486909  0.00056348  0.00137514  -0.000535882  -0.000529959  -8.77428e-05  -0.000467294  4.03104e-05  -0.000710893  -0.000638193 
265 1.36903e-06 23.5743 0.0112408 0.0351008 -6.30529e-05  0.00354904  -0.00313804  0.00390187  0.00180433  -0.00280301  -0.00185062  0.00858076  0.000487335  -0.000529233 
268 -0.000160065 -2.17705 0.0413979 0.0350813 -0.00264965  0.00576346  0.00762651  -0.00620536  -0.0257703  -0.0113192  0.00342803  -0.00985906  0.0218032  -0.0141532 
269 5.39119e-05 2.01379 0.0180672 0.0372931 0.00295218  0.000737531  -0.00472781  -0.00566108  0.0072663  0.00421921  -0.00220094  0.0120997  -0.000543918  -0.0063736 
271 -0.000399193 0.172498 0.0228713 0.0365632 0.00119958  -0.0119397  -0.00823121  0.0115782  -0.00333577  -0.00909172  -0.001828  -0.000919672  0.00465577  0.0075923 
275 -0.000144922 -0.0515637 0.0178817 0.041667 0.00882957  -0.00150376  -0.00429363  0.00771353  0.00237366  0.00175442  0.00856769  0.00276044  0.008194  0.00217235 
276 0.000202534 0.58913 0.00849824 0.0433713 -0.000435948  0.00165445  0.000146835  -0.00205888  0.00173037  0.00331632  -0.000138067  -0.00324829  0.00297476  0.00562321 
277 0.000311133 1.68018 0.0383187 0.0409702 0.00736711  0.0012157  0.0156368  0.0163543  0.00833421  0.0184554  0.00795994  -0.017514  -0.010185  0.00408649 
279 0.000165497 0.541069 0.00521525 0.0369793 -0.00163515  0.000322258  0.000544253  -0.00273277  0.00123552  -0.00251705  0.00269839  0.00120145  -0.000262463  3.69315e-05 
280 -1.58741e-05 -3.62895 0.0161916 0.0346697 -0.00416458  -0.00145177  -0.00223831  0.000524048  0.00345198  0.00389168  -0.00189505  0.00214804  -0.0126384  0.00651423 
282 1.81285e-05 9.63329 0.0257339 0.0348979 -0.0127958  0.00550356  -0.00259832  -0.0137849  -0.0124509  0.0064123  -0.000588622  0.00220134  -0.0038205  0.00745016 
283 0.000124037 0.683038 0.00952968 0.0346372 0.00576944  0.00366787  0.00412965  -0.00151975  0.00145742  0.0047318  7.60897e-05  0.000359747  -2.56747e-06  0.000249298 
288 -9.62484e-05 0.448909 0.00443568 0.0327979 0.00013857  0.00249065  0.000422318  0.00144279  -0.000348687  0.00248447  0.00114306  0.00166229  -0.000773896  0.000479361 
289 -0.00012642 0.481799 0.00303522 0.0342339 -0.00116059  -0.000570807  -0.000346435  -0.000282928  0.000455656  0.000166503  0.00142348  -0.000554201  -0.000748955  0.00205183 
292 -7.41313e-06 0.498899 0.000180744 0.0360331 -1.67269e-05  -4.42712e-05  -5.71473e-05  1.99018e-05  3.64738e-05  0.000106054  -4.19775e-05  2.34045e-05  -5.37258e-05  9.48306e-05 
293 -0.000169759 0.334684 0.0105961 0.0361358 -0.000831358  -0.000129826  -0.0018824  -0.00407547  0.0010768  0.00487665  0.00585495  -0.000419391  0.00396754  -0.00403457 
296 -3.383e-05 0.424368 0.00319927 0.0384132 0.000513234  0.00010654  -0.00111134  -0.000906277  0.000519336  -0.000302093  -3.86082e-05  0.00142344  0.00012402  0.00234523 
297 0.00040918 0.791621 0.0218463 0.038851 0.00781343  0.00451466  -0.00633751  -0.00542653  0.00404571  -0.00770858  -0.00972512  0.00509792  0.00995532  -0.00554541 
298 -0.000513637 0.0517003 0.0303532 0.0331709 0.00334274  -0.00627396  -0.00235248  0.0116511  0.0116317  -0.0198798  -0.00226511  -0.0105152  0.00903321  0.00130301 
299 -5.27231e-05 -0.532779 0.0147583 0.0401755 -0.00458947  0.00617454  -0.00270454  -0.00183995  0.00377748  0.00907912  0.00442664  0.0049404  -0.000698218  -0.00259397 
302 -5.95627e-05 0.479557 0.00220735 0.0408265 0.00040161  -0.000161753  -0.000573212  0.000833977  0.000274133  -0.000425116  0.00117152  0.00105577  0.000476014  0.000831431 
304 0.000300343 0.651544 0.0134935 0.0415495 -0.00249365  0.00225184  0.00763663  0.00799793  0.000766216  -0.00536082  -0.00340774  0.00140142  -0.00234562  0.000309924 
305 0.000261229 0.603946 0.0104227 0.0377633 -0.0017523  0.000796825  0.00216256  0.000837997  -0.00697398  0.00324634  -0.00184334  0.00229677  0.0047354  -0.00304583 
306 -0.000125537 0.341815 0.00891316 0.0341302 -0.00429082  -0.00112956  0.00398161  0.00122561  0.0055872  -0.000976227  0.000260026  -0.00201748  0.00220907  -0.00110202 
309 -4.80915e-06 0.499182 0.000125452 0.0359224 -2.99298e-05  4.94455e-05  2.51176e-05  5.01429e-05  -1.97858e-05  -2.28068e-06  -2.28191e-05  -3.61596e-05  7.77576e-05  3.13252e-05 
311 0.000306509 1.16717 0.0285975 0.0359892 -0.00500173  -0.00414238  0.0142765  -0.00039215  -0.0188264  -0.00818857  -0.0102977  0.00190171  0.0039568  -0.00498627 
312 7.25732e-06 1.18246 0.00445098 0.0314446 -0.00138697  -0.000693972  0.001626  2.8404e-05  0.00192426  0.00288226  -0.000920006  -0.00023166  0.000407  0.00129821 
317 5.93771e-05 0.802289 0.0084732 0.031329 0.000296045  0.000130787  -0.00498616  0.000545257  0.00270407  0.000986307  -0.00392974  0.00332937  -0.00315736  0.0013229 
318 -8.10759e-06 0.422853 0.00158175 0.0303666 -0.000712634  -0.000221033  -0.000370915  9.94156e-05  0.00101413  -9.45777e-06  7.12934e-05  -0.000478303  -0.000662828  -0.000309891 
319 -0.000210337 0.463755 0.00552444 0.0304998 -0.000833906  -0.00105  -0.00168198  0.00218001  0.00019728  -0.00273405  -0.00342112  -7.73987e-07  -0.000926538  0.00103131 
321 -0.000370215 -0.0319918 0.0280703 0.0337727 -0.00106344  -0.0150916  0.00351507  -0.000143893  -0.0118364  0.00687117  -0.00875863  -0.00511104  -0.0110179  -0.0116248 
323 -0.000230587 0.379416 0.0105479 0.03887 0.00157321  -0.00216286  -0.00570036  -0.000499274  -0.00544853  0.00110922  -0.00137857  -0.00162902  -0.00365649  0.00474564 
325 2.14297e-05 1.38409 0.00870525 0.0417312 0.00160573  -0.0020231  0.00259839  0.00131819  0.000321751  -0.0030464  0.00457982  -0.00410668  0.00227044  -0.00287096 
326 0.000317502 1.06421 0.0267662 0.0414737 -0.00907261  0.00744083  0.00159237  -0.00992402  0.000590371  0.00257894  -0.00131774  0.0107057  -0.000324029  0.0188222 
327 0.000143322 0.602782 0.00767653 0.0374515 0.000545496  -0.000489782  -0.00532046  -0.00116989  0.000352531  3.55807e-05  0.00278754  0.000231444  0.00183458  -0.0041714 
330 6.32159e-05 1.5348 0.0161756 0.0354866 0.00146836  -0.000111909  0.00230649  -0.00970392  0.00203289  0.0028101  -0.00158451  0.00913471  -0.00507389  0.00602221 
334 0.000404539 0.814017 0.0225405 0.0345845 -0.00604368  0.00455856  0.00296551  -0.00541226  0.0073599  0.00346606  0.0145846  -0.000580705  -0.00361253  -0.0109728 
335 6.90606e-06 0.649716 0.00203366 0.0281359 0.000182838  -0.000205019  -0.0004683  0.000977575  -0.00130943  -0.0004241  -0.000417988  -0.00028172  0.000641258  0.000570624 
336 -0.000804251 0.0831393 0.036629 0.0280129 0.0057766  -0.00307475  0.00806517  0.0103384  0.00406918  -0.0236977  -0.00314028  -0.00996725  -0.0129438  0.0164936 
340 0.000642927 0.685311 0.0218309 0.039866 0.010725  -0.00264469  -0.000719562  -0.0114457  -0.00644912  -2.537e-05  0.00766775  0.0070948  0.00340172  -0.00779442 
345 0.000211146 0.535793 0.00549996 0.0307665 0.00242267  -0.00199414  -0.000230425  0.0016347  -0.000459869  0.00249078  0.000616743  0.000295394  0.00258888  -0.00202311 
348 0.000151313 0.569631 0.00649249 0.0271192 0.00211244  0.00196823  0.00104423  -1.47164e-05  0.00502447  0.00140557  -0.000687017  -0.00217092  0.000142464  -0.000547146 
350 0.000161995 0.810032 0.0141734 0.0241692 -0.00136211  0.00108932  0.00724788  0.00147815  0.0045289  0.00724558  0.0029085  -0.0020839  -0.00076377  -0.00753211 
353 -0.000218326 0.134623 0.0178642 0.0205468 -0.00416681  0.00279929  0.000978311  0.00736593  0.000562247  0.00166177  -0.0116318  0.00262506  -0.00256625  -0.00932017 
355 5.18018e-06 1.24545 0.00393017 0.0253085 0.000257782  -0.00031985  0.00250599  -0.000645374  0.00167917  -0.0005782  0.000406332  0.00121394  0.00186683  0.000550707 
356 -0.000447159 0.395617 0.0136689 0.025206 0.00306938  -0.00314964  0.00832606  -0.00483606  -0.00252823  0.00466736  -0.00128947  -0.00387055  -0.00201716  -0.00508909 
358 0.000143133 0.640118 0.00895688 0.0329029 0.00109114  -0.00166126  -0.00584947  0.00294765  -0.00177566  0.00284354  0.00316085  0.000608863  -0.00157368  -0.00304854 
360 -4.62364e-05 0.356634 0.00514941 0.0306509 0.00173612  -0.0009657  -0.00281593  -0.00229622  -0.000788967  0.000147258  -0.000914105  0.00107448  -0.00257296  -0.000336618 
361 -0.000614903 0.422372 0.0138267 0.0313961 -0.00538147  0.00293053  0.00589991  0.0016997  -0.00277086  0.00773601  -0.0051006  -0.00312782  -0.00269534  -0.0023118 
364 9.88296e-05 0.512474 0.00222171 0.0400101 -6.38354e-05  -0.000177509  -0.000401808  0.00090209  0.00134871  -3.55498e-05  0.00060395  0.000299105  0.00128447  2.88159e-05 
365 7.19127e-05 0.509169 0.00162476 0.0387554 -0.000157367  -0.000451173  -0.000965892  -0.000740986  -3.76772e-05  -0.000430044  -6.45103e-06  -4.52856e-06  0.000311718  0.000803693 
366 0.000113308 1.60457 0.0223735 0.0378163 0.00786157  -0.00598857  -0.0128438  -0.00547675  0.00498738  -0.00993031  -0.000686341  0.00607207  -0.00577182  0.00371567 
367 5.40884e-05 0.597154 0.00458482 0.0362873 0.00258399  -0.000452037  -3.93806e-05  -0.000291239  0.00170891  -0.00121817  -0.00140713  0.000975157  0.00257894  0.000258193 
368 -0.000546834 0.403633 0.0145254 0.0355343 0.00528276  -0.00190902  0.000349472  -0.00135284  -0.0101634  0.00197974  -0.00808031  -0.00105014  -0.00175917  0.000883982 
369 -0.000146376 0.456109 0.0050706 0.0425402 -0.00194493  -0.00157672  0.0006839  0.000141803  -0.00228504  0.00012204  0.00119643  0.00201823  -0.00281182  0.000554092 
370 -1.64493e-05 0.496796 0.000459293 0.0442273 0.000233327  -0.000142363  -0.000133367  5.09171e-05  -0.000256587  8.17203e-05  -8.48746e-05  0.000149996  -7.14937e-05  9.23756e-05 
374 -5.29988e-05 0.473777 0.0023581 0.0444129 -0.00136382  0.000122783  0.000696271  -0.000466945  0.00105879  -0.00028304  -0.0011905  0.000523269  -0.000285258  -9.54525e-05 
375 -0.000122931 -1.11547 0.0281841 0.0450056 0.00877377  0.00184236  0.006724  0.0135204  0.000364758  -0.0134112  -0.00272718  0.00884218  0.00782133  0.0126161 
376 -5.39703e-05 0.438351 0.00364838 0.0463513 0.000327066  0.00174322  0.00293564  0.000413922  -0.000402834  -5.65074e-05  0.00058358  0.00034071  -0.000664343  -0.000558701 
380 0.000789135 0.841746 0.0328401 0.0469299 0.0162149  0.0140166  -0.00378725  -0.0103866  0.00328462  0.0106145  0.0138348  -0.00113504  0.0134299  0.000595094 
381 -4.74787e-05 0.477622 0.00206184 0.0375977 0.000394431  -0.000311837  -5.0103e-05  -0.000135924  0.000911889  0.00050882  -0.000819854  0.000263403  -0.000584064  -0.00134322 
388 0.000112415 2.19487 0.0276045 0.0382239 -0.00985619  -0.00277793  -0.00089782  0.00136559  0.0206958  -0.0037313  0.0111919  0.00229783  -0.00873943  -0.00230704 
390 -0.000247104 0.423683 0.00868749 0.0367241 0.00308278  -0.00247711  -0.00288355  -0.00065394  0.00129496  -0.000463444  -0.00371415  0.00123396  0.00122302  -0.00569081 
391 0.000906013 0.701728 0.0270386 0.0399474 -0.0174126  0.000309722  0.0072033  0.00379245  -0.0125248  -0.00576205  0.00896074  -0.00400146  0.00714931  0.00490195 
392 -0.000671597 0.25001 0.0259223 0.0262715 0.00546998  -0.00582253  -0.0126677  0.00386648  0.0116368  -0.00591882  0.0107298  -0.0100424  -0.00212856  -0.00646269 
393 0.000223101 0.766106 0.0154099 0.0369055 0.00589832  0.00681457  0.00173302  -0.00510689  -0.00642725  0.00142713  -0.00184936  -0.00744637  -0.00023166  0.0049885 
394 -2.0369e-05 0.487949 0.000990993 0.0337482 -1.32052e-05  -0.000198582  -0.000276058  -0.00016497  0.000501158  -0.000436499  0.000188406  0.000520484  0.000216162  -0.000210279 
396 -0.000148216 0.293922 0.0110542 0.0340486 0.00434298  0.00107972  -0.00250237  -0.00157726  0.000332625  -0.00211168  0.000843611  0.00817021  0.00210765  0.00411603 
397 1.50764e-05 0.944294 0.00517622 0.0361598 0.000659547  0.00165709  0.000311153  -0.00160535  -0.000601121  0.00246296  0.00041008  -0.000326649  -0.00156984  -0.00343098 
398 0.000252935 0.898143 0.0200693 0.0359508 0.00274763  0.00456536  0.00468305  0.00110311  -0.0114313  0.00481835  -0.00349476  0.00667172  0.0117468  0.00162314 
399 -0.000120532 0.355463 0.00834839 0.0322421 0.00365346  -0.00617761  -0.00150466  0.00114464  -0.00121251  0.000643809  -0.00230289  -0.00189393  0.00026657  -0.00194033 
400 0.000265154 0.568316 0.00851365 0.0340601 -0.00242047  0.00352854  0.000279286  -0.00190983  -0.00088901  0.0058289  -0.000323091  -0.00327324  0.00200242  0.000923523 
401 0.000255171 0.548467 0.00703529 0.0299161 -0.00443066  -0.00149465  0.000596663  0.000621341  -0.000886857  6.34477e-05  -0.00227302  -0.00342963  -0.000234574  0.00301892 
402 -0.000309702 0.344892 0.0138644 0.025295 0.00323043  0.0111274  -0.00380213  -0.00364495  0.00386695  -0.00338281  0.00136807  -0.000409974  -0.00127229  -0.000412156 
405 -0.00037254 0.436204 0.00975459 0.0308154 0.0067793  -0.000889184  -0.00409922  0.00142295  -0.000804565  -0.00164334  -0.00152737  0.001288  -0.003765  0.00283887 
407 -0.000233594 -0.706113 0.0335703 0.036362 -0.0113562  0.0142007  0.00299552  0.00646243  0.0222136  0.0122351  -0.0044928  -0.00825424  -0.00203344  0.00316385 
408 0.000123148 1.24871 0.0192036 0.0394438 0.000299467  -0.0100208  0.00417226  0.000574424  -0.00286345  -0.00502811  -0.00917483  0.00100247  0.000325265  0.0114789 
409 -0.000258015 0.0255779 0.0221291 0.0378507 -0.0153988  -0.00105055  0.00131469  0.00405371  -0.00053721  -0.0124433  -0.00116698  -0.00358826  -0.00170716  0.00781247 
412 -0.000202113 0.384197 0.00967729 0.0411184 0.000128882  -0.00342388  -0.00192277  0.00118913  0.000522527  0.00348077  -0.000325701  0.00113826  0.00325112  0.00724148 
413 8.07275e-05 0.584669 0.00522902 0.043507 -0.00124947  0.00159511  0.00122255  0.00120308  -0.00189984  0.00197775  0.000113387  -0.00325142  -0.000477201  -0.00140068 
415 0.000258881 3.02379 0.0511106 0.0425692 0.000154486  -0.0188171  -0.000464967  -0.0305567  -0.0230693  -0.00238093  0.00813402  0.00623956  0.0217747  -0.0143933 
416 -9.66894e-05 0.432571 0.00510729 0.0394117 0.00206331  0.000413834  0.00288924  0.000410478  -0.00137132  -0.0013543  -0.00202074  0.00221215  0.000635759  -0.000209527 
417 0.000307769 0.580005 0.00992589 0.0406199 -0.00123717  0.00282249  -0.000391078  0.00469415  -0.000577906  -0.00105956  -0.00374751  0.00628238  -0.000680834  -0.00337729 
418 -0.000197234 0.476611 0.00429812 0.0366368 0.000538406  0.000797082  -0.00190859  -0.00208254  -0.00163281  -0.000210936  0.000229116  0.00101663  0.00156169  0.00182578 
420 -0.000473038 0.396424 0.0140048 0.0392366 -0.000750479  0.00267594  -0.00879973  0.000471195  -0.00173219  -0.00115924  0.00265717  -0.0047523  0.00847212  0.00223347 
422 0.000778691 0.622275 0.0195191 0.0448627 -0.00503819  -0.00220341  -0.00346314  -0.00207724  -4.8057e-05  0.00296689  0.00683018  0.00676051  -0.0144471  -0.0049568 
425 0.000730412 0.906707 0.0344661 0.0351322 0.0066434  0.00626097  0.00917155  0.0130534  0.001641  0.0187356  0.000289708  0.00753773  -0.00821887  -0.0192847 
426 -0.000167237 -0.0980127 0.0200017 0.0224528 0.00891837  -0.0101663  0.00163235  -0.00088811  -0.000183193  -0.00268439  0.00175836  -0.0108105  -0.00889868  -0.00270865 
428 -2.25463e-05 -3.1548 0.0181549 0.025911 0.00179216  0.000441149  -0.00273725  0.00146309  0.0123395  -0.00296239  0.0036036  -0.0100798  0.00614544  0.00177882 
430 -1.64988e-05 0.487075 0.000923661 0.0263425 0.000114676  4.04439e-05  -0.000365389  -0.000709089  0.000319348  0.000203033  0.000128841  0.000112018  0.000171919  1.17351e-05 
431 -0.000322196 0.330319 0.0147907 0.0266538 -0.00412281  0.0030225  -0.00206118  -0.00426627  -0.00346792  0.00716649  0.00640599  -0.00284041  0.00700042  -0.00294709 
432 6.27513e-08 0.5001 5.02165e-06 0.0321352 1.31149e-06  2.78651e-06  -4.14663e-07  -1.74596e-07  1.80371e-06  -9.98023e-07  -2.28806e-06  1.23732e-06  2.02996e-06  6.2737e-07 
433 -6.99926e-05 -0.56089 0.0172343 0.0321342 0.000383215  -0.00219411  0.000513703  -0.00254443  0.0026605  -0.00224138  -0.0125164  0.00485083  0.00952156  0.00153904 
434 -0.000140222 0.458434 0.0048296 0.0332055 0.00224158  0.000117917  0.00312033  0.000457207  -0.00150216  -0.00104642  -0.000380308  0.000162681  0.00219254  0.000105947 
441 0.000193382 0.54131 0.00565416 0.0352539 -0.00125496  0.000800882  0.00212432  0.00272575  0.00165561  -0.00158373  0.000937958  -0.000933629  -0.00301241  -0.00131738 
443 -0.000843525 0.283274 0.0270528 0.0323956 -0.00216757  0.0154451  0.00593912  -0.00507699  -0.00182768  -0.00650949  -0.00936674  0.00693625  -0.000388445  -0.0156794 
444 -0.000239755 0.467236 0.00560833 0.0435127 0.000691896  0.000172446  0.00470053  0.000190883  -0.000659361  0.000983032  -0.00158023  -0.00178319  0.00117841  -0.000588934 
447 0.00108306 0.623163 0.0231048 0.0461859 -0.00580112  0.000812433  0.00203299  0.0141845  0.00088407  0.0082992  0.00911102  0.00307093  -0.00633346  0.00959038 
451 -0.0002243 -0.329585 0.0272827 0.0324139 0.0146363  0.00662279  -0.00215268  0.00148407  0.00866718  0.00129025  -0.00677125  -0.00655697  -0.0135986  0.0113522 
463 -6.18326e-05 0.492168 0.00139254 0.0357069 0.00072137  0.000335188  0.000438554  -0.00033764  -0.000366674  0.000689582  -0.000230093  0.000375852  0.00041761  -0.000146783 
468 0.000106387 0.533288 0.0037644 0.0365626 -3.16491e-05  0.000323931  -0.00198312  -0.000240159  -0.000439324  -0.00057567  0.000378739  0.000420122  -0.000151156  0.00303433 
471 0.000471977 0.656794 0.0172059 0.0350776 -0.00682436  -0.00296945  -0.00730243  0.00281208  -0.000484748  -0.00166696  0.00746318  -0.000914676  -0.0109485  -2.93669e-05 
472 -0.00285175 0.311108 0.0464894 0.0275422 0.0111724  0.00917012  -0.0149953  0.021498  -0.00406585  0.0198731  -0.0104305  -0.00681175  -0.0136394  0.0226413 
475 0.000431406 0.875268 0.0254455 0.0601199 0.0120545  0.000434852  0.0109079  -0.0105203  -0.00204743  -0.000270068  0.00225587  0.00856716  0.0117589  -0.0071618 
476 0.000564883 0.629884 0.0171331 0.0564188 -0.00623893  -0.00318762  -0.00370492  -0.00889052  0.00938856  0.00375848  -0.000607449  -0.00180123  0.00360905  -0.0057253 
477 0.00120623 0.66912 0.0285681 0.0511699 -0.0158722  -0.00479878  0.0116586  -0.00875923  -0.00619413  -0.0057981  -0.00493134  0.00565644  0.0141496  0.000163038 
478 0.000106543 0.749037 0.010302 0.037588 -0.000270959  -0.00113016  0.00235534  0.00698336  0.00317733  -0.00398407  0.000888504  -0.00283521  0.00352347  -0.00180403 
480 1.21786e-05 1.06951 0.00526717 0.0361431 6.27361e-05  -0.0019143  -0.00181989  -0.00117881  -0.00123622  0.00334127  -0.000733436  -0.000276815  -0.00192712  -0.00153372 
481 0.000242967 1.32246 0.0282697 0.0359742 0.00727208  -0.00257314  -0.012045  -0.00445276  0.0056348  -0.0120448  0.0123435  0.00613845  -0.00970886  -0.0106597 
482 0.00014358 0.523949 0.00370996 0.0324223 -0.00207175  -0.000647172  -0.000734941  0.00173028  0.000101071  -0.0017838  -0.000401831  -0.000834447  -0.00121062  5.73124e-05 
483 -0.000870219 0.356179 0.0223872 0.030127 0.0062494  0.00677083  -2.17526e-05  -0.00299001  -0.0112277  0.00326323  -0.0135875  0.00351951  -0.00377058  -0.00770809 
485 5.52853e-05 0.850944 0.00880948 0.0421691 -0.00236645  -0.00372835  -0.00151803  -0.000820705  -0.0021321  0.000968836  -0.00200793  -0.00461343  0.00279232  -0.00406586 
486 0.000465878 0.674849 0.0180514 0.0415085 -0.00539607  -0.00423069  0.0136748  0.00222451  -0.0019696  -0.00145183  -8.1565e-05  0.00595343  0.00410385  0.00534873 
487 -3.29911e-05 -2.08852 0.018482 0.0354568 4.19642e-05  0.00197548  -0.0011309  0.00828586  0.0137554  -0.00103131  -0.000940199  0.000360971  0.00588836  0.00646395 
489 0.000205383 0.865049 0.017317 0.035919 -0.0112769  -0.00590733  0.00159805  0.000768889  -0.00311432  0.0101616  0.00113427  0.000487031  0.003456  0.0028709 
492 0.000346253 1.19427 0.0310057 0.0329365 -0.0149741  0.00229306  0.00834187  -0.00591225  0.00349959  -0.01714  0.00551194  -0.00651936  -0.0156918  0.00147865 
493 -5.60448e-06 0.49342 0.00038409 0.0271776 -8.53311e-05  0.000213088  0.000101412  -5.9615e-05  -9.63415e-05  -1.97171e-05  0.000142354  -6.74611e-05  -0.000215664  -1.47073e-06 
496 7.72123e-07 1.40324 0.00167022 0.0272805 0.000672082  -0.000165424  -0.00052859  -0.000345378  0.00128191  0.000176729  -5.00527e-05  0.000293994  0.000257516  0.000286541 
497 -6.20883e-05 -0.506907 0.0158136 0.0272663 0.00295257  5.76599e-06  -0.0053703  -0.00639382  0.0012266  0.0111048  0.00199878  0.00565308  0.00262951  -0.00198616 
499 -0.000139793 0.350388 0.00914732 0.0283821 0.0023327  -0.0043074  0.00477367  -0.00379454  -0.00133653  -0.00146442  -0.000637532  -0.00276986  -0.00261227  -0.0019127 
