generation s h r distopt trait[0] trait[1] trait[2] trait[3] trait[4] trait[5] trait[6] trait[7] trait[8] trait[9] 
2 0.034337 0.498071 0.0175886 2 0.0042471  -0.00779847  -0.00168969  7.351e-05  -0.000946566  -0.00456911  -0.000583182  0.0118606  0.00667002  0.00451318 
3 0.0726466 0.493673 0.0261567 1.99154 0.0100085  -0.0150468  0.00906218  0.00165145  0.00382186  -0.00600169  0.00997836  -0.00638702  -0.00904165  7.68428e-05 
10 0.23872 0.505864 0.166943 1.97386 0.059948  -0.0262458  -0.0257435  -0.00228891  0.0639236  -7.24963e-05  -0.0453468  -0.0886194  0.0163935  0.0930311 
12 0.0551678 0.49633 0.0255638 1.91886 0.0105788  -0.00937106  0.00721394  0.00470118  0.0110352  0.00359972  0.0119904  0.00507328  0.0086732  -0.000416959 
14 0.0606549 0.494528 0.0210891 1.90482 0.0162651  -0.00558826  0.0047103  -0.00338116  -0.00101673  0.00195524  -0.00429796  0.00884168  -0.00173412  0.00329213 
17 0.132667 0.504811 0.100737 1.8893 0.0407923  -0.0131931  -0.0433931  0.0482804  0.0301266  -0.0478038  7.98788e-07  -0.0285704  -0.00613207  -0.00701111 
20 0.0134136 0.957542 0.156206 1.85604 0.0228156  0.0076219  0.0226494  0.0625985  -0.0695514  -0.0440141  0.0200383  -0.09211  -0.0329513  -0.051419 
22 0.0552477 0.502578 0.0447232 1.85244 -0.00162208  -0.0229773  -0.0133785  0.0011021  -0.0208851  0.0175329  -0.00310815  -0.0142346  -0.0181521  -0.00200157 
23 0.0586229 0.727154 0.230303 1.83787 0.128316  0.0875218  0.0757643  0.0678426  -0.0152152  0.126405  -0.0151281  0.0111391  0.0189922  -0.0405992 
26 0.064232 0.596509 0.160903 1.82231 -0.00768608  -0.032285  -0.0223851  -0.0106896  0.0380905  -0.102834  -0.0481943  -0.00117613  0.0674685  0.0726041 
28 0.113596 0.607079 0.227074 1.80514 0.067202  0.00461823  -0.111727  -0.078277  0.110383  -0.11243  -0.00799765  0.0103258  -0.052957  -0.0247977 
31 0.163902 0.501153 0.11048 1.77509 0.0171712  -0.0541113  -0.02495  0.0286778  -0.0286187  0.00445529  0.0138151  -0.0679704  -0.0420875  -0.0108166 
32 0.0918183 0.503613 0.0715927 1.73181 0.0266141  -0.0189619  0.034787  -0.00325892  0.0283904  -0.00525272  0.000401012  -0.0320759  -0.000364073  -0.031211 
33 0.0500509 0.79589 0.242014 1.70626 -0.0283114  -0.0548353  -0.059829  -0.155113  -0.0982229  -0.0491759  0.0534016  -0.056848  0.0929725  0.0181565 
34 0.0111101 1.53762 0.213676 1.69189 -0.027398  -0.0505827  0.0412555  -0.0217647  -0.0365662  -0.0379542  -0.0808823  -0.038435  -0.144583  -0.0920403 
35 0.235156 0.565706 0.277821 1.68862 -0.0122934  -0.135167  -0.092443  0.00371828  0.146697  0.0551523  -0.0206344  0.0285262  -0.155163  -0.0180792 
39 0.0716799 0.51333 0.0779992 1.62488 -0.00349087  -0.0246799  0.0310311  -0.0115406  0.0343552  0.0510282  0.00835298  -0.00539745  0.0217892  0.00294073 
40 0.13793 0.663541 0.303103 1.60344 -0.0110873  -0.139761  0.0454196  0.132005  -0.0871695  0.0832548  -0.115009  -0.121505  -0.0233549  -0.0982902 
42 0.0275144 2.60465 0.471774 1.56263 -0.00630686  -0.0195735  0.0640759  0.0517702  -0.00577069  -0.373627  -0.0325658  0.269613  0.0440111  0.00653027 
44 0.143347 0.519354 0.138953 1.55392 0.0579497  -0.00317619  -0.0151255  -0.00868359  0.0455948  0.028779  0.0490038  0.0276217  0.001853  -0.0977781 
46 0.0363966 0.498019 0.0188593 1.5102 0.00803401  -0.00228517  -0.00706722  -0.00569782  0.00132298  0.00752854  0.00216272  0.0017643  0.0094907  0.00687051 
49 0.0816633 0.535085 0.118643 1.49832 0.0429366  0.00217105  -0.0307484  -0.025263  -0.0544621  0.00524265  0.01723  -0.0466518  -0.0612694  0.0377289 
50 0.0874061 0.624546 0.212167 1.47189 -0.0698105  -0.119513  -0.0439253  0.00397787  0.0466054  -0.000982908  0.0375779  -0.0409675  0.0452817  0.128835 
51 0.029487 0.517518 0.0495777 1.44314 0.014463  0.00271118  0.00703429  -0.0243839  -0.027786  -0.00547634  -0.0267343  -0.000571553  0.00424605  0.00788847 
52 0.0809233 0.515574 0.0887081 1.43304 0.0285963  -0.0113479  -0.0400896  0.0203937  -0.0108467  0.00208654  -0.00298008  0.0206807  -0.00920572  0.0652396 
53 0.106558 0.548486 0.157153 1.40563 0.101058  0.0615127  -0.0322422  -0.0315297  0.0395628  0.0251479  -0.0273834  -0.0133801  0.0447392  0.0594872 
54 0.183276 0.564201 0.238805 1.36913 -0.0509751  -0.123835  -0.0700512  -0.00453084  -0.0515379  0.0849085  0.0715295  0.121542  -0.0603003  0.0278547 
56 0.0194872 0.536196 0.0545842 1.30623 -0.0102978  -0.0184843  0.0100005  -0.00968008  0.0129635  0.0270018  0.0192245  -0.0068735  -0.00574951  0.0314798 
57 -6.24071e-05 0.305395 0.00697009 1.29882 -0.00242861  -6.13352e-05  0.00291602  -0.00215262  -0.00167601  0.000722886  0.00302097  0.00269867  0.00228144  0.00214421 
58 0.1152 0.49837 0.0723237 1.29885 0.0181219  -0.0325831  0.0224778  0.0168275  0.0301864  0.00962761  -0.00076285  0.0358217  0.0257375  -0.0101067 
59 0.142643 0.4953 0.0798729 1.25617 0.0349889  -0.0191177  0.0229132  0.00543496  0.0111597  0.0342801  0.0329017  -0.00899131  0.0411174  0.0090409 
62 0.0228175 0.592424 0.0926616 1.20193 -0.00391482  -0.0120257  0.0514905  -0.0171287  -0.0277156  0.0013093  -0.0330095  0.0297997  -0.0476269  -0.0215809 
63 0.143407 0.502285 0.100975 1.1925 0.0447629  -0.0405611  0.0181886  -0.0196667  -0.0255813  -0.0108146  -0.0211222  0.0256182  0.0237851  0.0582224 
64 0.114527 0.621974 0.241621 1.13493 -0.0323746  -0.148234  -0.00681517  0.00948221  0.015754  -0.0217068  0.0302917  -0.088375  0.118532  -0.108286 
65 0.0265621 0.955753 0.218744 1.08611 0.0133187  -0.0597075  0.00339077  0.0164761  -0.080954  0.0422349  -0.164326  0.0139939  -0.0752163  -0.0512815 
66 0.0510796 0.938241 0.295994 1.07397 0.121259  0.0682704  0.0752952  0.0182514  -0.0127875  -0.180101  0.0814811  0.0526721  -0.123682  -0.0702451 
67 0.0771494 0.615793 0.192406 1.05052 0.0193905  -0.07326  0.0202997  -0.0255712  0.0098387  0.0724523  -0.134144  0.0763152  -0.00133704  -0.0323201 
69 0.252963 0.606367 0.346112 1.01453 0.0216815  -0.11391  0.222635  0.0661838  -0.0239989  0.101211  0.175882  0.0430295  0.0724613  -0.0595402 
71 0.066898 0.561708 0.134323 0.896528 0.0591154  0.0277727  0.0496157  0.0251979  -0.0729897  0.0580723  -0.00671119  0.0383607  -0.00262648  0.0213695 
72 0.17107 0.582213 0.252878 0.859655 0.096358  -0.0999284  -0.0148927  -0.0930099  -0.122021  -0.0112259  0.131389  0.0569844  0.00388272  -0.0162384 
73 0.121202 0.647732 0.27112 0.762292 0.166652  -0.00252771  0.0388116  0.176476  0.0539603  -0.0719671  -0.0109642  -0.041751  0.045445  -0.0325074 
74 0.0771932 0.555558 0.138735 0.683146 0.00310972  -0.0776113  -0.0348504  0.0120554  0.00685932  0.0830993  -0.015093  -0.0661881  -0.012398  0.0118032 
75 0.032246 0.715166 0.166504 0.626362 -0.0530404  0.0126603  -0.0706746  -0.044487  0.0518258  -0.0142495  -0.0469853  0.0118476  0.0352303  0.106291 
76 0.0447925 0.522225 0.0696627 0.600493 0.031036  -0.00959297  0.00131385  0.0156129  -0.019331  0.0274113  0.0271812  0.00750667  0.0166253  0.0368172 
80 0.00854672 1.51428 0.185514 0.562827 0.077454  -0.0290232  -0.0263632  0.0886288  -0.0187063  0.0684813  -0.0685766  0.0352325  -0.0668938  0.0597118 
86 0.0658297 0.584762 0.153564 0.555215 0.053725  -0.00628069  -0.0802639  0.0133569  0.0172572  -0.00983964  0.0615186  -0.0676419  0.0257184  -0.0679663 
88 0.00554408 4.0489 0.278818 0.494479 0.0987736  -0.125464  -0.0530615  -0.0850196  -0.0288348  0.0344742  -0.054674  0.0733005  -0.0287237  -0.176042 
89 0.0101755 1.07516 0.152563 0.488857 0.0568194  0.00682593  0.0219386  0.0118066  0.0876209  0.0264744  0.0192159  -0.0612043  0.0233854  -0.0796208 
90 0.0131477 0.549441 0.0516489 0.47839 -0.00133388  0.031029  0.00261023  0.00805634  0.0284623  0.0099084  -0.000721599  0.00362802  0.0257678  0.00673564 
94 0.0398111 0.596661 0.125801 0.464537 -0.00783749  -0.000500151  0.038181  -0.0547993  -0.0176309  0.00422257  0.0626508  0.065101  -0.0272666  0.0454759 
96 0.00975263 0.509152 0.0200591 0.420423 0.0106877  -0.0106672  -0.00606982  -0.00467521  0.000523553  0.00606669  -0.00204727  -0.00209965  0.00697716  0.00461405 
98 0.00565839 1.06168 0.112573 0.408718 0.0154751  -0.0224311  -0.0300981  -0.0388622  0.000651682  -0.0320742  -0.0591114  0.0548243  0.044135  0.00608625 
99 0.0232371 0.528101 0.0533382 0.401756 0.0267178  -0.0142059  -0.00405924  -0.0124918  -0.00892443  -0.0209521  -0.00502869  -0.027898  0.0104203  0.0180553 
101 0.0138867 0.531244 0.0426412 0.372071 0.0185056  -0.00546146  0.00261088  0.000128354  0.00874954  0.0106593  0.0268562  -0.00218554  0.0227069  -0.00270984 
103 0.0252369 0.569164 0.0848504 0.353052 0.0103189  0.0126226  -0.016094  -0.0327285  -0.0150866  0.0127695  -0.0293974  -0.0230565  -0.0338044  0.0517146 
109 0.0118947 0.518644 0.0308481 0.315788 0.0111763  0.00786381  0.0145182  -0.0133121  0.00549183  -0.0066801  0.00723244  0.00426848  0.0140586  0.00582335 
114 0.00564709 2.08344 0.188479 0.296475 -0.0966892  -0.0139961  0.00547958  -0.0251267  0.0534794  -0.0363129  0.106741  -0.0376161  -0.0432929  0.0803552 
115 0.00178842 1.19958 0.0707005 0.286821 0.0273728  -0.0215703  0.0210612  0.030846  -0.0352799  -0.0242512  -0.00625069  -0.00884699  0.00139192  0.0209021 
117 0.0430451 0.646708 0.159812 0.283689 0.0224306  0.0482251  0.0138441  -0.0706647  0.037233  0.0929713  0.0413308  -0.0600939  0.0184653  0.0428427 
121 0.00771175 0.671444 0.0727616 0.195793 0.0298688  0.0133002  0.0300339  -0.0143169  -0.0350587  0.027061  0.0206513  -0.00672472  0.0135665  0.0223841 
122 0.00460016 0.785975 0.0725061 0.17508 0.0276663  0.00683272  0.0196686  0.00327352  0.0432422  0.000807289  -0.0215896  0.0166351  -0.00285801  0.0377611 
124 0.0024982 1.37369 0.0933451 0.161441 0.0158272  0.0439574  -0.00794901  -0.0287176  0.0455729  0.0162568  0.0110839  0.0304434  0.039872  0.0257307 
125 0.00887225 0.589481 0.0565626 0.153519 0.00810018  0.0162798  -0.031844  -0.0104029  -0.0207596  0.00734528  0.00245681  -0.0182103  0.0294937  -0.00734741 
131 0.00060845 7.00194 0.125653 0.121388 0.00732154  0.0647158  -0.0541802  0.0162695  -0.0513343  -0.00404757  -0.0547774  -0.0354696  0.0378794  -0.00124811 
136 0.00297222 0.636136 0.0402514 0.118856 -0.00884087  -0.00859126  0.0293579  0.000270331  0.0042674  -0.0127589  0.00703307  0.0079301  0.0116681  -0.0132949 
137 0.00228253 0.85146 0.0566263 0.105636 0.016733  -0.00858985  0.00254546  0.0114771  0.0189041  -0.0117502  0.0183296  0.041797  0.0116533  -0.000599244 
142 0.00125444 1.00819 0.0504812 0.0942286 -3.43788e-05  -0.0132481  -0.00409356  -0.00739813  0.019718  -0.036847  -0.0119335  -0.00799226  -0.0134075  -0.0129923 
143 0.00160444 0.54454 0.0169379 0.0873234 0.00408161  -0.0118389  0.00642368  0.00458868  -0.00226352  -0.00468713  0.00377401  -0.00433085  0.00276184  -0.000185773 
146 3.02441e-05 13.1999 0.0391927 0.077603 0.01539  -0.000189056  0.0115356  -0.0105365  -0.0167274  0.00804035  0.0233899  -0.00723875  -0.00566244  -0.00889343 
147 0.00193749 0.696198 0.0389954 0.0774079 -0.0039034  -0.0221312  -0.0039781  0.00446867  0.0133927  0.0180455  -0.0129225  0.00565781  0.0095776  -0.0135678 
148 0.00104864 1.19231 0.0538693 0.0636896 0.00474606  -0.0290097  -0.00867812  0.015521  -0.0263316  0.00513809  0.0150657  0.00727587  -0.0252508  -0.00918299 
150 8.93351e-05 3.09013 0.0304206 0.0548478 0.00450952  -0.0118662  0.00249929  0.01079  -0.0077287  -0.0128275  0.00615462  0.00471438  0.0106566  0.0156094 
154 -0.0004452 -0.0999204 0.0326884 0.0540273 0.000743136  0.00158446  0.0076388  0.00859279  0.00723563  0.00935578  -0.00712798  -0.00270238  0.0242557  -0.0121222 
155 0.000655679 0.753764 0.0257972 0.0580021 -0.00516668  0.000320333  -0.0125233  0.00596425  -0.0083176  0.00287793  -0.00889494  -0.0146799  -0.000764821  -0.0085802 
156 0.000738496 0.55259 0.0124725 0.052046 -0.00197459  0.00334764  -0.00284023  -0.000513051  -0.00526056  -2.98196e-05  -0.00214342  0.00230985  -0.00312061  0.00920784 
159 -0.000319388 0.395642 0.0115496 0.044391 0.00583039  0.0010629  0.0037184  -0.00307889  0.00296066  0.000101007  0.00542082  -0.00125776  0.00592176  -0.000392309 
160 -0.00018976 -1.04982 0.0342978 0.0478539 -0.00676971  -0.00374715  -0.00831589  0.00423936  0.0199594  0.00199279  -0.0202199  -0.0117241  0.00200953  -0.00875517 
161 -3.03472e-05 0.445183 0.00257967 0.0497973 -0.000920818  -0.000744171  8.12682e-05  -0.00113889  -0.000899141  -0.00122327  -0.000864705  0.00016064  0.000189525  -0.00091382 
162 0.00060558 0.796286 0.0267881 0.0501011 -0.0170217  0.00621134  -0.00652143  -0.0113165  -0.00380407  0.00407511  -0.00119276  0.00348985  -0.00957889  0.00906937 
165 0.00054871 0.675721 0.0196394 0.0436432 0.00161979  0.00551774  0.00177277  -0.00733865  0.00521127  -0.00909491  -0.00171897  -0.00505385  -1.67852e-05  0.0125406 
167 4.1178e-05 0.534407 0.00238076 0.0368262 0.000671873  0.000350009  -0.00014778  0.000130224  0.00020444  0.000529996  0.000751509  -0.00178824  -0.000920239  0.000351022 
169 -8.88906e-05 0.334334 0.00767532 0.0362628 -0.002182  -0.00161386  0.00544514  0.000644293  -0.00286554  0.00200141  -0.00239506  -0.00110818  -0.000532694  -0.00141955 
170 0.000169994 0.589152 0.00778652 0.0374685 0.00165117  -0.0040009  -0.000418091  -0.0028319  -0.000609944  0.00276613  -0.00314863  0.00288055  -0.000182019  0.00272651 
171 0.000223786 0.734081 0.0144752 0.035127 0.00271614  -0.00117064  -0.0023668  0.00128946  -0.00128158  -0.000153802  0.00811039  -0.00498699  -0.0100569  0.0002545 
172 -5.49742e-05 -4.61906 0.033549 0.0317828 0.0171864  0.0035115  -0.0115473  0.00861867  -0.0125697  0.0188527  0.00574309  0.00387409  0.00698514  9.22168e-05 
175 0.00021697 0.619396 0.01018 0.0326362 -0.00362966  -0.000735944  -0.00330369  0.00104043  0.0016474  -0.00813042  -0.0012982  -0.000807884  -0.00252052  0.000640885 
179 -0.0010944 0.0368773 0.0450396 0.0291234 0.00989775  -0.0262869  -0.0113868  -0.00221111  0.0045523  -0.0186095  0.000308875  0.0237237  -0.011755  0.00607636 
180 0.000286304 0.904449 0.0215205 0.0440815 -0.00603082  0.00462954  0.00315609  0.00873859  -0.0048269  0.00171757  -0.0114219  -0.00759716  -0.00646108  -0.00792668 
188 -5.94849e-05 0.417017 0.00444378 0.0407052 -0.00157192  -0.00139253  -0.000591389  -0.00206538  -0.00179607  0.00123824  0.000878427  0.000332966  -0.00102769  0.00200595 
189 6.81772e-06 0.504529 0.000351463 0.0414295 -0.000171011  0.000127461  9.38253e-06  -6.3372e-05  5.5342e-05  -0.000132654  0.000195509  -0.000112197  -4.14762e-05  2.71825e-05 
191 1.4452e-05 0.506407 0.000608678 0.0413471 4.61051e-05  8.98559e-05  0.000426259  0.000115878  0.00018055  -0.0001299  -3.1392e-05  0.00033544  -2.43327e-05  -3.99371e-05 
192 4.37898e-05 4.11653 0.0251675 0.041172 0.00712952  0.00875396  -0.000857394  -0.012228  -0.00655769  -0.0175348  0.00124455  0.0011748  0.00114127  0.000990129 
193 -0.000387109 0.475143 0.00621066 0.0406367 6.67162e-05  -0.00218314  -0.0051694  0.000942123  0.00183822  -0.000888808  -0.000221106  0.000903006  -0.000360984  -0.00101378 
197 0.000282968 0.560392 0.00826959 0.04515 0.000849235  0.00483363  0.00319125  0.00167192  -0.00300417  -0.00270796  -0.00116579  -0.00294083  0.00131715  0.00179473 
200 0.000214203 0.549557 0.00651759 0.0418999 0.00272585  0.00240687  0.00337421  -0.0031611  0.00233902  0.000198483  0.000355332  0.000380978  -0.00143002  -0.000226056 
201 0.000345056 0.523456 0.00569464 0.0392609 -0.00263268  0.000686052  0.00150306  0.000535106  0.000518973  0.00392662  -0.000424184  -0.00140432  0.0013082  0.00171191 
207 -7.37928e-05 0.48472 0.00212438 0.0345893 -0.00041411  -0.000180271  -0.000508696  -0.000364889  -0.000349604  -0.000293397  0.0012801  0.00128883  -0.000513672  0.000381005 
209 1.34878e-05 0.510632 0.000757425 0.0356401 0.000206419  0.000192013  -7.41939e-05  -2.90115e-05  -0.000130683  8.34399e-05  0.000393105  -0.000524843  4.28602e-06  0.000183897 
215 7.24249e-05 0.714418 0.00788141 0.0354504 0.00439843  0.00318569  0.0012755  0.000728141  -0.00129411  0.00205361  -0.00100768  -0.000430284  -0.00423632  0.00232932 
217 -0.000197535 0.473482 0.0045798 0.0344138 -0.00181756  8.60675e-05  -0.0019225  0.00168873  -0.00205344  -0.00123221  -0.00151532  0.000889326  -0.000416028  -0.00145626 
218 5.66303e-05 1.0943 0.0116025 0.0371734 0.00238701  0.00272449  -0.00113455  0.00164995  0.00516481  0.00388299  -0.00714383  0.00109646  -0.00264059  0.00406506 
219 0.000425126 1.0762 0.0312985 0.0364037 -0.00913811  0.00447178  0.023531  -0.010996  0.00848349  0.00386745  -0.00688702  -0.00613945  -0.00183099  0.00510607 
221 -0.000261239 0.322301 0.0136287 0.0300033 0.00220774  0.00661092  0.00903522  0.00149591  0.00311635  0.000436124  -0.000518107  0.0034461  -0.00205006  -0.00520015 
224 -9.46892e-05 -0.593877 0.0203547 0.0340803 -0.00213114  -0.00544608  -0.010181  -0.00291464  -0.00563763  0.00643931  0.00589758  -0.000247588  -0.0046216  -0.0117693 
225 -6.6093e-05 -1.01795 0.0200324 0.0354424 -0.00300508  -0.0166277  0.00108851  -0.00351099  -0.00233352  -0.00162325  -0.00458026  -0.0022689  0.00815694  0.00123817 
227 2.64697e-05 1.81576 0.0118028 0.0363629 -0.00344603  -0.00106566  0.00102783  0.00349185  -0.00237871  -0.0036298  0.00862704  -0.00393878  -0.00206014  0.000169484 
228 1.30623e-05 0.503303 0.000415531 0.0359971 8.86992e-05  -0.000129412  -8.41865e-05  9.75468e-05  7.84961e-05  0.000250424  -6.87755e-05  5.76146e-05  0.000228978  -4.57616e-05 
230 -7.4407e-05 -2.01907 0.0273808 0.0358152 -0.0180366  0.00460262  0.00407109  0.00746326  0.00682468  0.00077736  -0.00151807  0.00745624  0.0102796  0.0109626 
231 2.80376e-05 2.49188 0.0149459 0.0368393 0.00423769  -0.00347184  -0.00334373  0.00558309  0.00349044  0.00486083  -0.00329309  0.00593388  0.0026156  0.00789369 
232 1.60265e-05 7.17308 0.0206823 0.0364568 0.00580378  0.00547386  0.00435421  -0.0113542  -0.0112339  0.000930609  -0.00659355  0.00402485  0.0043981  -0.00318575 
233 -0.000177417 -0.455867 0.0260455 0.0362363 0.000695776  -0.00992355  -0.00276629  0.0138951  -0.00703015  -0.0096156  0.0112049  -0.00380259  -0.00600022  -0.00779649 
236 0.000455947 0.733366 0.0206299 0.0386071 0.00405811  0.0115261  -0.00608387  0.000977989  -0.0079566  0.000211069  0.00228795  -0.0052231  0.00838413  0.00849385 
239 -0.000507852 0.221261 0.0238005 0.0321662 0.00550888  -0.00839986  0.00580133  -0.00349699  -0.00802503  0.00181278  0.00714522  -0.010306  0.013818  -0.00194504 
240 -0.000481756 0.129321 0.0267307 0.0392765 -0.0107892  0.00671507  0.00236  0.00611476  0.00120622  -0.001399  -0.0055867  -0.0179837  -0.00560835  -0.0109811 
242 0.000358367 0.819065 0.0213852 0.0449946 0.00623918  -0.000710723  -0.00726837  -0.00882989  0.00858926  0.00515567  0.0105134  -0.00348752  0.0071759  -0.00354285 
243 3.77105e-05 12.106 0.0418361 0.0408193 0.00771969  0.0246491  -0.0186152  0.0164785  0.00101905  0.0118135  -0.00734108  0.014828  0.00330097  0.0063062 
244 0.000153693 0.757031 0.0125703 0.0403547 -0.00619751  0.000246582  0.00310023  -0.00507948  -0.0049621  -0.00032799  0.000681196  0.00474172  -0.00588595  0.00134452 
246 -0.000985315 -0.438307 0.060817 0.0384034 -0.0109096  -0.00235285  0.0176378  -0.0441953  0.0164174  0.00492021  -0.0157402  0.00081233  -0.0273693  -0.00431402 
248 -0.000114876 0.431731 0.00560161 0.0496047 -0.00228494  -7.03316e-05  -0.0021139  8.43499e-07  0.00114235  0.000296737  0.00292248  -0.0017591  -0.000502829  -0.00289868 
249 0.000143856 0.704389 0.0108448 0.0507494 0.000737575  0.00577658  0.00255771  0.000498581  0.000146455  0.00131467  0.00631422  0.00155501  0.00188468  0.00541461 
250 -8.22994e-05 0.430169 0.00479503 0.0493119 -0.00156809  0.000740047  -0.00317688  -0.000391436  0.00119058  0.000706137  0.00229352  -0.000647019  0.00145542  -0.000163469 
