generation s h r distopt trait[0] trait[1] trait[2] trait[3] trait[4] trait[5] trait[6] trait[7] trait[8] trait[9] 
3 4.11707e-05 0.645238 0.00489065 0.02 0.0022093  -0.00109263  0.000144903  -0.000106635  0.00203116  -0.00109276  0.00014703  -0.00210482  0.00200663  -0.00200325 
4 -7.48694e-06 -4.59899 0.0123572 0.0287452 -0.00890236  -0.00469862  -0.00339171  0.00141491  0.00178948  -0.00531187  0.00148891  -0.000117374  -0.00152457  -0.00137585 
5 0.000644948 0.697149 0.0225525 0.0381646 0.000767145  -0.0167488  0.000129013  -0.00781105  -0.00729488  -0.00437199  -0.00175709  0.00237115  0.00924051  -0.000214789 
6 7.70602e-05 1.01463 0.0125945 0.0361529 -0.00463525  -0.0017754  0.00459019  0.00478378  0.00505256  0.00448565  -0.000924753  -0.00408999  -0.00513978  -0.0006169 
7 0.000226433 1.5282 0.0305136 0.0437596 0.00913797  -0.0132329  -0.0015901  -0.0103974  0.0158008  0.00335388  0.00420515  -0.0150537  -0.000250188  -0.00752082 
8 0.00015347 0.69102 0.0108289 0.0476496 0.00428157  -0.00368041  0.00521119  -0.00316039  -0.00157756  0.0022371  -0.00056639  -0.00526532  -0.000296693  0.00355199 
12 7.42135e-05 1.73858 0.0191742 0.0779226 -0.0104581  -0.00901461  -0.00666816  -0.00852848  0.000923511  -0.00274109  0.00561266  0.000262596  -0.00439993  0.000719176 
13 0.00406941 0.630551 0.046135 0.0858279 0.0174238  -0.0159277  -0.0122281  0.0192787  -0.0134436  -0.000603423  -0.018751  0.020389  -0.00334725  0.00950536 
14 -8.3174e-05 0.460707 0.00361614 0.0669036 0.00016625  0.000469345  0.00032153  0.00138987  0.00148602  -0.00185073  -0.000171213  0.000233244  -0.00225131  8.84203e-05 
16 0.00068186 0.516106 0.00664422 0.0867025 0.00161478  -0.00312409  0.000241646  0.0029413  -0.00108866  0.0015246  0.00396052  -0.00151818  0.00106666  0.00065628 
17 0.000408727 0.510636 0.00417964 0.0924446 0.00171097  -0.00174568  -0.000816097  0.00123749  -0.00105164  0.000342555  0.0012198  0.000851572  -0.000305379  -0.00240156 
18 0.00329083 0.874648 0.0701846 0.100026 0.0163582  -0.0432352  -0.00134794  0.0231191  -0.000747559  -0.0103936  -0.0350514  -0.00310567  -0.0293066  0.00685435 
19 0.00222557 0.557747 0.0227146 0.0886989 0.00287334  -0.00955051  0.0055833  0.00624381  -0.00387273  0.00373406  0.0158862  -4.32484e-06  0.00141427  -0.00793788 
20 0.000782087 1.93258 0.0669152 0.0824187 -0.00894263  -0.0159695  -0.0275998  -0.0328208  -0.0187559  -0.00442731  0.0216004  -0.0201809  0.0232774  0.0227295 
21 0.00306317 0.701427 0.0496807 0.0842454 0.00944419  -0.0154378  0.0153671  0.0102923  -0.00211862  -0.00401392  0.0287507  0.0187121  0.00364512  -0.0242474 
22 0.00108764 0.658078 0.0262276 0.0705542 0.00123254  -0.00797975  0.00497395  -0.00307285  0.0112107  -0.00299723  -0.00409244  0.0153609  -0.0136458  -0.00386451 
25 0.00119543 0.87176 0.0421534 0.0861774 0.00039134  -0.0106646  0.00292563  0.008942  0.0205398  0.000704835  -0.019726  0.0133006  0.0132995  -0.0202293 
26 0.00254633 0.602758 0.0323788 0.0871914 0.0120167  -0.0125111  -0.0113761  -0.0103307  0.0110657  0.00993667  0.00550703  -0.010079  0.00869747  0.009087 
31 0.00447788 0.893579 0.0838907 0.115725 0.0469655  -0.0372172  0.0115305  0.00410695  -0.00769095  0.0288912  0.0184297  0.0092925  -0.0429557  -0.0114854 
32 0.000383108 1.37394 0.0365902 0.101138 0.0106063  -0.013144  -0.0212114  0.00980822  0.00453747  -0.00202167  -0.000617034  -0.0145147  0.0110009  -0.0122762 
33 0.00473683 0.571949 0.0370264 0.105079 0.00197785  -0.0185456  0.00378731  0.00279657  -0.0190393  -0.014657  -0.0029325  -0.00187663  0.0121222  0.0162649 
37 0.00225715 1.92322 0.113213 0.107818 -0.0682251  -0.0667834  -0.00940678  -0.0108424  -0.0453607  0.0104427  -0.013832  -0.0260304  -0.011506  0.0181253 
38 0.00155084 0.915284 0.0507399 0.101293 0.00140657  0.00533466  0.00226994  -0.00177037  0.0220239  -0.00253596  -0.010219  0.0431414  -0.00142627  -0.00875739 
41 0.00327101 0.915036 0.073642 0.11344 0.0279089  -7.78274e-05  0.0376036  -0.0140308  -0.00166521  0.025392  -0.027857  -0.00307412  0.0251047  0.0311465 
44 0.00058475 0.509029 0.00461345 0.122975 -0.00065748  -0.00239241  -0.000950682  -0.000701855  0.00142196  0.000182954  0.00291121  0.0012527  -0.00114418  -0.000568029 
46 0.00145184 0.536037 0.0144974 0.138321 0.00194127  -0.00583487  0.00301308  0.00409388  0.00645528  -0.00101381  -0.00322224  -0.000900264  -0.00906461  0.00323468 
47 0.00272487 1.0766 0.0792141 0.141973 -0.00545209  -0.0411287  0.00470101  0.0637265  -0.00394986  -0.00304288  -0.0122681  0.00723907  0.0145025  0.00568481 
48 0.0100884 0.862248 0.120701 0.13908 0.0513681  -0.0722931  0.0190248  -0.0380092  0.00838956  -0.0186549  0.0128247  0.0557769  -0.00999183  -0.0332163 
49 0.0016541 0.619088 0.0280815 0.0987467 0.00697272  -0.00675483  -0.0045877  -0.0198561  0.00492602  0.00597698  -0.00933998  -0.00945085  -0.0065143  0.000184691 
50 0.00101295 0.538518 0.0125099 0.0926131 0.00480686  -0.00673244  0.000640884  -0.00408034  0.00424314  0.00331646  0.000400869  -0.00452948  0.00392152  -0.00243865 
51 0.00265463 1.06656 0.0775055 0.0899378 0.0214692  -0.0406137  -0.0345627  0.0167037  -0.000552665  0.00692625  0.00291924  -0.027843  0.0387991  -0.00925764 
53 0.00173672 0.599868 0.0263556 0.0727624 0.00330701  -0.00754881  -0.00213737  -0.0182871  -2.39774e-05  0.00186508  0.00656535  -0.0133263  -0.00766717  0.00217944 
55 0.00138131 1.20954 0.0625836 0.0623692 -0.00998125  -0.0178067  0.0199517  -0.0398106  0.00463635  -0.0306959  0.00804518  -0.0176912  -0.010447  0.00815282 
62 -3.43618e-05 0.28566 0.00542784 0.0889995 0.000129172  -0.000204376  -0.00252601  -0.000752277  0.00192344  0.00109082  -0.000697068  -0.00320298  -0.00151547  -0.00212724 
65 -0.000302445 0.497745 0.00166577 0.115155 -0.000587174  0.00126608  -4.59123e-05  -0.000430584  -0.000102679  -0.000579618  0.000489414  -0.000216213  1.02444e-05  -8.15936e-05 
66 0.00554657 0.611365 0.0497843 0.125535 -0.0069906  -0.0325507  0.0086044  0.0141558  0.00696981  -0.000822497  0.0125072  -0.00355751  -0.00767203  -0.0286082 
67 0.000326561 0.511961 0.00395908 0.109686 -0.00200838  -0.00207665  0.000631662  0.000855521  0.0004517  -0.00119002  0.00138233  -0.000954438  -0.000957877  0.000915363 
68 0.00173399 1.11311 0.0651774 0.116953 -0.00510223  -0.0209511  -0.0325518  0.00891656  0.0250046  0.0257991  -0.0271567  -0.00675952  0.0102338  0.0215698 
69 3.53452e-05 0.50998 0.00118812 0.117221 -0.000216793  0.00026475  0.000287558  0.000130098  -0.000706302  -0.000482041  0.000295194  -4.6895e-05  0.000591606  0.000156115 
71 0.00422853 0.623843 0.0458109 0.133822 0.0171864  -0.0156274  -0.0051418  0.0103776  0.00295517  -0.0311718  0.00280785  -0.0162666  -0.00922671  -0.00932113 
73 0.00101401 0.510089 0.00643548 0.133828 0.000632194  -0.00294791  0.0034421  -0.00143269  -0.000584792  -0.001527  0.00359492  0.000702881  0.000908246  -0.00122832 
74 0.00417165 1.43767 0.124869 0.138733 0.0425453  -0.0608916  0.0630915  -0.0237838  -0.0343305  -0.0391475  0.00355431  0.0102922  -0.0248575  -0.0456139 
75 0.000567867 0.561274 0.0118026 0.127427 -0.00292111  -0.00410878  -0.00175863  0.00664053  0.00513713  -0.00456647  0.00395685  -0.00177341  -0.000736882  -0.000331069 
77 0.010981 0.967621 0.142952 0.135828 0.04885  -0.0366397  -0.0279568  0.0751855  -0.00977399  0.0572604  0.0317878  0.0117315  -0.0178976  0.0736844 
78 0.00067245 0.693553 0.0228174 0.0908674 -0.0013588  -0.00287449  0.000799746  -0.0120707  -0.0010219  0.00665324  -0.00858266  -0.0144416  -0.00422912  -0.00433222 
80 -1.01131e-05 -5.97405 0.0161828 0.0977006 0.00492083  -0.000282431  0.00408026  0.000249837  0.00510438  0.000464294  0.0110832  0.00249247  0.0059761  -0.005463 
81 -0.000601006 -3.30331 0.0955811 0.103947 0.00152451  -0.0332468  -0.0660664  0.0327407  0.0150144  -0.000178048  -0.0006813  -0.0127609  0.0443958  0.015218 
83 0.00673267 0.883097 0.101448 0.114912 -0.0124085  -0.0373104  0.0207413  -0.0653091  -0.0174768  -0.0111355  0.0534368  0.0247701  0.0122391  -0.00140373 
85 0.00178792 0.775228 0.0443587 0.0882046 0.0202918  -0.017865  0.0242363  0.00881319  0.00280767  0.0110329  -0.00647028  -0.017572  -0.00614381  -0.00732901 
86 0.002013 0.689851 0.0391008 0.0805375 0.00205204  -0.0132089  -0.00591396  -0.000123581  0.0147585  0.00532072  -0.028627  -0.0110919  0.00698185  -0.00882006 
90 0.0017235 1.19515 0.069187 0.0859207 0.0135347  -0.00818052  0.0142358  0.0137891  -0.0176716  -0.00496056  -0.0345028  0.0273062  -0.00717412  0.0426556 
92 -4.26899e-05 0.455889 0.00274471 0.0886436 0.00120372  -0.000107278  -0.00153486  0.00114971  0.000510862  -0.000359872  0.000168916  -0.00102294  -0.000406185  -0.000874597 
93 0.00111774 0.54952 0.0148962 0.0963885 -0.00175163  -0.00388586  0.00561668  -0.00481808  -0.00138485  0.00363519  0.00152497  -0.000255208  0.00656344  -0.00940025 
96 0.00489799 0.59371 0.0429301 0.115528 -0.00208381  -0.0233717  -0.00864986  -0.0139711  0.00445372  -0.00416839  -0.0058409  -0.000374995  0.0122491  -0.0283001 
97 0.00163288 1.1533 0.0652887 0.100719 -0.00505123  -0.0236389  0.0218149  -0.0426773  0.00789444  -0.00091423  0.0139964  0.0315645  0.00374301  0.0105678 
100 0.00312716 0.602358 0.0358193 0.11607 -0.0147659  -0.0182379  0.00674729  0.00705449  0.00886855  -0.00119308  -0.00360518  -0.00623972  -0.00477023  -0.0219618 
104 0.00431624 0.625736 0.0466352 0.136597 -0.0104816  -0.0221992  -0.00619042  0.00208628  -0.00535889  -0.0160458  0.00718484  0.00894154  -0.0320358  -0.00924388 
105 0.000908086 2.92553 0.0937929 0.128664 0.0432584  -0.0319493  -0.0106199  0.00250676  -0.0187696  0.0151045  -0.0388507  -0.0138755  -0.0124091  -0.0578762 
106 0.00266993 0.781 0.0547671 0.13118 -0.0283995  -0.00708343  -0.0125503  -0.00176776  0.0173308  -0.00445228  0.00450874  -0.0377807  0.00349699  0.0142117 
107 0.00360487 1.08639 0.0918577 0.127725 0.0240869  -0.0528018  -0.0163892  0.0371842  -0.0119532  -0.0231068  -0.00325105  -0.0511711  -0.000146154  0.0106059 
109 0.00245195 2.03467 0.122508 0.120702 0.00802415  -0.0468438  -0.00553356  -0.0101979  -0.00750072  -0.00762204  0.0464589  -0.0180184  0.047802  0.0879335 
110 0.00257788 0.831742 0.0584655 0.111358 0.0108893  0.000352722  -0.0161641  -0.0156837  0.025737  0.00431167  -0.0164875  0.0191874  -0.0363404  0.0122742 
111 -0.000375299 -3.19941 0.0745036 0.101276 -0.00926176  0.0217027  0.00582006  0.0190597  -0.0525085  0.0157804  -0.00604902  -0.000883848  0.000522224  -0.0394088 
113 0.00304477 1.83131 0.127128 0.114142 0.01981  -0.0356395  0.0534248  -0.0138568  -0.0195929  -0.0436016  -0.0151472  0.0791765  0.051529  -0.00375431 
119 0.00199186 0.563763 0.0225715 0.131265 -0.00600485  -0.00806165  -0.00162716  -0.000222204  0.00187664  -0.000858713  -0.00614061  -0.0113677  -0.00964998  0.0118918 
120 0.00163075 0.817233 0.0454799 0.130472 0.00808511  -0.00445697  0.00264247  -0.015199  0.00864762  0.00379967  0.019644  0.0312099  -0.00635839  0.0159877 
121 0.00183281 0.701854 0.0384693 0.131332 0.0132976  -0.0236418  -0.0100221  0.000417735  -0.00775938  -0.000175671  -0.0162176  -0.00229634  0.0105417  0.0142779 
123 0.00329486 1.1477 0.0922966 0.136655 -0.0635575  -0.022578  0.0175402  0.0270983  0.0354465  0.0254307  -0.016901  0.0166686  -0.0123349  -0.017566 
124 0.0045405 0.538157 0.0264885 0.131175 0.0157132  -0.00421123  -0.00819153  1.61212e-05  0.00212989  0.0132914  0.0012983  -0.0135492  -0.00147978  0.00111713 
125 0.00155272 1.80144 0.0898326 0.120564 0.0329907  -0.00107877  -0.0296924  -0.00555139  0.0075917  0.0195442  0.044646  -0.0232063  0.0378619  -0.0407792 
126 0.000771448 4.25248 0.10751 0.121867 -0.0505852  -0.0421638  0.00128521  -0.0032072  -0.010829  0.0519801  -0.0141827  -0.0269764  -0.0588128  -0.00169572 
128 0.00320763 0.803806 0.0624098 0.131566 0.0274984  -0.0177924  0.00751059  -0.0247442  -0.0239785  -0.0138753  0.00481677  0.0165509  0.0172281  -0.028145 
130 0.000721743 0.574486 0.0146703 0.131013 0.00354548  -0.000566458  -0.00483116  -0.00498106  0.00488177  -0.00129735  0.00958172  -0.0052742  0.000510151  0.00296197 
131 0.000707704 6.45575 0.129686 0.135064 0.0303225  -0.0300366  -0.00311918  0.0399123  0.0537488  0.0533799  0.0305052  0.010703  -0.0710514  0.0395266 
132 -6.64316e-05 0.488306 0.00176347 0.137102 -0.000189555  0.000824336  0.000285856  0.00108016  -0.000431647  -5.5165e-05  -0.000174913  0.000871915  6.82652e-05  0.000401318 
134 0.00545509 0.591535 0.0447905 0.148396 0.0133684  -0.0180317  -0.000552289  -0.00826379  -0.0202074  -0.0119909  -0.00591243  -0.0286448  0.00102771  -0.00500749 
135 0.00112477 2.7648 0.100854 0.134323 -0.00732047  -0.0133225  0.033369  -0.0283764  0.0499311  -0.0434572  0.0260281  0.0250451  0.0263292  -0.0405229 
136 0.00260612 0.770359 0.0530762 0.135501 0.00859498  -0.0177633  -0.00319524  -0.0232657  0.00305972  0.0197695  -0.0178622  0.0158719  0.00439658  0.0297602 
138 0.003451 0.802435 0.0645863 0.135892 0.0252322  0.0106751  -0.00986735  0.00819043  -0.038608  -0.0259547  -0.0100479  0.0246046  -0.00997097  -0.0169212 
143 0.0145469 0.660143 0.0966679 0.160222 0.0139964  -0.0634735  -0.00317711  -0.0284021  -0.0136163  -0.0458659  -0.0332869  -0.0233343  0.0140637  0.012796 
144 0.00442639 0.64348 0.0504355 0.112519 0.00014596  -0.0185138  7.62792e-05  0.0159654  0.0354897  0.00988659  -0.00623903  -0.00659625  -0.00289424  0.0223156 
145 -0.000109398 -23.1078 0.101577 0.0975535 0.0309327  -0.0328849  -0.0215889  0.0308597  -0.0108547  -0.00551691  -0.000411299  -0.0791657  -0.0195734  0.00790268 
146 0.00484333 0.602313 0.044593 0.101506 -0.00256273  -0.0232599  -0.00968881  0.0130127  -0.0243014  0.000747955  -0.00710652  0.0149266  0.0175058  0.00262079 
151 0.000571609 0.572879 0.012913 0.0983814 0.00555163  -0.00681211  -0.00260165  -0.00148651  -0.00495096  -0.00341485  -0.002136  0.00231019  -0.00441266  0.00387265 
152 0.00173875 2.06443 0.104201 0.101924 -0.00774754  -0.0475566  0.04669  -0.0163858  -0.0483124  -0.0286464  0.0370828  0.035131  -0.0171813  -0.0053482 
156 0.00486919 1.20344 0.116859 0.110729 0.0352968  -0.0244285  -0.0348814  0.0637978  0.061897  -0.00416996  0.0269092  0.0189227  0.0359059  0.0175041 
157 0.000462923 0.766817 0.0222267 0.0902854 -0.00876131  -0.00159006  -0.00190723  0.0114339  -0.00217943  -0.00231199  -0.0128345  0.00804981  -0.00448191  -0.00454529 
160 0.00427967 0.673615 0.0545319 0.105716 -0.0080324  -0.0253918  -0.0129358  -0.0118176  0.00447364  0.00215198  -0.0265762  -0.0314219  -0.00241343  -0.0152765 
162 0.00223485 0.720128 0.0443579 0.0966043 0.00448046  -0.0366304  -0.00722641  0.0132791  -0.00938467  -0.00572394  0.00607542  0.0130335  -0.00514892  -0.00480386 
163 0.00329328 0.904201 0.0729227 0.0887845 0.00926547  -0.0620341  0.00029778  -0.0243529  -0.0177172  0.0143358  0.000786048  -0.0141803  0.0028422  -0.00782877 
164 -5.40456e-06 -9.9601 0.0150374 0.065811 0.00178584  -0.000516715  -0.00514362  -0.0114967  0.00113028  0.00111155  -0.00474836  -0.00141097  0.00420958  -0.00438914 
166 0.00181372 0.767126 0.0440158 0.0661106 -0.00708225  -0.00492509  0.0259928  -0.0230407  -0.000233162  0.00694911  -0.0210069  0.0105181  -0.00488625  -0.00568618 
167 0.000201775 0.896902 0.0178973 0.0530763 0.00584667  -0.0069853  0.00586475  0.00833068  -0.00282875  -0.00603383  -0.00529654  0.000178993  0.00770272  0.00130975 
170 2.56635e-05 0.51773 0.00134919 0.0639955 -0.00028514  -0.000352406  0.00014071  0.00016715  0.00101179  5.81405e-05  -0.000560021  -5.09822e-05  -0.000166856  -0.000442636 
175 0.00353413 0.969104 0.0813668 0.102518 0.0392772  -0.0381309  0.0561966  0.00724694  0.000997384  -0.00385528  0.00976401  -0.0105754  -0.0108062  0.00857373 
176 -0.000191404 0.319519 0.0117562 0.0890509 0.00314727  -0.00123866  -0.00117329  0.00889711  -5.33262e-05  -0.00269253  0.00162559  -0.00414282  0.00202457  0.00388281 
177 3.90275e-05 0.617739 0.00428726 0.0960695 0.00247776  0.00136868  -0.00120449  -0.000174326  -0.0015793  0.000724015  0.000222233  0.00208382  0.000659676  0.0010206 
178 -4.24051e-06 -843.399 0.119535 0.102527 -0.0131372  -0.0906237  0.0273029  0.0388733  0.0208612  0.0139737  0.0372303  0.0311192  -0.0191784  -0.0171501 
180 0.0014468 0.666922 0.0310844 0.101949 -0.00284834  0.00744069  -0.0238396  0.00243784  -0.00644464  0.00143681  0.00392455  -0.00547114  -0.01331  0.00789968 
182 0.00251523 0.590118 0.0301428 0.0997111 0.00657787  -0.00464368  0.00936107  -0.0178327  0.00427614  0.00598919  -0.00975855  0.0140385  0.00957076  0.000234582 
184 0.000532992 2.50139 0.0652965 0.0947482 0.0539776  -0.00818584  0.00662307  -0.00892736  -0.00168658  -0.00660647  -0.0284574  -0.0103808  0.00701905  0.0120888 
186 -3.30716e-05 0.46209 0.00223956 0.0995804 0.000530179  -0.00100144  0.000438257  0.000845275  -0.000201788  -0.000320702  -3.00313e-05  0.00163407  6.41248e-06  -0.000102033 
187 0.00344374 0.642068 0.0442612 0.104705 0.0105808  -0.0202353  -0.0186429  -0.0236801  -0.00152154  0.00751374  0.000955606  0.00913834  -0.0114251  0.0159874 
191 0.00317925 0.550861 0.0255099 0.108619 -0.00983449  -0.00807938  -0.00687335  -0.00832434  0.00237569  0.00713003  0.0118186  -0.00829992  0.00899673  -0.00512178 
192 0.00107804 1.34154 0.060215 0.100433 -0.0331201  -0.0143767  0.0123421  -0.00933324  0.00148379  0.00621563  -0.0297017  -0.0185095  0.021436  -0.0189115 
193 0.000577654 0.533464 0.00880147 0.102791 0.0024281  -0.000897436  -0.00272845  -3.11873e-05  0.00360824  -0.00142245  -0.00182347  0.00311673  0.00593102  0.000246194 
194 0.000863753 1.46764 0.057799 0.108237 0.029131  -0.0267362  0.00842412  -0.0184836  0.00133116  0.014335  -0.000971815  0.0164029  -0.00299882  -0.0296381 
196 0.00314912 1.52637 0.113545 0.116494 -0.019968  -0.0299964  -0.0273841  -0.00429625  0.0382405  0.0162239  0.0635669  -0.00929218  0.0225996  0.0668001 
197 0.00280783 0.736705 0.0515542 0.10775 -0.0176617  -0.00221692  -0.0332087  0.0116442  -0.0166504  -0.0253539  0.00316227  -0.00118557  -0.0130339  0.00111394 
198 0.00314365 0.785512 0.059899 0.101184 0.00143855  -0.0148096  0.00354743  0.00225459  -0.00521538  0.00165907  -0.0487148  0.000484845  -0.0301521  0.00602983 
199 0.000130897 0.521248 0.00333662 0.091858 -0.00116456  -0.00191599  0.000406609  0.000765511  0.00100661  8.43059e-05  0.00106822  0.000152087  0.00118215  0.00133131 
200 0.00369147 0.54543 0.026006 0.0990679 0.0121122  -0.0203784  -0.00493653  0.00355321  -0.00290845  0.00162806  0.00407092  -0.00647768  0.000235429  -0.00276336 
201 0.00204557 0.756103 0.0457701 0.0859117 0.00277383  -0.0205404  0.0343521  -0.00316855  0.00760081  -0.00234987  -0.00839591  0.000166783  0.00771252  -0.0167899 
202 0.000513288 0.544026 0.00951316 0.0730571 0.00544753  -0.00375352  0.0040255  -0.000386148  9.9623e-05  -0.00158961  -0.00121883  0.000681969  0.00478965  -0.00171866 
203 2.47518e-05 0.507023 0.00083407 0.0694564 0.000169574  -0.00018066  -0.000276138  0.00021692  0.000525641  -0.000140442  -0.000334014  0.000233861  0.000184442  0.000121143 
205 0.00127959 0.731229 0.0344006 0.069278 0.0100491  -0.00864085  -0.0118336  0.00249102  -0.0195046  0.00245038  -0.0126986  -0.0114148  -0.00969756  -0.00945987 
208 0.000476227 0.58382 0.0126389 0.0593352 0.00224653  0.00298392  0.00200467  0.000409232  0.000903962  0.000768924  0.00735646  0.00199381  0.00879887  -0.00216412 
209 -0.000414593 -0.579942 0.0423202 0.0551774 0.00614572  -0.0154547  0.000590548  -0.006145  0.00444414  0.0212382  -0.0138782  0.0221132  0.014171  -0.0110926 
210 -1.5193e-05 0.494835 0.000560354 0.0588152 -6.81525e-05  4.25839e-05  0.000336258  9.31903e-05  0.000198894  9.79497e-05  9.10063e-05  -0.00027475  0.000172511  0.000151994 
212 0.000415609 0.735792 0.0197984 0.0589442 0.00833485  -0.0057989  -0.00828437  0.00310356  0.00483674  0.000984844  0.000433626  -0.00334037  0.0108679  0.00753621 
213 0.000186996 2.63987 0.0400017 0.0553073 0.00173514  0.00286716  0.0111198  0.0223962  -0.0156428  -0.0042127  -0.000284748  0.00983015  -0.0068257  0.0236203 
216 -0.00032746 0.189497 0.0201695 0.0535903 0.00541747  -0.000449338  0.00911397  -0.00231247  0.0127466  0.00144204  0.0046604  0.000347547  0.000416059  -0.0101132 
217 -0.000270428 0.390698 0.0108758 0.0565635 0.0024022  -0.00373064  0.00267512  -0.00286301  0.00549854  -0.000606368  0.00149971  -0.00676846  0.00212383  0.000262667 
218 0.000272425 4.57549 0.0666185 0.0589058 -0.0180554  -0.0195646  -0.0112273  0.0271085  -0.00689742  -0.0439017  0.00281106  -0.0154948  -0.0219288  0.0128271 
219 0.00115734 0.836123 0.0394398 0.0565465 0.0185565  0.0148368  -0.0102067  0.00235535  -0.0176346  0.0112297  -0.00752465  0.0143641  0.0100288  -0.00898258 
221 0.000616129 0.641077 0.0186482 0.0451757 -0.00238166  0.00320208  -0.00252998  0.000156522  0.00733563  0.00855963  0.00626049  -0.00162717  0.00929918  -0.00836706 
225 6.25433e-05 7.47924 0.0417802 0.0377479 0.00945042  -0.0170786  -0.00400391  -0.0208837  -0.0169404  -0.0135448  0.00743237  0.0157267  0.000496171  -0.0117975 
226 0.000561781 0.830604 0.0272541 0.0369102 -0.00131254  0.00745495  0.00325635  0.00812568  0.0141643  0.00133098  0.0166885  -0.00975998  0.00226617  0.00525006 
228 0.000131767 1.19764 0.0191748 0.0282973 -0.00104625  -0.00108528  -0.0102805  -0.0064948  0.00159926  0.00571129  -0.00241506  -0.0106143  0.00788383  -0.00130432 
229 0.000234291 0.970813 0.0210043 0.0258647 -0.00791353  0.0125709  0.000576122  -0.00029978  -0.00417304  0.0107061  -0.00667341  0.00522748  -0.00380852  0.00130634 
232 -0.00032676 0.220493 0.019116 0.0208499 -0.000240575  -0.00564305  0.00171871  0.015809  0.00579327  0.00393534  0.00347336  -0.00214778  -0.00109712  -0.00370325 
237 3.37746e-06 5.91742 0.00855498 0.0275958 -0.0039045  -0.00335471  0.00155578  0.00237689  -0.000830965  -0.000851542  -0.00270685  0.0013904  -0.00197904  0.00490163 
239 4.94826e-05 1.36965 0.0131196 0.0275346 0.00251079  -0.0031574  -0.00510491  -0.000159325  -0.0059377  0.00116925  0.00896031  0.00237135  -0.00262511  -0.000583505 
241 -0.00017177 0.112547 0.0163168 0.0266209 0.00329235  -0.00489696  0.0059144  -0.00899714  0.00138704  0.00952758  -0.00354785  0.0023194  0.00212656  0.000550555 
243 0.000193632 0.65162 0.010837 0.0296725 -0.00390063  0.00205151  0.000691029  0.00312082  0.00101112  -0.00698441  -0.00356901  -0.00169529  0.000757073  -0.00467009 
244 0.000146464 1.09261 0.0186321 0.0262077 -0.00901522  0.0004889  -0.0075951  -0.00360575  -0.00624101  -0.00824831  0.00658942  -0.0040222  0.00529254  -0.000600959 
245 4.39086e-05 0.600018 0.00419132 0.0232463 0.000271514  0.0019048  0.000256696  -0.000256418  0.00143694  0.00287587  1.70099e-06  0.00110938  -0.00111304  -0.000963572 
248 -2.31352e-05 -0.201606 0.00805777 0.0222819 0.00533652  -0.00158283  0.00229146  0.000586305  0.00313935  -0.00175161  -0.000762439  0.00128132  -0.000155058  -0.00363023 
249 8.51774e-05 1.22092 0.015672 0.0227951 -0.0082959  -0.00109556  -0.00215701  0.000377634  0.0100247  -0.000917399  0.000258273  0.00573956  -0.00590553  0.00125467 
251 -0.000473192 -0.0676836 0.0327828 0.0208433 0.00355626  -0.00140869  -0.00528848  -0.00650648  -0.0191194  0.0147572  -0.00397623  -0.00556126  -0.0185272  -0.00405744 
